"NUM_POSTE","NOM_USUEL","LAT","LON","ALTI","AAAAMMJJHH","RR1","QRR1","DRR1","QDRR1","FF","QFF","DD","QDD","FXY","QFXY","DXY","QDXY","HXY","QHXY","FXI","QFXI","DXI","QDXI","HXI","QHXI","FF2","QFF2","DD2","QDD2","FXI2","QFXI2","DXI2","QDXI2","HXI2","QHXI2","FXI3S","QFXI3S","DXI3S","QDXI3S","HFXI3S","QHFXI3S","T","QT","TD","QTD","TN","QTN","HTN","QHTN","TX","QTX","HTX","QHTX","DG","QDG","T10","QT10","T20","QT20","T50","QT50","T100","QT100","TNSOL","QTNSOL","TN50","QTN50","TCHAUSSEE","QTCHAUSSEE","DHUMEC","QDHUMEC","U","QU","UN","QUN","HUN","QHUN","UX","QUX","HUX","QHUX","DHUMI40","QDHUMI40","DHUMI80","QDHUMI80","TSV","QTSV","PMER","QPMER","PSTAT","QPSTAT","PMERMIN","QPMERMIN","GEOP","QGEOP","N","QN","NBAS","QNBAS","CL","QCL","CM","QCM","CH","QCH","N1","QN1","C1","QC1","B1","QB1","N2","QN2","C2","QC2","B2","QB2","N3","QN3","C3","QC3","B3","QB3","N4","QN4","C4","QC4","B4","QB4","VV","QVV","DVV200","QDVV200","WW","QWW","W1","QW1","W2","QW2","SOL","QSOL","SOLNG","QSOLNG","TMER","QTMER","VVMER","QVVMER","ETATMER","QETATMER","DIRHOULE","QDIRHOULE","HVAGUE","QHVAGUE","PVAGUE","QPVAGUE","HNEIGEF","QHNEIGEF","NEIGETOT","QNEIGETOT","TSNEIGE","QTSNEIGE","TUBENEIGE","QTUBENEIGE","HNEIGEFI3","QHNEIGEFI3","HNEIGEFI1","QHNEIGEFI1","ESNEIGE","QESNEIGE","CHARGENEIGE","QCHARGENEIGE","GLO","QGLO","GLO2","QGLO2","DIR","QDIR","DIR2","QDIR2","DIF","QDIF","DIF2","QDIF2","UV","QUV","UV2","QUV2","UV_INDICE","QUV_INDICE","INFRAR","QINFRAR","INFRAR2","QINFRAR2","INS","QINS","INS2","QINS2","TLAGON","QTLAGON","TVEGETAUX","QTVEGETAUX","ECOULEMENT","QECOULEMENT"
"51183001","REIMS-COURCY",49.306167,4.050667,91,1947010112,"","","","","","","","","","","","","","","","","","","","","","","","","","","","","","","","","","","","",5.6,1,3.5,1,"","","","","","","","","","","","","","","","","","","","","","","","","","",86,1,"","","","","","","","","","","","","","",1019.1,1,1007.8,1,"","","","","","","","","","","","","","","","","","","","","","","","","","","","","","","","","","","","","","","","","","","","","","","","","","","","","","","","","","","","","","","","","","","","","","","","","","","","","","","","","","","","","","","","","","","","","","","","","","","","","","","","","","","","","","","",""
"51183001","REIMS-COURCY",49.306167,4.050667,91,1947010212,"","","","","","","","","","","","","","","","","","","","","","","","","","","","","","","","","","","","",2.,1,1.1,1,"","","","","","","","","","","","","","","","","","","","","","","","","","",94,1,"","","","","","","","","","","","","","",1020.3,1,1008.9,1,"","","","","","","","","","","","","","","","","","","","","","","","","","","","","","","","","","","","","","","","","","","","","","","","","","","","","","","","","","","","","","","","","","","","","","","","","","","","","","","","","","","","","","","","","","","","","","","","","","","","","","","","","","","","","","","",""
"51183001","REIMS-COURCY",49.306167,4.050667,91,1947010312,"","","","","","","","","","","","","","","","","","","","","","","","","","","","","","","","","","","","",4.2,1,-0.6,1,"","","","","","","","","","","","","","","","","","","","","","","","","","",71,1,"","","","","","","","","","","","","","",1025.9,1,1014.5,1,"","","","","","","","","","","","","","","","","","","","","","","","","","","","","","","","","","","","","","","","","","","","","","","","","","","","","","","","","","","","","","","","","","","","","","","","","","","","","","","","","","","","","","","","","","","","","","","","","","","","","","","","","","","","","","","",""
"51183001","REIMS-COURCY",49.306167,4.050667,91,1947010412,"","","","","","","","","","","","","","","","","","","","","","","","","","","","","","","","","","","","",1.4,1,-2.2,1,"","","","","","","","","","","","","","","","","","","","","","","","","","",77,1,"","","","","","","","","","","","","","",1023.3,1,1011.8,1,"","","","","","","","","","","","","","","","","","","","","","","","","","","","","","","","","","","","","","","","","","","","","","","","","","","","","","","","","","","","","","","","","","","","","","","","","","","","","","","","","","","","","","","","","","","","","","","","","","","","","","","","","","","","","","","",""
"51183001","REIMS-COURCY",49.306167,4.050667,91,1947010512,"","","","","","","","","","","","","","","","","","","","","","","","","","","","","","","","","","","","",-0.8,1,-6.8,1,"","","","","","","","","","","","","","","","","","","","","","","","","","",64,1,"","","","","","","","","","","","","","",1015.7,1,1004.2,1,"","","","","","","","","","","","","","","","","","","","","","","","","","","","","","","","","","","","","","","","","","","","","","","","","","","","","","","","","","","","","","","","","","","","","","","","","","","","","","","","","","","","","","","","","","","","","","","","","","","","","","","","","","","","","","","",""
"51183001","REIMS-COURCY",49.306167,4.050667,91,1947010612,"","","","","","","","","","","","","","","","","","","","","","","","","","","","","","","","","","","","",-6.8,1,-14.3,1,"","","","","","","","","","","","","","","","","","","","","","","","","","",55,1,"","","","","","","","","","","","","","",1009.6,1,997.9,1,"","","","","","","","","","","","","","","","","","","","","","","","","","","","","","","","","","","","","","","","","","","","","","","","","","","","","","","","","","","","","","","","","","","","","","","","","","","","","","","","","","","","","","","","","","","","","","","","","","","","","","","","","","","","","","","",""
"51183001","REIMS-COURCY",49.306167,4.050667,91,1947010712,"","","","","","","","","","","","","","","","","","","","","","","","","","","","","","","","","","","","",-3.,1,-3.6,1,"","","","","","","","","","","","","","","","","","","","","","","","","","",96,1,"","","","","","","","","","","","","","",1013.,1,1001.4,1,"","","","","","","","","","","","","","","","","","","","","","","","","","","","","","","","","","","","","","","","","","","","","","","","","","","","","","","","","","","","","","","","","","","","","","","","","","","","","","","","","","","","","","","","","","","","","","","","","","","","","","","","","","","","","","","",""
"51183001","REIMS-COURCY",49.306167,4.050667,91,1947010812,"","","","","","","","","","","","","","","","","","","","","","","","","","","","","","","","","","","","",2.2,1,1.7,1,"","","","","","","","","","","","","","","","","","","","","","","","","","",96,1,"","","","","","","","","","","","","","",1013.9,1,1002.6,1,"","","","","","","","","","","","","","","","","","","","","","","","","","","","","","","","","","","","","","","","","","","","","","","","","","","","","","","","","","","","","","","","","","","","","","","","","","","","","","","","","","","","","","","","","","","","","","","","","","","","","","","","","","","","","","","",""
"51183001","REIMS-COURCY",49.306167,4.050667,91,1947010912,"","","","","","","","","","","","","","","","","","","","","","","","","","","","","","","","","","","","",6.,1,3.9,1,"","","","","","","","","","","","","","","","","","","","","","","","","","",86,1,"","","","","","","","","","","","","","",1012.2,1,1001.,1,"","","","","","","","","","","","","","","","","","","","","","","","","","","","","","","","","","","","","","","","","","","","","","","","","","","","","","","","","","","","","","","","","","","","","","","","","","","","","","","","","","","","","","","","","","","","","","","","","","","","","","","","","","","","","","","",""
"51183001","REIMS-COURCY",49.306167,4.050667,91,1947011012,"","","","","","","","","","","","","","","","","","","","","","","","","","","","","","","","","","","","",2.8,1,2.3,1,"","","","","","","","","","","","","","","","","","","","","","","","","","",97,1,"","","","","","","","","","","","","","",1020.3,1,1008.9,1,"","","","","","","","","","","","","","","","","","","","","","","","","","","","","","","","","","","","","","","","","","","","","","","","","","","","","","","","","","","","","","","","","","","","","","","","","","","","","","","","","","","","","","","","","","","","","","","","","","","","","","","","","","","","","","","",""
"51183001","REIMS-COURCY",49.306167,4.050667,91,1947011112,"","","","","","","","","","","","","","","","","","","","","","","","","","","","","","","","","","","","",7.,1,6.6,1,"","","","","","","","","","","","","","","","","","","","","","","","","","",97,1,"","","","","","","","","","","","","","",1006.1,1,995.1,1,"","","","","","","","","","","","","","","","","","","","","","","","","","","","","","","","","","","","","","","","","","","","","","","","","","","","","","","","","","","","","","","","","","","","","","","","","","","","","","","","","","","","","","","","","","","","","","","","","","","","","","","","","","","","","","","",""
"51183001","REIMS-COURCY",49.306167,4.050667,91,1947011212,"","","","","","","","","","","","","","","","","","","","","","","","","","","","","","","","","","","","",8.8,1,4.8,1,"","","","","","","","","","","","","","","","","","","","","","","","","","",76,1,"","","","","","","","","","","","","","",1008.9,1,997.9,1,"","","","","","","","","","","","","","","","","","","","","","","","","","","","","","","","","","","","","","","","","","","","","","","","","","","","","","","","","","","","","","","","","","","","","","","","","","","","","","","","","","","","","","","","","","","","","","","","","","","","","","","","","","","","","","","",""
"51183001","REIMS-COURCY",49.306167,4.050667,91,1947011312,"","","","","","","","","","","","","","","","","","","","","","","","","","","","","","","","","","","","",8.8,1,3.4,1,"","","","","","","","","","","","","","","","","","","","","","","","","","",69,1,"","","","","","","","","","","","","","",1001.8,1,990.9,1,"","","","","","","","","","","","","","","","","","","","","","","","","","","","","","","","","","","","","","","","","","","","","","","","","","","","","","","","","","","","","","","","","","","","","","","","","","","","","","","","","","","","","","","","","","","","","","","","","","","","","","","","","","","","","","","",""
"51183001","REIMS-COURCY",49.306167,4.050667,91,1947011412,"","","","","","","","","","","","","","","","","","","","","","","","","","","","","","","","","","","","",6.4,1,5.6,1,"","","","","","","","","","","","","","","","","","","","","","","","","","",95,1,"","","","","","","","","","","","","","",1014.3,1,1003.1,1,"","","","","","","","","","","","","","","","","","","","","","","","","","","","","","","","","","","","","","","","","","","","","","","","","","","","","","","","","","","","","","","","","","","","","","","","","","","","","","","","","","","","","","","","","","","","","","","","","","","","","","","","","","","","","","","",""
"51183001","REIMS-COURCY",49.306167,4.050667,91,1947011512,"","","","","","","","","","","","","","","","","","","","","","","","","","","","","","","","","","","","",10.4,1,7.4,1,"","","","","","","","","","","","","","","","","","","","","","","","","","",82,1,"","","","","","","","","","","","","","",1024.5,1,1013.4,1,"","","","","","","","","","","","","","","","","","","","","","","","","","","","","","","","","","","","","","","","","","","","","","","","","","","","","","","","","","","","","","","","","","","","","","","","","","","","","","","","","","","","","","","","","","","","","","","","","","","","","","","","","","","","","","","",""
"51183001","REIMS-COURCY",49.306167,4.050667,91,1947011612,"","","","","","","","","","","","","","","","","","","","","","","","","","","","","","","","","","","","",12.8,1,7.2,1,"","","","","","","","","","","","","","","","","","","","","","","","","","",69,1,"","","","","","","","","","","","","","",1021.7,1,1010.7,1,"","","","","","","","","","","","","","","","","","","","","","","","","","","","","","","","","","","","","","","","","","","","","","","","","","","","","","","","","","","","","","","","","","","","","","","","","","","","","","","","","","","","","","","","","","","","","","","","","","","","","","","","","","","","","","","",""
"51183001","REIMS-COURCY",49.306167,4.050667,91,1947011712,"","","","","","","","","","","","","","","","","","","","","","","","","","","","","","","","","","","","",6.2,1,5.4,1,"","","","","","","","","","","","","","","","","","","","","","","","","","",95,1,"","","","","","","","","","","","","","",1025.8,1,1014.5,1,"","","","","","","","","","","","","","","","","","","","","","","","","","","","","","","","","","","","","","","","","","","","","","","","","","","","","","","","","","","","","","","","","","","","","","","","","","","","","","","","","","","","","","","","","","","","","","","","","","","","","","","","","","","","","","","",""
"51183001","REIMS-COURCY",49.306167,4.050667,91,1947011812,"","","","","","","","","","","","","","","","","","","","","","","","","","","","","","","","","","","","",3.6,1,3.2,1,"","","","","","","","","","","","","","","","","","","","","","","","","","",97,1,"","","","","","","","","","","","","","",1034.4,1,1022.9,1,"","","","","","","","","","","","","","","","","","","","","","","","","","","","","","","","","","","","","","","","","","","","","","","","","","","","","","","","","","","","","","","","","","","","","","","","","","","","","","","","","","","","","","","","","","","","","","","","","","","","","","","","","","","","","","","",""
"51183001","REIMS-COURCY",49.306167,4.050667,91,1947011912,"","","","","","","","","","","","","","","","","","","","","","","","","","","","","","","","","","","","",3.8,1,3.4,1,"","","","","","","","","","","","","","","","","","","","","","","","","","",97,1,"","","","","","","","","","","","","","",1029.1,1,1017.7,1,"","","","","","","","","","","","","","","","","","","","","","","","","","","","","","","","","","","","","","","","","","","","","","","","","","","","","","","","","","","","","","","","","","","","","","","","","","","","","","","","","","","","","","","","","","","","","","","","","","","","","","","","","","","","","","","",""
"51183001","REIMS-COURCY",49.306167,4.050667,91,1947012012,"","","","","","","","","","","","","","","","","","","","","","","","","","","","","","","","","","","","",1.8,1,-1.2,1,"","","","","","","","","","","","","","","","","","","","","","","","","","",80,1,"","","","","","","","","","","","","","",1022.9,1,1011.4,1,"","","","","","","","","","","","","","","","","","","","","","","","","","","","","","","","","","","","","","","","","","","","","","","","","","","","","","","","","","","","","","","","","","","","","","","","","","","","","","","","","","","","","","","","","","","","","","","","","","","","","","","","","","","","","","","",""
"51183001","REIMS-COURCY",49.306167,4.050667,91,1947012112,"","","","","","","","","","","","","","","","","","","","","","","","","","","","","","","","","","","","",1.2,1,-3.1,1,"","","","","","","","","","","","","","","","","","","","","","","","","","",73,1,"","","","","","","","","","","","","","",1025.4,1,1013.9,1,"","","","","","","","","","","","","","","","","","","","","","","","","","","","","","","","","","","","","","","","","","","","","","","","","","","","","","","","","","","","","","","","","","","","","","","","","","","","","","","","","","","","","","","","","","","","","","","","","","","","","","","","","","","","","","","",""
"51183001","REIMS-COURCY",49.306167,4.050667,91,1947012212,"","","","","","","","","","","","","","","","","","","","","","","","","","","","","","","","","","","","",0.,1,-6.5,1,"","","","","","","","","","","","","","","","","","","","","","","","","","",62,1,"","","","","","","","","","","","","","",1024.2,1,1012.6,1,"","","","","","","","","","","","","","","","","","","","","","","","","","","","","","","","","","","","","","","","","","","","","","","","","","","","","","","","","","","","","","","","","","","","","","","","","","","","","","","","","","","","","","","","","","","","","","","","","","","","","","","","","","","","","","","",""
"51183001","REIMS-COURCY",49.306167,4.050667,91,1947012312,"","","","","","","","","","","","","","","","","","","","","","","","","","","","","","","","","","","","",-2.2,1,-8.,1,"","","","","","","","","","","","","","","","","","","","","","","","","","",64,1,"","","","","","","","","","","","","","",1025.,1,1013.3,1,"","","","","","","","","","","","","","","","","","","","","","","","","","","","","","","","","","","","","","","","","","","","","","","","","","","","","","","","","","","","","","","","","","","","","","","","","","","","","","","","","","","","","","","","","","","","","","","","","","","","","","","","","","","","","","","",""
"51183001","REIMS-COURCY",49.306167,4.050667,91,1947012412,"","","","","","","","","","","","","","","","","","","","","","","","","","","","","","","","","","","","",-2.8,1,-8.,1,"","","","","","","","","","","","","","","","","","","","","","","","","","",67,1,"","","","","","","","","","","","","","",1028.,1,1016.3,1,"","","","","","","","","","","","","","","","","","","","","","","","","","","","","","","","","","","","","","","","","","","","","","","","","","","","","","","","","","","","","","","","","","","","","","","","","","","","","","","","","","","","","","","","","","","","","","","","","","","","","","","","","","","","","","","",""
"51183001","REIMS-COURCY",49.306167,4.050667,91,1947012512,"","","","","","","","","","","","","","","","","","","","","","","","","","","","","","","","","","","","",-3.2,1,-9.3,1,"","","","","","","","","","","","","","","","","","","","","","","","","","",63,1,"","","","","","","","","","","","","","",1019.8,1,1008.2,1,"","","","","","","","","","","","","","","","","","","","","","","","","","","","","","","","","","","","","","","","","","","","","","","","","","","","","","","","","","","","","","","","","","","","","","","","","","","","","","","","","","","","","","","","","","","","","","","","","","","","","","","","","","","","","","","",""
"51183001","REIMS-COURCY",49.306167,4.050667,91,1947012612,"","","","","","","","","","","","","","","","","","","","","","","","","","","","","","","","","","","","",-3.8,1,-11.8,1,"","","","","","","","","","","","","","","","","","","","","","","","","","",54,1,"","","","","","","","","","","","","","",1006.5,1,995.,1,"","","","","","","","","","","","","","","","","","","","","","","","","","","","","","","","","","","","","","","","","","","","","","","","","","","","","","","","","","","","","","","","","","","","","","","","","","","","","","","","","","","","","","","","","","","","","","","","","","","","","","","","","","","","","","","",""
"51183001","REIMS-COURCY",49.306167,4.050667,91,1947012712,"","","","","","","","","","","","","","","","","","","","","","","","","","","","","","","","","","","","",-5.8,1,-10.1,1,"","","","","","","","","","","","","","","","","","","","","","","","","","",72,1,"","","","","","","","","","","","","","",1015.5,1,1003.8,1,"","","","","","","","","","","","","","","","","","","","","","","","","","","","","","","","","","","","","","","","","","","","","","","","","","","","","","","","","","","","","","","","","","","","","","","","","","","","","","","","","","","","","","","","","","","","","","","","","","","","","","","","","","","","","","","",""
"51183001","REIMS-COURCY",49.306167,4.050667,91,1947012812,"","","","","","","","","","","","","","","","","","","","","","","","","","","","","","","","","","","","",-9.6,1,-13.,1,"","","","","","","","","","","","","","","","","","","","","","","","","","",76,1,"","","","","","","","","","","","","","",1013.3,1,1001.4,1,"","","","","","","","","","","","","","","","","","","","","","","","","","","","","","","","","","","","","","","","","","","","","","","","","","","","","","","","","","","","","","","","","","","","","","","","","","","","","","","","","","","","","","","","","","","","","","","","","","","","","","","","","","","","","","","",""
"51183001","REIMS-COURCY",49.306167,4.050667,91,1947012912,"","","","","","","","","","","","","","","","","","","","","","","","","","","","","","","","","","","","",-9.,1,-12.3,1,"","","","","","","","","","","","","","","","","","","","","","","","","","",77,1,"","","","","","","","","","","","","","",1016.8,1,1004.9,1,"","","","","","","","","","","","","","","","","","","","","","","","","","","","","","","","","","","","","","","","","","","","","","","","","","","","","","","","","","","","","","","","","","","","","","","","","","","","","","","","","","","","","","","","","","","","","","","","","","","","","","","","","","","","","","","",""
"51183001","REIMS-COURCY",49.306167,4.050667,91,1947013012,"","","","","","","","","","","","","","","","","","","","","","","","","","","","","","","","","","","","",-5.6,1,-9.9,1,"","","","","","","","","","","","","","","","","","","","","","","","","","",72,1,"","","","","","","","","","","","","","",1012.6,1,1000.9,1,"","","","","","","","","","","","","","","","","","","","","","","","","","","","","","","","","","","","","","","","","","","","","","","","","","","","","","","","","","","","","","","","","","","","","","","","","","","","","","","","","","","","","","","","","","","","","","","","","","","","","","","","","","","","","","","",""
"51183001","REIMS-COURCY",49.306167,4.050667,91,1947013112,"","","","","","","","","","","","","","","","","","","","","","","","","","","","","","","","","","","","",-0.4,1,-5.6,1,"","","","","","","","","","","","","","","","","","","","","","","","","","",68,1,"","","","","","","","","","","","","","",1007.9,1,996.5,1,"","","","","","","","","","","","","","","","","","","","","","","","","","","","","","","","","","","","","","","","","","","","","","","","","","","","","","","","","","","","","","","","","","","","","","","","","","","","","","","","","","","","","","","","","","","","","","","","","","","","","","","","","","","","","","","",""
"51183001","REIMS-COURCY",49.306167,4.050667,91,1947020112,"","","","","","","","","","","","","","","","","","","","","","","","","","","","","","","","","","","","",-0.2,1,-2.9,1,"","","","","","","","","","","","","","","","","","","","","","","","","","",82,1,"","","","","","","","","","","","","","",1009.2,1,997.8,1,"","","","","","","","","","","","","","","","","","","","","","","","","","","","","","","","","","","","","","","","","","","","","","","","","","","","","","","","","","","","","","","","","","","","","","","","","","","","","","","","","","","","","","","","","","","","","","","","","","","","","","","","","","","","","","","",""
"51183001","REIMS-COURCY",49.306167,4.050667,91,1947020212,"","","","","","","","","","","","","","","","","","","","","","","","","","","","","","","","","","","","",0.8,1,-2.3,1,"","","","","","","","","","","","","","","","","","","","","","","","","","",80,1,"","","","","","","","","","","","","","",1000.8,1,989.5,1,"","","","","","","","","","","","","","","","","","","","","","","","","","","","","","","","","","","","","","","","","","","","","","","","","","","","","","","","","","","","","","","","","","","","","","","","","","","","","","","","","","","","","","","","","","","","","","","","","","","","","","","","","","","","","","","",""
"51183001","REIMS-COURCY",49.306167,4.050667,91,1947020312,"","","","","","","","","","","","","","","","","","","","","","","","","","","","","","","","","","","","",3.8,1,2.9,1,"","","","","","","","","","","","","","","","","","","","","","","","","","",94,1,"","","","","","","","","","","","","","",986.7,1,975.7,1,"","","","","","","","","","","","","","","","","","","","","","","","","","","","","","","","","","","","","","","","","","","","","","","","","","","","","","","","","","","","","","","","","","","","","","","","","","","","","","","","","","","","","","","","","","","","","","","","","","","","","","","","","","","","","","","",""
"51183001","REIMS-COURCY",49.306167,4.050667,91,1947020412,"","","","","","","","","","","","","","","","","","","","","","","","","","","","","","","","","","","","",3.4,1,2.5,1,"","","","","","","","","","","","","","","","","","","","","","","","","","",94,1,"","","","","","","","","","","","","","",989.3,1,978.3,1,"","","","","","","","","","","","","","","","","","","","","","","","","","","","","","","","","","","","","","","","","","","","","","","","","","","","","","","","","","","","","","","","","","","","","","","","","","","","","","","","","","","","","","","","","","","","","","","","","","","","","","","","","","","","","","","",""
"51183001","REIMS-COURCY",49.306167,4.050667,91,1947020512,"","","","","","","","","","","","","","","","","","","","","","","","","","","","","","","","","","","","",-1.2,1,-3.4,1,"","","","","","","","","","","","","","","","","","","","","","","","","","",85,1,"","","","","","","","","","","","","","",1001.6,1,990.3,1,"","","","","","","","","","","","","","","","","","","","","","","","","","","","","","","","","","","","","","","","","","","","","","","","","","","","","","","","","","","","","","","","","","","","","","","","","","","","","","","","","","","","","","","","","","","","","","","","","","","","","","","","","","","","","","","",""
"51183001","REIMS-COURCY",49.306167,4.050667,91,1947020612,"","","","","","","","","","","","","","","","","","","","","","","","","","","","","","","","","","","","",-1.6,1,-5.1,1,"","","","","","","","","","","","","","","","","","","","","","","","","","",77,1,"","","","","","","","","","","","","","",1011.7,1,1000.2,1,"","","","","","","","","","","","","","","","","","","","","","","","","","","","","","","","","","","","","","","","","","","","","","","","","","","","","","","","","","","","","","","","","","","","","","","","","","","","","","","","","","","","","","","","","","","","","","","","","","","","","","","","","","","","","","","",""
"51183001","REIMS-COURCY",49.306167,4.050667,91,1947020712,"","","","","","","","","","","","","","","","","","","","","","","","","","","","","","","","","","","","",-3.,1,-6.,1,"","","","","","","","","","","","","","","","","","","","","","","","","","",80,1,"","","","","","","","","","","","","","",1009.3,1,997.8,1,"","","","","","","","","","","","","","","","","","","","","","","","","","","","","","","","","","","","","","","","","","","","","","","","","","","","","","","","","","","","","","","","","","","","","","","","","","","","","","","","","","","","","","","","","","","","","","","","","","","","","","","","","","","","","","","",""
"51183001","REIMS-COURCY",49.306167,4.050667,91,1947020812,"","","","","","","","","","","","","","","","","","","","","","","","","","","","","","","","","","","","",0.4,1,-2.2,1,"","","","","","","","","","","","","","","","","","","","","","","","","","",83,1,"","","","","","","","","","","","","","",993.9,1,982.7,1,"","","","","","","","","","","","","","","","","","","","","","","","","","","","","","","","","","","","","","","","","","","","","","","","","","","","","","","","","","","","","","","","","","","","","","","","","","","","","","","","","","","","","","","","","","","","","","","","","","","","","","","","","","","","","","","",""
"51183001","REIMS-COURCY",49.306167,4.050667,91,1947020912,"","","","","","","","","","","","","","","","","","","","","","","","","","","","","","","","","","","","",9.,1,5.,1,"","","","","","","","","","","","","","","","","","","","","","","","","","",76,1,"","","","","","","","","","","","","","",1002.7,1,991.8,1,"","","","","","","","","","","","","","","","","","","","","","","","","","","","","","","","","","","","","","","","","","","","","","","","","","","","","","","","","","","","","","","","","","","","","","","","","","","","","","","","","","","","","","","","","","","","","","","","","","","","","","","","","","","","","","","",""
"51183001","REIMS-COURCY",49.306167,4.050667,91,1947021012,"","","","","","","","","","","","","","","","","","","","","","","","","","","","","","","","","","","","",5.6,1,2.6,1,"","","","","","","","","","","","","","","","","","","","","","","","","","",81,1,"","","","","","","","","","","","","","",1003.2,1,992.1,1,"","","","","","","","","","","","","","","","","","","","","","","","","","","","","","","","","","","","","","","","","","","","","","","","","","","","","","","","","","","","","","","","","","","","","","","","","","","","","","","","","","","","","","","","","","","","","","","","","","","","","","","","","","","","","","","",""
"51183001","REIMS-COURCY",49.306167,4.050667,91,1947021112,"","","","","","","","","","","","","","","","","","","","","","","","","","","","","","","","","","","","",2.2,1,1.7,1,"","","","","","","","","","","","","","","","","","","","","","","","","","",96,1,"","","","","","","","","","","","","","",1006.8,1,995.5,1,"","","","","","","","","","","","","","","","","","","","","","","","","","","","","","","","","","","","","","","","","","","","","","","","","","","","","","","","","","","","","","","","","","","","","","","","","","","","","","","","","","","","","","","","","","","","","","","","","","","","","","","","","","","","","","","",""
"51183001","REIMS-COURCY",49.306167,4.050667,91,1947021212,"","","","","","","","","","","","","","","","","","","","","","","","","","","","","","","","","","","","",1.2,1,0.7,1,"","","","","","","","","","","","","","","","","","","","","","","","","","",96,1,"","","","","","","","","","","","","","",1007.9,1,996.6,1,"","","","","","","","","","","","","","","","","","","","","","","","","","","","","","","","","","","","","","","","","","","","","","","","","","","","","","","","","","","","","","","","","","","","","","","","","","","","","","","","","","","","","","","","","","","","","","","","","","","","","","","","","","","","","","","",""
"51183001","REIMS-COURCY",49.306167,4.050667,91,1947021312,"","","","","","","","","","","","","","","","","","","","","","","","","","","","","","","","","","","","",-0.6,1,-1.1,1,"","","","","","","","","","","","","","","","","","","","","","","","","","",96,1,"","","","","","","","","","","","","","",1011.2,1,999.8,1,"","","","","","","","","","","","","","","","","","","","","","","","","","","","","","","","","","","","","","","","","","","","","","","","","","","","","","","","","","","","","","","","","","","","","","","","","","","","","","","","","","","","","","","","","","","","","","","","","","","","","","","","","","","","","","","",""
"51183001","REIMS-COURCY",49.306167,4.050667,91,1947021412,"","","","","","","","","","","","","","","","","","","","","","","","","","","","","","","","","","","","",-1.,1,-2.6,1,"","","","","","","","","","","","","","","","","","","","","","","","","","",89,1,"","","","","","","","","","","","","","",1014.9,1,1003.4,1,"","","","","","","","","","","","","","","","","","","","","","","","","","","","","","","","","","","","","","","","","","","","","","","","","","","","","","","","","","","","","","","","","","","","","","","","","","","","","","","","","","","","","","","","","","","","","","","","","","","","","","","","","","","","","","","",""
"51183001","REIMS-COURCY",49.306167,4.050667,91,1947021512,"","","","","","","","","","","","","","","","","","","","","","","","","","","","","","","","","","","","",-2.4,1,-4.7,1,"","","","","","","","","","","","","","","","","","","","","","","","","","",84,1,"","","","","","","","","","","","","","",1019.7,1,1008.1,1,"","","","","","","","","","","","","","","","","","","","","","","","","","","","","","","","","","","","","","","","","","","","","","","","","","","","","","","","","","","","","","","","","","","","","","","","","","","","","","","","","","","","","","","","","","","","","","","","","","","","","","","","","","","","","","","",""
"51183001","REIMS-COURCY",49.306167,4.050667,91,1947021612,"","","","","","","","","","","","","","","","","","","","","","","","","","","","","","","","","","","","",-4.2,1,-6.7,1,"","","","","","","","","","","","","","","","","","","","","","","","","","",83,1,"","","","","","","","","","","","","","",1019.,1,1007.3,1,"","","","","","","","","","","","","","","","","","","","","","","","","","","","","","","","","","","","","","","","","","","","","","","","","","","","","","","","","","","","","","","","","","","","","","","","","","","","","","","","","","","","","","","","","","","","","","","","","","","","","","","","","","","","","","","",""
"51183001","REIMS-COURCY",49.306167,4.050667,91,1947021712,"","","","","","","","","","","","","","","","","","","","","","","","","","","","","","","","","","","","",-4.,1,-7.2,1,"","","","","","","","","","","","","","","","","","","","","","","","","","",78,1,"","","","","","","","","","","","","","",1014.6,1,1003.,1,"","","","","","","","","","","","","","","","","","","","","","","","","","","","","","","","","","","","","","","","","","","","","","","","","","","","","","","","","","","","","","","","","","","","","","","","","","","","","","","","","","","","","","","","","","","","","","","","","","","","","","","","","","","","","","","",""
"51183001","REIMS-COURCY",49.306167,4.050667,91,1947021812,"","","","","","","","","","","","","","","","","","","","","","","","","","","","","","","","","","","","",-2.6,1,-6.9,1,"","","","","","","","","","","","","","","","","","","","","","","","","","",72,1,"","","","","","","","","","","","","","",1007.6,1,996.1,1,"","","","","","","","","","","","","","","","","","","","","","","","","","","","","","","","","","","","","","","","","","","","","","","","","","","","","","","","","","","","","","","","","","","","","","","","","","","","","","","","","","","","","","","","","","","","","","","","","","","","","","","","","","","","","","","",""
"51183001","REIMS-COURCY",49.306167,4.050667,91,1947021912,"","","","","","","","","","","","","","","","","","","","","","","","","","","","","","","","","","","","",-1.,1,-5.7,1,"","","","","","","","","","","","","","","","","","","","","","","","","","",70,1,"","","","","","","","","","","","","","",1008.3,1,996.9,1,"","","","","","","","","","","","","","","","","","","","","","","","","","","","","","","","","","","","","","","","","","","","","","","","","","","","","","","","","","","","","","","","","","","","","","","","","","","","","","","","","","","","","","","","","","","","","","","","","","","","","","","","","","","","","","","",""
"51183001","REIMS-COURCY",49.306167,4.050667,91,1947022012,"","","","","","","","","","","","","","","","","","","","","","","","","","","","","","","","","","","","",-3.4,1,-6.5,1,"","","","","","","","","","","","","","","","","","","","","","","","","","",79,1,"","","","","","","","","","","","","","",1008.8,1,997.3,1,"","","","","","","","","","","","","","","","","","","","","","","","","","","","","","","","","","","","","","","","","","","","","","","","","","","","","","","","","","","","","","","","","","","","","","","","","","","","","","","","","","","","","","","","","","","","","","","","","","","","","","","","","","","","","","","",""
"51183001","REIMS-COURCY",49.306167,4.050667,91,1947022112,"","","","","","","","","","","","","","","","","","","","","","","","","","","","","","","","","","","","",1.,1,0.5,1,"","","","","","","","","","","","","","","","","","","","","","","","","","",96,1,"","","","","","","","","","","","","","",992.6,1,981.5,1,"","","","","","","","","","","","","","","","","","","","","","","","","","","","","","","","","","","","","","","","","","","","","","","","","","","","","","","","","","","","","","","","","","","","","","","","","","","","","","","","","","","","","","","","","","","","","","","","","","","","","","","","","","","","","","","",""
"51183001","REIMS-COURCY",49.306167,4.050667,91,1947022212,"","","","","","","","","","","","","","","","","","","","","","","","","","","","","","","","","","","","","","",-2.9,1,"","","","","","","","","","","","","","","","","","","","","","","","","","",92,1,"","","","","","","","","","","","","","",994.4,1,983.1,1,"","","","","","","","","","","","","","","","","","","","","","","","","","","","","","","","","","","","","","","","","","","","","","","","","","","","","","","","","","","","","","","","","","","","","","","","","","","","","","","","","","","","","","","","","","","","","","","","","","","","","","","","","","","","","","","",""
"51183001","REIMS-COURCY",49.306167,4.050667,91,1947022312,"","","","","","","","","","","","","","","","","","","","","","","","","","","","","","","","","","","","",-1.6,1,-6.4,1,"","","","","","","","","","","","","","","","","","","","","","","","","","",70,1,"","","","","","","","","","","","","","",1012.1,1,1000.6,1,"","","","","","","","","","","","","","","","","","","","","","","","","","","","","","","","","","","","","","","","","","","","","","","","","","","","","","","","","","","","","","","","","","","","","","","","","","","","","","","","","","","","","","","","","","","","","","","","","","","","","","","","","","","","","","","",""
"51183001","REIMS-COURCY",49.306167,4.050667,91,1947022412,"","","","","","","","","","","","","","","","","","","","","","","","","","","","","","","","","","","","",-1.2,1,-6.6,1,"","","","","","","","","","","","","","","","","","","","","","","","","","",67,1,"","","","","","","","","","","","","","",1015.4,1,1003.9,1,"","","","","","","","","","","","","","","","","","","","","","","","","","","","","","","","","","","","","","","","","","","","","","","","","","","","","","","","","","","","","","","","","","","","","","","","","","","","","","","","","","","","","","","","","","","","","","","","","","","","","","","","","","","","","","","",""
"51183001","REIMS-COURCY",49.306167,4.050667,91,1947022512,"","","","","","","","","","","","","","","","","","","","","","","","","","","","","","","","","","","","",0.6,1,-5.,1,"","","","","","","","","","","","","","","","","","","","","","","","","","",66,1,"","","","","","","","","","","","","","",1010.7,1,999.3,1,"","","","","","","","","","","","","","","","","","","","","","","","","","","","","","","","","","","","","","","","","","","","","","","","","","","","","","","","","","","","","","","","","","","","","","","","","","","","","","","","","","","","","","","","","","","","","","","","","","","","","","","","","","","","","","","",""
"51183001","REIMS-COURCY",49.306167,4.050667,91,1947022612,"","","","","","","","","","","","","","","","","","","","","","","","","","","","","","","","","","","","",2.2,1,-7.1,1,"","","","","","","","","","","","","","","","","","","","","","","","","","",50,1,"","","","","","","","","","","","","","",1014.7,1,1003.3,1,"","","","","","","","","","","","","","","","","","","","","","","","","","","","","","","","","","","","","","","","","","","","","","","","","","","","","","","","","","","","","","","","","","","","","","","","","","","","","","","","","","","","","","","","","","","","","","","","","","","","","","","","","","","","","","","",""
"51183001","REIMS-COURCY",49.306167,4.050667,91,1947022712,"","","","","","","","","","","","","","","","","","","","","","","","","","","","","","","","","","","","",1.6,1,-0.9,1,"","","","","","","","","","","","","","","","","","","","","","","","","","",83,1,"","","","","","","","","","","","","","",1000.9,1,989.7,1,"","","","","","","","","","","","","","","","","","","","","","","","","","","","","","","","","","","","","","","","","","","","","","","","","","","","","","","","","","","","","","","","","","","","","","","","","","","","","","","","","","","","","","","","","","","","","","","","","","","","","","","","","","","","","","","",""
"51183001","REIMS-COURCY",49.306167,4.050667,91,1947022812,"","","","","","","","","","","","","","","","","","","","","","","","","","","","","","","","","","","","",0.,1,-1.,1,"","","","","","","","","","","","","","","","","","","","","","","","","","",93,1,"","","","","","","","","","","","","","",996.9,1,985.7,1,"","","","","","","","","","","","","","","","","","","","","","","","","","","","","","","","","","","","","","","","","","","","","","","","","","","","","","","","","","","","","","","","","","","","","","","","","","","","","","","","","","","","","","","","","","","","","","","","","","","","","","","","","","","","","","","",""
"51183001","REIMS-COURCY",49.306167,4.050667,91,1947030112,"","","","","","","","","","","","","","","","","","","","","","","","","","","","","","","","","","","","",-0.8,1,-6.1,1,"","","","","","","","","","","","","","","","","","","","","","","","","","",67,1,"","","","","","","","","","","","","","",1008.7,1,997.3,1,"","","","","","","","","","","","","","","","","","","","","","","","","","","","","","","","","","","","","","","","","","","","","","","","","","","","","","","","","","","","","","","","","","","","","","","","","","","","","","","","","","","","","","","","","","","","","","","","","","","","","","","","","","","","","","","",""
"51183001","REIMS-COURCY",49.306167,4.050667,91,1947030212,"","","","","","","","","","","","","","","","","","","","","","","","","","","","","","","","","","","","",2.4,1,-2.2,1,"","","","","","","","","","","","","","","","","","","","","","","","","","",72,1,"","","","","","","","","","","","","","",1016.4,1,1005.,1,"","","","","","","","","","","","","","","","","","","","","","","","","","","","","","","","","","","","","","","","","","","","","","","","","","","","","","","","","","","","","","","","","","","","","","","","","","","","","","","","","","","","","","","","","","","","","","","","","","","","","","","","","","","","","","","",""
"51183001","REIMS-COURCY",49.306167,4.050667,91,1947030312,"","","","","","","","","","","","","","","","","","","","","","","","","","","","","","","","","","","","",1.4,1,-3.4,1,"","","","","","","","","","","","","","","","","","","","","","","","","","",70,1,"","","","","","","","","","","","","","",1014.8,1,1003.4,1,"","","","","","","","","","","","","","","","","","","","","","","","","","","","","","","","","","","","","","","","","","","","","","","","","","","","","","","","","","","","","","","","","","","","","","","","","","","","","","","","","","","","","","","","","","","","","","","","","","","","","","","","","","","","","","","",""
"51183001","REIMS-COURCY",49.306167,4.050667,91,1947030412,"","","","","","","","","","","","","","","","","","","","","","","","","","","","","","","","","","","","",3.,1,1.1,1,"","","","","","","","","","","","","","","","","","","","","","","","","","",87,1,"","","","","","","","","","","","","","",1009.4,1,998.1,1,"","","","","","","","","","","","","","","","","","","","","","","","","","","","","","","","","","","","","","","","","","","","","","","","","","","","","","","","","","","","","","","","","","","","","","","","","","","","","","","","","","","","","","","","","","","","","","","","","","","","","","","","","","","","","","","",""
"51183001","REIMS-COURCY",49.306167,4.050667,91,1947030512,"","","","","","","","","","","","","","","","","","","","","","","","","","","","","","","","","","","","",4.4,1,4.4,1,"","","","","","","","","","","","","","","","","","","","","","","","","","",100,1,"","","","","","","","","","","","","","",993.6,1,982.6,1,"","","","","","","","","","","","","","","","","","","","","","","","","","","","","","","","","","","","","","","","","","","","","","","","","","","","","","","","","","","","","","","","","","","","","","","","","","","","","","","","","","","","","","","","","","","","","","","","","","","","","","","","","","","","","","","",""
"51183001","REIMS-COURCY",49.306167,4.050667,91,1947030612,"","","","","","","","","","","","","","","","","","","","","","","","","","","","","","","","","","","","",9.2,1,7.7,1,"","","","","","","","","","","","","","","","","","","","","","","","","","",90,1,"","","","","","","","","","","","","","",995.4,1,984.6,1,"","","","","","","","","","","","","","","","","","","","","","","","","","","","","","","","","","","","","","","","","","","","","","","","","","","","","","","","","","","","","","","","","","","","","","","","","","","","","","","","","","","","","","","","","","","","","","","","","","","","","","","","","","","","","","","",""
"51183001","REIMS-COURCY",49.306167,4.050667,91,1947030712,"","","","","","","","","","","","","","","","","","","","","","","","","","","","","","","","","","","","",-0.8,1,-4.1,1,"","","","","","","","","","","","","","","","","","","","","","","","","","",78,1,"","","","","","","","","","","","","","",1007.5,1,996.1,1,"","","","","","","","","","","","","","","","","","","","","","","","","","","","","","","","","","","","","","","","","","","","","","","","","","","","","","","","","","","","","","","","","","","","","","","","","","","","","","","","","","","","","","","","","","","","","","","","","","","","","","","","","","","","","","","",""
"51183001","REIMS-COURCY",49.306167,4.050667,91,1947030812,"","","","","","","","","","","","","","","","","","","","","","","","","","","","","","","","","","","","",1.,1,-6.6,1,"","","","","","","","","","","","","","","","","","","","","","","","","","",57,1,"","","","","","","","","","","","","","",1016.4,1,1005.,1,"","","","","","","","","","","","","","","","","","","","","","","","","","","","","","","","","","","","","","","","","","","","","","","","","","","","","","","","","","","","","","","","","","","","","","","","","","","","","","","","","","","","","","","","","","","","","","","","","","","","","","","","","","","","","","","",""
"51183001","REIMS-COURCY",49.306167,4.050667,91,1947030912,"","","","","","","","","","","","","","","","","","","","","","","","","","","","","","","","","","","","",9.,1,1.6,1,"","","","","","","","","","","","","","","","","","","","","","","","","","",60,1,"","","","","","","","","","","","","","",1022.5,1,1011.3,1,"","","","","","","","","","","","","","","","","","","","","","","","","","","","","","","","","","","","","","","","","","","","","","","","","","","","","","","","","","","","","","","","","","","","","","","","","","","","","","","","","","","","","","","","","","","","","","","","","","","","","","","","","","","","","","","",""
"51183001","REIMS-COURCY",49.306167,4.050667,91,1947031012,"","","","","","","","","","","","","","","","","","","","","","","","","","","","","","","","","","","","",6.8,1,6.4,1,"","","","","","","","","","","","","","","","","","","","","","","","","","",97,1,"","","","","","","","","","","","","","",1008.4,1,997.3,1,"","","","","","","","","","","","","","","","","","","","","","","","","","","","","","","","","","","","","","","","","","","","","","","","","","","","","","","","","","","","","","","","","","","","","","","","","","","","","","","","","","","","","","","","","","","","","","","","","","","","","","","","","","","","","","","",""
"51183001","REIMS-COURCY",49.306167,4.050667,91,1947031112,"","","","","","","","","","","","","","","","","","","","","","","","","","","","","","","","","","","","",8.4,1,6.1,1,"","","","","","","","","","","","","","","","","","","","","","","","","","",85,1,"","","","","","","","","","","","","","",998.7,1,987.8,1,"","","","","","","","","","","","","","","","","","","","","","","","","","","","","","","","","","","","","","","","","","","","","","","","","","","","","","","","","","","","","","","","","","","","","","","","","","","","","","","","","","","","","","","","","","","","","","","","","","","","","","","","","","","","","","","",""
"51183001","REIMS-COURCY",49.306167,4.050667,91,1947031212,"","","","","","","","","","","","","","","","","","","","","","","","","","","","","","","","","","","","",2.6,1,0.2,1,"","","","","","","","","","","","","","","","","","","","","","","","","","",84,1,"","","","","","","","","","","","","","",1018.8,1,1007.4,1,"","","","","","","","","","","","","","","","","","","","","","","","","","","","","","","","","","","","","","","","","","","","","","","","","","","","","","","","","","","","","","","","","","","","","","","","","","","","","","","","","","","","","","","","","","","","","","","","","","","","","","","","","","","","","","","",""
"51183001","REIMS-COURCY",49.306167,4.050667,91,1947031312,"","","","","","","","","","","","","","","","","","","","","","","","","","","","","","","","","","","","",10.,1,6.1,1,"","","","","","","","","","","","","","","","","","","","","","","","","","",77,1,"","","","","","","","","","","","","","",1000.3,1,989.4,1,"","","","","","","","","","","","","","","","","","","","","","","","","","","","","","","","","","","","","","","","","","","","","","","","","","","","","","","","","","","","","","","","","","","","","","","","","","","","","","","","","","","","","","","","","","","","","","","","","","","","","","","","","","","","","","","",""
"51183001","REIMS-COURCY",49.306167,4.050667,91,1947031412,"","","","","","","","","","","","","","","","","","","","","","","","","","","","","","","","","","","","",11.,1,7.3,1,"","","","","","","","","","","","","","","","","","","","","","","","","","",78,1,"","","","","","","","","","","","","","",997.8,1,987.,1,"","","","","","","","","","","","","","","","","","","","","","","","","","","","","","","","","","","","","","","","","","","","","","","","","","","","","","","","","","","","","","","","","","","","","","","","","","","","","","","","","","","","","","","","","","","","","","","","","","","","","","","","","","","","","","","",""
"51183001","REIMS-COURCY",49.306167,4.050667,91,1947031512,"","","","","","","","","","","","","","","","","","","","","","","","","","","","","","","","","","","","",2.,1,-4.6,1,"","","","","","","","","","","","","","","","","","","","","","","","","","",62,1,"","","","","","","","","","","","","","",1023.3,1,1011.8,1,"","","","","","","","","","","","","","","","","","","","","","","","","","","","","","","","","","","","","","","","","","","","","","","","","","","","","","","","","","","","","","","","","","","","","","","","","","","","","","","","","","","","","","","","","","","","","","","","","","","","","","","","","","","","","","","",""
"51183001","REIMS-COURCY",49.306167,4.050667,91,1947031612,"","","","","","","","","","","","","","","","","","","","","","","","","","","","","","","","","","","","",12.2,1,5.2,1,"","","","","","","","","","","","","","","","","","","","","","","","","","",62,1,"","","","","","","","","","","","","","",1009.4,1,998.5,1,"","","","","","","","","","","","","","","","","","","","","","","","","","","","","","","","","","","","","","","","","","","","","","","","","","","","","","","","","","","","","","","","","","","","","","","","","","","","","","","","","","","","","","","","","","","","","","","","","","","","","","","","","","","","","","","",""
"51183001","REIMS-COURCY",49.306167,4.050667,91,1947031712,"","","","","","","","","","","","","","","","","","","","","","","","","","","","","","","","","","","","",11.4,1,6.4,1,"","","","","","","","","","","","","","","","","","","","","","","","","","",71,1,"","","","","","","","","","","","","","",1012.8,1,1001.9,1,"","","","","","","","","","","","","","","","","","","","","","","","","","","","","","","","","","","","","","","","","","","","","","","","","","","","","","","","","","","","","","","","","","","","","","","","","","","","","","","","","","","","","","","","","","","","","","","","","","","","","","","","","","","","","","","",""
"51183001","REIMS-COURCY",49.306167,4.050667,91,1947031812,"","","","","","","","","","","","","","","","","","","","","","","","","","","","","","","","","","","","",11.,1,9.2,1,"","","","","","","","","","","","","","","","","","","","","","","","","","",89,1,"","","","","","","","","","","","","","",1008.7,1,997.8,1,"","","","","","","","","","","","","","","","","","","","","","","","","","","","","","","","","","","","","","","","","","","","","","","","","","","","","","","","","","","","","","","","","","","","","","","","","","","","","","","","","","","","","","","","","","","","","","","","","","","","","","","","","","","","","","","",""
"51183001","REIMS-COURCY",49.306167,4.050667,91,1947031912,"","","","","","","","","","","","","","","","","","","","","","","","","","","","","","","","","","","","",12.8,1,6.4,1,"","","","","","","","","","","","","","","","","","","","","","","","","","",65,1,"","","","","","","","","","","","","","",1001.9,1,991.1,1,"","","","","","","","","","","","","","","","","","","","","","","","","","","","","","","","","","","","","","","","","","","","","","","","","","","","","","","","","","","","","","","","","","","","","","","","","","","","","","","","","","","","","","","","","","","","","","","","","","","","","","","","","","","","","","","",""
"51183001","REIMS-COURCY",49.306167,4.050667,91,1947032012,"","","","","","","","","","","","","","","","","","","","","","","","","","","","","","","","","","","","",10.,1,6.1,1,"","","","","","","","","","","","","","","","","","","","","","","","","","",77,1,"","","","","","","","","","","","","","",1002.,1,991.1,1,"","","","","","","","","","","","","","","","","","","","","","","","","","","","","","","","","","","","","","","","","","","","","","","","","","","","","","","","","","","","","","","","","","","","","","","","","","","","","","","","","","","","","","","","","","","","","","","","","","","","","","","","","","","","","","","",""
"51183001","REIMS-COURCY",49.306167,4.050667,91,1947032112,"","","","","","","","","","","","","","","","","","","","","","","","","","","","","","","","","","","","",12.,1,10.2,1,"","","","","","","","","","","","","","","","","","","","","","","","","","",89,1,"","","","","","","","","","","","","","",1002.3,1,991.5,1,"","","","","","","","","","","","","","","","","","","","","","","","","","","","","","","","","","","","","","","","","","","","","","","","","","","","","","","","","","","","","","","","","","","","","","","","","","","","","","","","","","","","","","","","","","","","","","","","","","","","","","","","","","","","","","","",""
"51183001","REIMS-COURCY",49.306167,4.050667,91,1947032212,"","","","","","","","","","","","","","","","","","","","","","","","","","","","","","","","","","","","",9.8,1,8.7,1,"","","","","","","","","","","","","","","","","","","","","","","","","","",93,1,"","","","","","","","","","","","","","",998.5,1,987.7,1,"","","","","","","","","","","","","","","","","","","","","","","","","","","","","","","","","","","","","","","","","","","","","","","","","","","","","","","","","","","","","","","","","","","","","","","","","","","","","","","","","","","","","","","","","","","","","","","","","","","","","","","","","","","","","","","",""
"51183001","REIMS-COURCY",49.306167,4.050667,91,1947032312,"","","","","","","","","","","","","","","","","","","","","","","","","","","","","","","","","","","","",13.8,1,6.3,1,"","","","","","","","","","","","","","","","","","","","","","","","","","",61,1,"","","","","","","","","","","","","","",999.2,1,988.5,1,"","","","","","","","","","","","","","","","","","","","","","","","","","","","","","","","","","","","","","","","","","","","","","","","","","","","","","","","","","","","","","","","","","","","","","","","","","","","","","","","","","","","","","","","","","","","","","","","","","","","","","","","","","","","","","","",""
"51183001","REIMS-COURCY",49.306167,4.050667,91,1947032412,"","","","","","","","","","","","","","","","","","","","","","","","","","","","","","","","","","","","",9.2,1,7.7,1,"","","","","","","","","","","","","","","","","","","","","","","","","","",90,1,"","","","","","","","","","","","","","",999.4,1,988.5,1,"","","","","","","","","","","","","","","","","","","","","","","","","","","","","","","","","","","","","","","","","","","","","","","","","","","","","","","","","","","","","","","","","","","","","","","","","","","","","","","","","","","","","","","","","","","","","","","","","","","","","","","","","","","","","","","",""
"51183001","REIMS-COURCY",49.306167,4.050667,91,1947032512,"","","","","","","","","","","","","","","","","","","","","","","","","","","","","","","","","","","","",9.6,1,0.2,1,"","","","","","","","","","","","","","","","","","","","","","","","","","",52,1,"","","","","","","","","","","","","","",1019.7,1,1008.6,1,"","","","","","","","","","","","","","","","","","","","","","","","","","","","","","","","","","","","","","","","","","","","","","","","","","","","","","","","","","","","","","","","","","","","","","","","","","","","","","","","","","","","","","","","","","","","","","","","","","","","","","","","","","","","","","","",""
"51183001","REIMS-COURCY",49.306167,4.050667,91,1947032612,"","","","","","","","","","","","","","","","","","","","","","","","","","","","","","","","","","","","",10.6,1,0.5,1,"","","","","","","","","","","","","","","","","","","","","","","","","","",50,1,"","","","","","","","","","","","","","",1011.5,1,1000.5,1,"","","","","","","","","","","","","","","","","","","","","","","","","","","","","","","","","","","","","","","","","","","","","","","","","","","","","","","","","","","","","","","","","","","","","","","","","","","","","","","","","","","","","","","","","","","","","","","","","","","","","","","","","","","","","","","",""
"51183001","REIMS-COURCY",49.306167,4.050667,91,1947032712,"","","","","","","","","","","","","","","","","","","","","","","","","","","","","","","","","","","","",9.,1,7.1,1,"","","","","","","","","","","","","","","","","","","","","","","","","","",88,1,"","","","","","","","","","","","","","",1006.3,1,995.3,1,"","","","","","","","","","","","","","","","","","","","","","","","","","","","","","","","","","","","","","","","","","","","","","","","","","","","","","","","","","","","","","","","","","","","","","","","","","","","","","","","","","","","","","","","","","","","","","","","","","","","","","","","","","","","","","","",""
"51183001","REIMS-COURCY",49.306167,4.050667,91,1947032812,"","","","","","","","","","","","","","","","","","","","","","","","","","","","","","","","","","","","",15.6,1,8.1,1,"","","","","","","","","","","","","","","","","","","","","","","","","","",61,1,"","","","","","","","","","","","","","",1000.1,1,989.5,1,"","","","","","","","","","","","","","","","","","","","","","","","","","","","","","","","","","","","","","","","","","","","","","","","","","","","","","","","","","","","","","","","","","","","","","","","","","","","","","","","","","","","","","","","","","","","","","","","","","","","","","","","","","","","","","","",""
"51183001","REIMS-COURCY",49.306167,4.050667,91,1947032912,"","","","","","","","","","","","","","","","","","","","","","","","","","","","","","","","","","","","",13.,1,6.7,1,"","","","","","","","","","","","","","","","","","","","","","","","","","",66,1,"","","","","","","","","","","","","","",989.9,1,979.3,1,"","","","","","","","","","","","","","","","","","","","","","","","","","","","","","","","","","","","","","","","","","","","","","","","","","","","","","","","","","","","","","","","","","","","","","","","","","","","","","","","","","","","","","","","","","","","","","","","","","","","","","","","","","","","","","","",""
"51183001","REIMS-COURCY",49.306167,4.050667,91,1947033012,"","","","","","","","","","","","","","","","","","","","","","","","","","","","","","","","","","","","",14.,1,6.6,1,"","","","","","","","","","","","","","","","","","","","","","","","","","",61,1,"","","","","","","","","","","","","","",992.5,1,981.9,1,"","","","","","","","","","","","","","","","","","","","","","","","","","","","","","","","","","","","","","","","","","","","","","","","","","","","","","","","","","","","","","","","","","","","","","","","","","","","","","","","","","","","","","","","","","","","","","","","","","","","","","","","","","","","","","","",""
"51183001","REIMS-COURCY",49.306167,4.050667,91,1947033112,"","","","","","","","","","","","","","","","","","","","","","","","","","","","","","","","","","","","",12.8,1,7.2,1,"","","","","","","","","","","","","","","","","","","","","","","","","","",69,1,"","","","","","","","","","","","","","",998.8,1,988.1,1,"","","","","","","","","","","","","","","","","","","","","","","","","","","","","","","","","","","","","","","","","","","","","","","","","","","","","","","","","","","","","","","","","","","","","","","","","","","","","","","","","","","","","","","","","","","","","","","","","","","","","","","","","","","","","","","",""
"51183001","REIMS-COURCY",49.306167,4.050667,91,1947040112,"","","","","","","","","","","","","","","","","","","","","","","","","","","","","","","","","","","","",10.8,1,5.3,1,"","","","","","","","","","","","","","","","","","","","","","","","","","",69,1,"","","","","","","","","","","","","","",1000.3,1,989.5,1,"","","","","","","","","","","","","","","","","","","","","","","","","","","","","","","","","","","","","","","","","","","","","","","","","","","","","","","","","","","","","","","","","","","","","","","","","","","","","","","","","","","","","","","","","","","","","","","","","","","","","","","","","","","","","","","",""
"51183001","REIMS-COURCY",49.306167,4.050667,91,1947040212,"","","","","","","","","","","","","","","","","","","","","","","","","","","","","","","","","","","","",9.8,1,7.2,1,"","","","","","","","","","","","","","","","","","","","","","","","","","",84,1,"","","","","","","","","","","","","","",999.4,1,988.5,1,"","","","","","","","","","","","","","","","","","","","","","","","","","","","","","","","","","","","","","","","","","","","","","","","","","","","","","","","","","","","","","","","","","","","","","","","","","","","","","","","","","","","","","","","","","","","","","","","","","","","","","","","","","","","","","","",""
"51183001","REIMS-COURCY",49.306167,4.050667,91,1947040312,"","","","","","","","","","","","","","","","","","","","","","","","","","","","","","","","","","","","",11.2,1,6.2,1,"","","","","","","","","","","","","","","","","","","","","","","","","","",71,1,"","","","","","","","","","","","","","",1005.1,1,994.2,1,"","","","","","","","","","","","","","","","","","","","","","","","","","","","","","","","","","","","","","","","","","","","","","","","","","","","","","","","","","","","","","","","","","","","","","","","","","","","","","","","","","","","","","","","","","","","","","","","","","","","","","","","","","","","","","","",""
"51183001","REIMS-COURCY",49.306167,4.050667,91,1947040412,"","","","","","","","","","","","","","","","","","","","","","","","","","","","","","","","","","","","",9.2,1,5.7,1,"","","","","","","","","","","","","","","","","","","","","","","","","","",79,1,"","","","","","","","","","","","","","",996.7,1,985.8,1,"","","","","","","","","","","","","","","","","","","","","","","","","","","","","","","","","","","","","","","","","","","","","","","","","","","","","","","","","","","","","","","","","","","","","","","","","","","","","","","","","","","","","","","","","","","","","","","","","","","","","","","","","","","","","","","",""
"51183001","REIMS-COURCY",49.306167,4.050667,91,1947040512,"","","","","","","","","","","","","","","","","","","","","","","","","","","","","","","","","","","","",10.,1,3.8,1,"","","","","","","","","","","","","","","","","","","","","","","","","","",65,1,"","","","","","","","","","","","","","",1028.5,1,1017.3,1,"","","","","","","","","","","","","","","","","","","","","","","","","","","","","","","","","","","","","","","","","","","","","","","","","","","","","","","","","","","","","","","","","","","","","","","","","","","","","","","","","","","","","","","","","","","","","","","","","","","","","","","","","","","","","","","",""
"51183001","REIMS-COURCY",49.306167,4.050667,91,1947040612,"","","","","","","","","","","","","","","","","","","","","","","","","","","","","","","","","","","","",10.,1,8.5,1,"","","","","","","","","","","","","","","","","","","","","","","","","","",90,1,"","","","","","","","","","","","","","",1020.8,1,1009.7,1,"","","","","","","","","","","","","","","","","","","","","","","","","","","","","","","","","","","","","","","","","","","","","","","","","","","","","","","","","","","","","","","","","","","","","","","","","","","","","","","","","","","","","","","","","","","","","","","","","","","","","","","","","","","","","","","",""
"51183001","REIMS-COURCY",49.306167,4.050667,91,1947040712,"","","","","","","","","","","","","","","","","","","","","","","","","","","","","","","","","","","","",15.,1,8.9,1,"","","","","","","","","","","","","","","","","","","","","","","","","","",67,1,"","","","","","","","","","","","","","",1022.6,1,1011.7,1,"","","","","","","","","","","","","","","","","","","","","","","","","","","","","","","","","","","","","","","","","","","","","","","","","","","","","","","","","","","","","","","","","","","","","","","","","","","","","","","","","","","","","","","","","","","","","","","","","","","","","","","","","","","","","","","",""
"51183001","REIMS-COURCY",49.306167,4.050667,91,1947040812,"","","","","","","","","","","","","","","","","","","","","","","","","","","","","","","","","","","","",16.,1,11.6,1,"","","","","","","","","","","","","","","","","","","","","","","","","","",75,1,"","","","","","","","","","","","","","",1014.1,1,1003.3,1,"","","","","","","","","","","","","","","","","","","","","","","","","","","","","","","","","","","","","","","","","","","","","","","","","","","","","","","","","","","","","","","","","","","","","","","","","","","","","","","","","","","","","","","","","","","","","","","","","","","","","","","","","","","","","","","",""
"51183001","REIMS-COURCY",49.306167,4.050667,91,1947040912,"","","","","","","","","","","","","","","","","","","","","","","","","","","","","","","","","","","","",9.,1,1.6,1,"","","","","","","","","","","","","","","","","","","","","","","","","","",60,1,"","","","","","","","","","","","","","",1026.7,1,1015.5,1,"","","","","","","","","","","","","","","","","","","","","","","","","","","","","","","","","","","","","","","","","","","","","","","","","","","","","","","","","","","","","","","","","","","","","","","","","","","","","","","","","","","","","","","","","","","","","","","","","","","","","","","","","","","","","","","",""
"51183001","REIMS-COURCY",49.306167,4.050667,91,1947041012,"","","","","","","","","","","","","","","","","","","","","","","","","","","","","","","","","","","","",10.6,1,0.9,1,"","","","","","","","","","","","","","","","","","","","","","","","","","",51,1,"","","","","","","","","","","","","","",1038.2,1,1026.9,1,"","","","","","","","","","","","","","","","","","","","","","","","","","","","","","","","","","","","","","","","","","","","","","","","","","","","","","","","","","","","","","","","","","","","","","","","","","","","","","","","","","","","","","","","","","","","","","","","","","","","","","","","","","","","","","","",""
"51183001","REIMS-COURCY",49.306167,4.050667,91,1947041112,"","","","","","","","","","","","","","","","","","","","","","","","","","","","","","","","","","","","",12.,1,1.3,1,"","","","","","","","","","","","","","","","","","","","","","","","","","",48,1,"","","","","","","","","","","","","","",1033.,1,1021.8,1,"","","","","","","","","","","","","","","","","","","","","","","","","","","","","","","","","","","","","","","","","","","","","","","","","","","","","","","","","","","","","","","","","","","","","","","","","","","","","","","","","","","","","","","","","","","","","","","","","","","","","","","","","","","","","","","",""
"51183001","REIMS-COURCY",49.306167,4.050667,91,1947041212,"","","","","","","","","","","","","","","","","","","","","","","","","","","","","","","","","","","","",14.8,1,2.,1,"","","","","","","","","","","","","","","","","","","","","","","","","","",42,1,"","","","","","","","","","","","","","",1028.,1,1017.,1,"","","","","","","","","","","","","","","","","","","","","","","","","","","","","","","","","","","","","","","","","","","","","","","","","","","","","","","","","","","","","","","","","","","","","","","","","","","","","","","","","","","","","","","","","","","","","","","","","","","","","","","","","","","","","","","",""
"51183001","REIMS-COURCY",49.306167,4.050667,91,1947041312,"","","","","","","","","","","","","","","","","","","","","","","","","","","","","","","","","","","","",18.4,1,3.6,1,"","","","","","","","","","","","","","","","","","","","","","","","","","",37,1,"","","","","","","","","","","","","","",1027.,1,1016.2,1,"","","","","","","","","","","","","","","","","","","","","","","","","","","","","","","","","","","","","","","","","","","","","","","","","","","","","","","","","","","","","","","","","","","","","","","","","","","","","","","","","","","","","","","","","","","","","","","","","","","","","","","","","","","","","","","",""
"51183001","REIMS-COURCY",49.306167,4.050667,91,1947041412,"","","","","","","","","","","","","","","","","","","","","","","","","","","","","","","","","","","","",21.8,1,5.2,1,"","","","","","","","","","","","","","","","","","","","","","","","","","",34,1,"","","","","","","","","","","","","","",1026.1,1,1015.4,1,"","","","","","","","","","","","","","","","","","","","","","","","","","","","","","","","","","","","","","","","","","","","","","","","","","","","","","","","","","","","","","","","","","","","","","","","","","","","","","","","","","","","","","","","","","","","","","","","","","","","","","","","","","","","","","","",""
"51183001","REIMS-COURCY",49.306167,4.050667,91,1947041512,"","","","","","","","","","","","","","","","","","","","","","","","","","","","","","","","","","","","",19.4,1,7.5,1,"","","","","","","","","","","","","","","","","","","","","","","","","","",46,1,"","","","","","","","","","","","","","",1030.3,1,1019.5,1,"","","","","","","","","","","","","","","","","","","","","","","","","","","","","","","","","","","","","","","","","","","","","","","","","","","","","","","","","","","","","","","","","","","","","","","","","","","","","","","","","","","","","","","","","","","","","","","","","","","","","","","","","","","","","","","",""
"51183001","REIMS-COURCY",49.306167,4.050667,91,1947041612,"","","","","","","","","","","","","","","","","","","","","","","","","","","","","","","","","","","","",23.4,1,8.6,1,"","","","","","","","","","","","","","","","","","","","","","","","","","",39,1,"","","","","","","","","","","","","","",1025.3,1,1014.7,1,"","","","","","","","","","","","","","","","","","","","","","","","","","","","","","","","","","","","","","","","","","","","","","","","","","","","","","","","","","","","","","","","","","","","","","","","","","","","","","","","","","","","","","","","","","","","","","","","","","","","","","","","","","","","","","","",""
"51183001","REIMS-COURCY",49.306167,4.050667,91,1947041712,"","","","","","","","","","","","","","","","","","","","","","","","","","","","","","","","","","","","",24.6,1,10.7,1,"","","","","","","","","","","","","","","","","","","","","","","","","","",42,1,"","","","","","","","","","","","","","",1018.6,1,1008.1,1,"","","","","","","","","","","","","","","","","","","","","","","","","","","","","","","","","","","","","","","","","","","","","","","","","","","","","","","","","","","","","","","","","","","","","","","","","","","","","","","","","","","","","","","","","","","","","","","","","","","","","","","","","","","","","","","",""
"51183001","REIMS-COURCY",49.306167,4.050667,91,1947041812,"","","","","","","","","","","","","","","","","","","","","","","","","","","","","","","","","","","","",22.6,1,12.6,1,"","","","","","","","","","","","","","","","","","","","","","","","","","",53,1,"","","","","","","","","","","","","","",1017.1,1,1006.5,1,"","","","","","","","","","","","","","","","","","","","","","","","","","","","","","","","","","","","","","","","","","","","","","","","","","","","","","","","","","","","","","","","","","","","","","","","","","","","","","","","","","","","","","","","","","","","","","","","","","","","","","","","","","","","","","","",""
"51183001","REIMS-COURCY",49.306167,4.050667,91,1947041912,"","","","","","","","","","","","","","","","","","","","","","","","","","","","","","","","","","","","",19.2,1,13.,1,"","","","","","","","","","","","","","","","","","","","","","","","","","",67,1,"","","","","","","","","","","","","","",1015.7,1,1005.,1,"","","","","","","","","","","","","","","","","","","","","","","","","","","","","","","","","","","","","","","","","","","","","","","","","","","","","","","","","","","","","","","","","","","","","","","","","","","","","","","","","","","","","","","","","","","","","","","","","","","","","","","","","","","","","","","",""
"51183001","REIMS-COURCY",49.306167,4.050667,91,1947042012,"","","","","","","","","","","","","","","","","","","","","","","","","","","","","","","","","","","","",19.6,1,6.5,1,"","","","","","","","","","","","","","","","","","","","","","","","","","",42,1,"","","","","","","","","","","","","","",1016.6,1,1005.9,1,"","","","","","","","","","","","","","","","","","","","","","","","","","","","","","","","","","","","","","","","","","","","","","","","","","","","","","","","","","","","","","","","","","","","","","","","","","","","","","","","","","","","","","","","","","","","","","","","","","","","","","","","","","","","","","","",""
"51183001","REIMS-COURCY",49.306167,4.050667,91,1947042112,"","","","","","","","","","","","","","","","","","","","","","","","","","","","","","","","","","","","",16.,1,6.3,1,"","","","","","","","","","","","","","","","","","","","","","","","","","",53,1,"","","","","","","","","","","","","","",1024.3,1,1013.4,1,"","","","","","","","","","","","","","","","","","","","","","","","","","","","","","","","","","","","","","","","","","","","","","","","","","","","","","","","","","","","","","","","","","","","","","","","","","","","","","","","","","","","","","","","","","","","","","","","","","","","","","","","","","","","","","","",""
"51183001","REIMS-COURCY",49.306167,4.050667,91,1947042212,"","","","","","","","","","","","","","","","","","","","","","","","","","","","","","","","","","","","",20.,1,7.6,1,"","","","","","","","","","","","","","","","","","","","","","","","","","",45,1,"","","","","","","","","","","","","","",1011.9,1,1001.3,1,"","","","","","","","","","","","","","","","","","","","","","","","","","","","","","","","","","","","","","","","","","","","","","","","","","","","","","","","","","","","","","","","","","","","","","","","","","","","","","","","","","","","","","","","","","","","","","","","","","","","","","","","","","","","","","","",""
"51183001","REIMS-COURCY",49.306167,4.050667,91,1947042312,"","","","","","","","","","","","","","","","","","","","","","","","","","","","","","","","","","","","",15.,1,5.,1,"","","","","","","","","","","","","","","","","","","","","","","","","","",51,1,"","","","","","","","","","","","","","",1018.,1,1007.1,1,"","","","","","","","","","","","","","","","","","","","","","","","","","","","","","","","","","","","","","","","","","","","","","","","","","","","","","","","","","","","","","","","","","","","","","","","","","","","","","","","","","","","","","","","","","","","","","","","","","","","","","","","","","","","","","","",""
"51183001","REIMS-COURCY",49.306167,4.050667,91,1947042412,"","","","","","","","","","","","","","","","","","","","","","","","","","","","","","","","","","","","",14.,1,3.1,1,"","","","","","","","","","","","","","","","","","","","","","","","","","",48,1,"","","","","","","","","","","","","","",1025.1,1,1014.1,1,"","","","","","","","","","","","","","","","","","","","","","","","","","","","","","","","","","","","","","","","","","","","","","","","","","","","","","","","","","","","","","","","","","","","","","","","","","","","","","","","","","","","","","","","","","","","","","","","","","","","","","","","","","","","","","","",""
"51183001","REIMS-COURCY",49.306167,4.050667,91,1947042512,"","","","","","","","","","","","","","","","","","","","","","","","","","","","","","","","","","","","",20.2,1,6.3,1,"","","","","","","","","","","","","","","","","","","","","","","","","","",40,1,"","","","","","","","","","","","","","",1025.4,1,1014.6,1,"","","","","","","","","","","","","","","","","","","","","","","","","","","","","","","","","","","","","","","","","","","","","","","","","","","","","","","","","","","","","","","","","","","","","","","","","","","","","","","","","","","","","","","","","","","","","","","","","","","","","","","","","","","","","","","",""
"51183001","REIMS-COURCY",49.306167,4.050667,91,1947042612,"","","","","","","","","","","","","","","","","","","","","","","","","","","","","","","","","","","","",14.,1,11.2,1,"","","","","","","","","","","","","","","","","","","","","","","","","","",83,1,"","","","","","","","","","","","","","",1026.,1,1015.,1,"","","","","","","","","","","","","","","","","","","","","","","","","","","","","","","","","","","","","","","","","","","","","","","","","","","","","","","","","","","","","","","","","","","","","","","","","","","","","","","","","","","","","","","","","","","","","","","","","","","","","","","","","","","","","","","",""
"51183001","REIMS-COURCY",49.306167,4.050667,91,1947042712,"","","","","","","","","","","","","","","","","","","","","","","","","","","","","","","","","","","","",19.2,1,10.3,1,"","","","","","","","","","","","","","","","","","","","","","","","","","",56,1,"","","","","","","","","","","","","","",1021.3,1,1010.6,1,"","","","","","","","","","","","","","","","","","","","","","","","","","","","","","","","","","","","","","","","","","","","","","","","","","","","","","","","","","","","","","","","","","","","","","","","","","","","","","","","","","","","","","","","","","","","","","","","","","","","","","","","","","","","","","","",""
"51183001","REIMS-COURCY",49.306167,4.050667,91,1947042812,"","","","","","","","","","","","","","","","","","","","","","","","","","","","","","","","","","","","",13.,1,6.1,1,"","","","","","","","","","","","","","","","","","","","","","","","","","",63,1,"","","","","","","","","","","","","","",1020.4,1,1009.4,1,"","","","","","","","","","","","","","","","","","","","","","","","","","","","","","","","","","","","","","","","","","","","","","","","","","","","","","","","","","","","","","","","","","","","","","","","","","","","","","","","","","","","","","","","","","","","","","","","","","","","","","","","","","","","","","","",""
"51183001","REIMS-COURCY",49.306167,4.050667,91,1947042912,"","","","","","","","","","","","","","","","","","","","","","","","","","","","","","","","","","","","",15.,1,3.4,1,"","","","","","","","","","","","","","","","","","","","","","","","","","",46,1,"","","","","","","","","","","","","","",1024.3,1,1013.4,1,"","","","","","","","","","","","","","","","","","","","","","","","","","","","","","","","","","","","","","","","","","","","","","","","","","","","","","","","","","","","","","","","","","","","","","","","","","","","","","","","","","","","","","","","","","","","","","","","","","","","","","","","","","","","","","","",""
"51183001","REIMS-COURCY",49.306167,4.050667,91,1947043012,"","","","","","","","","","","","","","","","","","","","","","","","","","","","","","","","","","","","",10.4,1,4.8,1,"","","","","","","","","","","","","","","","","","","","","","","","","","",68,1,"","","","","","","","","","","","","","",1008.8,1,997.9,1,"","","","","","","","","","","","","","","","","","","","","","","","","","","","","","","","","","","","","","","","","","","","","","","","","","","","","","","","","","","","","","","","","","","","","","","","","","","","","","","","","","","","","","","","","","","","","","","","","","","","","","","","","","","","","","","",""
"51183001","REIMS-COURCY",49.306167,4.050667,91,1947050112,"","","","","","","","","","","","","","","","","","","","","","","","","","","","","","","","","","","","",10.6,1,3.2,1,"","","","","","","","","","","","","","","","","","","","","","","","","","",60,1,"","","","","","","","","","","","","","",1014.4,1,1003.4,1,"","","","","","","","","","","","","","","","","","","","","","","","","","","","","","","","","","","","","","","","","","","","","","","","","","","","","","","","","","","","","","","","","","","","","","","","","","","","","","","","","","","","","","","","","","","","","","","","","","","","","","","","","","","","","","","",""
"51183001","REIMS-COURCY",49.306167,4.050667,91,1947050212,"","","","","","","","","","","","","","","","","","","","","","","","","","","","","","","","","","","","",9.4,1,7.5,1,"","","","","","","","","","","","","","","","","","","","","","","","","","",88,1,"","","","","","","","","","","","","","",1004.,1,993.1,1,"","","","","","","","","","","","","","","","","","","","","","","","","","","","","","","","","","","","","","","","","","","","","","","","","","","","","","","","","","","","","","","","","","","","","","","","","","","","","","","","","","","","","","","","","","","","","","","","","","","","","","","","","","","","","","","",""
"51183001","REIMS-COURCY",49.306167,4.050667,91,1947050312,"","","","","","","","","","","","","","","","","","","","","","","","","","","","","","","","","","","","",19.8,1,8.6,1,"","","","","","","","","","","","","","","","","","","","","","","","","","",48,1,"","","","","","","","","","","","","","",1010.4,1,999.8,1,"","","","","","","","","","","","","","","","","","","","","","","","","","","","","","","","","","","","","","","","","","","","","","","","","","","","","","","","","","","","","","","","","","","","","","","","","","","","","","","","","","","","","","","","","","","","","","","","","","","","","","","","","","","","","","","",""
"51183001","REIMS-COURCY",49.306167,4.050667,91,1947050412,"","","","","","","","","","","","","","","","","","","","","","","","","","","","","","","","","","","","","","",6.9,1,"","","","","","","","","","","","","","","","","","","","","","","","","","",83,1,"","","","","","","","","","","","","","",1013.3,1,1002.3,1,"","","","","","","","","","","","","","","","","","","","","","","","","","","","","","","","","","","","","","","","","","","","","","","","","","","","","","","","","","","","","","","","","","","","","","","","","","","","","","","","","","","","","","","","","","","","","","","","","","","","","","","","","","","","","","","",""
"51183001","REIMS-COURCY",49.306167,4.050667,91,1947050512,"","","","","","","","","","","","","","","","","","","","","","","","","","","","","","","","","","","","",16.2,1,7.9,1,"","","","","","","","","","","","","","","","","","","","","","","","","","",58,1,"","","","","","","","","","","","","","",1017.3,1,1006.5,1,"","","","","","","","","","","","","","","","","","","","","","","","","","","","","","","","","","","","","","","","","","","","","","","","","","","","","","","","","","","","","","","","","","","","","","","","","","","","","","","","","","","","","","","","","","","","","","","","","","","","","","","","","","","","","","","",""
"51183001","REIMS-COURCY",49.306167,4.050667,91,1947050612,"","","","","","","","","","","","","","","","","","","","","","","","","","","","","","","","","","","","",19.6,1,7.,1,"","","","","","","","","","","","","","","","","","","","","","","","","","",44,1,"","","","","","","","","","","","","","",1019.2,1,1008.5,1,"","","","","","","","","","","","","","","","","","","","","","","","","","","","","","","","","","","","","","","","","","","","","","","","","","","","","","","","","","","","","","","","","","","","","","","","","","","","","","","","","","","","","","","","","","","","","","","","","","","","","","","","","","","","","","","",""
"51183001","REIMS-COURCY",49.306167,4.050667,91,1947050712,"","","","","","","","","","","","","","","","","","","","","","","","","","","","","","","","","","","","",19.2,1,9.1,1,"","","","","","","","","","","","","","","","","","","","","","","","","","",52,1,"","","","","","","","","","","","","","",1017.7,1,1007.,1,"","","","","","","","","","","","","","","","","","","","","","","","","","","","","","","","","","","","","","","","","","","","","","","","","","","","","","","","","","","","","","","","","","","","","","","","","","","","","","","","","","","","","","","","","","","","","","","","","","","","","","","","","","","","","","","",""
"51183001","REIMS-COURCY",49.306167,4.050667,91,1947050812,"","","","","","","","","","","","","","","","","","","","","","","","","","","","","","","","","","","","",24.2,1,13.8,1,"","","","","","","","","","","","","","","","","","","","","","","","","","",52,1,"","","","","","","","","","","","","","",1014.4,1,1003.9,1,"","","","","","","","","","","","","","","","","","","","","","","","","","","","","","","","","","","","","","","","","","","","","","","","","","","","","","","","","","","","","","","","","","","","","","","","","","","","","","","","","","","","","","","","","","","","","","","","","","","","","","","","","","","","","","","",""
"51183001","REIMS-COURCY",49.306167,4.050667,91,1947050912,"","","","","","","","","","","","","","","","","","","","","","","","","","","","","","","","","","","","",25.6,1,10.,1,"","","","","","","","","","","","","","","","","","","","","","","","","","",37,1,"","","","","","","","","","","","","","",1011.,1,1000.6,1,"","","","","","","","","","","","","","","","","","","","","","","","","","","","","","","","","","","","","","","","","","","","","","","","","","","","","","","","","","","","","","","","","","","","","","","","","","","","","","","","","","","","","","","","","","","","","","","","","","","","","","","","","","","","","","","",""
"51183001","REIMS-COURCY",49.306167,4.050667,91,1947051012,"","","","","","","","","","","","","","","","","","","","","","","","","","","","","","","","","","","","",24.8,1,10.6,1,"","","","","","","","","","","","","","","","","","","","","","","","","","",41,1,"","","","","","","","","","","","","","",1012.1,1,1001.7,1,"","","","","","","","","","","","","","","","","","","","","","","","","","","","","","","","","","","","","","","","","","","","","","","","","","","","","","","","","","","","","","","","","","","","","","","","","","","","","","","","","","","","","","","","","","","","","","","","","","","","","","","","","","","","","","","",""
"51183001","REIMS-COURCY",49.306167,4.050667,91,1947051112,"","","","","","","","","","","","","","","","","","","","","","","","","","","","","","","","","","","","",20.,1,12.5,1,"","","","","","","","","","","","","","","","","","","","","","","","","","",62,1,"","","","","","","","","","","","","","",1016.4,1,1005.8,1,"","","","","","","","","","","","","","","","","","","","","","","","","","","","","","","","","","","","","","","","","","","","","","","","","","","","","","","","","","","","","","","","","","","","","","","","","","","","","","","","","","","","","","","","","","","","","","","","","","","","","","","","","","","","","","","",""
"51183001","REIMS-COURCY",49.306167,4.050667,91,1947051212,"","","","","","","","","","","","","","","","","","","","","","","","","","","","","","","","","","","","",23.2,1,14.1,1,"","","","","","","","","","","","","","","","","","","","","","","","","","",57,1,"","","","","","","","","","","","","","",1015.1,1,1004.6,1,"","","","","","","","","","","","","","","","","","","","","","","","","","","","","","","","","","","","","","","","","","","","","","","","","","","","","","","","","","","","","","","","","","","","","","","","","","","","","","","","","","","","","","","","","","","","","","","","","","","","","","","","","","","","","","","",""
"51183001","REIMS-COURCY",49.306167,4.050667,91,1947051312,"","","","","","","","","","","","","","","","","","","","","","","","","","","","","","","","","","","","",27.8,1,9.6,1,"","","","","","","","","","","","","","","","","","","","","","","","","","",32,1,"","","","","","","","","","","","","","",1011.8,1,1001.5,1,"","","","","","","","","","","","","","","","","","","","","","","","","","","","","","","","","","","","","","","","","","","","","","","","","","","","","","","","","","","","","","","","","","","","","","","","","","","","","","","","","","","","","","","","","","","","","","","","","","","","","","","","","","","","","","","",""
"51183001","REIMS-COURCY",49.306167,4.050667,91,1947051412,"","","","","","","","","","","","","","","","","","","","","","","","","","","","","","","","","","","","",26.,1,15.4,1,"","","","","","","","","","","","","","","","","","","","","","","","","","",52,1,"","","","","","","","","","","","","","",1006.2,1,995.9,1,"","","","","","","","","","","","","","","","","","","","","","","","","","","","","","","","","","","","","","","","","","","","","","","","","","","","","","","","","","","","","","","","","","","","","","","","","","","","","","","","","","","","","","","","","","","","","","","","","","","","","","","","","","","","","","","",""
"51183001","REIMS-COURCY",49.306167,4.050667,91,1947051512,"","","","","","","","","","","","","","","","","","","","","","","","","","","","","","","","","","","","",12.,1,7.1,1,"","","","","","","","","","","","","","","","","","","","","","","","","","",72,1,"","","","","","","","","","","","","","",1015.6,1,1004.6,1,"","","","","","","","","","","","","","","","","","","","","","","","","","","","","","","","","","","","","","","","","","","","","","","","","","","","","","","","","","","","","","","","","","","","","","","","","","","","","","","","","","","","","","","","","","","","","","","","","","","","","","","","","","","","","","","",""
"51183001","REIMS-COURCY",49.306167,4.050667,91,1947051612,"","","","","","","","","","","","","","","","","","","","","","","","","","","","","","","","","","","","",17.,1,8.9,1,"","","","","","","","","","","","","","","","","","","","","","","","","","",59,1,"","","","","","","","","","","","","","",1016.9,1,1006.1,1,"","","","","","","","","","","","","","","","","","","","","","","","","","","","","","","","","","","","","","","","","","","","","","","","","","","","","","","","","","","","","","","","","","","","","","","","","","","","","","","","","","","","","","","","","","","","","","","","","","","","","","","","","","","","","","","",""
"51183001","REIMS-COURCY",49.306167,4.050667,91,1947051712,"","","","","","","","","","","","","","","","","","","","","","","","","","","","","","","","","","","","",15.,1,5.5,1,"","","","","","","","","","","","","","","","","","","","","","","","","","",53,1,"","","","","","","","","","","","","","",1014.2,1,1003.4,1,"","","","","","","","","","","","","","","","","","","","","","","","","","","","","","","","","","","","","","","","","","","","","","","","","","","","","","","","","","","","","","","","","","","","","","","","","","","","","","","","","","","","","","","","","","","","","","","","","","","","","","","","","","","","","","","",""
"51183001","REIMS-COURCY",49.306167,4.050667,91,1947051812,"","","","","","","","","","","","","","","","","","","","","","","","","","","","","","","","","","","","",17.2,1,7.9,1,"","","","","","","","","","","","","","","","","","","","","","","","","","",54,1,"","","","","","","","","","","","","","",1011.8,1,1001.1,1,"","","","","","","","","","","","","","","","","","","","","","","","","","","","","","","","","","","","","","","","","","","","","","","","","","","","","","","","","","","","","","","","","","","","","","","","","","","","","","","","","","","","","","","","","","","","","","","","","","","","","","","","","","","","","","","",""
"51183001","REIMS-COURCY",49.306167,4.050667,91,1947051912,"","","","","","","","","","","","","","","","","","","","","","","","","","","","","","","","","","","","",12.8,1,9.2,1,"","","","","","","","","","","","","","","","","","","","","","","","","","",79,1,"","","","","","","","","","","","","","",1016.4,1,1005.5,1,"","","","","","","","","","","","","","","","","","","","","","","","","","","","","","","","","","","","","","","","","","","","","","","","","","","","","","","","","","","","","","","","","","","","","","","","","","","","","","","","","","","","","","","","","","","","","","","","","","","","","","","","","","","","","","","",""
"51183001","REIMS-COURCY",49.306167,4.050667,91,1947052012,"","","","","","","","","","","","","","","","","","","","","","","","","","","","","","","","","","","","",18.6,1,10.,1,"","","","","","","","","","","","","","","","","","","","","","","","","","",57,1,"","","","","","","","","","","","","","",1018.6,1,1007.9,1,"","","","","","","","","","","","","","","","","","","","","","","","","","","","","","","","","","","","","","","","","","","","","","","","","","","","","","","","","","","","","","","","","","","","","","","","","","","","","","","","","","","","","","","","","","","","","","","","","","","","","","","","","","","","","","","",""
"51183001","REIMS-COURCY",49.306167,4.050667,91,1947052112,"","","","","","","","","","","","","","","","","","","","","","","","","","","","","","","","","","","","",21.8,1,8.2,1,"","","","","","","","","","","","","","","","","","","","","","","","","","",42,1,"","","","","","","","","","","","","","",1020.,1,1009.4,1,"","","","","","","","","","","","","","","","","","","","","","","","","","","","","","","","","","","","","","","","","","","","","","","","","","","","","","","","","","","","","","","","","","","","","","","","","","","","","","","","","","","","","","","","","","","","","","","","","","","","","","","","","","","","","","","",""
"51183001","REIMS-COURCY",49.306167,4.050667,91,1947052212,"","","","","","","","","","","","","","","","","","","","","","","","","","","","","","","","","","","","",21.2,1,9.6,1,"","","","","","","","","","","","","","","","","","","","","","","","","","",47,1,"","","","","","","","","","","","","","",1016.4,1,1005.8,1,"","","","","","","","","","","","","","","","","","","","","","","","","","","","","","","","","","","","","","","","","","","","","","","","","","","","","","","","","","","","","","","","","","","","","","","","","","","","","","","","","","","","","","","","","","","","","","","","","","","","","","","","","","","","","","","",""
"51183001","REIMS-COURCY",49.306167,4.050667,91,1947052312,"","","","","","","","","","","","","","","","","","","","","","","","","","","","","","","","","","","","",22.8,1,10.5,1,"","","","","","","","","","","","","","","","","","","","","","","","","","",46,1,"","","","","","","","","","","","","","",1009.,1,998.5,1,"","","","","","","","","","","","","","","","","","","","","","","","","","","","","","","","","","","","","","","","","","","","","","","","","","","","","","","","","","","","","","","","","","","","","","","","","","","","","","","","","","","","","","","","","","","","","","","","","","","","","","","","","","","","","","","",""
"51183001","REIMS-COURCY",49.306167,4.050667,91,1947052412,"","","","","","","","","","","","","","","","","","","","","","","","","","","","","","","","","","","","",20.,1,8.9,1,"","","","","","","","","","","","","","","","","","","","","","","","","","",49,1,"","","","","","","","","","","","","","",1008.1,1,997.5,1,"","","","","","","","","","","","","","","","","","","","","","","","","","","","","","","","","","","","","","","","","","","","","","","","","","","","","","","","","","","","","","","","","","","","","","","","","","","","","","","","","","","","","","","","","","","","","","","","","","","","","","","","","","","","","","","",""
"51183001","REIMS-COURCY",49.306167,4.050667,91,1947052512,"","","","","","","","","","","","","","","","","","","","","","","","","","","","","","","","","","","","",23.4,1,11.7,1,"","","","","","","","","","","","","","","","","","","","","","","","","","",48,1,"","","","","","","","","","","","","","",1013.4,1,1002.9,1,"","","","","","","","","","","","","","","","","","","","","","","","","","","","","","","","","","","","","","","","","","","","","","","","","","","","","","","","","","","","","","","","","","","","","","","","","","","","","","","","","","","","","","","","","","","","","","","","","","","","","","","","","","","","","","","",""
"51183001","REIMS-COURCY",49.306167,4.050667,91,1947052612,"","","","","","","","","","","","","","","","","","","","","","","","","","","","","","","","","","","","",27.8,1,15.4,1,"","","","","","","","","","","","","","","","","","","","","","","","","","",47,1,"","","","","","","","","","","","","","",1013.,1,1002.7,1,"","","","","","","","","","","","","","","","","","","","","","","","","","","","","","","","","","","","","","","","","","","","","","","","","","","","","","","","","","","","","","","","","","","","","","","","","","","","","","","","","","","","","","","","","","","","","","","","","","","","","","","","","","","","","","","",""
"51183001","REIMS-COURCY",49.306167,4.050667,91,1947052712,"","","","","","","","","","","","","","","","","","","","","","","","","","","","","","","","","","","","",24.2,1,16.,1,"","","","","","","","","","","","","","","","","","","","","","","","","","",60,1,"","","","","","","","","","","","","","",1019.8,1,1009.3,1,"","","","","","","","","","","","","","","","","","","","","","","","","","","","","","","","","","","","","","","","","","","","","","","","","","","","","","","","","","","","","","","","","","","","","","","","","","","","","","","","","","","","","","","","","","","","","","","","","","","","","","","","","","","","","","","",""
"51183001","REIMS-COURCY",49.306167,4.050667,91,1947052812,"","","","","","","","","","","","","","","","","","","","","","","","","","","","","","","","","","","","",25.8,1,15.,1,"","","","","","","","","","","","","","","","","","","","","","","","","","",51,1,"","","","","","","","","","","","","","",1020.2,1,1009.7,1,"","","","","","","","","","","","","","","","","","","","","","","","","","","","","","","","","","","","","","","","","","","","","","","","","","","","","","","","","","","","","","","","","","","","","","","","","","","","","","","","","","","","","","","","","","","","","","","","","","","","","","","","","","","","","","","",""
"51183001","REIMS-COURCY",49.306167,4.050667,91,1947052912,"","","","","","","","","","","","","","","","","","","","","","","","","","","","","","","","","","","","",26.4,1,13.2,1,"","","","","","","","","","","","","","","","","","","","","","","","","","",44,1,"","","","","","","","","","","","","","",1019.3,1,1008.9,1,"","","","","","","","","","","","","","","","","","","","","","","","","","","","","","","","","","","","","","","","","","","","","","","","","","","","","","","","","","","","","","","","","","","","","","","","","","","","","","","","","","","","","","","","","","","","","","","","","","","","","","","","","","","","","","","",""
"51183001","REIMS-COURCY",49.306167,4.050667,91,1947053012,"","","","","","","","","","","","","","","","","","","","","","","","","","","","","","","","","","","","",27.2,1,11.8,1,"","","","","","","","","","","","","","","","","","","","","","","","","","",38,1,"","","","","","","","","","","","","","",1017.5,1,1007.1,1,"","","","","","","","","","","","","","","","","","","","","","","","","","","","","","","","","","","","","","","","","","","","","","","","","","","","","","","","","","","","","","","","","","","","","","","","","","","","","","","","","","","","","","","","","","","","","","","","","","","","","","","","","","","","","","","",""
"51183001","REIMS-COURCY",49.306167,4.050667,91,1947053112,"","","","","","","","","","","","","","","","","","","","","","","","","","","","","","","","","","","","",30.2,1,16.2,1,"","","","","","","","","","","","","","","","","","","","","","","","","","",43,1,"","","","","","","","","","","","","","",1015.2,1,1004.9,1,"","","","","","","","","","","","","","","","","","","","","","","","","","","","","","","","","","","","","","","","","","","","","","","","","","","","","","","","","","","","","","","","","","","","","","","","","","","","","","","","","","","","","","","","","","","","","","","","","","","","","","","","","","","","","","","",""
"51183001","REIMS-COURCY",49.306167,4.050667,91,1947060112,"","","","","","","","","","","","","","","","","","","","","","","","","","","","","","","","","","","","",29.4,1,19.4,1,"","","","","","","","","","","","","","","","","","","","","","","","","","",55,1,"","","","","","","","","","","","","","",1015.4,1,1005.1,1,"","","","","","","","","","","","","","","","","","","","","","","","","","","","","","","","","","","","","","","","","","","","","","","","","","","","","","","","","","","","","","","","","","","","","","","","","","","","","","","","","","","","","","","","","","","","","","","","","","","","","","","","","","","","","","","",""
"51183001","REIMS-COURCY",49.306167,4.050667,91,1947060212,"","","","","","","","","","","","","","","","","","","","","","","","","","","","","","","","","","","","",31.6,1,15.4,1,"","","","","","","","","","","","","","","","","","","","","","","","","","",38,1,"","","","","","","","","","","","","","",1013.5,1,1003.3,1,"","","","","","","","","","","","","","","","","","","","","","","","","","","","","","","","","","","","","","","","","","","","","","","","","","","","","","","","","","","","","","","","","","","","","","","","","","","","","","","","","","","","","","","","","","","","","","","","","","","","","","","","","","","","","","","",""
"51183001","REIMS-COURCY",49.306167,4.050667,91,1947060312,"","","","","","","","","","","","","","","","","","","","","","","","","","","","","","","","","","","","",31.6,1,13.4,1,"","","","","","","","","","","","","","","","","","","","","","","","","","",33,1,"","","","","","","","","","","","","","",1010.4,1,1000.2,1,"","","","","","","","","","","","","","","","","","","","","","","","","","","","","","","","","","","","","","","","","","","","","","","","","","","","","","","","","","","","","","","","","","","","","","","","","","","","","","","","","","","","","","","","","","","","","","","","","","","","","","","","","","","","","","","",""
"51183001","REIMS-COURCY",49.306167,4.050667,91,1947060412,"","","","","","","","","","","","","","","","","","","","","","","","","","","","","","","","","","","","",24.6,1,15.8,1,"","","","","","","","","","","","","","","","","","","","","","","","","","",58,1,"","","","","","","","","","","","","","",1008.6,1,998.2,1,"","","","","","","","","","","","","","","","","","","","","","","","","","","","","","","","","","","","","","","","","","","","","","","","","","","","","","","","","","","","","","","","","","","","","","","","","","","","","","","","","","","","","","","","","","","","","","","","","","","","","","","","","","","","","","","",""
"51183001","REIMS-COURCY",49.306167,4.050667,91,1947060512,"","","","","","","","","","","","","","","","","","","","","","","","","","","","","","","","","","","","",18.7,1,9.8,1,"","","","","","","","","","","","","","","","","","","","","","","","","","",56,1,"","","","","","","","","","","","","","",1010.9,1,1000.3,1,"","","","","","","","","","","","","","","","","","","","","","","","","","","","","","","","","","","","","","","","","","","","","","","","","","","","","","","","","","","","","","","","","","","","","","","","","","","","","","","","","","","","","","","","","","","","","","","","","","","","","","","","","","","","","","","",""
"51183001","REIMS-COURCY",49.306167,4.050667,91,1947060612,"","","","","","","","","","","","","","","","","","","","","","","","","","","","","","","","","","","","",15.6,1,8.,1,"","","","","","","","","","","","","","","","","","","","","","","","","","",61,1,"","","","","","","","","","","","","","",1008.4,1,997.7,1,"","","","","","","","","","","","","","","","","","","","","","","","","","","","","","","","","","","","","","","","","","","","","","","","","","","","","","","","","","","","","","","","","","","","","","","","","","","","","","","","","","","","","","","","","","","","","","","","","","","","","","","","","","","","","","","",""
"51183001","REIMS-COURCY",49.306167,4.050667,91,1947060712,"","","","","","","","","","","","","","","","","","","","","","","","","","","","","","","","","","","","",12.2,1,10.4,1,"","","","","","","","","","","","","","","","","","","","","","","","","","",89,1,"","","","","","","","","","","","","","",1018.,1,1007.,1,"","","","","","","","","","","","","","","","","","","","","","","","","","","","","","","","","","","","","","","","","","","","","","","","","","","","","","","","","","","","","","","","","","","","","","","","","","","","","","","","","","","","","","","","","","","","","","","","","","","","","","","","","","","","","","","",""
"51183001","REIMS-COURCY",49.306167,4.050667,91,1947060812,"","","","","","","","","","","","","","","","","","","","","","","","","","","","","","","","","","","","",16.4,1,8.5,1,"","","","","","","","","","","","","","","","","","","","","","","","","","",60,1,"","","","","","","","","","","","","","",1021.9,1,1011.,1,"","","","","","","","","","","","","","","","","","","","","","","","","","","","","","","","","","","","","","","","","","","","","","","","","","","","","","","","","","","","","","","","","","","","","","","","","","","","","","","","","","","","","","","","","","","","","","","","","","","","","","","","","","","","","","","",""
"51183001","REIMS-COURCY",49.306167,4.050667,91,1947060912,"","","","","","","","","","","","","","","","","","","","","","","","","","","","","","","","","","","","",15.,1,7.7,1,"","","","","","","","","","","","","","","","","","","","","","","","","","",62,1,"","","","","","","","","","","","","","",1024.8,1,1013.9,1,"","","","","","","","","","","","","","","","","","","","","","","","","","","","","","","","","","","","","","","","","","","","","","","","","","","","","","","","","","","","","","","","","","","","","","","","","","","","","","","","","","","","","","","","","","","","","","","","","","","","","","","","","","","","","","","",""
"51183001","REIMS-COURCY",49.306167,4.050667,91,1947061012,"","","","","","","","","","","","","","","","","","","","","","","","","","","","","","","","","","","","",19.6,1,8.7,1,"","","","","","","","","","","","","","","","","","","","","","","","","","",49,1,"","","","","","","","","","","","","","",1027.3,1,1016.5,1,"","","","","","","","","","","","","","","","","","","","","","","","","","","","","","","","","","","","","","","","","","","","","","","","","","","","","","","","","","","","","","","","","","","","","","","","","","","","","","","","","","","","","","","","","","","","","","","","","","","","","","","","","","","","","","","",""
"51183001","REIMS-COURCY",49.306167,4.050667,91,1947061112,"","","","","","","","","","","","","","","","","","","","","","","","","","","","","","","","","","","","",20.2,1,7.3,1,"","","","","","","","","","","","","","","","","","","","","","","","","","",43,1,"","","","","","","","","","","","","","",1019.6,1,1008.9,1,"","","","","","","","","","","","","","","","","","","","","","","","","","","","","","","","","","","","","","","","","","","","","","","","","","","","","","","","","","","","","","","","","","","","","","","","","","","","","","","","","","","","","","","","","","","","","","","","","","","","","","","","","","","","","","","",""
"51183001","REIMS-COURCY",49.306167,4.050667,91,1947061212,"","","","","","","","","","","","","","","","","","","","","","","","","","","","","","","","","","","","",21.8,1,10.4,1,"","","","","","","","","","","","","","","","","","","","","","","","","","",48,1,"","","","","","","","","","","","","","",1011.8,1,1001.3,1,"","","","","","","","","","","","","","","","","","","","","","","","","","","","","","","","","","","","","","","","","","","","","","","","","","","","","","","","","","","","","","","","","","","","","","","","","","","","","","","","","","","","","","","","","","","","","","","","","","","","","","","","","","","","","","","",""
"51183001","REIMS-COURCY",49.306167,4.050667,91,1947061312,"","","","","","","","","","","","","","","","","","","","","","","","","","","","","","","","","","","","",20.2,1,10.4,1,"","","","","","","","","","","","","","","","","","","","","","","","","","",53,1,"","","","","","","","","","","","","","",1009.3,1,998.7,1,"","","","","","","","","","","","","","","","","","","","","","","","","","","","","","","","","","","","","","","","","","","","","","","","","","","","","","","","","","","","","","","","","","","","","","","","","","","","","","","","","","","","","","","","","","","","","","","","","","","","","","","","","","","","","","","",""
"51183001","REIMS-COURCY",49.306167,4.050667,91,1947061412,"","","","","","","","","","","","","","","","","","","","","","","","","","","","","","","","","","","","",20.4,1,10.3,1,"","","","","","","","","","","","","","","","","","","","","","","","","","",52,1,"","","","","","","","","","","","","","",1005.1,1,994.6,1,"","","","","","","","","","","","","","","","","","","","","","","","","","","","","","","","","","","","","","","","","","","","","","","","","","","","","","","","","","","","","","","","","","","","","","","","","","","","","","","","","","","","","","","","","","","","","","","","","","","","","","","","","","","","","","","",""
"51183001","REIMS-COURCY",49.306167,4.050667,91,1947061512,"","","","","","","","","","","","","","","","","","","","","","","","","","","","","","","","","","","","",15.8,1,12.8,1,"","","","","","","","","","","","","","","","","","","","","","","","","","",82,1,"","","","","","","","","","","","","","",1005.1,1,994.4,1,"","","","","","","","","","","","","","","","","","","","","","","","","","","","","","","","","","","","","","","","","","","","","","","","","","","","","","","","","","","","","","","","","","","","","","","","","","","","","","","","","","","","","","","","","","","","","","","","","","","","","","","","","","","","","","","",""
"51183001","REIMS-COURCY",49.306167,4.050667,91,1947061612,"","","","","","","","","","","","","","","","","","","","","","","","","","","","","","","","","","","","",18.4,1,10.2,1,"","","","","","","","","","","","","","","","","","","","","","","","","","",59,1,"","","","","","","","","","","","","","",1022.9,1,1012.1,1,"","","","","","","","","","","","","","","","","","","","","","","","","","","","","","","","","","","","","","","","","","","","","","","","","","","","","","","","","","","","","","","","","","","","","","","","","","","","","","","","","","","","","","","","","","","","","","","","","","","","","","","","","","","","","","","",""
"51183001","REIMS-COURCY",49.306167,4.050667,91,1947061712,"","","","","","","","","","","","","","","","","","","","","","","","","","","","","","","","","","","","",23.2,1,11.4,1,"","","","","","","","","","","","","","","","","","","","","","","","","","",47,1,"","","","","","","","","","","","","","",1020.3,1,1009.7,1,"","","","","","","","","","","","","","","","","","","","","","","","","","","","","","","","","","","","","","","","","","","","","","","","","","","","","","","","","","","","","","","","","","","","","","","","","","","","","","","","","","","","","","","","","","","","","","","","","","","","","","","","","","","","","","","",""
"51183001","REIMS-COURCY",49.306167,4.050667,91,1947061812,"","","","","","","","","","","","","","","","","","","","","","","","","","","","","","","","","","","","",27.,1,12.4,1,"","","","","","","","","","","","","","","","","","","","","","","","","","",40,1,"","","","","","","","","","","","","","",1014.9,1,1004.5,1,"","","","","","","","","","","","","","","","","","","","","","","","","","","","","","","","","","","","","","","","","","","","","","","","","","","","","","","","","","","","","","","","","","","","","","","","","","","","","","","","","","","","","","","","","","","","","","","","","","","","","","","","","","","","","","","",""
"51183001","REIMS-COURCY",49.306167,4.050667,91,1947061912,"","","","","","","","","","","","","","","","","","","","","","","","","","","","","","","","","","","","",22.,1,13.7,1,"","","","","","","","","","","","","","","","","","","","","","","","","","",59,1,"","","","","","","","","","","","","","",1017.3,1,1006.7,1,"","","","","","","","","","","","","","","","","","","","","","","","","","","","","","","","","","","","","","","","","","","","","","","","","","","","","","","","","","","","","","","","","","","","","","","","","","","","","","","","","","","","","","","","","","","","","","","","","","","","","","","","","","","","","","","",""
"51183001","REIMS-COURCY",49.306167,4.050667,91,1947062012,"","","","","","","","","","","","","","","","","","","","","","","","","","","","","","","","","","","","",21.8,1,11.2,1,"","","","","","","","","","","","","","","","","","","","","","","","","","",51,1,"","","","","","","","","","","","","","",1017.1,1,1006.5,1,"","","","","","","","","","","","","","","","","","","","","","","","","","","","","","","","","","","","","","","","","","","","","","","","","","","","","","","","","","","","","","","","","","","","","","","","","","","","","","","","","","","","","","","","","","","","","","","","","","","","","","","","","","","","","","","",""
"51183001","REIMS-COURCY",49.306167,4.050667,91,1947062112,"","","","","","","","","","","","","","","","","","","","","","","","","","","","","","","","","","","","",20.,1,16.3,1,"","","","","","","","","","","","","","","","","","","","","","","","","","",79,1,"","","","","","","","","","","","","","",1014.3,1,1003.7,1,"","","","","","","","","","","","","","","","","","","","","","","","","","","","","","","","","","","","","","","","","","","","","","","","","","","","","","","","","","","","","","","","","","","","","","","","","","","","","","","","","","","","","","","","","","","","","","","","","","","","","","","","","","","","","","","",""
"51183001","REIMS-COURCY",49.306167,4.050667,91,1947062212,"","","","","","","","","","","","","","","","","","","","","","","","","","","","","","","","","","","","",17.2,1,12.6,1,"","","","","","","","","","","","","","","","","","","","","","","","","","",74,1,"","","","","","","","","","","","","","",1016.4,1,1005.7,1,"","","","","","","","","","","","","","","","","","","","","","","","","","","","","","","","","","","","","","","","","","","","","","","","","","","","","","","","","","","","","","","","","","","","","","","","","","","","","","","","","","","","","","","","","","","","","","","","","","","","","","","","","","","","","","","",""
"51183001","REIMS-COURCY",49.306167,4.050667,91,1947062312,"","","","","","","","","","","","","","","","","","","","","","","","","","","","","","","","","","","","",20.,1,9.7,1,"","","","","","","","","","","","","","","","","","","","","","","","","","",51,1,"","","","","","","","","","","","","","",1021.2,1,1010.5,1,"","","","","","","","","","","","","","","","","","","","","","","","","","","","","","","","","","","","","","","","","","","","","","","","","","","","","","","","","","","","","","","","","","","","","","","","","","","","","","","","","","","","","","","","","","","","","","","","","","","","","","","","","","","","","","","",""
"51183001","REIMS-COURCY",49.306167,4.050667,91,1947062412,"","","","","","","","","","","","","","","","","","","","","","","","","","","","","","","","","","","","",25.,1,10.5,1,"","","","","","","","","","","","","","","","","","","","","","","","","","",40,1,"","","","","","","","","","","","","","",1016.7,1,1006.2,1,"","","","","","","","","","","","","","","","","","","","","","","","","","","","","","","","","","","","","","","","","","","","","","","","","","","","","","","","","","","","","","","","","","","","","","","","","","","","","","","","","","","","","","","","","","","","","","","","","","","","","","","","","","","","","","","",""
"51183001","REIMS-COURCY",49.306167,4.050667,91,1947062512,"","","","","","","","","","","","","","","","","","","","","","","","","","","","","","","","","","","","",28.8,1,14.4,1,"","","","","","","","","","","","","","","","","","","","","","","","","","",41,1,"","","","","","","","","","","","","","",1015.2,1,1004.9,1,"","","","","","","","","","","","","","","","","","","","","","","","","","","","","","","","","","","","","","","","","","","","","","","","","","","","","","","","","","","","","","","","","","","","","","","","","","","","","","","","","","","","","","","","","","","","","","","","","","","","","","","","","","","","","","","",""
"51183001","REIMS-COURCY",49.306167,4.050667,91,1947062612,"","","","","","","","","","","","","","","","","","","","","","","","","","","","","","","","","","","","",32.8,1,16.6,1,"","","","","","","","","","","","","","","","","","","","","","","","","","",38,1,"","","","","","","","","","","","","","",1015.6,1,1005.4,1,"","","","","","","","","","","","","","","","","","","","","","","","","","","","","","","","","","","","","","","","","","","","","","","","","","","","","","","","","","","","","","","","","","","","","","","","","","","","","","","","","","","","","","","","","","","","","","","","","","","","","","","","","","","","","","","",""
"51183001","REIMS-COURCY",49.306167,4.050667,91,1947062712,"","","","","","","","","","","","","","","","","","","","","","","","","","","","","","","","","","","","",36.8,1,18.3,1,"","","","","","","","","","","","","","","","","","","","","","","","","","",34,1,"","","","","","","","","","","","","","",1015.4,1,1005.4,1,"","","","","","","","","","","","","","","","","","","","","","","","","","","","","","","","","","","","","","","","","","","","","","","","","","","","","","","","","","","","","","","","","","","","","","","","","","","","","","","","","","","","","","","","","","","","","","","","","","","","","","","","","","","","","","","",""
"51183001","REIMS-COURCY",49.306167,4.050667,91,1947062812,"","","","","","","","","","","","","","","","","","","","","","","","","","","","","","","","","","","","",35.8,1,18.8,1,"","","","","","","","","","","","","","","","","","","","","","","","","","",37,1,"","","","","","","","","","","","","","",1013.5,1,1003.5,1,"","","","","","","","","","","","","","","","","","","","","","","","","","","","","","","","","","","","","","","","","","","","","","","","","","","","","","","","","","","","","","","","","","","","","","","","","","","","","","","","","","","","","","","","","","","","","","","","","","","","","","","","","","","","","","","",""
"51183001","REIMS-COURCY",49.306167,4.050667,91,1947062912,"","","","","","","","","","","","","","","","","","","","","","","","","","","","","","","","","","","","",20.8,1,16.2,1,"","","","","","","","","","","","","","","","","","","","","","","","","","",75,1,"","","","","","","","","","","","","","",1021.,1,1010.3,1,"","","","","","","","","","","","","","","","","","","","","","","","","","","","","","","","","","","","","","","","","","","","","","","","","","","","","","","","","","","","","","","","","","","","","","","","","","","","","","","","","","","","","","","","","","","","","","","","","","","","","","","","","","","","","","","",""
"51183001","REIMS-COURCY",49.306167,4.050667,91,1947063012,"","","","","","","","","","","","","","","","","","","","","","","","","","","","","","","","","","","","",22.8,1,13.2,1,"","","","","","","","","","","","","","","","","","","","","","","","","","",55,1,"","","","","","","","","","","","","","",1021.9,1,1011.3,1,"","","","","","","","","","","","","","","","","","","","","","","","","","","","","","","","","","","","","","","","","","","","","","","","","","","","","","","","","","","","","","","","","","","","","","","","","","","","","","","","","","","","","","","","","","","","","","","","","","","","","","","","","","","","","","","",""
"51183001","REIMS-COURCY",49.306167,4.050667,91,1947070112,"","","","","","","","","","","","","","","","","","","","","","","","","","","","","","","","","","","","",22.,1,10.6,1,"","","","","","","","","","","","","","","","","","","","","","","","","","",48,1,"","","","","","","","","","","","","","",1021.6,1,1011.,1,"","","","","","","","","","","","","","","","","","","","","","","","","","","","","","","","","","","","","","","","","","","","","","","","","","","","","","","","","","","","","","","","","","","","","","","","","","","","","","","","","","","","","","","","","","","","","","","","","","","","","","","","","","","","","","","",""
"51183001","REIMS-COURCY",49.306167,4.050667,91,1947070212,"","","","","","","","","","","","","","","","","","","","","","","","","","","","","","","","","","","","",23.2,1,12.2,1,"","","","","","","","","","","","","","","","","","","","","","","","","","",50,1,"","","","","","","","","","","","","","",1021.6,1,1011.,1,"","","","","","","","","","","","","","","","","","","","","","","","","","","","","","","","","","","","","","","","","","","","","","","","","","","","","","","","","","","","","","","","","","","","","","","","","","","","","","","","","","","","","","","","","","","","","","","","","","","","","","","","","","","","","","","",""
"51183001","REIMS-COURCY",49.306167,4.050667,91,1947070312,"","","","","","","","","","","","","","","","","","","","","","","","","","","","","","","","","","","","",27.,1,11.1,1,"","","","","","","","","","","","","","","","","","","","","","","","","","",37,1,"","","","","","","","","","","","","","",1018.3,1,1007.9,1,"","","","","","","","","","","","","","","","","","","","","","","","","","","","","","","","","","","","","","","","","","","","","","","","","","","","","","","","","","","","","","","","","","","","","","","","","","","","","","","","","","","","","","","","","","","","","","","","","","","","","","","","","","","","","","","",""
"51183001","REIMS-COURCY",49.306167,4.050667,91,1947070412,"","","","","","","","","","","","","","","","","","","","","","","","","","","","","","","","","","","","",30.2,1,10.9,1,"","","","","","","","","","","","","","","","","","","","","","","","","","",30,1,"","","","","","","","","","","","","","",1014.,1,1003.7,1,"","","","","","","","","","","","","","","","","","","","","","","","","","","","","","","","","","","","","","","","","","","","","","","","","","","","","","","","","","","","","","","","","","","","","","","","","","","","","","","","","","","","","","","","","","","","","","","","","","","","","","","","","","","","","","","",""
"51183001","REIMS-COURCY",49.306167,4.050667,91,1947070512,"","","","","","","","","","","","","","","","","","","","","","","","","","","","","","","","","","","","",17.4,1,13.9,1,"","","","","","","","","","","","","","","","","","","","","","","","","","",80,1,"","","","","","","","","","","","","","",1011.4,1,1000.7,1,"","","","","","","","","","","","","","","","","","","","","","","","","","","","","","","","","","","","","","","","","","","","","","","","","","","","","","","","","","","","","","","","","","","","","","","","","","","","","","","","","","","","","","","","","","","","","","","","","","","","","","","","","","","","","","","",""
"51183001","REIMS-COURCY",49.306167,4.050667,91,1947070612,"","","","","","","","","","","","","","","","","","","","","","","","","","","","","","","","","","","","",19.6,1,7.5,1,"","","","","","","","","","","","","","","","","","","","","","","","","","",45,1,"","","","","","","","","","","","","","",1015.7,1,1005.,1,"","","","","","","","","","","","","","","","","","","","","","","","","","","","","","","","","","","","","","","","","","","","","","","","","","","","","","","","","","","","","","","","","","","","","","","","","","","","","","","","","","","","","","","","","","","","","","","","","","","","","","","","","","","","","","","",""
"51183001","REIMS-COURCY",49.306167,4.050667,91,1947070712,"","","","","","","","","","","","","","","","","","","","","","","","","","","","","","","","","","","","",24.2,1,13.5,1,"","","","","","","","","","","","","","","","","","","","","","","","","","",51,1,"","","","","","","","","","","","","","",1008.2,1,997.8,1,"","","","","","","","","","","","","","","","","","","","","","","","","","","","","","","","","","","","","","","","","","","","","","","","","","","","","","","","","","","","","","","","","","","","","","","","","","","","","","","","","","","","","","","","","","","","","","","","","","","","","","","","","","","","","","","",""
"51183001","REIMS-COURCY",49.306167,4.050667,91,1947070812,"","","","","","","","","","","","","","","","","","","","","","","","","","","","","","","","","","","","",19.8,1,6.8,1,"","","","","","","","","","","","","","","","","","","","","","","","","","",43,1,"","","","","","","","","","","","","","",1009.3,1,998.7,1,"","","","","","","","","","","","","","","","","","","","","","","","","","","","","","","","","","","","","","","","","","","","","","","","","","","","","","","","","","","","","","","","","","","","","","","","","","","","","","","","","","","","","","","","","","","","","","","","","","","","","","","","","","","","","","","",""
"51183001","REIMS-COURCY",49.306167,4.050667,91,1947070912,"","","","","","","","","","","","","","","","","","","","","","","","","","","","","","","","","","","","",18.6,1,10.5,1,"","","","","","","","","","","","","","","","","","","","","","","","","","",59,1,"","","","","","","","","","","","","","",1002.9,1,992.3,1,"","","","","","","","","","","","","","","","","","","","","","","","","","","","","","","","","","","","","","","","","","","","","","","","","","","","","","","","","","","","","","","","","","","","","","","","","","","","","","","","","","","","","","","","","","","","","","","","","","","","","","","","","","","","","","","",""
"51183001","REIMS-COURCY",49.306167,4.050667,91,1947071012,"","","","","","","","","","","","","","","","","","","","","","","","","","","","","","","","","","","","",15.4,1,8.2,1,"","","","","","","","","","","","","","","","","","","","","","","","","","",62,1,"","","","","","","","","","","","","","",1009.4,1,998.6,1,"","","","","","","","","","","","","","","","","","","","","","","","","","","","","","","","","","","","","","","","","","","","","","","","","","","","","","","","","","","","","","","","","","","","","","","","","","","","","","","","","","","","","","","","","","","","","","","","","","","","","","","","","","","","","","","",""
"51183001","REIMS-COURCY",49.306167,4.050667,91,1947071112,"","","","","","","","","","","","","","","","","","","","","","","","","","","","","","","","","","","","",19.4,1,11.4,1,"","","","","","","","","","","","","","","","","","","","","","","","","","",60,1,"","","","","","","","","","","","","","",1009.6,1,999.,1,"","","","","","","","","","","","","","","","","","","","","","","","","","","","","","","","","","","","","","","","","","","","","","","","","","","","","","","","","","","","","","","","","","","","","","","","","","","","","","","","","","","","","","","","","","","","","","","","","","","","","","","","","","","","","","","",""
"51183001","REIMS-COURCY",49.306167,4.050667,91,1947071212,"","","","","","","","","","","","","","","","","","","","","","","","","","","","","","","","","","","","",18.6,1,9.6,1,"","","","","","","","","","","","","","","","","","","","","","","","","","",56,1,"","","","","","","","","","","","","","",1020.2,1,1009.5,1,"","","","","","","","","","","","","","","","","","","","","","","","","","","","","","","","","","","","","","","","","","","","","","","","","","","","","","","","","","","","","","","","","","","","","","","","","","","","","","","","","","","","","","","","","","","","","","","","","","","","","","","","","","","","","","","",""
"51183001","REIMS-COURCY",49.306167,4.050667,91,1947071312,"","","","","","","","","","","","","","","","","","","","","","","","","","","","","","","","","","","","",22.4,1,11.1,1,"","","","","","","","","","","","","","","","","","","","","","","","","","",49,1,"","","","","","","","","","","","","","",1025.6,1,1014.9,1,"","","","","","","","","","","","","","","","","","","","","","","","","","","","","","","","","","","","","","","","","","","","","","","","","","","","","","","","","","","","","","","","","","","","","","","","","","","","","","","","","","","","","","","","","","","","","","","","","","","","","","","","","","","","","","","",""
"51183001","REIMS-COURCY",49.306167,4.050667,91,1947071412,"","","","","","","","","","","","","","","","","","","","","","","","","","","","","","","","","","","","",26.8,1,13.3,1,"","","","","","","","","","","","","","","","","","","","","","","","","","",43,1,"","","","","","","","","","","","","","",1022.4,1,1011.9,1,"","","","","","","","","","","","","","","","","","","","","","","","","","","","","","","","","","","","","","","","","","","","","","","","","","","","","","","","","","","","","","","","","","","","","","","","","","","","","","","","","","","","","","","","","","","","","","","","","","","","","","","","","","","","","","","",""
"51183001","REIMS-COURCY",49.306167,4.050667,91,1947071512,"","","","","","","","","","","","","","","","","","","","","","","","","","","","","","","","","","","","",29.2,1,12.9,1,"","","","","","","","","","","","","","","","","","","","","","","","","","",37,1,"","","","","","","","","","","","","","",1014.9,1,1004.6,1,"","","","","","","","","","","","","","","","","","","","","","","","","","","","","","","","","","","","","","","","","","","","","","","","","","","","","","","","","","","","","","","","","","","","","","","","","","","","","","","","","","","","","","","","","","","","","","","","","","","","","","","","","","","","","","","",""
"51183001","REIMS-COURCY",49.306167,4.050667,91,1947071612,"","","","","","","","","","","","","","","","","","","","","","","","","","","","","","","","","","","","",28.6,1,16.4,1,"","","","","","","","","","","","","","","","","","","","","","","","","","",48,1,"","","","","","","","","","","","","","",1013.,1,1002.7,1,"","","","","","","","","","","","","","","","","","","","","","","","","","","","","","","","","","","","","","","","","","","","","","","","","","","","","","","","","","","","","","","","","","","","","","","","","","","","","","","","","","","","","","","","","","","","","","","","","","","","","","","","","","","","","","","",""
"51183001","REIMS-COURCY",49.306167,4.050667,91,1947071712,"","","","","","","","","","","","","","","","","","","","","","","","","","","","","","","","","","","","",18.,1,17.1,1,"","","","","","","","","","","","","","","","","","","","","","","","","","",94,1,"","","","","","","","","","","","","","",1014.8,1,1004.1,1,"","","","","","","","","","","","","","","","","","","","","","","","","","","","","","","","","","","","","","","","","","","","","","","","","","","","","","","","","","","","","","","","","","","","","","","","","","","","","","","","","","","","","","","","","","","","","","","","","","","","","","","","","","","","","","","",""
"51183001","REIMS-COURCY",49.306167,4.050667,91,1947071812,"","","","","","","","","","","","","","","","","","","","","","","","","","","","","","","","","","","","",22.4,1,16.7,1,"","","","","","","","","","","","","","","","","","","","","","","","","","",70,1,"","","","","","","","","","","","","","",1013.,1,1002.5,1,"","","","","","","","","","","","","","","","","","","","","","","","","","","","","","","","","","","","","","","","","","","","","","","","","","","","","","","","","","","","","","","","","","","","","","","","","","","","","","","","","","","","","","","","","","","","","","","","","","","","","","","","","","","","","","","",""
"51183001","REIMS-COURCY",49.306167,4.050667,91,1947071912,"","","","","","","","","","","","","","","","","","","","","","","","","","","","","","","","","","","","",23.6,1,17.,1,"","","","","","","","","","","","","","","","","","","","","","","","","","",66,1,"","","","","","","","","","","","","","",1009.1,1,998.7,1,"","","","","","","","","","","","","","","","","","","","","","","","","","","","","","","","","","","","","","","","","","","","","","","","","","","","","","","","","","","","","","","","","","","","","","","","","","","","","","","","","","","","","","","","","","","","","","","","","","","","","","","","","","","","","","","",""
"51183001","REIMS-COURCY",49.306167,4.050667,91,1947072012,"","","","","","","","","","","","","","","","","","","","","","","","","","","","","","","","","","","","",19.,1,13.2,1,"","","","","","","","","","","","","","","","","","","","","","","","","","",69,1,"","","","","","","","","","","","","","",1013.6,1,1002.9,1,"","","","","","","","","","","","","","","","","","","","","","","","","","","","","","","","","","","","","","","","","","","","","","","","","","","","","","","","","","","","","","","","","","","","","","","","","","","","","","","","","","","","","","","","","","","","","","","","","","","","","","","","","","","","","","","",""
"51183001","REIMS-COURCY",49.306167,4.050667,91,1947072112,"","","","","","","","","","","","","","","","","","","","","","","","","","","","","","","","","","","","",23.6,1,13.1,1,"","","","","","","","","","","","","","","","","","","","","","","","","","",52,1,"","","","","","","","","","","","","","",1016.4,1,1005.9,1,"","","","","","","","","","","","","","","","","","","","","","","","","","","","","","","","","","","","","","","","","","","","","","","","","","","","","","","","","","","","","","","","","","","","","","","","","","","","","","","","","","","","","","","","","","","","","","","","","","","","","","","","","","","","","","","",""
"51183001","REIMS-COURCY",49.306167,4.050667,91,1947072212,"","","","","","","","","","","","","","","","","","","","","","","","","","","","","","","","","","","","",28.6,1,16.3,1,"","","","","","","","","","","","","","","","","","","","","","","","","","",47,1,"","","","","","","","","","","","","","",1019.,1,1008.6,1,"","","","","","","","","","","","","","","","","","","","","","","","","","","","","","","","","","","","","","","","","","","","","","","","","","","","","","","","","","","","","","","","","","","","","","","","","","","","","","","","","","","","","","","","","","","","","","","","","","","","","","","","","","","","","","","",""
"51183001","REIMS-COURCY",49.306167,4.050667,91,1947072312,"","","","","","","","","","","","","","","","","","","","","","","","","","","","","","","","","","","","",31.,1,17.9,1,"","","","","","","","","","","","","","","","","","","","","","","","","","",46,1,"","","","","","","","","","","","","","",1018.4,1,1008.1,1,"","","","","","","","","","","","","","","","","","","","","","","","","","","","","","","","","","","","","","","","","","","","","","","","","","","","","","","","","","","","","","","","","","","","","","","","","","","","","","","","","","","","","","","","","","","","","","","","","","","","","","","","","","","","","","","",""
"51183001","REIMS-COURCY",49.306167,4.050667,91,1947072412,"","","","","","","","","","","","","","","","","","","","","","","","","","","","","","","","","","","","",30.,1,19.4,1,"","","","","","","","","","","","","","","","","","","","","","","","","","",53,1,"","","","","","","","","","","","","","",1018.4,1,1008.1,1,"","","","","","","","","","","","","","","","","","","","","","","","","","","","","","","","","","","","","","","","","","","","","","","","","","","","","","","","","","","","","","","","","","","","","","","","","","","","","","","","","","","","","","","","","","","","","","","","","","","","","","","","","","","","","","","",""
"51183001","REIMS-COURCY",49.306167,4.050667,91,1947072512,"","","","","","","","","","","","","","","","","","","","","","","","","","","","","","","","","","","","",33.,1,20.1,1,"","","","","","","","","","","","","","","","","","","","","","","","","","",47,1,"","","","","","","","","","","","","","",1016.4,1,1006.2,1,"","","","","","","","","","","","","","","","","","","","","","","","","","","","","","","","","","","","","","","","","","","","","","","","","","","","","","","","","","","","","","","","","","","","","","","","","","","","","","","","","","","","","","","","","","","","","","","","","","","","","","","","","","","","","","","",""
"51183001","REIMS-COURCY",49.306167,4.050667,91,1947072612,"","","","","","","","","","","","","","","","","","","","","","","","","","","","","","","","","","","","",28.8,1,20.9,1,"","","","","","","","","","","","","","","","","","","","","","","","","","",62,1,"","","","","","","","","","","","","","",1018.2,1,1007.9,1,"","","","","","","","","","","","","","","","","","","","","","","","","","","","","","","","","","","","","","","","","","","","","","","","","","","","","","","","","","","","","","","","","","","","","","","","","","","","","","","","","","","","","","","","","","","","","","","","","","","","","","","","","","","","","","","",""
"51183001","REIMS-COURCY",49.306167,4.050667,91,1947072712,"","","","","","","","","","","","","","","","","","","","","","","","","","","","","","","","","","","","",26.,1,20.,1,"","","","","","","","","","","","","","","","","","","","","","","","","","",70,1,"","","","","","","","","","","","","","",1017.8,1,1007.4,1,"","","","","","","","","","","","","","","","","","","","","","","","","","","","","","","","","","","","","","","","","","","","","","","","","","","","","","","","","","","","","","","","","","","","","","","","","","","","","","","","","","","","","","","","","","","","","","","","","","","","","","","","","","","","","","","",""
"51183001","REIMS-COURCY",49.306167,4.050667,91,1947072812,"","","","","","","","","","","","","","","","","","","","","","","","","","","","","","","","","","","","",34.4,1,19.4,1,"","","","","","","","","","","","","","","","","","","","","","","","","","",41,1,"","","","","","","","","","","","","","",1015.4,1,1005.3,1,"","","","","","","","","","","","","","","","","","","","","","","","","","","","","","","","","","","","","","","","","","","","","","","","","","","","","","","","","","","","","","","","","","","","","","","","","","","","","","","","","","","","","","","","","","","","","","","","","","","","","","","","","","","","","","","",""
"51183001","REIMS-COURCY",49.306167,4.050667,91,1947072912,"","","","","","","","","","","","","","","","","","","","","","","","","","","","","","","","","","","","",32.,1,22.1,1,"","","","","","","","","","","","","","","","","","","","","","","","","","",56,1,"","","","","","","","","","","","","","",1014.4,1,1004.2,1,"","","","","","","","","","","","","","","","","","","","","","","","","","","","","","","","","","","","","","","","","","","","","","","","","","","","","","","","","","","","","","","","","","","","","","","","","","","","","","","","","","","","","","","","","","","","","","","","","","","","","","","","","","","","","","","",""
"51183001","REIMS-COURCY",49.306167,4.050667,91,1947073012,"","","","","","","","","","","","","","","","","","","","","","","","","","","","","","","","","","","","",30.,1,17.7,1,"","","","","","","","","","","","","","","","","","","","","","","","","","",48,1,"","","","","","","","","","","","","","",1016.2,1,1005.9,1,"","","","","","","","","","","","","","","","","","","","","","","","","","","","","","","","","","","","","","","","","","","","","","","","","","","","","","","","","","","","","","","","","","","","","","","","","","","","","","","","","","","","","","","","","","","","","","","","","","","","","","","","","","","","","","","",""
"51183001","REIMS-COURCY",49.306167,4.050667,91,1947073112,"","","","","","","","","","","","","","","","","","","","","","","","","","","","","","","","","","","","",29.8,1,20.8,1,"","","","","","","","","","","","","","","","","","","","","","","","","","",59,1,"","","","","","","","","","","","","","",1014.1,1,1003.9,1,"","","","","","","","","","","","","","","","","","","","","","","","","","","","","","","","","","","","","","","","","","","","","","","","","","","","","","","","","","","","","","","","","","","","","","","","","","","","","","","","","","","","","","","","","","","","","","","","","","","","","","","","","","","","","","","",""
"51183001","REIMS-COURCY",49.306167,4.050667,91,1947080112,"","","","","","","","","","","","","","","","","","","","","","","","","","","","","","","","","","","","",29.,1,17.2,1,"","","","","","","","","","","","","","","","","","","","","","","","","","",49,1,"","","","","","","","","","","","","","",1018.8,1,1008.5,1,"","","","","","","","","","","","","","","","","","","","","","","","","","","","","","","","","","","","","","","","","","","","","","","","","","","","","","","","","","","","","","","","","","","","","","","","","","","","","","","","","","","","","","","","","","","","","","","","","","","","","","","","","","","","","","","",""
"51183001","REIMS-COURCY",49.306167,4.050667,91,1947080212,"","","","","","","","","","","","","","","","","","","","","","","","","","","","","","","","","","","","",31.4,1,17.7,1,"","","","","","","","","","","","","","","","","","","","","","","","","","",44,1,"","","","","","","","","","","","","","",1016.7,1,1006.5,1,"","","","","","","","","","","","","","","","","","","","","","","","","","","","","","","","","","","","","","","","","","","","","","","","","","","","","","","","","","","","","","","","","","","","","","","","","","","","","","","","","","","","","","","","","","","","","","","","","","","","","","","","","","","","","","","",""
"51183001","REIMS-COURCY",49.306167,4.050667,91,1947080312,"","","","","","","","","","","","","","","","","","","","","","","","","","","","","","","","","","","","",27.,1,15.8,1,"","","","","","","","","","","","","","","","","","","","","","","","","","",50,1,"","","","","","","","","","","","","","",1018.7,1,1008.3,1,"","","","","","","","","","","","","","","","","","","","","","","","","","","","","","","","","","","","","","","","","","","","","","","","","","","","","","","","","","","","","","","","","","","","","","","","","","","","","","","","","","","","","","","","","","","","","","","","","","","","","","","","","","","","","","","",""
"51183001","REIMS-COURCY",49.306167,4.050667,91,1947080412,"","","","","","","","","","","","","","","","","","","","","","","","","","","","","","","","","","","","",30.,1,16.,1,"","","","","","","","","","","","","","","","","","","","","","","","","","",43,1,"","","","","","","","","","","","","","",1009.5,1,999.3,1,"","","","","","","","","","","","","","","","","","","","","","","","","","","","","","","","","","","","","","","","","","","","","","","","","","","","","","","","","","","","","","","","","","","","","","","","","","","","","","","","","","","","","","","","","","","","","","","","","","","","","","","","","","","","","","","",""
"51183001","REIMS-COURCY",49.306167,4.050667,91,1947080512,"","","","","","","","","","","","","","","","","","","","","","","","","","","","","","","","","","","","",20.6,1,13.2,1,"","","","","","","","","","","","","","","","","","","","","","","","","","",63,1,"","","","","","","","","","","","","","",1006.8,1,996.3,1,"","","","","","","","","","","","","","","","","","","","","","","","","","","","","","","","","","","","","","","","","","","","","","","","","","","","","","","","","","","","","","","","","","","","","","","","","","","","","","","","","","","","","","","","","","","","","","","","","","","","","","","","","","","","","","","",""
"51183001","REIMS-COURCY",49.306167,4.050667,91,1947080612,"","","","","","","","","","","","","","","","","","","","","","","","","","","","","","","","","","","","","","","","","","","","","","","","","","","","","","","","","","","","","","","","","","","","","","","","","","","","","","","","","","","","",1004.5,1,"","","","","","","","","","","","","","","","","","","","","","","","","","","","","","","","","","","","","","","","","","","","","","","","","","","","","","","","","","","","","","","","","","","","","","","","","","","","","","","","","","","","","","","","","","","","","","","","","","","","","","","","","","","","","","","",""
"51183001","REIMS-COURCY",49.306167,4.050667,91,1947080712,"","","","","","","","","","","","","","","","","","","","","","","","","","","","","","","","","","","","",19.8,1,15.4,1,"","","","","","","","","","","","","","","","","","","","","","","","","","",76,1,"","","","","","","","","","","","","","",1017.3,1,1006.6,1,"","","","","","","","","","","","","","","","","","","","","","","","","","","","","","","","","","","","","","","","","","","","","","","","","","","","","","","","","","","","","","","","","","","","","","","","","","","","","","","","","","","","","","","","","","","","","","","","","","","","","","","","","","","","","","","",""
"51183001","REIMS-COURCY",49.306167,4.050667,91,1947080812,"","","","","","","","","","","","","","","","","","","","","","","","","","","","","","","","","","","","",21.3,1,11.8,1,"","","","","","","","","","","","","","","","","","","","","","","","","","",55,1,"","","","","","","","","","","","","","",1018.1,1,1007.5,1,"","","","","","","","","","","","","","","","","","","","","","","","","","","","","","","","","","","","","","","","","","","","","","","","","","","","","","","","","","","","","","","","","","","","","","","","","","","","","","","","","","","","","","","","","","","","","","","","","","","","","","","","","","","","","","","",""
"51183001","REIMS-COURCY",49.306167,4.050667,91,1947080912,"","","","","","","","","","","","","","","","","","","","","","","","","","","","","","","","","","","","",23.,1,12.3,1,"","","","","","","","","","","","","","","","","","","","","","","","","","",51,1,"","","","","","","","","","","","","","",1013.,1,1002.5,1,"","","","","","","","","","","","","","","","","","","","","","","","","","","","","","","","","","","","","","","","","","","","","","","","","","","","","","","","","","","","","","","","","","","","","","","","","","","","","","","","","","","","","","","","","","","","","","","","","","","","","","","","","","","","","","","",""
"51183001","REIMS-COURCY",49.306167,4.050667,91,1947081012,"","","","","","","","","","","","","","","","","","","","","","","","","","","","","","","","","","","","",25.2,1,14.7,1,"","","","","","","","","","","","","","","","","","","","","","","","","","",52,1,"","","","","","","","","","","","","","",1013.,1,1002.6,1,"","","","","","","","","","","","","","","","","","","","","","","","","","","","","","","","","","","","","","","","","","","","","","","","","","","","","","","","","","","","","","","","","","","","","","","","","","","","","","","","","","","","","","","","","","","","","","","","","","","","","","","","","","","","","","","",""
"51183001","REIMS-COURCY",49.306167,4.050667,91,1947081112,"","","","","","","","","","","","","","","","","","","","","","","","","","","","","","","","","","","","",27.,1,16.9,1,"","","","","","","","","","","","","","","","","","","","","","","","","","",54,1,"","","","","","","","","","","","","","",1016.5,1,1006.1,1,"","","","","","","","","","","","","","","","","","","","","","","","","","","","","","","","","","","","","","","","","","","","","","","","","","","","","","","","","","","","","","","","","","","","","","","","","","","","","","","","","","","","","","","","","","","","","","","","","","","","","","","","","","","","","","","",""
"51183001","REIMS-COURCY",49.306167,4.050667,91,1947081212,"","","","","","","","","","","","","","","","","","","","","","","","","","","","","","","","","","","","",27.6,1,15.5,1,"","","","","","","","","","","","","","","","","","","","","","","","","","",48,1,"","","","","","","","","","","","","","",1018.2,1,1007.8,1,"","","","","","","","","","","","","","","","","","","","","","","","","","","","","","","","","","","","","","","","","","","","","","","","","","","","","","","","","","","","","","","","","","","","","","","","","","","","","","","","","","","","","","","","","","","","","","","","","","","","","","","","","","","","","","","",""
"51183001","REIMS-COURCY",49.306167,4.050667,91,1947081312,"","","","","","","","","","","","","","","","","","","","","","","","","","","","","","","","","","","","",28.8,1,13.2,1,"","","","","","","","","","","","","","","","","","","","","","","","","","",38,1,"","","","","","","","","","","","","","",1018.9,1,1008.5,1,"","","","","","","","","","","","","","","","","","","","","","","","","","","","","","","","","","","","","","","","","","","","","","","","","","","","","","","","","","","","","","","","","","","","","","","","","","","","","","","","","","","","","","","","","","","","","","","","","","","","","","","","","","","","","","","",""
"51183001","REIMS-COURCY",49.306167,4.050667,91,1947081412,"","","","","","","","","","","","","","","","","","","","","","","","","","","","","","","","","","","","",30.3,1,12.8,1,"","","","","","","","","","","","","","","","","","","","","","","","","","",34,1,"","","","","","","","","","","","","","",1017.7,1,1007.4,1,"","","","","","","","","","","","","","","","","","","","","","","","","","","","","","","","","","","","","","","","","","","","","","","","","","","","","","","","","","","","","","","","","","","","","","","","","","","","","","","","","","","","","","","","","","","","","","","","","","","","","","","","","","","","","","","",""
"51183001","REIMS-COURCY",49.306167,4.050667,91,1947081512,"","","","","","","","","","","","","","","","","","","","","","","","","","","","","","","","","","","","",32.,1,14.,1,"","","","","","","","","","","","","","","","","","","","","","","","","","",34,1,"","","","","","","","","","","","","","",1016.8,1,1006.6,1,"","","","","","","","","","","","","","","","","","","","","","","","","","","","","","","","","","","","","","","","","","","","","","","","","","","","","","","","","","","","","","","","","","","","","","","","","","","","","","","","","","","","","","","","","","","","","","","","","","","","","","","","","","","","","","","",""
"51183001","REIMS-COURCY",49.306167,4.050667,91,1947081612,"","","","","","","","","","","","","","","","","","","","","","","","","","","","","","","","","","","","",32.2,1,16.6,1,"","","","","","","","","","","","","","","","","","","","","","","","","","",39,1,"","","","","","","","","","","","","","",1017.5,1,1007.3,1,"","","","","","","","","","","","","","","","","","","","","","","","","","","","","","","","","","","","","","","","","","","","","","","","","","","","","","","","","","","","","","","","","","","","","","","","","","","","","","","","","","","","","","","","","","","","","","","","","","","","","","","","","","","","","","","",""
"51183001","REIMS-COURCY",49.306167,4.050667,91,1947081712,"","","","","","","","","","","","","","","","","","","","","","","","","","","","","","","","","","","","",33.2,1,14.4,1,"","","","","","","","","","","","","","","","","","","","","","","","","","",32,1,"","","","","","","","","","","","","","",1017.6,1,1007.4,1,"","","","","","","","","","","","","","","","","","","","","","","","","","","","","","","","","","","","","","","","","","","","","","","","","","","","","","","","","","","","","","","","","","","","","","","","","","","","","","","","","","","","","","","","","","","","","","","","","","","","","","","","","","","","","","","",""
"51183001","REIMS-COURCY",49.306167,4.050667,91,1947081812,"","","","","","","","","","","","","","","","","","","","","","","","","","","","","","","","","","","","",32.4,1,14.1,1,"","","","","","","","","","","","","","","","","","","","","","","","","","",33,1,"","","","","","","","","","","","","","",1016.3,1,1006.1,1,"","","","","","","","","","","","","","","","","","","","","","","","","","","","","","","","","","","","","","","","","","","","","","","","","","","","","","","","","","","","","","","","","","","","","","","","","","","","","","","","","","","","","","","","","","","","","","","","","","","","","","","","","","","","","","","",""
"51183001","REIMS-COURCY",49.306167,4.050667,91,1947081912,"","","","","","","","","","","","","","","","","","","","","","","","","","","","","","","","","","","","",29.,1,16.5,1,"","","","","","","","","","","","","","","","","","","","","","","","","","",47,1,"","","","","","","","","","","","","","",1014.6,1,1004.3,1,"","","","","","","","","","","","","","","","","","","","","","","","","","","","","","","","","","","","","","","","","","","","","","","","","","","","","","","","","","","","","","","","","","","","","","","","","","","","","","","","","","","","","","","","","","","","","","","","","","","","","","","","","","","","","","","",""
"51183001","REIMS-COURCY",49.306167,4.050667,91,1947082012,"","","","","","","","","","","","","","","","","","","","","","","","","","","","","","","","","","","","",31.1,1,17.4,1,"","","","","","","","","","","","","","","","","","","","","","","","","","",44,1,"","","","","","","","","","","","","","",1016.5,1,1006.3,1,"","","","","","","","","","","","","","","","","","","","","","","","","","","","","","","","","","","","","","","","","","","","","","","","","","","","","","","","","","","","","","","","","","","","","","","","","","","","","","","","","","","","","","","","","","","","","","","","","","","","","","","","","","","","","","","",""
"51183001","REIMS-COURCY",49.306167,4.050667,91,1947082112,"","","","","","","","","","","","","","","","","","","","","","","","","","","","","","","","","","","","","","",18.,1,"","","","","","","","","","","","","","","","","","","","","","","","","","",86,1,"","","","","","","","","","","","","","",1013.6,1,1003.,1,"","","","","","","","","","","","","","","","","","","","","","","","","","","","","","","","","","","","","","","","","","","","","","","","","","","","","","","","","","","","","","","","","","","","","","","","","","","","","","","","","","","","","","","","","","","","","","","","","","","","","","","","","","","","","","","",""
"51183001","REIMS-COURCY",49.306167,4.050667,91,1947082212,"","","","","","","","","","","","","","","","","","","","","","","","","","","","","","","","","","","","",21.2,1,19.2,1,"","","","","","","","","","","","","","","","","","","","","","","","","","",88,1,"","","","","","","","","","","","","","",1013.1,1,1002.6,1,"","","","","","","","","","","","","","","","","","","","","","","","","","","","","","","","","","","","","","","","","","","","","","","","","","","","","","","","","","","","","","","","","","","","","","","","","","","","","","","","","","","","","","","","","","","","","","","","","","","","","","","","","","","","","","","",""
"51183001","REIMS-COURCY",49.306167,4.050667,91,1947082312,"","","","","","","","","","","","","","","","","","","","","","","","","","","","","","","","","","","","",25.,1,13.3,1,"","","","","","","","","","","","","","","","","","","","","","","","","","",48,1,"","","","","","","","","","","","","","",1016.6,1,1006.1,1,"","","","","","","","","","","","","","","","","","","","","","","","","","","","","","","","","","","","","","","","","","","","","","","","","","","","","","","","","","","","","","","","","","","","","","","","","","","","","","","","","","","","","","","","","","","","","","","","","","","","","","","","","","","","","","","",""
"51183001","REIMS-COURCY",49.306167,4.050667,91,1947082412,"","","","","","","","","","","","","","","","","","","","","","","","","","","","","","","","","","","","",24.4,1,12.9,1,"","","","","","","","","","","","","","","","","","","","","","","","","","",49,1,"","","","","","","","","","","","","","",1019.6,1,1009.1,1,"","","","","","","","","","","","","","","","","","","","","","","","","","","","","","","","","","","","","","","","","","","","","","","","","","","","","","","","","","","","","","","","","","","","","","","","","","","","","","","","","","","","","","","","","","","","","","","","","","","","","","","","","","","","","","","",""
"51183001","REIMS-COURCY",49.306167,4.050667,91,1947082512,"","","","","","","","","","","","","","","","","","","","","","","","","","","","","","","","","","","","",24.6,1,15.4,1,"","","","","","","","","","","","","","","","","","","","","","","","","","",57,1,"","","","","","","","","","","","","","",1019.5,1,1009.,1,"","","","","","","","","","","","","","","","","","","","","","","","","","","","","","","","","","","","","","","","","","","","","","","","","","","","","","","","","","","","","","","","","","","","","","","","","","","","","","","","","","","","","","","","","","","","","","","","","","","","","","","","","","","","","","","",""
"51183001","REIMS-COURCY",49.306167,4.050667,91,1947082612,"","","","","","","","","","","","","","","","","","","","","","","","","","","","","","","","","","","","",25.8,1,13.1,1,"","","","","","","","","","","","","","","","","","","","","","","","","","",45,1,"","","","","","","","","","","","","","",1021.1,1,1010.6,1,"","","","","","","","","","","","","","","","","","","","","","","","","","","","","","","","","","","","","","","","","","","","","","","","","","","","","","","","","","","","","","","","","","","","","","","","","","","","","","","","","","","","","","","","","","","","","","","","","","","","","","","","","","","","","","","",""
"51183001","REIMS-COURCY",49.306167,4.050667,91,1947082712,"","","","","","","","","","","","","","","","","","","","","","","","","","","","","","","","","","","","",25.2,1,12.4,1,"","","","","","","","","","","","","","","","","","","","","","","","","","",45,1,"","","","","","","","","","","","","","",1020.7,1,1010.2,1,"","","","","","","","","","","","","","","","","","","","","","","","","","","","","","","","","","","","","","","","","","","","","","","","","","","","","","","","","","","","","","","","","","","","","","","","","","","","","","","","","","","","","","","","","","","","","","","","","","","","","","","","","","","","","","","",""
"51183001","REIMS-COURCY",49.306167,4.050667,91,1947082812,"","","","","","","","","","","","","","","","","","","","","","","","","","","","","","","","","","","","",28.,1,12.,1,"","","","","","","","","","","","","","","","","","","","","","","","","","",37,1,"","","","","","","","","","","","","","",1020.6,1,1010.2,1,"","","","","","","","","","","","","","","","","","","","","","","","","","","","","","","","","","","","","","","","","","","","","","","","","","","","","","","","","","","","","","","","","","","","","","","","","","","","","","","","","","","","","","","","","","","","","","","","","","","","","","","","","","","","","","","",""
"51183001","REIMS-COURCY",49.306167,4.050667,91,1947082912,"","","","","","","","","","","","","","","","","","","","","","","","","","","","","","","","","","","","",24.9,1,9.9,1,"","","","","","","","","","","","","","","","","","","","","","","","","","",39,1,"","","","","","","","","","","","","","",1019.5,1,1009.,1,"","","","","","","","","","","","","","","","","","","","","","","","","","","","","","","","","","","","","","","","","","","","","","","","","","","","","","","","","","","","","","","","","","","","","","","","","","","","","","","","","","","","","","","","","","","","","","","","","","","","","","","","","","","","","","","",""
"51183001","REIMS-COURCY",49.306167,4.050667,91,1947083012,"","","","","","","","","","","","","","","","","","","","","","","","","","","","","","","","","","","","",24.4,1,9.2,1,"","","","","","","","","","","","","","","","","","","","","","","","","","",38,1,"","","","","","","","","","","","","","",1017.,1,1006.5,1,"","","","","","","","","","","","","","","","","","","","","","","","","","","","","","","","","","","","","","","","","","","","","","","","","","","","","","","","","","","","","","","","","","","","","","","","","","","","","","","","","","","","","","","","","","","","","","","","","","","","","","","","","","","","","","","",""
"51183001","REIMS-COURCY",49.306167,4.050667,91,1947083112,"","","","","","","","","","","","","","","","","","","","","","","","","","","","","","","","","","","","",23.4,1,6.7,1,"","","","","","","","","","","","","","","","","","","","","","","","","","",34,1,"","","","","","","","","","","","","","",1017.3,1,1006.7,1,"","","","","","","","","","","","","","","","","","","","","","","","","","","","","","","","","","","","","","","","","","","","","","","","","","","","","","","","","","","","","","","","","","","","","","","","","","","","","","","","","","","","","","","","","","","","","","","","","","","","","","","","","","","","","","","",""
"51183001","REIMS-COURCY",49.306167,4.050667,91,1947090112,"","","","","","","","","","","","","","","","","","","","","","","","","","","","","","","","","","","","",24.4,1,8.2,1,"","","","","","","","","","","","","","","","","","","","","","","","","","",36,1,"","","","","","","","","","","","","","",1015.2,1,1004.7,1,"","","","","","","","","","","","","","","","","","","","","","","","","","","","","","","","","","","","","","","","","","","","","","","","","","","","","","","","","","","","","","","","","","","","","","","","","","","","","","","","","","","","","","","","","","","","","","","","","","","","","","","","","","","","","","","",""
"51183001","REIMS-COURCY",49.306167,4.050667,91,1947090212,"","","","","","","","","","","","","","","","","","","","","","","","","","","","","","","","","","","","",25.,1,9.6,1,"","","","","","","","","","","","","","","","","","","","","","","","","","",38,1,"","","","","","","","","","","","","","",1014.,1,1003.5,1,"","","","","","","","","","","","","","","","","","","","","","","","","","","","","","","","","","","","","","","","","","","","","","","","","","","","","","","","","","","","","","","","","","","","","","","","","","","","","","","","","","","","","","","","","","","","","","","","","","","","","","","","","","","","","","","",""
"51183001","REIMS-COURCY",49.306167,4.050667,91,1947090312,"","","","","","","","","","","","","","","","","","","","","","","","","","","","","","","","","","","","",24.3,1,13.2,1,"","","","","","","","","","","","","","","","","","","","","","","","","","",50,1,"","","","","","","","","","","","","","",1015.4,1,1004.9,1,"","","","","","","","","","","","","","","","","","","","","","","","","","","","","","","","","","","","","","","","","","","","","","","","","","","","","","","","","","","","","","","","","","","","","","","","","","","","","","","","","","","","","","","","","","","","","","","","","","","","","","","","","","","","","","","",""
"51183001","REIMS-COURCY",49.306167,4.050667,91,1947090412,"","","","","","","","","","","","","","","","","","","","","","","","","","","","","","","","","","","","",24.4,1,13.3,1,"","","","","","","","","","","","","","","","","","","","","","","","","","",50,1,"","","","","","","","","","","","","","",1014.6,1,1004.1,1,"","","","","","","","","","","","","","","","","","","","","","","","","","","","","","","","","","","","","","","","","","","","","","","","","","","","","","","","","","","","","","","","","","","","","","","","","","","","","","","","","","","","","","","","","","","","","","","","","","","","","","","","","","","","","","","",""
"51183001","REIMS-COURCY",49.306167,4.050667,91,1947090512,"","","","","","","","","","","","","","","","","","","","","","","","","","","","","","","","","","","","",25.6,1,11.7,1,"","","","","","","","","","","","","","","","","","","","","","","","","","",42,1,"","","","","","","","","","","","","","",1015.3,1,1004.9,1,"","","","","","","","","","","","","","","","","","","","","","","","","","","","","","","","","","","","","","","","","","","","","","","","","","","","","","","","","","","","","","","","","","","","","","","","","","","","","","","","","","","","","","","","","","","","","","","","","","","","","","","","","","","","","","","",""
"51183001","REIMS-COURCY",49.306167,4.050667,91,1947090612,"","","","","","","","","","","","","","","","","","","","","","","","","","","","","","","","","","","","",22.6,1,13.7,1,"","","","","","","","","","","","","","","","","","","","","","","","","","",57,1,"","","","","","","","","","","","","","",1017.9,1,1007.3,1,"","","","","","","","","","","","","","","","","","","","","","","","","","","","","","","","","","","","","","","","","","","","","","","","","","","","","","","","","","","","","","","","","","","","","","","","","","","","","","","","","","","","","","","","","","","","","","","","","","","","","","","","","","","","","","","",""
"51183001","REIMS-COURCY",49.306167,4.050667,91,1947090712,"","","","","","","","","","","","","","","","","","","","","","","","","","","","","","","","","","","","",22.,1,13.7,1,"","","","","","","","","","","","","","","","","","","","","","","","","","",59,1,"","","","","","","","","","","","","","",1019.1,1,1008.5,1,"","","","","","","","","","","","","","","","","","","","","","","","","","","","","","","","","","","","","","","","","","","","","","","","","","","","","","","","","","","","","","","","","","","","","","","","","","","","","","","","","","","","","","","","","","","","","","","","","","","","","","","","","","","","","","","",""
"51183001","REIMS-COURCY",49.306167,4.050667,91,1947090812,"","","","","","","","","","","","","","","","","","","","","","","","","","","","","","","","","","","","",18.4,1,17.5,1,"","","","","","","","","","","","","","","","","","","","","","","","","","",94,1,"","","","","","","","","","","","","","",1014.9,1,1004.2,1,"","","","","","","","","","","","","","","","","","","","","","","","","","","","","","","","","","","","","","","","","","","","","","","","","","","","","","","","","","","","","","","","","","","","","","","","","","","","","","","","","","","","","","","","","","","","","","","","","","","","","","","","","","","","","","","",""
"51183001","REIMS-COURCY",49.306167,4.050667,91,1947090912,"","","","","","","","","","","","","","","","","","","","","","","","","","","","","","","","","","","","",20.2,1,12.7,1,"","","","","","","","","","","","","","","","","","","","","","","","","","",62,1,"","","","","","","","","","","","","","",1018.6,1,1007.9,1,"","","","","","","","","","","","","","","","","","","","","","","","","","","","","","","","","","","","","","","","","","","","","","","","","","","","","","","","","","","","","","","","","","","","","","","","","","","","","","","","","","","","","","","","","","","","","","","","","","","","","","","","","","","","","","","",""
"51183001","REIMS-COURCY",49.306167,4.050667,91,1947091012,"","","","","","","","","","","","","","","","","","","","","","","","","","","","","","","","","","","","",23.2,1,12.9,1,"","","","","","","","","","","","","","","","","","","","","","","","","","",52,1,"","","","","","","","","","","","","","",1022.,1,1011.4,1,"","","","","","","","","","","","","","","","","","","","","","","","","","","","","","","","","","","","","","","","","","","","","","","","","","","","","","","","","","","","","","","","","","","","","","","","","","","","","","","","","","","","","","","","","","","","","","","","","","","","","","","","","","","","","","","",""
"51183001","REIMS-COURCY",49.306167,4.050667,91,1947091112,"","","","","","","","","","","","","","","","","","","","","","","","","","","","","","","","","","","","",30.,1,18.1,1,"","","","","","","","","","","","","","","","","","","","","","","","","","",49,1,"","","","","","","","","","","","","","",1017.7,1,1007.4,1,"","","","","","","","","","","","","","","","","","","","","","","","","","","","","","","","","","","","","","","","","","","","","","","","","","","","","","","","","","","","","","","","","","","","","","","","","","","","","","","","","","","","","","","","","","","","","","","","","","","","","","","","","","","","","","","",""
"51183001","REIMS-COURCY",49.306167,4.050667,91,1947091212,"","","","","","","","","","","","","","","","","","","","","","","","","","","","","","","","","","","","",27.,1,16.9,1,"","","","","","","","","","","","","","","","","","","","","","","","","","",54,1,"","","","","","","","","","","","","","",1021.,1,1010.6,1,"","","","","","","","","","","","","","","","","","","","","","","","","","","","","","","","","","","","","","","","","","","","","","","","","","","","","","","","","","","","","","","","","","","","","","","","","","","","","","","","","","","","","","","","","","","","","","","","","","","","","","","","","","","","","","","",""
"51183001","REIMS-COURCY",49.306167,4.050667,91,1947091312,"","","","","","","","","","","","","","","","","","","","","","","","","","","","","","","","","","","","",31.4,1,19.8,1,"","","","","","","","","","","","","","","","","","","","","","","","","","",50,1,"","","","","","","","","","","","","","",1015.1,1,1004.9,1,"","","","","","","","","","","","","","","","","","","","","","","","","","","","","","","","","","","","","","","","","","","","","","","","","","","","","","","","","","","","","","","","","","","","","","","","","","","","","","","","","","","","","","","","","","","","","","","","","","","","","","","","","","","","","","","",""
"51183001","REIMS-COURCY",49.306167,4.050667,91,1947091412,"","","","","","","","","","","","","","","","","","","","","","","","","","","","","","","","","","","","",28.3,1,18.8,1,"","","","","","","","","","","","","","","","","","","","","","","","","","",56,1,"","","","","","","","","","","","","","",1016.,1,1005.7,1,"","","","","","","","","","","","","","","","","","","","","","","","","","","","","","","","","","","","","","","","","","","","","","","","","","","","","","","","","","","","","","","","","","","","","","","","","","","","","","","","","","","","","","","","","","","","","","","","","","","","","","","","","","","","","","","",""
"51183001","REIMS-COURCY",49.306167,4.050667,91,1947091512,"","","","","","","","","","","","","","","","","","","","","","","","","","","","","","","","","","","","",31.,1,18.3,1,"","","","","","","","","","","","","","","","","","","","","","","","","","",47,1,"","","","","","","","","","","","","","",1018.9,1,1008.6,1,"","","","","","","","","","","","","","","","","","","","","","","","","","","","","","","","","","","","","","","","","","","","","","","","","","","","","","","","","","","","","","","","","","","","","","","","","","","","","","","","","","","","","","","","","","","","","","","","","","","","","","","","","","","","","","","",""
"51183001","REIMS-COURCY",49.306167,4.050667,91,1947091612,"","","","","","","","","","","","","","","","","","","","","","","","","","","","","","","","","","","","",28.6,1,16.4,1,"","","","","","","","","","","","","","","","","","","","","","","","","","",48,1,"","","","","","","","","","","","","","",1014.,1,1003.7,1,"","","","","","","","","","","","","","","","","","","","","","","","","","","","","","","","","","","","","","","","","","","","","","","","","","","","","","","","","","","","","","","","","","","","","","","","","","","","","","","","","","","","","","","","","","","","","","","","","","","","","","","","","","","","","","","",""
"51183001","REIMS-COURCY",49.306167,4.050667,91,1947091712,"","","","","","","","","","","","","","","","","","","","","","","","","","","","","","","","","","","","",24.,1,16.8,1,"","","","","","","","","","","","","","","","","","","","","","","","","","",64,1,"","","","","","","","","","","","","","",1020.8,1,1010.3,1,"","","","","","","","","","","","","","","","","","","","","","","","","","","","","","","","","","","","","","","","","","","","","","","","","","","","","","","","","","","","","","","","","","","","","","","","","","","","","","","","","","","","","","","","","","","","","","","","","","","","","","","","","","","","","","","",""
"51183001","REIMS-COURCY",49.306167,4.050667,91,1947091812,"","","","","","","","","","","","","","","","","","","","","","","","","","","","","","","","","","","","",27.8,1,16.1,1,"","","","","","","","","","","","","","","","","","","","","","","","","","",49,1,"","","","","","","","","","","","","","",1015.8,1,1005.4,1,"","","","","","","","","","","","","","","","","","","","","","","","","","","","","","","","","","","","","","","","","","","","","","","","","","","","","","","","","","","","","","","","","","","","","","","","","","","","","","","","","","","","","","","","","","","","","","","","","","","","","","","","","","","","","","","",""
"51183001","REIMS-COURCY",49.306167,4.050667,91,1947091912,"","","","","","","","","","","","","","","","","","","","","","","","","","","","","","","","","","","","",28.6,1,12.9,1,"","","","","","","","","","","","","","","","","","","","","","","","","","",38,1,"","","","","","","","","","","","","","",1014.4,1,1004.1,1,"","","","","","","","","","","","","","","","","","","","","","","","","","","","","","","","","","","","","","","","","","","","","","","","","","","","","","","","","","","","","","","","","","","","","","","","","","","","","","","","","","","","","","","","","","","","","","","","","","","","","","","","","","","","","","","",""
"51183001","REIMS-COURCY",49.306167,4.050667,91,1947092012,"","","","","","","","","","","","","","","","","","","","","","","","","","","","","","","","","","","","",21.,1,12.5,1,"","","","","","","","","","","","","","","","","","","","","","","","","","",58,1,"","","","","","","","","","","","","","",1018.8,1,1008.2,1,"","","","","","","","","","","","","","","","","","","","","","","","","","","","","","","","","","","","","","","","","","","","","","","","","","","","","","","","","","","","","","","","","","","","","","","","","","","","","","","","","","","","","","","","","","","","","","","","","","","","","","","","","","","","","","","",""
"51183001","REIMS-COURCY",49.306167,4.050667,91,1947092112,"","","","","","","","","","","","","","","","","","","","","","","","","","","","","","","","","","","","",20.8,1,14.3,1,"","","","","","","","","","","","","","","","","","","","","","","","","","",66,1,"","","","","","","","","","","","","","",1026.,1,1015.3,1,"","","","","","","","","","","","","","","","","","","","","","","","","","","","","","","","","","","","","","","","","","","","","","","","","","","","","","","","","","","","","","","","","","","","","","","","","","","","","","","","","","","","","","","","","","","","","","","","","","","","","","","","","","","","","","","",""
"51183001","REIMS-COURCY",49.306167,4.050667,91,1947092212,"","","","","","","","","","","","","","","","","","","","","","","","","","","","","","","","","","","","",18.2,1,9.5,1,"","","","","","","","","","","","","","","","","","","","","","","","","","",57,1,"","","","","","","","","","","","","","",1033.2,1,1022.3,1,"","","","","","","","","","","","","","","","","","","","","","","","","","","","","","","","","","","","","","","","","","","","","","","","","","","","","","","","","","","","","","","","","","","","","","","","","","","","","","","","","","","","","","","","","","","","","","","","","","","","","","","","","","","","","","","",""
"51183001","REIMS-COURCY",49.306167,4.050667,91,1947092312,"","","","","","","","","","","","","","","","","","","","","","","","","","","","","","","","","","","","",13.4,1,12.7,1,"","","","","","","","","","","","","","","","","","","","","","","","","","",96,1,"","","","","","","","","","","","","","",1014.8,1,1003.9,1,"","","","","","","","","","","","","","","","","","","","","","","","","","","","","","","","","","","","","","","","","","","","","","","","","","","","","","","","","","","","","","","","","","","","","","","","","","","","","","","","","","","","","","","","","","","","","","","","","","","","","","","","","","","","","","","",""
"51183001","REIMS-COURCY",49.306167,4.050667,91,1947092412,"","","","","","","","","","","","","","","","","","","","","","","","","","","","","","","","","","","","",13.8,1,6.7,1,"","","","","","","","","","","","","","","","","","","","","","","","","","",62,1,"","","","","","","","","","","","","","",1016.3,1,1005.4,1,"","","","","","","","","","","","","","","","","","","","","","","","","","","","","","","","","","","","","","","","","","","","","","","","","","","","","","","","","","","","","","","","","","","","","","","","","","","","","","","","","","","","","","","","","","","","","","","","","","","","","","","","","","","","","","","",""
"51183001","REIMS-COURCY",49.306167,4.050667,91,1947092512,"","","","","","","","","","","","","","","","","","","","","","","","","","","","","","","","","","","","",15.,1,7.7,1,"","","","","","","","","","","","","","","","","","","","","","","","","","",62,1,"","","","","","","","","","","","","","",1015.4,1,1004.6,1,"","","","","","","","","","","","","","","","","","","","","","","","","","","","","","","","","","","","","","","","","","","","","","","","","","","","","","","","","","","","","","","","","","","","","","","","","","","","","","","","","","","","","","","","","","","","","","","","","","","","","","","","","","","","","","","",""
"51183001","REIMS-COURCY",49.306167,4.050667,91,1947092612,"","","","","","","","","","","","","","","","","","","","","","","","","","","","","","","","","","","","",20.,1,13.6,1,"","","","","","","","","","","","","","","","","","","","","","","","","","",67,1,"","","","","","","","","","","","","","",1008.9,1,998.3,1,"","","","","","","","","","","","","","","","","","","","","","","","","","","","","","","","","","","","","","","","","","","","","","","","","","","","","","","","","","","","","","","","","","","","","","","","","","","","","","","","","","","","","","","","","","","","","","","","","","","","","","","","","","","","","","","",""
"51183001","REIMS-COURCY",49.306167,4.050667,91,1947092712,"","","","","","","","","","","","","","","","","","","","","","","","","","","","","","","","","","","","",17.2,1,15.,1,"","","","","","","","","","","","","","","","","","","","","","","","","","",87,1,"","","","","","","","","","","","","","",1018.7,1,1007.9,1,"","","","","","","","","","","","","","","","","","","","","","","","","","","","","","","","","","","","","","","","","","","","","","","","","","","","","","","","","","","","","","","","","","","","","","","","","","","","","","","","","","","","","","","","","","","","","","","","","","","","","","","","","","","","","","","",""
"51183001","REIMS-COURCY",49.306167,4.050667,91,1947092812,"","","","","","","","","","","","","","","","","","","","","","","","","","","","","","","","","","","","",23.4,1,12.4,1,"","","","","","","","","","","","","","","","","","","","","","","","","","",50,1,"","","","","","","","","","","","","","",1022.9,1,1012.3,1,"","","","","","","","","","","","","","","","","","","","","","","","","","","","","","","","","","","","","","","","","","","","","","","","","","","","","","","","","","","","","","","","","","","","","","","","","","","","","","","","","","","","","","","","","","","","","","","","","","","","","","","","","","","","","","","",""
"51183001","REIMS-COURCY",49.306167,4.050667,91,1947092912,"","","","","","","","","","","","","","","","","","","","","","","","","","","","","","","","","","","","",17.,1,13.1,1,"","","","","","","","","","","","","","","","","","","","","","","","","","",78,1,"","","","","","","","","","","","","","",1021.9,1,1011.1,1,"","","","","","","","","","","","","","","","","","","","","","","","","","","","","","","","","","","","","","","","","","","","","","","","","","","","","","","","","","","","","","","","","","","","","","","","","","","","","","","","","","","","","","","","","","","","","","","","","","","","","","","","","","","","","","","",""
"51183001","REIMS-COURCY",49.306167,4.050667,91,1947093012,"","","","","","","","","","","","","","","","","","","","","","","","","","","","","","","","","","","","",15.6,1,5.2,1,"","","","","","","","","","","","","","","","","","","","","","","","","","",50,1,"","","","","","","","","","","","","","",1029.6,1,1018.6,1,"","","","","","","","","","","","","","","","","","","","","","","","","","","","","","","","","","","","","","","","","","","","","","","","","","","","","","","","","","","","","","","","","","","","","","","","","","","","","","","","","","","","","","","","","","","","","","","","","","","","","","","","","","","","","","","",""
"51183001","REIMS-COURCY",49.306167,4.050667,91,1947100112,"","","","","","","","","","","","","","","","","","","","","","","","","","","","","","","","","","","","",16.2,1,5.1,1,"","","","","","","","","","","","","","","","","","","","","","","","","","",48,1,"","","","","","","","","","","","","","",1027.,1,1016.1,1,"","","","","","","","","","","","","","","","","","","","","","","","","","","","","","","","","","","","","","","","","","","","","","","","","","","","","","","","","","","","","","","","","","","","","","","","","","","","","","","","","","","","","","","","","","","","","","","","","","","","","","","","","","","","","","","",""
"51183001","REIMS-COURCY",49.306167,4.050667,91,1947100212,"","","","","","","","","","","","","","","","","","","","","","","","","","","","","","","","","","","","",18.,1,6.1,1,"","","","","","","","","","","","","","","","","","","","","","","","","","",46,1,"","","","","","","","","","","","","","",1023.4,1,1012.6,1,"","","","","","","","","","","","","","","","","","","","","","","","","","","","","","","","","","","","","","","","","","","","","","","","","","","","","","","","","","","","","","","","","","","","","","","","","","","","","","","","","","","","","","","","","","","","","","","","","","","","","","","","","","","","","","","",""
"51183001","REIMS-COURCY",49.306167,4.050667,91,1947100312,"","","","","","","","","","","","","","","","","","","","","","","","","","","","","","","","","","","","",16.4,1,3.9,1,"","","","","","","","","","","","","","","","","","","","","","","","","","",43,1,"","","","","","","","","","","","","","",1026.2,1,1015.3,1,"","","","","","","","","","","","","","","","","","","","","","","","","","","","","","","","","","","","","","","","","","","","","","","","","","","","","","","","","","","","","","","","","","","","","","","","","","","","","","","","","","","","","","","","","","","","","","","","","","","","","","","","","","","","","","","",""
"51183001","REIMS-COURCY",49.306167,4.050667,91,1947100412,"","","","","","","","","","","","","","","","","","","","","","","","","","","","","","","","","","","","",17.4,1,-0.4,1,"","","","","","","","","","","","","","","","","","","","","","","","","","",30,1,"","","","","","","","","","","","","","",1027.6,1,1016.7,1,"","","","","","","","","","","","","","","","","","","","","","","","","","","","","","","","","","","","","","","","","","","","","","","","","","","","","","","","","","","","","","","","","","","","","","","","","","","","","","","","","","","","","","","","","","","","","","","","","","","","","","","","","","","","","","","",""
"51183001","REIMS-COURCY",49.306167,4.050667,91,1947100512,"","","","","","","","","","","","","","","","","","","","","","","","","","","","","","","","","","","","",21.,1,6.5,1,"","","","","","","","","","","","","","","","","","","","","","","","","","",39,1,"","","","","","","","","","","","","","",1022.5,1,1011.8,1,"","","","","","","","","","","","","","","","","","","","","","","","","","","","","","","","","","","","","","","","","","","","","","","","","","","","","","","","","","","","","","","","","","","","","","","","","","","","","","","","","","","","","","","","","","","","","","","","","","","","","","","","","","","","","","","",""
"51183001","REIMS-COURCY",49.306167,4.050667,91,1947100612,"","","","","","","","","","","","","","","","","","","","","","","","","","","","","","","","","","","","",22.8,1,10.9,1,"","","","","","","","","","","","","","","","","","","","","","","","","","",47,1,"","","","","","","","","","","","","","",1018.5,1,1007.9,1,"","","","","","","","","","","","","","","","","","","","","","","","","","","","","","","","","","","","","","","","","","","","","","","","","","","","","","","","","","","","","","","","","","","","","","","","","","","","","","","","","","","","","","","","","","","","","","","","","","","","","","","","","","","","","","","",""
"51183001","REIMS-COURCY",49.306167,4.050667,91,1947100712,"","","","","","","","","","","","","","","","","","","","","","","","","","","","","","","","","","","","",24.2,1,-31.4,1,"","","","","","","","","","","","","","","","","","","","","","","","","","",1,1,"","","","","","","","","","","","","","",1019.1,1,1008.5,1,"","","","","","","","","","","","","","","","","","","","","","","","","","","","","","","","","","","","","","","","","","","","","","","","","","","","","","","","","","","","","","","","","","","","","","","","","","","","","","","","","","","","","","","","","","","","","","","","","","","","","","","","","","","","","","","",""
"51183001","REIMS-COURCY",49.306167,4.050667,91,1947100812,"","","","","","","","","","","","","","","","","","","","","","","","","","","","","","","","","","","","",24.6,1,14.3,1,"","","","","","","","","","","","","","","","","","","","","","","","","","",53,1,"","","","","","","","","","","","","","",1016.3,1,1005.8,1,"","","","","","","","","","","","","","","","","","","","","","","","","","","","","","","","","","","","","","","","","","","","","","","","","","","","","","","","","","","","","","","","","","","","","","","","","","","","","","","","","","","","","","","","","","","","","","","","","","","","","","","","","","","","","","","",""
"51183001","REIMS-COURCY",49.306167,4.050667,91,1947100912,"","","","","","","","","","","","","","","","","","","","","","","","","","","","","","","","","","","","",16.,1,14.1,1,"","","","","","","","","","","","","","","","","","","","","","","","","","",88,1,"","","","","","","","","","","","","","",1020.1,1,1009.3,1,"","","","","","","","","","","","","","","","","","","","","","","","","","","","","","","","","","","","","","","","","","","","","","","","","","","","","","","","","","","","","","","","","","","","","","","","","","","","","","","","","","","","","","","","","","","","","","","","","","","","","","","","","","","","","","","",""
"51183001","REIMS-COURCY",49.306167,4.050667,91,1947101012,"","","","","","","","","","","","","","","","","","","","","","","","","","","","","","","","","","","","",17.6,1,14.1,1,"","","","","","","","","","","","","","","","","","","","","","","","","","",80,1,"","","","","","","","","","","","","","",1026.9,1,1016.1,1,"","","","","","","","","","","","","","","","","","","","","","","","","","","","","","","","","","","","","","","","","","","","","","","","","","","","","","","","","","","","","","","","","","","","","","","","","","","","","","","","","","","","","","","","","","","","","","","","","","","","","","","","","","","","","","","",""
"51183001","REIMS-COURCY",49.306167,4.050667,91,1947101112,"","","","","","","","","","","","","","","","","","","","","","","","","","","","","","","","","","","","",14.,1,12.3,1,"","","","","","","","","","","","","","","","","","","","","","","","","","",89,1,"","","","","","","","","","","","","","",1033.6,1,1022.5,1,"","","","","","","","","","","","","","","","","","","","","","","","","","","","","","","","","","","","","","","","","","","","","","","","","","","","","","","","","","","","","","","","","","","","","","","","","","","","","","","","","","","","","","","","","","","","","","","","","","","","","","","","","","","","","","","",""
"51183001","REIMS-COURCY",49.306167,4.050667,91,1947101212,"","","","","","","","","","","","","","","","","","","","","","","","","","","","","","","","","","","","",19.4,1,12.1,1,"","","","","","","","","","","","","","","","","","","","","","","","","","",63,1,"","","","","","","","","","","","","","",1030.3,1,1019.5,1,"","","","","","","","","","","","","","","","","","","","","","","","","","","","","","","","","","","","","","","","","","","","","","","","","","","","","","","","","","","","","","","","","","","","","","","","","","","","","","","","","","","","","","","","","","","","","","","","","","","","","","","","","","","","","","","",""
"51183001","REIMS-COURCY",49.306167,4.050667,91,1947101312,"","","","","","","","","","","","","","","","","","","","","","","","","","","","","","","","","","","","",20.2,1,13.1,1,"","","","","","","","","","","","","","","","","","","","","","","","","","",64,1,"","","","","","","","","","","","","","",1026.1,1,1015.4,1,"","","","","","","","","","","","","","","","","","","","","","","","","","","","","","","","","","","","","","","","","","","","","","","","","","","","","","","","","","","","","","","","","","","","","","","","","","","","","","","","","","","","","","","","","","","","","","","","","","","","","","","","","","","","","","","",""
"51183001","REIMS-COURCY",49.306167,4.050667,91,1947101412,"","","","","","","","","","","","","","","","","","","","","","","","","","","","","","","","","","","","",17.,1,12.7,1,"","","","","","","","","","","","","","","","","","","","","","","","","","",76,1,"","","","","","","","","","","","","","",1020.9,1,1010.1,1,"","","","","","","","","","","","","","","","","","","","","","","","","","","","","","","","","","","","","","","","","","","","","","","","","","","","","","","","","","","","","","","","","","","","","","","","","","","","","","","","","","","","","","","","","","","","","","","","","","","","","","","","","","","","","","","",""
"51183001","REIMS-COURCY",49.306167,4.050667,91,1947101512,"","","","","","","","","","","","","","","","","","","","","","","","","","","","","","","","","","","","",14.6,1,7.2,1,"","","","","","","","","","","","","","","","","","","","","","","","","","",61,1,"","","","","","","","","","","","","","",1022.8,1,1011.9,1,"","","","","","","","","","","","","","","","","","","","","","","","","","","","","","","","","","","","","","","","","","","","","","","","","","","","","","","","","","","","","","","","","","","","","","","","","","","","","","","","","","","","","","","","","","","","","","","","","","","","","","","","","","","","","","","",""
"51183001","REIMS-COURCY",49.306167,4.050667,91,1947101612,"","","","","","","","","","","","","","","","","","","","","","","","","","","","","","","","","","","","",15.,1,11.6,1,"","","","","","","","","","","","","","","","","","","","","","","","","","",80,1,"","","","","","","","","","","","","","",1023.9,1,1013.,1,"","","","","","","","","","","","","","","","","","","","","","","","","","","","","","","","","","","","","","","","","","","","","","","","","","","","","","","","","","","","","","","","","","","","","","","","","","","","","","","","","","","","","","","","","","","","","","","","","","","","","","","","","","","","","","","",""
"51183001","REIMS-COURCY",49.306167,4.050667,91,1947101712,"","","","","","","","","","","","","","","","","","","","","","","","","","","","","","","","","","","","",15.4,1,11.3,1,"","","","","","","","","","","","","","","","","","","","","","","","","","",77,1,"","","","","","","","","","","","","","",1024.3,1,1013.4,1,"","","","","","","","","","","","","","","","","","","","","","","","","","","","","","","","","","","","","","","","","","","","","","","","","","","","","","","","","","","","","","","","","","","","","","","","","","","","","","","","","","","","","","","","","","","","","","","","","","","","","","","","","","","","","","","",""
"51183001","REIMS-COURCY",49.306167,4.050667,91,1947101812,"","","","","","","","","","","","","","","","","","","","","","","","","","","","","","","","","","","","",13.,1,2.2,1,"","","","","","","","","","","","","","","","","","","","","","","","","","",48,1,"","","","","","","","","","","","","","",1028.6,1,1017.5,1,"","","","","","","","","","","","","","","","","","","","","","","","","","","","","","","","","","","","","","","","","","","","","","","","","","","","","","","","","","","","","","","","","","","","","","","","","","","","","","","","","","","","","","","","","","","","","","","","","","","","","","","","","","","","","","","",""
"51183001","REIMS-COURCY",49.306167,4.050667,91,1947101912,"","","","","","","","","","","","","","","","","","","","","","","","","","","","","","","","","","","","",13.7,1,2.1,1,"","","","","","","","","","","","","","","","","","","","","","","","","","",45,1,"","","","","","","","","","","","","","",1029.2,1,1018.2,1,"","","","","","","","","","","","","","","","","","","","","","","","","","","","","","","","","","","","","","","","","","","","","","","","","","","","","","","","","","","","","","","","","","","","","","","","","","","","","","","","","","","","","","","","","","","","","","","","","","","","","","","","","","","","","","","",""
"51183001","REIMS-COURCY",49.306167,4.050667,91,1947102012,"","","","","","","","","","","","","","","","","","","","","","","","","","","","","","","","","","","","",13.4,1,2.7,1,"","","","","","","","","","","","","","","","","","","","","","","","","","",48,1,"","","","","","","","","","","","","","",1024.5,1,1013.5,1,"","","","","","","","","","","","","","","","","","","","","","","","","","","","","","","","","","","","","","","","","","","","","","","","","","","","","","","","","","","","","","","","","","","","","","","","","","","","","","","","","","","","","","","","","","","","","","","","","","","","","","","","","","","","","","","",""
"51183001","REIMS-COURCY",49.306167,4.050667,91,1947102112,"","","","","","","","","","","","","","","","","","","","","","","","","","","","","","","","","","","","",21.,1,12.5,1,"","","","","","","","","","","","","","","","","","","","","","","","","","",58,1,"","","","","","","","","","","","","","",1020.6,1,1009.9,1,"","","","","","","","","","","","","","","","","","","","","","","","","","","","","","","","","","","","","","","","","","","","","","","","","","","","","","","","","","","","","","","","","","","","","","","","","","","","","","","","","","","","","","","","","","","","","","","","","","","","","","","","","","","","","","","",""
"51183001","REIMS-COURCY",49.306167,4.050667,91,1947102212,"","","","","","","","","","","","","","","","","","","","","","","","","","","","","","","","","","","","",17.4,1,11.3,1,"","","","","","","","","","","","","","","","","","","","","","","","","","",67,1,"","","","","","","","","","","","","","",1015.7,1,1005.,1,"","","","","","","","","","","","","","","","","","","","","","","","","","","","","","","","","","","","","","","","","","","","","","","","","","","","","","","","","","","","","","","","","","","","","","","","","","","","","","","","","","","","","","","","","","","","","","","","","","","","","","","","","","","","","","","",""
"51183001","REIMS-COURCY",49.306167,4.050667,91,1947102312,"","","","","","","","","","","","","","","","","","","","","","","","","","","","","","","","","","","","",12.2,1,9.3,1,"","","","","","","","","","","","","","","","","","","","","","","","","","",82,1,"","","","","","","","","","","","","","",1015.5,1,1004.6,1,"","","","","","","","","","","","","","","","","","","","","","","","","","","","","","","","","","","","","","","","","","","","","","","","","","","","","","","","","","","","","","","","","","","","","","","","","","","","","","","","","","","","","","","","","","","","","","","","","","","","","","","","","","","","","","","",""
"51183001","REIMS-COURCY",49.306167,4.050667,91,1947102412,"","","","","","","","","","","","","","","","","","","","","","","","","","","","","","","","","","","","",11.6,1,10.2,1,"","","","","","","","","","","","","","","","","","","","","","","","","","",91,1,"","","","","","","","","","","","","","",1012.8,1,1001.9,1,"","","","","","","","","","","","","","","","","","","","","","","","","","","","","","","","","","","","","","","","","","","","","","","","","","","","","","","","","","","","","","","","","","","","","","","","","","","","","","","","","","","","","","","","","","","","","","","","","","","","","","","","","","","","","","","",""
"51183001","REIMS-COURCY",49.306167,4.050667,91,1947102512,"","","","","","","","","","","","","","","","","","","","","","","","","","","","","","","","","","","","",9.8,1,4.6,1,"","","","","","","","","","","","","","","","","","","","","","","","","","",70,1,"","","","","","","","","","","","","","",1013.5,1,1002.5,1,"","","","","","","","","","","","","","","","","","","","","","","","","","","","","","","","","","","","","","","","","","","","","","","","","","","","","","","","","","","","","","","","","","","","","","","","","","","","","","","","","","","","","","","","","","","","","","","","","","","","","","","","","","","","","","","",""
"51183001","REIMS-COURCY",49.306167,4.050667,91,1947102612,"","","","","","","","","","","","","","","","","","","","","","","","","","","","","","","","","","","","",7.8,1,-5.1,1,"","","","","","","","","","","","","","","","","","","","","","","","","","",40,1,"","","","","","","","","","","","","","",1016.9,1,1005.7,1,"","","","","","","","","","","","","","","","","","","","","","","","","","","","","","","","","","","","","","","","","","","","","","","","","","","","","","","","","","","","","","","","","","","","","","","","","","","","","","","","","","","","","","","","","","","","","","","","","","","","","","","","","","","","","","","",""
"51183001","REIMS-COURCY",49.306167,4.050667,91,1947102712,"","","","","","","","","","","","","","","","","","","","","","","","","","","","","","","","","","","","",5.1,1,-4.3,1,"","","","","","","","","","","","","","","","","","","","","","","","","","",51,1,"","","","","","","","","","","","","","",1014.9,1,1003.7,1,"","","","","","","","","","","","","","","","","","","","","","","","","","","","","","","","","","","","","","","","","","","","","","","","","","","","","","","","","","","","","","","","","","","","","","","","","","","","","","","","","","","","","","","","","","","","","","","","","","","","","","","","","","","","","","","",""
"51183001","REIMS-COURCY",49.306167,4.050667,91,1947102812,"","","","","","","","","","","","","","","","","","","","","","","","","","","","","","","","","","","","",7.,1,-0.4,1,"","","","","","","","","","","","","","","","","","","","","","","","","","",59,1,"","","","","","","","","","","","","","",1014.5,1,1003.3,1,"","","","","","","","","","","","","","","","","","","","","","","","","","","","","","","","","","","","","","","","","","","","","","","","","","","","","","","","","","","","","","","","","","","","","","","","","","","","","","","","","","","","","","","","","","","","","","","","","","","","","","","","","","","","","","","",""
"51183001","REIMS-COURCY",49.306167,4.050667,91,1947102912,"","","","","","","","","","","","","","","","","","","","","","","","","","","","","","","","","","","","",9.,1,1.6,1,"","","","","","","","","","","","","","","","","","","","","","","","","","",60,1,"","","","","","","","","","","","","","",1013.3,1,1002.2,1,"","","","","","","","","","","","","","","","","","","","","","","","","","","","","","","","","","","","","","","","","","","","","","","","","","","","","","","","","","","","","","","","","","","","","","","","","","","","","","","","","","","","","","","","","","","","","","","","","","","","","","","","","","","","","","","",""
"51183001","REIMS-COURCY",49.306167,4.050667,91,1947103012,"","","","","","","","","","","","","","","","","","","","","","","","","","","","","","","","","","","","",11.,1,4.2,1,"","","","","","","","","","","","","","","","","","","","","","","","","","",63,1,"","","","","","","","","","","","","","",1007.6,1,996.7,1,"","","","","","","","","","","","","","","","","","","","","","","","","","","","","","","","","","","","","","","","","","","","","","","","","","","","","","","","","","","","","","","","","","","","","","","","","","","","","","","","","","","","","","","","","","","","","","","","","","","","","","","","","","","","","","","",""
"51183001","REIMS-COURCY",49.306167,4.050667,91,1947103112,"","","","","","","","","","","","","","","","","","","","","","","","","","","","","","","","","","","","",15.5,1,10.5,1,"","","","","","","","","","","","","","","","","","","","","","","","","","",72,1,"","","","","","","","","","","","","","",1005.1,1,994.4,1,"","","","","","","","","","","","","","","","","","","","","","","","","","","","","","","","","","","","","","","","","","","","","","","","","","","","","","","","","","","","","","","","","","","","","","","","","","","","","","","","","","","","","","","","","","","","","","","","","","","","","","","","","","","","","","","",""
"51183001","REIMS-COURCY",49.306167,4.050667,91,1947110112,"","","","","","","","","","","","","","","","","","","","","","","","","","","","","","","","","","","","",11.2,1,10.5,1,"","","","","","","","","","","","","","","","","","","","","","","","","","",95,1,"","","","","","","","","","","","","","",1020.3,1,1009.3,1,"","","","","","","","","","","","","","","","","","","","","","","","","","","","","","","","","","","","","","","","","","","","","","","","","","","","","","","","","","","","","","","","","","","","","","","","","","","","","","","","","","","","","","","","","","","","","","","","","","","","","","","","","","","","","","","",""
"51183001","REIMS-COURCY",49.306167,4.050667,91,1947110212,"","","","","","","","","","","","","","","","","","","","","","","","","","","","","","","","","","","","",12.7,1,8.7,1,"","","","","","","","","","","","","","","","","","","","","","","","","","",77,1,"","","","","","","","","","","","","","",1013.8,1,1002.9,1,"","","","","","","","","","","","","","","","","","","","","","","","","","","","","","","","","","","","","","","","","","","","","","","","","","","","","","","","","","","","","","","","","","","","","","","","","","","","","","","","","","","","","","","","","","","","","","","","","","","","","","","","","","","","","","","",""
"51183001","REIMS-COURCY",49.306167,4.050667,91,1947110312,"","","","","","","","","","","","","","","","","","","","","","","","","","","","","","","","","","","","",12.8,1,8.8,1,"","","","","","","","","","","","","","","","","","","","","","","","","","",77,1,"","","","","","","","","","","","","","",1016.2,1,1005.3,1,"","","","","","","","","","","","","","","","","","","","","","","","","","","","","","","","","","","","","","","","","","","","","","","","","","","","","","","","","","","","","","","","","","","","","","","","","","","","","","","","","","","","","","","","","","","","","","","","","","","","","","","","","","","","","","","",""
"51183001","REIMS-COURCY",49.306167,4.050667,91,1947110412,"","","","","","","","","","","","","","","","","","","","","","","","","","","","","","","","","","","","",11.8,1,8.9,1,"","","","","","","","","","","","","","","","","","","","","","","","","","",82,1,"","","","","","","","","","","","","","",1020.9,1,1009.9,1,"","","","","","","","","","","","","","","","","","","","","","","","","","","","","","","","","","","","","","","","","","","","","","","","","","","","","","","","","","","","","","","","","","","","","","","","","","","","","","","","","","","","","","","","","","","","","","","","","","","","","","","","","","","","","","","",""
"51183001","REIMS-COURCY",49.306167,4.050667,91,1947110512,"","","","","","","","","","","","","","","","","","","","","","","","","","","","","","","","","","","","",13.2,1,12.5,1,"","","","","","","","","","","","","","","","","","","","","","","","","","",96,1,"","","","","","","","","","","","","","",1021.3,1,1010.3,1,"","","","","","","","","","","","","","","","","","","","","","","","","","","","","","","","","","","","","","","","","","","","","","","","","","","","","","","","","","","","","","","","","","","","","","","","","","","","","","","","","","","","","","","","","","","","","","","","","","","","","","","","","","","","","","","",""
"51183001","REIMS-COURCY",49.306167,4.050667,91,1947110612,"","","","","","","","","","","","","","","","","","","","","","","","","","","","","","","","","","","","",10.,1,7.7,1,"","","","","","","","","","","","","","","","","","","","","","","","","","",86,1,"","","","","","","","","","","","","","",1027.9,1,1016.7,1,"","","","","","","","","","","","","","","","","","","","","","","","","","","","","","","","","","","","","","","","","","","","","","","","","","","","","","","","","","","","","","","","","","","","","","","","","","","","","","","","","","","","","","","","","","","","","","","","","","","","","","","","","","","","","","","",""
"51183001","REIMS-COURCY",49.306167,4.050667,91,1947110712,"","","","","","","","","","","","","","","","","","","","","","","","","","","","","","","","","","","","",12.2,1,6.,1,"","","","","","","","","","","","","","","","","","","","","","","","","","",66,1,"","","","","","","","","","","","","","",1028.2,1,1017.1,1,"","","","","","","","","","","","","","","","","","","","","","","","","","","","","","","","","","","","","","","","","","","","","","","","","","","","","","","","","","","","","","","","","","","","","","","","","","","","","","","","","","","","","","","","","","","","","","","","","","","","","","","","","","","","","","","",""
"51183001","REIMS-COURCY",49.306167,4.050667,91,1947110812,"","","","","","","","","","","","","","","","","","","","","","","","","","","","","","","","","","","","",9.9,1,7.2,1,"","","","","","","","","","","","","","","","","","","","","","","","","","",83,1,"","","","","","","","","","","","","","",1025.,1,1013.9,1,"","","","","","","","","","","","","","","","","","","","","","","","","","","","","","","","","","","","","","","","","","","","","","","","","","","","","","","","","","","","","","","","","","","","","","","","","","","","","","","","","","","","","","","","","","","","","","","","","","","","","","","","","","","","","","","",""
"51183001","REIMS-COURCY",49.306167,4.050667,91,1947110912,"","","","","","","","","","","","","","","","","","","","","","","","","","","","","","","","","","","","",13.6,1,7.3,1,"","","","","","","","","","","","","","","","","","","","","","","","","","",66,1,"","","","","","","","","","","","","","",1019.4,1,1008.5,1,"","","","","","","","","","","","","","","","","","","","","","","","","","","","","","","","","","","","","","","","","","","","","","","","","","","","","","","","","","","","","","","","","","","","","","","","","","","","","","","","","","","","","","","","","","","","","","","","","","","","","","","","","","","","","","","",""
"51183001","REIMS-COURCY",49.306167,4.050667,91,1947111012,"","","","","","","","","","","","","","","","","","","","","","","","","","","","","","","","","","","","",11.8,1,10.,1,"","","","","","","","","","","","","","","","","","","","","","","","","","",89,1,"","","","","","","","","","","","","","",1013.4,1,1002.5,1,"","","","","","","","","","","","","","","","","","","","","","","","","","","","","","","","","","","","","","","","","","","","","","","","","","","","","","","","","","","","","","","","","","","","","","","","","","","","","","","","","","","","","","","","","","","","","","","","","","","","","","","","","","","","","","","",""
"51183001","REIMS-COURCY",49.306167,4.050667,91,1947111112,"","","","","","","","","","","","","","","","","","","","","","","","","","","","","","","","","","","","",14.6,1,12.3,1,"","","","","","","","","","","","","","","","","","","","","","","","","","",86,1,"","","","","","","","","","","","","","",1015.4,1,1004.6,1,"","","","","","","","","","","","","","","","","","","","","","","","","","","","","","","","","","","","","","","","","","","","","","","","","","","","","","","","","","","","","","","","","","","","","","","","","","","","","","","","","","","","","","","","","","","","","","","","","","","","","","","","","","","","","","","",""
"51183001","REIMS-COURCY",49.306167,4.050667,91,1947111212,"","","","","","","","","","","","","","","","","","","","","","","","","","","","","","","","","","","","",12.8,1,8.4,1,"","","","","","","","","","","","","","","","","","","","","","","","","","",75,1,"","","","","","","","","","","","","","",1010.8,1,999.9,1,"","","","","","","","","","","","","","","","","","","","","","","","","","","","","","","","","","","","","","","","","","","","","","","","","","","","","","","","","","","","","","","","","","","","","","","","","","","","","","","","","","","","","","","","","","","","","","","","","","","","","","","","","","","","","","","",""
"51183001","REIMS-COURCY",49.306167,4.050667,91,1947111312,"","","","","","","","","","","","","","","","","","","","","","","","","","","","","","","","","","","","","","",8.4,1,"","","","","","","","","","","","","","","","","","","","","","","","","","",96,1,"","","","","","","","","","","","","","",1009.7,1,998.7,1,"","","","","","","","","","","","","","","","","","","","","","","","","","","","","","","","","","","","","","","","","","","","","","","","","","","","","","","","","","","","","","","","","","","","","","","","","","","","","","","","","","","","","","","","","","","","","","","","","","","","","","","","","","","","","","","",""
"51183001","REIMS-COURCY",49.306167,4.050667,91,1947111412,"","","","","","","","","","","","","","","","","","","","","","","","","","","","","","","","","","","","",8.8,1,7.1,1,"","","","","","","","","","","","","","","","","","","","","","","","","","",89,1,"","","","","","","","","","","","","","",1015.7,1,1004.6,1,"","","","","","","","","","","","","","","","","","","","","","","","","","","","","","","","","","","","","","","","","","","","","","","","","","","","","","","","","","","","","","","","","","","","","","","","","","","","","","","","","","","","","","","","","","","","","","","","","","","","","","","","","","","","","","","",""
"51183001","REIMS-COURCY",49.306167,4.050667,91,1947111512,"","","","","","","","","","","","","","","","","","","","","","","","","","","","","","","","","","","","",9.,1,7.9,1,"","","","","","","","","","","","","","","","","","","","","","","","","","",93,1,"","","","","","","","","","","","","","",1007.7,1,996.7,1,"","","","","","","","","","","","","","","","","","","","","","","","","","","","","","","","","","","","","","","","","","","","","","","","","","","","","","","","","","","","","","","","","","","","","","","","","","","","","","","","","","","","","","","","","","","","","","","","","","","","","","","","","","","","","","","",""
"51183001","REIMS-COURCY",49.306167,4.050667,91,1947111612,"","","","","","","","","","","","","","","","","","","","","","","","","","","","","","","","","","","","",6.8,1,2.9,1,"","","","","","","","","","","","","","","","","","","","","","","","","","",76,1,"","","","","","","","","","","","","","",1017.4,1,1006.2,1,"","","","","","","","","","","","","","","","","","","","","","","","","","","","","","","","","","","","","","","","","","","","","","","","","","","","","","","","","","","","","","","","","","","","","","","","","","","","","","","","","","","","","","","","","","","","","","","","","","","","","","","","","","","","","","","",""
"51183001","REIMS-COURCY",49.306167,4.050667,91,1947111712,"","","","","","","","","","","","","","","","","","","","","","","","","","","","","","","","","","","","",6.1,1,2.4,1,"","","","","","","","","","","","","","","","","","","","","","","","","","",77,1,"","","","","","","","","","","","","","",1015.3,1,1004.1,1,"","","","","","","","","","","","","","","","","","","","","","","","","","","","","","","","","","","","","","","","","","","","","","","","","","","","","","","","","","","","","","","","","","","","","","","","","","","","","","","","","","","","","","","","","","","","","","","","","","","","","","","","","","","","","","","",""
"51183001","REIMS-COURCY",49.306167,4.050667,91,1947111812,"","","","","","","","","","","","","","","","","","","","","","","","","","","","","","","","","","","","",2.4,1,1.9,1,"","","","","","","","","","","","","","","","","","","","","","","","","","",96,1,"","","","","","","","","","","","","","",1004.6,1,993.4,1,"","","","","","","","","","","","","","","","","","","","","","","","","","","","","","","","","","","","","","","","","","","","","","","","","","","","","","","","","","","","","","","","","","","","","","","","","","","","","","","","","","","","","","","","","","","","","","","","","","","","","","","","","","","","","","","",""
"51183001","REIMS-COURCY",49.306167,4.050667,91,1947111912,"","","","","","","","","","","","","","","","","","","","","","","","","","","","","","","","","","","","",13.,1,11.8,1,"","","","","","","","","","","","","","","","","","","","","","","","","","",92,1,"","","","","","","","","","","","","","",1005.,1,994.2,1,"","","","","","","","","","","","","","","","","","","","","","","","","","","","","","","","","","","","","","","","","","","","","","","","","","","","","","","","","","","","","","","","","","","","","","","","","","","","","","","","","","","","","","","","","","","","","","","","","","","","","","","","","","","","","","","",""
"51183001","REIMS-COURCY",49.306167,4.050667,91,1947112012,"","","","","","","","","","","","","","","","","","","","","","","","","","","","","","","","","","","","",12.9,1,11.2,1,"","","","","","","","","","","","","","","","","","","","","","","","","","",89,1,"","","","","","","","","","","","","","",1024.4,1,1013.4,1,"","","","","","","","","","","","","","","","","","","","","","","","","","","","","","","","","","","","","","","","","","","","","","","","","","","","","","","","","","","","","","","","","","","","","","","","","","","","","","","","","","","","","","","","","","","","","","","","","","","","","","","","","","","","","","","",""
"51183001","REIMS-COURCY",49.306167,4.050667,91,1947112112,"","","","","","","","","","","","","","","","","","","","","","","","","","","","","","","","","","","","",16.6,1,13.,1,"","","","","","","","","","","","","","","","","","","","","","","","","","",79,1,"","","","","","","","","","","","","","",1028.4,1,1017.5,1,"","","","","","","","","","","","","","","","","","","","","","","","","","","","","","","","","","","","","","","","","","","","","","","","","","","","","","","","","","","","","","","","","","","","","","","","","","","","","","","","","","","","","","","","","","","","","","","","","","","","","","","","","","","","","","","",""
"51183001","REIMS-COURCY",49.306167,4.050667,91,1947112212,"","","","","","","","","","","","","","","","","","","","","","","","","","","","","","","","","","","","",12.3,1,11.1,1,"","","","","","","","","","","","","","","","","","","","","","","","","","",92,1,"","","","","","","","","","","","","","",1028.,1,1016.9,1,"","","","","","","","","","","","","","","","","","","","","","","","","","","","","","","","","","","","","","","","","","","","","","","","","","","","","","","","","","","","","","","","","","","","","","","","","","","","","","","","","","","","","","","","","","","","","","","","","","","","","","","","","","","","","","","",""
"51183001","REIMS-COURCY",49.306167,4.050667,91,1947112312,"","","","","","","","","","","","","","","","","","","","","","","","","","","","","","","","","","","","",15.,1,13.,1,"","","","","","","","","","","","","","","","","","","","","","","","","","",88,1,"","","","","","","","","","","","","","",1024.2,1,1013.3,1,"","","","","","","","","","","","","","","","","","","","","","","","","","","","","","","","","","","","","","","","","","","","","","","","","","","","","","","","","","","","","","","","","","","","","","","","","","","","","","","","","","","","","","","","","","","","","","","","","","","","","","","","","","","","","","","",""
"51183001","REIMS-COURCY",49.306167,4.050667,91,1947112412,"","","","","","","","","","","","","","","","","","","","","","","","","","","","","","","","","","","","",8.4,1,4.3,1,"","","","","","","","","","","","","","","","","","","","","","","","","","",75,1,"","","","","","","","","","","","","","",1025.4,1,1014.2,1,"","","","","","","","","","","","","","","","","","","","","","","","","","","","","","","","","","","","","","","","","","","","","","","","","","","","","","","","","","","","","","","","","","","","","","","","","","","","","","","","","","","","","","","","","","","","","","","","","","","","","","","","","","","","","","","",""
"51183001","REIMS-COURCY",49.306167,4.050667,91,1947112512,"","","","","","","","","","","","","","","","","","","","","","","","","","","","","","","","","","","","",5.8,1,1.8,1,"","","","","","","","","","","","","","","","","","","","","","","","","","",75,1,"","","","","","","","","","","","","","",1011.9,1,1000.7,1,"","","","","","","","","","","","","","","","","","","","","","","","","","","","","","","","","","","","","","","","","","","","","","","","","","","","","","","","","","","","","","","","","","","","","","","","","","","","","","","","","","","","","","","","","","","","","","","","","","","","","","","","","","","","","","","",""
"51183001","REIMS-COURCY",49.306167,4.050667,91,1947112612,"","","","","","","","","","","","","","","","","","","","","","","","","","","","","","","","","","","","",3.4,1,1.6,1,"","","","","","","","","","","","","","","","","","","","","","","","","","",88,1,"","","","","","","","","","","","","","",1009.4,1,998.2,1,"","","","","","","","","","","","","","","","","","","","","","","","","","","","","","","","","","","","","","","","","","","","","","","","","","","","","","","","","","","","","","","","","","","","","","","","","","","","","","","","","","","","","","","","","","","","","","","","","","","","","","","","","","","","","","","",""
"51183001","REIMS-COURCY",49.306167,4.050667,91,1947112712,"","","","","","","","","","","","","","","","","","","","","","","","","","","","","","","","","","","","",2.1,1,-1.9,1,"","","","","","","","","","","","","","","","","","","","","","","","","","",75,1,"","","","","","","","","","","","","","",1007.9,1,996.6,1,"","","","","","","","","","","","","","","","","","","","","","","","","","","","","","","","","","","","","","","","","","","","","","","","","","","","","","","","","","","","","","","","","","","","","","","","","","","","","","","","","","","","","","","","","","","","","","","","","","","","","","","","","","","","","","","",""
"51183001","REIMS-COURCY",49.306167,4.050667,91,1947112812,"","","","","","","","","","","","","","","","","","","","","","","","","","","","","","","","","","","","",1.5,1,-3.5,1,"","","","","","","","","","","","","","","","","","","","","","","","","","",69,1,"","","","","","","","","","","","","","",995.5,1,984.3,1,"","","","","","","","","","","","","","","","","","","","","","","","","","","","","","","","","","","","","","","","","","","","","","","","","","","","","","","","","","","","","","","","","","","","","","","","","","","","","","","","","","","","","","","","","","","","","","","","","","","","","","","","","","","","","","","",""
"51183001","REIMS-COURCY",49.306167,4.050667,91,1947112912,"","","","","","","","","","","","","","","","","","","","","","","","","","","","","","","","","","","","",1.2,1,0.2,1,"","","","","","","","","","","","","","","","","","","","","","","","","","",93,1,"","","","","","","","","","","","","","",993.4,1,982.3,1,"","","","","","","","","","","","","","","","","","","","","","","","","","","","","","","","","","","","","","","","","","","","","","","","","","","","","","","","","","","","","","","","","","","","","","","","","","","","","","","","","","","","","","","","","","","","","","","","","","","","","","","","","","","","","","","",""
"51183001","REIMS-COURCY",49.306167,4.050667,91,1947113012,"","","","","","","","","","","","","","","","","","","","","","","","","","","","","","","","","","","","",1.8,1,1.3,1,"","","","","","","","","","","","","","","","","","","","","","","","","","",96,1,"","","","","","","","","","","","","","",998.6,1,987.4,1,"","","","","","","","","","","","","","","","","","","","","","","","","","","","","","","","","","","","","","","","","","","","","","","","","","","","","","","","","","","","","","","","","","","","","","","","","","","","","","","","","","","","","","","","","","","","","","","","","","","","","","","","","","","","","","","",""
"51183001","REIMS-COURCY",49.306167,4.050667,91,1947120112,"","","","","","","","","","","","","","","","","","","","","","","","","","","","","","","","","","","","",0.2,1,-0.5,1,"","","","","","","","","","","","","","","","","","","","","","","","","","",95,1,"","","","","","","","","","","","","","",999.8,1,988.5,1,"","","","","","","","","","","","","","","","","","","","","","","","","","","","","","","","","","","","","","","","","","","","","","","","","","","","","","","","","","","","","","","","","","","","","","","","","","","","","","","","","","","","","","","","","","","","","","","","","","","","","","","","","","","","","","","",""
"51183001","REIMS-COURCY",49.306167,4.050667,91,1947120212,"","","","","","","","","","","","","","","","","","","","","","","","","","","","","","","","","","","","",-0.4,1,-0.9,1,"","","","","","","","","","","","","","","","","","","","","","","","","","",96,1,"","","","","","","","","","","","","","",991.7,1,980.5,1,"","","","","","","","","","","","","","","","","","","","","","","","","","","","","","","","","","","","","","","","","","","","","","","","","","","","","","","","","","","","","","","","","","","","","","","","","","","","","","","","","","","","","","","","","","","","","","","","","","","","","","","","","","","","","","","",""
"51183001","REIMS-COURCY",49.306167,4.050667,91,1947120312,"","","","","","","","","","","","","","","","","","","","","","","","","","","","","","","","","","","","",0.9,1,-0.6,1,"","","","","","","","","","","","","","","","","","","","","","","","","","",90,1,"","","","","","","","","","","","","","",993.3,1,982.1,1,"","","","","","","","","","","","","","","","","","","","","","","","","","","","","","","","","","","","","","","","","","","","","","","","","","","","","","","","","","","","","","","","","","","","","","","","","","","","","","","","","","","","","","","","","","","","","","","","","","","","","","","","","","","","","","","",""
"51183001","REIMS-COURCY",49.306167,4.050667,91,1947120412,"","","","","","","","","","","","","","","","","","","","","","","","","","","","","","","","","","","","",3.3,1,2.2,1,"","","","","","","","","","","","","","","","","","","","","","","","","","",92,1,"","","","","","","","","","","","","","",996.4,1,985.3,1,"","","","","","","","","","","","","","","","","","","","","","","","","","","","","","","","","","","","","","","","","","","","","","","","","","","","","","","","","","","","","","","","","","","","","","","","","","","","","","","","","","","","","","","","","","","","","","","","","","","","","","","","","","","","","","","",""
"51183001","REIMS-COURCY",49.306167,4.050667,91,1947120512,"","","","","","","","","","","","","","","","","","","","","","","","","","","","","","","","","","","","",6.3,1,1.7,1,"","","","","","","","","","","","","","","","","","","","","","","","","","",72,1,"","","","","","","","","","","","","","",993.2,1,982.3,1,"","","","","","","","","","","","","","","","","","","","","","","","","","","","","","","","","","","","","","","","","","","","","","","","","","","","","","","","","","","","","","","","","","","","","","","","","","","","","","","","","","","","","","","","","","","","","","","","","","","","","","","","","","","","","","","",""
"51183001","REIMS-COURCY",49.306167,4.050667,91,1947120612,"","","","","","","","","","","","","","","","","","","","","","","","","","","","","","","","","","","","",5.4,1,4.6,1,"","","","","","","","","","","","","","","","","","","","","","","","","","",95,1,"","","","","","","","","","","","","","",999.7,1,988.7,1,"","","","","","","","","","","","","","","","","","","","","","","","","","","","","","","","","","","","","","","","","","","","","","","","","","","","","","","","","","","","","","","","","","","","","","","","","","","","","","","","","","","","","","","","","","","","","","","","","","","","","","","","","","","","","","","",""
"51183001","REIMS-COURCY",49.306167,4.050667,91,1947120712,"","","","","","","","","","","","","","","","","","","","","","","","","","","","","","","","","","","","",6.4,1,5.2,1,"","","","","","","","","","","","","","","","","","","","","","","","","","",92,1,"","","","","","","","","","","","","","",1009.2,1,998.1,1,"","","","","","","","","","","","","","","","","","","","","","","","","","","","","","","","","","","","","","","","","","","","","","","","","","","","","","","","","","","","","","","","","","","","","","","","","","","","","","","","","","","","","","","","","","","","","","","","","","","","","","","","","","","","","","","",""
"51183001","REIMS-COURCY",49.306167,4.050667,91,1947120812,"","","","","","","","","","","","","","","","","","","","","","","","","","","","","","","","","","","","",5.,1,4.2,1,"","","","","","","","","","","","","","","","","","","","","","","","","","",95,1,"","","","","","","","","","","","","","",1009.3,1,998.1,1,"","","","","","","","","","","","","","","","","","","","","","","","","","","","","","","","","","","","","","","","","","","","","","","","","","","","","","","","","","","","","","","","","","","","","","","","","","","","","","","","","","","","","","","","","","","","","","","","","","","","","","","","","","","","","","","",""
"51183001","REIMS-COURCY",49.306167,4.050667,91,1947120912,"","","","","","","","","","","","","","","","","","","","","","","","","","","","","","","","","","","","",4.7,1,2.9,1,"","","","","","","","","","","","","","","","","","","","","","","","","","",88,1,"","","","","","","","","","","","","","",1018.6,1,1007.3,1,"","","","","","","","","","","","","","","","","","","","","","","","","","","","","","","","","","","","","","","","","","","","","","","","","","","","","","","","","","","","","","","","","","","","","","","","","","","","","","","","","","","","","","","","","","","","","","","","","","","","","","","","","","","","","","","",""
"51183001","REIMS-COURCY",49.306167,4.050667,91,1947121012,"","","","","","","","","","","","","","","","","","","","","","","","","","","","","","","","","","","","",5.,1,2.6,1,"","","","","","","","","","","","","","","","","","","","","","","","","","",84,1,"","","","","","","","","","","","","","",1033.2,1,1021.8,1,"","","","","","","","","","","","","","","","","","","","","","","","","","","","","","","","","","","","","","","","","","","","","","","","","","","","","","","","","","","","","","","","","","","","","","","","","","","","","","","","","","","","","","","","","","","","","","","","","","","","","","","","","","","","","","","",""
"51183001","REIMS-COURCY",49.306167,4.050667,91,1947121112,"","","","","","","","","","","","","","","","","","","","","","","","","","","","","","","","","","","","",4.8,1,-0.5,1,"","","","","","","","","","","","","","","","","","","","","","","","","","",69,1,"","","","","","","","","","","","","","",1035.,1,1023.5,1,"","","","","","","","","","","","","","","","","","","","","","","","","","","","","","","","","","","","","","","","","","","","","","","","","","","","","","","","","","","","","","","","","","","","","","","","","","","","","","","","","","","","","","","","","","","","","","","","","","","","","","","","","","","","","","","",""
"51183001","REIMS-COURCY",49.306167,4.050667,91,1947121212,"","","","","","","","","","","","","","","","","","","","","","","","","","","","","","","","","","","","",2.2,1,1.3,1,"","","","","","","","","","","","","","","","","","","","","","","","","","",94,1,"","","","","","","","","","","","","","",1030.6,1,1019.1,1,"","","","","","","","","","","","","","","","","","","","","","","","","","","","","","","","","","","","","","","","","","","","","","","","","","","","","","","","","","","","","","","","","","","","","","","","","","","","","","","","","","","","","","","","","","","","","","","","","","","","","","","","","","","","","","","",""
"51183001","REIMS-COURCY",49.306167,4.050667,91,1947121312,"","","","","","","","","","","","","","","","","","","","","","","","","","","","","","","","","","","","",8.2,1,7.4,1,"","","","","","","","","","","","","","","","","","","","","","","","","","",95,1,"","","","","","","","","","","","","","",1026.6,1,1015.4,1,"","","","","","","","","","","","","","","","","","","","","","","","","","","","","","","","","","","","","","","","","","","","","","","","","","","","","","","","","","","","","","","","","","","","","","","","","","","","","","","","","","","","","","","","","","","","","","","","","","","","","","","","","","","","","","","",""
"51183001","REIMS-COURCY",49.306167,4.050667,91,1947121412,"","","","","","","","","","","","","","","","","","","","","","","","","","","","","","","","","","","","",5.2,1,3.,1,"","","","","","","","","","","","","","","","","","","","","","","","","","",86,1,"","","","","","","","","","","","","","",1029.9,1,1018.5,1,"","","","","","","","","","","","","","","","","","","","","","","","","","","","","","","","","","","","","","","","","","","","","","","","","","","","","","","","","","","","","","","","","","","","","","","","","","","","","","","","","","","","","","","","","","","","","","","","","","","","","","","","","","","","","","","",""
"51183001","REIMS-COURCY",49.306167,4.050667,91,1947121512,"","","","","","","","","","","","","","","","","","","","","","","","","","","","","","","","","","","","",4.4,1,0.1,1,"","","","","","","","","","","","","","","","","","","","","","","","","","",74,1,"","","","","","","","","","","","","","",1033.7,1,1022.2,1,"","","","","","","","","","","","","","","","","","","","","","","","","","","","","","","","","","","","","","","","","","","","","","","","","","","","","","","","","","","","","","","","","","","","","","","","","","","","","","","","","","","","","","","","","","","","","","","","","","","","","","","","","","","","","","","",""
"51183001","REIMS-COURCY",49.306167,4.050667,91,1947121612,"","","","","","","","","","","","","","","","","","","","","","","","","","","","","","","","","","","","",7.2,1,5.6,1,"","","","","","","","","","","","","","","","","","","","","","","","","","",90,1,"","","","","","","","","","","","","","",1029.2,1,1017.9,1,"","","","","","","","","","","","","","","","","","","","","","","","","","","","","","","","","","","","","","","","","","","","","","","","","","","","","","","","","","","","","","","","","","","","","","","","","","","","","","","","","","","","","","","","","","","","","","","","","","","","","","","","","","","","","","","",""
"51183001","REIMS-COURCY",49.306167,4.050667,91,1947121712,"","","","","","","","","","","","","","","","","","","","","","","","","","","","","","","","","","","","",5.7,1,2.6,1,"","","","","","","","","","","","","","","","","","","","","","","","","","",80,1,"","","","","","","","","","","","","","",1028.9,1,1017.5,1,"","","","","","","","","","","","","","","","","","","","","","","","","","","","","","","","","","","","","","","","","","","","","","","","","","","","","","","","","","","","","","","","","","","","","","","","","","","","","","","","","","","","","","","","","","","","","","","","","","","","","","","","","","","","","","","",""
"51183001","REIMS-COURCY",49.306167,4.050667,91,1947121812,"","","","","","","","","","","","","","","","","","","","","","","","","","","","","","","","","","","","",1.7,1,-4.3,1,"","","","","","","","","","","","","","","","","","","","","","","","","","",64,1,"","","","","","","","","","","","","","",1024.,1,1012.5,1,"","","","","","","","","","","","","","","","","","","","","","","","","","","","","","","","","","","","","","","","","","","","","","","","","","","","","","","","","","","","","","","","","","","","","","","","","","","","","","","","","","","","","","","","","","","","","","","","","","","","","","","","","","","","","","","",""
"51183001","REIMS-COURCY",49.306167,4.050667,91,1947121912,"","","","","","","","","","","","","","","","","","","","","","","","","","","","","","","","","","","","",-0.8,1,-3.,1,"","","","","","","","","","","","","","","","","","","","","","","","","","",85,1,"","","","","","","","","","","","","","",1026.9,1,1015.3,1,"","","","","","","","","","","","","","","","","","","","","","","","","","","","","","","","","","","","","","","","","","","","","","","","","","","","","","","","","","","","","","","","","","","","","","","","","","","","","","","","","","","","","","","","","","","","","","","","","","","","","","","","","","","","","","","",""
"51183001","REIMS-COURCY",49.306167,4.050667,91,1947122012,"","","","","","","","","","","","","","","","","","","","","","","","","","","","","","","","","","","","",6.9,1,4.6,1,"","","","","","","","","","","","","","","","","","","","","","","","","","",85,1,"","","","","","","","","","","","","","",1026.8,1,1015.5,1,"","","","","","","","","","","","","","","","","","","","","","","","","","","","","","","","","","","","","","","","","","","","","","","","","","","","","","","","","","","","","","","","","","","","","","","","","","","","","","","","","","","","","","","","","","","","","","","","","","","","","","","","","","","","","","","",""
"51183001","REIMS-COURCY",49.306167,4.050667,91,1947122112,"","","","","","","","","","","","","","","","","","","","","","","","","","","","","","","","","","","","",5.9,1,4.6,1,"","","","","","","","","","","","","","","","","","","","","","","","","","",91,1,"","","","","","","","","","","","","","",1030.3,1,1018.9,1,"","","","","","","","","","","","","","","","","","","","","","","","","","","","","","","","","","","","","","","","","","","","","","","","","","","","","","","","","","","","","","","","","","","","","","","","","","","","","","","","","","","","","","","","","","","","","","","","","","","","","","","","","","","","","","","",""
"51183001","REIMS-COURCY",49.306167,4.050667,91,1947122212,"","","","","","","","","","","","","","","","","","","","","","","","","","","","","","","","","","","","",7.2,1,5.2,1,"","","","","","","","","","","","","","","","","","","","","","","","","","",87,1,"","","","","","","","","","","","","","",1025.1,1,1013.9,1,"","","","","","","","","","","","","","","","","","","","","","","","","","","","","","","","","","","","","","","","","","","","","","","","","","","","","","","","","","","","","","","","","","","","","","","","","","","","","","","","","","","","","","","","","","","","","","","","","","","","","","","","","","","","","","","",""
"51183001","REIMS-COURCY",49.306167,4.050667,91,1947122312,"","","","","","","","","","","","","","","","","","","","","","","","","","","","","","","","","","","","",8.2,1,6.6,1,"","","","","","","","","","","","","","","","","","","","","","","","","","",90,1,"","","","","","","","","","","","","","",1026.2,1,1015.,1,"","","","","","","","","","","","","","","","","","","","","","","","","","","","","","","","","","","","","","","","","","","","","","","","","","","","","","","","","","","","","","","","","","","","","","","","","","","","","","","","","","","","","","","","","","","","","","","","","","","","","","","","","","","","","","","",""
"51183001","REIMS-COURCY",49.306167,4.050667,91,1947122412,"","","","","","","","","","","","","","","","","","","","","","","","","","","","","","","","","","","","",7.4,1,5.8,1,"","","","","","","","","","","","","","","","","","","","","","","","","","",90,1,"","","","","","","","","","","","","","",1024.7,1,1013.5,1,"","","","","","","","","","","","","","","","","","","","","","","","","","","","","","","","","","","","","","","","","","","","","","","","","","","","","","","","","","","","","","","","","","","","","","","","","","","","","","","","","","","","","","","","","","","","","","","","","","","","","","","","","","","","","","","",""
"51183001","REIMS-COURCY",49.306167,4.050667,91,1947122512,"","","","","","","","","","","","","","","","","","","","","","","","","","","","","","","","","","","","",6.6,1,5.8,1,"","","","","","","","","","","","","","","","","","","","","","","","","","",95,1,"","","","","","","","","","","","","","",1015.8,1,1004.6,1,"","","","","","","","","","","","","","","","","","","","","","","","","","","","","","","","","","","","","","","","","","","","","","","","","","","","","","","","","","","","","","","","","","","","","","","","","","","","","","","","","","","","","","","","","","","","","","","","","","","","","","","","","","","","","","","",""
"51183001","REIMS-COURCY",49.306167,4.050667,91,1947122612,"","","","","","","","","","","","","","","","","","","","","","","","","","","","","","","","","","","","",6.2,1,3.2,1,"","","","","","","","","","","","","","","","","","","","","","","","","","",81,1,"","","","","","","","","","","","","","",1013.9,1,1002.7,1,"","","","","","","","","","","","","","","","","","","","","","","","","","","","","","","","","","","","","","","","","","","","","","","","","","","","","","","","","","","","","","","","","","","","","","","","","","","","","","","","","","","","","","","","","","","","","","","","","","","","","","","","","","","","","","","",""
"51183001","REIMS-COURCY",49.306167,4.050667,91,1947122712,"","","","","","","","","","","","","","","","","","","","","","","","","","","","","","","","","","","","",9.,1,7.9,1,"","","","","","","","","","","","","","","","","","","","","","","","","","",93,1,"","","","","","","","","","","","","","",1004.8,1,993.9,1,"","","","","","","","","","","","","","","","","","","","","","","","","","","","","","","","","","","","","","","","","","","","","","","","","","","","","","","","","","","","","","","","","","","","","","","","","","","","","","","","","","","","","","","","","","","","","","","","","","","","","","","","","","","","","","","",""
"51183001","REIMS-COURCY",49.306167,4.050667,91,1947122812,"","","","","","","","","","","","","","","","","","","","","","","","","","","","","","","","","","","","",9.1,1,7.6,1,"","","","","","","","","","","","","","","","","","","","","","","","","","",90,1,"","","","","","","","","","","","","","",996.4,1,985.5,1,"","","","","","","","","","","","","","","","","","","","","","","","","","","","","","","","","","","","","","","","","","","","","","","","","","","","","","","","","","","","","","","","","","","","","","","","","","","","","","","","","","","","","","","","","","","","","","","","","","","","","","","","","","","","","","","",""
"51183001","REIMS-COURCY",49.306167,4.050667,91,1947122912,"","","","","","","","","","","","","","","","","","","","","","","","","","","","","","","","","","","","",4.2,1,-1.6,1,"","","","","","","","","","","","","","","","","","","","","","","","","","",66,1,"","","","","","","","","","","","","","",998.4,1,987.3,1,"","","","","","","","","","","","","","","","","","","","","","","","","","","","","","","","","","","","","","","","","","","","","","","","","","","","","","","","","","","","","","","","","","","","","","","","","","","","","","","","","","","","","","","","","","","","","","","","","","","","","","","","","","","","","","","",""
"51183001","REIMS-COURCY",49.306167,4.050667,91,1947123012,"","","","","","","","","","","","","","","","","","","","","","","","","","","","","","","","","","","","",3.5,1,1.7,1,"","","","","","","","","","","","","","","","","","","","","","","","","","",88,1,"","","","","","","","","","","","","","",1000.8,1,989.7,1,"","","","","","","","","","","","","","","","","","","","","","","","","","","","","","","","","","","","","","","","","","","","","","","","","","","","","","","","","","","","","","","","","","","","","","","","","","","","","","","","","","","","","","","","","","","","","","","","","","","","","","","","","","","","","","","",""
"51183001","REIMS-COURCY",49.306167,4.050667,91,1947123112,"","","","","","","","","","","","","","","","","","","","","","","","","","","","","","","","","","","","",2.3,1,0.9,1,"","","","","","","","","","","","","","","","","","","","","","","","","","",90,1,"","","","","","","","","","","","","","",1016.8,1,1005.4,1,"","","","","","","","","","","","","","","","","","","","","","","","","","","","","","","","","","","","","","","","","","","","","","","","","","","","","","","","","","","","","","","","","","","","","","","","","","","","","","","","","","","","","","","","","","","","","","","","","","","","","","","","","","","","","","","",""
