"NUM_POSTE","NOM_USUEL","LAT","LON","ALTI","AAAAMMJJHH","RR1","QRR1","DRR1","QDRR1","FF","QFF","DD","QDD","FXY","QFXY","DXY","QDXY","HXY","QHXY","FXI","QFXI","DXI","QDXI","HXI","QHXI","FF2","QFF2","DD2","QDD2","FXI2","QFXI2","DXI2","QDXI2","HXI2","QHXI2","FXI3S","QFXI3S","DXI3S","QDXI3S","HFXI3S","QHFXI3S","T","QT","TD","QTD","TN","QTN","HTN","QHTN","TX","QTX","HTX","QHTX","DG","QDG","T10","QT10","T20","QT20","T50","QT50","T100","QT100","TNSOL","QTNSOL","TN50","QTN50","TCHAUSSEE","QTCHAUSSEE","DHUMEC","QDHUMEC","U","QU","UN","QUN","HUN","QHUN","UX","QUX","HUX","QHUX","DHUMI40","QDHUMI40","DHUMI80","QDHUMI80","TSV","QTSV","PMER","QPMER","PSTAT","QPSTAT","PMERMIN","QPMERMIN","GEOP","QGEOP","N","QN","NBAS","QNBAS","CL","QCL","CM","QCM","CH","QCH","N1","QN1","C1","QC1","B1","QB1","N2","QN2","C2","QC2","B2","QB2","N3","QN3","C3","QC3","B3","QB3","N4","QN4","C4","QC4","B4","QB4","VV","QVV","DVV200","QDVV200","WW","QWW","W1","QW1","W2","QW2","SOL","QSOL","SOLNG","QSOLNG","TMER","QTMER","VVMER","QVVMER","ETATMER","QETATMER","DIRHOULE","QDIRHOULE","HVAGUE","QHVAGUE","PVAGUE","QPVAGUE","HNEIGEF","QHNEIGEF","NEIGETOT","QNEIGETOT","TSNEIGE","QTSNEIGE","TUBENEIGE","QTUBENEIGE","HNEIGEFI3","QHNEIGEFI3","HNEIGEFI1","QHNEIGEFI1","ESNEIGE","QESNEIGE","CHARGENEIGE","QCHARGENEIGE","GLO","QGLO","GLO2","QGLO2","DIR","QDIR","DIR2","QDIR2","DIF","QDIF","DIF2","QDIF2","UV","QUV","UV2","QUV2","UV_INDICE","QUV_INDICE","INFRAR","QINFRAR","INFRAR2","QINFRAR2","INS","QINS","INS2","QINS2","TLAGON","QTLAGON","TVEGETAUX","QTVEGETAUX","ECOULEMENT","QECOULEMENT"
"65059001","PIC DU MIDI - OBSERVATOIRE",42.937167,0.141333,2880,1881101507,"","","","","","","","","","","","","","","","","","","","","","","","","","","","","","","","","","","","",-1.3,9,"","","","","","","","","","","","","","","","","","","","","","","","","","","","","","","","","","","","","","","","","","","","","","",722.5,9,"","","","","","","","","","","","","","","","","","","","","","","","","","","","","","","","","","","","","","","","","","","","","","","","","","","","","","","","","","","","","","","","","","","","","","","","","","","","","","","","","","","","","","","","","","","","","","","","","","","","","","","","","","","","","","","",""
"65059001","PIC DU MIDI - OBSERVATOIRE",42.937167,0.141333,2880,1881101512,"","","","","","","","","","","","","","","","","","","","","","","","","","","","","","","","","","","","",-0.1,9,"","","","","","","","","","","","","","","","","","","","","","","","","","","","","","","","","","","","","","","","","","","","","","",722.3,1,"","","","","","","","","","","","","","","","","","","","","","","","","","","","","","","","","","","","","","","","","","","","","","","","","","","","","","","","","","","","","","","","","","","","","","","","","","","","","","","","","","","","","","","","","","","","","","","","","","","","","","","","","","","","","","","",""
"65059001","PIC DU MIDI - OBSERVATOIRE",42.937167,0.141333,2880,1881101519,"","","","","","","","","","","","","","","","","","","","","","","","","","","","","","","","","","","","",-7.2,9,"","","","","","","","","","","","","","","","","","","","","","","","","","","","","","","","","","","","","","","","","","","","","","",721.3,9,"","","","","","","","","","","","","","","","","","","","","","","","","","","","","","","","","","","","","","","","","","","","","","","","","","","","","","","","","","","","","","","","","","","","","","","","","","","","","","","","","","","","","","","","","","","","","","","","","","","","","","","","","","","","","","","",""
"65059001","PIC DU MIDI - OBSERVATOIRE",42.937167,0.141333,2880,1881101607,"","","","","","","","","","","","","","","","","","","","","","","","","","","","","","","","","","","","",-7.,9,"","","","","","","","","","","","","","","","","","","","","","","","","","","","","","","","","","","","","","","","","","","","","","",723.1,9,"","","","","","","","","","","","","","","","","","","","","","","","","","","","","","","","","","","","","","","","","","","","","","","","","","","","","","","","","","","","","","","","","","","","","","","","","","","","","","","","","","","","","","","","","","","","","","","","","","","","","","","","","","","","","","","",""
"65059001","PIC DU MIDI - OBSERVATOIRE",42.937167,0.141333,2880,1881101612,"","","","","","","","","","","","","","","","","","","","","","","","","","","","","","","","","","","","",1.4,9,"","","","","","","","","","","","","","","","","","","","","","","","","","","","","","","","","","","","","","","","","","","","","","",723.9,1,"","","","","","","","","","","","","","","","","","","","","","","","","","","","","","","","","","","","","","","","","","","","","","","","","","","","","","","","","","","","","","","","","","","","","","","","","","","","","","","","","","","","","","","","","","","","","","","","","","","","","","","","","","","","","","","",""
"65059001","PIC DU MIDI - OBSERVATOIRE",42.937167,0.141333,2880,1881101619,"","","","","","","","","","","","","","","","","","","","","","","","","","","","","","","","","","","","",-1.2,9,"","","","","","","","","","","","","","","","","","","","","","","","","","","","","","","","","","","","","","","","","","","","","","",724.9,9,"","","","","","","","","","","","","","","","","","","","","","","","","","","","","","","","","","","","","","","","","","","","","","","","","","","","","","","","","","","","","","","","","","","","","","","","","","","","","","","","","","","","","","","","","","","","","","","","","","","","","","","","","","","","","","","",""
"65059001","PIC DU MIDI - OBSERVATOIRE",42.937167,0.141333,2880,1881101707,"","","","","","","","","","","","","","","","","","","","","","","","","","","","","","","","","","","","",3.,9,"","","","","","","","","","","","","","","","","","","","","","","","","","","","","","","","","","","","","","","","","","","","","","",724.2,9,"","","","","","","","","","","","","","","","","","","","","","","","","","","","","","","","","","","","","","","","","","","","","","","","","","","","","","","","","","","","","","","","","","","","","","","","","","","","","","","","","","","","","","","","","","","","","","","","","","","","","","","","","","","","","","","",""
"65059001","PIC DU MIDI - OBSERVATOIRE",42.937167,0.141333,2880,1881101712,"","","","","","","","","","","","","","","","","","","","","","","","","","","","","","","","","","","","",5.7,9,"","","","","","","","","","","","","","","","","","","","","","","","","","","","","","","","","","","","","","","","","","","","","","",724.2,1,"","","","","","","","","","","","","","","","","","","","","","","","","","","","","","","","","","","","","","","","","","","","","","","","","","","","","","","","","","","","","","","","","","","","","","","","","","","","","","","","","","","","","","","","","","","","","","","","","","","","","","","","","","","","","","","",""
"65059001","PIC DU MIDI - OBSERVATOIRE",42.937167,0.141333,2880,1881101719,"","","","","","","","","","","","","","","","","","","","","","","","","","","","","","","","","","","","",4.,9,"","","","","","","","","","","","","","","","","","","","","","","","","","","","","","","","","","","","","","","","","","","","","","",722.6,9,"","","","","","","","","","","","","","","","","","","","","","","","","","","","","","","","","","","","","","","","","","","","","","","","","","","","","","","","","","","","","","","","","","","","","","","","","","","","","","","","","","","","","","","","","","","","","","","","","","","","","","","","","","","","","","","",""
"65059001","PIC DU MIDI - OBSERVATOIRE",42.937167,0.141333,2880,1881101807,"","","","","","","","","","","","","","","","","","","","","","","","","","","","","","","","","","","","",5.3,9,"","","","","","","","","","","","","","","","","","","","","","","","","","","","","","","","","","","","","","","","","","","","","","",721.5,9,"","","","","","","","","","","","","","","","","","","","","","","","","","","","","","","","","","","","","","","","","","","","","","","","","","","","","","","","","","","","","","","","","","","","","","","","","","","","","","","","","","","","","","","","","","","","","","","","","","","","","","","","","","","","","","","",""
"65059001","PIC DU MIDI - OBSERVATOIRE",42.937167,0.141333,2880,1881101812,"","","","","","","","","","","","","","","","","","","","","","","","","","","","","","","","","","","","",5.8,9,"","","","","","","","","","","","","","","","","","","","","","","","","","","","","","","","","","","","","","","","","","","","","","",721.3,1,"","","","","","","","","","","","","","","","","","","","","","","","","","","","","","","","","","","","","","","","","","","","","","","","","","","","","","","","","","","","","","","","","","","","","","","","","","","","","","","","","","","","","","","","","","","","","","","","","","","","","","","","","","","","","","","",""
"65059001","PIC DU MIDI - OBSERVATOIRE",42.937167,0.141333,2880,1881101819,"","","","","","","","","","","","","","","","","","","","","","","","","","","","","","","","","","","","",2.1,9,"","","","","","","","","","","","","","","","","","","","","","","","","","","","","","","","","","","","","","","","","","","","","","",719.4,9,"","","","","","","","","","","","","","","","","","","","","","","","","","","","","","","","","","","","","","","","","","","","","","","","","","","","","","","","","","","","","","","","","","","","","","","","","","","","","","","","","","","","","","","","","","","","","","","","","","","","","","","","","","","","","","","",""
"65059001","PIC DU MIDI - OBSERVATOIRE",42.937167,0.141333,2880,1881101907,"","","","","","","","","","","","","","","","","","","","","","","","","","","","","","","","","","","","",-0.2,9,"","","","","","","","","","","","","","","","","","","","","","","","","","","","","","","","","","","","","","","","","","","","","","",715.3,9,"","","","","","","","","","","","","","","","","","","","","","","","","","","","","","","","","","","","","","","","","","","","","","","","","","","","","","","","","","","","","","","","","","","","","","","","","","","","","","","","","","","","","","","","","","","","","","","","","","","","","","","","","","","","","","","",""
"65059001","PIC DU MIDI - OBSERVATOIRE",42.937167,0.141333,2880,1881101912,"","","","","","","","","","","","","","","","","","","","","","","","","","","","","","","","","","","","",5.,9,"","","","","","","","","","","","","","","","","","","","","","","","","","","","","","","","","","","","","","","","","","","","","","",715.,1,"","","","","","","","","","","","","","","","","","","","","","","","","","","","","","","","","","","","","","","","","","","","","","","","","","","","","","","","","","","","","","","","","","","","","","","","","","","","","","","","","","","","","","","","","","","","","","","","","","","","","","","","","","","","","","","",""
"65059001","PIC DU MIDI - OBSERVATOIRE",42.937167,0.141333,2880,1881101919,"","","","","","","","","","","","","","","","","","","","","","","","","","","","","","","","","","","","",0.,9,"","","","","","","","","","","","","","","","","","","","","","","","","","","","","","","","","","","","","","","","","","","","","","",713.4,9,"","","","","","","","","","","","","","","","","","","","","","","","","","","","","","","","","","","","","","","","","","","","","","","","","","","","","","","","","","","","","","","","","","","","","","","","","","","","","","","","","","","","","","","","","","","","","","","","","","","","","","","","","","","","","","","",""
"65059001","PIC DU MIDI - OBSERVATOIRE",42.937167,0.141333,2880,1881102007,"","","","","","","","","","","","","","","","","","","","","","","","","","","","","","","","","","","","",-1.2,9,"","","","","","","","","","","","","","","","","","","","","","","","","","","","","","","","","","","","","","","","","","","","","","",710.2,9,"","","","","","","","","","","","","","","","","","","","","","","","","","","","","","","","","","","","","","","","","","","","","","","","","","","","","","","","","","","","","","","","","","","","","","","","","","","","","","","","","","","","","","","","","","","","","","","","","","","","","","","","","","","","","","","",""
"65059001","PIC DU MIDI - OBSERVATOIRE",42.937167,0.141333,2880,1881102012,"","","","","","","","","","","","","","","","","","","","","","","","","","","","","","","","","","","","",-0.4,9,"","","","","","","","","","","","","","","","","","","","","","","","","","","","","","","","","","","","","","","","","","","","","","",709.7,1,"","","","","","","","","","","","","","","","","","","","","","","","","","","","","","","","","","","","","","","","","","","","","","","","","","","","","","","","","","","","","","","","","","","","","","","","","","","","","","","","","","","","","","","","","","","","","","","","","","","","","","","","","","","","","","","",""
"65059001","PIC DU MIDI - OBSERVATOIRE",42.937167,0.141333,2880,1881102019,"","","","","","","","","","","","","","","","","","","","","","","","","","","","","","","","","","","","",-6.2,9,"","","","","","","","","","","","","","","","","","","","","","","","","","","","","","","","","","","","","","","","","","","","","","",709.4,9,"","","","","","","","","","","","","","","","","","","","","","","","","","","","","","","","","","","","","","","","","","","","","","","","","","","","","","","","","","","","","","","","","","","","","","","","","","","","","","","","","","","","","","","","","","","","","","","","","","","","","","","","","","","","","","","",""
"65059001","PIC DU MIDI - OBSERVATOIRE",42.937167,0.141333,2880,1881102107,"","","","","","","","","","","","","","","","","","","","","","","","","","","","","","","","","","","","",-8.,9,"","","","","","","","","","","","","","","","","","","","","","","","","","","","","","","","","","","","","","","","","","","","","","",711.1,9,"","","","","","","","","","","","","","","","","","","","","","","","","","","","","","","","","","","","","","","","","","","","","","","","","","","","","","","","","","","","","","","","","","","","","","","","","","","","","","","","","","","","","","","","","","","","","","","","","","","","","","","","","","","","","","","",""
"65059001","PIC DU MIDI - OBSERVATOIRE",42.937167,0.141333,2880,1881102112,"","","","","","","","","","","","","","","","","","","","","","","","","","","","","","","","","","","","",-1.2,9,"","","","","","","","","","","","","","","","","","","","","","","","","","","","","","","","","","","","","","","","","","","","","","",711.4,1,"","","","","","","","","","","","","","","","","","","","","","","","","","","","","","","","","","","","","","","","","","","","","","","","","","","","","","","","","","","","","","","","","","","","","","","","","","","","","","","","","","","","","","","","","","","","","","","","","","","","","","","","","","","","","","","",""
"65059001","PIC DU MIDI - OBSERVATOIRE",42.937167,0.141333,2880,1881102119,"","","","","","","","","","","","","","","","","","","","","","","","","","","","","","","","","","","","",-2.,9,"","","","","","","","","","","","","","","","","","","","","","","","","","","","","","","","","","","","","","","","","","","","","","",710.9,9,"","","","","","","","","","","","","","","","","","","","","","","","","","","","","","","","","","","","","","","","","","","","","","","","","","","","","","","","","","","","","","","","","","","","","","","","","","","","","","","","","","","","","","","","","","","","","","","","","","","","","","","","","","","","","","","",""
"65059001","PIC DU MIDI - OBSERVATOIRE",42.937167,0.141333,2880,1881102207,"","","","","","","","","","","","","","","","","","","","","","","","","","","","","","","","","","","","",0.6,9,"","","","","","","","","","","","","","","","","","","","","","","","","","","","","","","","","","","","","","","","","","","","","","",707.7,9,"","","","","","","","","","","","","","","","","","","","","","","","","","","","","","","","","","","","","","","","","","","","","","","","","","","","","","","","","","","","","","","","","","","","","","","","","","","","","","","","","","","","","","","","","","","","","","","","","","","","","","","","","","","","","","","",""
"65059001","PIC DU MIDI - OBSERVATOIRE",42.937167,0.141333,2880,1881102212,"","","","","","","","","","","","","","","","","","","","","","","","","","","","","","","","","","","","",-1.4,9,"","","","","","","","","","","","","","","","","","","","","","","","","","","","","","","","","","","","","","","","","","","","","","",704.9,1,"","","","","","","","","","","","","","","","","","","","","","","","","","","","","","","","","","","","","","","","","","","","","","","","","","","","","","","","","","","","","","","","","","","","","","","","","","","","","","","","","","","","","","","","","","","","","","","","","","","","","","","","","","","","","","","",""
"65059001","PIC DU MIDI - OBSERVATOIRE",42.937167,0.141333,2880,1881102219,"","","","","","","","","","","","","","","","","","","","","","","","","","","","","","","","","","","","",-4.8,9,"","","","","","","","","","","","","","","","","","","","","","","","","","","","","","","","","","","","","","","","","","","","","","",704.5,9,"","","","","","","","","","","","","","","","","","","","","","","","","","","","","","","","","","","","","","","","","","","","","","","","","","","","","","","","","","","","","","","","","","","","","","","","","","","","","","","","","","","","","","","","","","","","","","","","","","","","","","","","","","","","","","","",""
"65059001","PIC DU MIDI - OBSERVATOIRE",42.937167,0.141333,2880,1881102307,"","","","","","","","","","","","","","","","","","","","","","","","","","","","","","","","","","","","",-5.2,9,"","","","","","","","","","","","","","","","","","","","","","","","","","","","","","","","","","","","","","","","","","","","","","",705.,9,"","","","","","","","","","","","","","","","","","","","","","","","","","","","","","","","","","","","","","","","","","","","","","","","","","","","","","","","","","","","","","","","","","","","","","","","","","","","","","","","","","","","","","","","","","","","","","","","","","","","","","","","","","","","","","","",""
"65059001","PIC DU MIDI - OBSERVATOIRE",42.937167,0.141333,2880,1881102312,"","","","","","","","","","","","","","","","","","","","","","","","","","","","","","","","","","","","",-2.3,9,"","","","","","","","","","","","","","","","","","","","","","","","","","","","","","","","","","","","","","","","","","","","","","",705.8,1,"","","","","","","","","","","","","","","","","","","","","","","","","","","","","","","","","","","","","","","","","","","","","","","","","","","","","","","","","","","","","","","","","","","","","","","","","","","","","","","","","","","","","","","","","","","","","","","","","","","","","","","","","","","","","","","",""
"65059001","PIC DU MIDI - OBSERVATOIRE",42.937167,0.141333,2880,1881102319,"","","","","","","","","","","","","","","","","","","","","","","","","","","","","","","","","","","","",-6.,9,"","","","","","","","","","","","","","","","","","","","","","","","","","","","","","","","","","","","","","","","","","","","","","",706.9,9,"","","","","","","","","","","","","","","","","","","","","","","","","","","","","","","","","","","","","","","","","","","","","","","","","","","","","","","","","","","","","","","","","","","","","","","","","","","","","","","","","","","","","","","","","","","","","","","","","","","","","","","","","","","","","","","",""
"65059001","PIC DU MIDI - OBSERVATOIRE",42.937167,0.141333,2880,1881102407,"","","","","","","","","","","","","","","","","","","","","","","","","","","","","","","","","","","","",-6.,9,"","","","","","","","","","","","","","","","","","","","","","","","","","","","","","","","","","","","","","","","","","","","","","",709.9,9,"","","","","","","","","","","","","","","","","","","","","","","","","","","","","","","","","","","","","","","","","","","","","","","","","","","","","","","","","","","","","","","","","","","","","","","","","","","","","","","","","","","","","","","","","","","","","","","","","","","","","","","","","","","","","","","",""
"65059001","PIC DU MIDI - OBSERVATOIRE",42.937167,0.141333,2880,1881102412,"","","","","","","","","","","","","","","","","","","","","","","","","","","","","","","","","","","","",-4.3,9,"","","","","","","","","","","","","","","","","","","","","","","","","","","","","","","","","","","","","","","","","","","","","","",712.1,1,"","","","","","","","","","","","","","","","","","","","","","","","","","","","","","","","","","","","","","","","","","","","","","","","","","","","","","","","","","","","","","","","","","","","","","","","","","","","","","","","","","","","","","","","","","","","","","","","","","","","","","","","","","","","","","","",""
"65059001","PIC DU MIDI - OBSERVATOIRE",42.937167,0.141333,2880,1881102419,"","","","","","","","","","","","","","","","","","","","","","","","","","","","","","","","","","","","",-6.2,9,"","","","","","","","","","","","","","","","","","","","","","","","","","","","","","","","","","","","","","","","","","","","","","",711.7,9,"","","","","","","","","","","","","","","","","","","","","","","","","","","","","","","","","","","","","","","","","","","","","","","","","","","","","","","","","","","","","","","","","","","","","","","","","","","","","","","","","","","","","","","","","","","","","","","","","","","","","","","","","","","","","","","",""
"65059001","PIC DU MIDI - OBSERVATOIRE",42.937167,0.141333,2880,1881102507,"","","","","","","","","","","","","","","","","","","","","","","","","","","","","","","","","","","","",-2.,9,"","","","","","","","","","","","","","","","","","","","","","","","","","","","","","","","","","","","","","","","","","","","","","",708.2,9,"","","","","","","","","","","","","","","","","","","","","","","","","","","","","","","","","","","","","","","","","","","","","","","","","","","","","","","","","","","","","","","","","","","","","","","","","","","","","","","","","","","","","","","","","","","","","","","","","","","","","","","","","","","","","","","",""
"65059001","PIC DU MIDI - OBSERVATOIRE",42.937167,0.141333,2880,1881102512,"","","","","","","","","","","","","","","","","","","","","","","","","","","","","","","","","","","","",-0.2,9,"","","","","","","","","","","","","","","","","","","","","","","","","","","","","","","","","","","","","","","","","","","","","","",708.5,1,"","","","","","","","","","","","","","","","","","","","","","","","","","","","","","","","","","","","","","","","","","","","","","","","","","","","","","","","","","","","","","","","","","","","","","","","","","","","","","","","","","","","","","","","","","","","","","","","","","","","","","","","","","","","","","","",""
"65059001","PIC DU MIDI - OBSERVATOIRE",42.937167,0.141333,2880,1881102519,"","","","","","","","","","","","","","","","","","","","","","","","","","","","","","","","","","","","",-0.8,9,"","","","","","","","","","","","","","","","","","","","","","","","","","","","","","","","","","","","","","","","","","","","","","",710.3,9,"","","","","","","","","","","","","","","","","","","","","","","","","","","","","","","","","","","","","","","","","","","","","","","","","","","","","","","","","","","","","","","","","","","","","","","","","","","","","","","","","","","","","","","","","","","","","","","","","","","","","","","","","","","","","","","",""
"65059001","PIC DU MIDI - OBSERVATOIRE",42.937167,0.141333,2880,1881102607,"","","","","","","","","","","","","","","","","","","","","","","","","","","","","","","","","","","","",-2.,9,"","","","","","","","","","","","","","","","","","","","","","","","","","","","","","","","","","","","","","","","","","","","","","",713.3,9,"","","","","","","","","","","","","","","","","","","","","","","","","","","","","","","","","","","","","","","","","","","","","","","","","","","","","","","","","","","","","","","","","","","","","","","","","","","","","","","","","","","","","","","","","","","","","","","","","","","","","","","","","","","","","","","",""
"65059001","PIC DU MIDI - OBSERVATOIRE",42.937167,0.141333,2880,1881102612,"","","","","","","","","","","","","","","","","","","","","","","","","","","","","","","","","","","","",0.2,9,"","","","","","","","","","","","","","","","","","","","","","","","","","","","","","","","","","","","","","","","","","","","","","",713.8,1,"","","","","","","","","","","","","","","","","","","","","","","","","","","","","","","","","","","","","","","","","","","","","","","","","","","","","","","","","","","","","","","","","","","","","","","","","","","","","","","","","","","","","","","","","","","","","","","","","","","","","","","","","","","","","","","",""
"65059001","PIC DU MIDI - OBSERVATOIRE",42.937167,0.141333,2880,1881102619,"","","","","","","","","","","","","","","","","","","","","","","","","","","","","","","","","","","","",-0.5,9,"","","","","","","","","","","","","","","","","","","","","","","","","","","","","","","","","","","","","","","","","","","","","","",714.3,9,"","","","","","","","","","","","","","","","","","","","","","","","","","","","","","","","","","","","","","","","","","","","","","","","","","","","","","","","","","","","","","","","","","","","","","","","","","","","","","","","","","","","","","","","","","","","","","","","","","","","","","","","","","","","","","","",""
"65059001","PIC DU MIDI - OBSERVATOIRE",42.937167,0.141333,2880,1881102707,"","","","","","","","","","","","","","","","","","","","","","","","","","","","","","","","","","","","",-4.6,9,"","","","","","","","","","","","","","","","","","","","","","","","","","","","","","","","","","","","","","","","","","","","","","",712.1,9,"","","","","","","","","","","","","","","","","","","","","","","","","","","","","","","","","","","","","","","","","","","","","","","","","","","","","","","","","","","","","","","","","","","","","","","","","","","","","","","","","","","","","","","","","","","","","","","","","","","","","","","","","","","","","","","",""
"65059001","PIC DU MIDI - OBSERVATOIRE",42.937167,0.141333,2880,1881102712,"","","","","","","","","","","","","","","","","","","","","","","","","","","","","","","","","","","","",-1.8,9,"","","","","","","","","","","","","","","","","","","","","","","","","","","","","","","","","","","","","","","","","","","","","","",713.,1,"","","","","","","","","","","","","","","","","","","","","","","","","","","","","","","","","","","","","","","","","","","","","","","","","","","","","","","","","","","","","","","","","","","","","","","","","","","","","","","","","","","","","","","","","","","","","","","","","","","","","","","","","","","","","","","",""
"65059001","PIC DU MIDI - OBSERVATOIRE",42.937167,0.141333,2880,1881102719,"","","","","","","","","","","","","","","","","","","","","","","","","","","","","","","","","","","","",-3.3,9,"","","","","","","","","","","","","","","","","","","","","","","","","","","","","","","","","","","","","","","","","","","","","","",712.9,9,"","","","","","","","","","","","","","","","","","","","","","","","","","","","","","","","","","","","","","","","","","","","","","","","","","","","","","","","","","","","","","","","","","","","","","","","","","","","","","","","","","","","","","","","","","","","","","","","","","","","","","","","","","","","","","","",""
"65059001","PIC DU MIDI - OBSERVATOIRE",42.937167,0.141333,2880,1881102807,"","","","","","","","","","","","","","","","","","","","","","","","","","","","","","","","","","","","",-5.,9,"","","","","","","","","","","","","","","","","","","","","","","","","","","","","","","","","","","","","","","","","","","","","","",712.2,9,"","","","","","","","","","","","","","","","","","","","","","","","","","","","","","","","","","","","","","","","","","","","","","","","","","","","","","","","","","","","","","","","","","","","","","","","","","","","","","","","","","","","","","","","","","","","","","","","","","","","","","","","","","","","","","","",""
"65059001","PIC DU MIDI - OBSERVATOIRE",42.937167,0.141333,2880,1881102812,"","","","","","","","","","","","","","","","","","","","","","","","","","","","","","","","","","","","",-3.3,9,"","","","","","","","","","","","","","","","","","","","","","","","","","","","","","","","","","","","","","","","","","","","","","",712.3,1,"","","","","","","","","","","","","","","","","","","","","","","","","","","","","","","","","","","","","","","","","","","","","","","","","","","","","","","","","","","","","","","","","","","","","","","","","","","","","","","","","","","","","","","","","","","","","","","","","","","","","","","","","","","","","","","",""
"65059001","PIC DU MIDI - OBSERVATOIRE",42.937167,0.141333,2880,1881102819,"","","","","","","","","","","","","","","","","","","","","","","","","","","","","","","","","","","","",-7.,9,"","","","","","","","","","","","","","","","","","","","","","","","","","","","","","","","","","","","","","","","","","","","","","",711.8,9,"","","","","","","","","","","","","","","","","","","","","","","","","","","","","","","","","","","","","","","","","","","","","","","","","","","","","","","","","","","","","","","","","","","","","","","","","","","","","","","","","","","","","","","","","","","","","","","","","","","","","","","","","","","","","","","",""
"65059001","PIC DU MIDI - OBSERVATOIRE",42.937167,0.141333,2880,1881102907,"","","","","","","","","","","","","","","","","","","","","","","","","","","","","","","","","","","","",-10.7,9,"","","","","","","","","","","","","","","","","","","","","","","","","","","","","","","","","","","","","","","","","","","","","","",709.8,9,"","","","","","","","","","","","","","","","","","","","","","","","","","","","","","","","","","","","","","","","","","","","","","","","","","","","","","","","","","","","","","","","","","","","","","","","","","","","","","","","","","","","","","","","","","","","","","","","","","","","","","","","","","","","","","","",""
"65059001","PIC DU MIDI - OBSERVATOIRE",42.937167,0.141333,2880,1881102912,"","","","","","","","","","","","","","","","","","","","","","","","","","","","","","","","","","","","",-3.3,9,"","","","","","","","","","","","","","","","","","","","","","","","","","","","","","","","","","","","","","","","","","","","","","",709.7,1,"","","","","","","","","","","","","","","","","","","","","","","","","","","","","","","","","","","","","","","","","","","","","","","","","","","","","","","","","","","","","","","","","","","","","","","","","","","","","","","","","","","","","","","","","","","","","","","","","","","","","","","","","","","","","","","",""
"65059001","PIC DU MIDI - OBSERVATOIRE",42.937167,0.141333,2880,1881102919,"","","","","","","","","","","","","","","","","","","","","","","","","","","","","","","","","","","","",-12.8,9,"","","","","","","","","","","","","","","","","","","","","","","","","","","","","","","","","","","","","","","","","","","","","","",708.3,9,"","","","","","","","","","","","","","","","","","","","","","","","","","","","","","","","","","","","","","","","","","","","","","","","","","","","","","","","","","","","","","","","","","","","","","","","","","","","","","","","","","","","","","","","","","","","","","","","","","","","","","","","","","","","","","","",""
"65059001","PIC DU MIDI - OBSERVATOIRE",42.937167,0.141333,2880,1881103007,"","","","","","","","","","","","","","","","","","","","","","","","","","","","","","","","","","","","",-15.,9,"","","","","","","","","","","","","","","","","","","","","","","","","","","","","","","","","","","","","","","","","","","","","","",706.9,9,"","","","","","","","","","","","","","","","","","","","","","","","","","","","","","","","","","","","","","","","","","","","","","","","","","","","","","","","","","","","","","","","","","","","","","","","","","","","","","","","","","","","","","","","","","","","","","","","","","","","","","","","","","","","","","","",""
"65059001","PIC DU MIDI - OBSERVATOIRE",42.937167,0.141333,2880,1881103012,"","","","","","","","","","","","","","","","","","","","","","","","","","","","","","","","","","","","",-11.2,9,"","","","","","","","","","","","","","","","","","","","","","","","","","","","","","","","","","","","","","","","","","","","","","",706.7,1,"","","","","","","","","","","","","","","","","","","","","","","","","","","","","","","","","","","","","","","","","","","","","","","","","","","","","","","","","","","","","","","","","","","","","","","","","","","","","","","","","","","","","","","","","","","","","","","","","","","","","","","","","","","","","","","",""
"65059001","PIC DU MIDI - OBSERVATOIRE",42.937167,0.141333,2880,1881103019,"","","","","","","","","","","","","","","","","","","","","","","","","","","","","","","","","","","","",-18.,9,"","","","","","","","","","","","","","","","","","","","","","","","","","","","","","","","","","","","","","","","","","","","","","",706.7,9,"","","","","","","","","","","","","","","","","","","","","","","","","","","","","","","","","","","","","","","","","","","","","","","","","","","","","","","","","","","","","","","","","","","","","","","","","","","","","","","","","","","","","","","","","","","","","","","","","","","","","","","","","","","","","","","",""
"65059001","PIC DU MIDI - OBSERVATOIRE",42.937167,0.141333,2880,1881103107,"","","","","","","","","","","","","","","","","","","","","","","","","","","","","","","","","","","","",-21.,9,"","","","","","","","","","","","","","","","","","","","","","","","","","","","","","","","","","","","","","","","","","","","","","",704.7,9,"","","","","","","","","","","","","","","","","","","","","","","","","","","","","","","","","","","","","","","","","","","","","","","","","","","","","","","","","","","","","","","","","","","","","","","","","","","","","","","","","","","","","","","","","","","","","","","","","","","","","","","","","","","","","","","",""
"65059001","PIC DU MIDI - OBSERVATOIRE",42.937167,0.141333,2880,1881103112,"","","","","","","","","","","","","","","","","","","","","","","","","","","","","","","","","","","","",-18.4,9,"","","","","","","","","","","","","","","","","","","","","","","","","","","","","","","","","","","","","","","","","","","","","","",705.1,1,"","","","","","","","","","","","","","","","","","","","","","","","","","","","","","","","","","","","","","","","","","","","","","","","","","","","","","","","","","","","","","","","","","","","","","","","","","","","","","","","","","","","","","","","","","","","","","","","","","","","","","","","","","","","","","","",""
"65059001","PIC DU MIDI - OBSERVATOIRE",42.937167,0.141333,2880,1881103119,"","","","","","","","","","","","","","","","","","","","","","","","","","","","","","","","","","","","",-18.9,9,"","","","","","","","","","","","","","","","","","","","","","","","","","","","","","","","","","","","","","","","","","","","","","",707.3,9,"","","","","","","","","","","","","","","","","","","","","","","","","","","","","","","","","","","","","","","","","","","","","","","","","","","","","","","","","","","","","","","","","","","","","","","","","","","","","","","","","","","","","","","","","","","","","","","","","","","","","","","","","","","","","","","",""
"65059001","PIC DU MIDI - OBSERVATOIRE",42.937167,0.141333,2880,1881110107,"","","","","","","","","","","","","","","","","","","","","","","","","","","","","","","","","","","","",-9.,9,"","","","","","","","","","","","","","","","","","","","","","","","","","","","","","","","","","","","","","","","","","","","","","",709.8,9,"","","","","","","","","","","","","","","","","","","","","","","","","","","","","","","","","","","","","","","","","","","","","","","","","","","","","","","","","","","","","","","","","","","","","","","","","","","","","","","","","","","","","","","","","","","","","","","","","","","","","","","","","","","","","","","",""
"65059001","PIC DU MIDI - OBSERVATOIRE",42.937167,0.141333,2880,1881110112,"","","","","","","","","","","","","","","","","","","","","","","","","","","","","","","","","","","","",-2.3,9,"","","","","","","","","","","","","","","","","","","","","","","","","","","","","","","","","","","","","","","","","","","","","","",711.9,1,"","","","","","","","","","","","","","","","","","","","","","","","","","","","","","","","","","","","","","","","","","","","","","","","","","","","","","","","","","","","","","","","","","","","","","","","","","","","","","","","","","","","","","","","","","","","","","","","","","","","","","","","","","","","","","","",""
"65059001","PIC DU MIDI - OBSERVATOIRE",42.937167,0.141333,2880,1881110119,"","","","","","","","","","","","","","","","","","","","","","","","","","","","","","","","","","","","",-4.2,9,"","","","","","","","","","","","","","","","","","","","","","","","","","","","","","","","","","","","","","","","","","","","","","",712.9,9,"","","","","","","","","","","","","","","","","","","","","","","","","","","","","","","","","","","","","","","","","","","","","","","","","","","","","","","","","","","","","","","","","","","","","","","","","","","","","","","","","","","","","","","","","","","","","","","","","","","","","","","","","","","","","","","",""
"65059001","PIC DU MIDI - OBSERVATOIRE",42.937167,0.141333,2880,1881110207,"","","","","","","","","","","","","","","","","","","","","","","","","","","","","","","","","","","","",-2.,9,"","","","","","","","","","","","","","","","","","","","","","","","","","","","","","","","","","","","","","","","","","","","","","",709.4,9,"","","","","","","","","","","","","","","","","","","","","","","","","","","","","","","","","","","","","","","","","","","","","","","","","","","","","","","","","","","","","","","","","","","","","","","","","","","","","","","","","","","","","","","","","","","","","","","","","","","","","","","","","","","","","","","",""
"65059001","PIC DU MIDI - OBSERVATOIRE",42.937167,0.141333,2880,1881110212,"","","","","","","","","","","","","","","","","","","","","","","","","","","","","","","","","","","","",-2.2,9,"","","","","","","","","","","","","","","","","","","","","","","","","","","","","","","","","","","","","","","","","","","","","","",711.1,1,"","","","","","","","","","","","","","","","","","","","","","","","","","","","","","","","","","","","","","","","","","","","","","","","","","","","","","","","","","","","","","","","","","","","","","","","","","","","","","","","","","","","","","","","","","","","","","","","","","","","","","","","","","","","","","","",""
"65059001","PIC DU MIDI - OBSERVATOIRE",42.937167,0.141333,2880,1881110219,"","","","","","","","","","","","","","","","","","","","","","","","","","","","","","","","","","","","",-4.8,9,"","","","","","","","","","","","","","","","","","","","","","","","","","","","","","","","","","","","","","","","","","","","","","",713.7,9,"","","","","","","","","","","","","","","","","","","","","","","","","","","","","","","","","","","","","","","","","","","","","","","","","","","","","","","","","","","","","","","","","","","","","","","","","","","","","","","","","","","","","","","","","","","","","","","","","","","","","","","","","","","","","","","",""
"65059001","PIC DU MIDI - OBSERVATOIRE",42.937167,0.141333,2880,1881110307,"","","","","","","","","","","","","","","","","","","","","","","","","","","","","","","","","","","","",-1.2,9,"","","","","","","","","","","","","","","","","","","","","","","","","","","","","","","","","","","","","","","","","","","","","","",718.9,9,"","","","","","","","","","","","","","","","","","","","","","","","","","","","","","","","","","","","","","","","","","","","","","","","","","","","","","","","","","","","","","","","","","","","","","","","","","","","","","","","","","","","","","","","","","","","","","","","","","","","","","","","","","","","","","","",""
"65059001","PIC DU MIDI - OBSERVATOIRE",42.937167,0.141333,2880,1881110312,"","","","","","","","","","","","","","","","","","","","","","","","","","","","","","","","","","","","",5.2,9,"","","","","","","","","","","","","","","","","","","","","","","","","","","","","","","","","","","","","","","","","","","","","","",722.9,1,"","","","","","","","","","","","","","","","","","","","","","","","","","","","","","","","","","","","","","","","","","","","","","","","","","","","","","","","","","","","","","","","","","","","","","","","","","","","","","","","","","","","","","","","","","","","","","","","","","","","","","","","","","","","","","","",""
"65059001","PIC DU MIDI - OBSERVATOIRE",42.937167,0.141333,2880,1881110319,"","","","","","","","","","","","","","","","","","","","","","","","","","","","","","","","","","","","",3.,9,"","","","","","","","","","","","","","","","","","","","","","","","","","","","","","","","","","","","","","","","","","","","","","",724.9,9,"","","","","","","","","","","","","","","","","","","","","","","","","","","","","","","","","","","","","","","","","","","","","","","","","","","","","","","","","","","","","","","","","","","","","","","","","","","","","","","","","","","","","","","","","","","","","","","","","","","","","","","","","","","","","","","",""
"65059001","PIC DU MIDI - OBSERVATOIRE",42.937167,0.141333,2880,1881110407,"","","","","","","","","","","","","","","","","","","","","","","","","","","","","","","","","","","","",3.2,9,"","","","","","","","","","","","","","","","","","","","","","","","","","","","","","","","","","","","","","","","","","","","","","",726.5,9,"","","","","","","","","","","","","","","","","","","","","","","","","","","","","","","","","","","","","","","","","","","","","","","","","","","","","","","","","","","","","","","","","","","","","","","","","","","","","","","","","","","","","","","","","","","","","","","","","","","","","","","","","","","","","","","",""
"65059001","PIC DU MIDI - OBSERVATOIRE",42.937167,0.141333,2880,1881110412,"","","","","","","","","","","","","","","","","","","","","","","","","","","","","","","","","","","","",5.2,9,"","","","","","","","","","","","","","","","","","","","","","","","","","","","","","","","","","","","","","","","","","","","","","",727.9,1,"","","","","","","","","","","","","","","","","","","","","","","","","","","","","","","","","","","","","","","","","","","","","","","","","","","","","","","","","","","","","","","","","","","","","","","","","","","","","","","","","","","","","","","","","","","","","","","","","","","","","","","","","","","","","","","",""
"65059001","PIC DU MIDI - OBSERVATOIRE",42.937167,0.141333,2880,1881110419,"","","","","","","","","","","","","","","","","","","","","","","","","","","","","","","","","","","","",2.4,9,"","","","","","","","","","","","","","","","","","","","","","","","","","","","","","","","","","","","","","","","","","","","","","",728.2,9,"","","","","","","","","","","","","","","","","","","","","","","","","","","","","","","","","","","","","","","","","","","","","","","","","","","","","","","","","","","","","","","","","","","","","","","","","","","","","","","","","","","","","","","","","","","","","","","","","","","","","","","","","","","","","","","",""
"65059001","PIC DU MIDI - OBSERVATOIRE",42.937167,0.141333,2880,1881110507,"","","","","","","","","","","","","","","","","","","","","","","","","","","","","","","","","","","","",4.,9,"","","","","","","","","","","","","","","","","","","","","","","","","","","","","","","","","","","","","","","","","","","","","","",729.,9,"","","","","","","","","","","","","","","","","","","","","","","","","","","","","","","","","","","","","","","","","","","","","","","","","","","","","","","","","","","","","","","","","","","","","","","","","","","","","","","","","","","","","","","","","","","","","","","","","","","","","","","","","","","","","","","",""
"65059001","PIC DU MIDI - OBSERVATOIRE",42.937167,0.141333,2880,1881110512,"","","","","","","","","","","","","","","","","","","","","","","","","","","","","","","","","","","","",6.5,9,"","","","","","","","","","","","","","","","","","","","","","","","","","","","","","","","","","","","","","","","","","","","","","",730.1,1,"","","","","","","","","","","","","","","","","","","","","","","","","","","","","","","","","","","","","","","","","","","","","","","","","","","","","","","","","","","","","","","","","","","","","","","","","","","","","","","","","","","","","","","","","","","","","","","","","","","","","","","","","","","","","","","",""
"65059001","PIC DU MIDI - OBSERVATOIRE",42.937167,0.141333,2880,1881110519,"","","","","","","","","","","","","","","","","","","","","","","","","","","","","","","","","","","","",3.5,9,"","","","","","","","","","","","","","","","","","","","","","","","","","","","","","","","","","","","","","","","","","","","","","",729.4,9,"","","","","","","","","","","","","","","","","","","","","","","","","","","","","","","","","","","","","","","","","","","","","","","","","","","","","","","","","","","","","","","","","","","","","","","","","","","","","","","","","","","","","","","","","","","","","","","","","","","","","","","","","","","","","","","",""
"65059001","PIC DU MIDI - OBSERVATOIRE",42.937167,0.141333,2880,1881110607,"","","","","","","","","","","","","","","","","","","","","","","","","","","","","","","","","","","","",4.,9,"","","","","","","","","","","","","","","","","","","","","","","","","","","","","","","","","","","","","","","","","","","","","","",730.9,9,"","","","","","","","","","","","","","","","","","","","","","","","","","","","","","","","","","","","","","","","","","","","","","","","","","","","","","","","","","","","","","","","","","","","","","","","","","","","","","","","","","","","","","","","","","","","","","","","","","","","","","","","","","","","","","","",""
"65059001","PIC DU MIDI - OBSERVATOIRE",42.937167,0.141333,2880,1881110612,"","","","","","","","","","","","","","","","","","","","","","","","","","","","","","","","","","","","",6.,9,"","","","","","","","","","","","","","","","","","","","","","","","","","","","","","","","","","","","","","","","","","","","","","",731.1,1,"","","","","","","","","","","","","","","","","","","","","","","","","","","","","","","","","","","","","","","","","","","","","","","","","","","","","","","","","","","","","","","","","","","","","","","","","","","","","","","","","","","","","","","","","","","","","","","","","","","","","","","","","","","","","","","",""
"65059001","PIC DU MIDI - OBSERVATOIRE",42.937167,0.141333,2880,1881110619,"","","","","","","","","","","","","","","","","","","","","","","","","","","","","","","","","","","","",3.7,9,"","","","","","","","","","","","","","","","","","","","","","","","","","","","","","","","","","","","","","","","","","","","","","",730.9,9,"","","","","","","","","","","","","","","","","","","","","","","","","","","","","","","","","","","","","","","","","","","","","","","","","","","","","","","","","","","","","","","","","","","","","","","","","","","","","","","","","","","","","","","","","","","","","","","","","","","","","","","","","","","","","","","",""
"65059001","PIC DU MIDI - OBSERVATOIRE",42.937167,0.141333,2880,1881110707,"","","","","","","","","","","","","","","","","","","","","","","","","","","","","","","","","","","","",5.,9,"","","","","","","","","","","","","","","","","","","","","","","","","","","","","","","","","","","","","","","","","","","","","","",730.2,9,"","","","","","","","","","","","","","","","","","","","","","","","","","","","","","","","","","","","","","","","","","","","","","","","","","","","","","","","","","","","","","","","","","","","","","","","","","","","","","","","","","","","","","","","","","","","","","","","","","","","","","","","","","","","","","","",""
"65059001","PIC DU MIDI - OBSERVATOIRE",42.937167,0.141333,2880,1881110712,"","","","","","","","","","","","","","","","","","","","","","","","","","","","","","","","","","","","",11.5,9,"","","","","","","","","","","","","","","","","","","","","","","","","","","","","","","","","","","","","","","","","","","","","","",730.1,1,"","","","","","","","","","","","","","","","","","","","","","","","","","","","","","","","","","","","","","","","","","","","","","","","","","","","","","","","","","","","","","","","","","","","","","","","","","","","","","","","","","","","","","","","","","","","","","","","","","","","","","","","","","","","","","","",""
"65059001","PIC DU MIDI - OBSERVATOIRE",42.937167,0.141333,2880,1881110719,"","","","","","","","","","","","","","","","","","","","","","","","","","","","","","","","","","","","",7.,9,"","","","","","","","","","","","","","","","","","","","","","","","","","","","","","","","","","","","","","","","","","","","","","",728.9,9,"","","","","","","","","","","","","","","","","","","","","","","","","","","","","","","","","","","","","","","","","","","","","","","","","","","","","","","","","","","","","","","","","","","","","","","","","","","","","","","","","","","","","","","","","","","","","","","","","","","","","","","","","","","","","","","",""
"65059001","PIC DU MIDI - OBSERVATOIRE",42.937167,0.141333,2880,1881110807,"","","","","","","","","","","","","","","","","","","","","","","","","","","","","","","","","","","","",4.5,9,"","","","","","","","","","","","","","","","","","","","","","","","","","","","","","","","","","","","","","","","","","","","","","",726.9,9,"","","","","","","","","","","","","","","","","","","","","","","","","","","","","","","","","","","","","","","","","","","","","","","","","","","","","","","","","","","","","","","","","","","","","","","","","","","","","","","","","","","","","","","","","","","","","","","","","","","","","","","","","","","","","","","",""
"65059001","PIC DU MIDI - OBSERVATOIRE",42.937167,0.141333,2880,1881110812,"","","","","","","","","","","","","","","","","","","","","","","","","","","","","","","","","","","","",9.7,9,"","","","","","","","","","","","","","","","","","","","","","","","","","","","","","","","","","","","","","","","","","","","","","",726.9,1,"","","","","","","","","","","","","","","","","","","","","","","","","","","","","","","","","","","","","","","","","","","","","","","","","","","","","","","","","","","","","","","","","","","","","","","","","","","","","","","","","","","","","","","","","","","","","","","","","","","","","","","","","","","","","","","",""
"65059001","PIC DU MIDI - OBSERVATOIRE",42.937167,0.141333,2880,1881110819,"","","","","","","","","","","","","","","","","","","","","","","","","","","","","","","","","","","","",6.4,9,"","","","","","","","","","","","","","","","","","","","","","","","","","","","","","","","","","","","","","","","","","","","","","",725.4,9,"","","","","","","","","","","","","","","","","","","","","","","","","","","","","","","","","","","","","","","","","","","","","","","","","","","","","","","","","","","","","","","","","","","","","","","","","","","","","","","","","","","","","","","","","","","","","","","","","","","","","","","","","","","","","","","",""
"65059001","PIC DU MIDI - OBSERVATOIRE",42.937167,0.141333,2880,1881110907,"","","","","","","","","","","","","","","","","","","","","","","","","","","","","","","","","","","","",5.1,9,"","","","","","","","","","","","","","","","","","","","","","","","","","","","","","","","","","","","","","","","","","","","","","",722.9,9,"","","","","","","","","","","","","","","","","","","","","","","","","","","","","","","","","","","","","","","","","","","","","","","","","","","","","","","","","","","","","","","","","","","","","","","","","","","","","","","","","","","","","","","","","","","","","","","","","","","","","","","","","","","","","","","",""
"65059001","PIC DU MIDI - OBSERVATOIRE",42.937167,0.141333,2880,1881110912,"","","","","","","","","","","","","","","","","","","","","","","","","","","","","","","","","","","","",6.9,9,"","","","","","","","","","","","","","","","","","","","","","","","","","","","","","","","","","","","","","","","","","","","","","",723.8,1,"","","","","","","","","","","","","","","","","","","","","","","","","","","","","","","","","","","","","","","","","","","","","","","","","","","","","","","","","","","","","","","","","","","","","","","","","","","","","","","","","","","","","","","","","","","","","","","","","","","","","","","","","","","","","","","",""
"65059001","PIC DU MIDI - OBSERVATOIRE",42.937167,0.141333,2880,1881110919,"","","","","","","","","","","","","","","","","","","","","","","","","","","","","","","","","","","","",2.5,9,"","","","","","","","","","","","","","","","","","","","","","","","","","","","","","","","","","","","","","","","","","","","","","",724.1,9,"","","","","","","","","","","","","","","","","","","","","","","","","","","","","","","","","","","","","","","","","","","","","","","","","","","","","","","","","","","","","","","","","","","","","","","","","","","","","","","","","","","","","","","","","","","","","","","","","","","","","","","","","","","","","","","",""
"65059001","PIC DU MIDI - OBSERVATOIRE",42.937167,0.141333,2880,1881111007,"","","","","","","","","","","","","","","","","","","","","","","","","","","","","","","","","","","","",-1.,9,"","","","","","","","","","","","","","","","","","","","","","","","","","","","","","","","","","","","","","","","","","","","","","",724.2,9,"","","","","","","","","","","","","","","","","","","","","","","","","","","","","","","","","","","","","","","","","","","","","","","","","","","","","","","","","","","","","","","","","","","","","","","","","","","","","","","","","","","","","","","","","","","","","","","","","","","","","","","","","","","","","","","",""
"65059001","PIC DU MIDI - OBSERVATOIRE",42.937167,0.141333,2880,1881111012,"","","","","","","","","","","","","","","","","","","","","","","","","","","","","","","","","","","","",2.8,9,"","","","","","","","","","","","","","","","","","","","","","","","","","","","","","","","","","","","","","","","","","","","","","",726.7,1,"","","","","","","","","","","","","","","","","","","","","","","","","","","","","","","","","","","","","","","","","","","","","","","","","","","","","","","","","","","","","","","","","","","","","","","","","","","","","","","","","","","","","","","","","","","","","","","","","","","","","","","","","","","","","","","",""
"65059001","PIC DU MIDI - OBSERVATOIRE",42.937167,0.141333,2880,1881111019,"","","","","","","","","","","","","","","","","","","","","","","","","","","","","","","","","","","","",-2.5,9,"","","","","","","","","","","","","","","","","","","","","","","","","","","","","","","","","","","","","","","","","","","","","","",726.7,9,"","","","","","","","","","","","","","","","","","","","","","","","","","","","","","","","","","","","","","","","","","","","","","","","","","","","","","","","","","","","","","","","","","","","","","","","","","","","","","","","","","","","","","","","","","","","","","","","","","","","","","","","","","","","","","","",""
"65059001","PIC DU MIDI - OBSERVATOIRE",42.937167,0.141333,2880,1881111107,"","","","","","","","","","","","","","","","","","","","","","","","","","","","","","","","","","","","",-1.,9,"","","","","","","","","","","","","","","","","","","","","","","","","","","","","","","","","","","","","","","","","","","","","","",727.3,9,"","","","","","","","","","","","","","","","","","","","","","","","","","","","","","","","","","","","","","","","","","","","","","","","","","","","","","","","","","","","","","","","","","","","","","","","","","","","","","","","","","","","","","","","","","","","","","","","","","","","","","","","","","","","","","","",""
"65059001","PIC DU MIDI - OBSERVATOIRE",42.937167,0.141333,2880,1881111112,"","","","","","","","","","","","","","","","","","","","","","","","","","","","","","","","","","","","",7.,9,"","","","","","","","","","","","","","","","","","","","","","","","","","","","","","","","","","","","","","","","","","","","","","",727.8,1,"","","","","","","","","","","","","","","","","","","","","","","","","","","","","","","","","","","","","","","","","","","","","","","","","","","","","","","","","","","","","","","","","","","","","","","","","","","","","","","","","","","","","","","","","","","","","","","","","","","","","","","","","","","","","","","",""
"65059001","PIC DU MIDI - OBSERVATOIRE",42.937167,0.141333,2880,1881111119,"","","","","","","","","","","","","","","","","","","","","","","","","","","","","","","","","","","","",4.,9,"","","","","","","","","","","","","","","","","","","","","","","","","","","","","","","","","","","","","","","","","","","","","","",729.1,9,"","","","","","","","","","","","","","","","","","","","","","","","","","","","","","","","","","","","","","","","","","","","","","","","","","","","","","","","","","","","","","","","","","","","","","","","","","","","","","","","","","","","","","","","","","","","","","","","","","","","","","","","","","","","","","","",""
"65059001","PIC DU MIDI - OBSERVATOIRE",42.937167,0.141333,2880,1881111207,"","","","","","","","","","","","","","","","","","","","","","","","","","","","","","","","","","","","",4.2,9,"","","","","","","","","","","","","","","","","","","","","","","","","","","","","","","","","","","","","","","","","","","","","","",727.9,9,"","","","","","","","","","","","","","","","","","","","","","","","","","","","","","","","","","","","","","","","","","","","","","","","","","","","","","","","","","","","","","","","","","","","","","","","","","","","","","","","","","","","","","","","","","","","","","","","","","","","","","","","","","","","","","","",""
"65059001","PIC DU MIDI - OBSERVATOIRE",42.937167,0.141333,2880,1881111212,"","","","","","","","","","","","","","","","","","","","","","","","","","","","","","","","","","","","",5.2,9,"","","","","","","","","","","","","","","","","","","","","","","","","","","","","","","","","","","","","","","","","","","","","","",728.7,1,"","","","","","","","","","","","","","","","","","","","","","","","","","","","","","","","","","","","","","","","","","","","","","","","","","","","","","","","","","","","","","","","","","","","","","","","","","","","","","","","","","","","","","","","","","","","","","","","","","","","","","","","","","","","","","","",""
"65059001","PIC DU MIDI - OBSERVATOIRE",42.937167,0.141333,2880,1881111219,"","","","","","","","","","","","","","","","","","","","","","","","","","","","","","","","","","","","",2.5,9,"","","","","","","","","","","","","","","","","","","","","","","","","","","","","","","","","","","","","","","","","","","","","","",729.1,9,"","","","","","","","","","","","","","","","","","","","","","","","","","","","","","","","","","","","","","","","","","","","","","","","","","","","","","","","","","","","","","","","","","","","","","","","","","","","","","","","","","","","","","","","","","","","","","","","","","","","","","","","","","","","","","","",""
"65059001","PIC DU MIDI - OBSERVATOIRE",42.937167,0.141333,2880,1881111307,"","","","","","","","","","","","","","","","","","","","","","","","","","","","","","","","","","","","",1.8,9,"","","","","","","","","","","","","","","","","","","","","","","","","","","","","","","","","","","","","","","","","","","","","","",730.7,9,"","","","","","","","","","","","","","","","","","","","","","","","","","","","","","","","","","","","","","","","","","","","","","","","","","","","","","","","","","","","","","","","","","","","","","","","","","","","","","","","","","","","","","","","","","","","","","","","","","","","","","","","","","","","","","","",""
"65059001","PIC DU MIDI - OBSERVATOIRE",42.937167,0.141333,2880,1881111312,"","","","","","","","","","","","","","","","","","","","","","","","","","","","","","","","","","","","",4.5,9,"","","","","","","","","","","","","","","","","","","","","","","","","","","","","","","","","","","","","","","","","","","","","","",731.1,1,"","","","","","","","","","","","","","","","","","","","","","","","","","","","","","","","","","","","","","","","","","","","","","","","","","","","","","","","","","","","","","","","","","","","","","","","","","","","","","","","","","","","","","","","","","","","","","","","","","","","","","","","","","","","","","","",""
"65059001","PIC DU MIDI - OBSERVATOIRE",42.937167,0.141333,2880,1881111319,"","","","","","","","","","","","","","","","","","","","","","","","","","","","","","","","","","","","",5.,9,"","","","","","","","","","","","","","","","","","","","","","","","","","","","","","","","","","","","","","","","","","","","","","",724.3,9,"","","","","","","","","","","","","","","","","","","","","","","","","","","","","","","","","","","","","","","","","","","","","","","","","","","","","","","","","","","","","","","","","","","","","","","","","","","","","","","","","","","","","","","","","","","","","","","","","","","","","","","","","","","","","","","",""
"65059001","PIC DU MIDI - OBSERVATOIRE",42.937167,0.141333,2880,1881111407,"","","","","","","","","","","","","","","","","","","","","","","","","","","","","","","","","","","","",6.2,9,"","","","","","","","","","","","","","","","","","","","","","","","","","","","","","","","","","","","","","","","","","","","","","",730.6,9,"","","","","","","","","","","","","","","","","","","","","","","","","","","","","","","","","","","","","","","","","","","","","","","","","","","","","","","","","","","","","","","","","","","","","","","","","","","","","","","","","","","","","","","","","","","","","","","","","","","","","","","","","","","","","","","",""
"65059001","PIC DU MIDI - OBSERVATOIRE",42.937167,0.141333,2880,1881111412,"","","","","","","","","","","","","","","","","","","","","","","","","","","","","","","","","","","","",10.8,9,"","","","","","","","","","","","","","","","","","","","","","","","","","","","","","","","","","","","","","","","","","","","","","",730.6,1,"","","","","","","","","","","","","","","","","","","","","","","","","","","","","","","","","","","","","","","","","","","","","","","","","","","","","","","","","","","","","","","","","","","","","","","","","","","","","","","","","","","","","","","","","","","","","","","","","","","","","","","","","","","","","","","",""
"65059001","PIC DU MIDI - OBSERVATOIRE",42.937167,0.141333,2880,1881111419,"","","","","","","","","","","","","","","","","","","","","","","","","","","","","","","","","","","","",6.,9,"","","","","","","","","","","","","","","","","","","","","","","","","","","","","","","","","","","","","","","","","","","","","","",729.4,9,"","","","","","","","","","","","","","","","","","","","","","","","","","","","","","","","","","","","","","","","","","","","","","","","","","","","","","","","","","","","","","","","","","","","","","","","","","","","","","","","","","","","","","","","","","","","","","","","","","","","","","","","","","","","","","","",""
"65059001","PIC DU MIDI - OBSERVATOIRE",42.937167,0.141333,2880,1881111507,"","","","","","","","","","","","","","","","","","","","","","","","","","","","","","","","","","","","",5.3,9,"","","","","","","","","","","","","","","","","","","","","","","","","","","","","","","","","","","","","","","","","","","","","","",726.7,9,"","","","","","","","","","","","","","","","","","","","","","","","","","","","","","","","","","","","","","","","","","","","","","","","","","","","","","","","","","","","","","","","","","","","","","","","","","","","","","","","","","","","","","","","","","","","","","","","","","","","","","","","","","","","","","","",""
"65059001","PIC DU MIDI - OBSERVATOIRE",42.937167,0.141333,2880,1881111512,"","","","","","","","","","","","","","","","","","","","","","","","","","","","","","","","","","","","",9.5,9,"","","","","","","","","","","","","","","","","","","","","","","","","","","","","","","","","","","","","","","","","","","","","","",725.9,1,"","","","","","","","","","","","","","","","","","","","","","","","","","","","","","","","","","","","","","","","","","","","","","","","","","","","","","","","","","","","","","","","","","","","","","","","","","","","","","","","","","","","","","","","","","","","","","","","","","","","","","","","","","","","","","","",""
"65059001","PIC DU MIDI - OBSERVATOIRE",42.937167,0.141333,2880,1881111519,"","","","","","","","","","","","","","","","","","","","","","","","","","","","","","","","","","","","",2.6,9,"","","","","","","","","","","","","","","","","","","","","","","","","","","","","","","","","","","","","","","","","","","","","","",725.9,9,"","","","","","","","","","","","","","","","","","","","","","","","","","","","","","","","","","","","","","","","","","","","","","","","","","","","","","","","","","","","","","","","","","","","","","","","","","","","","","","","","","","","","","","","","","","","","","","","","","","","","","","","","","","","","","","",""
"65059001","PIC DU MIDI - OBSERVATOIRE",42.937167,0.141333,2880,1881111607,"","","","","","","","","","","","","","","","","","","","","","","","","","","","","","","","","","","","",2.,9,"","","","","","","","","","","","","","","","","","","","","","","","","","","","","","","","","","","","","","","","","","","","","","",725.5,9,"","","","","","","","","","","","","","","","","","","","","","","","","","","","","","","","","","","","","","","","","","","","","","","","","","","","","","","","","","","","","","","","","","","","","","","","","","","","","","","","","","","","","","","","","","","","","","","","","","","","","","","","","","","","","","","",""
"65059001","PIC DU MIDI - OBSERVATOIRE",42.937167,0.141333,2880,1881111612,"","","","","","","","","","","","","","","","","","","","","","","","","","","","","","","","","","","","",5.1,9,"","","","","","","","","","","","","","","","","","","","","","","","","","","","","","","","","","","","","","","","","","","","","","",726.1,1,"","","","","","","","","","","","","","","","","","","","","","","","","","","","","","","","","","","","","","","","","","","","","","","","","","","","","","","","","","","","","","","","","","","","","","","","","","","","","","","","","","","","","","","","","","","","","","","","","","","","","","","","","","","","","","","",""
"65059001","PIC DU MIDI - OBSERVATOIRE",42.937167,0.141333,2880,1881111619,"","","","","","","","","","","","","","","","","","","","","","","","","","","","","","","","","","","","",2.,9,"","","","","","","","","","","","","","","","","","","","","","","","","","","","","","","","","","","","","","","","","","","","","","",725.8,9,"","","","","","","","","","","","","","","","","","","","","","","","","","","","","","","","","","","","","","","","","","","","","","","","","","","","","","","","","","","","","","","","","","","","","","","","","","","","","","","","","","","","","","","","","","","","","","","","","","","","","","","","","","","","","","","",""
"65059001","PIC DU MIDI - OBSERVATOIRE",42.937167,0.141333,2880,1881111707,"","","","","","","","","","","","","","","","","","","","","","","","","","","","","","","","","","","","",0.,9,"","","","","","","","","","","","","","","","","","","","","","","","","","","","","","","","","","","","","","","","","","","","","","",724.1,9,"","","","","","","","","","","","","","","","","","","","","","","","","","","","","","","","","","","","","","","","","","","","","","","","","","","","","","","","","","","","","","","","","","","","","","","","","","","","","","","","","","","","","","","","","","","","","","","","","","","","","","","","","","","","","","","",""
"65059001","PIC DU MIDI - OBSERVATOIRE",42.937167,0.141333,2880,1881111712,"","","","","","","","","","","","","","","","","","","","","","","","","","","","","","","","","","","","",0.5,9,"","","","","","","","","","","","","","","","","","","","","","","","","","","","","","","","","","","","","","","","","","","","","","",724.6,1,"","","","","","","","","","","","","","","","","","","","","","","","","","","","","","","","","","","","","","","","","","","","","","","","","","","","","","","","","","","","","","","","","","","","","","","","","","","","","","","","","","","","","","","","","","","","","","","","","","","","","","","","","","","","","","","",""
"65059001","PIC DU MIDI - OBSERVATOIRE",42.937167,0.141333,2880,1881111719,"","","","","","","","","","","","","","","","","","","","","","","","","","","","","","","","","","","","",-1.5,9,"","","","","","","","","","","","","","","","","","","","","","","","","","","","","","","","","","","","","","","","","","","","","","",724.2,9,"","","","","","","","","","","","","","","","","","","","","","","","","","","","","","","","","","","","","","","","","","","","","","","","","","","","","","","","","","","","","","","","","","","","","","","","","","","","","","","","","","","","","","","","","","","","","","","","","","","","","","","","","","","","","","","",""
"65059001","PIC DU MIDI - OBSERVATOIRE",42.937167,0.141333,2880,1881111807,"","","","","","","","","","","","","","","","","","","","","","","","","","","","","","","","","","","","",-4.,9,"","","","","","","","","","","","","","","","","","","","","","","","","","","","","","","","","","","","","","","","","","","","","","",724.5,9,"","","","","","","","","","","","","","","","","","","","","","","","","","","","","","","","","","","","","","","","","","","","","","","","","","","","","","","","","","","","","","","","","","","","","","","","","","","","","","","","","","","","","","","","","","","","","","","","","","","","","","","","","","","","","","","",""
"65059001","PIC DU MIDI - OBSERVATOIRE",42.937167,0.141333,2880,1881111812,"","","","","","","","","","","","","","","","","","","","","","","","","","","","","","","","","","","","",1.,9,"","","","","","","","","","","","","","","","","","","","","","","","","","","","","","","","","","","","","","","","","","","","","","",725.8,1,"","","","","","","","","","","","","","","","","","","","","","","","","","","","","","","","","","","","","","","","","","","","","","","","","","","","","","","","","","","","","","","","","","","","","","","","","","","","","","","","","","","","","","","","","","","","","","","","","","","","","","","","","","","","","","","",""
"65059001","PIC DU MIDI - OBSERVATOIRE",42.937167,0.141333,2880,1881111819,"","","","","","","","","","","","","","","","","","","","","","","","","","","","","","","","","","","","",-0.8,9,"","","","","","","","","","","","","","","","","","","","","","","","","","","","","","","","","","","","","","","","","","","","","","",726.1,9,"","","","","","","","","","","","","","","","","","","","","","","","","","","","","","","","","","","","","","","","","","","","","","","","","","","","","","","","","","","","","","","","","","","","","","","","","","","","","","","","","","","","","","","","","","","","","","","","","","","","","","","","","","","","","","","",""
"65059001","PIC DU MIDI - OBSERVATOIRE",42.937167,0.141333,2880,1881111907,"","","","","","","","","","","","","","","","","","","","","","","","","","","","","","","","","","","","",3.4,9,"","","","","","","","","","","","","","","","","","","","","","","","","","","","","","","","","","","","","","","","","","","","","","",726.5,9,"","","","","","","","","","","","","","","","","","","","","","","","","","","","","","","","","","","","","","","","","","","","","","","","","","","","","","","","","","","","","","","","","","","","","","","","","","","","","","","","","","","","","","","","","","","","","","","","","","","","","","","","","","","","","","","",""
"65059001","PIC DU MIDI - OBSERVATOIRE",42.937167,0.141333,2880,1881111912,"","","","","","","","","","","","","","","","","","","","","","","","","","","","","","","","","","","","",7.,9,"","","","","","","","","","","","","","","","","","","","","","","","","","","","","","","","","","","","","","","","","","","","","","",727.5,1,"","","","","","","","","","","","","","","","","","","","","","","","","","","","","","","","","","","","","","","","","","","","","","","","","","","","","","","","","","","","","","","","","","","","","","","","","","","","","","","","","","","","","","","","","","","","","","","","","","","","","","","","","","","","","","","",""
"65059001","PIC DU MIDI - OBSERVATOIRE",42.937167,0.141333,2880,1881111919,"","","","","","","","","","","","","","","","","","","","","","","","","","","","","","","","","","","","",3.3,9,"","","","","","","","","","","","","","","","","","","","","","","","","","","","","","","","","","","","","","","","","","","","","","",727.,9,"","","","","","","","","","","","","","","","","","","","","","","","","","","","","","","","","","","","","","","","","","","","","","","","","","","","","","","","","","","","","","","","","","","","","","","","","","","","","","","","","","","","","","","","","","","","","","","","","","","","","","","","","","","","","","","",""
"65059001","PIC DU MIDI - OBSERVATOIRE",42.937167,0.141333,2880,1881112007,"","","","","","","","","","","","","","","","","","","","","","","","","","","","","","","","","","","","",-0.5,9,"","","","","","","","","","","","","","","","","","","","","","","","","","","","","","","","","","","","","","","","","","","","","","",725.7,9,"","","","","","","","","","","","","","","","","","","","","","","","","","","","","","","","","","","","","","","","","","","","","","","","","","","","","","","","","","","","","","","","","","","","","","","","","","","","","","","","","","","","","","","","","","","","","","","","","","","","","","","","","","","","","","","",""
"65059001","PIC DU MIDI - OBSERVATOIRE",42.937167,0.141333,2880,1881112012,"","","","","","","","","","","","","","","","","","","","","","","","","","","","","","","","","","","","",1.5,9,"","","","","","","","","","","","","","","","","","","","","","","","","","","","","","","","","","","","","","","","","","","","","","",725.9,1,"","","","","","","","","","","","","","","","","","","","","","","","","","","","","","","","","","","","","","","","","","","","","","","","","","","","","","","","","","","","","","","","","","","","","","","","","","","","","","","","","","","","","","","","","","","","","","","","","","","","","","","","","","","","","","","",""
"65059001","PIC DU MIDI - OBSERVATOIRE",42.937167,0.141333,2880,1881112019,"","","","","","","","","","","","","","","","","","","","","","","","","","","","","","","","","","","","",-2.,9,"","","","","","","","","","","","","","","","","","","","","","","","","","","","","","","","","","","","","","","","","","","","","","",725.3,9,"","","","","","","","","","","","","","","","","","","","","","","","","","","","","","","","","","","","","","","","","","","","","","","","","","","","","","","","","","","","","","","","","","","","","","","","","","","","","","","","","","","","","","","","","","","","","","","","","","","","","","","","","","","","","","","",""
"65059001","PIC DU MIDI - OBSERVATOIRE",42.937167,0.141333,2880,1881112107,"","","","","","","","","","","","","","","","","","","","","","","","","","","","","","","","","","","","",-1.2,9,"","","","","","","","","","","","","","","","","","","","","","","","","","","","","","","","","","","","","","","","","","","","","","",724.9,9,"","","","","","","","","","","","","","","","","","","","","","","","","","","","","","","","","","","","","","","","","","","","","","","","","","","","","","","","","","","","","","","","","","","","","","","","","","","","","","","","","","","","","","","","","","","","","","","","","","","","","","","","","","","","","","","",""
"65059001","PIC DU MIDI - OBSERVATOIRE",42.937167,0.141333,2880,1881112112,"","","","","","","","","","","","","","","","","","","","","","","","","","","","","","","","","","","","",4.,9,"","","","","","","","","","","","","","","","","","","","","","","","","","","","","","","","","","","","","","","","","","","","","","",726.2,1,"","","","","","","","","","","","","","","","","","","","","","","","","","","","","","","","","","","","","","","","","","","","","","","","","","","","","","","","","","","","","","","","","","","","","","","","","","","","","","","","","","","","","","","","","","","","","","","","","","","","","","","","","","","","","","","",""
"65059001","PIC DU MIDI - OBSERVATOIRE",42.937167,0.141333,2880,1881112119,"","","","","","","","","","","","","","","","","","","","","","","","","","","","","","","","","","","","",2.,9,"","","","","","","","","","","","","","","","","","","","","","","","","","","","","","","","","","","","","","","","","","","","","","",726.1,9,"","","","","","","","","","","","","","","","","","","","","","","","","","","","","","","","","","","","","","","","","","","","","","","","","","","","","","","","","","","","","","","","","","","","","","","","","","","","","","","","","","","","","","","","","","","","","","","","","","","","","","","","","","","","","","","",""
"65059001","PIC DU MIDI - OBSERVATOIRE",42.937167,0.141333,2880,1881112207,"","","","","","","","","","","","","","","","","","","","","","","","","","","","","","","","","","","","",0.8,9,"","","","","","","","","","","","","","","","","","","","","","","","","","","","","","","","","","","","","","","","","","","","","","",726.5,9,"","","","","","","","","","","","","","","","","","","","","","","","","","","","","","","","","","","","","","","","","","","","","","","","","","","","","","","","","","","","","","","","","","","","","","","","","","","","","","","","","","","","","","","","","","","","","","","","","","","","","","","","","","","","","","","",""
"65059001","PIC DU MIDI - OBSERVATOIRE",42.937167,0.141333,2880,1881112212,"","","","","","","","","","","","","","","","","","","","","","","","","","","","","","","","","","","","",5.,9,"","","","","","","","","","","","","","","","","","","","","","","","","","","","","","","","","","","","","","","","","","","","","","",726.9,1,"","","","","","","","","","","","","","","","","","","","","","","","","","","","","","","","","","","","","","","","","","","","","","","","","","","","","","","","","","","","","","","","","","","","","","","","","","","","","","","","","","","","","","","","","","","","","","","","","","","","","","","","","","","","","","","",""
"65059001","PIC DU MIDI - OBSERVATOIRE",42.937167,0.141333,2880,1881112219,"","","","","","","","","","","","","","","","","","","","","","","","","","","","","","","","","","","","",1.5,9,"","","","","","","","","","","","","","","","","","","","","","","","","","","","","","","","","","","","","","","","","","","","","","",726.1,9,"","","","","","","","","","","","","","","","","","","","","","","","","","","","","","","","","","","","","","","","","","","","","","","","","","","","","","","","","","","","","","","","","","","","","","","","","","","","","","","","","","","","","","","","","","","","","","","","","","","","","","","","","","","","","","","",""
"65059001","PIC DU MIDI - OBSERVATOIRE",42.937167,0.141333,2880,1881112307,"","","","","","","","","","","","","","","","","","","","","","","","","","","","","","","","","","","","",-2.1,9,"","","","","","","","","","","","","","","","","","","","","","","","","","","","","","","","","","","","","","","","","","","","","","",723.3,9,"","","","","","","","","","","","","","","","","","","","","","","","","","","","","","","","","","","","","","","","","","","","","","","","","","","","","","","","","","","","","","","","","","","","","","","","","","","","","","","","","","","","","","","","","","","","","","","","","","","","","","","","","","","","","","","",""
"65059001","PIC DU MIDI - OBSERVATOIRE",42.937167,0.141333,2880,1881112312,"","","","","","","","","","","","","","","","","","","","","","","","","","","","","","","","","","","","",2.8,9,"","","","","","","","","","","","","","","","","","","","","","","","","","","","","","","","","","","","","","","","","","","","","","",723.5,1,"","","","","","","","","","","","","","","","","","","","","","","","","","","","","","","","","","","","","","","","","","","","","","","","","","","","","","","","","","","","","","","","","","","","","","","","","","","","","","","","","","","","","","","","","","","","","","","","","","","","","","","","","","","","","","","",""
"65059001","PIC DU MIDI - OBSERVATOIRE",42.937167,0.141333,2880,1881112319,"","","","","","","","","","","","","","","","","","","","","","","","","","","","","","","","","","","","",-4.,9,"","","","","","","","","","","","","","","","","","","","","","","","","","","","","","","","","","","","","","","","","","","","","","",723.9,9,"","","","","","","","","","","","","","","","","","","","","","","","","","","","","","","","","","","","","","","","","","","","","","","","","","","","","","","","","","","","","","","","","","","","","","","","","","","","","","","","","","","","","","","","","","","","","","","","","","","","","","","","","","","","","","","",""
"65059001","PIC DU MIDI - OBSERVATOIRE",42.937167,0.141333,2880,1881112407,"","","","","","","","","","","","","","","","","","","","","","","","","","","","","","","","","","","","",-3.,9,"","","","","","","","","","","","","","","","","","","","","","","","","","","","","","","","","","","","","","","","","","","","","","",723.9,9,"","","","","","","","","","","","","","","","","","","","","","","","","","","","","","","","","","","","","","","","","","","","","","","","","","","","","","","","","","","","","","","","","","","","","","","","","","","","","","","","","","","","","","","","","","","","","","","","","","","","","","","","","","","","","","","",""
"65059001","PIC DU MIDI - OBSERVATOIRE",42.937167,0.141333,2880,1881112412,"","","","","","","","","","","","","","","","","","","","","","","","","","","","","","","","","","","","",1.,9,"","","","","","","","","","","","","","","","","","","","","","","","","","","","","","","","","","","","","","","","","","","","","","",723.9,1,"","","","","","","","","","","","","","","","","","","","","","","","","","","","","","","","","","","","","","","","","","","","","","","","","","","","","","","","","","","","","","","","","","","","","","","","","","","","","","","","","","","","","","","","","","","","","","","","","","","","","","","","","","","","","","","",""
"65059001","PIC DU MIDI - OBSERVATOIRE",42.937167,0.141333,2880,1881112419,"","","","","","","","","","","","","","","","","","","","","","","","","","","","","","","","","","","","",-2.3,9,"","","","","","","","","","","","","","","","","","","","","","","","","","","","","","","","","","","","","","","","","","","","","","",723.3,9,"","","","","","","","","","","","","","","","","","","","","","","","","","","","","","","","","","","","","","","","","","","","","","","","","","","","","","","","","","","","","","","","","","","","","","","","","","","","","","","","","","","","","","","","","","","","","","","","","","","","","","","","","","","","","","","",""
"65059001","PIC DU MIDI - OBSERVATOIRE",42.937167,0.141333,2880,1881112507,"","","","","","","","","","","","","","","","","","","","","","","","","","","","","","","","","","","","",-4.2,9,"","","","","","","","","","","","","","","","","","","","","","","","","","","","","","","","","","","","","","","","","","","","","","",721.5,9,"","","","","","","","","","","","","","","","","","","","","","","","","","","","","","","","","","","","","","","","","","","","","","","","","","","","","","","","","","","","","","","","","","","","","","","","","","","","","","","","","","","","","","","","","","","","","","","","","","","","","","","","","","","","","","","",""
"65059001","PIC DU MIDI - OBSERVATOIRE",42.937167,0.141333,2880,1881112512,"","","","","","","","","","","","","","","","","","","","","","","","","","","","","","","","","","","","",0.2,9,"","","","","","","","","","","","","","","","","","","","","","","","","","","","","","","","","","","","","","","","","","","","","","",720.3,1,"","","","","","","","","","","","","","","","","","","","","","","","","","","","","","","","","","","","","","","","","","","","","","","","","","","","","","","","","","","","","","","","","","","","","","","","","","","","","","","","","","","","","","","","","","","","","","","","","","","","","","","","","","","","","","","",""
"65059001","PIC DU MIDI - OBSERVATOIRE",42.937167,0.141333,2880,1881112519,"","","","","","","","","","","","","","","","","","","","","","","","","","","","","","","","","","","","",-4.1,9,"","","","","","","","","","","","","","","","","","","","","","","","","","","","","","","","","","","","","","","","","","","","","","",719.,9,"","","","","","","","","","","","","","","","","","","","","","","","","","","","","","","","","","","","","","","","","","","","","","","","","","","","","","","","","","","","","","","","","","","","","","","","","","","","","","","","","","","","","","","","","","","","","","","","","","","","","","","","","","","","","","","",""
"65059001","PIC DU MIDI - OBSERVATOIRE",42.937167,0.141333,2880,1881112607,"","","","","","","","","","","","","","","","","","","","","","","","","","","","","","","","","","","","",-7.,9,"","","","","","","","","","","","","","","","","","","","","","","","","","","","","","","","","","","","","","","","","","","","","","",719.,9,"","","","","","","","","","","","","","","","","","","","","","","","","","","","","","","","","","","","","","","","","","","","","","","","","","","","","","","","","","","","","","","","","","","","","","","","","","","","","","","","","","","","","","","","","","","","","","","","","","","","","","","","","","","","","","","",""
"65059001","PIC DU MIDI - OBSERVATOIRE",42.937167,0.141333,2880,1881112612,"","","","","","","","","","","","","","","","","","","","","","","","","","","","","","","","","","","","",-2.,9,"","","","","","","","","","","","","","","","","","","","","","","","","","","","","","","","","","","","","","","","","","","","","","",718.7,1,"","","","","","","","","","","","","","","","","","","","","","","","","","","","","","","","","","","","","","","","","","","","","","","","","","","","","","","","","","","","","","","","","","","","","","","","","","","","","","","","","","","","","","","","","","","","","","","","","","","","","","","","","","","","","","","",""
"65059001","PIC DU MIDI - OBSERVATOIRE",42.937167,0.141333,2880,1881112619,"","","","","","","","","","","","","","","","","","","","","","","","","","","","","","","","","","","","",-3.4,9,"","","","","","","","","","","","","","","","","","","","","","","","","","","","","","","","","","","","","","","","","","","","","","",718.2,9,"","","","","","","","","","","","","","","","","","","","","","","","","","","","","","","","","","","","","","","","","","","","","","","","","","","","","","","","","","","","","","","","","","","","","","","","","","","","","","","","","","","","","","","","","","","","","","","","","","","","","","","","","","","","","","","",""
"65059001","PIC DU MIDI - OBSERVATOIRE",42.937167,0.141333,2880,1881112707,"","","","","","","","","","","","","","","","","","","","","","","","","","","","","","","","","","","","",-2.2,9,"","","","","","","","","","","","","","","","","","","","","","","","","","","","","","","","","","","","","","","","","","","","","","",715.7,9,"","","","","","","","","","","","","","","","","","","","","","","","","","","","","","","","","","","","","","","","","","","","","","","","","","","","","","","","","","","","","","","","","","","","","","","","","","","","","","","","","","","","","","","","","","","","","","","","","","","","","","","","","","","","","","","",""
"65059001","PIC DU MIDI - OBSERVATOIRE",42.937167,0.141333,2880,1881112712,"","","","","","","","","","","","","","","","","","","","","","","","","","","","","","","","","","","","",-1.1,9,"","","","","","","","","","","","","","","","","","","","","","","","","","","","","","","","","","","","","","","","","","","","","","",714.1,1,"","","","","","","","","","","","","","","","","","","","","","","","","","","","","","","","","","","","","","","","","","","","","","","","","","","","","","","","","","","","","","","","","","","","","","","","","","","","","","","","","","","","","","","","","","","","","","","","","","","","","","","","","","","","","","","",""
"65059001","PIC DU MIDI - OBSERVATOIRE",42.937167,0.141333,2880,1881112719,"","","","","","","","","","","","","","","","","","","","","","","","","","","","","","","","","","","","",-4.,9,"","","","","","","","","","","","","","","","","","","","","","","","","","","","","","","","","","","","","","","","","","","","","","",711.9,9,"","","","","","","","","","","","","","","","","","","","","","","","","","","","","","","","","","","","","","","","","","","","","","","","","","","","","","","","","","","","","","","","","","","","","","","","","","","","","","","","","","","","","","","","","","","","","","","","","","","","","","","","","","","","","","","",""
"65059001","PIC DU MIDI - OBSERVATOIRE",42.937167,0.141333,2880,1881112807,"","","","","","","","","","","","","","","","","","","","","","","","","","","","","","","","","","","","",-6.5,9,"","","","","","","","","","","","","","","","","","","","","","","","","","","","","","","","","","","","","","","","","","","","","","",709.,9,"","","","","","","","","","","","","","","","","","","","","","","","","","","","","","","","","","","","","","","","","","","","","","","","","","","","","","","","","","","","","","","","","","","","","","","","","","","","","","","","","","","","","","","","","","","","","","","","","","","","","","","","","","","","","","","",""
"65059001","PIC DU MIDI - OBSERVATOIRE",42.937167,0.141333,2880,1881112812,"","","","","","","","","","","","","","","","","","","","","","","","","","","","","","","","","","","","",-7.7,9,"","","","","","","","","","","","","","","","","","","","","","","","","","","","","","","","","","","","","","","","","","","","","","",709.,1,"","","","","","","","","","","","","","","","","","","","","","","","","","","","","","","","","","","","","","","","","","","","","","","","","","","","","","","","","","","","","","","","","","","","","","","","","","","","","","","","","","","","","","","","","","","","","","","","","","","","","","","","","","","","","","","",""
"65059001","PIC DU MIDI - OBSERVATOIRE",42.937167,0.141333,2880,1881112819,"","","","","","","","","","","","","","","","","","","","","","","","","","","","","","","","","","","","",-9.6,9,"","","","","","","","","","","","","","","","","","","","","","","","","","","","","","","","","","","","","","","","","","","","","","",709.3,9,"","","","","","","","","","","","","","","","","","","","","","","","","","","","","","","","","","","","","","","","","","","","","","","","","","","","","","","","","","","","","","","","","","","","","","","","","","","","","","","","","","","","","","","","","","","","","","","","","","","","","","","","","","","","","","","",""
"65059001","PIC DU MIDI - OBSERVATOIRE",42.937167,0.141333,2880,1881112907,"","","","","","","","","","","","","","","","","","","","","","","","","","","","","","","","","","","","",-10.,9,"","","","","","","","","","","","","","","","","","","","","","","","","","","","","","","","","","","","","","","","","","","","","","",711.7,9,"","","","","","","","","","","","","","","","","","","","","","","","","","","","","","","","","","","","","","","","","","","","","","","","","","","","","","","","","","","","","","","","","","","","","","","","","","","","","","","","","","","","","","","","","","","","","","","","","","","","","","","","","","","","","","","",""
"65059001","PIC DU MIDI - OBSERVATOIRE",42.937167,0.141333,2880,1881112912,"","","","","","","","","","","","","","","","","","","","","","","","","","","","","","","","","","","","",-8.9,9,"","","","","","","","","","","","","","","","","","","","","","","","","","","","","","","","","","","","","","","","","","","","","","",714.6,1,"","","","","","","","","","","","","","","","","","","","","","","","","","","","","","","","","","","","","","","","","","","","","","","","","","","","","","","","","","","","","","","","","","","","","","","","","","","","","","","","","","","","","","","","","","","","","","","","","","","","","","","","","","","","","","","",""
"65059001","PIC DU MIDI - OBSERVATOIRE",42.937167,0.141333,2880,1881112919,"","","","","","","","","","","","","","","","","","","","","","","","","","","","","","","","","","","","",-11.,9,"","","","","","","","","","","","","","","","","","","","","","","","","","","","","","","","","","","","","","","","","","","","","","",716.9,9,"","","","","","","","","","","","","","","","","","","","","","","","","","","","","","","","","","","","","","","","","","","","","","","","","","","","","","","","","","","","","","","","","","","","","","","","","","","","","","","","","","","","","","","","","","","","","","","","","","","","","","","","","","","","","","","",""
"65059001","PIC DU MIDI - OBSERVATOIRE",42.937167,0.141333,2880,1881113007,"","","","","","","","","","","","","","","","","","","","","","","","","","","","","","","","","","","","",-12.2,9,"","","","","","","","","","","","","","","","","","","","","","","","","","","","","","","","","","","","","","","","","","","","","","",718.6,9,"","","","","","","","","","","","","","","","","","","","","","","","","","","","","","","","","","","","","","","","","","","","","","","","","","","","","","","","","","","","","","","","","","","","","","","","","","","","","","","","","","","","","","","","","","","","","","","","","","","","","","","","","","","","","","","",""
"65059001","PIC DU MIDI - OBSERVATOIRE",42.937167,0.141333,2880,1881113012,"","","","","","","","","","","","","","","","","","","","","","","","","","","","","","","","","","","","",-7.5,9,"","","","","","","","","","","","","","","","","","","","","","","","","","","","","","","","","","","","","","","","","","","","","","",718.5,1,"","","","","","","","","","","","","","","","","","","","","","","","","","","","","","","","","","","","","","","","","","","","","","","","","","","","","","","","","","","","","","","","","","","","","","","","","","","","","","","","","","","","","","","","","","","","","","","","","","","","","","","","","","","","","","","",""
"65059001","PIC DU MIDI - OBSERVATOIRE",42.937167,0.141333,2880,1881113019,"","","","","","","","","","","","","","","","","","","","","","","","","","","","","","","","","","","","",-10.,9,"","","","","","","","","","","","","","","","","","","","","","","","","","","","","","","","","","","","","","","","","","","","","","",717.7,9,"","","","","","","","","","","","","","","","","","","","","","","","","","","","","","","","","","","","","","","","","","","","","","","","","","","","","","","","","","","","","","","","","","","","","","","","","","","","","","","","","","","","","","","","","","","","","","","","","","","","","","","","","","","","","","","",""
"65059001","PIC DU MIDI - OBSERVATOIRE",42.937167,0.141333,2880,1881120107,"","","","","","","","","","","","","","","","","","","","","","","","","","","","","","","","","","","","",-6.8,9,"","","","","","","","","","","","","","","","","","","","","","","","","","","","","","","","","","","","","","","","","","","","","","",719.1,9,"","","","","","","","","","","","","","","","","","","","","","","","","","","","","","","","","","","","","","","","","","","","","","","","","","","","","","","","","","","","","","","","","","","","","","","","","","","","","","","","","","","","","","","","","","","","","","","","","","","","","","","","","","","","","","","",""
"65059001","PIC DU MIDI - OBSERVATOIRE",42.937167,0.141333,2880,1881120112,"","","","","","","","","","","","","","","","","","","","","","","","","","","","","","","","","","","","",-6.2,9,"","","","","","","","","","","","","","","","","","","","","","","","","","","","","","","","","","","","","","","","","","","","","","",721.,1,"","","","","","","","","","","","","","","","","","","","","","","","","","","","","","","","","","","","","","","","","","","","","","","","","","","","","","","","","","","","","","","","","","","","","","","","","","","","","","","","","","","","","","","","","","","","","","","","","","","","","","","","","","","","","","","",""
"65059001","PIC DU MIDI - OBSERVATOIRE",42.937167,0.141333,2880,1881120119,"","","","","","","","","","","","","","","","","","","","","","","","","","","","","","","","","","","","",-10.,9,"","","","","","","","","","","","","","","","","","","","","","","","","","","","","","","","","","","","","","","","","","","","","","",722.6,9,"","","","","","","","","","","","","","","","","","","","","","","","","","","","","","","","","","","","","","","","","","","","","","","","","","","","","","","","","","","","","","","","","","","","","","","","","","","","","","","","","","","","","","","","","","","","","","","","","","","","","","","","","","","","","","","",""
"65059001","PIC DU MIDI - OBSERVATOIRE",42.937167,0.141333,2880,1881120207,"","","","","","","","","","","","","","","","","","","","","","","","","","","","","","","","","","","","",-11.2,9,"","","","","","","","","","","","","","","","","","","","","","","","","","","","","","","","","","","","","","","","","","","","","","",723.4,9,"","","","","","","","","","","","","","","","","","","","","","","","","","","","","","","","","","","","","","","","","","","","","","","","","","","","","","","","","","","","","","","","","","","","","","","","","","","","","","","","","","","","","","","","","","","","","","","","","","","","","","","","","","","","","","","",""
"65059001","PIC DU MIDI - OBSERVATOIRE",42.937167,0.141333,2880,1881120212,"","","","","","","","","","","","","","","","","","","","","","","","","","","","","","","","","","","","",-6.,9,"","","","","","","","","","","","","","","","","","","","","","","","","","","","","","","","","","","","","","","","","","","","","","",723.7,1,"","","","","","","","","","","","","","","","","","","","","","","","","","","","","","","","","","","","","","","","","","","","","","","","","","","","","","","","","","","","","","","","","","","","","","","","","","","","","","","","","","","","","","","","","","","","","","","","","","","","","","","","","","","","","","","",""
"65059001","PIC DU MIDI - OBSERVATOIRE",42.937167,0.141333,2880,1881120219,"","","","","","","","","","","","","","","","","","","","","","","","","","","","","","","","","","","","",-9.2,9,"","","","","","","","","","","","","","","","","","","","","","","","","","","","","","","","","","","","","","","","","","","","","","",723.,9,"","","","","","","","","","","","","","","","","","","","","","","","","","","","","","","","","","","","","","","","","","","","","","","","","","","","","","","","","","","","","","","","","","","","","","","","","","","","","","","","","","","","","","","","","","","","","","","","","","","","","","","","","","","","","","","",""
"65059001","PIC DU MIDI - OBSERVATOIRE",42.937167,0.141333,2880,1881120307,"","","","","","","","","","","","","","","","","","","","","","","","","","","","","","","","","","","","",-8.,9,"","","","","","","","","","","","","","","","","","","","","","","","","","","","","","","","","","","","","","","","","","","","","","",719.1,9,"","","","","","","","","","","","","","","","","","","","","","","","","","","","","","","","","","","","","","","","","","","","","","","","","","","","","","","","","","","","","","","","","","","","","","","","","","","","","","","","","","","","","","","","","","","","","","","","","","","","","","","","","","","","","","","",""
"65059001","PIC DU MIDI - OBSERVATOIRE",42.937167,0.141333,2880,1881120312,"","","","","","","","","","","","","","","","","","","","","","","","","","","","","","","","","","","","",-3.8,9,"","","","","","","","","","","","","","","","","","","","","","","","","","","","","","","","","","","","","","","","","","","","","","",717.8,1,"","","","","","","","","","","","","","","","","","","","","","","","","","","","","","","","","","","","","","","","","","","","","","","","","","","","","","","","","","","","","","","","","","","","","","","","","","","","","","","","","","","","","","","","","","","","","","","","","","","","","","","","","","","","","","","",""
"65059001","PIC DU MIDI - OBSERVATOIRE",42.937167,0.141333,2880,1881120319,"","","","","","","","","","","","","","","","","","","","","","","","","","","","","","","","","","","","",-7.2,9,"","","","","","","","","","","","","","","","","","","","","","","","","","","","","","","","","","","","","","","","","","","","","","",717.1,9,"","","","","","","","","","","","","","","","","","","","","","","","","","","","","","","","","","","","","","","","","","","","","","","","","","","","","","","","","","","","","","","","","","","","","","","","","","","","","","","","","","","","","","","","","","","","","","","","","","","","","","","","","","","","","","","",""
"65059001","PIC DU MIDI - OBSERVATOIRE",42.937167,0.141333,2880,1881120407,"","","","","","","","","","","","","","","","","","","","","","","","","","","","","","","","","","","","",-9.4,9,"","","","","","","","","","","","","","","","","","","","","","","","","","","","","","","","","","","","","","","","","","","","","","",718.6,9,"","","","","","","","","","","","","","","","","","","","","","","","","","","","","","","","","","","","","","","","","","","","","","","","","","","","","","","","","","","","","","","","","","","","","","","","","","","","","","","","","","","","","","","","","","","","","","","","","","","","","","","","","","","","","","","",""
"65059001","PIC DU MIDI - OBSERVATOIRE",42.937167,0.141333,2880,1881120412,"","","","","","","","","","","","","","","","","","","","","","","","","","","","","","","","","","","","",-7.,9,"","","","","","","","","","","","","","","","","","","","","","","","","","","","","","","","","","","","","","","","","","","","","","",720.1,1,"","","","","","","","","","","","","","","","","","","","","","","","","","","","","","","","","","","","","","","","","","","","","","","","","","","","","","","","","","","","","","","","","","","","","","","","","","","","","","","","","","","","","","","","","","","","","","","","","","","","","","","","","","","","","","","",""
"65059001","PIC DU MIDI - OBSERVATOIRE",42.937167,0.141333,2880,1881120419,"","","","","","","","","","","","","","","","","","","","","","","","","","","","","","","","","","","","",-6.8,9,"","","","","","","","","","","","","","","","","","","","","","","","","","","","","","","","","","","","","","","","","","","","","","",722.1,9,"","","","","","","","","","","","","","","","","","","","","","","","","","","","","","","","","","","","","","","","","","","","","","","","","","","","","","","","","","","","","","","","","","","","","","","","","","","","","","","","","","","","","","","","","","","","","","","","","","","","","","","","","","","","","","","",""
"65059001","PIC DU MIDI - OBSERVATOIRE",42.937167,0.141333,2880,1881120507,"","","","","","","","","","","","","","","","","","","","","","","","","","","","","","","","","","","","",-7.7,9,"","","","","","","","","","","","","","","","","","","","","","","","","","","","","","","","","","","","","","","","","","","","","","",722.5,9,"","","","","","","","","","","","","","","","","","","","","","","","","","","","","","","","","","","","","","","","","","","","","","","","","","","","","","","","","","","","","","","","","","","","","","","","","","","","","","","","","","","","","","","","","","","","","","","","","","","","","","","","","","","","","","","",""
"65059001","PIC DU MIDI - OBSERVATOIRE",42.937167,0.141333,2880,1881120512,"","","","","","","","","","","","","","","","","","","","","","","","","","","","","","","","","","","","",-4.2,9,"","","","","","","","","","","","","","","","","","","","","","","","","","","","","","","","","","","","","","","","","","","","","","",723.1,1,"","","","","","","","","","","","","","","","","","","","","","","","","","","","","","","","","","","","","","","","","","","","","","","","","","","","","","","","","","","","","","","","","","","","","","","","","","","","","","","","","","","","","","","","","","","","","","","","","","","","","","","","","","","","","","","",""
"65059001","PIC DU MIDI - OBSERVATOIRE",42.937167,0.141333,2880,1881120519,"","","","","","","","","","","","","","","","","","","","","","","","","","","","","","","","","","","","",-6.7,9,"","","","","","","","","","","","","","","","","","","","","","","","","","","","","","","","","","","","","","","","","","","","","","",723.1,9,"","","","","","","","","","","","","","","","","","","","","","","","","","","","","","","","","","","","","","","","","","","","","","","","","","","","","","","","","","","","","","","","","","","","","","","","","","","","","","","","","","","","","","","","","","","","","","","","","","","","","","","","","","","","","","","",""
"65059001","PIC DU MIDI - OBSERVATOIRE",42.937167,0.141333,2880,1881120607,"","","","","","","","","","","","","","","","","","","","","","","","","","","","","","","","","","","","",-7.5,9,"","","","","","","","","","","","","","","","","","","","","","","","","","","","","","","","","","","","","","","","","","","","","","",723.9,9,"","","","","","","","","","","","","","","","","","","","","","","","","","","","","","","","","","","","","","","","","","","","","","","","","","","","","","","","","","","","","","","","","","","","","","","","","","","","","","","","","","","","","","","","","","","","","","","","","","","","","","","","","","","","","","","",""
"65059001","PIC DU MIDI - OBSERVATOIRE",42.937167,0.141333,2880,1881120612,"","","","","","","","","","","","","","","","","","","","","","","","","","","","","","","","","","","","",-5.2,9,"","","","","","","","","","","","","","","","","","","","","","","","","","","","","","","","","","","","","","","","","","","","","","",725.,1,"","","","","","","","","","","","","","","","","","","","","","","","","","","","","","","","","","","","","","","","","","","","","","","","","","","","","","","","","","","","","","","","","","","","","","","","","","","","","","","","","","","","","","","","","","","","","","","","","","","","","","","","","","","","","","","",""
"65059001","PIC DU MIDI - OBSERVATOIRE",42.937167,0.141333,2880,1881120619,"","","","","","","","","","","","","","","","","","","","","","","","","","","","","","","","","","","","",-1.6,9,"","","","","","","","","","","","","","","","","","","","","","","","","","","","","","","","","","","","","","","","","","","","","","",724.6,9,"","","","","","","","","","","","","","","","","","","","","","","","","","","","","","","","","","","","","","","","","","","","","","","","","","","","","","","","","","","","","","","","","","","","","","","","","","","","","","","","","","","","","","","","","","","","","","","","","","","","","","","","","","","","","","","",""
"65059001","PIC DU MIDI - OBSERVATOIRE",42.937167,0.141333,2880,1881120707,"","","","","","","","","","","","","","","","","","","","","","","","","","","","","","","","","","","","",-2.4,9,"","","","","","","","","","","","","","","","","","","","","","","","","","","","","","","","","","","","","","","","","","","","","","",720.3,9,"","","","","","","","","","","","","","","","","","","","","","","","","","","","","","","","","","","","","","","","","","","","","","","","","","","","","","","","","","","","","","","","","","","","","","","","","","","","","","","","","","","","","","","","","","","","","","","","","","","","","","","","","","","","","","","",""
"65059001","PIC DU MIDI - OBSERVATOIRE",42.937167,0.141333,2880,1881120712,"","","","","","","","","","","","","","","","","","","","","","","","","","","","","","","","","","","","",-7.8,9,"","","","","","","","","","","","","","","","","","","","","","","","","","","","","","","","","","","","","","","","","","","","","","",718.3,1,"","","","","","","","","","","","","","","","","","","","","","","","","","","","","","","","","","","","","","","","","","","","","","","","","","","","","","","","","","","","","","","","","","","","","","","","","","","","","","","","","","","","","","","","","","","","","","","","","","","","","","","","","","","","","","","",""
"65059001","PIC DU MIDI - OBSERVATOIRE",42.937167,0.141333,2880,1881120719,"","","","","","","","","","","","","","","","","","","","","","","","","","","","","","","","","","","","",-11.2,9,"","","","","","","","","","","","","","","","","","","","","","","","","","","","","","","","","","","","","","","","","","","","","","",716.6,9,"","","","","","","","","","","","","","","","","","","","","","","","","","","","","","","","","","","","","","","","","","","","","","","","","","","","","","","","","","","","","","","","","","","","","","","","","","","","","","","","","","","","","","","","","","","","","","","","","","","","","","","","","","","","","","","",""
"65059001","PIC DU MIDI - OBSERVATOIRE",42.937167,0.141333,2880,1881120807,"","","","","","","","","","","","","","","","","","","","","","","","","","","","","","","","","","","","",-11.5,9,"","","","","","","","","","","","","","","","","","","","","","","","","","","","","","","","","","","","","","","","","","","","","","",715.,9,"","","","","","","","","","","","","","","","","","","","","","","","","","","","","","","","","","","","","","","","","","","","","","","","","","","","","","","","","","","","","","","","","","","","","","","","","","","","","","","","","","","","","","","","","","","","","","","","","","","","","","","","","","","","","","","",""
"65059001","PIC DU MIDI - OBSERVATOIRE",42.937167,0.141333,2880,1881120812,"","","","","","","","","","","","","","","","","","","","","","","","","","","","","","","","","","","","",-12.2,9,"","","","","","","","","","","","","","","","","","","","","","","","","","","","","","","","","","","","","","","","","","","","","","",714.2,1,"","","","","","","","","","","","","","","","","","","","","","","","","","","","","","","","","","","","","","","","","","","","","","","","","","","","","","","","","","","","","","","","","","","","","","","","","","","","","","","","","","","","","","","","","","","","","","","","","","","","","","","","","","","","","","","",""
"65059001","PIC DU MIDI - OBSERVATOIRE",42.937167,0.141333,2880,1881120819,"","","","","","","","","","","","","","","","","","","","","","","","","","","","","","","","","","","","",-14.4,9,"","","","","","","","","","","","","","","","","","","","","","","","","","","","","","","","","","","","","","","","","","","","","","",712.2,9,"","","","","","","","","","","","","","","","","","","","","","","","","","","","","","","","","","","","","","","","","","","","","","","","","","","","","","","","","","","","","","","","","","","","","","","","","","","","","","","","","","","","","","","","","","","","","","","","","","","","","","","","","","","","","","","",""
"65059001","PIC DU MIDI - OBSERVATOIRE",42.937167,0.141333,2880,1881120907,"","","","","","","","","","","","","","","","","","","","","","","","","","","","","","","","","","","","",-11.5,9,"","","","","","","","","","","","","","","","","","","","","","","","","","","","","","","","","","","","","","","","","","","","","","",707.1,9,"","","","","","","","","","","","","","","","","","","","","","","","","","","","","","","","","","","","","","","","","","","","","","","","","","","","","","","","","","","","","","","","","","","","","","","","","","","","","","","","","","","","","","","","","","","","","","","","","","","","","","","","","","","","","","","",""
"65059001","PIC DU MIDI - OBSERVATOIRE",42.937167,0.141333,2880,1881120912,"","","","","","","","","","","","","","","","","","","","","","","","","","","","","","","","","","","","",-9.5,9,"","","","","","","","","","","","","","","","","","","","","","","","","","","","","","","","","","","","","","","","","","","","","","",706.5,1,"","","","","","","","","","","","","","","","","","","","","","","","","","","","","","","","","","","","","","","","","","","","","","","","","","","","","","","","","","","","","","","","","","","","","","","","","","","","","","","","","","","","","","","","","","","","","","","","","","","","","","","","","","","","","","","",""
"65059001","PIC DU MIDI - OBSERVATOIRE",42.937167,0.141333,2880,1881120919,"","","","","","","","","","","","","","","","","","","","","","","","","","","","","","","","","","","","",-12.,9,"","","","","","","","","","","","","","","","","","","","","","","","","","","","","","","","","","","","","","","","","","","","","","",704.9,9,"","","","","","","","","","","","","","","","","","","","","","","","","","","","","","","","","","","","","","","","","","","","","","","","","","","","","","","","","","","","","","","","","","","","","","","","","","","","","","","","","","","","","","","","","","","","","","","","","","","","","","","","","","","","","","","",""
"65059001","PIC DU MIDI - OBSERVATOIRE",42.937167,0.141333,2880,1881121007,"","","","","","","","","","","","","","","","","","","","","","","","","","","","","","","","","","","","",-13.,9,"","","","","","","","","","","","","","","","","","","","","","","","","","","","","","","","","","","","","","","","","","","","","","",702.5,9,"","","","","","","","","","","","","","","","","","","","","","","","","","","","","","","","","","","","","","","","","","","","","","","","","","","","","","","","","","","","","","","","","","","","","","","","","","","","","","","","","","","","","","","","","","","","","","","","","","","","","","","","","","","","","","","",""
"65059001","PIC DU MIDI - OBSERVATOIRE",42.937167,0.141333,2880,1881121012,"","","","","","","","","","","","","","","","","","","","","","","","","","","","","","","","","","","","",-11.,9,"","","","","","","","","","","","","","","","","","","","","","","","","","","","","","","","","","","","","","","","","","","","","","",700.5,1,"","","","","","","","","","","","","","","","","","","","","","","","","","","","","","","","","","","","","","","","","","","","","","","","","","","","","","","","","","","","","","","","","","","","","","","","","","","","","","","","","","","","","","","","","","","","","","","","","","","","","","","","","","","","","","","",""
"65059001","PIC DU MIDI - OBSERVATOIRE",42.937167,0.141333,2880,1881121019,"","","","","","","","","","","","","","","","","","","","","","","","","","","","","","","","","","","","",-12.2,9,"","","","","","","","","","","","","","","","","","","","","","","","","","","","","","","","","","","","","","","","","","","","","","",701.9,9,"","","","","","","","","","","","","","","","","","","","","","","","","","","","","","","","","","","","","","","","","","","","","","","","","","","","","","","","","","","","","","","","","","","","","","","","","","","","","","","","","","","","","","","","","","","","","","","","","","","","","","","","","","","","","","","",""
"65059001","PIC DU MIDI - OBSERVATOIRE",42.937167,0.141333,2880,1881121107,"","","","","","","","","","","","","","","","","","","","","","","","","","","","","","","","","","","","",-15.,9,"","","","","","","","","","","","","","","","","","","","","","","","","","","","","","","","","","","","","","","","","","","","","","",703.,9,"","","","","","","","","","","","","","","","","","","","","","","","","","","","","","","","","","","","","","","","","","","","","","","","","","","","","","","","","","","","","","","","","","","","","","","","","","","","","","","","","","","","","","","","","","","","","","","","","","","","","","","","","","","","","","","",""
"65059001","PIC DU MIDI - OBSERVATOIRE",42.937167,0.141333,2880,1881121112,"","","","","","","","","","","","","","","","","","","","","","","","","","","","","","","","","","","","",-12.,9,"","","","","","","","","","","","","","","","","","","","","","","","","","","","","","","","","","","","","","","","","","","","","","",704.2,1,"","","","","","","","","","","","","","","","","","","","","","","","","","","","","","","","","","","","","","","","","","","","","","","","","","","","","","","","","","","","","","","","","","","","","","","","","","","","","","","","","","","","","","","","","","","","","","","","","","","","","","","","","","","","","","","",""
"65059001","PIC DU MIDI - OBSERVATOIRE",42.937167,0.141333,2880,1881121119,"","","","","","","","","","","","","","","","","","","","","","","","","","","","","","","","","","","","",-14.2,9,"","","","","","","","","","","","","","","","","","","","","","","","","","","","","","","","","","","","","","","","","","","","","","",705.,9,"","","","","","","","","","","","","","","","","","","","","","","","","","","","","","","","","","","","","","","","","","","","","","","","","","","","","","","","","","","","","","","","","","","","","","","","","","","","","","","","","","","","","","","","","","","","","","","","","","","","","","","","","","","","","","","",""
"65059001","PIC DU MIDI - OBSERVATOIRE",42.937167,0.141333,2880,1881121207,"","","","","","","","","","","","","","","","","","","","","","","","","","","","","","","","","","","","",-14.3,9,"","","","","","","","","","","","","","","","","","","","","","","","","","","","","","","","","","","","","","","","","","","","","","",705.9,9,"","","","","","","","","","","","","","","","","","","","","","","","","","","","","","","","","","","","","","","","","","","","","","","","","","","","","","","","","","","","","","","","","","","","","","","","","","","","","","","","","","","","","","","","","","","","","","","","","","","","","","","","","","","","","","","",""
"65059001","PIC DU MIDI - OBSERVATOIRE",42.937167,0.141333,2880,1881121212,"","","","","","","","","","","","","","","","","","","","","","","","","","","","","","","","","","","","",-14.,9,"","","","","","","","","","","","","","","","","","","","","","","","","","","","","","","","","","","","","","","","","","","","","","",707.4,1,"","","","","","","","","","","","","","","","","","","","","","","","","","","","","","","","","","","","","","","","","","","","","","","","","","","","","","","","","","","","","","","","","","","","","","","","","","","","","","","","","","","","","","","","","","","","","","","","","","","","","","","","","","","","","","","",""
"65059001","PIC DU MIDI - OBSERVATOIRE",42.937167,0.141333,2880,1881121219,"","","","","","","","","","","","","","","","","","","","","","","","","","","","","","","","","","","","",-17.2,9,"","","","","","","","","","","","","","","","","","","","","","","","","","","","","","","","","","","","","","","","","","","","","","",708.1,9,"","","","","","","","","","","","","","","","","","","","","","","","","","","","","","","","","","","","","","","","","","","","","","","","","","","","","","","","","","","","","","","","","","","","","","","","","","","","","","","","","","","","","","","","","","","","","","","","","","","","","","","","","","","","","","","",""
"65059001","PIC DU MIDI - OBSERVATOIRE",42.937167,0.141333,2880,1881121307,"","","","","","","","","","","","","","","","","","","","","","","","","","","","","","","","","","","","",-15.5,9,"","","","","","","","","","","","","","","","","","","","","","","","","","","","","","","","","","","","","","","","","","","","","","",709.3,9,"","","","","","","","","","","","","","","","","","","","","","","","","","","","","","","","","","","","","","","","","","","","","","","","","","","","","","","","","","","","","","","","","","","","","","","","","","","","","","","","","","","","","","","","","","","","","","","","","","","","","","","","","","","","","","","",""
"65059001","PIC DU MIDI - OBSERVATOIRE",42.937167,0.141333,2880,1881121312,"","","","","","","","","","","","","","","","","","","","","","","","","","","","","","","","","","","","",-9.6,9,"","","","","","","","","","","","","","","","","","","","","","","","","","","","","","","","","","","","","","","","","","","","","","",710.1,1,"","","","","","","","","","","","","","","","","","","","","","","","","","","","","","","","","","","","","","","","","","","","","","","","","","","","","","","","","","","","","","","","","","","","","","","","","","","","","","","","","","","","","","","","","","","","","","","","","","","","","","","","","","","","","","","",""
"65059001","PIC DU MIDI - OBSERVATOIRE",42.937167,0.141333,2880,1881121319,"","","","","","","","","","","","","","","","","","","","","","","","","","","","","","","","","","","","",-16.8,9,"","","","","","","","","","","","","","","","","","","","","","","","","","","","","","","","","","","","","","","","","","","","","","",711.7,9,"","","","","","","","","","","","","","","","","","","","","","","","","","","","","","","","","","","","","","","","","","","","","","","","","","","","","","","","","","","","","","","","","","","","","","","","","","","","","","","","","","","","","","","","","","","","","","","","","","","","","","","","","","","","","","","",""
"65059001","PIC DU MIDI - OBSERVATOIRE",42.937167,0.141333,2880,1881121407,"","","","","","","","","","","","","","","","","","","","","","","","","","","","","","","","","","","","",-11.8,9,"","","","","","","","","","","","","","","","","","","","","","","","","","","","","","","","","","","","","","","","","","","","","","",714.7,9,"","","","","","","","","","","","","","","","","","","","","","","","","","","","","","","","","","","","","","","","","","","","","","","","","","","","","","","","","","","","","","","","","","","","","","","","","","","","","","","","","","","","","","","","","","","","","","","","","","","","","","","","","","","","","","","",""
"65059001","PIC DU MIDI - OBSERVATOIRE",42.937167,0.141333,2880,1881121412,"","","","","","","","","","","","","","","","","","","","","","","","","","","","","","","","","","","","",-7.8,9,"","","","","","","","","","","","","","","","","","","","","","","","","","","","","","","","","","","","","","","","","","","","","","",716.1,1,"","","","","","","","","","","","","","","","","","","","","","","","","","","","","","","","","","","","","","","","","","","","","","","","","","","","","","","","","","","","","","","","","","","","","","","","","","","","","","","","","","","","","","","","","","","","","","","","","","","","","","","","","","","","","","","",""
"65059001","PIC DU MIDI - OBSERVATOIRE",42.937167,0.141333,2880,1881121419,"","","","","","","","","","","","","","","","","","","","","","","","","","","","","","","","","","","","",-7.4,9,"","","","","","","","","","","","","","","","","","","","","","","","","","","","","","","","","","","","","","","","","","","","","","",718.1,9,"","","","","","","","","","","","","","","","","","","","","","","","","","","","","","","","","","","","","","","","","","","","","","","","","","","","","","","","","","","","","","","","","","","","","","","","","","","","","","","","","","","","","","","","","","","","","","","","","","","","","","","","","","","","","","","",""
"65059001","PIC DU MIDI - OBSERVATOIRE",42.937167,0.141333,2880,1881121507,"","","","","","","","","","","","","","","","","","","","","","","","","","","","","","","","","","","","",-7.,9,"","","","","","","","","","","","","","","","","","","","","","","","","","","","","","","","","","","","","","","","","","","","","","",715.4,9,"","","","","","","","","","","","","","","","","","","","","","","","","","","","","","","","","","","","","","","","","","","","","","","","","","","","","","","","","","","","","","","","","","","","","","","","","","","","","","","","","","","","","","","","","","","","","","","","","","","","","","","","","","","","","","","",""
"65059001","PIC DU MIDI - OBSERVATOIRE",42.937167,0.141333,2880,1881121512,"","","","","","","","","","","","","","","","","","","","","","","","","","","","","","","","","","","","",-6.,9,"","","","","","","","","","","","","","","","","","","","","","","","","","","","","","","","","","","","","","","","","","","","","","",714.2,1,"","","","","","","","","","","","","","","","","","","","","","","","","","","","","","","","","","","","","","","","","","","","","","","","","","","","","","","","","","","","","","","","","","","","","","","","","","","","","","","","","","","","","","","","","","","","","","","","","","","","","","","","","","","","","","","",""
"65059001","PIC DU MIDI - OBSERVATOIRE",42.937167,0.141333,2880,1881121519,"","","","","","","","","","","","","","","","","","","","","","","","","","","","","","","","","","","","",-8.2,9,"","","","","","","","","","","","","","","","","","","","","","","","","","","","","","","","","","","","","","","","","","","","","","",712.9,9,"","","","","","","","","","","","","","","","","","","","","","","","","","","","","","","","","","","","","","","","","","","","","","","","","","","","","","","","","","","","","","","","","","","","","","","","","","","","","","","","","","","","","","","","","","","","","","","","","","","","","","","","","","","","","","","",""
"65059001","PIC DU MIDI - OBSERVATOIRE",42.937167,0.141333,2880,1881121607,"","","","","","","","","","","","","","","","","","","","","","","","","","","","","","","","","","","","",-10.2,9,"","","","","","","","","","","","","","","","","","","","","","","","","","","","","","","","","","","","","","","","","","","","","","",710.9,9,"","","","","","","","","","","","","","","","","","","","","","","","","","","","","","","","","","","","","","","","","","","","","","","","","","","","","","","","","","","","","","","","","","","","","","","","","","","","","","","","","","","","","","","","","","","","","","","","","","","","","","","","","","","","","","","",""
"65059001","PIC DU MIDI - OBSERVATOIRE",42.937167,0.141333,2880,1881121612,"","","","","","","","","","","","","","","","","","","","","","","","","","","","","","","","","","","","",-6.5,9,"","","","","","","","","","","","","","","","","","","","","","","","","","","","","","","","","","","","","","","","","","","","","","",711.,1,"","","","","","","","","","","","","","","","","","","","","","","","","","","","","","","","","","","","","","","","","","","","","","","","","","","","","","","","","","","","","","","","","","","","","","","","","","","","","","","","","","","","","","","","","","","","","","","","","","","","","","","","","","","","","","","",""
"65059001","PIC DU MIDI - OBSERVATOIRE",42.937167,0.141333,2880,1881121619,"","","","","","","","","","","","","","","","","","","","","","","","","","","","","","","","","","","","",-8.,9,"","","","","","","","","","","","","","","","","","","","","","","","","","","","","","","","","","","","","","","","","","","","","","",710.6,9,"","","","","","","","","","","","","","","","","","","","","","","","","","","","","","","","","","","","","","","","","","","","","","","","","","","","","","","","","","","","","","","","","","","","","","","","","","","","","","","","","","","","","","","","","","","","","","","","","","","","","","","","","","","","","","","",""
"65059001","PIC DU MIDI - OBSERVATOIRE",42.937167,0.141333,2880,1881121707,"","","","","","","","","","","","","","","","","","","","","","","","","","","","","","","","","","","","",-9.2,9,"","","","","","","","","","","","","","","","","","","","","","","","","","","","","","","","","","","","","","","","","","","","","","",710.6,9,"","","","","","","","","","","","","","","","","","","","","","","","","","","","","","","","","","","","","","","","","","","","","","","","","","","","","","","","","","","","","","","","","","","","","","","","","","","","","","","","","","","","","","","","","","","","","","","","","","","","","","","","","","","","","","","",""
"65059001","PIC DU MIDI - OBSERVATOIRE",42.937167,0.141333,2880,1881121712,"","","","","","","","","","","","","","","","","","","","","","","","","","","","","","","","","","","","",-6.2,9,"","","","","","","","","","","","","","","","","","","","","","","","","","","","","","","","","","","","","","","","","","","","","","",711.9,1,"","","","","","","","","","","","","","","","","","","","","","","","","","","","","","","","","","","","","","","","","","","","","","","","","","","","","","","","","","","","","","","","","","","","","","","","","","","","","","","","","","","","","","","","","","","","","","","","","","","","","","","","","","","","","","","",""
"65059001","PIC DU MIDI - OBSERVATOIRE",42.937167,0.141333,2880,1881121719,"","","","","","","","","","","","","","","","","","","","","","","","","","","","","","","","","","","","",-10.2,9,"","","","","","","","","","","","","","","","","","","","","","","","","","","","","","","","","","","","","","","","","","","","","","",716.5,9,"","","","","","","","","","","","","","","","","","","","","","","","","","","","","","","","","","","","","","","","","","","","","","","","","","","","","","","","","","","","","","","","","","","","","","","","","","","","","","","","","","","","","","","","","","","","","","","","","","","","","","","","","","","","","","","",""
"65059001","PIC DU MIDI - OBSERVATOIRE",42.937167,0.141333,2880,1881121807,"","","","","","","","","","","","","","","","","","","","","","","","","","","","","","","","","","","","",-5.1,9,"","","","","","","","","","","","","","","","","","","","","","","","","","","","","","","","","","","","","","","","","","","","","","",717.4,9,"","","","","","","","","","","","","","","","","","","","","","","","","","","","","","","","","","","","","","","","","","","","","","","","","","","","","","","","","","","","","","","","","","","","","","","","","","","","","","","","","","","","","","","","","","","","","","","","","","","","","","","","","","","","","","","",""
"65059001","PIC DU MIDI - OBSERVATOIRE",42.937167,0.141333,2880,1881121812,"","","","","","","","","","","","","","","","","","","","","","","","","","","","","","","","","","","","",-3.2,9,"","","","","","","","","","","","","","","","","","","","","","","","","","","","","","","","","","","","","","","","","","","","","","",717.5,1,"","","","","","","","","","","","","","","","","","","","","","","","","","","","","","","","","","","","","","","","","","","","","","","","","","","","","","","","","","","","","","","","","","","","","","","","","","","","","","","","","","","","","","","","","","","","","","","","","","","","","","","","","","","","","","","",""
"65059001","PIC DU MIDI - OBSERVATOIRE",42.937167,0.141333,2880,1881121819,"","","","","","","","","","","","","","","","","","","","","","","","","","","","","","","","","","","","",-3.1,9,"","","","","","","","","","","","","","","","","","","","","","","","","","","","","","","","","","","","","","","","","","","","","","",716.5,9,"","","","","","","","","","","","","","","","","","","","","","","","","","","","","","","","","","","","","","","","","","","","","","","","","","","","","","","","","","","","","","","","","","","","","","","","","","","","","","","","","","","","","","","","","","","","","","","","","","","","","","","","","","","","","","","",""
"65059001","PIC DU MIDI - OBSERVATOIRE",42.937167,0.141333,2880,1881121907,"","","","","","","","","","","","","","","","","","","","","","","","","","","","","","","","","","","","",-4.1,9,"","","","","","","","","","","","","","","","","","","","","","","","","","","","","","","","","","","","","","","","","","","","","","",713.3,9,"","","","","","","","","","","","","","","","","","","","","","","","","","","","","","","","","","","","","","","","","","","","","","","","","","","","","","","","","","","","","","","","","","","","","","","","","","","","","","","","","","","","","","","","","","","","","","","","","","","","","","","","","","","","","","","",""
"65059001","PIC DU MIDI - OBSERVATOIRE",42.937167,0.141333,2880,1881121912,"","","","","","","","","","","","","","","","","","","","","","","","","","","","","","","","","","","","",-3.2,9,"","","","","","","","","","","","","","","","","","","","","","","","","","","","","","","","","","","","","","","","","","","","","","",712.9,1,"","","","","","","","","","","","","","","","","","","","","","","","","","","","","","","","","","","","","","","","","","","","","","","","","","","","","","","","","","","","","","","","","","","","","","","","","","","","","","","","","","","","","","","","","","","","","","","","","","","","","","","","","","","","","","","",""
"65059001","PIC DU MIDI - OBSERVATOIRE",42.937167,0.141333,2880,1881121919,"","","","","","","","","","","","","","","","","","","","","","","","","","","","","","","","","","","","",-3.2,9,"","","","","","","","","","","","","","","","","","","","","","","","","","","","","","","","","","","","","","","","","","","","","","",712.9,9,"","","","","","","","","","","","","","","","","","","","","","","","","","","","","","","","","","","","","","","","","","","","","","","","","","","","","","","","","","","","","","","","","","","","","","","","","","","","","","","","","","","","","","","","","","","","","","","","","","","","","","","","","","","","","","","",""
"65059001","PIC DU MIDI - OBSERVATOIRE",42.937167,0.141333,2880,1881122007,"","","","","","","","","","","","","","","","","","","","","","","","","","","","","","","","","","","","",-3.3,9,"","","","","","","","","","","","","","","","","","","","","","","","","","","","","","","","","","","","","","","","","","","","","","",711.8,9,"","","","","","","","","","","","","","","","","","","","","","","","","","","","","","","","","","","","","","","","","","","","","","","","","","","","","","","","","","","","","","","","","","","","","","","","","","","","","","","","","","","","","","","","","","","","","","","","","","","","","","","","","","","","","","","",""
"65059001","PIC DU MIDI - OBSERVATOIRE",42.937167,0.141333,2880,1881122012,"","","","","","","","","","","","","","","","","","","","","","","","","","","","","","","","","","","","",-1.6,9,"","","","","","","","","","","","","","","","","","","","","","","","","","","","","","","","","","","","","","","","","","","","","","",713.,1,"","","","","","","","","","","","","","","","","","","","","","","","","","","","","","","","","","","","","","","","","","","","","","","","","","","","","","","","","","","","","","","","","","","","","","","","","","","","","","","","","","","","","","","","","","","","","","","","","","","","","","","","","","","","","","","",""
"65059001","PIC DU MIDI - OBSERVATOIRE",42.937167,0.141333,2880,1881122019,"","","","","","","","","","","","","","","","","","","","","","","","","","","","","","","","","","","","",-9.2,9,"","","","","","","","","","","","","","","","","","","","","","","","","","","","","","","","","","","","","","","","","","","","","","",713.,9,"","","","","","","","","","","","","","","","","","","","","","","","","","","","","","","","","","","","","","","","","","","","","","","","","","","","","","","","","","","","","","","","","","","","","","","","","","","","","","","","","","","","","","","","","","","","","","","","","","","","","","","","","","","","","","","",""
"65059001","PIC DU MIDI - OBSERVATOIRE",42.937167,0.141333,2880,1881122107,"","","","","","","","","","","","","","","","","","","","","","","","","","","","","","","","","","","","",-5.2,9,"","","","","","","","","","","","","","","","","","","","","","","","","","","","","","","","","","","","","","","","","","","","","","",713.3,9,"","","","","","","","","","","","","","","","","","","","","","","","","","","","","","","","","","","","","","","","","","","","","","","","","","","","","","","","","","","","","","","","","","","","","","","","","","","","","","","","","","","","","","","","","","","","","","","","","","","","","","","","","","","","","","","",""
"65059001","PIC DU MIDI - OBSERVATOIRE",42.937167,0.141333,2880,1881122112,"","","","","","","","","","","","","","","","","","","","","","","","","","","","","","","","","","","","",-2.5,9,"","","","","","","","","","","","","","","","","","","","","","","","","","","","","","","","","","","","","","","","","","","","","","",714.6,1,"","","","","","","","","","","","","","","","","","","","","","","","","","","","","","","","","","","","","","","","","","","","","","","","","","","","","","","","","","","","","","","","","","","","","","","","","","","","","","","","","","","","","","","","","","","","","","","","","","","","","","","","","","","","","","","",""
"65059001","PIC DU MIDI - OBSERVATOIRE",42.937167,0.141333,2880,1881122119,"","","","","","","","","","","","","","","","","","","","","","","","","","","","","","","","","","","","",-3.1,9,"","","","","","","","","","","","","","","","","","","","","","","","","","","","","","","","","","","","","","","","","","","","","","",715.1,9,"","","","","","","","","","","","","","","","","","","","","","","","","","","","","","","","","","","","","","","","","","","","","","","","","","","","","","","","","","","","","","","","","","","","","","","","","","","","","","","","","","","","","","","","","","","","","","","","","","","","","","","","","","","","","","","",""
"65059001","PIC DU MIDI - OBSERVATOIRE",42.937167,0.141333,2880,1881122207,"","","","","","","","","","","","","","","","","","","","","","","","","","","","","","","","","","","","",-2.1,9,"","","","","","","","","","","","","","","","","","","","","","","","","","","","","","","","","","","","","","","","","","","","","","",715.5,9,"","","","","","","","","","","","","","","","","","","","","","","","","","","","","","","","","","","","","","","","","","","","","","","","","","","","","","","","","","","","","","","","","","","","","","","","","","","","","","","","","","","","","","","","","","","","","","","","","","","","","","","","","","","","","","","",""
"65059001","PIC DU MIDI - OBSERVATOIRE",42.937167,0.141333,2880,1881122212,"","","","","","","","","","","","","","","","","","","","","","","","","","","","","","","","","","","","",-2.8,9,"","","","","","","","","","","","","","","","","","","","","","","","","","","","","","","","","","","","","","","","","","","","","","",714.5,1,"","","","","","","","","","","","","","","","","","","","","","","","","","","","","","","","","","","","","","","","","","","","","","","","","","","","","","","","","","","","","","","","","","","","","","","","","","","","","","","","","","","","","","","","","","","","","","","","","","","","","","","","","","","","","","","",""
"65059001","PIC DU MIDI - OBSERVATOIRE",42.937167,0.141333,2880,1881122219,"","","","","","","","","","","","","","","","","","","","","","","","","","","","","","","","","","","","",-7.7,9,"","","","","","","","","","","","","","","","","","","","","","","","","","","","","","","","","","","","","","","","","","","","","","",712.9,9,"","","","","","","","","","","","","","","","","","","","","","","","","","","","","","","","","","","","","","","","","","","","","","","","","","","","","","","","","","","","","","","","","","","","","","","","","","","","","","","","","","","","","","","","","","","","","","","","","","","","","","","","","","","","","","","",""
"65059001","PIC DU MIDI - OBSERVATOIRE",42.937167,0.141333,2880,1881122307,"","","","","","","","","","","","","","","","","","","","","","","","","","","","","","","","","","","","",-6.9,9,"","","","","","","","","","","","","","","","","","","","","","","","","","","","","","","","","","","","","","","","","","","","","","",714.9,9,"","","","","","","","","","","","","","","","","","","","","","","","","","","","","","","","","","","","","","","","","","","","","","","","","","","","","","","","","","","","","","","","","","","","","","","","","","","","","","","","","","","","","","","","","","","","","","","","","","","","","","","","","","","","","","","",""
"65059001","PIC DU MIDI - OBSERVATOIRE",42.937167,0.141333,2880,1881122312,"","","","","","","","","","","","","","","","","","","","","","","","","","","","","","","","","","","","",-7.9,9,"","","","","","","","","","","","","","","","","","","","","","","","","","","","","","","","","","","","","","","","","","","","","","",717.5,1,"","","","","","","","","","","","","","","","","","","","","","","","","","","","","","","","","","","","","","","","","","","","","","","","","","","","","","","","","","","","","","","","","","","","","","","","","","","","","","","","","","","","","","","","","","","","","","","","","","","","","","","","","","","","","","","",""
"65059001","PIC DU MIDI - OBSERVATOIRE",42.937167,0.141333,2880,1881122319,"","","","","","","","","","","","","","","","","","","","","","","","","","","","","","","","","","","","",-14.,9,"","","","","","","","","","","","","","","","","","","","","","","","","","","","","","","","","","","","","","","","","","","","","","",720.2,9,"","","","","","","","","","","","","","","","","","","","","","","","","","","","","","","","","","","","","","","","","","","","","","","","","","","","","","","","","","","","","","","","","","","","","","","","","","","","","","","","","","","","","","","","","","","","","","","","","","","","","","","","","","","","","","","",""
"65059001","PIC DU MIDI - OBSERVATOIRE",42.937167,0.141333,2880,1881122407,"","","","","","","","","","","","","","","","","","","","","","","","","","","","","","","","","","","","",-9.2,9,"","","","","","","","","","","","","","","","","","","","","","","","","","","","","","","","","","","","","","","","","","","","","","",720.9,9,"","","","","","","","","","","","","","","","","","","","","","","","","","","","","","","","","","","","","","","","","","","","","","","","","","","","","","","","","","","","","","","","","","","","","","","","","","","","","","","","","","","","","","","","","","","","","","","","","","","","","","","","","","","","","","","",""
"65059001","PIC DU MIDI - OBSERVATOIRE",42.937167,0.141333,2880,1881122412,"","","","","","","","","","","","","","","","","","","","","","","","","","","","","","","","","","","","",-4.,9,"","","","","","","","","","","","","","","","","","","","","","","","","","","","","","","","","","","","","","","","","","","","","","",721.7,1,"","","","","","","","","","","","","","","","","","","","","","","","","","","","","","","","","","","","","","","","","","","","","","","","","","","","","","","","","","","","","","","","","","","","","","","","","","","","","","","","","","","","","","","","","","","","","","","","","","","","","","","","","","","","","","","",""
"65059001","PIC DU MIDI - OBSERVATOIRE",42.937167,0.141333,2880,1881122419,"","","","","","","","","","","","","","","","","","","","","","","","","","","","","","","","","","","","",-5.1,9,"","","","","","","","","","","","","","","","","","","","","","","","","","","","","","","","","","","","","","","","","","","","","","",721.5,9,"","","","","","","","","","","","","","","","","","","","","","","","","","","","","","","","","","","","","","","","","","","","","","","","","","","","","","","","","","","","","","","","","","","","","","","","","","","","","","","","","","","","","","","","","","","","","","","","","","","","","","","","","","","","","","","",""
"65059001","PIC DU MIDI - OBSERVATOIRE",42.937167,0.141333,2880,1881122507,"","","","","","","","","","","","","","","","","","","","","","","","","","","","","","","","","","","","",-4.3,9,"","","","","","","","","","","","","","","","","","","","","","","","","","","","","","","","","","","","","","","","","","","","","","",721.7,9,"","","","","","","","","","","","","","","","","","","","","","","","","","","","","","","","","","","","","","","","","","","","","","","","","","","","","","","","","","","","","","","","","","","","","","","","","","","","","","","","","","","","","","","","","","","","","","","","","","","","","","","","","","","","","","","",""
"65059001","PIC DU MIDI - OBSERVATOIRE",42.937167,0.141333,2880,1881122512,"","","","","","","","","","","","","","","","","","","","","","","","","","","","","","","","","","","","",-3.8,9,"","","","","","","","","","","","","","","","","","","","","","","","","","","","","","","","","","","","","","","","","","","","","","",722.6,1,"","","","","","","","","","","","","","","","","","","","","","","","","","","","","","","","","","","","","","","","","","","","","","","","","","","","","","","","","","","","","","","","","","","","","","","","","","","","","","","","","","","","","","","","","","","","","","","","","","","","","","","","","","","","","","","",""
"65059001","PIC DU MIDI - OBSERVATOIRE",42.937167,0.141333,2880,1881122519,"","","","","","","","","","","","","","","","","","","","","","","","","","","","","","","","","","","","",-9.,9,"","","","","","","","","","","","","","","","","","","","","","","","","","","","","","","","","","","","","","","","","","","","","","",723.9,9,"","","","","","","","","","","","","","","","","","","","","","","","","","","","","","","","","","","","","","","","","","","","","","","","","","","","","","","","","","","","","","","","","","","","","","","","","","","","","","","","","","","","","","","","","","","","","","","","","","","","","","","","","","","","","","","",""
"65059001","PIC DU MIDI - OBSERVATOIRE",42.937167,0.141333,2880,1881122607,"","","","","","","","","","","","","","","","","","","","","","","","","","","","","","","","","","","","",-6.2,9,"","","","","","","","","","","","","","","","","","","","","","","","","","","","","","","","","","","","","","","","","","","","","","",725.5,9,"","","","","","","","","","","","","","","","","","","","","","","","","","","","","","","","","","","","","","","","","","","","","","","","","","","","","","","","","","","","","","","","","","","","","","","","","","","","","","","","","","","","","","","","","","","","","","","","","","","","","","","","","","","","","","","",""
"65059001","PIC DU MIDI - OBSERVATOIRE",42.937167,0.141333,2880,1881122612,"","","","","","","","","","","","","","","","","","","","","","","","","","","","","","","","","","","","",-3.8,9,"","","","","","","","","","","","","","","","","","","","","","","","","","","","","","","","","","","","","","","","","","","","","","",727.7,1,"","","","","","","","","","","","","","","","","","","","","","","","","","","","","","","","","","","","","","","","","","","","","","","","","","","","","","","","","","","","","","","","","","","","","","","","","","","","","","","","","","","","","","","","","","","","","","","","","","","","","","","","","","","","","","","",""
"65059001","PIC DU MIDI - OBSERVATOIRE",42.937167,0.141333,2880,1881122619,"","","","","","","","","","","","","","","","","","","","","","","","","","","","","","","","","","","","",-2.,9,"","","","","","","","","","","","","","","","","","","","","","","","","","","","","","","","","","","","","","","","","","","","","","",729.4,9,"","","","","","","","","","","","","","","","","","","","","","","","","","","","","","","","","","","","","","","","","","","","","","","","","","","","","","","","","","","","","","","","","","","","","","","","","","","","","","","","","","","","","","","","","","","","","","","","","","","","","","","","","","","","","","","",""
"65059001","PIC DU MIDI - OBSERVATOIRE",42.937167,0.141333,2880,1881122707,"","","","","","","","","","","","","","","","","","","","","","","","","","","","","","","","","","","","",-3.2,9,"","","","","","","","","","","","","","","","","","","","","","","","","","","","","","","","","","","","","","","","","","","","","","",728.9,9,"","","","","","","","","","","","","","","","","","","","","","","","","","","","","","","","","","","","","","","","","","","","","","","","","","","","","","","","","","","","","","","","","","","","","","","","","","","","","","","","","","","","","","","","","","","","","","","","","","","","","","","","","","","","","","","",""
"65059001","PIC DU MIDI - OBSERVATOIRE",42.937167,0.141333,2880,1881122712,"","","","","","","","","","","","","","","","","","","","","","","","","","","","","","","","","","","","",1.,9,"","","","","","","","","","","","","","","","","","","","","","","","","","","","","","","","","","","","","","","","","","","","","","",729.7,1,"","","","","","","","","","","","","","","","","","","","","","","","","","","","","","","","","","","","","","","","","","","","","","","","","","","","","","","","","","","","","","","","","","","","","","","","","","","","","","","","","","","","","","","","","","","","","","","","","","","","","","","","","","","","","","","",""
"65059001","PIC DU MIDI - OBSERVATOIRE",42.937167,0.141333,2880,1881122719,"","","","","","","","","","","","","","","","","","","","","","","","","","","","","","","","","","","","",-2.5,9,"","","","","","","","","","","","","","","","","","","","","","","","","","","","","","","","","","","","","","","","","","","","","","",730.2,9,"","","","","","","","","","","","","","","","","","","","","","","","","","","","","","","","","","","","","","","","","","","","","","","","","","","","","","","","","","","","","","","","","","","","","","","","","","","","","","","","","","","","","","","","","","","","","","","","","","","","","","","","","","","","","","","",""
"65059001","PIC DU MIDI - OBSERVATOIRE",42.937167,0.141333,2880,1881122807,"","","","","","","","","","","","","","","","","","","","","","","","","","","","","","","","","","","","",-2.,9,"","","","","","","","","","","","","","","","","","","","","","","","","","","","","","","","","","","","","","","","","","","","","","",730.1,9,"","","","","","","","","","","","","","","","","","","","","","","","","","","","","","","","","","","","","","","","","","","","","","","","","","","","","","","","","","","","","","","","","","","","","","","","","","","","","","","","","","","","","","","","","","","","","","","","","","","","","","","","","","","","","","","",""
"65059001","PIC DU MIDI - OBSERVATOIRE",42.937167,0.141333,2880,1881122812,"","","","","","","","","","","","","","","","","","","","","","","","","","","","","","","","","","","","",-0.2,9,"","","","","","","","","","","","","","","","","","","","","","","","","","","","","","","","","","","","","","","","","","","","","","",729.5,1,"","","","","","","","","","","","","","","","","","","","","","","","","","","","","","","","","","","","","","","","","","","","","","","","","","","","","","","","","","","","","","","","","","","","","","","","","","","","","","","","","","","","","","","","","","","","","","","","","","","","","","","","","","","","","","","",""
"65059001","PIC DU MIDI - OBSERVATOIRE",42.937167,0.141333,2880,1881122819,"","","","","","","","","","","","","","","","","","","","","","","","","","","","","","","","","","","","",-1.5,9,"","","","","","","","","","","","","","","","","","","","","","","","","","","","","","","","","","","","","","","","","","","","","","",729.,9,"","","","","","","","","","","","","","","","","","","","","","","","","","","","","","","","","","","","","","","","","","","","","","","","","","","","","","","","","","","","","","","","","","","","","","","","","","","","","","","","","","","","","","","","","","","","","","","","","","","","","","","","","","","","","","","",""
"65059001","PIC DU MIDI - OBSERVATOIRE",42.937167,0.141333,2880,1881122907,"","","","","","","","","","","","","","","","","","","","","","","","","","","","","","","","","","","","",-0.2,9,"","","","","","","","","","","","","","","","","","","","","","","","","","","","","","","","","","","","","","","","","","","","","","",725.,9,"","","","","","","","","","","","","","","","","","","","","","","","","","","","","","","","","","","","","","","","","","","","","","","","","","","","","","","","","","","","","","","","","","","","","","","","","","","","","","","","","","","","","","","","","","","","","","","","","","","","","","","","","","","","","","","",""
"65059001","PIC DU MIDI - OBSERVATOIRE",42.937167,0.141333,2880,1881122912,"","","","","","","","","","","","","","","","","","","","","","","","","","","","","","","","","","","","",1.3,9,"","","","","","","","","","","","","","","","","","","","","","","","","","","","","","","","","","","","","","","","","","","","","","",724.5,1,"","","","","","","","","","","","","","","","","","","","","","","","","","","","","","","","","","","","","","","","","","","","","","","","","","","","","","","","","","","","","","","","","","","","","","","","","","","","","","","","","","","","","","","","","","","","","","","","","","","","","","","","","","","","","","","",""
"65059001","PIC DU MIDI - OBSERVATOIRE",42.937167,0.141333,2880,1881122919,"","","","","","","","","","","","","","","","","","","","","","","","","","","","","","","","","","","","",-2.,9,"","","","","","","","","","","","","","","","","","","","","","","","","","","","","","","","","","","","","","","","","","","","","","",722.5,9,"","","","","","","","","","","","","","","","","","","","","","","","","","","","","","","","","","","","","","","","","","","","","","","","","","","","","","","","","","","","","","","","","","","","","","","","","","","","","","","","","","","","","","","","","","","","","","","","","","","","","","","","","","","","","","","",""
"65059001","PIC DU MIDI - OBSERVATOIRE",42.937167,0.141333,2880,1881123007,"","","","","","","","","","","","","","","","","","","","","","","","","","","","","","","","","","","","",-4.2,9,"","","","","","","","","","","","","","","","","","","","","","","","","","","","","","","","","","","","","","","","","","","","","","",717.7,9,"","","","","","","","","","","","","","","","","","","","","","","","","","","","","","","","","","","","","","","","","","","","","","","","","","","","","","","","","","","","","","","","","","","","","","","","","","","","","","","","","","","","","","","","","","","","","","","","","","","","","","","","","","","","","","","",""
"65059001","PIC DU MIDI - OBSERVATOIRE",42.937167,0.141333,2880,1881123012,"","","","","","","","","","","","","","","","","","","","","","","","","","","","","","","","","","","","",-3.2,9,"","","","","","","","","","","","","","","","","","","","","","","","","","","","","","","","","","","","","","","","","","","","","","",716.9,1,"","","","","","","","","","","","","","","","","","","","","","","","","","","","","","","","","","","","","","","","","","","","","","","","","","","","","","","","","","","","","","","","","","","","","","","","","","","","","","","","","","","","","","","","","","","","","","","","","","","","","","","","","","","","","","","",""
"65059001","PIC DU MIDI - OBSERVATOIRE",42.937167,0.141333,2880,1881123019,"","","","","","","","","","","","","","","","","","","","","","","","","","","","","","","","","","","","",-8.1,9,"","","","","","","","","","","","","","","","","","","","","","","","","","","","","","","","","","","","","","","","","","","","","","",715.,9,"","","","","","","","","","","","","","","","","","","","","","","","","","","","","","","","","","","","","","","","","","","","","","","","","","","","","","","","","","","","","","","","","","","","","","","","","","","","","","","","","","","","","","","","","","","","","","","","","","","","","","","","","","","","","","","",""
"65059001","PIC DU MIDI - OBSERVATOIRE",42.937167,0.141333,2880,1881123107,"","","","","","","","","","","","","","","","","","","","","","","","","","","","","","","","","","","","",-9.9,9,"","","","","","","","","","","","","","","","","","","","","","","","","","","","","","","","","","","","","","","","","","","","","","",712.3,9,"","","","","","","","","","","","","","","","","","","","","","","","","","","","","","","","","","","","","","","","","","","","","","","","","","","","","","","","","","","","","","","","","","","","","","","","","","","","","","","","","","","","","","","","","","","","","","","","","","","","","","","","","","","","","","","",""
"65059001","PIC DU MIDI - OBSERVATOIRE",42.937167,0.141333,2880,1881123112,"","","","","","","","","","","","","","","","","","","","","","","","","","","","","","","","","","","","",-5.4,9,"","","","","","","","","","","","","","","","","","","","","","","","","","","","","","","","","","","","","","","","","","","","","","",710.1,1,"","","","","","","","","","","","","","","","","","","","","","","","","","","","","","","","","","","","","","","","","","","","","","","","","","","","","","","","","","","","","","","","","","","","","","","","","","","","","","","","","","","","","","","","","","","","","","","","","","","","","","","","","","","","","","","",""
"65059001","PIC DU MIDI - OBSERVATOIRE",42.937167,0.141333,2880,1881123119,"","","","","","","","","","","","","","","","","","","","","","","","","","","","","","","","","","","","",-12.,9,"","","","","","","","","","","","","","","","","","","","","","","","","","","","","","","","","","","","","","","","","","","","","","",709.5,9,"","","","","","","","","","","","","","","","","","","","","","","","","","","","","","","","","","","","","","","","","","","","","","","","","","","","","","","","","","","","","","","","","","","","","","","","","","","","","","","","","","","","","","","","","","","","","","","","","","","","","","","","","","","","","","","",""
