"NUM_POSTE","NOM_USUEL","LAT","LON","ALTI","AAAAMMJJHH","RR1","QRR1","DRR1","QDRR1","FF","QFF","DD","QDD","FXY","QFXY","DXY","QDXY","HXY","QHXY","FXI","QFXI","DXI","QDXI","HXI","QHXI","FF2","QFF2","DD2","QDD2","FXI2","QFXI2","DXI2","QDXI2","HXI2","QHXI2","FXI3S","QFXI3S","DXI3S","QDXI3S","HFXI3S","QHFXI3S","T","QT","TD","QTD","TN","QTN","HTN","QHTN","TX","QTX","HTX","QHTX","DG","QDG","T10","QT10","T20","QT20","T50","QT50","T100","QT100","TNSOL","QTNSOL","TN50","QTN50","TCHAUSSEE","QTCHAUSSEE","DHUMEC","QDHUMEC","U","QU","UN","QUN","HUN","QHUN","UX","QUX","HUX","QHUX","DHUMI40","QDHUMI40","DHUMI80","QDHUMI80","TSV","QTSV","PMER","QPMER","PSTAT","QPSTAT","PMERMIN","QPMERMIN","GEOP","QGEOP","N","QN","NBAS","QNBAS","CL","QCL","CM","QCM","CH","QCH","N1","QN1","C1","QC1","B1","QB1","N2","QN2","C2","QC2","B2","QB2","N3","QN3","C3","QC3","B3","QB3","N4","QN4","C4","QC4","B4","QB4","VV","QVV","DVV200","QDVV200","WW","QWW","W1","QW1","W2","QW2","SOL","QSOL","SOLNG","QSOLNG","TMER","QTMER","VVMER","QVVMER","ETATMER","QETATMER","DIRHOULE","QDIRHOULE","HVAGUE","QHVAGUE","PVAGUE","QPVAGUE","HNEIGEF","QHNEIGEF","NEIGETOT","QNEIGETOT","TSNEIGE","QTSNEIGE","TUBENEIGE","QTUBENEIGE","HNEIGEFI3","QHNEIGEFI3","HNEIGEFI1","QHNEIGEFI1","ESNEIGE","QESNEIGE","CHARGENEIGE","QCHARGENEIGE","GLO","QGLO","GLO2","QGLO2","DIR","QDIR","DIR2","QDIR2","DIF","QDIF","DIF2","QDIF2","UV","QUV","UV2","QUV2","UV_INDICE","QUV_INDICE","INFRAR","QINFRAR","INFRAR2","QINFRAR2","INS","QINS","INS2","QINS2","TLAGON","QTLAGON","TVEGETAUX","QTVEGETAUX","ECOULEMENT","QECOULEMENT"
"47323004","VILLENEUVE-SUR-LOT",44.3975,0.764,59,2015112316,0.,1,"","",2.3,1,280,1,3.,1,280,1,1537,9,4.3,1,270,1,1519,9,"","","","","","","","","","","","","","","","",4.9,1,-0.3,9,4.9,9,1600,9,5.6,9,1501,9,0,9,"","","","","","","","",4.1,9,"","","","","","",69,9,63,9,1544,9,73,9,1505,9,0,9,0,9,6.,9,"","","","","","","","","","","","","","","","","","","","","","","","","","","","","","","","","","","","","","","","","","","","","","","","","","","","","","","","","","","","","","","","","","","","","","","","","","","","","","","","","","","","","","","","","","","","","","","","","","","","","","","","","","","","","","","","","","","",""
"47323004","VILLENEUVE-SUR-LOT",44.3975,0.764,59,2015112317,0.,1,"","",0.7,1,280,1,2.2,1,280,1,1601,9,3.1,1,300,1,1604,9,"","","","","","","","","","","","","","","","",2.7,1,-0.5,9,2.7,1,1700,9,4.9,1,1601,9,0,9,"","","","","","","","",-0.8,9,"","","","","","",79,1,70,9,1601,9,80,9,1658,9,0,9,1,9,5.9,9,"","","","","","","","","","","","","","","","","","","","","","","","","","","","","","","","","","","","","","","","","","","","","","","","","","","","","","","","","","","","","","","","","","","","","","","","","","","","","","","","","","","","","","","","","","","","","","","","","","","","","","","","","","","","","","","","","","","",""
"47323004","VILLENEUVE-SUR-LOT",44.3975,0.764,59,2015112318,0.,1,"","",1.4,1,180,1,1.5,1,180,1,1757,9,2.1,1,180,1,1754,9,"","","","","","","","","","","","","","","","",1.6,1,-0.7,9,0.9,1,1747,9,2.7,1,1701,9,0,9,"","","","","","","","",-2.9,9,"","","","","","",85,1,79,9,1702,9,89,9,1746,9,0,9,59,9,5.8,9,"","","","","","","","","","","","","","","","","","","","","","","","","","","","","","","","","","","","","","","","","","","","","","","","","","","","","","","","","","","","","","","","","","","","","","","","","","","","","","","","","","","","","","","","","","","","","","","","","","","","","","","","","","","","","","","","","","","",""
"47323004","VILLENEUVE-SUR-LOT",44.3975,0.764,59,2015112319,0.,1,"","",0.5,1,120,1,1.3,1,180,1,1801,9,1.4,1,180,1,1801,9,"","","","","","","","","","","","","","","","",-0.7,1,-1.4,9,-0.7,9,1900,9,1.7,9,1801,9,22,9,"","","","","","","","",-4.1,9,"","","","","","",94,9,81,9,1808,9,95,9,1859,9,0,9,60,9,5.5,9,"","","","","","","","","","","","","","","","","","","","","","","","","","","","","","","","","","","","","","","","","","","","","","","","","","","","","","","","","","","","","","","","","","","","","","","","","","","","","","","","","","","","","","","","","","","","","","","","","","","","","","","","","","","","","","","","","","","",""
"47323004","VILLENEUVE-SUR-LOT",44.3975,0.764,59,2015112320,0.,1,"","",0.,1,0,1,0.5,1,120,1,1901,9,1.2,1,120,1,1911,9,"","","","","","","","","","","","","","","","",-1.1,1,-1.4,9,-1.1,1,1908,9,-0.7,1,1901,9,60,9,"","","","","","","","",-4.5,9,"","","","","","",97,1,92,9,1907,9,98,9,1942,9,0,9,60,9,5.5,9,"","","","","","","","","","","","","","","","","","","","","","","","","","","","","","","","","","","","","","","","","","","","","","","","","","","","","","","","","","","","","","","","","","","","","","","","","","","","","","","","","","","","","","","","","","","","","","","","","","","","","","","","","","","","","","","","","","","",""
"47323004","VILLENEUVE-SUR-LOT",44.3975,0.764,59,2015112321,0.,1,"","",0.,1,0,1,0.8,1,190,1,2017,9,1.1,1,180,1,2014,9,"","","","","","","","","","","","","","","","",-1.9,1,-2.2,9,-1.9,1,2049,9,-1.,1,2001,9,60,9,"","","","","","","","",-5.,9,"","","","","","",98,1,95,9,2034,9,98,9,2015,9,0,9,60,9,5.2,9,"","","","","","","","","","","","","","","","","","","","","","","","","","","","","","","","","","","","","","","","","","","","","","","","","","","","","","","","","","","","","","","","","","","","","","","","","","","","","","","","","","","","","","","","","","","","","","","","","","","","","","","","","","","","","","","","","","","",""
"47323004","VILLENEUVE-SUR-LOT",44.3975,0.764,59,2015112322,0.,1,"","",0.,1,0,1,0.5,1,80,1,2101,9,0.7,1,60,1,2102,9,"","","","","","","","","","","","","","","","",-2.1,1,-2.5,9,-2.1,1,2159,9,-1.6,1,2123,9,60,9,"","","","","","","","",-4.6,9,"","","","","","",98,1,96,9,2102,9,99,9,2142,9,0,9,60,9,5.1,9,"","","","","","","","","","","","","","","","","","","","","","","","","","","","","","","","","","","","","","","","","","","","","","","","","","","","","","","","","","","","","","","","","","","","","","","","","","","","","","","","","","","","","","","","","","","","","","","","","","","","","","","","","","","","","","","","","","","",""
"47323004","VILLENEUVE-SUR-LOT",44.3975,0.764,59,2015112323,0.,1,"","",0.,1,0,1,0.,1,0,1,2201,9,0.8,1,120,1,2254,9,"","","","","","","","","","","","","","","","",-2.3,1,-2.5,9,-2.6,1,2209,9,-2.1,1,2201,9,60,9,"","","","","","","","",-4.9,9,"","","","","","",98,1,97,9,2202,9,99,9,2201,9,0,9,60,9,5.1,9,"","","","","","","","","","","","","","","","","","","","","","","","","","","","","","","","","","","","","","","","","","","","","","","","","","","","","","","","","","","","","","","","","","","","","","","","","","","","","","","","","","","","","","","","","","","","","","","","","","","","","","","","","","","","","","","","","","","",""
"47323004","VILLENEUVE-SUR-LOT",44.3975,0.764,59,2015112400,0.,1,"","",0.9,1,60,1,0.9,1,60,1,0,9,1.2,1,60,1,2357,9,"","","","","","","","","","","","","","","","",-2.2,1,-2.5,9,-2.4,1,2350,9,-2.1,1,2313,9,60,9,"","","","","","","","",-2.9,9,"","","","","","",98,1,97,9,2303,9,100,9,2349,9,0,9,60,9,5.1,9,"","","","","","","","","","","","","","","","","","","","","","","","","","","","","","","","","","","","","","","","","","","","","","","","","","","","","","","","","","","","","","","","","","","","","","","","","","","","","","","","","","","","","","","","","","","","","","","","","","","","","","","","","","","","","","","","","","","",""
"47323004","VILLENEUVE-SUR-LOT",44.3975,0.764,59,2015112401,0.,1,"","",0.,1,0,1,0.9,1,70,1,1,9,1.1,1,80,1,1,9,"","","","","","","","","","","","","","","","",-2.1,1,-2.5,9,-2.2,1,1,9,-1.8,1,13,9,60,9,"","","","","","","","",-2.2,9,"","","","","","",98,1,98,9,1,9,100,9,3,9,0,9,60,9,5.1,9,"","","","","","","","","","","","","","","","","","","","","","","","","","","","","","","","","","","","","","","","","","","","","","","","","","","","","","","","","","","","","","","","","","","","","","","","","","","","","","","","","","","","","","","","","","","","","","","","","","","","","","","","","","","","","","","","","","","",""
"47323004","VILLENEUVE-SUR-LOT",44.3975,0.764,59,2015112402,0.,1,"","",1.2,1,70,1,1.2,1,70,1,200,9,2.,1,70,1,157,9,"","","","","","","","","","","","","","","","",-1.9,1,-2.2,9,-2.1,1,101,9,-1.8,1,151,9,60,9,"","","","","","","","",-1.7,9,"","","","","","",98,1,97,9,116,9,100,9,120,9,0,9,60,9,5.2,9,"","","","","","","","","","","","","","","","","","","","","","","","","","","","","","","","","","","","","","","","","","","","","","","","","","","","","","","","","","","","","","","","","","","","","","","","","","","","","","","","","","","","","","","","","","","","","","","","","","","","","","","","","","","","","","","","","","","",""
"47323004","VILLENEUVE-SUR-LOT",44.3975,0.764,59,2015112403,0.,1,"","",0.,1,0,1,1.3,1,70,1,201,9,1.9,1,80,1,207,9,"","","","","","","","","","","","","","","","",-1.6,1,-2.,9,-2.1,1,205,9,-1.6,1,250,9,60,9,"","","","","","","","",-1.6,9,"","","","","","",98,1,98,9,201,9,100,9,209,9,0,9,60,9,5.3,9,"","","","","","","","","","","","","","","","","","","","","","","","","","","","","","","","","","","","","","","","","","","","","","","","","","","","","","","","","","","","","","","","","","","","","","","","","","","","","","","","","","","","","","","","","","","","","","","","","","","","","","","","","","","","","","","","","","","",""
"47323004","VILLENEUVE-SUR-LOT",44.3975,0.764,59,2015112404,0.,1,"","",0.,1,0,1,0.,1,0,1,301,9,0.7,1,100,1,301,9,"","","","","","","","","","","","","","","","",-1.,1,-1.,9,-1.5,1,301,9,-1.,1,353,9,60,9,"","","","","","","","",-0.9,9,"","","","","","",100,1,98,9,301,9,100,9,302,9,0,9,60,9,5.7,9,"","","","","","","","","","","","","","","","","","","","","","","","","","","","","","","","","","","","","","","","","","","","","","","","","","","","","","","","","","","","","","","","","","","","","","","","","","","","","","","","","","","","","","","","","","","","","","","","","","","","","","","","","","","","","","","","","","","",""
"47323004","VILLENEUVE-SUR-LOT",44.3975,0.764,59,2015112405,0.,1,"","",0.,1,0,1,0.,1,0,1,401,9,1.,1,90,1,451,9,"","","","","","","","","","","","","","","","",-0.6,1,-0.7,9,-1.,1,401,9,-0.6,1,452,9,60,9,"","","","","","","","",-0.6,9,"","","","","","",99,1,98,9,403,9,100,9,402,9,0,9,60,9,5.8,9,"","","","","","","","","","","","","","","","","","","","","","","","","","","","","","","","","","","","","","","","","","","","","","","","","","","","","","","","","","","","","","","","","","","","","","","","","","","","","","","","","","","","","","","","","","","","","","","","","","","","","","","","","","","","","","","","","","","",""
"47323004","VILLENEUVE-SUR-LOT",44.3975,0.764,59,2015112406,0.,1,"","",1.1,1,60,1,1.1,1,60,1,600,9,2.,1,60,1,559,9,"","","","","","","","","","","","","","","","",-0.1,1,-0.5,9,-0.6,9,501,9,-0.1,9,551,9,60,9,"","","","","","","","",-0.1,9,"","","","","","",98,9,98,9,504,9,100,9,501,9,0,9,60,9,5.9,9,"","","","","","","","","","","","","","","","","","","","","","","","","","","","","","","","","","","","","","","","","","","","","","","","","","","","","","","","","","","","","","","","","","","","","","","","","","","","","","","","","","","","","","","","","","","","","","","","","","","","","","","","","","","","","","","","","","","",""
"47323004","VILLENEUVE-SUR-LOT",44.3975,0.764,59,2015112407,0.,1,"","",1.6,1,70,1,1.6,1,70,1,659,9,2.2,1,120,1,631,9,"","","","","","","","","","","","","","","","",0.1,1,0.,9,-0.2,1,603,9,0.1,1,641,9,28,9,"","","","","","","","",0.2,9,"","","","","","",99,1,98,9,608,9,100,9,602,9,0,9,60,9,6.1,9,"","","","","","","","","","","","","","","","","","","","","","","","","","","","","","","","","","","","","","","","","","","","","","","","","","","","","","","","","","","","","","","","","","","","","","","","","","","","","","","","","","","","","","","","","","","","","","","","","","","","","","","","","","","","","","","","","","","",""
"47323004","VILLENEUVE-SUR-LOT",44.3975,0.764,59,2015112408,0.,1,"","",1.4,1,70,1,1.6,1,70,1,726,9,2.4,1,60,1,757,9,"","","","","","","","","","","","","","","","",0.3,1,0.2,9,0.1,1,701,9,0.3,1,753,9,0,9,"","","","","","","","",0.5,9,"","","","","","",99,1,98,9,701,9,100,9,706,9,0,9,60,9,6.2,9,"","","","","","","","","","","","","","","","","","","","","","","","","","","","","","","","","","","","","","","","","","","","","","","","","","","","","","","","","","","","","","","","","","","","","","","","","","","","","","","","","","","","","","","","","","","","","","","","","","","","","","","","","","","","","","","","","","","",""
"47323004","VILLENEUVE-SUR-LOT",44.3975,0.764,59,2015112409,0.2,1,"","",1.9,1,80,1,1.9,1,80,1,900,9,2.8,1,90,1,900,9,"","","","","","","","","","","","","","","","",0.6,1,0.4,9,0.3,1,801,9,0.6,1,859,9,0,9,"","","","","","","","",1.,9,"","","","","","",98,1,98,9,804,9,100,9,805,9,0,9,60,9,6.3,9,"","","","","","","","","","","","","","","","","","","","","","","","","","","","","","","","","","","","","","","","","","","","","","","","","","","","","","","","","","","","","","","","","","","","","","","","","","","","","","","","","","","","","","","","","","","","","","","","","","","","","","","","","","","","","","","","","","","",""
"47323004","VILLENEUVE-SUR-LOT",44.3975,0.764,59,2015112410,0.,1,"","",2.,1,120,1,2.3,1,90,1,906,9,3.5,1,100,1,913,9,"","","","","","","","","","","","","","","","",1.4,1,1.1,9,0.5,1,905,9,1.4,1,958,9,0,9,"","","","","","","","",1.7,9,"","","","","","",98,1,98,9,902,9,100,9,906,9,0,9,60,9,6.6,9,"","","","","","","","","","","","","","","","","","","","","","","","","","","","","","","","","","","","","","","","","","","","","","","","","","","","","","","","","","","","","","","","","","","","","","","","","","","","","","","","","","","","","","","","","","","","","","","","","","","","","","","","","","","","","","","","","","","",""
"47323004","VILLENEUVE-SUR-LOT",44.3975,0.764,59,2015112411,0.,1,"","",2.,1,130,1,2.3,1,120,1,1054,9,3.8,1,110,1,1049,9,"","","","","","","","","","","","","","","","",2.3,1,2.1,9,1.4,1,1001,9,2.3,1,1054,9,0,9,"","","","","","","","",3.1,9,"","","","","","",99,1,97,9,1057,9,100,9,1007,9,0,9,60,9,7.1,9,"","","","","","","","","","","","","","","","","","","","","","","","","","","","","","","","","","","","","","","","","","","","","","","","","","","","","","","","","","","","","","","","","","","","","","","","","","","","","","","","","","","","","","","","","","","","","","","","","","","","","","","","","","","","","","","","","","","",""
"47323004","VILLENEUVE-SUR-LOT",44.3975,0.764,59,2015112412,0.,1,"","",1.9,1,100,1,2.4,1,110,1,1125,9,4.1,1,140,1,1141,9,"","","","","","","","","","","","","","","","",3.3,1,2.7,9,2.4,1,1101,9,3.3,1,1151,9,0,9,"","","","","","","","",4.7,9,"","","","","","",95,1,95,9,1156,9,100,9,1113,9,0,9,60,9,7.4,9,"","","","","","","","","","","","","","","","","","","","","","","","","","","","","","","","","","","","","","","","","","","","","","","","","","","","","","","","","","","","","","","","","","","","","","","","","","","","","","","","","","","","","","","","","","","","","","","","","","","","","","","","","","","","","","","","","","","",""
"47323004","VILLENEUVE-SUR-LOT",44.3975,0.764,59,2015112413,0.,1,"","",2.3,1,100,1,2.7,1,100,1,1239,9,4.1,1,100,1,1238,9,"","","","","","","","","","","","","","","","",4.2,1,2.1,9,3.3,1,1201,9,4.2,1,1300,9,0,9,"","","","","","","","",6.6,9,"","","","","","",86,1,85,9,1254,9,94,9,1201,9,0,9,60,9,7.1,9,"","","","","","","","","","","","","","","","","","","","","","","","","","","","","","","","","","","","","","","","","","","","","","","","","","","","","","","","","","","","","","","","","","","","","","","","","","","","","","","","","","","","","","","","","","","","","","","","","","","","","","","","","","","","","","","","","","","",""
"47323004","VILLENEUVE-SUR-LOT",44.3975,0.764,59,2015112414,0.,1,"","",2.2,1,130,1,2.6,1,130,1,1338,9,4.4,1,130,1,1334,9,"","","","","","","","","","","","","","","","",4.7,1,1.9,9,4.2,1,1301,9,4.7,1,1351,9,0,9,"","","","","","","","",6.6,9,"","","","","","",82,1,80,9,1352,9,86,9,1302,9,0,9,60,9,7.,9,"","","","","","","","","","","","","","","","","","","","","","","","","","","","","","","","","","","","","","","","","","","","","","","","","","","","","","","","","","","","","","","","","","","","","","","","","","","","","","","","","","","","","","","","","","","","","","","","","","","","","","","","","","","","","","","","","","","",""
"47323004","VILLENEUVE-SUR-LOT",44.3975,0.764,59,2015112415,0.,1,"","",2.6,1,120,1,3.4,1,130,1,1434,9,5.1,1,120,1,1428,9,"","","","","","","","","","","","","","","","",4.1,1,1.5,9,4.1,1,1438,9,4.7,1,1401,9,0,9,"","","","","","","","",4.7,9,"","","","","","",83,1,79,9,1404,9,83,9,1441,9,0,9,59,9,6.8,9,"","","","","","","","","","","","","","","","","","","","","","","","","","","","","","","","","","","","","","","","","","","","","","","","","","","","","","","","","","","","","","","","","","","","","","","","","","","","","","","","","","","","","","","","","","","","","","","","","","","","","","","","","","","","","","","","","","","",""
"47323004","VILLENEUVE-SUR-LOT",44.3975,0.764,59,2015112416,0.,1,"","",2.7,1,110,1,3.1,1,120,1,1509,9,5.2,1,100,1,1551,9,"","","","","","","","","","","","","","","","",4.,1,1.9,9,4.,1,1514,9,4.1,1,1501,9,0,9,"","","","","","","","",3.9,9,"","","","","","",86,1,82,9,1520,9,86,9,1542,9,0,9,60,9,7.,9,"","","","","","","","","","","","","","","","","","","","","","","","","","","","","","","","","","","","","","","","","","","","","","","","","","","","","","","","","","","","","","","","","","","","","","","","","","","","","","","","","","","","","","","","","","","","","","","","","","","","","","","","","","","","","","","","","","","",""
"47323004","VILLENEUVE-SUR-LOT",44.3975,0.764,59,2015112417,0.,1,"","",2.5,1,100,1,3.,1,90,1,1626,9,4.9,1,120,1,1623,9,"","","","","","","","","","","","","","","","",4.1,1,2.3,9,4.,1,1601,9,4.1,1,1616,9,0,9,"","","","","","","","",3.7,9,"","","","","","",88,1,85,9,1602,9,89,9,1641,9,0,9,60,9,7.2,9,"","","","","","","","","","","","","","","","","","","","","","","","","","","","","","","","","","","","","","","","","","","","","","","","","","","","","","","","","","","","","","","","","","","","","","","","","","","","","","","","","","","","","","","","","","","","","","","","","","","","","","","","","","","","","","","","","","","",""
"47323004","VILLENEUVE-SUR-LOT",44.3975,0.764,59,2015112418,0.,1,"","",1.5,1,130,1,2.4,1,90,1,1701,9,4.2,1,120,1,1713,9,"","","","","","","","","","","","","","","","",4.4,1,2.3,9,4.1,1,1701,9,4.4,1,1754,9,0,9,"","","","","","","","",3.7,9,"","","","","","",86,1,86,9,1759,9,90,9,1702,9,0,9,60,9,7.2,9,"","","","","","","","","","","","","","","","","","","","","","","","","","","","","","","","","","","","","","","","","","","","","","","","","","","","","","","","","","","","","","","","","","","","","","","","","","","","","","","","","","","","","","","","","","","","","","","","","","","","","","","","","","","","","","","","","","","",""
"47323004","VILLENEUVE-SUR-LOT",44.3975,0.764,59,2015112419,0.,1,"","",2.4,1,140,1,2.8,1,140,1,1840,9,4.6,1,160,1,1829,9,"","","","","","","","","","","","","","","","",4.9,1,2.5,9,4.4,9,1801,9,4.9,9,1859,9,0,9,"","","","","","","","",4.,9,"","","","","","",84,9,84,9,1840,9,87,9,1805,9,0,9,60,9,7.3,9,"","","","","","","","","","","","","","","","","","","","","","","","","","","","","","","","","","","","","","","","","","","","","","","","","","","","","","","","","","","","","","","","","","","","","","","","","","","","","","","","","","","","","","","","","","","","","","","","","","","","","","","","","","","","","","","","","","","",""
"47323004","VILLENEUVE-SUR-LOT",44.3975,0.764,59,2015112420,0.,1,"","",2.9,1,120,1,3.3,1,110,1,1951,9,5.6,1,120,1,1955,9,"","","","","","","","","","","","","","","","",4.9,1,3.4,9,4.7,1,1941,9,5.,1,1914,9,0,9,"","","","","","","","",4.3,9,"","","","","","",90,1,83,9,1901,9,91,9,1959,9,0,9,60,9,7.8,9,"","","","","","","","","","","","","","","","","","","","","","","","","","","","","","","","","","","","","","","","","","","","","","","","","","","","","","","","","","","","","","","","","","","","","","","","","","","","","","","","","","","","","","","","","","","","","","","","","","","","","","","","","","","","","","","","","","","",""
"47323004","VILLENEUVE-SUR-LOT",44.3975,0.764,59,2015112421,0.6,1,"","",1.1,1,80,1,2.8,1,120,1,2001,9,4.1,1,100,1,2001,9,"","","","","","","","","","","","","","","","",5.3,1,4.8,9,4.9,1,2001,9,5.3,1,2026,9,0,9,"","","","","","","","",4.6,9,"","","","","","",97,1,89,9,2002,9,97,9,2059,9,0,9,60,9,8.6,9,"","","","","","","","","","","","","","","","","","","","","","","","","","","","","","","","","","","","","","","","","","","","","","","","","","","","","","","","","","","","","","","","","","","","","","","","","","","","","","","","","","","","","","","","","","","","","","","","","","","","","","","","","","","","","","","","","","","",""
"47323004","VILLENEUVE-SUR-LOT",44.3975,0.764,59,2015112422,0.,1,"","",1.3,1,60,1,1.4,1,70,1,2113,9,2.4,1,110,1,2124,9,"","","","","","","","","","","","","","","","",5.8,1,5.3,9,5.3,1,2101,9,5.8,1,2154,9,0,9,"","","","","","","","",5.4,9,"","","","","","",97,1,96,9,2101,9,98,9,2127,9,0,9,60,9,8.9,9,"","","","","","","","","","","","","","","","","","","","","","","","","","","","","","","","","","","","","","","","","","","","","","","","","","","","","","","","","","","","","","","","","","","","","","","","","","","","","","","","","","","","","","","","","","","","","","","","","","","","","","","","","","","","","","","","","","","",""
"47323004","VILLENEUVE-SUR-LOT",44.3975,0.764,59,2015112423,0.,1,"","",0.,1,0,1,1.9,1,60,1,2217,9,3.8,1,40,1,2211,9,"","","","","","","","","","","","","","","","",6.1,1,5.5,9,5.8,1,2201,9,6.1,1,2245,9,0,9,"","","","","","","","",5.8,9,"","","","","","",96,1,95,9,2252,9,98,9,2205,9,0,9,60,9,9.,9,"","","","","","","","","","","","","","","","","","","","","","","","","","","","","","","","","","","","","","","","","","","","","","","","","","","","","","","","","","","","","","","","","","","","","","","","","","","","","","","","","","","","","","","","","","","","","","","","","","","","","","","","","","","","","","","","","","","",""
"47323004","VILLENEUVE-SUR-LOT",44.3975,0.764,59,2015112500,0.,1,"","",1.,1,80,1,1.4,1,50,1,2328,9,2.1,1,60,1,2324,9,"","","","","","","","","","","","","","","","",6.2,1,5.6,9,6.1,1,2301,9,6.2,1,2309,9,0,9,"","","","","","","","",6.,9,"","","","","","",96,1,96,9,2305,9,98,9,2326,9,0,9,60,9,9.1,9,"","","","","","","","","","","","","","","","","","","","","","","","","","","","","","","","","","","","","","","","","","","","","","","","","","","","","","","","","","","","","","","","","","","","","","","","","","","","","","","","","","","","","","","","","","","","","","","","","","","","","","","","","","","","","","","","","","","",""
"47323004","VILLENEUVE-SUR-LOT",44.3975,0.764,59,2015112501,0.,1,"","",0.,1,0,1,1.4,1,90,1,35,9,1.7,1,100,1,32,9,"","","","","","","","","","","","","","","","",6.,1,5.6,9,6.,1,33,9,6.2,1,1,9,0,9,"","","","","","","","",5.9,9,"","","","","","",97,1,95,9,32,9,98,9,41,9,0,9,60,9,9.1,9,"","","","","","","","","","","","","","","","","","","","","","","","","","","","","","","","","","","","","","","","","","","","","","","","","","","","","","","","","","","","","","","","","","","","","","","","","","","","","","","","","","","","","","","","","","","","","","","","","","","","","","","","","","","","","","","","","","","",""
"47323004","VILLENEUVE-SUR-LOT",44.3975,0.764,59,2015112502,0.,1,"","",0.,1,0,1,0.6,1,60,1,112,9,0.9,1,60,1,106,9,"","","","","","","","","","","","","","","","",6.3,1,5.8,9,6.,1,101,9,6.3,1,151,9,0,9,"","","","","","","","",6.,9,"","","","","","",96,1,96,9,103,9,98,9,102,9,0,9,60,9,9.2,9,"","","","","","","","","","","","","","","","","","","","","","","","","","","","","","","","","","","","","","","","","","","","","","","","","","","","","","","","","","","","","","","","","","","","","","","","","","","","","","","","","","","","","","","","","","","","","","","","","","","","","","","","","","","","","","","","","","","",""
"47323004","VILLENEUVE-SUR-LOT",44.3975,0.764,59,2015112503,0.2,1,"","",0.6,1,110,1,0.9,1,100,1,231,9,1.4,1,70,1,238,9,"","","","","","","","","","","","","","","","",6.6,1,6.1,9,6.3,1,201,9,6.6,1,233,9,0,9,"","","","","","","","",6.5,9,"","","","","","",97,1,96,9,211,9,98,9,205,9,0,9,60,9,9.4,9,"","","","","","","","","","","","","","","","","","","","","","","","","","","","","","","","","","","","","","","","","","","","","","","","","","","","","","","","","","","","","","","","","","","","","","","","","","","","","","","","","","","","","","","","","","","","","","","","","","","","","","","","","","","","","","","","","","","",""
"47323004","VILLENEUVE-SUR-LOT",44.3975,0.764,59,2015112504,0.,1,"","",0.6,1,90,1,1.,1,70,1,336,9,1.4,1,60,1,334,9,"","","","","","","","","","","","","","","","",6.7,1,6.2,9,6.6,1,301,9,6.7,1,318,9,0,9,"","","","","","","","",6.7,9,"","","","","","",97,1,96,9,339,9,99,9,340,9,0,9,60,9,9.5,9,"","","","","","","","","","","","","","","","","","","","","","","","","","","","","","","","","","","","","","","","","","","","","","","","","","","","","","","","","","","","","","","","","","","","","","","","","","","","","","","","","","","","","","","","","","","","","","","","","","","","","","","","","","","","","","","","","","","",""
"47323004","VILLENEUVE-SUR-LOT",44.3975,0.764,59,2015112505,0.2,1,"","",0.,1,0,1,0.6,1,100,1,401,9,0.9,1,140,1,402,9,"","","","","","","","","","","","","","","","",7.2,1,7.,9,6.7,1,401,9,7.2,1,458,9,0,9,"","","","","","","","",6.8,9,"","","","","","",99,1,96,9,416,9,99,9,410,9,0,9,60,9,10.,9,"","","","","","","","","","","","","","","","","","","","","","","","","","","","","","","","","","","","","","","","","","","","","","","","","","","","","","","","","","","","","","","","","","","","","","","","","","","","","","","","","","","","","","","","","","","","","","","","","","","","","","","","","","","","","","","","","","","",""
"47323004","VILLENEUVE-SUR-LOT",44.3975,0.764,59,2015112506,0.,1,"","",0.9,1,270,1,0.9,1,270,1,600,9,2.2,1,250,1,600,9,"","","","","","","","","","","","","","","","",8.4,1,8.3,9,7.2,1,501,9,8.4,1,600,9,0,9,"","","","","","","","",7.3,9,"","","","","","",99,1,97,9,504,9,99,9,505,9,0,9,60,9,10.9,9,"","","","","","","","","","","","","","","","","","","","","","","","","","","","","","","","","","","","","","","","","","","","","","","","","","","","","","","","","","","","","","","","","","","","","","","","","","","","","","","","","","","","","","","","","","","","","","","","","","","","","","","","","","","","","","","","","","","",""
"47323004","VILLENEUVE-SUR-LOT",44.3975,0.764,59,2015112507,0.,1,"","",1.6,1,280,1,2.2,1,270,1,611,9,3.4,1,270,1,607,9,"","","","","","","","","","","","","","","","",9.7,1,9.4,9,8.5,9,601,9,9.7,9,646,9,0,9,"","","","","","","","",8.7,9,"","","","","","",98,9,97,9,604,9,99,9,605,9,0,9,60,9,11.8,9,"","","","","","","","","","","","","","","","","","","","","","","","","","","","","","","","","","","","","","","","","","","","","","","","","","","","","","","","","","","","","","","","","","","","","","","","","","","","","","","","","","","","","","","","","","","","","","","","","","","","","","","","","","","","","","","","","","","",""
"47323004","VILLENEUVE-SUR-LOT",44.3975,0.764,59,2015112508,0.2,1,"","",3.1,1,280,1,3.1,1,280,1,739,9,4.7,1,270,1,728,9,"","","","","","","","","","","","","","","","",10.3,1,9.7,9,9.7,1,701,9,10.3,1,747,9,0,9,"","","","","","","","",9.3,9,"","","","","","",96,1,96,9,753,9,99,9,726,9,0,9,60,9,12.,9,"","","","","","","","","","","","","","","","","","","","","","","","","","","","","","","","","","","","","","","","","","","","","","","","","","","","","","","","","","","","","","","","","","","","","","","","","","","","","","","","","","","","","","","","","","","","","","","","","","","","","","","","","","","","","","","","","","","",""
"47323004","VILLENEUVE-SUR-LOT",44.3975,0.764,59,2015112509,0.,1,"","",4.1,1,280,1,4.7,1,280,1,849,9,7.,1,270,1,846,9,"","","","","","","","","","","","","","","","",10.8,1,9.7,9,10.4,1,801,9,10.8,1,850,9,0,9,"","","","","","","","",10.1,9,"","","","","","",93,1,93,9,843,9,97,9,804,9,0,9,60,9,12.,9,"","","","","","","","","","","","","","","","","","","","","","","","","","","","","","","","","","","","","","","","","","","","","","","","","","","","","","","","","","","","","","","","","","","","","","","","","","","","","","","","","","","","","","","","","","","","","","","","","","","","","","","","","","","","","","","","","","","",""
"47323004","VILLENEUVE-SUR-LOT",44.3975,0.764,59,2015112510,0.,1,"","",6.2,1,290,1,6.3,1,290,1,959,9,9.3,1,290,1,953,9,"","","","","","","","","","","","","","","","",11.7,1,9.9,9,10.8,1,901,9,11.7,1,954,9,0,9,"","","","","","","","",10.5,9,"","","","","","",89,1,87,9,955,9,95,9,903,9,0,9,60,9,12.2,9,"","","","","","","","","","","","","","","","","","","","","","","","","","","","","","","","","","","","","","","","","","","","","","","","","","","","","","","","","","","","","","","","","","","","","","","","","","","","","","","","","","","","","","","","","","","","","","","","","","","","","","","","","","","","","","","","","","","",""
"47323004","VILLENEUVE-SUR-LOT",44.3975,0.764,59,2015112511,0.,1,"","",4.6,1,300,1,6.1,1,290,1,1001,9,9.2,1,290,1,1014,9,"","","","","","","","","","","","","","","","",11.8,1,9.3,9,11.6,1,1016,9,11.9,1,1043,9,0,9,"","","","","","","","",11.4,9,"","","","","","",85,1,83,9,1057,9,89,9,1003,9,0,9,60,9,11.7,9,"","","","","","","","","","","","","","","","","","","","","","","","","","","","","","","","","","","","","","","","","","","","","","","","","","","","","","","","","","","","","","","","","","","","","","","","","","","","","","","","","","","","","","","","","","","","","","","","","","","","","","","","","","","","","","","","","","","",""
"47323004","VILLENEUVE-SUR-LOT",44.3975,0.764,59,2015112512,0.,1,"","",4.1,1,270,1,5.,1,290,1,1117,9,7.1,1,290,1,1110,9,"","","","","","","","","","","","","","","","",12.1,1,9.3,9,11.8,1,1101,9,12.1,1,1159,9,0,9,"","","","","","","","",12.2,9,"","","","","","",83,1,83,9,1115,9,87,9,1107,9,0,9,60,9,11.7,9,"","","","","","","","","","","","","","","","","","","","","","","","","","","","","","","","","","","","","","","","","","","","","","","","","","","","","","","","","","","","","","","","","","","","","","","","","","","","","","","","","","","","","","","","","","","","","","","","","","","","","","","","","","","","","","","","","","","",""
"47323004","VILLENEUVE-SUR-LOT",44.3975,0.764,59,2015112513,0.,1,"","",4.7,1,280,1,5.1,1,280,1,1250,9,7.9,1,290,1,1216,9,"","","","","","","","","","","","","","","","",12.1,1,9.3,9,11.9,1,1218,9,12.2,1,1246,9,0,9,"","","","","","","","",11.3,9,"","","","","","",83,1,83,9,1202,9,86,9,1219,9,0,9,60,9,11.7,9,"","","","","","","","","","","","","","","","","","","","","","","","","","","","","","","","","","","","","","","","","","","","","","","","","","","","","","","","","","","","","","","","","","","","","","","","","","","","","","","","","","","","","","","","","","","","","","","","","","","","","","","","","","","","","","","","","","","",""
"47323004","VILLENEUVE-SUR-LOT",44.3975,0.764,59,2015112514,0.,1,"","",4.6,1,280,1,5.5,1,280,1,1334,9,8.7,1,270,1,1312,9,"","","","","","","","","","","","","","","","",12.,1,9.6,9,12.,1,1321,9,12.1,1,1301,9,0,9,"","","","","","","","",11.3,9,"","","","","","",85,1,82,9,1303,9,86,9,1340,9,0,9,60,9,11.9,9,"","","","","","","","","","","","","","","","","","","","","","","","","","","","","","","","","","","","","","","","","","","","","","","","","","","","","","","","","","","","","","","","","","","","","","","","","","","","","","","","","","","","","","","","","","","","","","","","","","","","","","","","","","","","","","","","","","","",""
"47323004","VILLENEUVE-SUR-LOT",44.3975,0.764,59,2015112515,0.,1,"","",5.3,1,280,1,5.4,1,270,1,1451,9,8.2,1,290,1,1453,9,"","","","","","","","","","","","","","","","",12.1,1,9.4,9,12.1,1,1401,9,12.3,1,1423,9,0,9,"","","","","","","","",12.,9,"","","","","","",84,1,82,9,1442,9,85,9,1401,9,0,9,60,9,11.8,9,"","","","","","","","","","","","","","","","","","","","","","","","","","","","","","","","","","","","","","","","","","","","","","","","","","","","","","","","","","","","","","","","","","","","","","","","","","","","","","","","","","","","","","","","","","","","","","","","","","","","","","","","","","","","","","","","","","","",""
"47323004","VILLENEUVE-SUR-LOT",44.3975,0.764,59,2015112516,0.,1,"","",5.5,1,290,1,6.2,1,280,1,1518,9,9.3,1,280,1,1526,9,"","","","","","","","","","","","","","","","",11.6,1,9.,9,11.6,1,1558,9,12.,1,1501,9,0,9,"","","","","","","","",11.2,9,"","","","","","",84,1,83,9,1502,9,86,9,1525,9,0,9,60,9,11.5,9,"","","","","","","","","","","","","","","","","","","","","","","","","","","","","","","","","","","","","","","","","","","","","","","","","","","","","","","","","","","","","","","","","","","","","","","","","","","","","","","","","","","","","","","","","","","","","","","","","","","","","","","","","","","","","","","","","","","",""
"47323004","VILLENEUVE-SUR-LOT",44.3975,0.764,59,2015112517,0.,1,"","",4.7,1,280,1,5.6,1,280,1,1631,9,8.7,1,280,1,1610,9,"","","","","","","","","","","","","","","","",11.5,1,8.7,9,11.5,1,1658,9,11.7,1,1603,9,0,9,"","","","","","","","",11.,9,"","","","","","",83,1,81,9,1621,9,84,9,1601,9,0,9,60,9,11.2,9,"","","","","","","","","","","","","","","","","","","","","","","","","","","","","","","","","","","","","","","","","","","","","","","","","","","","","","","","","","","","","","","","","","","","","","","","","","","","","","","","","","","","","","","","","","","","","","","","","","","","","","","","","","","","","","","","","","","",""
"47323004","VILLENEUVE-SUR-LOT",44.3975,0.764,59,2015112518,0.,1,"","",3.7,1,270,1,4.7,1,280,1,1701,9,6.5,1,290,1,1706,9,"","","","","","","","","","","","","","","","",11.4,1,8.8,9,11.4,1,1744,9,11.5,1,1701,9,0,9,"","","","","","","","",10.9,9,"","","","","","",84,1,82,9,1711,9,85,9,1715,9,0,9,60,9,11.3,9,"","","","","","","","","","","","","","","","","","","","","","","","","","","","","","","","","","","","","","","","","","","","","","","","","","","","","","","","","","","","","","","","","","","","","","","","","","","","","","","","","","","","","","","","","","","","","","","","","","","","","","","","","","","","","","","","","","","",""
"47323004","VILLENEUVE-SUR-LOT",44.3975,0.764,59,2015112519,0.,1,"","",4.1,1,280,1,4.9,1,280,1,1821,9,7.4,1,290,1,1809,9,"","","","","","","","","","","","","","","","",11.1,1,8.8,9,11.1,9,1848,9,11.4,9,1801,9,0,9,"","","","","","","","",10.5,9,"","","","","","",86,9,82,9,1815,9,88,9,1858,9,0,9,60,9,11.3,9,"","","","","","","","","","","","","","","","","","","","","","","","","","","","","","","","","","","","","","","","","","","","","","","","","","","","","","","","","","","","","","","","","","","","","","","","","","","","","","","","","","","","","","","","","","","","","","","","","","","","","","","","","","","","","","","","","","","",""
"47323004","VILLENEUVE-SUR-LOT",44.3975,0.764,59,2015112520,0.,1,"","",4.3,1,280,1,4.9,1,280,1,1908,9,7.8,1,280,1,1919,9,"","","","","","","","","","","","","","","","",11.2,1,9.3,9,11.1,1,1901,9,11.2,1,1940,9,0,9,"","","","","","","","",10.5,9,"","","","","","",88,1,86,9,1901,9,89,9,1947,9,0,9,60,9,11.7,9,"","","","","","","","","","","","","","","","","","","","","","","","","","","","","","","","","","","","","","","","","","","","","","","","","","","","","","","","","","","","","","","","","","","","","","","","","","","","","","","","","","","","","","","","","","","","","","","","","","","","","","","","","","","","","","","","","","","",""
"47323004","VILLENEUVE-SUR-LOT",44.3975,0.764,59,2015112521,0.,1,"","",5.1,1,290,1,5.3,1,290,1,2055,9,7.7,1,290,1,2055,9,"","","","","","","","","","","","","","","","",11.1,1,9.6,9,11.,1,2030,9,11.3,1,2003,9,0,9,"","","","","","","","",10.3,9,"","","","","","",90,1,88,9,2002,9,91,9,2021,9,0,9,60,9,11.9,9,"","","","","","","","","","","","","","","","","","","","","","","","","","","","","","","","","","","","","","","","","","","","","","","","","","","","","","","","","","","","","","","","","","","","","","","","","","","","","","","","","","","","","","","","","","","","","","","","","","","","","","","","","","","","","","","","","","","",""
"47323004","VILLENEUVE-SUR-LOT",44.3975,0.764,59,2015112522,0.,1,"","",5.3,1,300,1,6.9,1,290,1,2129,9,9.8,1,300,1,2120,9,"","","","","","","","","","","","","","","","",11.3,1,8.4,9,11.1,1,2101,9,11.4,1,2139,9,0,9,"","","","","","","","",10.4,9,"","","","","","",82,1,82,9,2142,9,89,9,2101,9,0,9,60,9,11.,9,"","","","","","","","","","","","","","","","","","","","","","","","","","","","","","","","","","","","","","","","","","","","","","","","","","","","","","","","","","","","","","","","","","","","","","","","","","","","","","","","","","","","","","","","","","","","","","","","","","","","","","","","","","","","","","","","","","","",""
"47323004","VILLENEUVE-SUR-LOT",44.3975,0.764,59,2015112523,0.4,1,"","",4.2,1,290,1,6.4,1,300,1,2241,9,9.8,1,290,1,2234,9,"","","","","","","","","","","","","","","","",10.8,1,8.8,9,10.8,1,2248,9,11.3,1,2201,9,0,9,"","","","","","","","",9.7,9,"","","","","","",87,1,82,9,2201,9,89,9,2255,9,0,9,60,9,11.3,9,"","","","","","","","","","","","","","","","","","","","","","","","","","","","","","","","","","","","","","","","","","","","","","","","","","","","","","","","","","","","","","","","","","","","","","","","","","","","","","","","","","","","","","","","","","","","","","","","","","","","","","","","","","","","","","","","","","","",""
"47323004","VILLENEUVE-SUR-LOT",44.3975,0.764,59,2015112600,0.2,1,"","",5.,1,290,1,6.5,1,290,1,2324,9,9.2,1,290,1,2320,9,"","","","","","","","","","","","","","","","",10.8,1,8.5,9,10.8,1,2359,9,11.,1,2305,9,0,9,"","","","","","","","",9.7,9,"","","","","","",86,1,84,9,2323,9,87,9,2302,9,0,9,60,9,11.1,9,"","","","","","","","","","","","","","","","","","","","","","","","","","","","","","","","","","","","","","","","","","","","","","","","","","","","","","","","","","","","","","","","","","","","","","","","","","","","","","","","","","","","","","","","","","","","","","","","","","","","","","","","","","","","","","","","","","","",""
"47323004","VILLENEUVE-SUR-LOT",44.3975,0.764,59,2015112601,0.,1,"","",5.9,1,290,1,6.1,1,290,1,38,9,8.8,1,300,1,41,9,"","","","","","","","","","","","","","","","",10.6,1,8.4,9,10.6,1,36,9,10.8,1,1,9,0,9,"","","","","","","","",9.6,9,"","","","","","",86,1,86,9,2,9,88,9,6,9,0,9,60,9,11.,9,"","","","","","","","","","","","","","","","","","","","","","","","","","","","","","","","","","","","","","","","","","","","","","","","","","","","","","","","","","","","","","","","","","","","","","","","","","","","","","","","","","","","","","","","","","","","","","","","","","","","","","","","","","","","","","","","","","","",""
"47323004","VILLENEUVE-SUR-LOT",44.3975,0.764,59,2015112602,0.,1,"","",6.1,1,290,1,7.,1,290,1,139,9,10.5,1,290,1,115,9,"","","","","","","","","","","","","","","","",10.3,1,8.1,9,10.3,1,125,9,10.5,1,101,9,0,9,"","","","","","","","",9.3,9,"","","","","","",86,1,85,9,144,9,89,9,125,9,0,9,60,9,10.8,9,"","","","","","","","","","","","","","","","","","","","","","","","","","","","","","","","","","","","","","","","","","","","","","","","","","","","","","","","","","","","","","","","","","","","","","","","","","","","","","","","","","","","","","","","","","","","","","","","","","","","","","","","","","","","","","","","","","","",""
"47323004","VILLENEUVE-SUR-LOT",44.3975,0.764,59,2015112603,0.,1,"","",6.4,1,290,1,6.6,1,290,1,231,9,10.1,1,300,1,219,9,"","","","","","","","","","","","","","","","",10.3,1,8.1,9,10.3,1,201,9,10.4,1,228,9,0,9,"","","","","","","","",9.3,9,"","","","","","",86,1,85,9,231,9,88,9,251,9,0,9,60,9,10.8,9,"","","","","","","","","","","","","","","","","","","","","","","","","","","","","","","","","","","","","","","","","","","","","","","","","","","","","","","","","","","","","","","","","","","","","","","","","","","","","","","","","","","","","","","","","","","","","","","","","","","","","","","","","","","","","","","","","","","",""
"47323004","VILLENEUVE-SUR-LOT",44.3975,0.764,59,2015112604,0.,1,"","",4.8,1,300,1,6.5,1,290,1,301,9,8.9,1,300,1,339,9,"","","","","","","","","","","","","","","","",10.1,1,7.,9,10.1,1,355,9,10.3,1,301,9,0,9,"","","","","","","","",9.5,9,"","","","","","",81,1,80,9,349,9,88,9,320,9,0,9,60,9,10.,9,"","","","","","","","","","","","","","","","","","","","","","","","","","","","","","","","","","","","","","","","","","","","","","","","","","","","","","","","","","","","","","","","","","","","","","","","","","","","","","","","","","","","","","","","","","","","","","","","","","","","","","","","","","","","","","","","","","","",""
"47323004","VILLENEUVE-SUR-LOT",44.3975,0.764,59,2015112605,0.,1,"","",4.6,1,290,1,5.5,1,300,1,421,9,7.9,1,310,1,412,9,"","","","","","","","","","","","","","","","",9.7,1,7.4,9,9.7,1,451,9,10.1,1,401,9,0,9,"","","","","","","","",9.3,9,"","","","","","",86,1,81,9,402,9,87,9,448,9,0,9,60,9,10.3,9,"","","","","","","","","","","","","","","","","","","","","","","","","","","","","","","","","","","","","","","","","","","","","","","","","","","","","","","","","","","","","","","","","","","","","","","","","","","","","","","","","","","","","","","","","","","","","","","","","","","","","","","","","","","","","","","","","","","",""
"47323004","VILLENEUVE-SUR-LOT",44.3975,0.764,59,2015112606,0.2,1,"","",3.7,1,290,1,4.9,1,290,1,529,9,7.2,1,290,1,522,9,"","","","","","","","","","","","","","","","",9.5,1,7.6,9,9.5,1,600,9,9.7,1,501,9,0,9,"","","","","","","","",8.6,9,"","","","","","",88,1,85,9,502,9,89,9,530,9,0,9,60,9,10.4,9,"","","","","","","","","","","","","","","","","","","","","","","","","","","","","","","","","","","","","","","","","","","","","","","","","","","","","","","","","","","","","","","","","","","","","","","","","","","","","","","","","","","","","","","","","","","","","","","","","","","","","","","","","","","","","","","","","","","",""
"47323004","VILLENEUVE-SUR-LOT",44.3975,0.764,59,2015112607,0.,1,"","",4.1,1,290,1,4.4,1,290,1,653,9,6.3,1,280,1,646,9,"","","","","","","","","","","","","","","","",9.3,1,6.8,9,9.3,9,644,9,9.5,9,601,9,0,9,"","","","","","","","",8.5,9,"","","","","","",85,9,84,9,656,9,88,9,601,9,0,9,60,9,9.9,9,"","","","","","","","","","","","","","","","","","","","","","","","","","","","","","","","","","","","","","","","","","","","","","","","","","","","","","","","","","","","","","","","","","","","","","","","","","","","","","","","","","","","","","","","","","","","","","","","","","","","","","","","","","","","","","","","","","","",""
"47323004","VILLENEUVE-SUR-LOT",44.3975,0.764,59,2015112608,0.,1,"","",3.7,1,290,1,4.2,1,280,1,726,9,5.9,1,280,1,724,9,"","","","","","","","","","","","","","","","",9.2,1,7.1,9,9.2,1,710,9,9.3,1,701,9,0,9,"","","","","","","","",8.3,9,"","","","","","",87,1,84,9,707,9,89,9,752,9,0,9,60,9,10.1,9,"","","","","","","","","","","","","","","","","","","","","","","","","","","","","","","","","","","","","","","","","","","","","","","","","","","","","","","","","","","","","","","","","","","","","","","","","","","","","","","","","","","","","","","","","","","","","","","","","","","","","","","","","","","","","","","","","","","",""
"47323004","VILLENEUVE-SUR-LOT",44.3975,0.764,59,2015112609,0.,1,"","",3.9,1,290,1,4.1,1,290,1,803,9,6.1,1,290,1,842,9,"","","","","","","","","","","","","","","","",9.8,1,7.6,9,9.2,1,801,9,9.8,1,851,9,0,9,"","","","","","","","",8.9,9,"","","","","","",86,1,86,9,832,9,89,9,827,9,0,9,60,9,10.4,9,"","","","","","","","","","","","","","","","","","","","","","","","","","","","","","","","","","","","","","","","","","","","","","","","","","","","","","","","","","","","","","","","","","","","","","","","","","","","","","","","","","","","","","","","","","","","","","","","","","","","","","","","","","","","","","","","","","","",""
"47323004","VILLENEUVE-SUR-LOT",44.3975,0.764,59,2015112610,0.,1,"","",3.5,1,290,1,3.9,1,290,1,917,9,6.3,1,290,1,916,9,"","","","","","","","","","","","","","","","",10.2,1,8.1,9,9.9,1,901,9,10.2,1,958,9,0,9,"","","","","","","","",10.1,9,"","","","","","",87,1,85,9,904,9,88,9,910,9,0,9,60,9,10.8,9,"","","","","","","","","","","","","","","","","","","","","","","","","","","","","","","","","","","","","","","","","","","","","","","","","","","","","","","","","","","","","","","","","","","","","","","","","","","","","","","","","","","","","","","","","","","","","","","","","","","","","","","","","","","","","","","","","","","",""
"47323004","VILLENEUVE-SUR-LOT",44.3975,0.764,59,2015112611,0.,1,"","",2.6,1,20,1,4.1,1,350,1,1028,9,6.7,1,320,1,1021,9,"","","","","","","","","","","","","","","","",9.3,1,6.2,9,9.3,1,1040,9,10.4,1,1006,9,0,9,"","","","","","","","",9.6,9,"","","","","","",81,1,79,9,1024,9,88,9,1002,9,0,9,53,9,9.5,9,"","","","","","","","","","","","","","","","","","","","","","","","","","","","","","","","","","","","","","","","","","","","","","","","","","","","","","","","","","","","","","","","","","","","","","","","","","","","","","","","","","","","","","","","","","","","","","","","","","","","","","","","","","","","","","","","","","","",""
"47323004","VILLENEUVE-SUR-LOT",44.3975,0.764,59,2015112612,0.,1,"","",2.5,1,20,1,2.8,1,10,1,1111,9,4.9,1,20,1,1144,9,"","","","","","","","","","","","","","","","",8.8,1,6.2,9,8.8,1,1143,9,9.3,1,1101,9,0,9,"","","","","","","","",9.1,9,"","","","","","",84,1,80,9,1104,9,85,9,1130,9,0,9,60,9,9.5,9,"","","","","","","","","","","","","","","","","","","","","","","","","","","","","","","","","","","","","","","","","","","","","","","","","","","","","","","","","","","","","","","","","","","","","","","","","","","","","","","","","","","","","","","","","","","","","","","","","","","","","","","","","","","","","","","","","","","",""
"47323004","VILLENEUVE-SUR-LOT",44.3975,0.764,59,2015112613,0.,1,"","",2.7,1,340,1,2.7,1,20,1,1203,9,4.3,1,350,1,1300,9,"","","","","","","","","","","","","","","","",9.2,1,6.2,9,8.8,1,1201,9,9.2,1,1256,9,0,9,"","","","","","","","",9.1,9,"","","","","","",82,1,82,9,1239,9,87,9,1219,9,0,9,60,9,9.5,9,"","","","","","","","","","","","","","","","","","","","","","","","","","","","","","","","","","","","","","","","","","","","","","","","","","","","","","","","","","","","","","","","","","","","","","","","","","","","","","","","","","","","","","","","","","","","","","","","","","","","","","","","","","","","","","","","","","","",""
"47323004","VILLENEUVE-SUR-LOT",44.3975,0.764,59,2015112614,0.,1,"","",2.5,1,320,1,3.2,1,330,1,1321,9,5.3,1,340,1,1314,9,"","","","","","","","","","","","","","","","",9.3,1,5.8,9,9.,1,1323,9,9.3,1,1313,9,0,9,"","","","","","","","",9.5,9,"","","","","","",79,1,77,9,1351,9,82,9,1301,9,0,9,37,9,9.2,9,"","","","","","","","","","","","","","","","","","","","","","","","","","","","","","","","","","","","","","","","","","","","","","","","","","","","","","","","","","","","","","","","","","","","","","","","","","","","","","","","","","","","","","","","","","","","","","","","","","","","","","","","","","","","","","","","","","","",""
"47323004","VILLENEUVE-SUR-LOT",44.3975,0.764,59,2015112615,0.,1,"","",2.8,1,340,1,3.,1,310,1,1434,9,4.9,1,320,1,1402,9,"","","","","","","","","","","","","","","","",9.6,1,5.5,9,9.3,1,1401,9,9.8,1,1441,9,0,9,"","","","","","","","",9.7,9,"","","","","","",75,1,74,9,1416,9,79,9,1412,9,0,9,0,9,9.,9,"","","","","","","","","","","","","","","","","","","","","","","","","","","","","","","","","","","","","","","","","","","","","","","","","","","","","","","","","","","","","","","","","","","","","","","","","","","","","","","","","","","","","","","","","","","","","","","","","","","","","","","","","","","","","","","","","","","",""
"47323004","VILLENEUVE-SUR-LOT",44.3975,0.764,59,2015112616,0.,1,"","",2.,1,310,1,2.9,1,330,1,1505,9,4.2,1,320,1,1520,9,"","","","","","","","","","","","","","","","",8.2,1,5.3,9,8.2,1,1600,9,9.5,1,1501,9,0,9,"","","","","","","","",6.8,9,"","","","","","",82,1,75,9,1501,9,83,9,1555,9,0,9,24,9,8.9,9,"","","","","","","","","","","","","","","","","","","","","","","","","","","","","","","","","","","","","","","","","","","","","","","","","","","","","","","","","","","","","","","","","","","","","","","","","","","","","","","","","","","","","","","","","","","","","","","","","","","","","","","","","","","","","","","","","","","",""
"47323004","VILLENEUVE-SUR-LOT",44.3975,0.764,59,2015112617,0.,1,"","",1.5,1,280,1,2.7,1,300,1,1613,9,3.6,1,270,1,1621,9,"","","","","","","","","","","","","","","","",6.9,1,4.8,9,6.9,1,1659,9,8.1,1,1601,9,0,9,"","","","","","","","",4.,9,"","","","","","",87,1,83,9,1601,9,88,9,1637,9,0,9,60,9,8.6,9,"","","","","","","","","","","","","","","","","","","","","","","","","","","","","","","","","","","","","","","","","","","","","","","","","","","","","","","","","","","","","","","","","","","","","","","","","","","","","","","","","","","","","","","","","","","","","","","","","","","","","","","","","","","","","","","","","","","",""
"47323004","VILLENEUVE-SUR-LOT",44.3975,0.764,59,2015112618,0.,1,"","",0.7,1,280,1,1.8,1,280,1,1709,9,2.6,1,280,1,1735,9,"","","","","","","","","","","","","","","","",5.3,1,4.1,9,5.3,1,1758,9,6.8,1,1701,9,0,9,"","","","","","","","",1.6,9,"","","","","","",92,1,86,9,1701,9,93,9,1712,9,0,9,60,9,8.2,9,"","","","","","","","","","","","","","","","","","","","","","","","","","","","","","","","","","","","","","","","","","","","","","","","","","","","","","","","","","","","","","","","","","","","","","","","","","","","","","","","","","","","","","","","","","","","","","","","","","","","","","","","","","","","","","","","","","","",""
"47323004","VILLENEUVE-SUR-LOT",44.3975,0.764,59,2015112619,0.,1,"","",1.8,1,290,1,2.1,1,280,1,1848,9,3.,1,270,1,1846,9,"","","","","","","","","","","","","","","","",4.9,1,4.5,9,4.8,9,1856,9,5.5,9,1815,9,0,9,"","","","","","","","",1.3,9,"","","","","","",97,9,93,9,1801,9,98,9,1848,9,0,9,60,9,8.4,9,"","","","","","","","","","","","","","","","","","","","","","","","","","","","","","","","","","","","","","","","","","","","","","","","","","","","","","","","","","","","","","","","","","","","","","","","","","","","","","","","","","","","","","","","","","","","","","","","","","","","","","","","","","","","","","","","","","","",""
"47323004","VILLENEUVE-SUR-LOT",44.3975,0.764,59,2015112620,0.,1,"","",1.5,1,290,1,1.9,1,300,1,1902,9,2.3,1,290,1,1950,9,"","","","","","","","","","","","","","","","",5.9,1,5.3,9,4.9,1,1901,9,5.9,1,1957,9,0,9,"","","","","","","","",3.9,9,"","","","","","",96,1,95,9,1927,9,98,9,1906,9,0,9,60,9,8.9,9,"","","","","","","","","","","","","","","","","","","","","","","","","","","","","","","","","","","","","","","","","","","","","","","","","","","","","","","","","","","","","","","","","","","","","","","","","","","","","","","","","","","","","","","","","","","","","","","","","","","","","","","","","","","","","","","","","","","",""
"47323004","VILLENEUVE-SUR-LOT",44.3975,0.764,59,2015112621,0.,1,"","",0.6,1,240,1,1.6,1,290,1,2002,9,2.5,1,300,1,2001,9,"","","","","","","","","","","","","","","","",5.1,1,4.3,9,5.1,1,2100,9,6.2,1,2022,9,0,9,"","","","","","","","",1.2,9,"","","","","","",95,1,93,9,2034,9,97,9,2001,9,0,9,60,9,8.3,9,"","","","","","","","","","","","","","","","","","","","","","","","","","","","","","","","","","","","","","","","","","","","","","","","","","","","","","","","","","","","","","","","","","","","","","","","","","","","","","","","","","","","","","","","","","","","","","","","","","","","","","","","","","","","","","","","","","","",""
"47323004","VILLENEUVE-SUR-LOT",44.3975,0.764,59,2015112622,0.,1,"","",0.,1,0,1,0.6,1,230,1,2101,9,1.4,1,240,1,2124,9,"","","","","","","","","","","","","","","","",3.4,1,2.9,9,3.4,1,2158,9,5.1,1,2101,9,0,9,"","","","","","","","",-0.4,9,"","","","","","",96,1,94,9,2102,9,97,9,2134,9,0,9,60,9,7.5,9,"","","","","","","","","","","","","","","","","","","","","","","","","","","","","","","","","","","","","","","","","","","","","","","","","","","","","","","","","","","","","","","","","","","","","","","","","","","","","","","","","","","","","","","","","","","","","","","","","","","","","","","","","","","","","","","","","","","",""
"47323004","VILLENEUVE-SUR-LOT",44.3975,0.764,59,2015112623,0.,1,"","",0.9,1,90,1,0.9,1,90,1,2300,9,1.5,1,70,1,2300,9,"","","","","","","","","","","","","","","","",1.9,1,1.7,9,1.9,1,2247,9,3.3,1,2201,9,0,9,"","","","","","","","",-1.3,9,"","","","","","",98,1,95,9,2202,9,98,9,2235,9,0,9,60,9,6.9,9,"","","","","","","","","","","","","","","","","","","","","","","","","","","","","","","","","","","","","","","","","","","","","","","","","","","","","","","","","","","","","","","","","","","","","","","","","","","","","","","","","","","","","","","","","","","","","","","","","","","","","","","","","","","","","","","","","","","",""
"47323004","VILLENEUVE-SUR-LOT",44.3975,0.764,59,2015112700,0.,1,"","",0.,1,0,1,1.,1,100,1,2301,9,1.9,1,340,1,2318,9,"","","","","","","","","","","","","","","","",1.3,1,0.9,9,1.2,1,2353,9,1.9,1,2301,9,0,9,"","","","","","","","",-1.,9,"","","","","","",97,1,96,9,2312,9,99,9,2327,9,0,9,60,9,6.5,9,"","","","","","","","","","","","","","","","","","","","","","","","","","","","","","","","","","","","","","","","","","","","","","","","","","","","","","","","","","","","","","","","","","","","","","","","","","","","","","","","","","","","","","","","","","","","","","","","","","","","","","","","","","","","","","","","","","","",""
"47323004","VILLENEUVE-SUR-LOT",44.3975,0.764,59,2015112701,0.,1,"","",0.,1,0,1,1.5,1,90,1,38,9,2.3,1,100,1,34,9,"","","","","","","","","","","","","","","","",0.8,1,0.4,9,0.8,1,59,9,1.4,1,45,9,0,9,"","","","","","","","",-1.4,9,"","","","","","",98,1,97,9,2,9,100,9,36,9,0,9,60,9,6.3,9,"","","","","","","","","","","","","","","","","","","","","","","","","","","","","","","","","","","","","","","","","","","","","","","","","","","","","","","","","","","","","","","","","","","","","","","","","","","","","","","","","","","","","","","","","","","","","","","","","","","","","","","","","","","","","","","","","","","",""
"47323004","VILLENEUVE-SUR-LOT",44.3975,0.764,59,2015112702,0.,1,"","",0.5,1,90,1,0.5,1,90,1,159,9,1.1,1,100,1,157,9,"","","","","","","","","","","","","","","","",0.1,1,-0.3,9,0.1,1,149,9,1.,1,116,9,0,9,"","","","","","","","",-2.3,9,"","","","","","",98,1,97,9,105,9,100,9,139,9,0,9,60,9,6.,9,"","","","","","","","","","","","","","","","","","","","","","","","","","","","","","","","","","","","","","","","","","","","","","","","","","","","","","","","","","","","","","","","","","","","","","","","","","","","","","","","","","","","","","","","","","","","","","","","","","","","","","","","","","","","","","","","","","","",""
"47323004","VILLENEUVE-SUR-LOT",44.3975,0.764,59,2015112703,0.,1,"","",0.,1,0,1,1.,1,70,1,239,9,1.6,1,80,1,237,9,"","","","","","","","","","","","","","","","",0.,1,-0.3,9,0.,1,259,9,0.3,1,214,9,0,9,"","","","","","","","",-2.,9,"","","","","","",98,1,97,9,223,9,100,9,208,9,0,9,60,9,6.,9,"","","","","","","","","","","","","","","","","","","","","","","","","","","","","","","","","","","","","","","","","","","","","","","","","","","","","","","","","","","","","","","","","","","","","","","","","","","","","","","","","","","","","","","","","","","","","","","","","","","","","","","","","","","","","","","","","","","",""
"47323004","VILLENEUVE-SUR-LOT",44.3975,0.764,59,2015112704,0.,1,"","",0.5,1,260,1,0.6,1,80,1,318,9,1.,1,270,1,351,9,"","","","","","","","","","","","","","","","",-0.1,1,-0.3,9,-0.3,1,335,9,0.,1,301,9,52,9,"","","","","","","","",-1.1,9,"","","","","","",99,1,97,9,306,9,100,9,320,9,0,9,60,9,6.,9,"","","","","","","","","","","","","","","","","","","","","","","","","","","","","","","","","","","","","","","","","","","","","","","","","","","","","","","","","","","","","","","","","","","","","","","","","","","","","","","","","","","","","","","","","","","","","","","","","","","","","","","","","","","","","","","","","","","",""
"47323004","VILLENEUVE-SUR-LOT",44.3975,0.764,59,2015112705,0.,1,"","",0.,1,0,1,0.6,1,210,1,407,9,1.1,1,90,1,458,9,"","","","","","","","","","","","","","","","",0.3,1,0.,9,-0.1,1,401,9,0.3,1,447,9,15,9,"","","","","","","","",0.,9,"","","","","","",98,1,97,9,440,9,100,9,424,9,0,9,60,9,6.1,9,"","","","","","","","","","","","","","","","","","","","","","","","","","","","","","","","","","","","","","","","","","","","","","","","","","","","","","","","","","","","","","","","","","","","","","","","","","","","","","","","","","","","","","","","","","","","","","","","","","","","","","","","","","","","","","","","","","","",""
"47323004","VILLENEUVE-SUR-LOT",44.3975,0.764,59,2015112706,0.,1,"","",0.,1,0,1,1.6,1,80,1,533,9,2.2,1,80,1,531,9,"","","","","","","","","","","","","","","","",0.1,1,0.,9,0.1,1,533,9,0.3,1,501,9,0,9,"","","","","","","","",0.3,9,"","","","","","",99,1,98,9,501,9,100,9,508,9,0,9,60,9,6.1,9,"","","","","","","","","","","","","","","","","","","","","","","","","","","","","","","","","","","","","","","","","","","","","","","","","","","","","","","","","","","","","","","","","","","","","","","","","","","","","","","","","","","","","","","","","","","","","","","","","","","","","","","","","","","","","","","","","","","",""
"47323004","VILLENEUVE-SUR-LOT",44.3975,0.764,59,2015112707,0.,1,"","",0.,1,0,1,0.8,1,120,1,639,9,1.3,1,110,1,622,9,"","","","","","","","","","","","","","","","",0.2,1,0.,9,0.1,9,601,9,0.3,9,618,9,0,9,"","","","","","","","",0.5,9,"","","","","","",98,9,98,9,609,9,100,9,612,9,0,9,60,9,6.1,9,"","","","","","","","","","","","","","","","","","","","","","","","","","","","","","","","","","","","","","","","","","","","","","","","","","","","","","","","","","","","","","","","","","","","","","","","","","","","","","","","","","","","","","","","","","","","","","","","","","","","","","","","","","","","","","","","","","","",""
"47323004","VILLENEUVE-SUR-LOT",44.3975,0.764,59,2015112708,0.,1,"","",0.,1,0,1,0.9,1,90,1,745,9,1.3,1,90,1,736,9,"","","","","","","","","","","","","","","","",0.,1,0.,9,-0.1,1,750,9,0.2,1,701,9,9,9,"","","","","","","","",0.5,9,"","","","","","",99,1,98,9,704,9,100,9,702,9,0,9,60,9,6.1,9,"","","","","","","","","","","","","","","","","","","","","","","","","","","","","","","","","","","","","","","","","","","","","","","","","","","","","","","","","","","","","","","","","","","","","","","","","","","","","","","","","","","","","","","","","","","","","","","","","","","","","","","","","","","","","","","","","","","",""
"47323004","VILLENEUVE-SUR-LOT",44.3975,0.764,59,2015112709,0.2,1,"","",0.,1,0,1,0.5,1,110,1,844,9,1.2,1,100,1,843,9,"","","","","","","","","","","","","","","","",0.7,1,0.4,9,0.,1,801,9,0.7,1,843,9,0,9,"","","","","","","","",1.,9,"","","","","","",98,1,98,9,808,9,100,9,801,9,0,9,60,9,6.3,9,"","","","","","","","","","","","","","","","","","","","","","","","","","","","","","","","","","","","","","","","","","","","","","","","","","","","","","","","","","","","","","","","","","","","","","","","","","","","","","","","","","","","","","","","","","","","","","","","","","","","","","","","","","","","","","","","","","","",""
"47323004","VILLENEUVE-SUR-LOT",44.3975,0.764,59,2015112710,0.,1,"","",0.5,1,60,1,0.5,1,90,1,921,9,1.3,1,50,1,924,9,"","","","","","","","","","","","","","","","",2.1,1,1.9,9,0.8,1,901,9,2.1,1,954,9,0,9,"","","","","","","","",2.6,9,"","","","","","",98,1,98,9,933,9,100,9,907,9,0,9,60,9,7.,9,"","","","","","","","","","","","","","","","","","","","","","","","","","","","","","","","","","","","","","","","","","","","","","","","","","","","","","","","","","","","","","","","","","","","","","","","","","","","","","","","","","","","","","","","","","","","","","","","","","","","","","","","","","","","","","","","","","","",""
"47323004","VILLENEUVE-SUR-LOT",44.3975,0.764,59,2015112711,0.,1,"","",0.7,1,290,1,0.7,1,300,1,1058,9,1.4,1,290,1,1053,9,"","","","","","","","","","","","","","","","",3.6,1,3.2,9,2.1,1,1002,9,3.6,1,1052,9,0,9,"","","","","","","","",4.5,9,"","","","","","",98,1,98,9,1014,9,100,9,1001,9,0,9,60,9,7.7,9,"","","","","","","","","","","","","","","","","","","","","","","","","","","","","","","","","","","","","","","","","","","","","","","","","","","","","","","","","","","","","","","","","","","","","","","","","","","","","","","","","","","","","","","","","","","","","","","","","","","","","","","","","","","","","","","","","","","",""
"47323004","VILLENEUVE-SUR-LOT",44.3975,0.764,59,2015112712,0.,1,"","",0.6,1,260,1,0.7,1,280,1,1101,9,2.3,1,240,1,1155,9,"","","","","","","","","","","","","","","","",6.7,1,6.4,9,3.7,1,1101,9,6.7,1,1200,9,0,9,"","","","","","","","",6.6,9,"","","","","","",98,1,97,9,1156,9,100,9,1110,9,0,9,60,9,9.6,9,"","","","","","","","","","","","","","","","","","","","","","","","","","","","","","","","","","","","","","","","","","","","","","","","","","","","","","","","","","","","","","","","","","","","","","","","","","","","","","","","","","","","","","","","","","","","","","","","","","","","","","","","","","","","","","","","","","","",""
"47323004","VILLENEUVE-SUR-LOT",44.3975,0.764,59,2015112713,0.,1,"","",2.3,1,280,1,2.4,1,290,1,1253,9,3.4,1,300,1,1245,9,"","","","","","","","","","","","","","","","",8.7,1,5.,9,6.6,1,1205,9,8.7,1,1259,9,0,9,"","","","","","","","",12.4,9,"","","","","","",77,1,77,9,1300,9,98,9,1201,9,0,9,53,9,8.7,9,"","","","","","","","","","","","","","","","","","","","","","","","","","","","","","","","","","","","","","","","","","","","","","","","","","","","","","","","","","","","","","","","","","","","","","","","","","","","","","","","","","","","","","","","","","","","","","","","","","","","","","","","","","","","","","","","","","","",""
"47323004","VILLENEUVE-SUR-LOT",44.3975,0.764,59,2015112714,0.,1,"","",2.1,1,280,1,2.9,1,290,1,1319,9,4.2,1,280,1,1332,9,"","","","","","","","","","","","","","","","",10.2,1,4.1,9,8.8,1,1301,9,10.2,1,1359,9,0,9,"","","","","","","","",12.8,9,"","","","","","",66,1,64,9,1341,9,80,9,1301,9,0,9,1,9,8.2,9,"","","","","","","","","","","","","","","","","","","","","","","","","","","","","","","","","","","","","","","","","","","","","","","","","","","","","","","","","","","","","","","","","","","","","","","","","","","","","","","","","","","","","","","","","","","","","","","","","","","","","","","","","","","","","","","","","","","",""
"47323004","VILLENEUVE-SUR-LOT",44.3975,0.764,59,2015112715,0.,1,"","",1.4,1,270,1,2.3,1,280,1,1401,9,4.5,1,300,1,1401,9,"","","","","","","","","","","","","","","","",9.4,1,3.6,9,9.4,1,1500,9,10.5,1,1421,9,0,9,"","","","","","","","",9.3,9,"","","","","","",67,1,60,9,1430,9,68,9,1457,9,0,9,0,9,7.9,9,"","","","","","","","","","","","","","","","","","","","","","","","","","","","","","","","","","","","","","","","","","","","","","","","","","","","","","","","","","","","","","","","","","","","","","","","","","","","","","","","","","","","","","","","","","","","","","","","","","","","","","","","","","","","","","","","","","","",""
"47323004","VILLENEUVE-SUR-LOT",44.3975,0.764,59,2015112716,0.,1,"","",0.,1,0,1,1.3,1,270,1,1501,9,1.7,1,260,1,1504,9,"","","","","","","","","","","","","","","","",9.,1,4.6,9,9.,1,1556,9,9.4,1,1501,9,0,9,"","","","","","","","",8.2,9,"","","","","","",74,1,67,9,1523,9,77,9,1549,9,0,9,0,9,8.5,9,"","","","","","","","","","","","","","","","","","","","","","","","","","","","","","","","","","","","","","","","","","","","","","","","","","","","","","","","","","","","","","","","","","","","","","","","","","","","","","","","","","","","","","","","","","","","","","","","","","","","","","","","","","","","","","","","","","","",""
"47323004","VILLENEUVE-SUR-LOT",44.3975,0.764,59,2015112717,0.,1,"","",0.,1,0,1,0.9,1,160,1,1628,9,2.8,1,110,1,1608,9,"","","","","","","","","","","","","","","","",8.,1,5.,9,8.,1,1700,9,9.,1,1601,9,0,9,"","","","","","","","",6.9,9,"","","","","","",81,1,70,9,1611,9,82,9,1641,9,0,9,20,9,8.7,9,"","","","","","","","","","","","","","","","","","","","","","","","","","","","","","","","","","","","","","","","","","","","","","","","","","","","","","","","","","","","","","","","","","","","","","","","","","","","","","","","","","","","","","","","","","","","","","","","","","","","","","","","","","","","","","","","","","","",""
"47323004","VILLENEUVE-SUR-LOT",44.3975,0.764,59,2015112718,0.,1,"","",0.,1,0,1,0.7,1,100,1,1710,9,1.2,1,100,1,1709,9,"","","","","","","","","","","","","","","","",7.6,1,5.8,9,7.6,1,1734,9,8.,1,1701,9,0,9,"","","","","","","","",6.8,9,"","","","","","",88,1,82,9,1701,9,88,9,1759,9,0,9,60,9,9.2,9,"","","","","","","","","","","","","","","","","","","","","","","","","","","","","","","","","","","","","","","","","","","","","","","","","","","","","","","","","","","","","","","","","","","","","","","","","","","","","","","","","","","","","","","","","","","","","","","","","","","","","","","","","","","","","","","","","","","",""
"47323004","VILLENEUVE-SUR-LOT",44.3975,0.764,59,2015112719,0.,1,"","",1.4,1,70,1,1.4,1,70,1,1859,9,1.9,1,100,1,1900,9,"","","","","","","","","","","","","","","","",7.6,1,5.3,9,7.4,9,1825,9,7.6,9,1801,9,0,9,"","","","","","","","",6.8,9,"","","","","","",85,9,84,9,1858,9,91,9,1813,9,0,9,60,9,8.9,9,"","","","","","","","","","","","","","","","","","","","","","","","","","","","","","","","","","","","","","","","","","","","","","","","","","","","","","","","","","","","","","","","","","","","","","","","","","","","","","","","","","","","","","","","","","","","","","","","","","","","","","","","","","","","","","","","","","","",""
"47323004","VILLENEUVE-SUR-LOT",44.3975,0.764,59,2015112720,0.,1,"","",0.,1,0,1,1.5,1,70,1,1901,9,2.,1,90,1,1906,9,"","","","","","","","","","","","","","","","",7.5,1,5.6,9,7.5,1,1907,9,7.6,1,1901,9,0,9,"","","","","","","","",7.1,9,"","","","","","",88,1,86,9,1901,9,89,9,1950,9,0,9,60,9,9.1,9,"","","","","","","","","","","","","","","","","","","","","","","","","","","","","","","","","","","","","","","","","","","","","","","","","","","","","","","","","","","","","","","","","","","","","","","","","","","","","","","","","","","","","","","","","","","","","","","","","","","","","","","","","","","","","","","","","","","",""
"47323004","VILLENEUVE-SUR-LOT",44.3975,0.764,59,2015112721,0.,1,"","",1.2,1,60,1,1.3,1,50,1,2050,9,1.6,1,40,1,2045,9,"","","","","","","","","","","","","","","","",7.6,1,5.8,9,7.5,1,2001,9,7.7,1,2036,9,0,9,"","","","","","","","",7.1,9,"","","","","","",88,1,86,9,2021,9,90,9,2012,9,0,9,60,9,9.2,9,"","","","","","","","","","","","","","","","","","","","","","","","","","","","","","","","","","","","","","","","","","","","","","","","","","","","","","","","","","","","","","","","","","","","","","","","","","","","","","","","","","","","","","","","","","","","","","","","","","","","","","","","","","","","","","","","","","","",""
"47323004","VILLENEUVE-SUR-LOT",44.3975,0.764,59,2015112722,0.,1,"","",0.,1,0,1,1.5,1,120,1,2136,9,2.,1,110,1,2134,9,"","","","","","","","","","","","","","","","",7.8,1,6.1,9,7.5,1,2108,9,7.8,1,2141,9,0,9,"","","","","","","","",7.2,9,"","","","","","",89,1,87,9,2141,9,91,9,2130,9,0,9,60,9,9.4,9,"","","","","","","","","","","","","","","","","","","","","","","","","","","","","","","","","","","","","","","","","","","","","","","","","","","","","","","","","","","","","","","","","","","","","","","","","","","","","","","","","","","","","","","","","","","","","","","","","","","","","","","","","","","","","","","","","","","",""
"47323004","VILLENEUVE-SUR-LOT",44.3975,0.764,59,2015112723,0.,1,"","",1.1,1,70,1,1.3,1,70,1,2212,9,2.3,1,60,1,2211,9,"","","","","","","","","","","","","","","","",7.8,1,6.7,9,7.7,1,2233,9,7.9,1,2201,9,0,9,"","","","","","","","",7.5,9,"","","","","","",93,1,89,9,2201,9,94,9,2256,9,0,9,60,9,9.8,9,"","","","","","","","","","","","","","","","","","","","","","","","","","","","","","","","","","","","","","","","","","","","","","","","","","","","","","","","","","","","","","","","","","","","","","","","","","","","","","","","","","","","","","","","","","","","","","","","","","","","","","","","","","","","","","","","","","","",""
"47323004","VILLENEUVE-SUR-LOT",44.3975,0.764,59,2015112800,0.6,1,"","",0.,1,0,1,1.2,1,80,1,2308,9,1.9,1,80,1,2308,9,"","","","","","","","","","","","","","","","",8.1,1,7.6,9,7.9,1,2301,9,8.1,1,2316,9,0,9,"","","","","","","","",7.6,9,"","","","","","",96,1,92,9,2302,9,97,9,2349,9,0,9,60,9,10.4,9,"","","","","","","","","","","","","","","","","","","","","","","","","","","","","","","","","","","","","","","","","","","","","","","","","","","","","","","","","","","","","","","","","","","","","","","","","","","","","","","","","","","","","","","","","","","","","","","","","","","","","","","","","","","","","","","","","","","",""
"47323004","VILLENEUVE-SUR-LOT",44.3975,0.764,59,2015112801,0.,1,"","",0.6,1,70,1,1.1,1,100,1,47,9,1.4,1,110,1,41,9,"","","","","","","","","","","","","","","","",8.2,1,7.8,9,8.1,1,1,9,8.2,1,13,9,0,9,"","","","","","","","",8.,9,"","","","","","",98,1,95,9,1,9,98,9,16,9,0,9,60,9,10.6,9,"","","","","","","","","","","","","","","","","","","","","","","","","","","","","","","","","","","","","","","","","","","","","","","","","","","","","","","","","","","","","","","","","","","","","","","","","","","","","","","","","","","","","","","","","","","","","","","","","","","","","","","","","","","","","","","","","","","",""
"47323004","VILLENEUVE-SUR-LOT",44.3975,0.764,59,2015112802,0.,1,"","",0.,1,0,1,0.8,1,50,1,110,9,1.1,1,30,1,104,9,"","","","","","","","","","","","","","","","",8.3,1,8.,9,8.2,1,101,9,8.3,1,147,9,0,9,"","","","","","","","",8.1,9,"","","","","","",98,1,96,9,101,9,99,9,116,9,0,9,60,9,10.7,9,"","","","","","","","","","","","","","","","","","","","","","","","","","","","","","","","","","","","","","","","","","","","","","","","","","","","","","","","","","","","","","","","","","","","","","","","","","","","","","","","","","","","","","","","","","","","","","","","","","","","","","","","","","","","","","","","","","","",""
"47323004","VILLENEUVE-SUR-LOT",44.3975,0.764,59,2015112803,0.,1,"","",0.,1,0,1,0.5,1,110,1,201,9,0.8,1,60,1,230,9,"","","","","","","","","","","","","","","","",8.6,1,8.3,9,8.3,1,201,9,8.6,1,253,9,0,9,"","","","","","","","",8.3,9,"","","","","","",98,1,96,9,257,9,99,9,250,9,0,9,60,9,10.9,9,"","","","","","","","","","","","","","","","","","","","","","","","","","","","","","","","","","","","","","","","","","","","","","","","","","","","","","","","","","","","","","","","","","","","","","","","","","","","","","","","","","","","","","","","","","","","","","","","","","","","","","","","","","","","","","","","","","","",""
"47323004","VILLENEUVE-SUR-LOT",44.3975,0.764,59,2015112804,1.2,1,"","",3.8,1,280,1,3.8,1,270,1,359,9,6.,1,280,1,357,9,"","","","","","","","","","","","","","","","",10.2,1,9.8,9,8.6,1,301,9,10.3,1,354,9,0,9,"","","","","","","","",8.7,9,"","","","","","",97,1,97,9,301,9,99,9,312,9,0,9,60,9,12.1,9,"","","","","","","","","","","","","","","","","","","","","","","","","","","","","","","","","","","","","","","","","","","","","","","","","","","","","","","","","","","","","","","","","","","","","","","","","","","","","","","","","","","","","","","","","","","","","","","","","","","","","","","","","","","","","","","","","","","",""
"47323004","VILLENEUVE-SUR-LOT",44.3975,0.764,59,2015112805,0.2,1,"","",5.5,1,290,1,6.3,1,280,1,450,9,10.6,1,300,1,444,9,"","","","","","","","","","","","","","","","",10.,1,8.,9,10.,1,458,9,10.4,1,423,9,0,9,"","","","","","","","",9.,9,"","","","","","",87,1,87,9,500,9,98,9,401,9,0,9,60,9,10.7,9,"","","","","","","","","","","","","","","","","","","","","","","","","","","","","","","","","","","","","","","","","","","","","","","","","","","","","","","","","","","","","","","","","","","","","","","","","","","","","","","","","","","","","","","","","","","","","","","","","","","","","","","","","","","","","","","","","","","",""
"47323004","VILLENEUVE-SUR-LOT",44.3975,0.764,59,2015112806,0.,1,"","",6.3,1,300,1,7.3,1,300,1,528,9,11.4,1,310,1,521,9,"","","","","","","","","","","","","","","","",9.5,1,6.7,9,9.5,1,542,9,10.,1,501,9,0,9,"","","","","","","","",8.3,9,"","","","","","",83,1,83,9,557,9,89,9,514,9,0,9,60,9,9.8,9,"","","","","","","","","","","","","","","","","","","","","","","","","","","","","","","","","","","","","","","","","","","","","","","","","","","","","","","","","","","","","","","","","","","","","","","","","","","","","","","","","","","","","","","","","","","","","","","","","","","","","","","","","","","","","","","","","","","",""
"47323004","VILLENEUVE-SUR-LOT",44.3975,0.764,59,2015112807,0.,1,"","",5.2,1,290,1,7.6,1,310,1,617,9,12.,1,300,1,617,9,"","","","","","","","","","","","","","","","",8.6,1,6.7,9,8.6,9,658,9,9.5,9,601,9,0,9,"","","","","","","","",8.,9,"","","","","","",88,9,83,9,602,9,89,9,658,9,0,9,60,9,9.8,9,"","","","","","","","","","","","","","","","","","","","","","","","","","","","","","","","","","","","","","","","","","","","","","","","","","","","","","","","","","","","","","","","","","","","","","","","","","","","","","","","","","","","","","","","","","","","","","","","","","","","","","","","","","","","","","","","","","","",""
"47323004","VILLENEUVE-SUR-LOT",44.3975,0.764,59,2015112808,0.,1,"","",5.4,1,290,1,5.7,1,290,1,750,9,8.4,1,290,1,747,9,"","","","","","","","","","","","","","","","",8.5,1,6.8,9,8.4,1,739,9,8.6,1,701,9,0,9,"","","","","","","","",7.9,9,"","","","","","",89,1,88,9,707,9,91,9,740,9,0,9,60,9,9.9,9,"","","","","","","","","","","","","","","","","","","","","","","","","","","","","","","","","","","","","","","","","","","","","","","","","","","","","","","","","","","","","","","","","","","","","","","","","","","","","","","","","","","","","","","","","","","","","","","","","","","","","","","","","","","","","","","","","","","",""
"47323004","VILLENEUVE-SUR-LOT",44.3975,0.764,59,2015112809,0.,1,"","",5.4,1,300,1,5.8,1,300,1,813,9,9.4,1,300,1,813,9,"","","","","","","","","","","","","","","","",8.3,1,5.,9,8.1,1,841,9,8.5,1,801,9,0,9,"","","","","","","","",7.9,9,"","","","","","",80,1,79,9,858,9,88,9,801,9,0,9,59,9,8.7,9,"","","","","","","","","","","","","","","","","","","","","","","","","","","","","","","","","","","","","","","","","","","","","","","","","","","","","","","","","","","","","","","","","","","","","","","","","","","","","","","","","","","","","","","","","","","","","","","","","","","","","","","","","","","","","","","","","","","",""
"47323004","VILLENEUVE-SUR-LOT",44.3975,0.764,59,2015112810,0.,1,"","",5.3,1,310,1,6.,1,310,1,926,9,9.8,1,300,1,937,9,"","","","","","","","","","","","","","","","",8.4,1,5.,9,8.,1,910,9,8.7,1,943,9,0,9,"","","","","","","","",8.1,9,"","","","","","",79,1,76,9,950,9,82,9,902,9,0,9,15,9,8.7,9,"","","","","","","","","","","","","","","","","","","","","","","","","","","","","","","","","","","","","","","","","","","","","","","","","","","","","","","","","","","","","","","","","","","","","","","","","","","","","","","","","","","","","","","","","","","","","","","","","","","","","","","","","","","","","","","","","","","",""
"47323004","VILLENEUVE-SUR-LOT",44.3975,0.764,59,2015112811,0.,1,"","",5.,1,300,1,5.5,1,300,1,1023,9,8.7,1,310,1,1014,9,"","","","","","","","","","","","","","","","",9.4,1,4.6,9,8.5,1,1001,9,9.4,1,1100,9,0,9,"","","","","","","","",9.4,9,"","","","","","",72,1,72,9,1100,9,80,9,1001,9,0,9,2,9,8.5,9,"","","","","","","","","","","","","","","","","","","","","","","","","","","","","","","","","","","","","","","","","","","","","","","","","","","","","","","","","","","","","","","","","","","","","","","","","","","","","","","","","","","","","","","","","","","","","","","","","","","","","","","","","","","","","","","","","","","",""
"47323004","VILLENEUVE-SUR-LOT",44.3975,0.764,59,2015112812,0.,1,"","",4.,1,280,1,4.7,1,310,1,1101,9,7.7,1,300,1,1121,9,"","","","","","","","","","","","","","","","",9.9,1,4.5,9,9.,1,1136,9,9.9,1,1200,9,0,9,"","","","","","","","",9.4,9,"","","","","","",69,1,66,9,1150,9,74,9,1117,9,0,9,0,9,8.4,9,"","","","","","","","","","","","","","","","","","","","","","","","","","","","","","","","","","","","","","","","","","","","","","","","","","","","","","","","","","","","","","","","","","","","","","","","","","","","","","","","","","","","","","","","","","","","","","","","","","","","","","","","","","","","","","","","","","","",""
"47323004","VILLENEUVE-SUR-LOT",44.3975,0.764,59,2015112813,0.,1,"","",4.1,1,280,1,4.9,1,300,1,1244,9,7.2,1,280,1,1235,9,"","","","","","","","","","","","","","","","",10.6,1,2.1,9,9.2,1,1211,9,10.6,1,1257,9,0,9,"","","","","","","","",9.5,9,"","","","","","",56,1,56,9,1258,9,69,9,1204,9,0,9,0,9,7.1,9,"","","","","","","","","","","","","","","","","","","","","","","","","","","","","","","","","","","","","","","","","","","","","","","","","","","","","","","","","","","","","","","","","","","","","","","","","","","","","","","","","","","","","","","","","","","","","","","","","","","","","","","","","","","","","","","","","","","",""
"47323004","VILLENEUVE-SUR-LOT",44.3975,0.764,59,2015112814,0.,1,"","",4.8,1,300,1,4.8,1,290,1,1329,9,8.2,1,310,1,1400,9,"","","","","","","","","","","","","","","","",11.,1,1.3,9,10.6,1,1301,9,11.4,1,1345,9,0,9,"","","","","","","","",11.5,9,"","","","","","",51,1,50,9,1347,9,58,9,1319,9,0,9,0,9,6.7,9,"","","","","","","","","","","","","","","","","","","","","","","","","","","","","","","","","","","","","","","","","","","","","","","","","","","","","","","","","","","","","","","","","","","","","","","","","","","","","","","","","","","","","","","","","","","","","","","","","","","","","","","","","","","","","","","","","","","",""
"47323004","VILLENEUVE-SUR-LOT",44.3975,0.764,59,2015112815,0.,1,"","",2.7,1,290,1,5.2,1,300,1,1403,9,6.9,1,290,1,1402,9,"","","","","","","","","","","","","","","","",9.9,1,1.7,9,9.9,1,1436,9,11.,1,1401,9,0,9,"","","","","","","","",9.4,9,"","","","","","",57,1,51,9,1401,9,61,9,1454,9,0,9,0,9,6.9,9,"","","","","","","","","","","","","","","","","","","","","","","","","","","","","","","","","","","","","","","","","","","","","","","","","","","","","","","","","","","","","","","","","","","","","","","","","","","","","","","","","","","","","","","","","","","","","","","","","","","","","","","","","","","","","","","","","","","",""
"47323004","VILLENEUVE-SUR-LOT",44.3975,0.764,59,2015112816,0.,1,"","",2.3,1,260,1,4.1,1,290,1,1506,9,6.5,1,280,1,1501,9,"","","","","","","","","","","","","","","","",9.2,1,2.1,9,9.2,1,1559,9,10.2,1,1529,9,0,9,"","","","","","","","",7.3,9,"","","","","","",61,1,55,9,1528,9,61,9,1600,9,0,9,0,9,7.1,9,"","","","","","","","","","","","","","","","","","","","","","","","","","","","","","","","","","","","","","","","","","","","","","","","","","","","","","","","","","","","","","","","","","","","","","","","","","","","","","","","","","","","","","","","","","","","","","","","","","","","","","","","","","","","","","","","","","","",""
"47323004","VILLENEUVE-SUR-LOT",44.3975,0.764,59,2015112817,0.,1,"","",0.,1,0,1,2.4,1,260,1,1605,9,3.3,1,260,1,1601,9,"","","","","","","","","","","","","","","","",6.1,1,2.1,9,6.1,1,1700,9,9.1,1,1601,9,0,9,"","","","","","","","",1.2,9,"","","","","","",76,1,60,9,1601,9,76,9,1658,9,0,9,0,9,7.1,9,"","","","","","","","","","","","","","","","","","","","","","","","","","","","","","","","","","","","","","","","","","","","","","","","","","","","","","","","","","","","","","","","","","","","","","","","","","","","","","","","","","","","","","","","","","","","","","","","","","","","","","","","","","","","","","","","","","","",""
"47323004","VILLENEUVE-SUR-LOT",44.3975,0.764,59,2015112818,0.,1,"","",0.,1,0,1,0.5,1,160,1,1717,9,0.9,1,140,1,1711,9,"","","","","","","","","","","","","","","","",4.6,1,2.3,9,4.2,1,1733,9,6.1,1,1701,9,0,9,"","","","","","","","",0.6,9,"","","","","","",85,1,75,9,1712,9,86,9,1737,9,0,9,40,9,7.2,9,"","","","","","","","","","","","","","","","","","","","","","","","","","","","","","","","","","","","","","","","","","","","","","","","","","","","","","","","","","","","","","","","","","","","","","","","","","","","","","","","","","","","","","","","","","","","","","","","","","","","","","","","","","","","","","","","","","","",""
"47323004","VILLENEUVE-SUR-LOT",44.3975,0.764,59,2015112819,0.,1,"","",0.7,1,110,1,0.7,1,100,1,1857,9,1.,1,110,1,1855,9,"","","","","","","","","","","","","","","","",5.3,1,3.8,9,4.6,9,1801,9,5.3,9,1851,9,0,9,"","","","","","","","",3.9,9,"","","","","","",90,9,85,9,1810,9,90,9,1833,9,0,9,60,9,8.,9,"","","","","","","","","","","","","","","","","","","","","","","","","","","","","","","","","","","","","","","","","","","","","","","","","","","","","","","","","","","","","","","","","","","","","","","","","","","","","","","","","","","","","","","","","","","","","","","","","","","","","","","","","","","","","","","","","","","",""
"47323004","VILLENEUVE-SUR-LOT",44.3975,0.764,59,2015112820,0.,1,"","",0.6,1,90,1,0.7,1,110,1,1901,9,1.1,1,360,1,1911,9,"","","","","","","","","","","","","","","","",5.,1,3.4,9,4.9,1,1955,9,5.6,1,1918,9,0,9,"","","","","","","","",2.2,9,"","","","","","",90,1,87,9,1927,9,92,9,1913,9,0,9,60,9,7.8,9,"","","","","","","","","","","","","","","","","","","","","","","","","","","","","","","","","","","","","","","","","","","","","","","","","","","","","","","","","","","","","","","","","","","","","","","","","","","","","","","","","","","","","","","","","","","","","","","","","","","","","","","","","","","","","","","","","","","",""
"47323004","VILLENEUVE-SUR-LOT",44.3975,0.764,59,2015112821,0.,1,"","",0.,1,0,1,1.,1,80,1,2007,9,1.5,1,70,1,2002,9,"","","","","","","","","","","","","","","","",4.9,1,3.4,9,4.8,1,2024,9,5.1,1,2002,9,0,9,"","","","","","","","",3.,9,"","","","","","",90,1,89,9,2004,9,92,9,2013,9,0,9,60,9,7.8,9,"","","","","","","","","","","","","","","","","","","","","","","","","","","","","","","","","","","","","","","","","","","","","","","","","","","","","","","","","","","","","","","","","","","","","","","","","","","","","","","","","","","","","","","","","","","","","","","","","","","","","","","","","","","","","","","","","","","",""
"47323004","VILLENEUVE-SUR-LOT",44.3975,0.764,59,2015112822,0.,1,"","",0.,1,0,1,1.3,1,40,1,2125,9,2.3,1,160,1,2141,9,"","","","","","","","","","","","","","","","",4.7,1,3.,9,4.7,1,2158,9,5.2,1,2110,9,0,9,"","","","","","","","",2.,9,"","","","","","",89,1,87,9,2123,9,91,9,2101,9,0,9,60,9,7.6,9,"","","","","","","","","","","","","","","","","","","","","","","","","","","","","","","","","","","","","","","","","","","","","","","","","","","","","","","","","","","","","","","","","","","","","","","","","","","","","","","","","","","","","","","","","","","","","","","","","","","","","","","","","","","","","","","","","","","",""
"47323004","VILLENEUVE-SUR-LOT",44.3975,0.764,59,2015112823,0.,1,"","",0.6,1,70,1,1.2,1,90,1,2243,9,1.7,1,70,1,2248,9,"","","","","","","","","","","","","","","","",4.2,1,3.4,9,3.5,1,2224,9,4.6,1,2201,9,0,9,"","","","","","","","",0.9,9,"","","","","","",95,1,88,9,2203,9,97,9,2239,9,0,9,60,9,7.8,9,"","","","","","","","","","","","","","","","","","","","","","","","","","","","","","","","","","","","","","","","","","","","","","","","","","","","","","","","","","","","","","","","","","","","","","","","","","","","","","","","","","","","","","","","","","","","","","","","","","","","","","","","","","","","","","","","","","","",""
"47323004","VILLENEUVE-SUR-LOT",44.3975,0.764,59,2015112900,0.,1,"","",0.7,1,60,1,1.3,1,70,1,2319,9,1.8,1,60,1,2314,9,"","","","","","","","","","","","","","","","",3.9,1,3.2,9,3.9,1,2351,9,4.4,1,2311,9,0,9,"","","","","","","","",0.8,9,"","","","","","",96,1,93,9,2319,9,96,9,2333,9,0,9,60,9,7.7,9,"","","","","","","","","","","","","","","","","","","","","","","","","","","","","","","","","","","","","","","","","","","","","","","","","","","","","","","","","","","","","","","","","","","","","","","","","","","","","","","","","","","","","","","","","","","","","","","","","","","","","","","","","","","","","","","","","","","",""
"47323004","VILLENEUVE-SUR-LOT",44.3975,0.764,59,2015112901,0.,1,"","",1.,1,90,1,1.,1,100,1,17,9,1.4,1,90,1,58,9,"","","","","","","","","","","","","","","","",4.1,1,3.6,9,3.5,1,33,9,4.1,1,57,9,0,9,"","","","","","","","",1.3,9,"","","","","","",97,1,93,9,31,9,97,9,8,9,0,9,60,9,7.9,9,"","","","","","","","","","","","","","","","","","","","","","","","","","","","","","","","","","","","","","","","","","","","","","","","","","","","","","","","","","","","","","","","","","","","","","","","","","","","","","","","","","","","","","","","","","","","","","","","","","","","","","","","","","","","","","","","","","","",""
"47323004","VILLENEUVE-SUR-LOT",44.3975,0.764,59,2015112902,0.,1,"","",0.9,1,150,1,1.,1,100,1,101,9,2.2,1,190,1,200,9,"","","","","","","","","","","","","","","","",4.7,1,4.1,9,4.1,1,101,9,4.7,1,153,9,0,9,"","","","","","","","",3.1,9,"","","","","","",96,1,95,9,114,9,98,9,110,9,0,9,60,9,8.2,9,"","","","","","","","","","","","","","","","","","","","","","","","","","","","","","","","","","","","","","","","","","","","","","","","","","","","","","","","","","","","","","","","","","","","","","","","","","","","","","","","","","","","","","","","","","","","","","","","","","","","","","","","","","","","","","","","","","","",""
"47323004","VILLENEUVE-SUR-LOT",44.3975,0.764,59,2015112903,0.,1,"","",1.2,1,250,1,1.2,1,30,1,216,9,2.1,1,190,1,201,9,"","","","","","","","","","","","","","","","",5.8,1,4.8,9,4.8,1,201,9,5.8,1,300,9,0,9,"","","","","","","","",4.4,9,"","","","","","",93,1,93,9,217,9,97,9,202,9,0,9,60,9,8.6,9,"","","","","","","","","","","","","","","","","","","","","","","","","","","","","","","","","","","","","","","","","","","","","","","","","","","","","","","","","","","","","","","","","","","","","","","","","","","","","","","","","","","","","","","","","","","","","","","","","","","","","","","","","","","","","","","","","","","",""
"47323004","VILLENEUVE-SUR-LOT",44.3975,0.764,59,2015112904,0.,1,"","",1.2,1,320,1,1.6,1,220,1,309,9,3.,1,220,1,309,9,"","","","","","","","","","","","","","","","",7.3,1,5.5,9,5.9,1,301,9,7.6,1,324,9,0,9,"","","","","","","","",5.4,9,"","","","","","",88,1,82,9,324,9,92,9,301,9,0,9,60,9,9.,9,"","","","","","","","","","","","","","","","","","","","","","","","","","","","","","","","","","","","","","","","","","","","","","","","","","","","","","","","","","","","","","","","","","","","","","","","","","","","","","","","","","","","","","","","","","","","","","","","","","","","","","","","","","","","","","","","","","","",""
"47323004","VILLENEUVE-SUR-LOT",44.3975,0.764,59,2015112905,0.,1,"","",1.4,1,290,1,2.8,1,240,1,423,9,6.9,1,210,1,418,9,"","","","","","","","","","","","","","","","",8.5,1,5.1,9,7.2,1,401,9,8.6,1,447,9,0,9,"","","","","","","","",6.1,9,"","","","","","",79,1,78,9,433,9,89,9,401,9,0,9,29,9,8.8,9,"","","","","","","","","","","","","","","","","","","","","","","","","","","","","","","","","","","","","","","","","","","","","","","","","","","","","","","","","","","","","","","","","","","","","","","","","","","","","","","","","","","","","","","","","","","","","","","","","","","","","","","","","","","","","","","","","","","",""
"47323004","VILLENEUVE-SUR-LOT",44.3975,0.764,59,2015112906,0.,1,"","",2.3,1,260,1,2.8,1,240,1,542,9,4.6,1,230,1,534,9,"","","","","","","","","","","","","","","","",8.5,1,5.5,9,8.4,1,520,9,8.7,1,528,9,0,9,"","","","","","","","",7.,9,"","","","","","",81,1,79,9,507,9,82,9,516,9,0,9,53,9,9.,9,"","","","","","","","","","","","","","","","","","","","","","","","","","","","","","","","","","","","","","","","","","","","","","","","","","","","","","","","","","","","","","","","","","","","","","","","","","","","","","","","","","","","","","","","","","","","","","","","","","","","","","","","","","","","","","","","","","","",""
"47323004","VILLENEUVE-SUR-LOT",44.3975,0.764,59,2015112907,0.,1,"","",1.9,1,260,1,2.4,1,260,1,638,9,3.8,1,270,1,651,9,"","","","","","","","","","","","","","","","",8.8,1,5.8,9,8.5,9,601,9,8.9,9,658,9,0,9,"","","","","","","","",7.2,9,"","","","","","",81,9,81,9,601,9,83,9,617,9,0,9,60,9,9.2,9,"","","","","","","","","","","","","","","","","","","","","","","","","","","","","","","","","","","","","","","","","","","","","","","","","","","","","","","","","","","","","","","","","","","","","","","","","","","","","","","","","","","","","","","","","","","","","","","","","","","","","","","","","","","","","","","","","","","",""
"47323004","VILLENEUVE-SUR-LOT",44.3975,0.764,59,2015112908,0.,1,"","",2.8,1,260,1,2.8,1,260,1,800,9,4.4,1,250,1,754,9,"","","","","","","","","","","","","","","","",9.2,1,5.8,9,8.8,1,701,9,9.2,1,750,9,0,9,"","","","","","","","",7.6,9,"","","","","","",79,1,78,9,752,9,83,9,708,9,0,9,47,9,9.2,9,"","","","","","","","","","","","","","","","","","","","","","","","","","","","","","","","","","","","","","","","","","","","","","","","","","","","","","","","","","","","","","","","","","","","","","","","","","","","","","","","","","","","","","","","","","","","","","","","","","","","","","","","","","","","","","","","","","","",""
"47323004","VILLENEUVE-SUR-LOT",44.3975,0.764,59,2015112909,0.,1,"","",3.5,1,240,1,3.6,1,240,1,858,9,6.1,1,230,1,853,9,"","","","","","","","","","","","","","","","",11.1,1,6.2,9,9.2,1,801,9,11.1,1,859,9,0,9,"","","","","","","","",8.6,9,"","","","","","",72,1,71,9,857,9,79,9,807,9,0,9,0,9,9.5,9,"","","","","","","","","","","","","","","","","","","","","","","","","","","","","","","","","","","","","","","","","","","","","","","","","","","","","","","","","","","","","","","","","","","","","","","","","","","","","","","","","","","","","","","","","","","","","","","","","","","","","","","","","","","","","","","","","","","",""
"47323004","VILLENEUVE-SUR-LOT",44.3975,0.764,59,2015112910,0.,1,"","",3.4,1,240,1,3.5,1,240,1,901,9,6.3,1,250,1,926,9,"","","","","","","","","","","","","","","","",11.9,1,6.4,9,11.1,1,901,9,11.9,1,958,9,0,9,"","","","","","","","",12.1,9,"","","","","","",69,1,69,9,921,9,73,9,901,9,0,9,0,9,9.6,9,"","","","","","","","","","","","","","","","","","","","","","","","","","","","","","","","","","","","","","","","","","","","","","","","","","","","","","","","","","","","","","","","","","","","","","","","","","","","","","","","","","","","","","","","","","","","","","","","","","","","","","","","","","","","","","","","","","","",""
"47323004","VILLENEUVE-SUR-LOT",44.3975,0.764,59,2015112911,0.,1,"","",4.,1,270,1,4.,1,260,1,1051,9,8.,1,260,1,1059,9,"","","","","","","","","","","","","","","","",13.7,1,6.8,9,11.9,1,1001,9,13.7,1,1056,9,0,9,"","","","","","","","",13.7,9,"","","","","","",63,1,63,9,1057,9,71,9,1003,9,0,9,0,9,9.9,9,"","","","","","","","","","","","","","","","","","","","","","","","","","","","","","","","","","","","","","","","","","","","","","","","","","","","","","","","","","","","","","","","","","","","","","","","","","","","","","","","","","","","","","","","","","","","","","","","","","","","","","","","","","","","","","","","","","","",""
"47323004","VILLENEUVE-SUR-LOT",44.3975,0.764,59,2015112912,0.,1,"","",6.9,1,260,1,7.,1,270,1,1155,9,11.3,1,270,1,1154,9,"","","","","","","","","","","","","","","","",14.5,1,7.3,9,13.7,1,1101,9,14.7,1,1131,9,0,9,"","","","","","","","",14.7,9,"","","","","","",62,1,60,9,1146,9,66,9,1105,9,0,9,0,9,10.2,9,"","","","","","","","","","","","","","","","","","","","","","","","","","","","","","","","","","","","","","","","","","","","","","","","","","","","","","","","","","","","","","","","","","","","","","","","","","","","","","","","","","","","","","","","","","","","","","","","","","","","","","","","","","","","","","","","","","","",""
"47323004","VILLENEUVE-SUR-LOT",44.3975,0.764,59,2015112913,0.,1,"","",5.4,1,270,1,7.,1,260,1,1201,9,10.2,1,260,1,1203,9,"","","","","","","","","","","","","","","","",15.3,1,7.3,9,14.6,1,1201,9,15.4,1,1240,9,0,9,"","","","","","","","",16.7,9,"","","","","","",59,1,58,9,1251,9,63,9,1213,9,0,9,0,9,10.2,9,"","","","","","","","","","","","","","","","","","","","","","","","","","","","","","","","","","","","","","","","","","","","","","","","","","","","","","","","","","","","","","","","","","","","","","","","","","","","","","","","","","","","","","","","","","","","","","","","","","","","","","","","","","","","","","","","","","","",""
"47323004","VILLENEUVE-SUR-LOT",44.3975,0.764,59,2015112914,0.,1,"","",5.1,1,260,1,5.6,1,250,1,1308,9,9.8,1,250,1,1344,9,"","","","","","","","","","","","","","","","",14.6,1,7.6,9,14.6,1,1359,9,15.3,1,1301,9,0,9,"","","","","","","","",15.,9,"","","","","","",63,1,59,9,1302,9,63,9,1348,9,0,9,0,9,10.4,9,"","","","","","","","","","","","","","","","","","","","","","","","","","","","","","","","","","","","","","","","","","","","","","","","","","","","","","","","","","","","","","","","","","","","","","","","","","","","","","","","","","","","","","","","","","","","","","","","","","","","","","","","","","","","","","","","","","","",""
"47323004","VILLENEUVE-SUR-LOT",44.3975,0.764,59,2015112915,0.,1,"","",4.7,1,230,1,5.1,1,240,1,1454,9,9.4,1,230,1,1436,9,"","","","","","","","","","","","","","","","",14.5,1,8.,9,14.5,1,1457,9,14.8,1,1414,9,0,9,"","","","","","","","",14.3,9,"","","","","","",65,1,62,9,1402,9,66,9,1426,9,0,9,0,9,10.7,9,"","","","","","","","","","","","","","","","","","","","","","","","","","","","","","","","","","","","","","","","","","","","","","","","","","","","","","","","","","","","","","","","","","","","","","","","","","","","","","","","","","","","","","","","","","","","","","","","","","","","","","","","","","","","","","","","","","","",""
"47323004","VILLENEUVE-SUR-LOT",44.3975,0.764,59,2015112916,0.,1,"","",3.6,1,260,1,4.9,1,270,1,1551,9,8.9,1,260,1,1549,9,"","","","","","","","","","","","","","","","",13.5,1,8.,9,13.5,1,1600,9,14.4,1,1501,9,0,9,"","","","","","","","",12.8,9,"","","","","","",69,1,64,9,1501,9,70,9,1555,9,0,9,0,9,10.7,9,"","","","","","","","","","","","","","","","","","","","","","","","","","","","","","","","","","","","","","","","","","","","","","","","","","","","","","","","","","","","","","","","","","","","","","","","","","","","","","","","","","","","","","","","","","","","","","","","","","","","","","","","","","","","","","","","","","","",""
"47323004","VILLENEUVE-SUR-LOT",44.3975,0.764,59,2015112917,0.,1,"","",3.3,1,260,1,5.1,1,260,1,1610,9,8.2,1,240,1,1608,9,"","","","","","","","","","","","","","","","",12.6,1,8.3,9,12.6,1,1645,9,13.5,1,1601,9,0,9,"","","","","","","","",11.9,9,"","","","","","",75,1,69,9,1604,9,76,9,1651,9,0,9,0,9,10.9,9,"","","","","","","","","","","","","","","","","","","","","","","","","","","","","","","","","","","","","","","","","","","","","","","","","","","","","","","","","","","","","","","","","","","","","","","","","","","","","","","","","","","","","","","","","","","","","","","","","","","","","","","","","","","","","","","","","","","",""
"47323004","VILLENEUVE-SUR-LOT",44.3975,0.764,59,2015112918,0.,1,"","",3.2,1,260,1,3.4,1,250,1,1730,9,5.7,1,240,1,1722,9,"","","","","","","","","","","","","","","","",12.3,1,8.3,9,12.3,1,1748,9,12.6,1,1701,9,0,9,"","","","","","","","",11.6,9,"","","","","","",76,1,74,9,1705,9,78,9,1755,9,0,9,0,9,10.9,9,"","","","","","","","","","","","","","","","","","","","","","","","","","","","","","","","","","","","","","","","","","","","","","","","","","","","","","","","","","","","","","","","","","","","","","","","","","","","","","","","","","","","","","","","","","","","","","","","","","","","","","","","","","","","","","","","","","","",""
"47323004","VILLENEUVE-SUR-LOT",44.3975,0.764,59,2015112919,0.,1,"","",2.4,1,260,1,3.4,1,260,1,1809,9,5.2,1,240,1,1808,9,"","","","","","","","","","","","","","","","",12.1,1,8.5,9,12.,9,1853,9,12.3,9,1801,9,0,9,"","","","","","","","",11.3,9,"","","","","","",79,9,76,9,1802,9,79,9,1825,9,0,9,0,9,11.1,9,"","","","","","","","","","","","","","","","","","","","","","","","","","","","","","","","","","","","","","","","","","","","","","","","","","","","","","","","","","","","","","","","","","","","","","","","","","","","","","","","","","","","","","","","","","","","","","","","","","","","","","","","","","","","","","","","","","","",""
"47323004","VILLENEUVE-SUR-LOT",44.3975,0.764,59,2015112920,0.,1,"","",2.4,1,270,1,3.,1,260,1,1930,9,5.6,1,260,1,1928,9,"","","","","","","","","","","","","","","","",12.1,1,8.8,9,12.1,1,1901,9,12.2,1,1929,9,0,9,"","","","","","","","",11.4,9,"","","","","","",80,1,78,9,1901,9,80,9,1921,9,0,9,9,9,11.3,9,"","","","","","","","","","","","","","","","","","","","","","","","","","","","","","","","","","","","","","","","","","","","","","","","","","","","","","","","","","","","","","","","","","","","","","","","","","","","","","","","","","","","","","","","","","","","","","","","","","","","","","","","","","","","","","","","","","","",""
"47323004","VILLENEUVE-SUR-LOT",44.3975,0.764,59,2015112921,0.,1,"","",1.6,1,270,1,2.6,1,270,1,2015,9,5.,1,250,1,2013,9,"","","","","","","","","","","","","","","","",11.8,1,8.7,9,11.8,1,2030,9,12.,1,2001,9,0,9,"","","","","","","","",11.,9,"","","","","","",81,1,79,9,2014,9,82,9,2026,9,0,9,59,9,11.2,9,"","","","","","","","","","","","","","","","","","","","","","","","","","","","","","","","","","","","","","","","","","","","","","","","","","","","","","","","","","","","","","","","","","","","","","","","","","","","","","","","","","","","","","","","","","","","","","","","","","","","","","","","","","","","","","","","","","","",""
"47323004","VILLENEUVE-SUR-LOT",44.3975,0.764,59,2015112922,0.,1,"","",1.7,1,270,1,1.8,1,270,1,2151,9,3.3,1,270,1,2151,9,"","","","","","","","","","","","","","","","",11.8,1,8.3,9,11.5,1,2124,9,11.9,1,2148,9,0,9,"","","","","","","","",10.4,9,"","","","","","",79,1,79,9,2148,9,84,9,2120,9,0,9,52,9,10.9,9,"","","","","","","","","","","","","","","","","","","","","","","","","","","","","","","","","","","","","","","","","","","","","","","","","","","","","","","","","","","","","","","","","","","","","","","","","","","","","","","","","","","","","","","","","","","","","","","","","","","","","","","","","","","","","","","","","","","",""
"47323004","VILLENEUVE-SUR-LOT",44.3975,0.764,59,2015112923,0.,1,"","",0.,1,0,1,1.7,1,270,1,2201,9,3.4,1,250,1,2213,9,"","","","","","","","","","","","","","","","",10.6,1,8.1,9,10.6,1,2256,9,11.9,1,2207,9,0,9,"","","","","","","","",8.3,9,"","","","","","",85,1,78,9,2210,9,86,9,2259,9,0,9,26,9,10.8,9,"","","","","","","","","","","","","","","","","","","","","","","","","","","","","","","","","","","","","","","","","","","","","","","","","","","","","","","","","","","","","","","","","","","","","","","","","","","","","","","","","","","","","","","","","","","","","","","","","","","","","","","","","","","","","","","","","","","",""
"47323004","VILLENEUVE-SUR-LOT",44.3975,0.764,59,2015113000,0.,1,"","",0.8,1,270,1,0.8,1,250,1,2322,9,1.9,1,250,1,2358,9,"","","","","","","","","","","","","","","","",10.3,1,8.1,9,10.2,1,2358,9,10.6,1,2301,9,0,9,"","","","","","","","",8.1,9,"","","","","","",86,1,84,9,2304,9,87,9,2342,9,0,9,60,9,10.8,9,"","","","","","","","","","","","","","","","","","","","","","","","","","","","","","","","","","","","","","","","","","","","","","","","","","","","","","","","","","","","","","","","","","","","","","","","","","","","","","","","","","","","","","","","","","","","","","","","","","","","","","","","","","","","","","","","","","","",""
"47323004","VILLENEUVE-SUR-LOT",44.3975,0.764,59,2015113001,0.,1,"","",0.,1,0,1,1.2,1,260,1,18,9,1.7,1,260,1,12,9,"","","","","","","","","","","","","","","","",9.3,1,7.3,9,9.3,1,100,9,10.4,1,19,9,0,9,"","","","","","","","",6.3,9,"","","","","","",87,1,84,9,16,9,89,9,47,9,0,9,60,9,10.2,9,"","","","","","","","","","","","","","","","","","","","","","","","","","","","","","","","","","","","","","","","","","","","","","","","","","","","","","","","","","","","","","","","","","","","","","","","","","","","","","","","","","","","","","","","","","","","","","","","","","","","","","","","","","","","","","","","","","","",""
"47323004","VILLENEUVE-SUR-LOT",44.3975,0.764,59,2015113002,0.,1,"","",0.,1,0,1,0.5,1,230,1,103,9,1.1,1,10,1,151,9,"","","","","","","","","","","","","","","","",7.2,1,6.4,9,7.2,1,159,9,9.3,1,101,9,0,9,"","","","","","","","",4.3,9,"","","","","","",95,1,86,9,113,9,95,9,142,9,0,9,60,9,9.6,9,"","","","","","","","","","","","","","","","","","","","","","","","","","","","","","","","","","","","","","","","","","","","","","","","","","","","","","","","","","","","","","","","","","","","","","","","","","","","","","","","","","","","","","","","","","","","","","","","","","","","","","","","","","","","","","","","","","","",""
"47323004","VILLENEUVE-SUR-LOT",44.3975,0.764,59,2015113003,0.,1,"","",0.9,1,60,1,1.,1,70,1,256,9,1.4,1,100,1,249,9,"","","","","","","","","","","","","","","","",6.6,1,5.9,9,6.6,1,259,9,7.4,1,214,9,0,9,"","","","","","","","",3.3,9,"","","","","","",96,1,93,9,202,9,97,9,213,9,0,9,60,9,9.3,9,"","","","","","","","","","","","","","","","","","","","","","","","","","","","","","","","","","","","","","","","","","","","","","","","","","","","","","","","","","","","","","","","","","","","","","","","","","","","","","","","","","","","","","","","","","","","","","","","","","","","","","","","","","","","","","","","","","","",""
"47323004","VILLENEUVE-SUR-LOT",44.3975,0.764,59,2015113004,0.,1,"","",0.5,1,50,1,0.9,1,60,1,301,9,1.2,1,60,1,308,9,"","","","","","","","","","","","","","","","",5.5,1,5.1,9,5.5,1,357,9,6.6,1,301,9,0,9,"","","","","","","","",1.5,9,"","","","","","",97,1,95,9,305,9,98,9,316,9,0,9,60,9,8.8,9,"","","","","","","","","","","","","","","","","","","","","","","","","","","","","","","","","","","","","","","","","","","","","","","","","","","","","","","","","","","","","","","","","","","","","","","","","","","","","","","","","","","","","","","","","","","","","","","","","","","","","","","","","","","","","","","","","","","",""
"47323004","VILLENEUVE-SUR-LOT",44.3975,0.764,59,2015113005,0.,1,"","",0.8,1,80,1,1.4,1,90,1,426,9,2.1,1,80,1,448,9,"","","","","","","","","","","","","","","","",5.1,1,4.8,9,4.8,1,430,9,5.4,1,401,9,0,9,"","","","","","","","",1.6,9,"","","","","","",98,1,96,9,402,9,99,9,438,9,0,9,60,9,8.6,9,"","","","","","","","","","","","","","","","","","","","","","","","","","","","","","","","","","","","","","","","","","","","","","","","","","","","","","","","","","","","","","","","","","","","","","","","","","","","","","","","","","","","","","","","","","","","","","","","","","","","","","","","","","","","","","","","","","","",""
"47323004","VILLENEUVE-SUR-LOT",44.3975,0.764,59,2015113006,0.,1,"","",0.7,1,80,1,1.2,1,70,1,535,9,1.7,1,60,1,529,9,"","","","","","","","","","","","","","","","",4.6,1,4.3,9,4.3,1,546,9,5.2,1,505,9,0,9,"","","","","","","","",1.1,9,"","","","","","",98,1,96,9,511,9,99,9,547,9,0,9,60,9,8.3,9,"","","","","","","","","","","","","","","","","","","","","","","","","","","","","","","","","","","","","","","","","","","","","","","","","","","","","","","","","","","","","","","","","","","","","","","","","","","","","","","","","","","","","","","","","","","","","","","","","","","","","","","","","","","","","","","","","","","",""
"47323004","VILLENEUVE-SUR-LOT",44.3975,0.764,59,2015113007,0.,1,"","",0.,1,0,1,0.6,1,80,1,601,9,0.9,1,110,1,601,9,"","","","","","","","","","","","","","","","",3.6,1,3.2,9,3.4,9,650,9,4.9,9,606,9,0,9,"","","","","","","","",0.4,9,"","","","","","",97,9,97,9,606,9,99,9,628,9,0,9,60,9,7.7,9,"","","","","","","","","","","","","","","","","","","","","","","","","","","","","","","","","","","","","","","","","","","","","","","","","","","","","","","","","","","","","","","","","","","","","","","","","","","","","","","","","","","","","","","","","","","","","","","","","","","","","","","","","","","","","","","","","","","",""
"47323004","VILLENEUVE-SUR-LOT",44.3975,0.764,59,2015113008,0.,1,"","",1.,1,90,1,1.,1,90,1,800,9,1.4,1,80,1,800,9,"","","","","","","","","","","","","","","","",3.7,1,3.4,9,2.9,1,724,9,3.7,1,757,9,0,9,"","","","","","","","",0.1,9,"","","","","","",98,1,96,9,722,9,99,9,751,9,0,9,60,9,7.8,9,"","","","","","","","","","","","","","","","","","","","","","","","","","","","","","","","","","","","","","","","","","","","","","","","","","","","","","","","","","","","","","","","","","","","","","","","","","","","","","","","","","","","","","","","","","","","","","","","","","","","","","","","","","","","","","","","","","","",""
"47323004","VILLENEUVE-SUR-LOT",44.3975,0.764,59,2015113009,0.,1,"","",2.7,1,90,1,2.7,1,90,1,858,9,3.7,1,80,1,851,9,"","","","","","","","","","","","","","","","",6.,1,5.5,9,3.7,1,801,9,6.,1,855,9,0,9,"","","","","","","","",2.7,9,"","","","","","",96,1,96,9,852,9,100,9,806,9,0,9,60,9,9.,9,"","","","","","","","","","","","","","","","","","","","","","","","","","","","","","","","","","","","","","","","","","","","","","","","","","","","","","","","","","","","","","","","","","","","","","","","","","","","","","","","","","","","","","","","","","","","","","","","","","","","","","","","","","","","","","","","","","","",""
"47323004","VILLENEUVE-SUR-LOT",44.3975,0.764,59,2015113010,0.,1,"","",1.7,1,90,1,2.6,1,90,1,901,9,3.3,1,80,1,904,9,"","","","","","","","","","","","","","","","",8.4,1,6.4,9,6.1,1,901,9,8.4,1,957,9,0,9,"","","","","","","","",10.3,9,"","","","","","",87,1,87,9,958,9,96,9,901,9,0,9,60,9,9.6,9,"","","","","","","","","","","","","","","","","","","","","","","","","","","","","","","","","","","","","","","","","","","","","","","","","","","","","","","","","","","","","","","","","","","","","","","","","","","","","","","","","","","","","","","","","","","","","","","","","","","","","","","","","","","","","","","","","","","",""
"47323004","VILLENEUVE-SUR-LOT",44.3975,0.764,59,2015113011,0.,1,"","",1.4,1,100,1,1.7,1,90,1,1001,9,2.5,1,100,1,1023,9,"","","","","","","","","","","","","","","","",11.3,1,8.,9,8.5,1,1001,9,11.3,1,1100,9,0,9,"","","","","","","","",14.7,9,"","","","","","",80,1,78,9,1055,9,89,9,1002,9,0,9,54,9,10.7,9,"","","","","","","","","","","","","","","","","","","","","","","","","","","","","","","","","","","","","","","","","","","","","","","","","","","","","","","","","","","","","","","","","","","","","","","","","","","","","","","","","","","","","","","","","","","","","","","","","","","","","","","","","","","","","","","","","","","",""
"47323004","VILLENEUVE-SUR-LOT",44.3975,0.764,59,2015113012,0.,1,"","",1.2,1,280,1,1.4,1,100,1,1101,9,2.3,1,290,1,1156,9,"","","","","","","","","","","","","","","","",14.7,1,7.4,9,11.4,1,1101,9,14.9,1,1152,9,0,9,"","","","","","","","",17.7,9,"","","","","","",62,1,59,9,1154,9,79,9,1102,9,0,9,0,9,10.3,9,"","","","","","","","","","","","","","","","","","","","","","","","","","","","","","","","","","","","","","","","","","","","","","","","","","","","","","","","","","","","","","","","","","","","","","","","","","","","","","","","","","","","","","","","","","","","","","","","","","","","","","","","","","","","","","","","","","","",""
"47323004","VILLENEUVE-SUR-LOT",44.3975,0.764,59,2015113013,0.,1,"","",1.1,1,270,1,1.6,1,260,1,1240,9,3.9,1,260,1,1232,9,"","","","","","","","","","","","","","","","",15.1,1,7.4,9,14.5,1,1203,9,15.1,1,1300,9,0,9,"","","","","","","","",18.4,9,"","","","","","",60,1,59,9,1202,9,64,9,1209,9,0,9,0,9,10.3,9,"","","","","","","","","","","","","","","","","","","","","","","","","","","","","","","","","","","","","","","","","","","","","","","","","","","","","","","","","","","","","","","","","","","","","","","","","","","","","","","","","","","","","","","","","","","","","","","","","","","","","","","","","","","","","","","","","","","",""
"47323004","VILLENEUVE-SUR-LOT",44.3975,0.764,59,2015113014,0.,1,"","",1.6,1,270,1,1.9,1,270,1,1350,9,3.1,1,290,1,1349,9,"","","","","","","","","","","","","","","","",15.5,1,7.7,9,15.2,1,1301,9,15.5,1,1307,9,0,9,"","","","","","","","",18.2,9,"","","","","","",60,1,59,9,1318,9,62,9,1303,9,0,9,0,9,10.5,9,"","","","","","","","","","","","","","","","","","","","","","","","","","","","","","","","","","","","","","","","","","","","","","","","","","","","","","","","","","","","","","","","","","","","","","","","","","","","","","","","","","","","","","","","","","","","","","","","","","","","","","","","","","","","","","","","","","","",""
"47323004","VILLENEUVE-SUR-LOT",44.3975,0.764,59,2015113015,0.,1,"","",1.6,1,280,1,2.,1,280,1,1454,9,3.1,1,270,1,1447,9,"","","","","","","","","","","","","","","","",15.3,1,7.3,9,15.3,1,1424,9,15.6,1,1414,9,0,9,"","","","","","","","",16.7,9,"","","","","","",59,1,56,9,1443,9,61,9,1430,9,0,9,0,9,10.2,9,"","","","","","","","","","","","","","","","","","","","","","","","","","","","","","","","","","","","","","","","","","","","","","","","","","","","","","","","","","","","","","","","","","","","","","","","","","","","","","","","","","","","","","","","","","","","","","","","","","","","","","","","","","","","","","","","","","","",""
"47323004","VILLENEUVE-SUR-LOT",44.3975,0.764,59,2015113016,0.,1,"","",1.,1,210,1,1.6,1,280,1,1501,9,2.2,1,280,1,1505,9,"","","","","","","","","","","","","","","","",13.4,1,6.7,9,13.4,1,1600,9,15.3,1,1501,9,0,9,"","","","","","","","",11.4,9,"","","","","","",64,1,57,9,1502,9,65,9,1556,9,0,9,0,9,9.8,9,"","","","","","","","","","","","","","","","","","","","","","","","","","","","","","","","","","","","","","","","","","","","","","","","","","","","","","","","","","","","","","","","","","","","","","","","","","","","","","","","","","","","","","","","","","","","","","","","","","","","","","","","","","","","","","","","","","","",""
"47323004","VILLENEUVE-SUR-LOT",44.3975,0.764,59,2015113017,0.,1,"","",0.7,1,80,1,1.2,1,190,1,1608,9,1.4,1,200,1,1601,9,"","","","","","","","","","","","","","","","",8.1,1,6.4,9,8.1,1,1657,9,13.3,1,1601,9,0,9,"","","","","","","","",2.9,9,"","","","","","",89,1,65,9,1601,9,90,9,1659,9,0,9,26,9,9.6,9,"","","","","","","","","","","","","","","","","","","","","","","","","","","","","","","","","","","","","","","","","","","","","","","","","","","","","","","","","","","","","","","","","","","","","","","","","","","","","","","","","","","","","","","","","","","","","","","","","","","","","","","","","","","","","","","","","","","",""
"47323004","VILLENEUVE-SUR-LOT",44.3975,0.764,59,2015113018,0.,1,"","",0.9,1,70,1,1.1,1,90,1,1745,9,1.4,1,90,1,1745,9,"","","","","","","","","","","","","","","","",6.2,1,5.5,9,6.2,1,1759,9,8.1,1,1701,9,0,9,"","","","","","","","",1.8,9,"","","","","","",95,1,89,9,1707,9,95,9,1800,9,0,9,60,9,9.,9,"","","","","","","","","","","","","","","","","","","","","","","","","","","","","","","","","","","","","","","","","","","","","","","","","","","","","","","","","","","","","","","","","","","","","","","","","","","","","","","","","","","","","","","","","","","","","","","","","","","","","","","","","","","","","","","","","","","",""
"47323004","VILLENEUVE-SUR-LOT",44.3975,0.764,59,2015113019,0.,1,"","",1.2,1,60,1,1.3,1,70,1,1831,9,1.8,1,60,1,1825,9,"","","","","","","","","","","","","","","","",5.8,1,5.1,9,5.7,9,1855,9,6.1,9,1801,9,0,9,"","","","","","","","",1.2,9,"","","","","","",95,9,94,9,1801,9,97,9,1811,9,0,9,60,9,8.8,9,"","","","","","","","","","","","","","","","","","","","","","","","","","","","","","","","","","","","","","","","","","","","","","","","","","","","","","","","","","","","","","","","","","","","","","","","","","","","","","","","","","","","","","","","","","","","","","","","","","","","","","","","","","","","","","","","","","","",""
"47323004","VILLENEUVE-SUR-LOT",44.3975,0.764,59,2015113020,0.,1,"","",0.,1,0,1,1.3,1,60,1,1901,9,1.9,1,60,1,1903,9,"","","","","","","","","","","","","","","","",5.1,1,4.6,9,5.1,1,1958,9,5.8,1,1904,9,0,9,"","","","","","","","",1.1,9,"","","","","","",97,1,95,9,1910,9,98,9,1915,9,0,9,60,9,8.5,9,"","","","","","","","","","","","","","","","","","","","","","","","","","","","","","","","","","","","","","","","","","","","","","","","","","","","","","","","","","","","","","","","","","","","","","","","","","","","","","","","","","","","","","","","","","","","","","","","","","","","","","","","","","","","","","","","","","","",""
"47323004","VILLENEUVE-SUR-LOT",44.3975,0.764,59,2015113021,0.,1,"","",0.7,1,80,1,1.,1,90,1,2051,9,1.3,1,80,1,2042,9,"","","","","","","","","","","","","","","","",4.,1,3.6,9,4.,1,2046,9,5.,1,2001,9,0,9,"","","","","","","","",-0.4,9,"","","","","","",97,1,94,9,2010,9,99,9,2058,9,0,9,60,9,7.9,9,"","","","","","","","","","","","","","","","","","","","","","","","","","","","","","","","","","","","","","","","","","","","","","","","","","","","","","","","","","","","","","","","","","","","","","","","","","","","","","","","","","","","","","","","","","","","","","","","","","","","","","","","","","","","","","","","","","","",""
"47323004","VILLENEUVE-SUR-LOT",44.3975,0.764,59,2015113022,0.,1,"","",1.1,1,90,1,1.4,1,100,1,2127,9,1.7,1,100,1,2120,9,"","","","","","","","","","","","","","","","",3.3,1,2.9,9,3.3,1,2155,9,4.1,1,2111,9,0,9,"","","","","","","","",-0.6,9,"","","","","","",97,1,96,9,2101,9,99,9,2140,9,0,9,60,9,7.5,9,"","","","","","","","","","","","","","","","","","","","","","","","","","","","","","","","","","","","","","","","","","","","","","","","","","","","","","","","","","","","","","","","","","","","","","","","","","","","","","","","","","","","","","","","","","","","","","","","","","","","","","","","","","","","","","","","","","","",""
"47323004","VILLENEUVE-SUR-LOT",44.3975,0.764,59,2015113023,0.,1,"","",1.1,1,90,1,1.5,1,100,1,2246,9,2.,1,90,1,2241,9,"","","","","","","","","","","","","","","","",2.9,1,2.5,9,2.8,1,2243,9,3.4,1,2207,9,0,9,"","","","","","","","",-0.8,9,"","","","","","",97,1,97,9,2201,9,99,9,2216,9,0,9,60,9,7.3,9,"","","","","","","","","","","","","","","","","","","","","","","","","","","","","","","","","","","","","","","","","","","","","","","","","","","","","","","","","","","","","","","","","","","","","","","","","","","","","","","","","","","","","","","","","","","","","","","","","","","","","","","","","","","","","","","","","","","",""
"47323004","VILLENEUVE-SUR-LOT",44.3975,0.764,59,2015120100,0.,1,"","",1.7,1,100,1,1.9,1,90,1,2350,9,2.4,1,90,1,2342,9,"","","","","","","","","","","","","","","","",2.9,1,2.7,9,2.7,1,2325,9,3.,1,2301,9,0,9,"","","","","","","","",-0.7,9,"","","","","","",98,1,97,9,2303,9,99,9,2324,9,0,9,60,9,7.4,9,"","","","","","","","","","","","","","","","","","","","","","","","","","","","","","","","","","","","","","","","","","","","","","","","","","","","","","","","","","","","","","","","","","","","","","","","","","","","","","","","","","","","","","","","","","","","","","","","","","","","","","","","","","","","","","","","","","","",""
"47323004","VILLENEUVE-SUR-LOT",44.3975,0.764,59,2015120101,0.2,1,"","",1.4,1,100,1,2.,1,90,1,21,9,3.,1,90,1,34,9,"","","","","","","","","","","","","","","","",2.5,1,2.3,9,2.5,1,58,9,3.,1,12,9,0,9,"","","","","","","","",-0.1,9,"","","","","","",98,1,97,9,15,9,99,9,2,9,0,9,60,9,7.2,9,"","","","","","","","","","","","","","","","","","","","","","","","","","","","","","","","","","","","","","","","","","","","","","","","","","","","","","","","","","","","","","","","","","","","","","","","","","","","","","","","","","","","","","","","","","","","","","","","","","","","","","","","","","","","","","","","","","","",""
"47323004","VILLENEUVE-SUR-LOT",44.3975,0.764,59,2015120102,0.,1,"","",1.4,1,90,1,1.5,1,90,1,125,9,2.,1,100,1,121,9,"","","","","","","","","","","","","","","","",1.4,1,1.1,9,1.4,1,157,9,2.5,1,101,9,0,9,"","","","","","","","",-0.9,9,"","","","","","",98,1,97,9,101,9,100,9,117,9,0,9,60,9,6.6,9,"","","","","","","","","","","","","","","","","","","","","","","","","","","","","","","","","","","","","","","","","","","","","","","","","","","","","","","","","","","","","","","","","","","","","","","","","","","","","","","","","","","","","","","","","","","","","","","","","","","","","","","","","","","","","","","","","","","",""
"47323004","VILLENEUVE-SUR-LOT",44.3975,0.764,59,2015120103,0.,1,"","",2.,1,80,1,2.,1,80,1,229,9,2.9,1,90,1,228,9,"","","","","","","","","","","","","","","","",2.,1,1.7,9,1.4,1,201,9,2.,1,251,9,0,9,"","","","","","","","",-0.7,9,"","","","","","",98,1,97,9,201,9,100,9,219,9,0,9,60,9,6.9,9,"","","","","","","","","","","","","","","","","","","","","","","","","","","","","","","","","","","","","","","","","","","","","","","","","","","","","","","","","","","","","","","","","","","","","","","","","","","","","","","","","","","","","","","","","","","","","","","","","","","","","","","","","","","","","","","","","","","",""
"47323004","VILLENEUVE-SUR-LOT",44.3975,0.764,59,2015120104,0.,1,"","",2.1,1,80,1,2.2,1,80,1,350,9,3.2,1,80,1,343,9,"","","","","","","","","","","","","","","","",1.7,1,1.5,9,1.7,1,314,9,1.9,1,301,9,0,9,"","","","","","","","",1.4,9,"","","","","","",98,1,97,9,304,9,100,9,303,9,0,9,60,9,6.8,9,"","","","","","","","","","","","","","","","","","","","","","","","","","","","","","","","","","","","","","","","","","","","","","","","","","","","","","","","","","","","","","","","","","","","","","","","","","","","","","","","","","","","","","","","","","","","","","","","","","","","","","","","","","","","","","","","","","","",""
"47323004","VILLENEUVE-SUR-LOT",44.3975,0.764,59,2015120105,0.,1,"","",2.,1,80,1,2.3,1,80,1,439,9,3.2,1,90,1,500,9,"","","","","","","","","","","","","","","","",1.5,1,1.3,9,1.5,1,433,9,1.8,1,411,9,0,9,"","","","","","","","",1.5,9,"","","","","","",99,1,98,9,402,9,100,9,401,9,0,9,60,9,6.7,9,"","","","","","","","","","","","","","","","","","","","","","","","","","","","","","","","","","","","","","","","","","","","","","","","","","","","","","","","","","","","","","","","","","","","","","","","","","","","","","","","","","","","","","","","","","","","","","","","","","","","","","","","","","","","","","","","","","","",""
"47323004","VILLENEUVE-SUR-LOT",44.3975,0.764,59,2015120106,0.,1,"","",2.3,1,80,1,2.3,1,80,1,509,9,3.4,1,90,1,517,9,"","","","","","","","","","","","","","","","",1.3,1,1.1,9,1.3,1,543,9,1.4,1,501,9,0,9,"","","","","","","","",1.4,9,"","","","","","",98,1,98,9,502,9,100,9,504,9,0,9,60,9,6.6,9,"","","","","","","","","","","","","","","","","","","","","","","","","","","","","","","","","","","","","","","","","","","","","","","","","","","","","","","","","","","","","","","","","","","","","","","","","","","","","","","","","","","","","","","","","","","","","","","","","","","","","","","","","","","","","","","","","","","",""
"47323004","VILLENEUVE-SUR-LOT",44.3975,0.764,59,2015120107,0.,1,"","",2.2,1,80,1,2.8,1,90,1,617,9,3.7,1,100,1,609,9,"","","","","","","","","","","","","","","","",1.,1,0.6,9,0.9,9,649,9,1.4,9,608,9,0,9,"","","","","","","","",1.,9,"","","","","","",98,9,98,9,601,9,100,9,611,9,0,9,60,9,6.4,9,"","","","","","","","","","","","","","","","","","","","","","","","","","","","","","","","","","","","","","","","","","","","","","","","","","","","","","","","","","","","","","","","","","","","","","","","","","","","","","","","","","","","","","","","","","","","","","","","","","","","","","","","","","","","","","","","","","","",""
"47323004","VILLENEUVE-SUR-LOT",44.3975,0.764,59,2015120108,0.,1,"","",2.6,1,90,1,2.8,1,80,1,737,9,4.1,1,80,1,737,9,"","","","","","","","","","","","","","","","",1.3,1,1.1,9,1.,1,701,9,1.3,1,759,9,0,9,"","","","","","","","",1.1,9,"","","","","","",99,1,98,9,702,9,100,9,705,9,0,9,60,9,6.6,9,"","","","","","","","","","","","","","","","","","","","","","","","","","","","","","","","","","","","","","","","","","","","","","","","","","","","","","","","","","","","","","","","","","","","","","","","","","","","","","","","","","","","","","","","","","","","","","","","","","","","","","","","","","","","","","","","","","","",""
"47323004","VILLENEUVE-SUR-LOT",44.3975,0.764,59,2015120109,0.,1,"","",2.4,1,80,1,3.,1,100,1,832,9,4.2,1,90,1,828,9,"","","","","","","","","","","","","","","","",1.9,1,1.7,9,1.3,1,801,9,2.1,1,853,9,0,9,"","","","","","","","",2.,9,"","","","","","",98,1,97,9,834,9,100,9,801,9,0,9,60,9,6.9,9,"","","","","","","","","","","","","","","","","","","","","","","","","","","","","","","","","","","","","","","","","","","","","","","","","","","","","","","","","","","","","","","","","","","","","","","","","","","","","","","","","","","","","","","","","","","","","","","","","","","","","","","","","","","","","","","","","","","",""
"47323004","VILLENEUVE-SUR-LOT",44.3975,0.764,59,2015120110,0.,1,"","",2.1,1,80,1,2.5,1,80,1,902,9,3.2,1,80,1,930,9,"","","","","","","","","","","","","","","","",3.3,1,3.,9,2.,1,901,9,3.3,1,956,9,0,9,"","","","","","","","",3.4,9,"","","","","","",98,1,98,9,907,9,100,9,901,9,0,9,60,9,7.6,9,"","","","","","","","","","","","","","","","","","","","","","","","","","","","","","","","","","","","","","","","","","","","","","","","","","","","","","","","","","","","","","","","","","","","","","","","","","","","","","","","","","","","","","","","","","","","","","","","","","","","","","","","","","","","","","","","","","","",""
"47323004","VILLENEUVE-SUR-LOT",44.3975,0.764,59,2015120111,0.,1,"","",1.2,1,90,1,2.4,1,80,1,1012,9,3.4,1,80,1,1006,9,"","","","","","","","","","","","","","","","",4.6,1,4.5,9,3.3,1,1001,9,4.6,1,1057,9,0,9,"","","","","","","","",5.3,9,"","","","","","",99,1,97,9,1052,9,100,9,1001,9,0,9,60,9,8.4,9,"","","","","","","","","","","","","","","","","","","","","","","","","","","","","","","","","","","","","","","","","","","","","","","","","","","","","","","","","","","","","","","","","","","","","","","","","","","","","","","","","","","","","","","","","","","","","","","","","","","","","","","","","","","","","","","","","","","",""
"47323004","VILLENEUVE-SUR-LOT",44.3975,0.764,59,2015120112,0.,1,"","",1.6,1,100,1,1.7,1,80,1,1134,9,2.6,1,80,1,1114,9,"","","","","","","","","","","","","","","","",6.3,1,5.9,9,4.6,1,1101,9,6.3,1,1159,9,0,9,"","","","","","","","",7.4,9,"","","","","","",98,1,97,9,1120,9,100,9,1104,9,0,9,60,9,9.3,9,"","","","","","","","","","","","","","","","","","","","","","","","","","","","","","","","","","","","","","","","","","","","","","","","","","","","","","","","","","","","","","","","","","","","","","","","","","","","","","","","","","","","","","","","","","","","","","","","","","","","","","","","","","","","","","","","","","","",""
"47323004","VILLENEUVE-SUR-LOT",44.3975,0.764,59,2015120113,0.,1,"","",0.8,1,80,1,1.6,1,100,1,1202,9,2.5,1,90,1,1214,9,"","","","","","","","","","","","","","","","",8.6,1,8.1,9,6.2,1,1207,9,8.6,1,1300,9,0,9,"","","","","","","","",9.8,9,"","","","","","",97,1,97,9,1239,9,99,9,1201,9,0,9,60,9,10.8,9,"","","","","","","","","","","","","","","","","","","","","","","","","","","","","","","","","","","","","","","","","","","","","","","","","","","","","","","","","","","","","","","","","","","","","","","","","","","","","","","","","","","","","","","","","","","","","","","","","","","","","","","","","","","","","","","","","","","",""
"47323004","VILLENEUVE-SUR-LOT",44.3975,0.764,59,2015120114,0.,1,"","",0.8,1,120,1,0.8,1,80,1,1301,9,1.4,1,130,1,1351,9,"","","","","","","","","","","","","","","","",11.7,1,8.5,9,8.6,1,1301,9,11.7,1,1400,9,0,9,"","","","","","","","",16.4,9,"","","","","","",81,1,80,9,1359,9,99,9,1303,9,0,9,60,9,11.1,9,"","","","","","","","","","","","","","","","","","","","","","","","","","","","","","","","","","","","","","","","","","","","","","","","","","","","","","","","","","","","","","","","","","","","","","","","","","","","","","","","","","","","","","","","","","","","","","","","","","","","","","","","","","","","","","","","","","","",""
"47323004","VILLENEUVE-SUR-LOT",44.3975,0.764,59,2015120115,0.,1,"","",0.,1,0,1,0.8,1,120,1,1401,9,1.,1,130,1,1401,9,"","","","","","","","","","","","","","","","",14.6,1,7.6,9,11.8,1,1401,9,14.6,1,1500,9,0,9,"","","","","","","","",17.2,9,"","","","","","",63,1,61,9,1455,9,81,9,1401,9,0,9,6,9,10.4,9,"","","","","","","","","","","","","","","","","","","","","","","","","","","","","","","","","","","","","","","","","","","","","","","","","","","","","","","","","","","","","","","","","","","","","","","","","","","","","","","","","","","","","","","","","","","","","","","","","","","","","","","","","","","","","","","","","","","",""
"47323004","VILLENEUVE-SUR-LOT",44.3975,0.764,59,2015120116,0.,1,"","",1.1,1,190,1,1.1,1,220,1,1511,9,1.5,1,220,1,1506,9,"","","","","","","","","","","","","","","","",10.4,1,5.9,9,10.4,1,1558,9,14.5,1,1501,9,0,9,"","","","","","","","",7.7,9,"","","","","","",74,1,62,9,1507,9,75,9,1554,9,0,9,0,9,9.3,9,"","","","","","","","","","","","","","","","","","","","","","","","","","","","","","","","","","","","","","","","","","","","","","","","","","","","","","","","","","","","","","","","","","","","","","","","","","","","","","","","","","","","","","","","","","","","","","","","","","","","","","","","","","","","","","","","","","","",""
"47323004","VILLENEUVE-SUR-LOT",44.3975,0.764,59,2015120117,0.,1,"","",0.,1,0,1,1.1,1,190,1,1601,9,1.2,1,200,1,1606,9,"","","","","","","","","","","","","","","","",6.5,1,5.5,9,6.5,1,1656,9,10.4,1,1601,9,0,9,"","","","","","","","",1.5,9,"","","","","","",93,1,74,9,1601,9,93,9,1658,9,0,9,50,9,9.,9,"","","","","","","","","","","","","","","","","","","","","","","","","","","","","","","","","","","","","","","","","","","","","","","","","","","","","","","","","","","","","","","","","","","","","","","","","","","","","","","","","","","","","","","","","","","","","","","","","","","","","","","","","","","","","","","","","","","",""
"47323004","VILLENEUVE-SUR-LOT",44.3975,0.764,59,2015120118,0.,1,"","",0.,1,0,1,0.,1,0,1,1701,9,0.5,1,50,1,1728,9,"","","","","","","","","","","","","","","","",4.5,1,3.9,9,4.5,1,1758,9,6.5,1,1701,9,0,9,"","","","","","","","",-0.1,9,"","","","","","",96,1,90,9,1704,9,96,9,1748,9,0,9,60,9,8.1,9,"","","","","","","","","","","","","","","","","","","","","","","","","","","","","","","","","","","","","","","","","","","","","","","","","","","","","","","","","","","","","","","","","","","","","","","","","","","","","","","","","","","","","","","","","","","","","","","","","","","","","","","","","","","","","","","","","","","",""
"47323004","VILLENEUVE-SUR-LOT",44.3975,0.764,59,2015120119,0.,1,"","",0.,1,0,1,0.,1,0,1,1801,9,0.8,1,90,1,1829,9,"","","","","","","","","","","","","","","","",3.1,1,2.5,9,3.1,9,1857,9,4.5,9,1801,9,0,9,"","","","","","","","",-1.1,9,"","","","","","",96,9,95,9,1803,9,98,9,1847,9,0,9,60,9,7.3,9,"","","","","","","","","","","","","","","","","","","","","","","","","","","","","","","","","","","","","","","","","","","","","","","","","","","","","","","","","","","","","","","","","","","","","","","","","","","","","","","","","","","","","","","","","","","","","","","","","","","","","","","","","","","","","","","","","","","",""
"47323004","VILLENEUVE-SUR-LOT",44.3975,0.764,59,2015120120,0.,1,"","",0.,1,0,1,0.6,1,100,1,1938,9,1.1,1,70,1,1938,9,"","","","","","","","","","","","","","","","",2.,1,1.5,9,2.,1,2000,9,3.1,1,1901,9,0,9,"","","","","","","","",-1.6,9,"","","","","","",97,1,96,9,1901,9,98,9,1918,9,0,9,60,9,6.8,9,"","","","","","","","","","","","","","","","","","","","","","","","","","","","","","","","","","","","","","","","","","","","","","","","","","","","","","","","","","","","","","","","","","","","","","","","","","","","","","","","","","","","","","","","","","","","","","","","","","","","","","","","","","","","","","","","","","","",""
"47323004","VILLENEUVE-SUR-LOT",44.3975,0.764,59,2015120121,0.,1,"","",0.,1,0,1,0.,1,0,1,2001,9,0.8,1,100,1,2100,9,"","","","","","","","","","","","","","","","",1.3,1,1.1,9,1.3,1,2058,9,2.1,1,2027,9,0,9,"","","","","","","","",-1.8,9,"","","","","","",98,1,96,9,2009,9,99,9,2027,9,0,9,60,9,6.6,9,"","","","","","","","","","","","","","","","","","","","","","","","","","","","","","","","","","","","","","","","","","","","","","","","","","","","","","","","","","","","","","","","","","","","","","","","","","","","","","","","","","","","","","","","","","","","","","","","","","","","","","","","","","","","","","","","","","","",""
"47323004","VILLENEUVE-SUR-LOT",44.3975,0.764,59,2015120122,0.,1,"","",0.,1,0,1,0.6,1,90,1,2106,9,1.,1,90,1,2101,9,"","","","","","","","","","","","","","","","",1.5,1,1.1,9,1.2,1,2108,9,1.6,1,2126,9,0,9,"","","","","","","","",-0.7,9,"","","","","","",97,1,96,9,2104,9,99,9,2112,9,0,9,60,9,6.6,9,"","","","","","","","","","","","","","","","","","","","","","","","","","","","","","","","","","","","","","","","","","","","","","","","","","","","","","","","","","","","","","","","","","","","","","","","","","","","","","","","","","","","","","","","","","","","","","","","","","","","","","","","","","","","","","","","","","","",""
"47323004","VILLENEUVE-SUR-LOT",44.3975,0.764,59,2015120123,0.,1,"","",1.1,1,100,1,1.2,1,90,1,2219,9,1.9,1,90,1,2218,9,"","","","","","","","","","","","","","","","",1.1,1,0.9,9,1.1,1,2241,9,1.5,1,2201,9,0,9,"","","","","","","","",0.5,9,"","","","","","",98,1,97,9,2205,9,100,9,2222,9,0,9,60,9,6.5,9,"","","","","","","","","","","","","","","","","","","","","","","","","","","","","","","","","","","","","","","","","","","","","","","","","","","","","","","","","","","","","","","","","","","","","","","","","","","","","","","","","","","","","","","","","","","","","","","","","","","","","","","","","","","","","","","","","","","",""
"47323004","VILLENEUVE-SUR-LOT",44.3975,0.764,59,2015120200,0.,1,"","",1.4,1,110,1,1.7,1,110,1,2346,9,2.6,1,120,1,2342,9,"","","","","","","","","","","","","","","","",1.8,1,1.7,9,1.2,1,2301,9,1.9,1,2339,9,0,9,"","","","","","","","",0.9,9,"","","","","","",99,1,97,9,2341,9,100,9,2311,9,0,9,60,9,6.9,9,"","","","","","","","","","","","","","","","","","","","","","","","","","","","","","","","","","","","","","","","","","","","","","","","","","","","","","","","","","","","","","","","","","","","","","","","","","","","","","","","","","","","","","","","","","","","","","","","","","","","","","","","","","","","","","","","","","","",""
"47323004","VILLENEUVE-SUR-LOT",44.3975,0.764,59,2015120201,0.,1,"","",1.,1,90,1,1.8,1,60,1,37,9,2.4,1,80,1,9,9,"","","","","","","","","","","","","","","","",1.6,1,1.5,9,1.6,1,41,9,1.9,1,3,9,0,9,"","","","","","","","",1.8,9,"","","","","","",99,1,97,9,23,9,100,9,4,9,0,9,60,9,6.8,9,"","","","","","","","","","","","","","","","","","","","","","","","","","","","","","","","","","","","","","","","","","","","","","","","","","","","","","","","","","","","","","","","","","","","","","","","","","","","","","","","","","","","","","","","","","","","","","","","","","","","","","","","","","","","","","","","","","","",""
"47323004","VILLENEUVE-SUR-LOT",44.3975,0.764,59,2015120202,0.,1,"","",1.6,1,70,1,1.7,1,80,1,155,9,2.4,1,60,1,152,9,"","","","","","","","","","","","","","","","",1.4,1,1.3,9,1.4,1,156,9,1.7,1,124,9,0,9,"","","","","","","","",1.7,9,"","","","","","",99,1,97,9,148,9,100,9,102,9,0,9,60,9,6.7,9,"","","","","","","","","","","","","","","","","","","","","","","","","","","","","","","","","","","","","","","","","","","","","","","","","","","","","","","","","","","","","","","","","","","","","","","","","","","","","","","","","","","","","","","","","","","","","","","","","","","","","","","","","","","","","","","","","","","",""
"47323004","VILLENEUVE-SUR-LOT",44.3975,0.764,59,2015120203,0.,1,"","",1.6,1,100,1,1.8,1,110,1,253,9,2.5,1,100,1,249,9,"","","","","","","","","","","","","","","","",1.2,1,1.1,9,1.1,1,252,9,1.5,1,214,9,0,9,"","","","","","","","",1.5,9,"","","","","","",99,1,98,9,201,9,100,9,208,9,0,9,60,9,6.6,9,"","","","","","","","","","","","","","","","","","","","","","","","","","","","","","","","","","","","","","","","","","","","","","","","","","","","","","","","","","","","","","","","","","","","","","","","","","","","","","","","","","","","","","","","","","","","","","","","","","","","","","","","","","","","","","","","","","","",""
"47323004","VILLENEUVE-SUR-LOT",44.3975,0.764,59,2015120204,0.,1,"","",1.8,1,80,1,1.8,1,90,1,337,9,2.8,1,80,1,400,9,"","","","","","","","","","","","","","","","",0.7,1,0.6,9,0.7,1,331,9,1.2,1,301,9,0,9,"","","","","","","","",1.,9,"","","","","","",99,1,98,9,302,9,100,9,308,9,0,9,60,9,6.4,9,"","","","","","","","","","","","","","","","","","","","","","","","","","","","","","","","","","","","","","","","","","","","","","","","","","","","","","","","","","","","","","","","","","","","","","","","","","","","","","","","","","","","","","","","","","","","","","","","","","","","","","","","","","","","","","","","","","","",""
"47323004","VILLENEUVE-SUR-LOT",44.3975,0.764,59,2015120205,0.,1,"","",3.2,1,100,1,3.2,1,100,1,500,9,4.5,1,100,1,459,9,"","","","","","","","","","","","","","","","",0.4,1,0.4,9,0.4,1,457,9,0.8,1,422,9,0,9,"","","","","","","","",0.7,9,"","","","","","",100,1,98,9,403,9,100,9,407,9,0,9,60,9,6.3,9,"","","","","","","","","","","","","","","","","","","","","","","","","","","","","","","","","","","","","","","","","","","","","","","","","","","","","","","","","","","","","","","","","","","","","","","","","","","","","","","","","","","","","","","","","","","","","","","","","","","","","","","","","","","","","","","","","","","",""
"47323004","VILLENEUVE-SUR-LOT",44.3975,0.764,59,2015120206,0.,1,"","",0.7,1,60,1,3.3,1,100,1,501,9,4.3,1,100,1,501,9,"","","","","","","","","","","","","","","","",-0.1,1,-0.3,9,-0.2,1,540,9,0.4,1,501,9,26,9,"","","","","","","","",0.1,9,"","","","","","",99,1,98,9,503,9,100,9,509,9,0,9,60,9,6.,9,"","","","","","","","","","","","","","","","","","","","","","","","","","","","","","","","","","","","","","","","","","","","","","","","","","","","","","","","","","","","","","","","","","","","","","","","","","","","","","","","","","","","","","","","","","","","","","","","","","","","","","","","","","","","","","","","","","","",""
"47323004","VILLENEUVE-SUR-LOT",44.3975,0.764,59,2015120207,0.,1,"","",0.8,1,60,1,1.5,1,50,1,636,9,2.6,1,50,1,632,9,"","","","","","","","","","","","","","","","",0.5,1,0.4,9,-0.1,9,601,9,0.5,9,659,9,11,9,"","","","","","","","",0.1,9,"","","","","","",99,9,98,9,607,9,100,9,602,9,0,9,60,9,6.3,9,"","","","","","","","","","","","","","","","","","","","","","","","","","","","","","","","","","","","","","","","","","","","","","","","","","","","","","","","","","","","","","","","","","","","","","","","","","","","","","","","","","","","","","","","","","","","","","","","","","","","","","","","","","","","","","","","","","","",""
"47323004","VILLENEUVE-SUR-LOT",44.3975,0.764,59,2015120208,0.,1,"","",0.9,1,80,1,2.8,1,100,1,721,9,4.3,1,110,1,716,9,"","","","","","","","","","","","","","","","",0.4,1,0.2,9,0.4,1,751,9,0.9,1,713,9,0,9,"","","","","","","","",0.8,9,"","","","","","",99,1,98,9,711,9,100,9,702,9,0,9,60,9,6.2,9,"","","","","","","","","","","","","","","","","","","","","","","","","","","","","","","","","","","","","","","","","","","","","","","","","","","","","","","","","","","","","","","","","","","","","","","","","","","","","","","","","","","","","","","","","","","","","","","","","","","","","","","","","","","","","","","","","","","",""
"47323004","VILLENEUVE-SUR-LOT",44.3975,0.764,59,2015120209,0.,1,"","",0.,1,0,1,1.3,1,80,1,817,9,2.1,1,90,1,812,9,"","","","","","","","","","","","","","","","",1.1,1,0.9,9,0.4,1,801,9,1.1,1,900,9,0,9,"","","","","","","","",1.3,9,"","","","","","",98,1,98,9,817,9,100,9,806,9,0,9,60,9,6.5,9,"","","","","","","","","","","","","","","","","","","","","","","","","","","","","","","","","","","","","","","","","","","","","","","","","","","","","","","","","","","","","","","","","","","","","","","","","","","","","","","","","","","","","","","","","","","","","","","","","","","","","","","","","","","","","","","","","","","",""
"47323004","VILLENEUVE-SUR-LOT",44.3975,0.764,59,2015120210,0.,1,"","",1.6,1,90,1,2.3,1,90,1,942,9,3.5,1,100,1,937,9,"","","","","","","","","","","","","","","","",1.4,1,1.4,9,1.,1,935,9,1.4,1,958,9,0,9,"","","","","","","","",2.2,9,"","","","","","",100,1,98,9,903,9,100,9,902,9,0,9,60,9,6.8,9,"","","","","","","","","","","","","","","","","","","","","","","","","","","","","","","","","","","","","","","","","","","","","","","","","","","","","","","","","","","","","","","","","","","","","","","","","","","","","","","","","","","","","","","","","","","","","","","","","","","","","","","","","","","","","","","","","","","",""
"47323004","VILLENEUVE-SUR-LOT",44.3975,0.764,59,2015120211,0.,1,"","",0.8,1,90,1,1.9,1,100,1,1019,9,2.9,1,100,1,1015,9,"","","","","","","","","","","","","","","","",2.,1,1.9,9,1.3,1,1001,9,2.,1,1057,9,0,9,"","","","","","","","",3.1,9,"","","","","","",99,1,98,9,1022,9,100,9,1008,9,0,9,60,9,7.,9,"","","","","","","","","","","","","","","","","","","","","","","","","","","","","","","","","","","","","","","","","","","","","","","","","","","","","","","","","","","","","","","","","","","","","","","","","","","","","","","","","","","","","","","","","","","","","","","","","","","","","","","","","","","","","","","","","","","",""
"47323004","VILLENEUVE-SUR-LOT",44.3975,0.764,59,2015120212,0.,1,"","",1.7,1,90,1,2.3,1,80,1,1151,9,3.2,1,90,1,1143,9,"","","","","","","","","","","","","","","","",3.4,1,3.4,9,1.9,1,1107,9,3.4,1,1159,9,0,9,"","","","","","","","",4.3,9,"","","","","","",100,1,98,9,1107,9,100,9,1101,9,0,9,60,9,7.8,9,"","","","","","","","","","","","","","","","","","","","","","","","","","","","","","","","","","","","","","","","","","","","","","","","","","","","","","","","","","","","","","","","","","","","","","","","","","","","","","","","","","","","","","","","","","","","","","","","","","","","","","","","","","","","","","","","","","","",""
"47323004","VILLENEUVE-SUR-LOT",44.3975,0.764,59,2015120213,0.,1,"","",1.7,1,120,1,1.9,1,70,1,1212,9,3.1,1,130,1,1250,9,"","","","","","","","","","","","","","","","",4.7,1,4.5,9,3.4,1,1201,9,4.9,1,1250,9,0,9,"","","","","","","","",5.8,9,"","","","","","",98,1,97,9,1232,9,100,9,1209,9,0,9,60,9,8.4,9,"","","","","","","","","","","","","","","","","","","","","","","","","","","","","","","","","","","","","","","","","","","","","","","","","","","","","","","","","","","","","","","","","","","","","","","","","","","","","","","","","","","","","","","","","","","","","","","","","","","","","","","","","","","","","","","","","","","",""
"47323004","VILLENEUVE-SUR-LOT",44.3975,0.764,59,2015120214,0.,1,"","",1.8,1,90,1,1.8,1,110,1,1349,9,3.,1,120,1,1333,9,"","","","","","","","","","","","","","","","",5.3,1,5.,9,4.7,1,1301,9,5.3,1,1348,9,0,9,"","","","","","","","",6.2,9,"","","","","","",98,1,97,9,1347,9,100,9,1303,9,0,9,60,9,8.7,9,"","","","","","","","","","","","","","","","","","","","","","","","","","","","","","","","","","","","","","","","","","","","","","","","","","","","","","","","","","","","","","","","","","","","","","","","","","","","","","","","","","","","","","","","","","","","","","","","","","","","","","","","","","","","","","","","","","","",""
"47323004","VILLENEUVE-SUR-LOT",44.3975,0.764,59,2015120215,0.,1,"","",1.1,1,120,1,2.1,1,90,1,1419,9,3.1,1,90,1,1419,9,"","","","","","","","","","","","","","","","",5.,1,4.6,9,5.,1,1447,9,5.5,1,1422,9,0,9,"","","","","","","","",5.9,9,"","","","","","",98,1,97,9,1432,9,99,9,1402,9,0,9,60,9,8.5,9,"","","","","","","","","","","","","","","","","","","","","","","","","","","","","","","","","","","","","","","","","","","","","","","","","","","","","","","","","","","","","","","","","","","","","","","","","","","","","","","","","","","","","","","","","","","","","","","","","","","","","","","","","","","","","","","","","","","",""
"47323004","VILLENEUVE-SUR-LOT",44.3975,0.764,59,2015120216,0.,1,"","",1.3,1,150,1,1.7,1,150,1,1542,9,2.9,1,130,1,1541,9,"","","","","","","","","","","","","","","","",5.,1,4.6,9,4.9,1,1501,9,5.1,1,1525,9,0,9,"","","","","","","","",5.6,9,"","","","","","",98,1,97,9,1504,9,99,9,1506,9,0,9,60,9,8.5,9,"","","","","","","","","","","","","","","","","","","","","","","","","","","","","","","","","","","","","","","","","","","","","","","","","","","","","","","","","","","","","","","","","","","","","","","","","","","","","","","","","","","","","","","","","","","","","","","","","","","","","","","","","","","","","","","","","","","",""
"47323004","VILLENEUVE-SUR-LOT",44.3975,0.764,59,2015120217,0.,1,"","",0.9,1,160,1,1.6,1,140,1,1603,9,3.,1,120,1,1610,9,"","","","","","","","","","","","","","","","",4.7,1,4.6,9,4.7,1,1655,9,5.,1,1601,9,0,9,"","","","","","","","",5.,9,"","","","","","",99,1,97,9,1604,9,99,9,1607,9,0,9,60,9,8.5,9,"","","","","","","","","","","","","","","","","","","","","","","","","","","","","","","","","","","","","","","","","","","","","","","","","","","","","","","","","","","","","","","","","","","","","","","","","","","","","","","","","","","","","","","","","","","","","","","","","","","","","","","","","","","","","","","","","","","",""
"47323004","VILLENEUVE-SUR-LOT",44.3975,0.764,59,2015120218,0.,1,"","",1.,1,130,1,1.,1,170,1,1748,9,1.9,1,140,1,1743,9,"","","","","","","","","","","","","","","","",4.7,1,4.5,9,4.7,1,1701,9,4.8,1,1741,9,0,9,"","","","","","","","",4.9,9,"","","","","","",98,1,97,9,1722,9,99,9,1701,9,0,9,60,9,8.4,9,"","","","","","","","","","","","","","","","","","","","","","","","","","","","","","","","","","","","","","","","","","","","","","","","","","","","","","","","","","","","","","","","","","","","","","","","","","","","","","","","","","","","","","","","","","","","","","","","","","","","","","","","","","","","","","","","","","","",""
"47323004","VILLENEUVE-SUR-LOT",44.3975,0.764,59,2015120219,0.,1,"","",0.9,1,140,1,1.,1,130,1,1801,9,2.,1,120,1,1900,9,"","","","","","","","","","","","","","","","",4.4,1,4.1,9,4.4,9,1855,9,4.7,9,1801,9,0,9,"","","","","","","","",4.6,9,"","","","","","",98,9,97,9,1805,9,100,9,1822,9,0,9,60,9,8.2,9,"","","","","","","","","","","","","","","","","","","","","","","","","","","","","","","","","","","","","","","","","","","","","","","","","","","","","","","","","","","","","","","","","","","","","","","","","","","","","","","","","","","","","","","","","","","","","","","","","","","","","","","","","","","","","","","","","","","",""
"47323004","VILLENEUVE-SUR-LOT",44.3975,0.764,59,2015120220,0.,1,"","",1.5,1,110,1,1.6,1,110,1,1959,9,2.7,1,110,1,1958,9,"","","","","","","","","","","","","","","","",3.8,1,3.6,9,3.8,1,1956,9,4.4,1,1901,9,0,9,"","","","","","","","",4.,9,"","","","","","",98,1,97,9,1938,9,99,9,1902,9,0,9,60,9,7.9,9,"","","","","","","","","","","","","","","","","","","","","","","","","","","","","","","","","","","","","","","","","","","","","","","","","","","","","","","","","","","","","","","","","","","","","","","","","","","","","","","","","","","","","","","","","","","","","","","","","","","","","","","","","","","","","","","","","","","",""
"47323004","VILLENEUVE-SUR-LOT",44.3975,0.764,59,2015120221,0.,1,"","",0.,1,0,1,1.5,1,110,1,2001,9,2.2,1,140,1,2005,9,"","","","","","","","","","","","","","","","",3.3,1,3.2,9,3.3,1,2054,9,3.8,1,2001,9,0,9,"","","","","","","","",3.6,9,"","","","","","",100,1,97,9,2010,9,100,9,2033,9,0,9,60,9,7.7,9,"","","","","","","","","","","","","","","","","","","","","","","","","","","","","","","","","","","","","","","","","","","","","","","","","","","","","","","","","","","","","","","","","","","","","","","","","","","","","","","","","","","","","","","","","","","","","","","","","","","","","","","","","","","","","","","","","","","",""
"47323004","VILLENEUVE-SUR-LOT",44.3975,0.764,59,2015120222,0.,1,"","",2.1,1,100,1,2.3,1,110,1,2158,9,3.3,1,120,1,2154,9,"","","","","","","","","","","","","","","","",3.,1,2.7,9,3.,1,2200,9,3.4,1,2108,9,0,9,"","","","","","","","",3.3,9,"","","","","","",98,1,97,9,2109,9,100,9,2118,9,0,9,60,9,7.4,9,"","","","","","","","","","","","","","","","","","","","","","","","","","","","","","","","","","","","","","","","","","","","","","","","","","","","","","","","","","","","","","","","","","","","","","","","","","","","","","","","","","","","","","","","","","","","","","","","","","","","","","","","","","","","","","","","","","","",""
"47323004","VILLENEUVE-SUR-LOT",44.3975,0.764,59,2015120223,0.,1,"","",1.4,1,120,1,2.,1,100,1,2201,9,2.7,1,130,1,2206,9,"","","","","","","","","","","","","","","","",2.4,1,2.1,9,2.3,1,2251,9,3.,1,2201,9,0,9,"","","","","","","","",2.6,9,"","","","","","",98,1,97,9,2228,9,100,9,2229,9,0,9,60,9,7.1,9,"","","","","","","","","","","","","","","","","","","","","","","","","","","","","","","","","","","","","","","","","","","","","","","","","","","","","","","","","","","","","","","","","","","","","","","","","","","","","","","","","","","","","","","","","","","","","","","","","","","","","","","","","","","","","","","","","","","",""
"47323004","VILLENEUVE-SUR-LOT",44.3975,0.764,59,2015120300,0.,1,"","",1.3,1,120,1,2.4,1,110,1,2341,9,3.3,1,130,1,2332,9,"","","","","","","","","","","","","","","","",1.7,1,1.5,9,1.7,1,2345,9,2.4,1,2301,9,0,9,"","","","","","","","",2.,9,"","","","","","",98,1,97,9,2332,9,100,9,2306,9,0,9,60,9,6.8,9,"","","","","","","","","","","","","","","","","","","","","","","","","","","","","","","","","","","","","","","","","","","","","","","","","","","","","","","","","","","","","","","","","","","","","","","","","","","","","","","","","","","","","","","","","","","","","","","","","","","","","","","","","","","","","","","","","","","",""
"47323004","VILLENEUVE-SUR-LOT",44.3975,0.764,59,2015120301,0.,1,"","",2.1,1,100,1,2.1,1,100,1,59,9,3.2,1,100,1,59,9,"","","","","","","","","","","","","","","","",2.1,1,1.9,9,1.6,1,6,9,2.1,1,57,9,0,9,"","","","","","","","",2.,9,"","","","","","",99,1,98,9,2,9,100,9,20,9,0,9,60,9,7.,9,"","","","","","","","","","","","","","","","","","","","","","","","","","","","","","","","","","","","","","","","","","","","","","","","","","","","","","","","","","","","","","","","","","","","","","","","","","","","","","","","","","","","","","","","","","","","","","","","","","","","","","","","","","","","","","","","","","","",""
"47323004","VILLENEUVE-SUR-LOT",44.3975,0.764,59,2015120302,0.,1,"","",1.9,1,80,1,2.2,1,100,1,102,9,2.7,1,90,1,159,9,"","","","","","","","","","","","","","","","",2.3,1,2.3,9,2.1,1,101,9,2.4,1,135,9,0,9,"","","","","","","","",2.5,9,"","","","","","",100,1,97,9,120,9,100,9,104,9,0,9,60,9,7.2,9,"","","","","","","","","","","","","","","","","","","","","","","","","","","","","","","","","","","","","","","","","","","","","","","","","","","","","","","","","","","","","","","","","","","","","","","","","","","","","","","","","","","","","","","","","","","","","","","","","","","","","","","","","","","","","","","","","","","",""
"47323004","VILLENEUVE-SUR-LOT",44.3975,0.764,59,2015120303,0.,1,"","",2.1,1,90,1,2.3,1,90,1,252,9,3.3,1,100,1,249,9,"","","","","","","","","","","","","","","","",2.6,1,2.6,9,2.3,1,201,9,2.6,1,242,9,0,9,"","","","","","","","",2.6,9,"","","","","","",100,1,97,9,214,9,100,9,209,9,0,9,60,9,7.4,9,"","","","","","","","","","","","","","","","","","","","","","","","","","","","","","","","","","","","","","","","","","","","","","","","","","","","","","","","","","","","","","","","","","","","","","","","","","","","","","","","","","","","","","","","","","","","","","","","","","","","","","","","","","","","","","","","","","","",""
"47323004","VILLENEUVE-SUR-LOT",44.3975,0.764,59,2015120304,0.,1,"","",2.,1,70,1,2.1,1,90,1,301,9,2.6,1,60,1,359,9,"","","","","","","","","","","","","","","","",2.7,1,2.5,9,2.6,1,301,9,2.7,1,315,9,0,9,"","","","","","","","",2.8,9,"","","","","","",99,1,97,9,335,9,100,9,308,9,0,9,60,9,7.3,9,"","","","","","","","","","","","","","","","","","","","","","","","","","","","","","","","","","","","","","","","","","","","","","","","","","","","","","","","","","","","","","","","","","","","","","","","","","","","","","","","","","","","","","","","","","","","","","","","","","","","","","","","","","","","","","","","","","","",""
"47323004","VILLENEUVE-SUR-LOT",44.3975,0.764,59,2015120305,0.,1,"","",3.1,1,100,1,3.3,1,110,1,445,9,4.7,1,110,1,439,9,"","","","","","","","","","","","","","","","",3.2,1,3.,9,2.7,1,401,9,3.2,1,435,9,0,9,"","","","","","","","",3.,9,"","","","","","",99,1,98,9,402,9,100,9,403,9,0,9,60,9,7.6,9,"","","","","","","","","","","","","","","","","","","","","","","","","","","","","","","","","","","","","","","","","","","","","","","","","","","","","","","","","","","","","","","","","","","","","","","","","","","","","","","","","","","","","","","","","","","","","","","","","","","","","","","","","","","","","","","","","","","",""
"47323004","VILLENEUVE-SUR-LOT",44.3975,0.764,59,2015120306,0.,1,"","",1.8,1,100,1,3.1,1,100,1,501,9,4.1,1,100,1,524,9,"","","","","","","","","","","","","","","","",3.4,1,3.2,9,3.2,9,501,9,3.4,9,544,9,0,9,"","","","","","","","",3.3,9,"","","","","","",99,9,98,9,502,9,100,9,517,9,0,9,60,9,7.7,9,"","","","","","","","","","","","","","","","","","","","","","","","","","","","","","","","","","","","","","","","","","","","","","","","","","","","","","","","","","","","","","","","","","","","","","","","","","","","","","","","","","","","","","","","","","","","","","","","","","","","","","","","","","","","","","","","","","","",""
"47323004","VILLENEUVE-SUR-LOT",44.3975,0.764,59,2015120307,0.,1,"","",2.1,1,90,1,2.7,1,100,1,627,9,3.6,1,80,1,626,9,"","","","","","","","","","","","","","","","",3.2,1,3.,9,3.2,1,653,9,3.4,1,601,9,0,9,"","","","","","","","",2.9,9,"","","","","","",99,1,98,9,603,9,100,9,607,9,0,9,60,9,7.6,9,"","","","","","","","","","","","","","","","","","","","","","","","","","","","","","","","","","","","","","","","","","","","","","","","","","","","","","","","","","","","","","","","","","","","","","","","","","","","","","","","","","","","","","","","","","","","","","","","","","","","","","","","","","","","","","","","","","","",""
"47323004","VILLENEUVE-SUR-LOT",44.3975,0.764,59,2015120308,0.,1,"","",2.,1,80,1,2.9,1,90,1,732,9,3.8,1,90,1,725,9,"","","","","","","","","","","","","","","","",3.1,1,3.,9,3.,1,736,9,3.2,1,701,9,0,9,"","","","","","","","",2.8,9,"","","","","","",99,1,98,9,704,9,100,9,717,9,0,9,60,9,7.6,9,"","","","","","","","","","","","","","","","","","","","","","","","","","","","","","","","","","","","","","","","","","","","","","","","","","","","","","","","","","","","","","","","","","","","","","","","","","","","","","","","","","","","","","","","","","","","","","","","","","","","","","","","","","","","","","","","","","","",""
"47323004","VILLENEUVE-SUR-LOT",44.3975,0.764,59,2015120309,0.,1,"","",2.3,1,90,1,2.3,1,80,1,856,9,3.1,1,90,1,825,9,"","","","","","","","","","","","","","","","",4.3,1,3.9,9,3.1,1,801,9,4.3,1,900,9,0,9,"","","","","","","","",3.5,9,"","","","","","",98,1,98,9,801,9,100,9,810,9,0,9,60,9,8.1,9,"","","","","","","","","","","","","","","","","","","","","","","","","","","","","","","","","","","","","","","","","","","","","","","","","","","","","","","","","","","","","","","","","","","","","","","","","","","","","","","","","","","","","","","","","","","","","","","","","","","","","","","","","","","","","","","","","","","",""
"47323004","VILLENEUVE-SUR-LOT",44.3975,0.764,59,2015120310,0.,1,"","",2.5,1,120,1,2.5,1,120,1,957,9,5.7,1,130,1,953,9,"","","","","","","","","","","","","","","","",7.4,1,6.1,9,4.3,1,901,9,7.4,1,959,9,0,9,"","","","","","","","",5.6,9,"","","","","","",91,1,91,9,1000,9,100,9,907,9,0,9,60,9,9.4,9,"","","","","","","","","","","","","","","","","","","","","","","","","","","","","","","","","","","","","","","","","","","","","","","","","","","","","","","","","","","","","","","","","","","","","","","","","","","","","","","","","","","","","","","","","","","","","","","","","","","","","","","","","","","","","","","","","","","",""
"47323004","VILLENEUVE-SUR-LOT",44.3975,0.764,59,2015120311,0.,1,"","",2.6,1,90,1,3.7,1,90,1,1018,9,5.4,1,80,1,1014,9,"","","","","","","","","","","","","","","","",9.3,1,5.6,9,7.5,1,1001,9,9.3,1,1057,9,0,9,"","","","","","","","",11.5,9,"","","","","","",78,1,78,9,1100,9,92,9,1001,9,0,9,57,9,9.1,9,"","","","","","","","","","","","","","","","","","","","","","","","","","","","","","","","","","","","","","","","","","","","","","","","","","","","","","","","","","","","","","","","","","","","","","","","","","","","","","","","","","","","","","","","","","","","","","","","","","","","","","","","","","","","","","","","","","","",""
"47323004","VILLENEUVE-SUR-LOT",44.3975,0.764,59,2015120312,0.,1,"","",3.7,1,130,1,4.1,1,130,1,1156,9,8.6,1,120,1,1140,9,"","","","","","","","","","","","","","","","",10.5,1,5.6,9,9.3,1,1101,9,10.5,1,1200,9,0,9,"","","","","","","","",13.6,9,"","","","","","",72,1,71,9,1148,9,80,9,1101,9,0,9,3,9,9.1,9,"","","","","","","","","","","","","","","","","","","","","","","","","","","","","","","","","","","","","","","","","","","","","","","","","","","","","","","","","","","","","","","","","","","","","","","","","","","","","","","","","","","","","","","","","","","","","","","","","","","","","","","","","","","","","","","","","","","",""
"47323004","VILLENEUVE-SUR-LOT",44.3975,0.764,59,2015120313,0.,1,"","",2.5,1,100,1,3.4,1,140,1,1201,9,6.4,1,110,1,1203,9,"","","","","","","","","","","","","","","","",11.8,1,5.9,9,10.5,1,1201,9,11.8,1,1246,9,0,9,"","","","","","","","",14.6,9,"","","","","","",67,1,65,9,1239,9,73,9,1207,9,0,9,0,9,9.3,9,"","","","","","","","","","","","","","","","","","","","","","","","","","","","","","","","","","","","","","","","","","","","","","","","","","","","","","","","","","","","","","","","","","","","","","","","","","","","","","","","","","","","","","","","","","","","","","","","","","","","","","","","","","","","","","","","","","","",""
"47323004","VILLENEUVE-SUR-LOT",44.3975,0.764,59,2015120314,0.,1,"","",3.3,1,130,1,3.9,1,110,1,1333,9,6.8,1,100,1,1310,9,"","","","","","","","","","","","","","","","",11.4,1,5.8,9,11.1,1,1338,9,11.8,1,1303,9,0,9,"","","","","","","","",11.6,9,"","","","","","",68,1,63,9,1312,9,69,9,1345,9,0,9,0,9,9.2,9,"","","","","","","","","","","","","","","","","","","","","","","","","","","","","","","","","","","","","","","","","","","","","","","","","","","","","","","","","","","","","","","","","","","","","","","","","","","","","","","","","","","","","","","","","","","","","","","","","","","","","","","","","","","","","","","","","","","",""
"47323004","VILLENEUVE-SUR-LOT",44.3975,0.764,59,2015120315,0.,1,"","",3.2,1,120,1,5.2,1,110,1,1436,9,7.7,1,120,1,1440,9,"","","","","","","","","","","","","","","","",11.5,1,5.3,9,11.3,1,1409,9,11.8,1,1424,9,0,9,"","","","","","","","",11.7,9,"","","","","","",66,1,66,9,1408,9,69,9,1406,9,0,9,0,9,8.9,9,"","","","","","","","","","","","","","","","","","","","","","","","","","","","","","","","","","","","","","","","","","","","","","","","","","","","","","","","","","","","","","","","","","","","","","","","","","","","","","","","","","","","","","","","","","","","","","","","","","","","","","","","","","","","","","","","","","","",""
"47323004","VILLENEUVE-SUR-LOT",44.3975,0.764,59,2015120316,0.,1,"","",2.1,1,80,1,2.9,1,120,1,1501,9,4.,1,120,1,1505,9,"","","","","","","","","","","","","","","","",10.3,1,5.9,9,10.2,1,1555,9,11.7,1,1506,9,0,9,"","","","","","","","",7.5,9,"","","","","","",74,1,66,9,1508,9,75,9,1546,9,0,9,0,9,9.3,9,"","","","","","","","","","","","","","","","","","","","","","","","","","","","","","","","","","","","","","","","","","","","","","","","","","","","","","","","","","","","","","","","","","","","","","","","","","","","","","","","","","","","","","","","","","","","","","","","","","","","","","","","","","","","","","","","","","","",""
"47323004","VILLENEUVE-SUR-LOT",44.3975,0.764,59,2015120317,0.,1,"","",1.9,1,60,1,3.,1,60,1,1634,9,4.3,1,70,1,1634,9,"","","","","","","","","","","","","","","","",9.6,1,6.2,9,9.4,1,1656,9,10.4,1,1605,9,0,9,"","","","","","","","",6.1,9,"","","","","","",80,1,74,9,1602,9,80,9,1648,9,0,9,6,9,9.5,9,"","","","","","","","","","","","","","","","","","","","","","","","","","","","","","","","","","","","","","","","","","","","","","","","","","","","","","","","","","","","","","","","","","","","","","","","","","","","","","","","","","","","","","","","","","","","","","","","","","","","","","","","","","","","","","","","","","","",""
"47323004","VILLENEUVE-SUR-LOT",44.3975,0.764,59,2015120318,0.,1,"","",3.4,1,90,1,3.4,1,90,1,1756,9,6.9,1,120,1,1757,9,"","","","","","","","","","","","","","","","",10.3,1,6.1,9,9.,9,1723,9,10.5,9,1756,9,0,9,"","","","","","","","",5.8,9,"","","","","","",75,9,74,9,1749,9,81,9,1723,9,0,9,13,9,9.4,9,"","","","","","","","","","","","","","","","","","","","","","","","","","","","","","","","","","","","","","","","","","","","","","","","","","","","","","","","","","","","","","","","","","","","","","","","","","","","","","","","","","","","","","","","","","","","","","","","","","","","","","","","","","","","","","","","","","","",""
"47323004","VILLENEUVE-SUR-LOT",44.3975,0.764,59,2015120319,0.,1,"","",2.6,1,110,1,3.5,1,90,1,1801,9,6.5,1,90,1,1838,9,"","","","","","","","","","","","","","","","",10.2,1,5.8,9,10.1,1,1826,9,10.4,1,1801,9,0,9,"","","","","","","","",7.9,9,"","","","","","",74,1,73,9,1848,9,76,9,1806,9,0,9,0,9,9.2,9,"","","","","","","","","","","","","","","","","","","","","","","","","","","","","","","","","","","","","","","","","","","","","","","","","","","","","","","","","","","","","","","","","","","","","","","","","","","","","","","","","","","","","","","","","","","","","","","","","","","","","","","","","","","","","","","","","","","",""
"47323004","VILLENEUVE-SUR-LOT",44.3975,0.764,59,2015120320,0.,1,"","",2.3,1,90,1,2.8,1,110,1,1901,9,7.3,1,100,1,1910,9,"","","","","","","","","","","","","","","","",9.8,1,5.5,9,9.7,1,1955,9,10.2,1,1901,9,0,9,"","","","","","","","",7.6,9,"","","","","","",74,1,72,9,1907,9,74,9,1902,9,0,9,0,9,9.,9,"","","","","","","","","","","","","","","","","","","","","","","","","","","","","","","","","","","","","","","","","","","","","","","","","","","","","","","","","","","","","","","","","","","","","","","","","","","","","","","","","","","","","","","","","","","","","","","","","","","","","","","","","","","","","","","","","","","",""
"47323004","VILLENEUVE-SUR-LOT",44.3975,0.764,59,2015120321,0.,1,"","",1.8,1,60,1,3.5,1,90,1,2030,9,7.6,1,120,1,2028,9,"","","","","","","","","","","","","","","","",9.7,1,5.3,9,9.7,1,2059,9,10.,1,2015,9,0,9,"","","","","","","","",7.6,9,"","","","","","",74,1,72,9,2002,9,74,9,2005,9,0,9,0,9,8.9,9,"","","","","","","","","","","","","","","","","","","","","","","","","","","","","","","","","","","","","","","","","","","","","","","","","","","","","","","","","","","","","","","","","","","","","","","","","","","","","","","","","","","","","","","","","","","","","","","","","","","","","","","","","","","","","","","","","","","",""
"47323004","VILLENEUVE-SUR-LOT",44.3975,0.764,59,2015120322,0.,1,"","",2.7,1,70,1,3.2,1,60,1,2139,9,5.8,1,110,1,2156,9,"","","","","","","","","","","","","","","","",9.6,1,5.5,9,9.4,1,2126,9,9.7,1,2157,9,0,9,"","","","","","","","",7.2,9,"","","","","","",75,1,74,9,2101,9,77,9,2146,9,0,9,0,9,9.,9,"","","","","","","","","","","","","","","","","","","","","","","","","","","","","","","","","","","","","","","","","","","","","","","","","","","","","","","","","","","","","","","","","","","","","","","","","","","","","","","","","","","","","","","","","","","","","","","","","","","","","","","","","","","","","","","","","","","",""
"47323004","VILLENEUVE-SUR-LOT",44.3975,0.764,59,2015120323,0.,1,"","",3.6,1,70,1,3.6,1,60,1,2248,9,6.9,1,90,1,2256,9,"","","","","","","","","","","","","","","","",9.7,1,5.5,9,9.5,1,2217,9,9.8,1,2225,9,0,9,"","","","","","","","",7.7,9,"","","","","","",75,1,74,9,2201,9,77,9,2236,9,0,9,0,9,9.,9,"","","","","","","","","","","","","","","","","","","","","","","","","","","","","","","","","","","","","","","","","","","","","","","","","","","","","","","","","","","","","","","","","","","","","","","","","","","","","","","","","","","","","","","","","","","","","","","","","","","","","","","","","","","","","","","","","","","",""
"47323004","VILLENEUVE-SUR-LOT",44.3975,0.764,59,2015120400,0.,1,"","",3.7,1,70,1,4.,1,70,1,2329,9,6.8,1,50,1,2324,9,"","","","","","","","","","","","","","","","",9.4,1,5.6,9,9.4,1,2337,9,9.8,1,2307,9,0,9,"","","","","","","","",7.6,9,"","","","","","",77,1,75,9,2309,9,77,9,2305,9,0,9,0,9,9.1,9,"","","","","","","","","","","","","","","","","","","","","","","","","","","","","","","","","","","","","","","","","","","","","","","","","","","","","","","","","","","","","","","","","","","","","","","","","","","","","","","","","","","","","","","","","","","","","","","","","","","","","","","","","","","","","","","","","","","",""
"47323004","VILLENEUVE-SUR-LOT",44.3975,0.764,59,2015120401,0.,1,"","",3.2,1,70,1,3.8,1,70,1,8,9,6.7,1,80,1,8,9,"","","","","","","","","","","","","","","","",9.5,1,5.6,9,9.3,1,8,9,9.6,1,35,9,0,9,"","","","","","","","",7.9,9,"","","","","","",77,1,76,9,3,9,78,9,7,9,0,9,0,9,9.1,9,"","","","","","","","","","","","","","","","","","","","","","","","","","","","","","","","","","","","","","","","","","","","","","","","","","","","","","","","","","","","","","","","","","","","","","","","","","","","","","","","","","","","","","","","","","","","","","","","","","","","","","","","","","","","","","","","","","","",""
"47323004","VILLENEUVE-SUR-LOT",44.3975,0.764,59,2015120402,0.,1,"","",2.6,1,80,1,3.4,1,70,1,104,9,5.,1,80,1,119,9,"","","","","","","","","","","","","","","","",9.2,1,5.8,9,8.8,1,146,9,9.5,1,105,9,0,9,"","","","","","","","",6.4,9,"","","","","","",79,1,77,9,102,9,81,9,154,9,0,9,15,9,9.2,9,"","","","","","","","","","","","","","","","","","","","","","","","","","","","","","","","","","","","","","","","","","","","","","","","","","","","","","","","","","","","","","","","","","","","","","","","","","","","","","","","","","","","","","","","","","","","","","","","","","","","","","","","","","","","","","","","","","","",""
"47323004","VILLENEUVE-SUR-LOT",44.3975,0.764,59,2015120403,0.,1,"","",3.6,1,100,1,3.7,1,100,1,254,9,5.4,1,90,1,253,9,"","","","","","","","","","","","","","","","",8.7,1,5.3,9,8.7,1,300,9,9.3,1,218,9,0,9,"","","","","","","","",6.6,9,"","","","","","",79,1,78,9,202,9,80,9,203,9,0,9,10,9,8.9,9,"","","","","","","","","","","","","","","","","","","","","","","","","","","","","","","","","","","","","","","","","","","","","","","","","","","","","","","","","","","","","","","","","","","","","","","","","","","","","","","","","","","","","","","","","","","","","","","","","","","","","","","","","","","","","","","","","","","",""
"47323004","VILLENEUVE-SUR-LOT",44.3975,0.764,59,2015120404,0.,1,"","",2.7,1,100,1,4.6,1,100,1,328,9,7.,1,130,1,332,9,"","","","","","","","","","","","","","","","",9.,1,5.8,9,8.7,1,301,9,9.1,1,344,9,0,9,"","","","","","","","",6.6,9,"","","","","","",80,1,78,9,314,9,81,9,327,9,0,9,27,9,9.2,9,"","","","","","","","","","","","","","","","","","","","","","","","","","","","","","","","","","","","","","","","","","","","","","","","","","","","","","","","","","","","","","","","","","","","","","","","","","","","","","","","","","","","","","","","","","","","","","","","","","","","","","","","","","","","","","","","","","","",""
"47323004","VILLENEUVE-SUR-LOT",44.3975,0.764,59,2015120405,0.,1,"","",2.8,1,100,1,3.8,1,100,1,431,9,6.5,1,110,1,426,9,"","","","","","","","","","","","","","","","",9.1,1,5.8,9,8.9,1,409,9,9.2,1,423,9,0,9,"","","","","","","","",7.6,9,"","","","","","",80,1,78,9,429,9,81,9,410,9,0,9,15,9,9.2,9,"","","","","","","","","","","","","","","","","","","","","","","","","","","","","","","","","","","","","","","","","","","","","","","","","","","","","","","","","","","","","","","","","","","","","","","","","","","","","","","","","","","","","","","","","","","","","","","","","","","","","","","","","","","","","","","","","","","",""
"47323004","VILLENEUVE-SUR-LOT",44.3975,0.764,59,2015120406,0.,1,"","",3.7,1,110,1,3.7,1,110,1,600,9,5.8,1,110,1,558,9,"","","","","","","","","","","","","","","","",8.9,1,5.8,9,8.6,1,547,9,9.3,1,513,9,0,9,"","","","","","","","",7.,9,"","","","","","",81,1,77,9,514,9,82,9,546,9,0,9,31,9,9.2,9,"","","","","","","","","","","","","","","","","","","","","","","","","","","","","","","","","","","","","","","","","","","","","","","","","","","","","","","","","","","","","","","","","","","","","","","","","","","","","","","","","","","","","","","","","","","","","","","","","","","","","","","","","","","","","","","","","","","",""
"47323004","VILLENEUVE-SUR-LOT",44.3975,0.764,59,2015120407,0.,1,"","",0.,1,0,1,3.9,1,100,1,601,9,5.,1,110,1,601,9,"","","","","","","","","","","","","","","","",8.2,1,5.3,9,8.2,9,659,9,8.9,9,601,9,0,9,"","","","","","","","",6.1,9,"","","","","","",82,9,80,9,602,9,83,9,612,9,0,9,60,9,8.9,9,"","","","","","","","","","","","","","","","","","","","","","","","","","","","","","","","","","","","","","","","","","","","","","","","","","","","","","","","","","","","","","","","","","","","","","","","","","","","","","","","","","","","","","","","","","","","","","","","","","","","","","","","","","","","","","","","","","","",""
"47323004","VILLENEUVE-SUR-LOT",44.3975,0.764,59,2015120408,0.,1,"","",0.,1,0,1,2.4,1,120,1,735,9,4.3,1,140,1,730,9,"","","","","","","","","","","","","","","","",7.6,1,5.1,9,7.6,1,800,9,8.5,1,717,9,0,9,"","","","","","","","",5.9,9,"","","","","","",84,1,81,9,719,9,85,9,751,9,0,9,60,9,8.8,9,"","","","","","","","","","","","","","","","","","","","","","","","","","","","","","","","","","","","","","","","","","","","","","","","","","","","","","","","","","","","","","","","","","","","","","","","","","","","","","","","","","","","","","","","","","","","","","","","","","","","","","","","","","","","","","","","","","","",""
"47323004","VILLENEUVE-SUR-LOT",44.3975,0.764,59,2015120409,0.,1,"","",0.,1,0,1,0.6,1,40,1,823,9,1.6,1,80,1,845,9,"","","","","","","","","","","","","","","","",9.7,1,6.1,9,7.6,1,801,9,9.7,1,856,9,0,9,"","","","","","","","",6.1,9,"","","","","","",78,1,77,9,841,9,88,9,816,9,0,9,43,9,9.4,9,"","","","","","","","","","","","","","","","","","","","","","","","","","","","","","","","","","","","","","","","","","","","","","","","","","","","","","","","","","","","","","","","","","","","","","","","","","","","","","","","","","","","","","","","","","","","","","","","","","","","","","","","","","","","","","","","","","","",""
"47323004","VILLENEUVE-SUR-LOT",44.3975,0.764,59,2015120410,0.,1,"","",0.6,1,170,1,2.2,1,160,1,926,9,4.1,1,180,1,918,9,"","","","","","","","","","","","","","","","",10.6,1,6.4,9,9.7,1,901,9,10.6,1,954,9,0,9,"","","","","","","","",11.3,9,"","","","","","",75,1,75,9,944,9,80,9,901,9,0,9,1,9,9.6,9,"","","","","","","","","","","","","","","","","","","","","","","","","","","","","","","","","","","","","","","","","","","","","","","","","","","","","","","","","","","","","","","","","","","","","","","","","","","","","","","","","","","","","","","","","","","","","","","","","","","","","","","","","","","","","","","","","","","",""
"47323004","VILLENEUVE-SUR-LOT",44.3975,0.764,59,2015120411,0.,1,"","",0.7,1,100,1,1.2,1,120,1,1049,9,2.,1,100,1,1047,9,"","","","","","","","","","","","","","","","",11.1,1,7.4,9,10.6,1,1001,9,11.1,1,1034,9,0,9,"","","","","","","","",11.9,9,"","","","","","",78,1,75,9,1012,9,78,9,1015,9,0,9,0,9,10.3,9,"","","","","","","","","","","","","","","","","","","","","","","","","","","","","","","","","","","","","","","","","","","","","","","","","","","","","","","","","","","","","","","","","","","","","","","","","","","","","","","","","","","","","","","","","","","","","","","","","","","","","","","","","","","","","","","","","","","",""
"47323004","VILLENEUVE-SUR-LOT",44.3975,0.764,59,2015120412,0.,1,"","",0.,1,0,1,0.9,1,30,1,1127,9,1.6,1,30,1,1128,9,"","","","","","","","","","","","","","","","",11.7,1,7.6,9,11.2,1,1101,9,11.7,1,1157,9,0,9,"","","","","","","","",13.,9,"","","","","","",76,1,75,9,1126,9,78,9,1102,9,0,9,0,9,10.4,9,"","","","","","","","","","","","","","","","","","","","","","","","","","","","","","","","","","","","","","","","","","","","","","","","","","","","","","","","","","","","","","","","","","","","","","","","","","","","","","","","","","","","","","","","","","","","","","","","","","","","","","","","","","","","","","","","","","","",""
"47323004","VILLENEUVE-SUR-LOT",44.3975,0.764,59,2015120413,0.,1,"","",1.6,1,280,1,1.7,1,280,1,1258,9,2.5,1,300,1,1250,9,"","","","","","","","","","","","","","","","",11.9,1,8.8,9,11.7,1,1201,9,11.9,1,1249,9,0,9,"","","","","","","","",12.6,9,"","","","","","",81,1,75,9,1202,9,81,9,1252,9,0,9,10,9,11.3,9,"","","","","","","","","","","","","","","","","","","","","","","","","","","","","","","","","","","","","","","","","","","","","","","","","","","","","","","","","","","","","","","","","","","","","","","","","","","","","","","","","","","","","","","","","","","","","","","","","","","","","","","","","","","","","","","","","","","",""
"47323004","VILLENEUVE-SUR-LOT",44.3975,0.764,59,2015120414,0.,1,"","",1.,1,250,1,1.6,1,280,1,1301,9,2.3,1,280,1,1316,9,"","","","","","","","","","","","","","","","",11.8,1,8.7,9,11.8,1,1353,9,12.,1,1306,9,0,9,"","","","","","","","",12.1,9,"","","","","","",81,1,78,9,1310,9,82,9,1329,9,0,9,53,9,11.2,9,"","","","","","","","","","","","","","","","","","","","","","","","","","","","","","","","","","","","","","","","","","","","","","","","","","","","","","","","","","","","","","","","","","","","","","","","","","","","","","","","","","","","","","","","","","","","","","","","","","","","","","","","","","","","","","","","","","","",""
"47323004","VILLENEUVE-SUR-LOT",44.3975,0.764,59,2015120415,0.,1,"","",1.4,1,270,1,1.8,1,290,1,1434,9,2.6,1,290,1,1500,9,"","","","","","","","","","","","","","","","",11.5,1,8.5,9,11.5,1,1456,9,11.8,1,1401,9,0,9,"","","","","","","","",11.5,9,"","","","","","",82,1,81,9,1401,9,85,9,1431,9,0,9,60,9,11.1,9,"","","","","","","","","","","","","","","","","","","","","","","","","","","","","","","","","","","","","","","","","","","","","","","","","","","","","","","","","","","","","","","","","","","","","","","","","","","","","","","","","","","","","","","","","","","","","","","","","","","","","","","","","","","","","","","","","","","",""
"47323004","VILLENEUVE-SUR-LOT",44.3975,0.764,59,2015120416,0.,1,"","",0.7,1,260,1,2.,1,280,1,1521,9,2.8,1,290,1,1501,9,"","","","","","","","","","","","","","","","",11.2,1,8.8,9,11.2,1,1555,9,11.5,1,1501,9,0,9,"","","","","","","","",10.1,9,"","","","","","",85,1,82,9,1503,9,85,9,1520,9,0,9,60,9,11.3,9,"","","","","","","","","","","","","","","","","","","","","","","","","","","","","","","","","","","","","","","","","","","","","","","","","","","","","","","","","","","","","","","","","","","","","","","","","","","","","","","","","","","","","","","","","","","","","","","","","","","","","","","","","","","","","","","","","","","",""
"47323004","VILLENEUVE-SUR-LOT",44.3975,0.764,59,2015120417,0.,1,"","",0.5,1,260,1,1.,1,300,1,1626,9,1.2,1,300,1,1620,9,"","","","","","","","","","","","","","","","",10.,1,8.3,9,10.,1,1700,9,11.2,1,1601,9,0,9,"","","","","","","","",8.,9,"","","","","","",89,1,85,9,1601,9,90,9,1654,9,0,9,60,9,10.9,9,"","","","","","","","","","","","","","","","","","","","","","","","","","","","","","","","","","","","","","","","","","","","","","","","","","","","","","","","","","","","","","","","","","","","","","","","","","","","","","","","","","","","","","","","","","","","","","","","","","","","","","","","","","","","","","","","","","","",""
"47323004","VILLENEUVE-SUR-LOT",44.3975,0.764,59,2015120418,0.,1,"","",0.,1,0,1,0.5,1,110,1,1716,9,0.9,1,110,1,1710,9,"","","","","","","","","","","","","","","","",8.2,1,6.8,9,8.2,1,1800,9,10.,1,1701,9,0,9,"","","","","","","","",4.6,9,"","","","","","",91,1,88,9,1701,9,94,9,1742,9,0,9,60,9,9.9,9,"","","","","","","","","","","","","","","","","","","","","","","","","","","","","","","","","","","","","","","","","","","","","","","","","","","","","","","","","","","","","","","","","","","","","","","","","","","","","","","","","","","","","","","","","","","","","","","","","","","","","","","","","","","","","","","","","","","",""
"47323004","VILLENEUVE-SUR-LOT",44.3975,0.764,59,2015120419,0.,1,"","",0.,1,0,1,0.,1,0,1,1801,9,0.8,1,320,1,1811,9,"","","","","","","","","","","","","","","","",6.8,1,6.2,9,6.7,9,1853,9,8.2,9,1801,9,0,9,"","","","","","","","",3.4,9,"","","","","","",96,9,91,9,1801,9,97,9,1827,9,0,9,60,9,9.5,9,"","","","","","","","","","","","","","","","","","","","","","","","","","","","","","","","","","","","","","","","","","","","","","","","","","","","","","","","","","","","","","","","","","","","","","","","","","","","","","","","","","","","","","","","","","","","","","","","","","","","","","","","","","","","","","","","","","","",""
"47323004","VILLENEUVE-SUR-LOT",44.3975,0.764,59,2015120420,0.,1,"","",0.8,1,30,1,0.8,1,130,1,1910,9,1.4,1,80,1,1920,9,"","","","","","","","","","","","","","","","",5.2,1,4.6,9,5.2,1,2000,9,7.1,1,1913,9,0,9,"","","","","","","","",1.3,9,"","","","","","",96,1,95,9,1901,9,98,9,1912,9,0,9,60,9,8.5,9,"","","","","","","","","","","","","","","","","","","","","","","","","","","","","","","","","","","","","","","","","","","","","","","","","","","","","","","","","","","","","","","","","","","","","","","","","","","","","","","","","","","","","","","","","","","","","","","","","","","","","","","","","","","","","","","","","","","",""
"47323004","VILLENEUVE-SUR-LOT",44.3975,0.764,59,2015120421,0.,1,"","",1.,1,70,1,1.1,1,70,1,2054,9,1.4,1,70,1,2048,9,"","","","","","","","","","","","","","","","",4.7,1,4.3,9,4.6,1,2050,9,5.5,1,2018,9,0,9,"","","","","","","","",0.8,9,"","","","","","",97,1,96,9,2003,9,98,9,2007,9,0,9,60,9,8.3,9,"","","","","","","","","","","","","","","","","","","","","","","","","","","","","","","","","","","","","","","","","","","","","","","","","","","","","","","","","","","","","","","","","","","","","","","","","","","","","","","","","","","","","","","","","","","","","","","","","","","","","","","","","","","","","","","","","","","",""
"47323004","VILLENEUVE-SUR-LOT",44.3975,0.764,59,2015120422,0.,1,"","",0.,1,0,1,1.1,1,80,1,2107,9,1.4,1,70,1,2106,9,"","","","","","","","","","","","","","","","",5.,1,4.6,9,4.7,1,2101,9,5.2,1,2148,9,0,9,"","","","","","","","",1.,9,"","","","","","",98,1,97,9,2101,9,99,9,2119,9,0,9,60,9,8.5,9,"","","","","","","","","","","","","","","","","","","","","","","","","","","","","","","","","","","","","","","","","","","","","","","","","","","","","","","","","","","","","","","","","","","","","","","","","","","","","","","","","","","","","","","","","","","","","","","","","","","","","","","","","","","","","","","","","","","",""
"47323004","VILLENEUVE-SUR-LOT",44.3975,0.764,59,2015120423,0.,1,"","",0.5,1,130,1,0.5,1,130,1,2300,9,1.1,1,130,1,2258,9,"","","","","","","","","","","","","","","","",5.6,1,5.3,9,5.,1,2201,9,5.7,1,2234,9,0,9,"","","","","","","","",4.6,9,"","","","","","",98,1,97,9,2209,9,99,9,2206,9,0,9,60,9,8.9,9,"","","","","","","","","","","","","","","","","","","","","","","","","","","","","","","","","","","","","","","","","","","","","","","","","","","","","","","","","","","","","","","","","","","","","","","","","","","","","","","","","","","","","","","","","","","","","","","","","","","","","","","","","","","","","","","","","","","",""
"47323004","VILLENEUVE-SUR-LOT",44.3975,0.764,59,2015120500,0.,1,"","",0.,1,0,1,0.7,1,120,1,2305,9,1.1,1,110,1,2350,9,"","","","","","","","","","","","","","","","",6.,1,5.6,9,5.6,1,2301,9,6.,1,2358,9,0,9,"","","","","","","","",5.5,9,"","","","","","",97,1,97,9,2304,9,99,9,2307,9,0,9,60,9,9.1,9,"","","","","","","","","","","","","","","","","","","","","","","","","","","","","","","","","","","","","","","","","","","","","","","","","","","","","","","","","","","","","","","","","","","","","","","","","","","","","","","","","","","","","","","","","","","","","","","","","","","","","","","","","","","","","","","","","","","",""
"47323004","VILLENEUVE-SUR-LOT",44.3975,0.764,59,2015120501,0.,1,"","",1.,1,100,1,1.,1,100,1,100,9,1.4,1,100,1,58,9,"","","","","","","","","","","","","","","","",6.1,1,5.9,9,6.,1,1,9,6.2,1,45,9,0,9,"","","","","","","","",5.8,9,"","","","","","",99,1,97,9,2,9,99,9,1,9,0,9,60,9,9.3,9,"","","","","","","","","","","","","","","","","","","","","","","","","","","","","","","","","","","","","","","","","","","","","","","","","","","","","","","","","","","","","","","","","","","","","","","","","","","","","","","","","","","","","","","","","","","","","","","","","","","","","","","","","","","","","","","","","","","",""
"47323004","VILLENEUVE-SUR-LOT",44.3975,0.764,59,2015120502,0.,1,"","",1.8,1,80,1,1.8,1,70,1,152,9,2.5,1,90,1,145,9,"","","","","","","","","","","","","","","","",5.9,1,5.6,9,4.9,1,132,9,6.1,1,101,9,0,9,"","","","","","","","",2.4,9,"","","","","","",98,1,97,9,109,9,100,9,103,9,0,9,60,9,9.1,9,"","","","","","","","","","","","","","","","","","","","","","","","","","","","","","","","","","","","","","","","","","","","","","","","","","","","","","","","","","","","","","","","","","","","","","","","","","","","","","","","","","","","","","","","","","","","","","","","","","","","","","","","","","","","","","","","","","","",""
"47323004","VILLENEUVE-SUR-LOT",44.3975,0.764,59,2015120503,0.,1,"","",1.4,1,70,1,1.9,1,90,1,222,9,2.5,1,100,1,222,9,"","","","","","","","","","","","","","","","",5.9,1,5.5,9,5.9,1,201,9,6.,1,205,9,0,9,"","","","","","","","",5.7,9,"","","","","","",97,1,97,9,210,9,100,9,242,9,0,9,60,9,9.,9,"","","","","","","","","","","","","","","","","","","","","","","","","","","","","","","","","","","","","","","","","","","","","","","","","","","","","","","","","","","","","","","","","","","","","","","","","","","","","","","","","","","","","","","","","","","","","","","","","","","","","","","","","","","","","","","","","","","",""
"47323004","VILLENEUVE-SUR-LOT",44.3975,0.764,59,2015120504,0.2,1,"","",1.9,1,100,1,2.1,1,110,1,318,9,2.9,1,100,1,310,9,"","","","","","","","","","","","","","","","",5.2,1,5.,9,5.2,1,348,9,5.9,1,301,9,0,9,"","","","","","","","",5.3,9,"","","","","","",98,1,97,9,307,9,100,9,342,9,0,9,60,9,8.7,9,"","","","","","","","","","","","","","","","","","","","","","","","","","","","","","","","","","","","","","","","","","","","","","","","","","","","","","","","","","","","","","","","","","","","","","","","","","","","","","","","","","","","","","","","","","","","","","","","","","","","","","","","","","","","","","","","","","","",""
"47323004","VILLENEUVE-SUR-LOT",44.3975,0.764,59,2015120505,0.,1,"","",1.7,1,90,1,1.9,1,100,1,401,9,2.7,1,90,1,456,9,"","","","","","","","","","","","","","","","",4.4,1,4.3,9,4.4,1,452,9,5.2,1,401,9,0,9,"","","","","","","","",4.6,9,"","","","","","",99,1,98,9,401,9,100,9,409,9,0,9,60,9,8.3,9,"","","","","","","","","","","","","","","","","","","","","","","","","","","","","","","","","","","","","","","","","","","","","","","","","","","","","","","","","","","","","","","","","","","","","","","","","","","","","","","","","","","","","","","","","","","","","","","","","","","","","","","","","","","","","","","","","","","",""
"47323004","VILLENEUVE-SUR-LOT",44.3975,0.764,59,2015120506,0.,1,"","",2.8,1,90,1,2.8,1,90,1,600,9,4.,1,100,1,600,9,"","","","","","","","","","","","","","","","",3.5,1,3.2,9,3.5,1,558,9,4.4,1,501,9,0,9,"","","","","","","","",3.7,9,"","","","","","",98,1,97,9,516,9,100,9,541,9,0,9,60,9,7.7,9,"","","","","","","","","","","","","","","","","","","","","","","","","","","","","","","","","","","","","","","","","","","","","","","","","","","","","","","","","","","","","","","","","","","","","","","","","","","","","","","","","","","","","","","","","","","","","","","","","","","","","","","","","","","","","","","","","","","",""
"47323004","VILLENEUVE-SUR-LOT",44.3975,0.764,59,2015120507,0.,1,"","",2.8,1,80,1,3.6,1,90,1,619,9,5.2,1,80,1,620,9,"","","","","","","","","","","","","","","","",2.5,1,2.3,9,2.5,9,656,9,3.5,9,601,9,0,9,"","","","","","","","",2.7,9,"","","","","","",98,9,97,9,655,9,100,9,622,9,0,9,60,9,7.2,9,"","","","","","","","","","","","","","","","","","","","","","","","","","","","","","","","","","","","","","","","","","","","","","","","","","","","","","","","","","","","","","","","","","","","","","","","","","","","","","","","","","","","","","","","","","","","","","","","","","","","","","","","","","","","","","","","","","","",""
"47323004","VILLENEUVE-SUR-LOT",44.3975,0.764,59,2015120508,0.,1,"","",2.,1,100,1,2.8,1,80,1,701,9,3.4,1,100,1,705,9,"","","","","","","","","","","","","","","","",2.2,1,2.1,9,2.1,1,754,9,2.5,1,701,9,0,9,"","","","","","","","",2.5,9,"","","","","","",99,1,98,9,706,9,100,9,719,9,0,9,60,9,7.1,9,"","","","","","","","","","","","","","","","","","","","","","","","","","","","","","","","","","","","","","","","","","","","","","","","","","","","","","","","","","","","","","","","","","","","","","","","","","","","","","","","","","","","","","","","","","","","","","","","","","","","","","","","","","","","","","","","","","","",""
"47323004","VILLENEUVE-SUR-LOT",44.3975,0.764,59,2015120509,0.,1,"","",2.3,1,90,1,2.3,1,90,1,857,9,3.3,1,80,1,856,9,"","","","","","","","","","","","","","","","",2.8,1,2.7,9,2.1,1,802,9,2.8,1,900,9,0,9,"","","","","","","","",2.8,9,"","","","","","",99,1,98,9,809,9,100,9,812,9,0,9,60,9,7.4,9,"","","","","","","","","","","","","","","","","","","","","","","","","","","","","","","","","","","","","","","","","","","","","","","","","","","","","","","","","","","","","","","","","","","","","","","","","","","","","","","","","","","","","","","","","","","","","","","","","","","","","","","","","","","","","","","","","","","",""
"47323004","VILLENEUVE-SUR-LOT",44.3975,0.764,59,2015120510,0.,1,"","",1.8,1,90,1,2.3,1,90,1,901,9,3.2,1,90,1,906,9,"","","","","","","","","","","","","","","","",4.1,1,3.9,9,2.8,1,901,9,4.1,1,956,9,0,9,"","","","","","","","",4.1,9,"","","","","","",99,1,98,9,905,9,100,9,906,9,0,9,60,9,8.1,9,"","","","","","","","","","","","","","","","","","","","","","","","","","","","","","","","","","","","","","","","","","","","","","","","","","","","","","","","","","","","","","","","","","","","","","","","","","","","","","","","","","","","","","","","","","","","","","","","","","","","","","","","","","","","","","","","","","","",""
"47323004","VILLENEUVE-SUR-LOT",44.3975,0.764,59,2015120511,0.,1,"","",2.5,1,90,1,2.5,1,90,1,1058,9,3.8,1,90,1,1051,9,"","","","","","","","","","","","","","","","",5.5,1,5.3,9,4.,1,1001,9,5.5,1,1051,9,0,9,"","","","","","","","",6.3,9,"","","","","","",99,1,97,9,1043,9,100,9,1001,9,0,9,60,9,8.9,9,"","","","","","","","","","","","","","","","","","","","","","","","","","","","","","","","","","","","","","","","","","","","","","","","","","","","","","","","","","","","","","","","","","","","","","","","","","","","","","","","","","","","","","","","","","","","","","","","","","","","","","","","","","","","","","","","","","","",""
"47323004","VILLENEUVE-SUR-LOT",44.3975,0.764,59,2015120512,0.,1,"","",2.4,1,90,1,2.8,1,90,1,1141,9,4.1,1,80,1,1109,9,"","","","","","","","","","","","","","","","",7.3,1,7.,9,5.6,1,1101,9,7.3,1,1158,9,0,9,"","","","","","","","",8.,9,"","","","","","",98,1,97,9,1133,9,100,9,1125,9,0,9,60,9,10.,9,"","","","","","","","","","","","","","","","","","","","","","","","","","","","","","","","","","","","","","","","","","","","","","","","","","","","","","","","","","","","","","","","","","","","","","","","","","","","","","","","","","","","","","","","","","","","","","","","","","","","","","","","","","","","","","","","","","","",""
"47323004","VILLENEUVE-SUR-LOT",44.3975,0.764,59,2015120513,0.,1,"","",2.,1,100,1,2.5,1,90,1,1205,9,3.3,1,80,1,1205,9,"","","","","","","","","","","","","","","","",9.6,1,9.2,9,7.2,1,1210,9,9.6,1,1259,9,0,9,"","","","","","","","",9.9,9,"","","","","","",97,1,97,9,1201,9,99,9,1205,9,0,9,60,9,11.6,9,"","","","","","","","","","","","","","","","","","","","","","","","","","","","","","","","","","","","","","","","","","","","","","","","","","","","","","","","","","","","","","","","","","","","","","","","","","","","","","","","","","","","","","","","","","","","","","","","","","","","","","","","","","","","","","","","","","","",""
"47323004","VILLENEUVE-SUR-LOT",44.3975,0.764,59,2015120514,0.,1,"","",3.4,1,110,1,3.5,1,110,1,1355,9,5.2,1,110,1,1346,9,"","","","","","","","","","","","","","","","",12.5,1,9.2,9,9.7,1,1301,9,12.5,1,1356,9,0,9,"","","","","","","","",16.1,9,"","","","","","",80,1,78,9,1352,9,98,9,1301,9,0,9,51,9,11.6,9,"","","","","","","","","","","","","","","","","","","","","","","","","","","","","","","","","","","","","","","","","","","","","","","","","","","","","","","","","","","","","","","","","","","","","","","","","","","","","","","","","","","","","","","","","","","","","","","","","","","","","","","","","","","","","","","","","","","",""
"47323004","VILLENEUVE-SUR-LOT",44.3975,0.764,59,2015120515,0.,1,"","",2.8,1,100,1,3.3,1,110,1,1401,9,5.8,1,110,1,1418,9,"","","","","","","","","","","","","","","","",12.8,1,8.7,9,12.6,1,1401,9,12.8,1,1430,9,0,9,"","","","","","","","",15.1,9,"","","","","","",76,1,74,9,1457,9,80,9,1402,9,0,9,1,9,11.2,9,"","","","","","","","","","","","","","","","","","","","","","","","","","","","","","","","","","","","","","","","","","","","","","","","","","","","","","","","","","","","","","","","","","","","","","","","","","","","","","","","","","","","","","","","","","","","","","","","","","","","","","","","","","","","","","","","","","","",""
"47323004","VILLENEUVE-SUR-LOT",44.3975,0.764,59,2015120516,0.,1,"","",1.4,1,80,1,3.2,1,100,1,1510,9,4.4,1,100,1,1502,9,"","","","","","","","","","","","","","","","",11.1,1,8.1,9,11.1,1,1600,9,12.8,1,1501,9,0,9,"","","","","","","","",7.,9,"","","","","","",82,1,74,9,1506,9,82,9,1557,9,0,9,12,9,10.8,9,"","","","","","","","","","","","","","","","","","","","","","","","","","","","","","","","","","","","","","","","","","","","","","","","","","","","","","","","","","","","","","","","","","","","","","","","","","","","","","","","","","","","","","","","","","","","","","","","","","","","","","","","","","","","","","","","","","","",""
"47323004","VILLENEUVE-SUR-LOT",44.3975,0.764,59,2015120517,0.,1,"","",1.2,1,90,1,1.4,1,80,1,1601,9,1.9,1,90,1,1601,9,"","","","","","","","","","","","","","","","",8.4,1,7.3,9,8.4,1,1700,9,11.,1,1601,9,0,9,"","","","","","","","",2.8,9,"","","","","","",93,1,82,9,1602,9,93,9,1650,9,0,9,60,9,10.2,9,"","","","","","","","","","","","","","","","","","","","","","","","","","","","","","","","","","","","","","","","","","","","","","","","","","","","","","","","","","","","","","","","","","","","","","","","","","","","","","","","","","","","","","","","","","","","","","","","","","","","","","","","","","","","","","","","","","","",""
"47323004","VILLENEUVE-SUR-LOT",44.3975,0.764,59,2015120518,0.,1,"","",1.,1,90,1,1.2,1,90,1,1701,9,1.7,1,80,1,1800,9,"","","","","","","","","","","","","","","","",6.1,1,5.1,9,6.1,1,1800,9,8.4,1,1701,9,0,9,"","","","","","","","",1.,9,"","","","","","",94,1,92,9,1708,9,96,9,1739,9,0,9,60,9,8.8,9,"","","","","","","","","","","","","","","","","","","","","","","","","","","","","","","","","","","","","","","","","","","","","","","","","","","","","","","","","","","","","","","","","","","","","","","","","","","","","","","","","","","","","","","","","","","","","","","","","","","","","","","","","","","","","","","","","","","",""
"47323004","VILLENEUVE-SUR-LOT",44.3975,0.764,59,2015120519,0.,1,"","",1.2,1,80,1,1.8,1,90,1,1807,9,2.5,1,80,1,1846,9,"","","","","","","","","","","","","","","","",6.1,1,5.6,9,5.7,9,1807,9,6.1,9,1838,9,0,9,"","","","","","","","",0.8,9,"","","","","","",97,9,94,9,1802,9,98,9,1823,9,0,9,60,9,9.1,9,"","","","","","","","","","","","","","","","","","","","","","","","","","","","","","","","","","","","","","","","","","","","","","","","","","","","","","","","","","","","","","","","","","","","","","","","","","","","","","","","","","","","","","","","","","","","","","","","","","","","","","","","","","","","","","","","","","","",""
"47323004","VILLENEUVE-SUR-LOT",44.3975,0.764,59,2015120520,0.,1,"","",3.1,1,100,1,3.1,1,100,1,2000,9,6.,1,120,1,1957,9,"","","","","","","","","","","","","","","","",8.3,1,7.8,9,4.8,1,1924,9,8.4,1,1959,9,0,9,"","","","","","","","",1.6,9,"","","","","","",97,1,96,9,1913,9,99,9,1935,9,0,9,60,9,10.6,9,"","","","","","","","","","","","","","","","","","","","","","","","","","","","","","","","","","","","","","","","","","","","","","","","","","","","","","","","","","","","","","","","","","","","","","","","","","","","","","","","","","","","","","","","","","","","","","","","","","","","","","","","","","","","","","","","","","","",""
"47323004","VILLENEUVE-SUR-LOT",44.3975,0.764,59,2015120521,0.,1,"","",2.4,1,100,1,3.2,1,110,1,2015,9,5.8,1,120,1,2012,9,"","","","","","","","","","","","","","","","",9.9,1,7.7,9,8.5,1,2001,9,10.2,1,2049,9,0,9,"","","","","","","","",7.,9,"","","","","","",86,1,85,9,2051,9,98,9,2002,9,0,9,60,9,10.5,9,"","","","","","","","","","","","","","","","","","","","","","","","","","","","","","","","","","","","","","","","","","","","","","","","","","","","","","","","","","","","","","","","","","","","","","","","","","","","","","","","","","","","","","","","","","","","","","","","","","","","","","","","","","","","","","","","","","","",""
"47323004","VILLENEUVE-SUR-LOT",44.3975,0.764,59,2015120522,0.,1,"","",2.8,1,90,1,2.9,1,100,1,2132,9,5.2,1,130,1,2123,9,"","","","","","","","","","","","","","","","",9.4,1,7.3,9,9.3,1,2157,9,9.9,1,2101,9,0,9,"","","","","","","","",6.8,9,"","","","","","",87,1,85,9,2101,9,88,9,2141,9,0,9,60,9,10.2,9,"","","","","","","","","","","","","","","","","","","","","","","","","","","","","","","","","","","","","","","","","","","","","","","","","","","","","","","","","","","","","","","","","","","","","","","","","","","","","","","","","","","","","","","","","","","","","","","","","","","","","","","","","","","","","","","","","","","",""
"47323004","VILLENEUVE-SUR-LOT",44.3975,0.764,59,2015120523,0.,1,"","",2.5,1,90,1,3.1,1,100,1,2250,9,5.8,1,130,1,2249,9,"","","","","","","","","","","","","","","","",9.,1,7.1,9,8.8,1,2214,9,9.4,1,2201,9,0,9,"","","","","","","","",5.4,9,"","","","","","",88,1,86,9,2202,9,90,9,2208,9,0,9,60,9,10.1,9,"","","","","","","","","","","","","","","","","","","","","","","","","","","","","","","","","","","","","","","","","","","","","","","","","","","","","","","","","","","","","","","","","","","","","","","","","","","","","","","","","","","","","","","","","","","","","","","","","","","","","","","","","","","","","","","","","","","",""
"47323004","VILLENEUVE-SUR-LOT",44.3975,0.764,59,2015120600,0.,1,"","",2.4,1,80,1,3.2,1,80,1,2347,9,5.2,1,100,1,2334,9,"","","","","","","","","","","","","","","","",7.2,1,5.6,9,7.2,1,0,9,9.1,1,2310,9,0,9,"","","","","","","","",4.1,9,"","","","","","",90,1,88,9,2302,9,92,9,2346,9,0,9,60,9,9.1,9,"","","","","","","","","","","","","","","","","","","","","","","","","","","","","","","","","","","","","","","","","","","","","","","","","","","","","","","","","","","","","","","","","","","","","","","","","","","","","","","","","","","","","","","","","","","","","","","","","","","","","","","","","","","","","","","","","","","",""
"47323004","VILLENEUVE-SUR-LOT",44.3975,0.764,59,2015120601,0.2,1,"","",1.2,1,60,1,2.4,1,80,1,1,9,2.8,1,80,1,5,9,"","","","","","","","","","","","","","","","",5.8,1,5.,9,5.8,1,50,9,7.2,1,1,9,0,9,"","","","","","","","",1.8,9,"","","","","","",94,1,91,9,1,9,97,9,25,9,0,9,60,9,8.7,9,"","","","","","","","","","","","","","","","","","","","","","","","","","","","","","","","","","","","","","","","","","","","","","","","","","","","","","","","","","","","","","","","","","","","","","","","","","","","","","","","","","","","","","","","","","","","","","","","","","","","","","","","","","","","","","","","","","","",""
"47323004","VILLENEUVE-SUR-LOT",44.3975,0.764,59,2015120602,0.,1,"","",1.4,1,90,1,1.9,1,40,1,144,9,3.1,1,50,1,140,9,"","","","","","","","","","","","","","","","",6.2,1,5.1,9,5.7,1,102,9,6.7,1,144,9,0,9,"","","","","","","","",1.4,9,"","","","","","",93,1,92,9,152,9,98,9,142,9,0,9,60,9,8.8,9,"","","","","","","","","","","","","","","","","","","","","","","","","","","","","","","","","","","","","","","","","","","","","","","","","","","","","","","","","","","","","","","","","","","","","","","","","","","","","","","","","","","","","","","","","","","","","","","","","","","","","","","","","","","","","","","","","","","",""
"47323004","VILLENEUVE-SUR-LOT",44.3975,0.764,59,2015120603,0.,1,"","",1.8,1,60,1,2.1,1,20,1,250,9,3.8,1,60,1,256,9,"","","","","","","","","","","","","","","","",7.8,1,6.4,9,5.9,1,216,9,7.8,1,256,9,0,9,"","","","","","","","",2.1,9,"","","","","","",91,1,91,9,207,9,95,9,220,9,0,9,60,9,9.6,9,"","","","","","","","","","","","","","","","","","","","","","","","","","","","","","","","","","","","","","","","","","","","","","","","","","","","","","","","","","","","","","","","","","","","","","","","","","","","","","","","","","","","","","","","","","","","","","","","","","","","","","","","","","","","","","","","","","","",""
"47323004","VILLENEUVE-SUR-LOT",44.3975,0.764,59,2015120604,0.,1,"","",2.3,1,70,1,2.5,1,80,1,353,9,5.1,1,90,1,349,9,"","","","","","","","","","","","","","","","",9.5,1,7.8,9,7.8,1,301,9,9.5,1,356,9,0,9,"","","","","","","","",6.8,9,"","","","","","",89,1,88,9,353,9,92,9,308,9,0,9,60,9,10.6,9,"","","","","","","","","","","","","","","","","","","","","","","","","","","","","","","","","","","","","","","","","","","","","","","","","","","","","","","","","","","","","","","","","","","","","","","","","","","","","","","","","","","","","","","","","","","","","","","","","","","","","","","","","","","","","","","","","","","",""
"47323004","VILLENEUVE-SUR-LOT",44.3975,0.764,59,2015120605,0.,1,"","",2.3,1,100,1,2.7,1,110,1,451,9,5.6,1,130,1,451,9,"","","","","","","","","","","","","","","","",9.9,1,8.1,9,9.4,1,402,9,10.,1,452,9,0,9,"","","","","","","","",8.4,9,"","","","","","",89,1,87,9,435,9,91,9,417,9,0,9,60,9,10.8,9,"","","","","","","","","","","","","","","","","","","","","","","","","","","","","","","","","","","","","","","","","","","","","","","","","","","","","","","","","","","","","","","","","","","","","","","","","","","","","","","","","","","","","","","","","","","","","","","","","","","","","","","","","","","","","","","","","","","",""
"47323004","VILLENEUVE-SUR-LOT",44.3975,0.764,59,2015120606,0.,1,"","",3.2,1,110,1,3.5,1,110,1,555,9,7.2,1,140,1,547,9,"","","","","","","","","","","","","","","","",10.,1,8.3,9,9.9,1,501,9,10.1,1,547,9,0,9,"","","","","","","","",8.9,9,"","","","","","",89,1,88,9,503,9,90,9,525,9,0,9,60,9,10.9,9,"","","","","","","","","","","","","","","","","","","","","","","","","","","","","","","","","","","","","","","","","","","","","","","","","","","","","","","","","","","","","","","","","","","","","","","","","","","","","","","","","","","","","","","","","","","","","","","","","","","","","","","","","","","","","","","","","","","",""
"47323004","VILLENEUVE-SUR-LOT",44.3975,0.764,59,2015120607,0.,1,"","",4.5,1,110,1,5.,1,110,1,645,9,8.6,1,120,1,614,9,"","","","","","","","","","","","","","","","",10.5,1,8.7,9,10.1,9,601,9,10.6,9,645,9,0,9,"","","","","","","","",9.,9,"","","","","","",88,9,86,9,623,9,89,9,602,9,0,9,60,9,11.2,9,"","","","","","","","","","","","","","","","","","","","","","","","","","","","","","","","","","","","","","","","","","","","","","","","","","","","","","","","","","","","","","","","","","","","","","","","","","","","","","","","","","","","","","","","","","","","","","","","","","","","","","","","","","","","","","","","","","","",""
"47323004","VILLENEUVE-SUR-LOT",44.3975,0.764,59,2015120608,0.,1,"","",3.5,1,90,1,4.6,1,110,1,703,9,7.5,1,110,1,703,9,"","","","","","","","","","","","","","","","",10.6,1,8.9,9,10.4,1,732,9,10.6,1,703,9,0,9,"","","","","","","","",9.7,9,"","","","","","",89,1,88,9,701,9,91,9,738,9,0,9,60,9,11.4,9,"","","","","","","","","","","","","","","","","","","","","","","","","","","","","","","","","","","","","","","","","","","","","","","","","","","","","","","","","","","","","","","","","","","","","","","","","","","","","","","","","","","","","","","","","","","","","","","","","","","","","","","","","","","","","","","","","","","",""
"47323004","VILLENEUVE-SUR-LOT",44.3975,0.764,59,2015120609,0.,1,"","",1.2,1,10,1,4.2,1,100,1,826,9,6.,1,110,1,819,9,"","","","","","","","","","","","","","","","",10.8,1,8.9,9,10.6,1,801,9,11.1,1,838,9,0,9,"","","","","","","","",10.3,9,"","","","","","",88,1,85,9,828,9,89,9,802,9,0,9,60,9,11.4,9,"","","","","","","","","","","","","","","","","","","","","","","","","","","","","","","","","","","","","","","","","","","","","","","","","","","","","","","","","","","","","","","","","","","","","","","","","","","","","","","","","","","","","","","","","","","","","","","","","","","","","","","","","","","","","","","","","","","",""
"47323004","VILLENEUVE-SUR-LOT",44.3975,0.764,59,2015120610,0.,1,"","",1.9,1,100,1,2.3,1,100,1,933,9,5.,1,120,1,929,9,"","","","","","","","","","","","","","","","",11.5,1,8.9,9,10.8,1,901,9,11.5,1,959,9,0,9,"","","","","","","","",11.,9,"","","","","","",84,1,83,9,931,9,88,9,902,9,0,9,60,9,11.4,9,"","","","","","","","","","","","","","","","","","","","","","","","","","","","","","","","","","","","","","","","","","","","","","","","","","","","","","","","","","","","","","","","","","","","","","","","","","","","","","","","","","","","","","","","","","","","","","","","","","","","","","","","","","","","","","","","","","","",""
"47323004","VILLENEUVE-SUR-LOT",44.3975,0.764,59,2015120611,0.,1,"","",2.2,1,140,1,3.,1,140,1,1039,9,5.7,1,150,1,1038,9,"","","","","","","","","","","","","","","","",14.2,1,8.8,9,11.6,1,1001,9,14.2,1,1100,9,0,9,"","","","","","","","",12.7,9,"","","","","","",70,1,70,9,1058,9,84,9,1001,9,0,9,16,9,11.3,9,"","","","","","","","","","","","","","","","","","","","","","","","","","","","","","","","","","","","","","","","","","","","","","","","","","","","","","","","","","","","","","","","","","","","","","","","","","","","","","","","","","","","","","","","","","","","","","","","","","","","","","","","","","","","","","","","","","","",""
"47323004","VILLENEUVE-SUR-LOT",44.3975,0.764,59,2015120612,0.,1,"","",1.9,1,130,1,4.5,1,120,1,1125,9,8.3,1,110,1,1118,9,"","","","","","","","","","","","","","","","",15.7,1,8.9,9,14.,1,1121,9,15.7,1,1159,9,0,9,"","","","","","","","",17.4,9,"","","","","","",64,1,62,9,1159,9,72,9,1127,9,0,9,0,9,11.4,9,"","","","","","","","","","","","","","","","","","","","","","","","","","","","","","","","","","","","","","","","","","","","","","","","","","","","","","","","","","","","","","","","","","","","","","","","","","","","","","","","","","","","","","","","","","","","","","","","","","","","","","","","","","","","","","","","","","","",""
"47323004","VILLENEUVE-SUR-LOT",44.3975,0.764,59,2015120613,0.,1,"","",2.7,1,150,1,3.4,1,150,1,1238,9,6.7,1,160,1,1224,9,"","","","","","","","","","","","","","","","",16.3,1,8.8,9,15.6,1,1203,9,16.3,1,1216,9,0,9,"","","","","","","","",18.8,9,"","","","","","",61,1,59,9,1231,9,64,9,1203,9,0,9,0,9,11.3,9,"","","","","","","","","","","","","","","","","","","","","","","","","","","","","","","","","","","","","","","","","","","","","","","","","","","","","","","","","","","","","","","","","","","","","","","","","","","","","","","","","","","","","","","","","","","","","","","","","","","","","","","","","","","","","","","","","","","",""
"47323004","VILLENEUVE-SUR-LOT",44.3975,0.764,59,2015120614,0.,1,"","",2.5,1,130,1,2.7,1,150,1,1301,9,5.7,1,110,1,1350,9,"","","","","","","","","","","","","","","","",17.1,1,8.5,9,16.3,1,1301,9,17.1,1,1356,9,0,9,"","","","","","","","",19.5,9,"","","","","","",57,1,56,9,1356,9,63,9,1302,9,0,9,0,9,11.1,9,"","","","","","","","","","","","","","","","","","","","","","","","","","","","","","","","","","","","","","","","","","","","","","","","","","","","","","","","","","","","","","","","","","","","","","","","","","","","","","","","","","","","","","","","","","","","","","","","","","","","","","","","","","","","","","","","","","","",""
"47323004","VILLENEUVE-SUR-LOT",44.3975,0.764,59,2015120615,0.,1,"","",2.1,1,140,1,2.7,1,130,1,1414,9,5.7,1,150,1,1435,9,"","","","","","","","","","","","","","","","",17.4,1,8.5,9,17.1,1,1401,9,17.5,1,1451,9,0,9,"","","","","","","","",18.8,9,"","","","","","",56,1,54,9,1459,9,58,9,1402,9,0,9,0,9,11.1,9,"","","","","","","","","","","","","","","","","","","","","","","","","","","","","","","","","","","","","","","","","","","","","","","","","","","","","","","","","","","","","","","","","","","","","","","","","","","","","","","","","","","","","","","","","","","","","","","","","","","","","","","","","","","","","","","","","","","",""
"47323004","VILLENEUVE-SUR-LOT",44.3975,0.764,59,2015120616,0.,1,"","",1.3,1,120,1,2.,1,140,1,1501,9,4.,1,150,1,1505,9,"","","","","","","","","","","","","","","","",16.1,1,8.4,9,16.1,1,1559,9,17.4,1,1501,9,0,9,"","","","","","","","",12.8,9,"","","","","","",60,1,55,9,1505,9,61,9,1559,9,0,9,0,9,11.,9,"","","","","","","","","","","","","","","","","","","","","","","","","","","","","","","","","","","","","","","","","","","","","","","","","","","","","","","","","","","","","","","","","","","","","","","","","","","","","","","","","","","","","","","","","","","","","","","","","","","","","","","","","","","","","","","","","","","",""
"47323004","VILLENEUVE-SUR-LOT",44.3975,0.764,59,2015120617,0.,1,"","",0.,1,0,1,1.4,1,120,1,1602,9,2.1,1,110,1,1602,9,"","","","","","","","","","","","","","","","",11.4,1,7.8,9,11.4,1,1700,9,16.,1,1601,9,0,9,"","","","","","","","",5.5,9,"","","","","","",79,1,60,9,1601,9,79,9,1657,9,0,9,0,9,10.6,9,"","","","","","","","","","","","","","","","","","","","","","","","","","","","","","","","","","","","","","","","","","","","","","","","","","","","","","","","","","","","","","","","","","","","","","","","","","","","","","","","","","","","","","","","","","","","","","","","","","","","","","","","","","","","","","","","","","","",""
"47323004","VILLENEUVE-SUR-LOT",44.3975,0.764,59,2015120618,0.,1,"","",1.2,1,100,1,1.2,1,100,1,1800,9,2.2,1,100,1,1800,9,"","","","","","","","","","","","","","","","",8.6,1,6.8,9,8.6,1,1759,9,11.4,1,1701,9,0,9,"","","","","","","","",3.9,9,"","","","","","",89,1,79,9,1716,9,92,9,1751,9,0,9,59,9,9.9,9,"","","","","","","","","","","","","","","","","","","","","","","","","","","","","","","","","","","","","","","","","","","","","","","","","","","","","","","","","","","","","","","","","","","","","","","","","","","","","","","","","","","","","","","","","","","","","","","","","","","","","","","","","","","","","","","","","","","",""
"47323004","VILLENEUVE-SUR-LOT",44.3975,0.764,59,2015120619,0.,1,"","",1.4,1,70,1,2.3,1,80,1,1835,9,3.1,1,80,1,1833,9,"","","","","","","","","","","","","","","","",8.9,1,6.8,9,7.8,9,1819,9,9.,9,1854,9,0,9,"","","","","","","","",3.5,9,"","","","","","",87,9,86,9,1855,9,93,9,1824,9,0,9,60,9,9.9,9,"","","","","","","","","","","","","","","","","","","","","","","","","","","","","","","","","","","","","","","","","","","","","","","","","","","","","","","","","","","","","","","","","","","","","","","","","","","","","","","","","","","","","","","","","","","","","","","","","","","","","","","","","","","","","","","","","","","",""
"47323004","VILLENEUVE-SUR-LOT",44.3975,0.764,59,2015120620,0.,1,"","",1.2,1,50,1,1.8,1,80,1,1928,9,2.6,1,70,1,1901,9,"","","","","","","","","","","","","","","","",9.4,1,7.1,9,8.7,1,1903,9,9.6,1,1933,9,0,9,"","","","","","","","",3.5,9,"","","","","","",86,1,82,9,1936,9,89,9,1909,9,0,9,60,9,10.1,9,"","","","","","","","","","","","","","","","","","","","","","","","","","","","","","","","","","","","","","","","","","","","","","","","","","","","","","","","","","","","","","","","","","","","","","","","","","","","","","","","","","","","","","","","","","","","","","","","","","","","","","","","","","","","","","","","","","","",""
"47323004","VILLENEUVE-SUR-LOT",44.3975,0.764,59,2015120621,0.,1,"","",2.1,1,80,1,2.1,1,80,1,2057,9,2.8,1,80,1,2051,9,"","","","","","","","","","","","","","","","",8.7,1,7.,9,8.6,1,2032,9,9.5,1,2004,9,0,9,"","","","","","","","",2.8,9,"","","","","","",89,1,83,9,2018,9,91,9,2043,9,0,9,60,9,10.,9,"","","","","","","","","","","","","","","","","","","","","","","","","","","","","","","","","","","","","","","","","","","","","","","","","","","","","","","","","","","","","","","","","","","","","","","","","","","","","","","","","","","","","","","","","","","","","","","","","","","","","","","","","","","","","","","","","","","",""
"47323004","VILLENEUVE-SUR-LOT",44.3975,0.764,59,2015120622,0.,1,"","",1.1,1,70,1,2.3,1,80,1,2110,9,2.9,1,90,1,2111,9,"","","","","","","","","","","","","","","","",8.,1,6.7,9,8.,1,2122,9,8.8,1,2104,9,0,9,"","","","","","","","",2.5,9,"","","","","","",91,1,85,9,2109,9,92,9,2144,9,0,9,60,9,9.8,9,"","","","","","","","","","","","","","","","","","","","","","","","","","","","","","","","","","","","","","","","","","","","","","","","","","","","","","","","","","","","","","","","","","","","","","","","","","","","","","","","","","","","","","","","","","","","","","","","","","","","","","","","","","","","","","","","","","","",""
"47323004","VILLENEUVE-SUR-LOT",44.3975,0.764,59,2015120623,0.,1,"","",1.3,1,60,1,1.3,1,50,1,2218,9,2.,1,70,1,2208,9,"","","","","","","","","","","","","","","","",6.8,1,6.1,9,6.8,1,2257,9,8.,1,2201,9,0,9,"","","","","","","","",1.9,9,"","","","","","",95,1,91,9,2202,9,95,9,2230,9,0,9,60,9,9.4,9,"","","","","","","","","","","","","","","","","","","","","","","","","","","","","","","","","","","","","","","","","","","","","","","","","","","","","","","","","","","","","","","","","","","","","","","","","","","","","","","","","","","","","","","","","","","","","","","","","","","","","","","","","","","","","","","","","","","",""
"47323004","VILLENEUVE-SUR-LOT",44.3975,0.764,59,2015120700,0.,1,"","",1.3,1,60,1,1.6,1,60,1,2307,9,2.3,1,70,1,2309,9,"","","","","","","","","","","","","","","","",7.1,1,6.5,9,6.7,1,2313,9,7.1,1,2353,9,0,9,"","","","","","","","",2.,9,"","","","","","",96,1,94,9,2318,9,97,9,2330,9,0,9,60,9,9.7,9,"","","","","","","","","","","","","","","","","","","","","","","","","","","","","","","","","","","","","","","","","","","","","","","","","","","","","","","","","","","","","","","","","","","","","","","","","","","","","","","","","","","","","","","","","","","","","","","","","","","","","","","","","","","","","","","","","","","",""
"47323004","VILLENEUVE-SUR-LOT",44.3975,0.764,59,2015120701,0.,1,"","",1.9,1,90,1,1.9,1,90,1,54,9,3.2,1,80,1,53,9,"","","","","","","","","","","","","","","","",8.,1,6.8,9,7.1,1,7,9,8.,1,58,9,0,9,"","","","","","","","",2.6,9,"","","","","","",92,1,92,9,53,9,97,9,4,9,0,9,60,9,9.9,9,"","","","","","","","","","","","","","","","","","","","","","","","","","","","","","","","","","","","","","","","","","","","","","","","","","","","","","","","","","","","","","","","","","","","","","","","","","","","","","","","","","","","","","","","","","","","","","","","","","","","","","","","","","","","","","","","","","","",""
"47323004","VILLENEUVE-SUR-LOT",44.3975,0.764,59,2015120702,0.,1,"","",2.,1,100,1,2.3,1,90,1,107,9,3.2,1,70,1,104,9,"","","","","","","","","","","","","","","","",7.7,1,6.1,9,7.7,1,108,9,8.5,1,130,9,0,9,"","","","","","","","",2.6,9,"","","","","","",90,1,86,9,133,9,93,9,102,9,0,9,60,9,9.4,9,"","","","","","","","","","","","","","","","","","","","","","","","","","","","","","","","","","","","","","","","","","","","","","","","","","","","","","","","","","","","","","","","","","","","","","","","","","","","","","","","","","","","","","","","","","","","","","","","","","","","","","","","","","","","","","","","","","","",""
"47323004","VILLENEUVE-SUR-LOT",44.3975,0.764,59,2015120703,0.,1,"","",2.2,1,90,1,2.2,1,90,1,254,9,2.8,1,90,1,257,9,"","","","","","","","","","","","","","","","",7.2,1,5.5,9,7.2,1,249,9,8.4,1,220,9,0,9,"","","","","","","","",2.1,9,"","","","","","",89,1,87,9,244,9,95,9,214,9,0,9,60,9,9.,9,"","","","","","","","","","","","","","","","","","","","","","","","","","","","","","","","","","","","","","","","","","","","","","","","","","","","","","","","","","","","","","","","","","","","","","","","","","","","","","","","","","","","","","","","","","","","","","","","","","","","","","","","","","","","","","","","","","","",""
"47323004","VILLENEUVE-SUR-LOT",44.3975,0.764,59,2015120704,0.,1,"","",1.4,1,80,1,2.2,1,90,1,301,9,2.4,1,60,1,322,9,"","","","","","","","","","","","","","","","",6.8,1,6.2,9,6.6,1,313,9,7.4,1,334,9,0,9,"","","","","","","","",1.8,9,"","","","","","",96,1,89,9,301,9,96,9,322,9,0,9,60,9,9.5,9,"","","","","","","","","","","","","","","","","","","","","","","","","","","","","","","","","","","","","","","","","","","","","","","","","","","","","","","","","","","","","","","","","","","","","","","","","","","","","","","","","","","","","","","","","","","","","","","","","","","","","","","","","","","","","","","","","","","",""
"47323004","VILLENEUVE-SUR-LOT",44.3975,0.764,59,2015120705,0.2,1,"","",0.6,1,80,1,1.4,1,80,1,401,9,1.7,1,90,1,401,9,"","","","","","","","","","","","","","","","",6.6,1,6.1,9,6.3,1,448,9,7.,1,426,9,0,9,"","","","","","","","",0.8,9,"","","","","","",97,1,94,9,435,9,97,9,415,9,0,9,60,9,9.4,9,"","","","","","","","","","","","","","","","","","","","","","","","","","","","","","","","","","","","","","","","","","","","","","","","","","","","","","","","","","","","","","","","","","","","","","","","","","","","","","","","","","","","","","","","","","","","","","","","","","","","","","","","","","","","","","","","","","","",""
"47323004","VILLENEUVE-SUR-LOT",44.3975,0.764,59,2015120706,0.,1,"","",2.9,1,100,1,3.1,1,90,1,549,9,4.1,1,100,1,552,9,"","","","","","","","","","","","","","","","",7.7,1,7.,9,5.2,1,525,9,7.7,1,600,9,0,9,"","","","","","","","",0.5,9,"","","","","","",95,1,94,9,521,9,98,9,504,9,0,9,60,9,10.,9,"","","","","","","","","","","","","","","","","","","","","","","","","","","","","","","","","","","","","","","","","","","","","","","","","","","","","","","","","","","","","","","","","","","","","","","","","","","","","","","","","","","","","","","","","","","","","","","","","","","","","","","","","","","","","","","","","","","",""
"47323004","VILLENEUVE-SUR-LOT",44.3975,0.764,59,2015120707,0.,1,"","",3.7,1,110,1,3.7,1,110,1,700,9,6.3,1,100,1,657,9,"","","","","","","","","","","","","","","","",9.5,1,7.1,9,7.,9,632,9,9.5,9,700,9,0,9,"","","","","","","","",2.8,9,"","","","","","",85,9,85,9,652,9,94,9,601,9,0,9,60,9,10.1,9,"","","","","","","","","","","","","","","","","","","","","","","","","","","","","","","","","","","","","","","","","","","","","","","","","","","","","","","","","","","","","","","","","","","","","","","","","","","","","","","","","","","","","","","","","","","","","","","","","","","","","","","","","","","","","","","","","","","",""
"47323004","VILLENEUVE-SUR-LOT",44.3975,0.764,59,2015120708,0.,1,"","",1.1,1,120,1,4.6,1,110,1,706,9,6.4,1,120,1,706,9,"","","","","","","","","","","","","","","","",10.1,1,7.,9,9.2,1,732,9,10.1,1,800,9,0,9,"","","","","","","","",6.4,9,"","","","","","",81,1,81,9,714,9,86,9,733,9,0,9,60,9,10.,9,"","","","","","","","","","","","","","","","","","","","","","","","","","","","","","","","","","","","","","","","","","","","","","","","","","","","","","","","","","","","","","","","","","","","","","","","","","","","","","","","","","","","","","","","","","","","","","","","","","","","","","","","","","","","","","","","","","","",""
"47323004","VILLENEUVE-SUR-LOT",44.3975,0.764,59,2015120709,0.,1,"","",3.9,1,100,1,4.,1,100,1,858,9,5.7,1,90,1,856,9,"","","","","","","","","","","","","","","","",11.7,1,8.4,9,9.9,1,804,9,11.7,1,859,9,0,9,"","","","","","","","",8.3,9,"","","","","","",80,1,78,9,855,9,83,9,807,9,0,9,51,9,11.,9,"","","","","","","","","","","","","","","","","","","","","","","","","","","","","","","","","","","","","","","","","","","","","","","","","","","","","","","","","","","","","","","","","","","","","","","","","","","","","","","","","","","","","","","","","","","","","","","","","","","","","","","","","","","","","","","","","","","",""
"47323004","VILLENEUVE-SUR-LOT",44.3975,0.764,59,2015120710,0.,1,"","",4.7,1,110,1,5.8,1,100,1,944,9,9.2,1,110,1,945,9,"","","","","","","","","","","","","","","","",14.4,1,8.8,9,11.8,1,901,9,14.4,1,956,9,0,9,"","","","","","","","",14.1,9,"","","","","","",69,1,68,9,958,9,80,9,901,9,0,9,1,9,11.3,9,"","","","","","","","","","","","","","","","","","","","","","","","","","","","","","","","","","","","","","","","","","","","","","","","","","","","","","","","","","","","","","","","","","","","","","","","","","","","","","","","","","","","","","","","","","","","","","","","","","","","","","","","","","","","","","","","","","","",""
"47323004","VILLENEUVE-SUR-LOT",44.3975,0.764,59,2015120711,0.,1,"","",5.3,1,110,1,5.3,1,110,1,1054,9,9.2,1,100,1,1026,9,"","","","","","","","","","","","","","","","",15.4,1,9.3,9,14.5,1,1001,9,15.4,1,1051,9,0,9,"","","","","","","","",17.2,9,"","","","","","",67,1,64,9,1048,9,69,9,1004,9,0,9,0,9,11.7,9,"","","","","","","","","","","","","","","","","","","","","","","","","","","","","","","","","","","","","","","","","","","","","","","","","","","","","","","","","","","","","","","","","","","","","","","","","","","","","","","","","","","","","","","","","","","","","","","","","","","","","","","","","","","","","","","","","","","",""
"47323004","VILLENEUVE-SUR-LOT",44.3975,0.764,59,2015120712,0.,1,"","",4.6,1,110,1,5.8,1,110,1,1103,9,9.7,1,100,1,1101,9,"","","","","","","","","","","","","","","","",16.8,1,9.9,9,15.4,1,1102,9,16.8,1,1157,9,0,9,"","","","","","","","",18.1,9,"","","","","","",64,1,61,9,1154,9,68,9,1105,9,0,9,0,9,12.2,9,"","","","","","","","","","","","","","","","","","","","","","","","","","","","","","","","","","","","","","","","","","","","","","","","","","","","","","","","","","","","","","","","","","","","","","","","","","","","","","","","","","","","","","","","","","","","","","","","","","","","","","","","","","","","","","","","","","","",""
"47323004","VILLENEUVE-SUR-LOT",44.3975,0.764,59,2015120713,0.,1,"","",4.1,1,110,1,5.4,1,110,1,1236,9,10.,1,90,1,1235,9,"","","","","","","","","","","","","","","","",17.4,1,9.3,9,16.8,1,1201,9,17.6,1,1251,9,0,9,"","","","","","","","",19.3,9,"","","","","","",59,1,58,9,1257,9,63,9,1223,9,0,9,0,9,11.7,9,"","","","","","","","","","","","","","","","","","","","","","","","","","","","","","","","","","","","","","","","","","","","","","","","","","","","","","","","","","","","","","","","","","","","","","","","","","","","","","","","","","","","","","","","","","","","","","","","","","","","","","","","","","","","","","","","","","","",""
"47323004","VILLENEUVE-SUR-LOT",44.3975,0.764,59,2015120714,0.,1,"","",4.8,1,120,1,6.3,1,110,1,1323,9,11.5,1,130,1,1329,9,"","","","","","","","","","","","","","","","",17.6,1,9.4,9,17.2,1,1319,9,17.6,1,1356,9,0,9,"","","","","","","","",18.8,9,"","","","","","",59,1,58,9,1305,9,61,9,1316,9,0,9,0,9,11.8,9,"","","","","","","","","","","","","","","","","","","","","","","","","","","","","","","","","","","","","","","","","","","","","","","","","","","","","","","","","","","","","","","","","","","","","","","","","","","","","","","","","","","","","","","","","","","","","","","","","","","","","","","","","","","","","","","","","","","",""
"47323004","VILLENEUVE-SUR-LOT",44.3975,0.764,59,2015120715,0.,1,"","",2.5,1,120,1,5.,1,120,1,1403,9,8.,1,110,1,1402,9,"","","","","","","","","","","","","","","","",17.5,1,9.2,9,17.5,1,1436,9,17.8,1,1419,9,0,9,"","","","","","","","",18.3,9,"","","","","","",58,1,57,9,1401,9,60,9,1408,9,0,9,0,9,11.6,9,"","","","","","","","","","","","","","","","","","","","","","","","","","","","","","","","","","","","","","","","","","","","","","","","","","","","","","","","","","","","","","","","","","","","","","","","","","","","","","","","","","","","","","","","","","","","","","","","","","","","","","","","","","","","","","","","","","","",""
"47323004","VILLENEUVE-SUR-LOT",44.3975,0.764,59,2015120716,0.,1,"","",2.2,1,100,1,4.3,1,120,1,1522,9,7.4,1,130,1,1516,9,"","","","","","","","","","","","","","","","",14.8,1,8.9,9,14.8,1,1558,9,17.5,1,1501,9,0,9,"","","","","","","","",11.,9,"","","","","","",68,1,57,9,1513,9,68,9,1559,9,0,9,0,9,11.4,9,"","","","","","","","","","","","","","","","","","","","","","","","","","","","","","","","","","","","","","","","","","","","","","","","","","","","","","","","","","","","","","","","","","","","","","","","","","","","","","","","","","","","","","","","","","","","","","","","","","","","","","","","","","","","","","","","","","","",""
"47323004","VILLENEUVE-SUR-LOT",44.3975,0.764,59,2015120717,0.,1,"","",1.2,1,100,1,2.1,1,100,1,1601,9,2.7,1,90,1,1604,9,"","","","","","","","","","","","","","","","",12.1,1,8.5,9,12.1,1,1657,9,14.9,1,1601,9,0,9,"","","","","","","","",5.,9,"","","","","","",79,1,66,9,1601,9,79,9,1650,9,0,9,0,9,11.1,9,"","","","","","","","","","","","","","","","","","","","","","","","","","","","","","","","","","","","","","","","","","","","","","","","","","","","","","","","","","","","","","","","","","","","","","","","","","","","","","","","","","","","","","","","","","","","","","","","","","","","","","","","","","","","","","","","","","","",""
"47323004","VILLENEUVE-SUR-LOT",44.3975,0.764,59,2015120718,0.,1,"","",1.2,1,70,1,1.4,1,90,1,1745,9,2.,1,90,1,1754,9,"","","","","","","","","","","","","","","","",9.7,1,7.,9,9.7,1,1800,9,12.1,1,1701,9,0,9,"","","","","","","","",3.9,9,"","","","","","",83,1,76,9,1709,9,86,9,1735,9,0,9,50,9,10.,9,"","","","","","","","","","","","","","","","","","","","","","","","","","","","","","","","","","","","","","","","","","","","","","","","","","","","","","","","","","","","","","","","","","","","","","","","","","","","","","","","","","","","","","","","","","","","","","","","","","","","","","","","","","","","","","","","","","","",""
"47323004","VILLENEUVE-SUR-LOT",44.3975,0.764,59,2015120719,0.,1,"","",0.,1,0,1,1.6,1,70,1,1826,9,2.,1,70,1,1821,9,"","","","","","","","","","","","","","","","",9.2,1,6.4,9,8.6,9,1826,9,9.7,9,1847,9,0,9,"","","","","","","","",3.3,9,"","","","","","",83,9,79,9,1850,9,91,9,1818,9,0,9,58,9,9.6,9,"","","","","","","","","","","","","","","","","","","","","","","","","","","","","","","","","","","","","","","","","","","","","","","","","","","","","","","","","","","","","","","","","","","","","","","","","","","","","","","","","","","","","","","","","","","","","","","","","","","","","","","","","","","","","","","","","","","",""
"47323004","VILLENEUVE-SUR-LOT",44.3975,0.764,59,2015120720,0.,1,"","",1.1,1,50,1,1.6,1,70,1,1934,9,2.6,1,90,1,1940,9,"","","","","","","","","","","","","","","","",9.,1,6.5,9,9.,1,1957,9,9.9,1,1933,9,0,9,"","","","","","","","",3.4,9,"","","","","","",85,1,79,9,1915,9,85,9,1919,9,0,9,58,9,9.7,9,"","","","","","","","","","","","","","","","","","","","","","","","","","","","","","","","","","","","","","","","","","","","","","","","","","","","","","","","","","","","","","","","","","","","","","","","","","","","","","","","","","","","","","","","","","","","","","","","","","","","","","","","","","","","","","","","","","","",""
"47323004","VILLENEUVE-SUR-LOT",44.3975,0.764,59,2015120721,0.,1,"","",1.7,1,50,1,1.9,1,50,1,2052,9,2.9,1,90,1,2049,9,"","","","","","","","","","","","","","","","",8.3,1,6.4,9,7.9,1,2036,9,8.9,1,2001,9,0,9,"","","","","","","","",2.9,9,"","","","","","",88,1,84,9,2008,9,91,9,2043,9,0,9,60,9,9.6,9,"","","","","","","","","","","","","","","","","","","","","","","","","","","","","","","","","","","","","","","","","","","","","","","","","","","","","","","","","","","","","","","","","","","","","","","","","","","","","","","","","","","","","","","","","","","","","","","","","","","","","","","","","","","","","","","","","","","",""
"47323004","VILLENEUVE-SUR-LOT",44.3975,0.764,59,2015120722,0.,1,"","",1.8,1,110,1,2.3,1,80,1,2142,9,3.3,1,90,1,2113,9,"","","","","","","","","","","","","","","","",7.8,1,6.1,9,7.6,1,2150,9,8.7,1,2132,9,0,9,"","","","","","","","",3.5,9,"","","","","","",89,1,84,9,2102,9,91,9,2156,9,0,9,60,9,9.4,9,"","","","","","","","","","","","","","","","","","","","","","","","","","","","","","","","","","","","","","","","","","","","","","","","","","","","","","","","","","","","","","","","","","","","","","","","","","","","","","","","","","","","","","","","","","","","","","","","","","","","","","","","","","","","","","","","","","","",""
"47323004","VILLENEUVE-SUR-LOT",44.3975,0.764,59,2015120723,0.,1,"","",1.4,1,80,1,2.2,1,100,1,2206,9,2.9,1,100,1,2203,9,"","","","","","","","","","","","","","","","",6.9,1,5.8,9,6.9,1,2247,9,7.8,1,2201,9,0,9,"","","","","","","","",2.6,9,"","","","","","",93,1,88,9,2206,9,93,9,2233,9,0,9,60,9,9.2,9,"","","","","","","","","","","","","","","","","","","","","","","","","","","","","","","","","","","","","","","","","","","","","","","","","","","","","","","","","","","","","","","","","","","","","","","","","","","","","","","","","","","","","","","","","","","","","","","","","","","","","","","","","","","","","","","","","","","",""
"47323004","VILLENEUVE-SUR-LOT",44.3975,0.764,59,2015120800,0.,1,"","",2.,1,90,1,2.,1,80,1,2312,9,2.8,1,80,1,2349,9,"","","","","","","","","","","","","","","","",5.9,1,5.1,9,5.8,1,2358,9,6.9,1,2301,9,0,9,"","","","","","","","",2.6,9,"","","","","","",95,1,90,9,2304,9,95,9,2318,9,0,9,60,9,8.8,9,"","","","","","","","","","","","","","","","","","","","","","","","","","","","","","","","","","","","","","","","","","","","","","","","","","","","","","","","","","","","","","","","","","","","","","","","","","","","","","","","","","","","","","","","","","","","","","","","","","","","","","","","","","","","","","","","","","","",""
"47323004","VILLENEUVE-SUR-LOT",44.3975,0.764,59,2015120801,0.,1,"","",2.4,1,90,1,2.4,1,90,1,59,9,3.3,1,90,1,54,9,"","","","","","","","","","","","","","","","",6.1,1,5.5,9,5.9,1,1,9,6.2,1,38,9,0,9,"","","","","","","","",3.2,9,"","","","","","",96,1,93,9,50,9,96,9,5,9,0,9,60,9,9.,9,"","","","","","","","","","","","","","","","","","","","","","","","","","","","","","","","","","","","","","","","","","","","","","","","","","","","","","","","","","","","","","","","","","","","","","","","","","","","","","","","","","","","","","","","","","","","","","","","","","","","","","","","","","","","","","","","","","","",""
"47323004","VILLENEUVE-SUR-LOT",44.3975,0.764,59,2015120802,0.,1,"","",2.,1,70,1,2.6,1,90,1,122,9,3.5,1,90,1,115,9,"","","","","","","","","","","","","","","","",5.7,1,5.,9,5.6,1,142,9,6.1,1,101,9,0,9,"","","","","","","","",3.3,9,"","","","","","",95,1,93,9,105,9,96,9,101,9,0,9,60,9,8.7,9,"","","","","","","","","","","","","","","","","","","","","","","","","","","","","","","","","","","","","","","","","","","","","","","","","","","","","","","","","","","","","","","","","","","","","","","","","","","","","","","","","","","","","","","","","","","","","","","","","","","","","","","","","","","","","","","","","","","",""
"47323004","VILLENEUVE-SUR-LOT",44.3975,0.764,59,2015120803,0.,1,"","",2.,1,80,1,2.1,1,90,1,222,9,2.9,1,80,1,300,9,"","","","","","","","","","","","","","","","",4.7,1,4.1,9,4.7,1,257,9,5.9,1,207,9,0,9,"","","","","","","","",1.7,9,"","","","","","",96,1,93,9,216,9,97,9,240,9,0,9,60,9,8.2,9,"","","","","","","","","","","","","","","","","","","","","","","","","","","","","","","","","","","","","","","","","","","","","","","","","","","","","","","","","","","","","","","","","","","","","","","","","","","","","","","","","","","","","","","","","","","","","","","","","","","","","","","","","","","","","","","","","","","",""
"47323004","VILLENEUVE-SUR-LOT",44.3975,0.764,59,2015120804,0.,1,"","",1.8,1,80,1,2.4,1,90,1,336,9,3.8,1,90,1,328,9,"","","","","","","","","","","","","","","","",5.2,1,5.,9,4.6,1,310,9,5.2,1,400,9,0,9,"","","","","","","","",1.6,9,"","","","","","",98,1,95,9,304,9,99,9,349,9,0,9,60,9,8.7,9,"","","","","","","","","","","","","","","","","","","","","","","","","","","","","","","","","","","","","","","","","","","","","","","","","","","","","","","","","","","","","","","","","","","","","","","","","","","","","","","","","","","","","","","","","","","","","","","","","","","","","","","","","","","","","","","","","","","",""
"47323004","VILLENEUVE-SUR-LOT",44.3975,0.764,59,2015120805,0.2,1,"","",3.1,1,80,1,3.1,1,80,1,500,9,4.4,1,90,1,456,9,"","","","","","","","","","","","","","","","",5.5,1,5.,9,5.2,1,402,9,5.6,1,438,9,0,9,"","","","","","","","",2.3,9,"","","","","","",96,1,95,9,443,9,98,9,401,9,0,9,60,9,8.7,9,"","","","","","","","","","","","","","","","","","","","","","","","","","","","","","","","","","","","","","","","","","","","","","","","","","","","","","","","","","","","","","","","","","","","","","","","","","","","","","","","","","","","","","","","","","","","","","","","","","","","","","","","","","","","","","","","","","","",""
"47323004","VILLENEUVE-SUR-LOT",44.3975,0.764,59,2015120806,0.,1,"","",2.5,1,80,1,3.5,1,90,1,504,9,4.5,1,90,1,501,9,"","","","","","","","","","","","","","","","",5.3,1,4.6,9,5.3,1,530,9,5.6,1,503,9,0,9,"","","","","","","","",4.,9,"","","","","","",96,1,95,9,508,9,97,9,503,9,0,9,60,9,8.5,9,"","","","","","","","","","","","","","","","","","","","","","","","","","","","","","","","","","","","","","","","","","","","","","","","","","","","","","","","","","","","","","","","","","","","","","","","","","","","","","","","","","","","","","","","","","","","","","","","","","","","","","","","","","","","","","","","","","","",""
"47323004","VILLENEUVE-SUR-LOT",44.3975,0.764,59,2015120807,0.,1,"","",1.5,1,100,1,3.,1,90,1,631,9,4.3,1,100,1,618,9,"","","","","","","","","","","","","","","","",5.1,1,4.5,9,5.1,9,654,9,5.3,9,601,9,0,9,"","","","","","","","",2.5,9,"","","","","","",96,9,95,9,601,9,97,9,605,9,0,9,60,9,8.4,9,"","","","","","","","","","","","","","","","","","","","","","","","","","","","","","","","","","","","","","","","","","","","","","","","","","","","","","","","","","","","","","","","","","","","","","","","","","","","","","","","","","","","","","","","","","","","","","","","","","","","","","","","","","","","","","","","","","","",""
"47323004","VILLENEUVE-SUR-LOT",44.3975,0.764,59,2015120808,0.,1,"","",2.3,1,100,1,2.5,1,90,1,723,9,3.6,1,90,1,716,9,"","","","","","","","","","","","","","","","",5.5,1,5.,9,4.9,1,714,9,5.5,1,758,9,0,9,"","","","","","","","",2.4,9,"","","","","","",96,1,95,9,707,9,98,9,720,9,0,9,60,9,8.7,9,"","","","","","","","","","","","","","","","","","","","","","","","","","","","","","","","","","","","","","","","","","","","","","","","","","","","","","","","","","","","","","","","","","","","","","","","","","","","","","","","","","","","","","","","","","","","","","","","","","","","","","","","","","","","","","","","","","","",""
"47323004","VILLENEUVE-SUR-LOT",44.3975,0.764,59,2015120809,0.,1,"","",2.,1,80,1,2.3,1,100,1,801,9,3.4,1,90,1,847,9,"","","","","","","","","","","","","","","","",7.5,1,6.1,9,5.5,1,801,9,7.5,1,900,9,0,9,"","","","","","","","",5.,9,"","","","","","",91,1,90,9,858,9,97,9,802,9,0,9,60,9,9.4,9,"","","","","","","","","","","","","","","","","","","","","","","","","","","","","","","","","","","","","","","","","","","","","","","","","","","","","","","","","","","","","","","","","","","","","","","","","","","","","","","","","","","","","","","","","","","","","","","","","","","","","","","","","","","","","","","","","","","",""
"47323004","VILLENEUVE-SUR-LOT",44.3975,0.764,59,2015120810,0.,1,"","",2.5,1,70,1,3.5,1,90,1,926,9,4.7,1,100,1,920,9,"","","","","","","","","","","","","","","","",10.1,1,7.8,9,7.5,1,901,9,10.1,1,1000,9,0,9,"","","","","","","","",9.1,9,"","","","","","",86,1,85,9,954,9,91,9,902,9,0,9,60,9,10.6,9,"","","","","","","","","","","","","","","","","","","","","","","","","","","","","","","","","","","","","","","","","","","","","","","","","","","","","","","","","","","","","","","","","","","","","","","","","","","","","","","","","","","","","","","","","","","","","","","","","","","","","","","","","","","","","","","","","","","",""
"47323004","VILLENEUVE-SUR-LOT",44.3975,0.764,59,2015120811,0.,1,"","",2.1,1,140,1,2.9,1,130,1,1053,9,5.8,1,110,1,1039,9,"","","","","","","","","","","","","","","","",15.1,1,11.3,9,10.1,1,1001,9,15.1,1,1052,9,0,9,"","","","","","","","",14.,9,"","","","","","",78,1,76,9,1052,9,88,9,1004,9,0,9,44,9,13.4,9,"","","","","","","","","","","","","","","","","","","","","","","","","","","","","","","","","","","","","","","","","","","","","","","","","","","","","","","","","","","","","","","","","","","","","","","","","","","","","","","","","","","","","","","","","","","","","","","","","","","","","","","","","","","","","","","","","","","",""
"47323004","VILLENEUVE-SUR-LOT",44.3975,0.764,59,2015120812,0.,1,"","",2.7,1,180,1,3.3,1,150,1,1112,9,7.8,1,130,1,1130,9,"","","","","","","","","","","","","","","","",15.5,1,10.9,9,14.8,1,1110,9,15.6,1,1154,9,0,9,"","","","","","","","",16.1,9,"","","","","","",74,1,73,9,1128,9,78,9,1102,9,0,9,0,9,13.,9,"","","","","","","","","","","","","","","","","","","","","","","","","","","","","","","","","","","","","","","","","","","","","","","","","","","","","","","","","","","","","","","","","","","","","","","","","","","","","","","","","","","","","","","","","","","","","","","","","","","","","","","","","","","","","","","","","","","",""
"47323004","VILLENEUVE-SUR-LOT",44.3975,0.764,59,2015120813,0.,1,"","",1.9,1,140,1,3.2,1,170,1,1228,9,5.9,1,180,1,1219,9,"","","","","","","","","","","","","","","","",15.3,1,10.9,9,15.,1,1227,9,15.5,1,1201,9,0,9,"","","","","","","","",15.8,9,"","","","","","",75,1,72,9,1203,9,78,9,1245,9,0,9,0,9,13.,9,"","","","","","","","","","","","","","","","","","","","","","","","","","","","","","","","","","","","","","","","","","","","","","","","","","","","","","","","","","","","","","","","","","","","","","","","","","","","","","","","","","","","","","","","","","","","","","","","","","","","","","","","","","","","","","","","","","","",""
"47323004","VILLENEUVE-SUR-LOT",44.3975,0.764,59,2015120814,0.,1,"","",2.5,1,150,1,3.4,1,160,1,1325,9,6.2,1,180,1,1320,9,"","","","","","","","","","","","","","","","",15.,1,10.,9,15.,1,1400,9,15.8,1,1316,9,0,9,"","","","","","","","",14.6,9,"","","","","","",72,1,71,9,1316,9,75,9,1307,9,0,9,0,9,12.3,9,"","","","","","","","","","","","","","","","","","","","","","","","","","","","","","","","","","","","","","","","","","","","","","","","","","","","","","","","","","","","","","","","","","","","","","","","","","","","","","","","","","","","","","","","","","","","","","","","","","","","","","","","","","","","","","","","","","","",""
"47323004","VILLENEUVE-SUR-LOT",44.3975,0.764,59,2015120815,0.,1,"","",2.3,1,190,1,3.5,1,170,1,1416,9,5.5,1,180,1,1409,9,"","","","","","","","","","","","","","","","",14.6,1,10.2,9,14.6,1,1431,9,15.,1,1401,9,0,9,"","","","","","","","",13.9,9,"","","","","","",75,1,72,9,1401,9,76,9,1431,9,0,9,0,9,12.4,9,"","","","","","","","","","","","","","","","","","","","","","","","","","","","","","","","","","","","","","","","","","","","","","","","","","","","","","","","","","","","","","","","","","","","","","","","","","","","","","","","","","","","","","","","","","","","","","","","","","","","","","","","","","","","","","","","","","","",""
"47323004","VILLENEUVE-SUR-LOT",44.3975,0.764,59,2015120816,0.,1,"","",0.8,1,230,1,2.4,1,210,1,1530,9,4.3,1,230,1,1526,9,"","","","","","","","","","","","","","","","",14.2,1,9.7,9,14.2,1,1558,9,14.6,1,1501,9,0,9,"","","","","","","","",12.7,9,"","","","","","",74,1,71,9,1527,9,75,9,1505,9,0,9,0,9,12.,9,"","","","","","","","","","","","","","","","","","","","","","","","","","","","","","","","","","","","","","","","","","","","","","","","","","","","","","","","","","","","","","","","","","","","","","","","","","","","","","","","","","","","","","","","","","","","","","","","","","","","","","","","","","","","","","","","","","","",""
"47323004","VILLENEUVE-SUR-LOT",44.3975,0.764,59,2015120817,0.,1,"","",0.9,1,260,1,0.9,1,260,1,1608,9,1.7,1,270,1,1659,9,"","","","","","","","","","","","","","","","",12.7,1,10.3,9,12.7,1,1658,9,14.2,1,1601,9,0,9,"","","","","","","","",10.9,9,"","","","","","",85,1,73,9,1601,9,85,9,1655,9,0,9,29,9,12.5,9,"","","","","","","","","","","","","","","","","","","","","","","","","","","","","","","","","","","","","","","","","","","","","","","","","","","","","","","","","","","","","","","","","","","","","","","","","","","","","","","","","","","","","","","","","","","","","","","","","","","","","","","","","","","","","","","","","","","",""
"47323004","VILLENEUVE-SUR-LOT",44.3975,0.764,59,2015120818,0.2,1,"","",0.,1,0,1,1.4,1,270,1,1727,9,2.4,1,270,1,1718,9,"","","","","","","","","","","","","","","","",11.8,1,10.4,9,11.8,1,1757,9,12.7,1,1701,9,0,9,"","","","","","","","",10.,9,"","","","","","",91,1,84,9,1715,9,91,9,1754,9,0,9,60,9,12.6,9,"","","","","","","","","","","","","","","","","","","","","","","","","","","","","","","","","","","","","","","","","","","","","","","","","","","","","","","","","","","","","","","","","","","","","","","","","","","","","","","","","","","","","","","","","","","","","","","","","","","","","","","","","","","","","","","","","","","",""
"47323004","VILLENEUVE-SUR-LOT",44.3975,0.764,59,2015120819,0.,1,"","",0.5,1,300,1,0.7,1,290,1,1855,9,1.1,1,280,1,1850,9,"","","","","","","","","","","","","","","","",11.2,1,10.3,9,11.2,9,1845,9,11.8,9,1801,9,0,9,"","","","","","","","",9.5,9,"","","","","","",94,9,90,9,1801,9,95,9,1857,9,0,9,60,9,12.5,9,"","","","","","","","","","","","","","","","","","","","","","","","","","","","","","","","","","","","","","","","","","","","","","","","","","","","","","","","","","","","","","","","","","","","","","","","","","","","","","","","","","","","","","","","","","","","","","","","","","","","","","","","","","","","","","","","","","","",""
"47323004","VILLENEUVE-SUR-LOT",44.3975,0.764,59,2015120820,0.2,1,"","",1.1,1,300,1,1.3,1,300,1,1940,9,1.9,1,290,1,1945,9,"","","","","","","","","","","","","","","","",10.8,1,9.9,9,10.8,1,1935,9,11.4,1,1910,9,0,9,"","","","","","","","",7.,9,"","","","","","",94,1,91,9,1923,9,95,9,1904,9,0,9,60,9,12.2,9,"","","","","","","","","","","","","","","","","","","","","","","","","","","","","","","","","","","","","","","","","","","","","","","","","","","","","","","","","","","","","","","","","","","","","","","","","","","","","","","","","","","","","","","","","","","","","","","","","","","","","","","","","","","","","","","","","","","",""
"47323004","VILLENEUVE-SUR-LOT",44.3975,0.764,59,2015120821,0.,1,"","",1.6,1,290,1,1.6,1,290,1,2056,9,2.,1,280,1,2034,9,"","","","","","","","","","","","","","","","",10.4,1,9.8,9,10.2,1,2034,9,10.8,1,2001,9,0,9,"","","","","","","","",6.5,9,"","","","","","",96,1,93,9,2010,9,97,9,2036,9,0,9,60,9,12.1,9,"","","","","","","","","","","","","","","","","","","","","","","","","","","","","","","","","","","","","","","","","","","","","","","","","","","","","","","","","","","","","","","","","","","","","","","","","","","","","","","","","","","","","","","","","","","","","","","","","","","","","","","","","","","","","","","","","","","",""
"47323004","VILLENEUVE-SUR-LOT",44.3975,0.764,59,2015120822,0.,1,"","",1.5,1,280,1,1.6,1,270,1,2119,9,2.2,1,280,1,2140,9,"","","","","","","","","","","","","","","","",11.,1,10.2,9,10.4,1,2101,9,11.1,1,2135,9,0,9,"","","","","","","","",7.2,9,"","","","","","",95,1,94,9,2146,9,97,9,2104,9,0,9,60,9,12.4,9,"","","","","","","","","","","","","","","","","","","","","","","","","","","","","","","","","","","","","","","","","","","","","","","","","","","","","","","","","","","","","","","","","","","","","","","","","","","","","","","","","","","","","","","","","","","","","","","","","","","","","","","","","","","","","","","","","","","",""
"47323004","VILLENEUVE-SUR-LOT",44.3975,0.764,59,2015120823,0.2,1,"","",0.5,1,310,1,1.5,1,280,1,2201,9,1.9,1,270,1,2201,9,"","","","","","","","","","","","","","","","",10.3,1,9.8,9,10.1,1,2246,9,11.1,1,2205,9,0,9,"","","","","","","","",7.1,9,"","","","","","",97,1,94,9,2209,9,97,9,2256,9,0,9,60,9,12.1,9,"","","","","","","","","","","","","","","","","","","","","","","","","","","","","","","","","","","","","","","","","","","","","","","","","","","","","","","","","","","","","","","","","","","","","","","","","","","","","","","","","","","","","","","","","","","","","","","","","","","","","","","","","","","","","","","","","","","",""
"47323004","VILLENEUVE-SUR-LOT",44.3975,0.764,59,2015120900,0.,1,"","",0.,1,0,1,0.5,1,310,1,2301,9,0.5,1,300,1,2345,9,"","","","","","","","","","","","","","","","",9.3,1,8.7,9,9.3,1,2358,9,10.4,1,2311,9,0,9,"","","","","","","","",5.9,9,"","","","","","",96,1,96,9,2301,9,98,9,2336,9,0,9,60,9,11.2,9,"","","","","","","","","","","","","","","","","","","","","","","","","","","","","","","","","","","","","","","","","","","","","","","","","","","","","","","","","","","","","","","","","","","","","","","","","","","","","","","","","","","","","","","","","","","","","","","","","","","","","","","","","","","","","","","","","","","",""
"47323004","VILLENEUVE-SUR-LOT",44.3975,0.764,59,2015120901,0.,1,"","",1.5,1,270,1,1.5,1,270,1,100,9,2.2,1,270,1,55,9,"","","","","","","","","","","","","","","","",10.3,1,9.8,9,8.9,1,13,9,10.3,1,59,9,0,9,"","","","","","","","",5.9,9,"","","","","","",97,1,95,9,3,9,99,9,48,9,0,9,60,9,12.1,9,"","","","","","","","","","","","","","","","","","","","","","","","","","","","","","","","","","","","","","","","","","","","","","","","","","","","","","","","","","","","","","","","","","","","","","","","","","","","","","","","","","","","","","","","","","","","","","","","","","","","","","","","","","","","","","","","","","","",""
"47323004","VILLENEUVE-SUR-LOT",44.3975,0.764,59,2015120902,0.,1,"","",1.4,1,290,1,1.5,1,270,1,101,9,2.4,1,270,1,156,9,"","","","","","","","","","","","","","","","",10.5,1,10.2,9,10.,1,144,9,10.6,1,106,9,0,9,"","","","","","","","",9.4,9,"","","","","","",98,1,97,9,107,9,99,9,110,9,0,9,60,9,12.4,9,"","","","","","","","","","","","","","","","","","","","","","","","","","","","","","","","","","","","","","","","","","","","","","","","","","","","","","","","","","","","","","","","","","","","","","","","","","","","","","","","","","","","","","","","","","","","","","","","","","","","","","","","","","","","","","","","","","","",""
"47323004","VILLENEUVE-SUR-LOT",44.3975,0.764,59,2015120903,0.,1,"","",1.7,1,310,1,1.7,1,310,1,300,9,2.8,1,310,1,300,9,"","","","","","","","","","","","","","","","",10.5,1,10.,9,10.4,1,213,9,10.5,1,201,9,0,9,"","","","","","","","",9.4,9,"","","","","","",97,1,96,9,245,9,98,9,201,9,0,9,60,9,12.3,9,"","","","","","","","","","","","","","","","","","","","","","","","","","","","","","","","","","","","","","","","","","","","","","","","","","","","","","","","","","","","","","","","","","","","","","","","","","","","","","","","","","","","","","","","","","","","","","","","","","","","","","","","","","","","","","","","","","","",""
"47323004","VILLENEUVE-SUR-LOT",44.3975,0.764,59,2015120904,0.,1,"","",1.2,1,350,1,1.9,1,300,1,305,9,2.8,1,320,1,306,9,"","","","","","","","","","","","","","","","",10.2,1,9.4,9,10.1,1,324,9,10.5,1,301,9,0,9,"","","","","","","","",9.,9,"","","","","","",95,1,95,9,323,9,98,9,302,9,0,9,60,9,11.8,9,"","","","","","","","","","","","","","","","","","","","","","","","","","","","","","","","","","","","","","","","","","","","","","","","","","","","","","","","","","","","","","","","","","","","","","","","","","","","","","","","","","","","","","","","","","","","","","","","","","","","","","","","","","","","","","","","","","","",""
"47323004","VILLENEUVE-SUR-LOT",44.3975,0.764,59,2015120905,0.,1,"","",0.5,1,280,1,1.1,1,350,1,401,9,1.6,1,300,1,427,9,"","","","","","","","","","","","","","","","",10.,1,9.2,9,10.,1,453,9,10.2,1,401,9,0,9,"","","","","","","","",9.1,9,"","","","","","",95,1,95,9,401,9,97,9,430,9,0,9,60,9,11.6,9,"","","","","","","","","","","","","","","","","","","","","","","","","","","","","","","","","","","","","","","","","","","","","","","","","","","","","","","","","","","","","","","","","","","","","","","","","","","","","","","","","","","","","","","","","","","","","","","","","","","","","","","","","","","","","","","","","","","",""
"47323004","VILLENEUVE-SUR-LOT",44.3975,0.764,59,2015120906,0.,1,"","",0.7,1,100,1,0.7,1,90,1,559,9,1.1,1,100,1,556,9,"","","","","","","","","","","","","","","","",9.6,1,9.2,9,9.6,1,541,9,10.,1,501,9,0,9,"","","","","","","","",8.8,9,"","","","","","",97,1,95,9,502,9,97,9,503,9,0,9,60,9,11.6,9,"","","","","","","","","","","","","","","","","","","","","","","","","","","","","","","","","","","","","","","","","","","","","","","","","","","","","","","","","","","","","","","","","","","","","","","","","","","","","","","","","","","","","","","","","","","","","","","","","","","","","","","","","","","","","","","","","","","",""
"47323004","VILLENEUVE-SUR-LOT",44.3975,0.764,59,2015120907,0.,1,"","",1.4,1,310,1,1.6,1,10,1,630,9,2.3,1,10,1,624,9,"","","","","","","","","","","","","","","","",9.7,1,8.5,9,9.6,9,601,9,9.7,9,614,9,0,9,"","","","","","","","",9.,9,"","","","","","",92,9,91,9,635,9,98,9,611,9,0,9,60,9,11.1,9,"","","","","","","","","","","","","","","","","","","","","","","","","","","","","","","","","","","","","","","","","","","","","","","","","","","","","","","","","","","","","","","","","","","","","","","","","","","","","","","","","","","","","","","","","","","","","","","","","","","","","","","","","","","","","","","","","","","",""
"47323004","VILLENEUVE-SUR-LOT",44.3975,0.764,59,2015120908,0.,1,"","",0.6,1,10,1,1.4,1,310,1,701,9,1.9,1,330,1,709,9,"","","","","","","","","","","","","","","","",9.7,1,8.5,9,9.6,1,738,9,9.7,1,701,9,0,9,"","","","","","","","",9.1,9,"","","","","","",92,1,91,9,704,9,94,9,723,9,0,9,60,9,11.1,9,"","","","","","","","","","","","","","","","","","","","","","","","","","","","","","","","","","","","","","","","","","","","","","","","","","","","","","","","","","","","","","","","","","","","","","","","","","","","","","","","","","","","","","","","","","","","","","","","","","","","","","","","","","","","","","","","","","","",""
"47323004","VILLENEUVE-SUR-LOT",44.3975,0.764,59,2015120909,0.,1,"","",0.8,1,100,1,0.8,1,110,1,859,9,1.8,1,90,1,855,9,"","","","","","","","","","","","","","","","",11.,1,8.3,9,9.7,1,801,9,11.1,1,854,9,0,9,"","","","","","","","",9.2,9,"","","","","","",83,1,83,9,900,9,93,9,803,9,0,9,60,9,10.9,9,"","","","","","","","","","","","","","","","","","","","","","","","","","","","","","","","","","","","","","","","","","","","","","","","","","","","","","","","","","","","","","","","","","","","","","","","","","","","","","","","","","","","","","","","","","","","","","","","","","","","","","","","","","","","","","","","","","","",""
"47323004","VILLENEUVE-SUR-LOT",44.3975,0.764,59,2015120910,0.,1,"","",2.7,1,90,1,2.8,1,100,1,944,9,4.1,1,90,1,949,9,"","","","","","","","","","","","","","","","",11.4,1,8.3,9,10.9,1,901,9,11.4,1,927,9,0,9,"","","","","","","","",12.7,9,"","","","","","",81,1,77,9,947,9,85,9,904,9,0,9,37,9,10.9,9,"","","","","","","","","","","","","","","","","","","","","","","","","","","","","","","","","","","","","","","","","","","","","","","","","","","","","","","","","","","","","","","","","","","","","","","","","","","","","","","","","","","","","","","","","","","","","","","","","","","","","","","","","","","","","","","","","","","",""
"47323004","VILLENEUVE-SUR-LOT",44.3975,0.764,59,2015120911,0.,1,"","",1.5,1,100,1,2.7,1,90,1,1001,9,3.4,1,100,1,1003,9,"","","","","","","","","","","","","","","","",12.7,1,7.6,9,11.5,1,1001,9,12.7,1,1053,9,0,9,"","","","","","","","",16.1,9,"","","","","","",71,1,71,9,1046,9,81,9,1001,9,0,9,1,9,10.4,9,"","","","","","","","","","","","","","","","","","","","","","","","","","","","","","","","","","","","","","","","","","","","","","","","","","","","","","","","","","","","","","","","","","","","","","","","","","","","","","","","","","","","","","","","","","","","","","","","","","","","","","","","","","","","","","","","","","","",""
"47323004","VILLENEUVE-SUR-LOT",44.3975,0.764,59,2015120912,0.,1,"","",1.8,1,70,1,2.,1,60,1,1151,9,3.,1,40,1,1150,9,"","","","","","","","","","","","","","","","",13.8,1,6.1,9,12.7,1,1101,9,13.9,1,1129,9,0,9,"","","","","","","","",18.6,9,"","","","","","",60,1,59,9,1147,9,72,9,1101,9,0,9,0,9,9.4,9,"","","","","","","","","","","","","","","","","","","","","","","","","","","","","","","","","","","","","","","","","","","","","","","","","","","","","","","","","","","","","","","","","","","","","","","","","","","","","","","","","","","","","","","","","","","","","","","","","","","","","","","","","","","","","","","","","","","",""
"47323004","VILLENEUVE-SUR-LOT",44.3975,0.764,59,2015120913,0.,1,"","",1.,1,110,1,2.7,1,70,1,1216,9,4.6,1,60,1,1221,9,"","","","","","","","","","","","","","","","",14.9,1,3.9,9,13.7,1,1202,9,14.9,1,1300,9,0,9,"","","","","","","","",18.2,9,"","","","","","",48,1,48,9,1246,9,62,9,1205,9,0,9,0,9,8.1,9,"","","","","","","","","","","","","","","","","","","","","","","","","","","","","","","","","","","","","","","","","","","","","","","","","","","","","","","","","","","","","","","","","","","","","","","","","","","","","","","","","","","","","","","","","","","","","","","","","","","","","","","","","","","","","","","","","","","",""
"47323004","VILLENEUVE-SUR-LOT",44.3975,0.764,59,2015120914,0.,1,"","",2.9,1,20,1,3.1,1,20,1,1349,9,5.3,1,30,1,1340,9,"","","","","","","","","","","","","","","","",14.1,1,2.7,9,14.1,1,1400,9,15.2,1,1315,9,0,9,"","","","","","","","",16.9,9,"","","","","","",46,1,46,9,1307,9,57,9,1329,9,0,9,0,9,7.4,9,"","","","","","","","","","","","","","","","","","","","","","","","","","","","","","","","","","","","","","","","","","","","","","","","","","","","","","","","","","","","","","","","","","","","","","","","","","","","","","","","","","","","","","","","","","","","","","","","","","","","","","","","","","","","","","","","","","","",""
"47323004","VILLENEUVE-SUR-LOT",44.3975,0.764,59,2015120915,0.,1,"","",1.4,1,50,1,3.,1,20,1,1403,9,4.5,1,30,1,1423,9,"","","","","","","","","","","","","","","","",13.9,1,3.4,9,13.8,1,1432,9,14.1,1,1401,9,0,9,"","","","","","","","",15.9,9,"","","","","","",49,1,46,9,1452,9,52,9,1413,9,0,9,0,9,7.8,9,"","","","","","","","","","","","","","","","","","","","","","","","","","","","","","","","","","","","","","","","","","","","","","","","","","","","","","","","","","","","","","","","","","","","","","","","","","","","","","","","","","","","","","","","","","","","","","","","","","","","","","","","","","","","","","","","","","","",""
"47323004","VILLENEUVE-SUR-LOT",44.3975,0.764,59,2015120916,0.,1,"","",1.1,1,60,1,2.3,1,60,1,1515,9,3.9,1,60,1,1511,9,"","","","","","","","","","","","","","","","",11.2,1,3.,9,11.2,1,1558,9,13.9,1,1501,9,0,9,"","","","","","","","",5.6,9,"","","","","","",57,1,47,9,1501,9,57,9,1558,9,0,9,0,9,7.6,9,"","","","","","","","","","","","","","","","","","","","","","","","","","","","","","","","","","","","","","","","","","","","","","","","","","","","","","","","","","","","","","","","","","","","","","","","","","","","","","","","","","","","","","","","","","","","","","","","","","","","","","","","","","","","","","","","","","","",""
"47323004","VILLENEUVE-SUR-LOT",44.3975,0.764,59,2015120917,0.,1,"","",0.,1,0,1,1.1,1,60,1,1601,9,1.2,1,50,1,1602,9,"","","","","","","","","","","","","","","","",5.9,1,2.9,9,5.9,1,1700,9,11.1,1,1601,9,0,9,"","","","","","","","",1.2,9,"","","","","","",81,1,56,9,1601,9,81,9,1657,9,0,9,5,9,7.5,9,"","","","","","","","","","","","","","","","","","","","","","","","","","","","","","","","","","","","","","","","","","","","","","","","","","","","","","","","","","","","","","","","","","","","","","","","","","","","","","","","","","","","","","","","","","","","","","","","","","","","","","","","","","","","","","","","","","","",""
"47323004","VILLENEUVE-SUR-LOT",44.3975,0.764,59,2015120918,0.,1,"","",0.7,1,100,1,0.8,1,120,1,1734,9,1.1,1,130,1,1732,9,"","","","","","","","","","","","","","","","",3.9,1,2.3,9,3.9,1,1800,9,5.9,1,1701,9,0,9,"","","","","","","","",-0.7,9,"","","","","","",89,1,81,9,1737,9,89,9,1800,9,0,9,60,9,7.2,9,"","","","","","","","","","","","","","","","","","","","","","","","","","","","","","","","","","","","","","","","","","","","","","","","","","","","","","","","","","","","","","","","","","","","","","","","","","","","","","","","","","","","","","","","","","","","","","","","","","","","","","","","","","","","","","","","","","","",""
"47323004","VILLENEUVE-SUR-LOT",44.3975,0.764,59,2015120919,0.,1,"","",1.4,1,90,1,1.4,1,90,1,1852,9,1.9,1,80,1,1851,9,"","","","","","","","","","","","","","","","",3.3,1,2.5,9,3.2,9,1851,9,3.9,9,1801,9,0,9,"","","","","","","","",-1.7,9,"","","","","","",94,9,88,9,1807,9,95,9,1832,9,0,9,60,9,7.3,9,"","","","","","","","","","","","","","","","","","","","","","","","","","","","","","","","","","","","","","","","","","","","","","","","","","","","","","","","","","","","","","","","","","","","","","","","","","","","","","","","","","","","","","","","","","","","","","","","","","","","","","","","","","","","","","","","","","","",""
"47323004","VILLENEUVE-SUR-LOT",44.3975,0.764,59,2015120920,0.,1,"","",1.,1,100,1,1.6,1,90,1,1910,9,2.2,1,80,1,1909,9,"","","","","","","","","","","","","","","","",2.7,1,1.5,9,2.7,1,1954,9,3.6,1,1908,9,0,9,"","","","","","","","",-2.1,9,"","","","","","",92,1,89,9,1913,9,94,9,1903,9,0,9,60,9,6.8,9,"","","","","","","","","","","","","","","","","","","","","","","","","","","","","","","","","","","","","","","","","","","","","","","","","","","","","","","","","","","","","","","","","","","","","","","","","","","","","","","","","","","","","","","","","","","","","","","","","","","","","","","","","","","","","","","","","","","",""
"47323004","VILLENEUVE-SUR-LOT",44.3975,0.764,59,2015120921,0.,1,"","",1.7,1,110,1,1.8,1,90,1,2050,9,2.6,1,100,1,2058,9,"","","","","","","","","","","","","","","","",1.9,1,1.1,9,1.7,1,2050,9,2.7,1,2001,9,0,9,"","","","","","","","",-2.6,9,"","","","","","",94,1,91,9,2007,9,96,9,2036,9,0,9,60,9,6.6,9,"","","","","","","","","","","","","","","","","","","","","","","","","","","","","","","","","","","","","","","","","","","","","","","","","","","","","","","","","","","","","","","","","","","","","","","","","","","","","","","","","","","","","","","","","","","","","","","","","","","","","","","","","","","","","","","","","","","",""
"47323004","VILLENEUVE-SUR-LOT",44.3975,0.764,59,2015120922,0.,1,"","",1.3,1,100,1,2.,1,100,1,2103,9,2.6,1,90,1,2102,9,"","","","","","","","","","","","","","","","",1.3,1,0.6,9,1.3,1,2159,9,1.9,1,2114,9,0,9,"","","","","","","","",-3.3,9,"","","","","","",96,1,93,9,2108,9,96,9,2118,9,0,9,60,9,6.4,9,"","","","","","","","","","","","","","","","","","","","","","","","","","","","","","","","","","","","","","","","","","","","","","","","","","","","","","","","","","","","","","","","","","","","","","","","","","","","","","","","","","","","","","","","","","","","","","","","","","","","","","","","","","","","","","","","","","","",""
"47323004","VILLENEUVE-SUR-LOT",44.3975,0.764,59,2015120923,0.,1,"","",1.1,1,110,1,1.9,1,110,1,2233,9,2.9,1,120,1,2227,9,"","","","","","","","","","","","","","","","",0.8,1,0.2,9,0.7,1,2238,9,1.3,1,2201,9,0,9,"","","","","","","","",-3.8,9,"","","","","","",96,1,93,9,2238,9,97,9,2226,9,0,9,60,9,6.2,9,"","","","","","","","","","","","","","","","","","","","","","","","","","","","","","","","","","","","","","","","","","","","","","","","","","","","","","","","","","","","","","","","","","","","","","","","","","","","","","","","","","","","","","","","","","","","","","","","","","","","","","","","","","","","","","","","","","","",""
"47323004","VILLENEUVE-SUR-LOT",44.3975,0.764,59,2015121000,0.,1,"","",2.,1,110,1,2.,1,110,1,2358,9,3.1,1,110,1,2355,9,"","","","","","","","","","","","","","","","",0.6,1,0.4,9,0.,1,2348,9,0.8,1,2301,9,0,9,"","","","","","","","",-4.2,9,"","","","","","",98,1,95,9,2304,9,99,9,2333,9,0,9,60,9,6.3,9,"","","","","","","","","","","","","","","","","","","","","","","","","","","","","","","","","","","","","","","","","","","","","","","","","","","","","","","","","","","","","","","","","","","","","","","","","","","","","","","","","","","","","","","","","","","","","","","","","","","","","","","","","","","","","","","","","","","",""
"47323004","VILLENEUVE-SUR-LOT",44.3975,0.764,59,2015121001,0.,1,"","",3.,1,110,1,3.2,1,110,1,28,9,4.4,1,100,1,40,9,"","","","","","","","","","","","","","","","",1.1,1,0.4,9,0.6,1,1,9,1.3,1,27,9,0,9,"","","","","","","","",-2.2,9,"","","","","","",95,1,94,9,47,9,99,9,1,9,0,9,60,9,6.3,9,"","","","","","","","","","","","","","","","","","","","","","","","","","","","","","","","","","","","","","","","","","","","","","","","","","","","","","","","","","","","","","","","","","","","","","","","","","","","","","","","","","","","","","","","","","","","","","","","","","","","","","","","","","","","","","","","","","","",""
"47323004","VILLENEUVE-SUR-LOT",44.3975,0.764,59,2015121002,0.,1,"","",2.3,1,120,1,3.,1,110,1,101,9,3.9,1,100,1,107,9,"","","","","","","","","","","","","","","","",0.,1,-0.7,9,0.,1,155,9,1.1,1,101,9,0,9,"","","","","","","","",-2.4,9,"","","","","","",95,1,93,9,111,9,96,9,157,9,0,9,60,9,5.8,9,"","","","","","","","","","","","","","","","","","","","","","","","","","","","","","","","","","","","","","","","","","","","","","","","","","","","","","","","","","","","","","","","","","","","","","","","","","","","","","","","","","","","","","","","","","","","","","","","","","","","","","","","","","","","","","","","","","","",""
"47323004","VILLENEUVE-SUR-LOT",44.3975,0.764,59,2015121003,0.,1,"","",2.3,1,120,1,2.6,1,110,1,217,9,3.8,1,110,1,205,9,"","","","","","","","","","","","","","","","",-0.3,1,-1.,9,-0.4,1,234,9,0.4,1,213,9,34,9,"","","","","","","","",-2.5,9,"","","","","","",96,1,94,9,225,9,97,9,210,9,0,9,60,9,5.7,9,"","","","","","","","","","","","","","","","","","","","","","","","","","","","","","","","","","","","","","","","","","","","","","","","","","","","","","","","","","","","","","","","","","","","","","","","","","","","","","","","","","","","","","","","","","","","","","","","","","","","","","","","","","","","","","","","","","","",""
"47323004","VILLENEUVE-SUR-LOT",44.3975,0.764,59,2015121004,0.,1,"","",1.7,1,110,1,2.3,1,120,1,302,9,3.2,1,100,1,304,9,"","","","","","","","","","","","","","","","",-1.1,1,-1.7,9,-1.1,1,358,9,-0.2,1,316,9,60,9,"","","","","","","","",-4.2,9,"","","","","","",96,1,95,9,301,9,97,9,313,9,0,9,60,9,5.4,9,"","","","","","","","","","","","","","","","","","","","","","","","","","","","","","","","","","","","","","","","","","","","","","","","","","","","","","","","","","","","","","","","","","","","","","","","","","","","","","","","","","","","","","","","","","","","","","","","","","","","","","","","","","","","","","","","","","","",""
"47323004","VILLENEUVE-SUR-LOT",44.3975,0.764,59,2015121005,0.,1,"","",1.6,1,100,1,2.1,1,100,1,436,9,3.1,1,100,1,431,9,"","","","","","","","","","","","","","","","",-1.4,1,-1.7,9,-1.5,1,420,9,-1.1,1,401,9,60,9,"","","","","","","","",-4.7,9,"","","","","","",97,1,95,9,407,9,98,9,434,9,0,9,60,9,5.4,9,"","","","","","","","","","","","","","","","","","","","","","","","","","","","","","","","","","","","","","","","","","","","","","","","","","","","","","","","","","","","","","","","","","","","","","","","","","","","","","","","","","","","","","","","","","","","","","","","","","","","","","","","","","","","","","","","","","","",""
"47323004","VILLENEUVE-SUR-LOT",44.3975,0.764,59,2015121006,0.,1,"","",3.,1,100,1,3.,1,100,1,559,9,4.1,1,100,1,557,9,"","","","","","","","","","","","","","","","",-1.,1,-1.4,9,-1.4,1,501,9,-0.6,1,524,9,60,9,"","","","","","","","",-4.1,9,"","","","","","",96,1,94,9,550,9,98,9,501,9,0,9,60,9,5.5,9,"","","","","","","","","","","","","","","","","","","","","","","","","","","","","","","","","","","","","","","","","","","","","","","","","","","","","","","","","","","","","","","","","","","","","","","","","","","","","","","","","","","","","","","","","","","","","","","","","","","","","","","","","","","","","","","","","","","",""
"47323004","VILLENEUVE-SUR-LOT",44.3975,0.764,59,2015121007,0.,1,"","",2.5,1,100,1,3.1,1,100,1,601,9,4.2,1,100,1,647,9,"","","","","","","","","","","","","","","","",-0.6,1,-1.4,9,-1.1,9,625,9,-0.4,9,655,9,60,9,"","","","","","","","",-3.,9,"","","","","","",94,9,94,9,654,9,97,9,601,9,0,9,60,9,5.5,9,"","","","","","","","","","","","","","","","","","","","","","","","","","","","","","","","","","","","","","","","","","","","","","","","","","","","","","","","","","","","","","","","","","","","","","","","","","","","","","","","","","","","","","","","","","","","","","","","","","","","","","","","","","","","","","","","","","","",""
"47323004","VILLENEUVE-SUR-LOT",44.3975,0.764,59,2015121008,0.,1,"","",2.,1,100,1,2.7,1,110,1,728,9,3.9,1,110,1,725,9,"","","","","","","","","","","","","","","","",-0.4,1,-1.4,9,-0.6,1,705,9,-0.4,1,749,9,60,9,"","","","","","","","",-2.3,9,"","","","","","",93,1,92,9,750,9,96,9,708,9,0,9,60,9,5.5,9,"","","","","","","","","","","","","","","","","","","","","","","","","","","","","","","","","","","","","","","","","","","","","","","","","","","","","","","","","","","","","","","","","","","","","","","","","","","","","","","","","","","","","","","","","","","","","","","","","","","","","","","","","","","","","","","","","","","",""
"47323004","VILLENEUVE-SUR-LOT",44.3975,0.764,59,2015121009,0.,1,"","",2.9,1,100,1,2.9,1,100,1,854,9,3.9,1,110,1,850,9,"","","","","","","","","","","","","","","","",0.4,1,-1.,9,-0.4,1,801,9,0.4,1,858,9,30,9,"","","","","","","","",-1.,9,"","","","","","",91,1,90,9,855,9,94,9,823,9,0,9,60,9,5.7,9,"","","","","","","","","","","","","","","","","","","","","","","","","","","","","","","","","","","","","","","","","","","","","","","","","","","","","","","","","","","","","","","","","","","","","","","","","","","","","","","","","","","","","","","","","","","","","","","","","","","","","","","","","","","","","","","","","","","",""
"47323004","VILLENEUVE-SUR-LOT",44.3975,0.764,59,2015121010,0.2,1,"","",2.3,1,90,1,2.9,1,100,1,901,9,3.8,1,100,1,901,9,"","","","","","","","","","","","","","","","",3.,1,1.1,9,0.5,1,901,9,3.,1,958,9,0,9,"","","","","","","","",2.3,9,"","","","","","",87,1,85,9,958,9,91,9,901,9,0,9,60,9,6.6,9,"","","","","","","","","","","","","","","","","","","","","","","","","","","","","","","","","","","","","","","","","","","","","","","","","","","","","","","","","","","","","","","","","","","","","","","","","","","","","","","","","","","","","","","","","","","","","","","","","","","","","","","","","","","","","","","","","","","",""
"47323004","VILLENEUVE-SUR-LOT",44.3975,0.764,59,2015121011,0.,1,"","",1.9,1,90,1,2.8,1,80,1,1024,9,4.4,1,90,1,1024,9,"","","","","","","","","","","","","","","","",7.3,1,2.5,9,3.1,1,1001,9,7.3,1,1100,9,0,9,"","","","","","","","",6.6,9,"","","","","","",71,1,70,9,1055,9,89,9,1002,9,0,9,35,9,7.3,9,"","","","","","","","","","","","","","","","","","","","","","","","","","","","","","","","","","","","","","","","","","","","","","","","","","","","","","","","","","","","","","","","","","","","","","","","","","","","","","","","","","","","","","","","","","","","","","","","","","","","","","","","","","","","","","","","","","","",""
"47323004","VILLENEUVE-SUR-LOT",44.3975,0.764,59,2015121012,0.,1,"","",1.4,1,110,1,2.2,1,90,1,1121,9,3.4,1,100,1,1146,9,"","","","","","","","","","","","","","","","",10.2,1,1.9,9,7.3,1,1101,9,10.2,1,1159,9,0,9,"","","","","","","","",13.5,9,"","","","","","",56,1,56,9,1200,9,71,9,1107,9,0,9,0,9,7.,9,"","","","","","","","","","","","","","","","","","","","","","","","","","","","","","","","","","","","","","","","","","","","","","","","","","","","","","","","","","","","","","","","","","","","","","","","","","","","","","","","","","","","","","","","","","","","","","","","","","","","","","","","","","","","","","","","","","","",""
"47323004","VILLENEUVE-SUR-LOT",44.3975,0.764,59,2015121013,0.,1,"","",0.8,1,180,1,1.9,1,110,1,1216,9,3.5,1,90,1,1208,9,"","","","","","","","","","","","","","","","",12.1,1,2.9,9,10.3,1,1201,9,12.1,1,1300,9,0,9,"","","","","","","","",14.7,9,"","","","","","",53,1,50,9,1258,9,60,9,1221,9,0,9,0,9,7.5,9,"","","","","","","","","","","","","","","","","","","","","","","","","","","","","","","","","","","","","","","","","","","","","","","","","","","","","","","","","","","","","","","","","","","","","","","","","","","","","","","","","","","","","","","","","","","","","","","","","","","","","","","","","","","","","","","","","","","",""
"47323004","VILLENEUVE-SUR-LOT",44.3975,0.764,59,2015121014,0.,1,"","",2.6,1,160,1,2.7,1,160,1,1351,9,5.6,1,160,1,1351,9,"","","","","","","","","","","","","","","","",12.1,1,2.5,9,12.1,1,1301,9,13.,1,1333,9,0,9,"","","","","","","","",13.8,9,"","","","","","",52,1,48,9,1333,9,54,9,1325,9,0,9,0,9,7.3,9,"","","","","","","","","","","","","","","","","","","","","","","","","","","","","","","","","","","","","","","","","","","","","","","","","","","","","","","","","","","","","","","","","","","","","","","","","","","","","","","","","","","","","","","","","","","","","","","","","","","","","","","","","","","","","","","","","","","",""
"47323004","VILLENEUVE-SUR-LOT",44.3975,0.764,59,2015121015,0.,1,"","",1.7,1,120,1,2.5,1,160,1,1401,9,4.1,1,130,1,1401,9,"","","","","","","","","","","","","","","","",11.4,1,3.2,9,11.4,1,1453,9,12.2,1,1408,9,0,9,"","","","","","","","",12.3,9,"","","","","","",57,1,51,9,1401,9,57,9,1444,9,0,9,0,9,7.7,9,"","","","","","","","","","","","","","","","","","","","","","","","","","","","","","","","","","","","","","","","","","","","","","","","","","","","","","","","","","","","","","","","","","","","","","","","","","","","","","","","","","","","","","","","","","","","","","","","","","","","","","","","","","","","","","","","","","","",""
"47323004","VILLENEUVE-SUR-LOT",44.3975,0.764,59,2015121016,0.,1,"","",0.9,1,100,1,2.,1,120,1,1533,9,3.1,1,100,1,1544,9,"","","","","","","","","","","","","","","","",9.5,1,2.7,9,9.5,1,1559,9,11.4,1,1501,9,0,9,"","","","","","","","",5.8,9,"","","","","","",62,1,55,9,1503,9,62,9,1552,9,0,9,0,9,7.4,9,"","","","","","","","","","","","","","","","","","","","","","","","","","","","","","","","","","","","","","","","","","","","","","","","","","","","","","","","","","","","","","","","","","","","","","","","","","","","","","","","","","","","","","","","","","","","","","","","","","","","","","","","","","","","","","","","","","","",""
"47323004","VILLENEUVE-SUR-LOT",44.3975,0.764,59,2015121017,0.,1,"","",2.5,1,100,1,2.5,1,100,1,1659,9,4.,1,100,1,1655,9,"","","","","","","","","","","","","","","","",7.,1,2.1,9,6.9,1,1655,9,9.4,1,1601,9,0,9,"","","","","","","","",0.6,9,"","","","","","",71,1,62,9,1601,9,73,9,1646,9,0,9,0,9,7.1,9,"","","","","","","","","","","","","","","","","","","","","","","","","","","","","","","","","","","","","","","","","","","","","","","","","","","","","","","","","","","","","","","","","","","","","","","","","","","","","","","","","","","","","","","","","","","","","","","","","","","","","","","","","","","","","","","","","","","",""
"47323004","VILLENEUVE-SUR-LOT",44.3975,0.764,59,2015121018,0.,1,"","",0.9,1,90,1,2.9,1,90,1,1704,9,4.3,1,80,1,1704,9,"","","","","","","","","","","","","","","","",5.6,1,1.3,9,5.6,1,1749,9,6.9,1,1701,9,0,9,"","","","","","","","",0.4,9,"","","","","","",74,1,71,9,1701,9,77,9,1748,9,0,9,0,9,6.7,9,"","","","","","","","","","","","","","","","","","","","","","","","","","","","","","","","","","","","","","","","","","","","","","","","","","","","","","","","","","","","","","","","","","","","","","","","","","","","","","","","","","","","","","","","","","","","","","","","","","","","","","","","","","","","","","","","","","","",""
"47323004","VILLENEUVE-SUR-LOT",44.3975,0.764,59,2015121019,0.,1,"","",0.,1,0,1,0.8,1,90,1,1801,9,1.,1,30,1,1814,9,"","","","","","","","","","","","","","","","",4.2,1,1.1,9,4.2,9,1850,9,5.7,9,1806,9,0,9,"","","","","","","","",-0.1,9,"","","","","","",80,9,73,9,1813,9,83,9,1851,9,0,9,26,9,6.6,9,"","","","","","","","","","","","","","","","","","","","","","","","","","","","","","","","","","","","","","","","","","","","","","","","","","","","","","","","","","","","","","","","","","","","","","","","","","","","","","","","","","","","","","","","","","","","","","","","","","","","","","","","","","","","","","","","","","","",""
"47323004","VILLENEUVE-SUR-LOT",44.3975,0.764,59,2015121020,0.,1,"","",1.,1,80,1,1.,1,80,1,2000,9,1.4,1,80,1,1959,9,"","","","","","","","","","","","","","","","",4.9,1,1.5,9,4.2,1,1901,9,5.,1,1949,9,0,9,"","","","","","","","",0.4,9,"","","","","","",78,1,77,9,1929,9,81,9,1901,9,0,9,12,9,6.8,9,"","","","","","","","","","","","","","","","","","","","","","","","","","","","","","","","","","","","","","","","","","","","","","","","","","","","","","","","","","","","","","","","","","","","","","","","","","","","","","","","","","","","","","","","","","","","","","","","","","","","","","","","","","","","","","","","","","","",""
"47323004","VILLENEUVE-SUR-LOT",44.3975,0.764,59,2015121021,0.,1,"","",0.8,1,120,1,1.2,1,80,1,2002,9,2.4,1,120,1,2028,9,"","","","","","","","","","","","","","","","",4.,1,1.5,9,4.,1,2059,9,4.9,1,2001,9,0,9,"","","","","","","","",0.7,9,"","","","","","",84,1,77,9,2002,9,84,9,2100,9,0,9,48,9,6.8,9,"","","","","","","","","","","","","","","","","","","","","","","","","","","","","","","","","","","","","","","","","","","","","","","","","","","","","","","","","","","","","","","","","","","","","","","","","","","","","","","","","","","","","","","","","","","","","","","","","","","","","","","","","","","","","","","","","","","",""
"47323004","VILLENEUVE-SUR-LOT",44.3975,0.764,59,2015121022,0.,1,"","",0.7,1,20,1,1.4,1,120,1,2106,9,2.,1,100,1,2106,9,"","","","","","","","","","","","","","","","",5.8,1,1.7,9,3.7,1,2104,9,6.,1,2156,9,0,9,"","","","","","","","",1.1,9,"","","","","","",75,1,74,9,2157,9,84,9,2106,9,0,9,36,9,6.9,9,"","","","","","","","","","","","","","","","","","","","","","","","","","","","","","","","","","","","","","","","","","","","","","","","","","","","","","","","","","","","","","","","","","","","","","","","","","","","","","","","","","","","","","","","","","","","","","","","","","","","","","","","","","","","","","","","","","","",""
"47323004","VILLENEUVE-SUR-LOT",44.3975,0.764,59,2015121023,0.,1,"","",0.,1,0,1,1.4,1,360,1,2249,9,2.3,1,320,1,2227,9,"","","","","","","","","","","","","","","","",5.9,1,2.3,9,5.4,1,2228,9,6.1,1,2246,9,0,9,"","","","","","","","",2.3,9,"","","","","","",78,1,75,9,2203,9,79,9,2214,9,0,9,0,9,7.2,9,"","","","","","","","","","","","","","","","","","","","","","","","","","","","","","","","","","","","","","","","","","","","","","","","","","","","","","","","","","","","","","","","","","","","","","","","","","","","","","","","","","","","","","","","","","","","","","","","","","","","","","","","","","","","","","","","","","","",""
"47323004","VILLENEUVE-SUR-LOT",44.3975,0.764,59,2015121100,0.,1,"","",1.5,1,100,1,1.9,1,100,1,2326,9,2.9,1,70,1,2350,9,"","","","","","","","","","","","","","","","",4.3,1,2.1,9,4.3,1,2359,9,5.9,1,2301,9,0,9,"","","","","","","","",2.6,9,"","","","","","",85,1,77,9,2301,9,85,9,2358,9,0,9,51,9,7.1,9,"","","","","","","","","","","","","","","","","","","","","","","","","","","","","","","","","","","","","","","","","","","","","","","","","","","","","","","","","","","","","","","","","","","","","","","","","","","","","","","","","","","","","","","","","","","","","","","","","","","","","","","","","","","","","","","","","","","",""
"47323004","VILLENEUVE-SUR-LOT",44.3975,0.764,59,2015121101,0.,1,"","",2.,1,100,1,2.3,1,100,1,46,9,3.2,1,110,1,39,9,"","","","","","","","","","","","","","","","",3.5,1,1.3,9,3.5,1,59,9,4.3,1,1,9,0,9,"","","","","","","","",2.1,9,"","","","","","",86,1,84,9,1,9,88,9,19,9,0,9,60,9,6.7,9,"","","","","","","","","","","","","","","","","","","","","","","","","","","","","","","","","","","","","","","","","","","","","","","","","","","","","","","","","","","","","","","","","","","","","","","","","","","","","","","","","","","","","","","","","","","","","","","","","","","","","","","","","","","","","","","","","","","",""
"47323004","VILLENEUVE-SUR-LOT",44.3975,0.764,59,2015121102,0.,1,"","",1.4,1,80,1,1.9,1,100,1,101,9,2.6,1,80,1,153,9,"","","","","","","","","","","","","","","","",3.3,1,1.7,9,3.3,1,143,9,3.6,1,130,9,0,9,"","","","","","","","",1.4,9,"","","","","","",89,1,86,9,101,9,90,9,144,9,0,9,60,9,6.9,9,"","","","","","","","","","","","","","","","","","","","","","","","","","","","","","","","","","","","","","","","","","","","","","","","","","","","","","","","","","","","","","","","","","","","","","","","","","","","","","","","","","","","","","","","","","","","","","","","","","","","","","","","","","","","","","","","","","","",""
"47323004","VILLENEUVE-SUR-LOT",44.3975,0.764,59,2015121103,0.,1,"","",1.5,1,90,1,1.9,1,90,1,216,9,2.5,1,100,1,224,9,"","","","","","","","","","","","","","","","",3.3,1,1.7,9,3.3,1,201,9,3.6,1,239,9,0,9,"","","","","","","","",1.8,9,"","","","","","",89,1,88,9,201,9,90,9,205,9,0,9,60,9,6.9,9,"","","","","","","","","","","","","","","","","","","","","","","","","","","","","","","","","","","","","","","","","","","","","","","","","","","","","","","","","","","","","","","","","","","","","","","","","","","","","","","","","","","","","","","","","","","","","","","","","","","","","","","","","","","","","","","","","","","",""
"47323004","VILLENEUVE-SUR-LOT",44.3975,0.764,59,2015121104,0.,1,"","",0.,1,0,1,1.8,1,80,1,331,9,2.6,1,80,1,325,9,"","","","","","","","","","","","","","","","",3.,1,1.9,9,2.9,1,330,9,3.3,1,301,9,0,9,"","","","","","","","",0.3,9,"","","","","","",92,1,88,9,317,9,92,9,341,9,0,9,60,9,7.,9,"","","","","","","","","","","","","","","","","","","","","","","","","","","","","","","","","","","","","","","","","","","","","","","","","","","","","","","","","","","","","","","","","","","","","","","","","","","","","","","","","","","","","","","","","","","","","","","","","","","","","","","","","","","","","","","","","","","",""
"47323004","VILLENEUVE-SUR-LOT",44.3975,0.764,59,2015121105,0.,1,"","",1.5,1,80,1,1.9,1,90,1,454,9,2.4,1,80,1,451,9,"","","","","","","","","","","","","","","","",4.,1,2.7,9,2.9,1,412,9,4.,1,500,9,0,9,"","","","","","","","",-0.1,9,"","","","","","",91,1,89,9,452,9,93,9,430,9,0,9,60,9,7.4,9,"","","","","","","","","","","","","","","","","","","","","","","","","","","","","","","","","","","","","","","","","","","","","","","","","","","","","","","","","","","","","","","","","","","","","","","","","","","","","","","","","","","","","","","","","","","","","","","","","","","","","","","","","","","","","","","","","","","",""
"47323004","VILLENEUVE-SUR-LOT",44.3975,0.764,59,2015121106,0.,1,"","",2.3,1,100,1,2.3,1,100,1,559,9,3.2,1,100,1,551,9,"","","","","","","","","","","","","","","","",4.2,1,2.5,9,4.,1,501,9,4.3,1,520,9,0,9,"","","","","","","","",4.,9,"","","","","","",88,1,86,9,548,9,91,9,503,9,0,9,60,9,7.3,9,"","","","","","","","","","","","","","","","","","","","","","","","","","","","","","","","","","","","","","","","","","","","","","","","","","","","","","","","","","","","","","","","","","","","","","","","","","","","","","","","","","","","","","","","","","","","","","","","","","","","","","","","","","","","","","","","","","","",""
"47323004","VILLENEUVE-SUR-LOT",44.3975,0.764,59,2015121107,0.,1,"","",0.,1,0,1,2.3,1,100,1,604,9,2.9,1,100,1,603,9,"","","","","","","","","","","","","","","","",3.9,1,2.3,9,3.8,9,622,9,4.2,9,601,9,0,9,"","","","","","","","",1.9,9,"","","","","","",89,9,86,9,602,9,90,9,630,9,0,9,60,9,7.2,9,"","","","","","","","","","","","","","","","","","","","","","","","","","","","","","","","","","","","","","","","","","","","","","","","","","","","","","","","","","","","","","","","","","","","","","","","","","","","","","","","","","","","","","","","","","","","","","","","","","","","","","","","","","","","","","","","","","","",""
"47323004","VILLENEUVE-SUR-LOT",44.3975,0.764,59,2015121108,0.,1,"","",2.2,1,100,1,2.5,1,90,1,737,9,3.9,1,90,1,736,9,"","","","","","","","","","","","","","","","",4.2,1,2.5,9,3.9,1,701,9,4.3,1,741,9,0,9,"","","","","","","","",3.5,9,"","","","","","",89,1,86,9,746,9,91,9,708,9,0,9,60,9,7.3,9,"","","","","","","","","","","","","","","","","","","","","","","","","","","","","","","","","","","","","","","","","","","","","","","","","","","","","","","","","","","","","","","","","","","","","","","","","","","","","","","","","","","","","","","","","","","","","","","","","","","","","","","","","","","","","","","","","","","",""
"47323004","VILLENEUVE-SUR-LOT",44.3975,0.764,59,2015121109,0.,1,"","",1.6,1,100,1,2.4,1,90,1,804,9,3.2,1,100,1,804,9,"","","","","","","","","","","","","","","","",4.9,1,2.9,9,4.2,1,801,9,4.9,1,900,9,0,9,"","","","","","","","",4.4,9,"","","","","","",87,1,85,9,856,9,89,9,811,9,0,9,60,9,7.5,9,"","","","","","","","","","","","","","","","","","","","","","","","","","","","","","","","","","","","","","","","","","","","","","","","","","","","","","","","","","","","","","","","","","","","","","","","","","","","","","","","","","","","","","","","","","","","","","","","","","","","","","","","","","","","","","","","","","","",""
"47323004","VILLENEUVE-SUR-LOT",44.3975,0.764,59,2015121110,0.,1,"","",1.6,1,80,1,2.1,1,90,1,941,9,2.9,1,70,1,1000,9,"","","","","","","","","","","","","","","","",6.2,1,3.6,9,4.9,1,901,9,6.2,1,958,9,0,9,"","","","","","","","",5.7,9,"","","","","","",83,1,83,9,950,9,88,9,908,9,0,9,60,9,7.9,9,"","","","","","","","","","","","","","","","","","","","","","","","","","","","","","","","","","","","","","","","","","","","","","","","","","","","","","","","","","","","","","","","","","","","","","","","","","","","","","","","","","","","","","","","","","","","","","","","","","","","","","","","","","","","","","","","","","","",""
"47323004","VILLENEUVE-SUR-LOT",44.3975,0.764,59,2015121111,0.,1,"","",1.2,1,60,1,2.1,1,80,1,1009,9,2.8,1,70,1,1012,9,"","","","","","","","","","","","","","","","",8.1,1,4.5,9,6.2,1,1001,9,8.1,1,1100,9,0,9,"","","","","","","","",7.8,9,"","","","","","",78,1,78,9,1057,9,86,9,1007,9,0,9,54,9,8.4,9,"","","","","","","","","","","","","","","","","","","","","","","","","","","","","","","","","","","","","","","","","","","","","","","","","","","","","","","","","","","","","","","","","","","","","","","","","","","","","","","","","","","","","","","","","","","","","","","","","","","","","","","","","","","","","","","","","","","",""
"47323004","VILLENEUVE-SUR-LOT",44.3975,0.764,59,2015121112,0.,1,"","",1.6,1,80,1,1.8,1,80,1,1140,9,3.4,1,90,1,1135,9,"","","","","","","","","","","","","","","","",9.3,1,4.6,9,8.1,1,1101,9,9.3,1,1142,9,0,9,"","","","","","","","",10.4,9,"","","","","","",73,1,71,9,1130,9,80,9,1101,9,0,9,2,9,8.5,9,"","","","","","","","","","","","","","","","","","","","","","","","","","","","","","","","","","","","","","","","","","","","","","","","","","","","","","","","","","","","","","","","","","","","","","","","","","","","","","","","","","","","","","","","","","","","","","","","","","","","","","","","","","","","","","","","","","","",""
"47323004","VILLENEUVE-SUR-LOT",44.3975,0.764,59,2015121113,0.,1,"","",2.5,1,100,1,2.5,1,100,1,1300,9,3.4,1,100,1,1255,9,"","","","","","","","","","","","","","","","",10.4,1,4.5,9,9.3,1,1201,9,10.4,1,1250,9,0,9,"","","","","","","","",11.5,9,"","","","","","",67,1,67,9,1259,9,75,9,1201,9,0,9,0,9,8.4,9,"","","","","","","","","","","","","","","","","","","","","","","","","","","","","","","","","","","","","","","","","","","","","","","","","","","","","","","","","","","","","","","","","","","","","","","","","","","","","","","","","","","","","","","","","","","","","","","","","","","","","","","","","","","","","","","","","","","",""
"47323004","VILLENEUVE-SUR-LOT",44.3975,0.764,59,2015121114,0.,1,"","",1.6,1,140,1,2.4,1,100,1,1301,9,3.4,1,120,1,1333,9,"","","","","","","","","","","","","","","","",11.7,1,4.8,9,10.4,1,1301,9,11.8,1,1356,9,0,9,"","","","","","","","",12.6,9,"","","","","","",63,1,61,9,1345,9,70,9,1302,9,0,9,0,9,8.6,9,"","","","","","","","","","","","","","","","","","","","","","","","","","","","","","","","","","","","","","","","","","","","","","","","","","","","","","","","","","","","","","","","","","","","","","","","","","","","","","","","","","","","","","","","","","","","","","","","","","","","","","","","","","","","","","","","","","","",""
"47323004","VILLENEUVE-SUR-LOT",44.3975,0.764,59,2015121115,0.,1,"","",1.2,1,120,1,1.8,1,100,1,1417,9,2.5,1,100,1,1412,9,"","","","","","","","","","","","","","","","",10.8,1,4.6,9,10.6,1,1432,9,11.9,1,1404,9,0,9,"","","","","","","","",10.9,9,"","","","","","",66,1,60,9,1402,9,70,9,1432,9,0,9,0,9,8.5,9,"","","","","","","","","","","","","","","","","","","","","","","","","","","","","","","","","","","","","","","","","","","","","","","","","","","","","","","","","","","","","","","","","","","","","","","","","","","","","","","","","","","","","","","","","","","","","","","","","","","","","","","","","","","","","","","","","","","",""
"47323004","VILLENEUVE-SUR-LOT",44.3975,0.764,59,2015121116,0.,1,"","",0.6,1,70,1,1.4,1,120,1,1518,9,2.4,1,130,1,1517,9,"","","","","","","","","","","","","","","","",10.,1,5.5,9,10.,1,1559,9,10.8,1,1501,9,0,9,"","","","","","","","",8.9,9,"","","","","","",73,1,65,9,1509,9,73,9,1600,9,0,9,0,9,9.,9,"","","","","","","","","","","","","","","","","","","","","","","","","","","","","","","","","","","","","","","","","","","","","","","","","","","","","","","","","","","","","","","","","","","","","","","","","","","","","","","","","","","","","","","","","","","","","","","","","","","","","","","","","","","","","","","","","","","",""
"47323004","VILLENEUVE-SUR-LOT",44.3975,0.764,59,2015121117,0.,1,"","",0.,1,0,1,1.,1,50,1,1625,9,1.4,1,60,1,1622,9,"","","","","","","","","","","","","","","","",9.5,1,5.5,9,9.5,1,1647,9,10.,1,1601,9,0,9,"","","","","","","","",8.,9,"","","","","","",76,1,70,9,1624,9,78,9,1640,9,0,9,0,9,9.,9,"","","","","","","","","","","","","","","","","","","","","","","","","","","","","","","","","","","","","","","","","","","","","","","","","","","","","","","","","","","","","","","","","","","","","","","","","","","","","","","","","","","","","","","","","","","","","","","","","","","","","","","","","","","","","","","","","","","",""
"47323004","VILLENEUVE-SUR-LOT",44.3975,0.764,59,2015121118,0.,1,"","",0.,1,0,1,0.8,1,150,1,1719,9,1.4,1,150,1,1719,9,"","","","","","","","","","","","","","","","",8.5,1,5.8,9,8.5,1,1750,9,9.5,1,1701,9,0,9,"","","","","","","","",5.6,9,"","","","","","",83,1,75,9,1708,9,84,9,1743,9,0,9,34,9,9.2,9,"","","","","","","","","","","","","","","","","","","","","","","","","","","","","","","","","","","","","","","","","","","","","","","","","","","","","","","","","","","","","","","","","","","","","","","","","","","","","","","","","","","","","","","","","","","","","","","","","","","","","","","","","","","","","","","","","","","",""
"47323004","VILLENEUVE-SUR-LOT",44.3975,0.764,59,2015121119,0.,1,"","",0.,1,0,1,0.9,1,90,1,1804,9,1.6,1,80,1,1802,9,"","","","","","","","","","","","","","","","",6.8,1,4.5,9,6.8,9,1858,9,8.5,9,1801,9,0,9,"","","","","","","","",4.,9,"","","","","","",85,9,80,9,1837,9,88,9,1853,9,0,9,60,9,8.4,9,"","","","","","","","","","","","","","","","","","","","","","","","","","","","","","","","","","","","","","","","","","","","","","","","","","","","","","","","","","","","","","","","","","","","","","","","","","","","","","","","","","","","","","","","","","","","","","","","","","","","","","","","","","","","","","","","","","","",""
"47323004","VILLENEUVE-SUR-LOT",44.3975,0.764,59,2015121120,0.,1,"","",0.8,1,80,1,0.8,1,80,1,1954,9,1.1,1,160,1,1903,9,"","","","","","","","","","","","","","","","",5.2,1,4.3,9,5.2,1,1959,9,6.8,1,1901,9,0,9,"","","","","","","","",0.7,9,"","","","","","",94,1,85,9,1904,9,94,9,1951,9,0,9,60,9,8.3,9,"","","","","","","","","","","","","","","","","","","","","","","","","","","","","","","","","","","","","","","","","","","","","","","","","","","","","","","","","","","","","","","","","","","","","","","","","","","","","","","","","","","","","","","","","","","","","","","","","","","","","","","","","","","","","","","","","","","",""
"47323004","VILLENEUVE-SUR-LOT",44.3975,0.764,59,2015121121,0.,1,"","",0.9,1,110,1,0.9,1,110,1,2100,9,1.3,1,100,1,2100,9,"","","","","","","","","","","","","","","","",3.9,1,3.2,9,3.7,1,2030,9,5.2,1,2001,9,0,9,"","","","","","","","",-0.3,9,"","","","","","",95,1,90,9,2013,9,97,9,2041,9,0,9,60,9,7.7,9,"","","","","","","","","","","","","","","","","","","","","","","","","","","","","","","","","","","","","","","","","","","","","","","","","","","","","","","","","","","","","","","","","","","","","","","","","","","","","","","","","","","","","","","","","","","","","","","","","","","","","","","","","","","","","","","","","","","",""
"47323004","VILLENEUVE-SUR-LOT",44.3975,0.764,59,2015121122,0.,1,"","",0.7,1,80,1,1.,1,90,1,2120,9,1.5,1,60,1,2143,9,"","","","","","","","","","","","","","","","",3.,1,2.5,9,2.9,1,2143,9,3.8,1,2101,9,0,9,"","","","","","","","",-0.9,9,"","","","","","",97,1,94,9,2114,9,98,9,2154,9,0,9,60,9,7.3,9,"","","","","","","","","","","","","","","","","","","","","","","","","","","","","","","","","","","","","","","","","","","","","","","","","","","","","","","","","","","","","","","","","","","","","","","","","","","","","","","","","","","","","","","","","","","","","","","","","","","","","","","","","","","","","","","","","","","",""
"47323004","VILLENEUVE-SUR-LOT",44.3975,0.764,59,2015121123,0.,1,"","",1.2,1,110,1,1.3,1,110,1,2255,9,2.,1,110,1,2254,9,"","","","","","","","","","","","","","","","",2.1,1,1.7,9,2.1,1,2258,9,3.,1,2201,9,0,9,"","","","","","","","",-1.5,9,"","","","","","",97,1,96,9,2216,9,98,9,2203,9,0,9,60,9,6.9,9,"","","","","","","","","","","","","","","","","","","","","","","","","","","","","","","","","","","","","","","","","","","","","","","","","","","","","","","","","","","","","","","","","","","","","","","","","","","","","","","","","","","","","","","","","","","","","","","","","","","","","","","","","","","","","","","","","","","",""
"47323004","VILLENEUVE-SUR-LOT",44.3975,0.764,59,2015121200,0.,1,"","",0.8,1,70,1,1.2,1,110,1,2301,9,1.5,1,90,1,2317,9,"","","","","","","","","","","","","","","","",2.6,1,2.3,9,1.5,1,2313,9,2.6,1,2354,9,0,9,"","","","","","","","",-0.9,9,"","","","","","",98,1,96,9,2303,9,99,9,2338,9,0,9,60,9,7.2,9,"","","","","","","","","","","","","","","","","","","","","","","","","","","","","","","","","","","","","","","","","","","","","","","","","","","","","","","","","","","","","","","","","","","","","","","","","","","","","","","","","","","","","","","","","","","","","","","","","","","","","","","","","","","","","","","","","","","",""
"47323004","VILLENEUVE-SUR-LOT",44.3975,0.764,59,2015121201,0.,1,"","",1.5,1,80,1,1.5,1,80,1,100,9,2.3,1,80,1,59,9,"","","","","","","","","","","","","","","","",1.8,1,1.3,9,1.8,1,59,9,2.8,1,15,9,0,9,"","","","","","","","",-0.4,9,"","","","","","",97,1,96,9,38,9,99,9,4,9,0,9,60,9,6.7,9,"","","","","","","","","","","","","","","","","","","","","","","","","","","","","","","","","","","","","","","","","","","","","","","","","","","","","","","","","","","","","","","","","","","","","","","","","","","","","","","","","","","","","","","","","","","","","","","","","","","","","","","","","","","","","","","","","","","",""
"47323004","VILLENEUVE-SUR-LOT",44.3975,0.764,59,2015121202,0.,1,"","",1.2,1,90,1,1.8,1,80,1,106,9,2.2,1,80,1,101,9,"","","","","","","","","","","","","","","","",1.5,1,1.3,9,1.5,1,157,9,1.8,1,147,9,0,9,"","","","","","","","",-2.1,9,"","","","","","",98,1,96,9,138,9,99,9,145,9,0,9,60,9,6.7,9,"","","","","","","","","","","","","","","","","","","","","","","","","","","","","","","","","","","","","","","","","","","","","","","","","","","","","","","","","","","","","","","","","","","","","","","","","","","","","","","","","","","","","","","","","","","","","","","","","","","","","","","","","","","","","","","","","","","",""
"47323004","VILLENEUVE-SUR-LOT",44.3975,0.764,59,2015121203,0.,1,"","",1.2,1,90,1,1.4,1,90,1,205,9,1.8,1,100,1,205,9,"","","","","","","","","","","","","","","","",0.5,1,0.,9,0.5,1,233,9,1.5,1,201,9,0,9,"","","","","","","","",-2.9,9,"","","","","","",97,1,96,9,234,9,99,9,209,9,0,9,60,9,6.1,9,"","","","","","","","","","","","","","","","","","","","","","","","","","","","","","","","","","","","","","","","","","","","","","","","","","","","","","","","","","","","","","","","","","","","","","","","","","","","","","","","","","","","","","","","","","","","","","","","","","","","","","","","","","","","","","","","","","","",""
"47323004","VILLENEUVE-SUR-LOT",44.3975,0.764,59,2015121204,0.,1,"","",1.4,1,90,1,1.4,1,90,1,321,9,2.4,1,100,1,400,9,"","","","","","","","","","","","","","","","",0.6,1,0.4,9,0.3,1,341,9,0.8,1,317,9,0,9,"","","","","","","","",-3.2,9,"","","","","","",98,1,97,9,302,9,99,9,317,9,0,9,60,9,6.3,9,"","","","","","","","","","","","","","","","","","","","","","","","","","","","","","","","","","","","","","","","","","","","","","","","","","","","","","","","","","","","","","","","","","","","","","","","","","","","","","","","","","","","","","","","","","","","","","","","","","","","","","","","","","","","","","","","","","","",""
"47323004","VILLENEUVE-SUR-LOT",44.3975,0.764,59,2015121205,0.,1,"","",2.3,1,90,1,2.8,1,100,1,417,9,3.6,1,90,1,415,9,"","","","","","","","","","","","","","","","",0.,1,-0.5,9,0.,1,450,9,0.6,1,401,9,0,9,"","","","","","","","",-2.2,9,"","","","","","",97,1,97,9,401,9,100,9,434,9,0,9,60,9,5.9,9,"","","","","","","","","","","","","","","","","","","","","","","","","","","","","","","","","","","","","","","","","","","","","","","","","","","","","","","","","","","","","","","","","","","","","","","","","","","","","","","","","","","","","","","","","","","","","","","","","","","","","","","","","","","","","","","","","","","",""
"47323004","VILLENEUVE-SUR-LOT",44.3975,0.764,59,2015121206,0.,1,"","",2.,1,100,1,2.8,1,90,1,535,9,3.7,1,80,1,529,9,"","","","","","","","","","","","","","","","",0.1,1,-0.3,9,0.,1,501,9,0.7,1,541,9,0,9,"","","","","","","","",-1.9,9,"","","","","","",98,1,97,9,501,9,99,9,511,9,0,9,60,9,6.,9,"","","","","","","","","","","","","","","","","","","","","","","","","","","","","","","","","","","","","","","","","","","","","","","","","","","","","","","","","","","","","","","","","","","","","","","","","","","","","","","","","","","","","","","","","","","","","","","","","","","","","","","","","","","","","","","","","","","",""
"47323004","VILLENEUVE-SUR-LOT",44.3975,0.764,59,2015121207,0.,1,"","",2.8,1,90,1,2.8,1,90,1,700,9,4.9,1,90,1,700,9,"","","","","","","","","","","","","","","","",-0.1,1,-0.5,9,-0.6,9,641,9,0.1,9,601,9,49,9,"","","","","","","","",-2.5,9,"","","","","","",97,9,97,9,606,9,99,9,602,9,0,9,60,9,5.9,9,"","","","","","","","","","","","","","","","","","","","","","","","","","","","","","","","","","","","","","","","","","","","","","","","","","","","","","","","","","","","","","","","","","","","","","","","","","","","","","","","","","","","","","","","","","","","","","","","","","","","","","","","","","","","","","","","","","","",""
"47323004","VILLENEUVE-SUR-LOT",44.3975,0.764,59,2015121208,0.,1,"","",2.1,1,110,1,3.2,1,90,1,706,9,4.7,1,90,1,709,9,"","","","","","","","","","","","","","","","",0.,1,0.,9,-0.1,1,738,9,0.2,1,705,9,2,9,"","","","","","","","",-0.8,9,"","","","","","",99,1,97,9,707,9,100,9,728,9,0,9,60,9,6.1,9,"","","","","","","","","","","","","","","","","","","","","","","","","","","","","","","","","","","","","","","","","","","","","","","","","","","","","","","","","","","","","","","","","","","","","","","","","","","","","","","","","","","","","","","","","","","","","","","","","","","","","","","","","","","","","","","","","","","",""
"47323004","VILLENEUVE-SUR-LOT",44.3975,0.764,59,2015121209,0.,1,"","",2.8,1,90,1,2.9,1,90,1,857,9,4.1,1,90,1,849,9,"","","","","","","","","","","","","","","","",0.8,1,0.4,9,-0.1,1,801,9,0.8,1,900,9,10,9,"","","","","","","","",-0.3,9,"","","","","","",98,1,97,9,804,9,100,9,803,9,0,9,60,9,6.3,9,"","","","","","","","","","","","","","","","","","","","","","","","","","","","","","","","","","","","","","","","","","","","","","","","","","","","","","","","","","","","","","","","","","","","","","","","","","","","","","","","","","","","","","","","","","","","","","","","","","","","","","","","","","","","","","","","","","","",""
"47323004","VILLENEUVE-SUR-LOT",44.3975,0.764,59,2015121210,0.2,1,"","",1.7,1,110,1,3.3,1,80,1,916,9,4.3,1,80,1,913,9,"","","","","","","","","","","","","","","","",3.2,1,3.,9,0.9,1,901,9,3.2,1,1000,9,0,9,"","","","","","","","",2.3,9,"","","","","","",99,1,97,9,956,9,100,9,902,9,0,9,60,9,7.6,9,"","","","","","","","","","","","","","","","","","","","","","","","","","","","","","","","","","","","","","","","","","","","","","","","","","","","","","","","","","","","","","","","","","","","","","","","","","","","","","","","","","","","","","","","","","","","","","","","","","","","","","","","","","","","","","","","","","","",""
"47323004","VILLENEUVE-SUR-LOT",44.3975,0.764,59,2015121211,0.,1,"","",1.3,1,100,1,2.1,1,90,1,1017,9,3.,1,100,1,1033,9,"","","","","","","","","","","","","","","","",6.5,1,4.1,9,3.3,1,1001,9,6.5,1,1100,9,0,9,"","","","","","","","",7.8,9,"","","","","","",85,1,85,9,1100,9,99,9,1008,9,0,9,60,9,8.2,9,"","","","","","","","","","","","","","","","","","","","","","","","","","","","","","","","","","","","","","","","","","","","","","","","","","","","","","","","","","","","","","","","","","","","","","","","","","","","","","","","","","","","","","","","","","","","","","","","","","","","","","","","","","","","","","","","","","","",""
"47323004","VILLENEUVE-SUR-LOT",44.3975,0.764,59,2015121212,0.,1,"","",0.8,1,120,1,1.3,1,100,1,1101,9,2.,1,90,1,1119,9,"","","","","","","","","","","","","","","","",10.4,1,5.6,9,6.6,1,1101,9,10.4,1,1158,9,0,9,"","","","","","","","",13.7,9,"","","","","","",72,1,70,9,1157,9,86,9,1101,9,0,9,32,9,9.1,9,"","","","","","","","","","","","","","","","","","","","","","","","","","","","","","","","","","","","","","","","","","","","","","","","","","","","","","","","","","","","","","","","","","","","","","","","","","","","","","","","","","","","","","","","","","","","","","","","","","","","","","","","","","","","","","","","","","","",""
"47323004","VILLENEUVE-SUR-LOT",44.3975,0.764,59,2015121213,0.,1,"","",0.8,1,80,1,1.2,1,100,1,1210,9,2.1,1,90,1,1203,9,"","","","","","","","","","","","","","","","",12.4,1,6.2,9,10.3,1,1204,9,12.4,1,1300,9,0,9,"","","","","","","","",16.1,9,"","","","","","",66,1,63,9,1247,9,73,9,1209,9,0,9,0,9,9.5,9,"","","","","","","","","","","","","","","","","","","","","","","","","","","","","","","","","","","","","","","","","","","","","","","","","","","","","","","","","","","","","","","","","","","","","","","","","","","","","","","","","","","","","","","","","","","","","","","","","","","","","","","","","","","","","","","","","","","",""
"47323004","VILLENEUVE-SUR-LOT",44.3975,0.764,59,2015121214,0.,1,"","",0.5,1,70,1,0.8,1,80,1,1301,9,1.9,1,40,1,1358,9,"","","","","","","","","","","","","","","","",14.1,1,4.6,9,12.4,1,1301,9,14.3,1,1354,9,0,9,"","","","","","","","",17.6,9,"","","","","","",53,1,51,9,1345,9,66,9,1303,9,0,9,0,9,8.5,9,"","","","","","","","","","","","","","","","","","","","","","","","","","","","","","","","","","","","","","","","","","","","","","","","","","","","","","","","","","","","","","","","","","","","","","","","","","","","","","","","","","","","","","","","","","","","","","","","","","","","","","","","","","","","","","","","","","","",""
"47323004","VILLENEUVE-SUR-LOT",44.3975,0.764,59,2015121215,0.,1,"","",0.5,1,110,1,1.1,1,110,1,1431,9,1.5,1,110,1,1428,9,"","","","","","","","","","","","","","","","",13.2,1,4.8,9,13.2,1,1459,9,14.1,1,1411,9,0,9,"","","","","","","","",13.5,9,"","","","","","",57,1,52,9,1401,9,59,9,1439,9,0,9,0,9,8.6,9,"","","","","","","","","","","","","","","","","","","","","","","","","","","","","","","","","","","","","","","","","","","","","","","","","","","","","","","","","","","","","","","","","","","","","","","","","","","","","","","","","","","","","","","","","","","","","","","","","","","","","","","","","","","","","","","","","","","",""
"47323004","VILLENEUVE-SUR-LOT",44.3975,0.764,59,2015121216,0.,1,"","",0.,1,0,1,0.,1,0,1,1501,9,0.7,1,150,1,1503,9,"","","","","","","","","","","","","","","","",9.5,1,5.,9,9.5,1,1600,9,13.2,1,1501,9,0,9,"","","","","","","","",5.,9,"","","","","","",73,1,58,9,1501,9,74,9,1556,9,0,9,0,9,8.7,9,"","","","","","","","","","","","","","","","","","","","","","","","","","","","","","","","","","","","","","","","","","","","","","","","","","","","","","","","","","","","","","","","","","","","","","","","","","","","","","","","","","","","","","","","","","","","","","","","","","","","","","","","","","","","","","","","","","","",""
"47323004","VILLENEUVE-SUR-LOT",44.3975,0.764,59,2015121217,0.,1,"","",1.6,1,100,1,1.6,1,100,1,1659,9,2.2,1,90,1,1654,9,"","","","","","","","","","","","","","","","",5.8,1,3.8,9,5.6,1,1650,9,9.4,1,1601,9,0,9,"","","","","","","","",1.3,9,"","","","","","",87,1,75,9,1601,9,89,9,1654,9,0,9,42,9,8.,9,"","","","","","","","","","","","","","","","","","","","","","","","","","","","","","","","","","","","","","","","","","","","","","","","","","","","","","","","","","","","","","","","","","","","","","","","","","","","","","","","","","","","","","","","","","","","","","","","","","","","","","","","","","","","","","","","","","","",""
"47323004","VILLENEUVE-SUR-LOT",44.3975,0.764,59,2015121218,0.,1,"","",1.,1,90,1,1.6,1,100,1,1701,9,1.9,1,90,1,1711,9,"","","","","","","","","","","","","","","","",4.5,1,3.4,9,4.5,1,1759,9,5.7,1,1701,9,0,9,"","","","","","","","",-0.2,9,"","","","","","",93,1,87,9,1701,9,94,9,1723,9,0,9,60,9,7.8,9,"","","","","","","","","","","","","","","","","","","","","","","","","","","","","","","","","","","","","","","","","","","","","","","","","","","","","","","","","","","","","","","","","","","","","","","","","","","","","","","","","","","","","","","","","","","","","","","","","","","","","","","","","","","","","","","","","","","",""
"47323004","VILLENEUVE-SUR-LOT",44.3975,0.764,59,2015121219,0.,1,"","",1.4,1,80,1,1.7,1,80,1,1830,9,2.1,1,80,1,1824,9,"","","","","","","","","","","","","","","","",4.,1,3.4,9,3.7,9,1845,9,4.4,9,1801,9,0,9,"","","","","","","","",-0.6,9,"","","","","","",96,9,92,9,1802,9,97,9,1828,9,0,9,60,9,7.8,9,"","","","","","","","","","","","","","","","","","","","","","","","","","","","","","","","","","","","","","","","","","","","","","","","","","","","","","","","","","","","","","","","","","","","","","","","","","","","","","","","","","","","","","","","","","","","","","","","","","","","","","","","","","","","","","","","","","","",""
"47323004","VILLENEUVE-SUR-LOT",44.3975,0.764,59,2015121220,0.,1,"","",1.9,1,100,1,2.2,1,100,1,1953,9,3.1,1,120,1,1945,9,"","","","","","","","","","","","","","","","",3.5,1,2.7,9,3.4,1,1912,9,4.,1,1901,9,0,9,"","","","","","","","",-0.4,9,"","","","","","",94,1,93,9,1907,9,96,9,1922,9,0,9,60,9,7.4,9,"","","","","","","","","","","","","","","","","","","","","","","","","","","","","","","","","","","","","","","","","","","","","","","","","","","","","","","","","","","","","","","","","","","","","","","","","","","","","","","","","","","","","","","","","","","","","","","","","","","","","","","","","","","","","","","","","","","",""
"47323004","VILLENEUVE-SUR-LOT",44.3975,0.764,59,2015121221,0.,1,"","",1.5,1,110,1,1.8,1,100,1,2001,9,2.7,1,100,1,2027,9,"","","","","","","","","","","","","","","","",2.7,1,1.7,9,2.7,1,2057,9,3.6,1,2001,9,0,9,"","","","","","","","",-0.4,9,"","","","","","",93,1,93,9,2016,9,95,9,2002,9,0,9,60,9,6.9,9,"","","","","","","","","","","","","","","","","","","","","","","","","","","","","","","","","","","","","","","","","","","","","","","","","","","","","","","","","","","","","","","","","","","","","","","","","","","","","","","","","","","","","","","","","","","","","","","","","","","","","","","","","","","","","","","","","","","",""
"47323004","VILLENEUVE-SUR-LOT",44.3975,0.764,59,2015121222,0.,1,"","",2.1,1,100,1,2.9,1,90,1,2140,9,3.7,1,90,1,2126,9,"","","","","","","","","","","","","","","","",2.4,1,1.5,9,2.2,1,2124,9,2.7,1,2101,9,0,9,"","","","","","","","",-0.2,9,"","","","","","",94,1,93,9,2101,9,95,9,2117,9,0,9,60,9,6.8,9,"","","","","","","","","","","","","","","","","","","","","","","","","","","","","","","","","","","","","","","","","","","","","","","","","","","","","","","","","","","","","","","","","","","","","","","","","","","","","","","","","","","","","","","","","","","","","","","","","","","","","","","","","","","","","","","","","","","",""
"47323004","VILLENEUVE-SUR-LOT",44.3975,0.764,59,2015121223,0.,1,"","",2.3,1,100,1,2.3,1,90,1,2209,9,3.2,1,80,1,2203,9,"","","","","","","","","","","","","","","","",1.9,1,1.3,9,1.9,1,2232,9,2.5,1,2201,9,0,9,"","","","","","","","",0.,9,"","","","","","",95,1,93,9,2220,9,97,9,2244,9,0,9,60,9,6.7,9,"","","","","","","","","","","","","","","","","","","","","","","","","","","","","","","","","","","","","","","","","","","","","","","","","","","","","","","","","","","","","","","","","","","","","","","","","","","","","","","","","","","","","","","","","","","","","","","","","","","","","","","","","","","","","","","","","","","",""
"47323004","VILLENEUVE-SUR-LOT",44.3975,0.764,59,2015121300,0.,1,"","",2.3,1,100,1,2.4,1,100,1,2332,9,3.2,1,100,1,2307,9,"","","","","","","","","","","","","","","","",1.8,1,0.9,9,1.8,1,0,9,2.2,1,2325,9,0,9,"","","","","","","","",-0.1,9,"","","","","","",94,1,94,9,2339,9,97,9,2312,9,0,9,60,9,6.5,9,"","","","","","","","","","","","","","","","","","","","","","","","","","","","","","","","","","","","","","","","","","","","","","","","","","","","","","","","","","","","","","","","","","","","","","","","","","","","","","","","","","","","","","","","","","","","","","","","","","","","","","","","","","","","","","","","","","","",""
"47323004","VILLENEUVE-SUR-LOT",44.3975,0.764,59,2015121301,0.,1,"","",2.8,1,100,1,2.8,1,100,1,59,9,3.6,1,100,1,55,9,"","","","","","","","","","","","","","","","",1.7,1,1.1,9,1.7,1,26,9,1.9,1,4,9,0,9,"","","","","","","","",-0.1,9,"","","","","","",95,1,94,9,39,9,97,9,20,9,0,9,60,9,6.6,9,"","","","","","","","","","","","","","","","","","","","","","","","","","","","","","","","","","","","","","","","","","","","","","","","","","","","","","","","","","","","","","","","","","","","","","","","","","","","","","","","","","","","","","","","","","","","","","","","","","","","","","","","","","","","","","","","","","","",""
"47323004","VILLENEUVE-SUR-LOT",44.3975,0.764,59,2015121302,0.,1,"","",2.6,1,90,1,3.4,1,100,1,127,9,4.6,1,90,1,127,9,"","","","","","","","","","","","","","","","",1.4,1,0.9,9,1.4,1,155,9,1.7,1,101,9,0,9,"","","","","","","","",0.,9,"","","","","","",96,1,94,9,138,9,97,9,103,9,0,9,60,9,6.5,9,"","","","","","","","","","","","","","","","","","","","","","","","","","","","","","","","","","","","","","","","","","","","","","","","","","","","","","","","","","","","","","","","","","","","","","","","","","","","","","","","","","","","","","","","","","","","","","","","","","","","","","","","","","","","","","","","","","","",""
"47323004","VILLENEUVE-SUR-LOT",44.3975,0.764,59,2015121303,0.2,1,"","",3.5,1,90,1,3.5,1,90,1,300,9,4.4,1,100,1,252,9,"","","","","","","","","","","","","","","","",1.4,1,0.6,9,1.3,1,203,9,1.5,1,217,9,0,9,"","","","","","","","",0.,9,"","","","","","",95,1,94,9,242,9,97,9,212,9,0,9,60,9,6.4,9,"","","","","","","","","","","","","","","","","","","","","","","","","","","","","","","","","","","","","","","","","","","","","","","","","","","","","","","","","","","","","","","","","","","","","","","","","","","","","","","","","","","","","","","","","","","","","","","","","","","","","","","","","","","","","","","","","","","",""
"47323004","VILLENEUVE-SUR-LOT",44.3975,0.764,59,2015121304,0.,1,"","",3.5,1,100,1,3.5,1,90,1,301,9,4.5,1,90,1,357,9,"","","","","","","","","","","","","","","","",1.3,1,0.4,9,1.2,1,322,9,1.4,1,301,9,0,9,"","","","","","","","",0.,9,"","","","","","",94,1,94,9,321,9,97,9,334,9,0,9,60,9,6.3,9,"","","","","","","","","","","","","","","","","","","","","","","","","","","","","","","","","","","","","","","","","","","","","","","","","","","","","","","","","","","","","","","","","","","","","","","","","","","","","","","","","","","","","","","","","","","","","","","","","","","","","","","","","","","","","","","","","","","",""
"47323004","VILLENEUVE-SUR-LOT",44.3975,0.764,59,2015121305,0.,1,"","",3.4,1,90,1,3.8,1,90,1,431,9,4.5,1,90,1,404,9,"","","","","","","","","","","","","","","","",1.,1,0.2,9,1.,1,453,9,1.3,1,401,9,0,9,"","","","","","","","",-0.1,9,"","","","","","",95,1,94,9,404,9,96,9,401,9,0,9,60,9,6.2,9,"","","","","","","","","","","","","","","","","","","","","","","","","","","","","","","","","","","","","","","","","","","","","","","","","","","","","","","","","","","","","","","","","","","","","","","","","","","","","","","","","","","","","","","","","","","","","","","","","","","","","","","","","","","","","","","","","","","",""
"47323004","VILLENEUVE-SUR-LOT",44.3975,0.764,59,2015121306,0.,1,"","",3.3,1,90,1,3.6,1,100,1,540,9,4.4,1,90,1,548,9,"","","","","","","","","","","","","","","","",0.8,1,0.2,9,0.8,1,558,9,1.,1,501,9,0,9,"","","","","","","","",-0.4,9,"","","","","","",95,1,94,9,527,9,97,9,508,9,0,9,60,9,6.2,9,"","","","","","","","","","","","","","","","","","","","","","","","","","","","","","","","","","","","","","","","","","","","","","","","","","","","","","","","","","","","","","","","","","","","","","","","","","","","","","","","","","","","","","","","","","","","","","","","","","","","","","","","","","","","","","","","","","","",""
"47323004","VILLENEUVE-SUR-LOT",44.3975,0.764,59,2015121307,0.,1,"","",3.3,1,90,1,3.6,1,90,1,626,9,4.4,1,100,1,626,9,"","","","","","","","","","","","","","","","",0.7,1,0.,9,0.7,9,650,9,0.9,9,606,9,0,9,"","","","","","","","",-0.5,9,"","","","","","",95,9,95,9,603,9,97,9,601,9,0,9,60,9,6.1,9,"","","","","","","","","","","","","","","","","","","","","","","","","","","","","","","","","","","","","","","","","","","","","","","","","","","","","","","","","","","","","","","","","","","","","","","","","","","","","","","","","","","","","","","","","","","","","","","","","","","","","","","","","","","","","","","","","","","",""
"47323004","VILLENEUVE-SUR-LOT",44.3975,0.764,59,2015121308,0.,1,"","",3.2,1,90,1,3.6,1,90,1,717,9,4.5,1,90,1,716,9,"","","","","","","","","","","","","","","","",1.3,1,0.2,9,0.7,1,701,9,1.3,1,757,9,0,9,"","","","","","","","",-0.5,9,"","","","","","",93,1,93,9,800,9,97,9,705,9,0,9,60,9,6.2,9,"","","","","","","","","","","","","","","","","","","","","","","","","","","","","","","","","","","","","","","","","","","","","","","","","","","","","","","","","","","","","","","","","","","","","","","","","","","","","","","","","","","","","","","","","","","","","","","","","","","","","","","","","","","","","","","","","","","",""
"47323004","VILLENEUVE-SUR-LOT",44.3975,0.764,59,2015121309,0.,1,"","",2.9,1,90,1,3.3,1,90,1,830,9,4.1,1,90,1,805,9,"","","","","","","","","","","","","","","","",3.3,1,1.9,9,1.4,1,801,9,3.3,1,900,9,0,9,"","","","","","","","",0.9,9,"","","","","","",90,1,90,9,841,9,95,9,801,9,0,9,60,9,7.,9,"","","","","","","","","","","","","","","","","","","","","","","","","","","","","","","","","","","","","","","","","","","","","","","","","","","","","","","","","","","","","","","","","","","","","","","","","","","","","","","","","","","","","","","","","","","","","","","","","","","","","","","","","","","","","","","","","","","",""
"47323004","VILLENEUVE-SUR-LOT",44.3975,0.764,59,2015121310,0.,1,"","",2.4,1,90,1,2.9,1,90,1,901,9,4.5,1,100,1,957,9,"","","","","","","","","","","","","","","","",7.1,1,4.6,9,3.4,1,901,9,7.1,1,1000,9,0,9,"","","","","","","","",6.2,9,"","","","","","",84,1,82,9,953,9,91,9,904,9,0,9,60,9,8.5,9,"","","","","","","","","","","","","","","","","","","","","","","","","","","","","","","","","","","","","","","","","","","","","","","","","","","","","","","","","","","","","","","","","","","","","","","","","","","","","","","","","","","","","","","","","","","","","","","","","","","","","","","","","","","","","","","","","","","",""
"47323004","VILLENEUVE-SUR-LOT",44.3975,0.764,59,2015121311,0.,1,"","",2.,1,120,1,2.4,1,90,1,1001,9,4.7,1,160,1,1100,9,"","","","","","","","","","","","","","","","",11.2,1,5.5,9,7.2,1,1001,9,11.2,1,1059,9,0,9,"","","","","","","","",12.1,9,"","","","","","",68,1,68,9,1059,9,83,9,1005,9,0,9,21,9,9.,9,"","","","","","","","","","","","","","","","","","","","","","","","","","","","","","","","","","","","","","","","","","","","","","","","","","","","","","","","","","","","","","","","","","","","","","","","","","","","","","","","","","","","","","","","","","","","","","","","","","","","","","","","","","","","","","","","","","","",""
"47323004","VILLENEUVE-SUR-LOT",44.3975,0.764,59,2015121312,0.,1,"","",2.2,1,140,1,2.4,1,130,1,1137,9,4.7,1,110,1,1133,9,"","","","","","","","","","","","","","","","",12.7,1,6.5,9,11.2,1,1101,9,12.7,1,1153,9,0,9,"","","","","","","","",15.4,9,"","","","","","",66,1,64,9,1153,9,71,9,1106,9,0,9,0,9,9.7,9,"","","","","","","","","","","","","","","","","","","","","","","","","","","","","","","","","","","","","","","","","","","","","","","","","","","","","","","","","","","","","","","","","","","","","","","","","","","","","","","","","","","","","","","","","","","","","","","","","","","","","","","","","","","","","","","","","","","",""
"47323004","VILLENEUVE-SUR-LOT",44.3975,0.764,59,2015121313,0.,1,"","",1.4,1,120,1,2.3,1,140,1,1208,9,4.1,1,140,1,1208,9,"","","","","","","","","","","","","","","","",13.5,1,6.5,9,12.7,1,1206,9,13.6,1,1257,9,0,9,"","","","","","","","",16.5,9,"","","","","","",63,1,60,9,1259,9,66,9,1225,9,0,9,0,9,9.7,9,"","","","","","","","","","","","","","","","","","","","","","","","","","","","","","","","","","","","","","","","","","","","","","","","","","","","","","","","","","","","","","","","","","","","","","","","","","","","","","","","","","","","","","","","","","","","","","","","","","","","","","","","","","","","","","","","","","","",""
"47323004","VILLENEUVE-SUR-LOT",44.3975,0.764,59,2015121314,0.,1,"","",2.6,1,100,1,2.8,1,100,1,1339,9,4.,1,100,1,1306,9,"","","","","","","","","","","","","","","","",12.9,1,6.1,9,12.8,1,1347,9,13.5,1,1301,9,0,9,"","","","","","","","",15.9,9,"","","","","","",63,1,62,9,1305,9,66,9,1329,9,0,9,0,9,9.4,9,"","","","","","","","","","","","","","","","","","","","","","","","","","","","","","","","","","","","","","","","","","","","","","","","","","","","","","","","","","","","","","","","","","","","","","","","","","","","","","","","","","","","","","","","","","","","","","","","","","","","","","","","","","","","","","","","","","","",""
"47323004","VILLENEUVE-SUR-LOT",44.3975,0.764,59,2015121315,0.,1,"","",2.1,1,110,1,2.7,1,90,1,1419,9,3.7,1,90,1,1412,9,"","","","","","","","","","","","","","","","",12.9,1,6.1,9,12.8,1,1454,9,13.,1,1401,9,0,9,"","","","","","","","",14.8,9,"","","","","","",63,1,62,9,1426,9,67,9,1410,9,0,9,0,9,9.4,9,"","","","","","","","","","","","","","","","","","","","","","","","","","","","","","","","","","","","","","","","","","","","","","","","","","","","","","","","","","","","","","","","","","","","","","","","","","","","","","","","","","","","","","","","","","","","","","","","","","","","","","","","","","","","","","","","","","","",""
"47323004","VILLENEUVE-SUR-LOT",44.3975,0.764,59,2015121316,0.,1,"","",0.5,1,130,1,2.1,1,110,1,1501,9,2.7,1,120,1,1502,9,"","","","","","","","","","","","","","","","",11.,1,5.9,9,11.,1,1600,9,12.9,1,1501,9,0,9,"","","","","","","","",5.3,9,"","","","","","",71,1,62,9,1502,9,71,9,1600,9,0,9,0,9,9.3,9,"","","","","","","","","","","","","","","","","","","","","","","","","","","","","","","","","","","","","","","","","","","","","","","","","","","","","","","","","","","","","","","","","","","","","","","","","","","","","","","","","","","","","","","","","","","","","","","","","","","","","","","","","","","","","","","","","","","",""
"47323004","VILLENEUVE-SUR-LOT",44.3975,0.764,59,2015121317,0.,1,"","",0.,1,0,1,1.3,1,100,1,1619,9,1.8,1,130,1,1646,9,"","","","","","","","","","","","","","","","",7.,1,4.3,9,7.,1,1700,9,11.,1,1601,9,0,9,"","","","","","","","",1.8,9,"","","","","","",83,1,70,9,1612,9,83,9,1655,9,0,9,10,9,8.3,9,"","","","","","","","","","","","","","","","","","","","","","","","","","","","","","","","","","","","","","","","","","","","","","","","","","","","","","","","","","","","","","","","","","","","","","","","","","","","","","","","","","","","","","","","","","","","","","","","","","","","","","","","","","","","","","","","","","","",""
"47323004","VILLENEUVE-SUR-LOT",44.3975,0.764,59,2015121318,0.,1,"","",0.9,1,90,1,1.,1,90,1,1756,9,1.2,1,80,1,1752,9,"","","","","","","","","","","","","","","","",4.6,1,3.6,9,4.6,1,1759,9,7.,1,1701,9,0,9,"","","","","","","","",-0.7,9,"","","","","","",93,1,81,9,1703,9,95,9,1752,9,0,9,60,9,7.9,9,"","","","","","","","","","","","","","","","","","","","","","","","","","","","","","","","","","","","","","","","","","","","","","","","","","","","","","","","","","","","","","","","","","","","","","","","","","","","","","","","","","","","","","","","","","","","","","","","","","","","","","","","","","","","","","","","","","","",""
"47323004","VILLENEUVE-SUR-LOT",44.3975,0.764,59,2015121319,0.,1,"","",0.5,1,110,1,1.8,1,80,1,1828,9,2.2,1,90,1,1826,9,"","","","","","","","","","","","","","","","",3.5,1,2.9,9,3.5,9,1822,9,4.6,9,1801,9,0,9,"","","","","","","","",-1.3,9,"","","","","","",95,9,91,9,1803,9,97,9,1833,9,0,9,60,9,7.5,9,"","","","","","","","","","","","","","","","","","","","","","","","","","","","","","","","","","","","","","","","","","","","","","","","","","","","","","","","","","","","","","","","","","","","","","","","","","","","","","","","","","","","","","","","","","","","","","","","","","","","","","","","","","","","","","","","","","","",""
"47323004","VILLENEUVE-SUR-LOT",44.3975,0.764,59,2015121320,0.,1,"","",2.2,1,110,1,2.5,1,100,1,1929,9,3.4,1,100,1,1925,9,"","","","","","","","","","","","","","","","",3.1,1,2.5,9,3.1,1,1925,9,3.9,1,1919,9,0,9,"","","","","","","","",-1.4,9,"","","","","","",96,1,95,9,1901,9,98,9,1917,9,0,9,60,9,7.3,9,"","","","","","","","","","","","","","","","","","","","","","","","","","","","","","","","","","","","","","","","","","","","","","","","","","","","","","","","","","","","","","","","","","","","","","","","","","","","","","","","","","","","","","","","","","","","","","","","","","","","","","","","","","","","","","","","","","","",""
"47323004","VILLENEUVE-SUR-LOT",44.3975,0.764,59,2015121321,0.,1,"","",1.4,1,110,1,2.4,1,100,1,2044,9,3.3,1,110,1,2040,9,"","","","","","","","","","","","","","","","",2.8,1,2.3,9,2.5,1,2028,9,3.3,1,2014,9,0,9,"","","","","","","","",-1.,9,"","","","","","",96,1,94,9,2003,9,98,9,2047,9,0,9,60,9,7.2,9,"","","","","","","","","","","","","","","","","","","","","","","","","","","","","","","","","","","","","","","","","","","","","","","","","","","","","","","","","","","","","","","","","","","","","","","","","","","","","","","","","","","","","","","","","","","","","","","","","","","","","","","","","","","","","","","","","","","",""
"47323004","VILLENEUVE-SUR-LOT",44.3975,0.764,59,2015121322,0.,1,"","",3.,1,100,1,3.4,1,100,1,2152,9,4.7,1,110,1,2148,9,"","","","","","","","","","","","","","","","",3.1,1,2.5,9,2.1,1,2125,9,3.1,1,2151,9,0,9,"","","","","","","","",-2.,9,"","","","","","",96,1,95,9,2109,9,98,9,2131,9,0,9,60,9,7.3,9,"","","","","","","","","","","","","","","","","","","","","","","","","","","","","","","","","","","","","","","","","","","","","","","","","","","","","","","","","","","","","","","","","","","","","","","","","","","","","","","","","","","","","","","","","","","","","","","","","","","","","","","","","","","","","","","","","","","",""
"47323004","VILLENEUVE-SUR-LOT",44.3975,0.764,59,2015121323,0.,1,"","",3.2,1,100,1,3.5,1,100,1,2253,9,4.4,1,100,1,2252,9,"","","","","","","","","","","","","","","","",2.5,1,1.7,9,2.5,1,2241,9,3.,1,2201,9,0,9,"","","","","","","","",0.7,9,"","","","","","",95,1,94,9,2220,9,97,9,2202,9,0,9,60,9,6.9,9,"","","","","","","","","","","","","","","","","","","","","","","","","","","","","","","","","","","","","","","","","","","","","","","","","","","","","","","","","","","","","","","","","","","","","","","","","","","","","","","","","","","","","","","","","","","","","","","","","","","","","","","","","","","","","","","","","","","",""
"47323004","VILLENEUVE-SUR-LOT",44.3975,0.764,59,2015121400,0.,1,"","",2.4,1,90,1,3.5,1,90,1,2312,9,4.4,1,90,1,2306,9,"","","","","","","","","","","","","","","","",2.,1,1.5,9,2.,1,2359,9,2.6,1,2303,9,0,9,"","","","","","","","",0.4,9,"","","","","","",97,1,95,9,2324,9,98,9,2341,9,0,9,60,9,6.8,9,"","","","","","","","","","","","","","","","","","","","","","","","","","","","","","","","","","","","","","","","","","","","","","","","","","","","","","","","","","","","","","","","","","","","","","","","","","","","","","","","","","","","","","","","","","","","","","","","","","","","","","","","","","","","","","","","","","","",""
"47323004","VILLENEUVE-SUR-LOT",44.3975,0.764,59,2015121401,0.2,1,"","",1.5,1,100,1,2.5,1,80,1,31,9,3.4,1,80,1,29,9,"","","","","","","","","","","","","","","","",2.,1,1.7,9,1.6,1,53,9,2.5,1,43,9,0,9,"","","","","","","","",-0.8,9,"","","","","","",98,1,96,9,7,9,98,9,2,9,0,9,60,9,6.9,9,"","","","","","","","","","","","","","","","","","","","","","","","","","","","","","","","","","","","","","","","","","","","","","","","","","","","","","","","","","","","","","","","","","","","","","","","","","","","","","","","","","","","","","","","","","","","","","","","","","","","","","","","","","","","","","","","","","","",""
"47323004","VILLENEUVE-SUR-LOT",44.3975,0.764,59,2015121402,0.,1,"","",2.2,1,80,1,2.8,1,90,1,118,9,3.6,1,100,1,118,9,"","","","","","","","","","","","","","","","",2.8,1,2.5,9,1.8,1,110,9,2.8,1,148,9,0,9,"","","","","","","","",-0.6,9,"","","","","","",98,1,96,9,111,9,99,9,119,9,0,9,60,9,7.3,9,"","","","","","","","","","","","","","","","","","","","","","","","","","","","","","","","","","","","","","","","","","","","","","","","","","","","","","","","","","","","","","","","","","","","","","","","","","","","","","","","","","","","","","","","","","","","","","","","","","","","","","","","","","","","","","","","","","","",""
"47323004","VILLENEUVE-SUR-LOT",44.3975,0.764,59,2015121403,0.,1,"","",2.5,1,50,1,3.9,1,50,1,239,9,5.7,1,60,1,216,9,"","","","","","","","","","","","","","","","",5.2,1,4.3,9,2.5,1,215,9,5.3,1,250,9,0,9,"","","","","","","","",0.1,9,"","","","","","",94,1,94,9,253,9,99,9,205,9,0,9,60,9,8.3,9,"","","","","","","","","","","","","","","","","","","","","","","","","","","","","","","","","","","","","","","","","","","","","","","","","","","","","","","","","","","","","","","","","","","","","","","","","","","","","","","","","","","","","","","","","","","","","","","","","","","","","","","","","","","","","","","","","","","",""
"47323004","VILLENEUVE-SUR-LOT",44.3975,0.764,59,2015121404,0.,1,"","",2.3,1,70,1,3.,1,60,1,310,9,5.2,1,100,1,345,9,"","","","","","","","","","","","","","","","",5.8,1,4.8,9,4.5,1,319,9,6.,1,345,9,0,9,"","","","","","","","",0.8,9,"","","","","","",93,1,91,9,304,9,97,9,331,9,0,9,60,9,8.6,9,"","","","","","","","","","","","","","","","","","","","","","","","","","","","","","","","","","","","","","","","","","","","","","","","","","","","","","","","","","","","","","","","","","","","","","","","","","","","","","","","","","","","","","","","","","","","","","","","","","","","","","","","","","","","","","","","","","","",""
"47323004","VILLENEUVE-SUR-LOT",44.3975,0.764,59,2015121405,0.,1,"","",2.5,1,80,1,2.9,1,80,1,447,9,5.4,1,70,1,454,9,"","","","","","","","","","","","","","","","",5.9,1,4.6,9,5.2,1,427,9,6.2,1,448,9,0,9,"","","","","","","","",2.9,9,"","","","","","",92,1,92,9,407,9,95,9,424,9,0,9,60,9,8.5,9,"","","","","","","","","","","","","","","","","","","","","","","","","","","","","","","","","","","","","","","","","","","","","","","","","","","","","","","","","","","","","","","","","","","","","","","","","","","","","","","","","","","","","","","","","","","","","","","","","","","","","","","","","","","","","","","","","","","",""
"47323004","VILLENEUVE-SUR-LOT",44.3975,0.764,59,2015121406,0.,1,"","",2.4,1,60,1,2.9,1,60,1,540,9,5.6,1,80,1,502,9,"","","","","","","","","","","","","","","","",5.6,1,4.6,9,5.3,1,524,9,6.1,1,503,9,0,9,"","","","","","","","",3.1,9,"","","","","","",93,1,92,9,510,9,96,9,536,9,0,9,60,9,8.5,9,"","","","","","","","","","","","","","","","","","","","","","","","","","","","","","","","","","","","","","","","","","","","","","","","","","","","","","","","","","","","","","","","","","","","","","","","","","","","","","","","","","","","","","","","","","","","","","","","","","","","","","","","","","","","","","","","","","","",""
"47323004","VILLENEUVE-SUR-LOT",44.3975,0.764,59,2015121407,0.,1,"","",2.4,1,60,1,2.8,1,60,1,610,9,4.5,1,50,1,642,9,"","","","","","","","","","","","","","","","",5.7,1,4.1,9,5.7,9,601,9,6.,9,643,9,0,9,"","","","","","","","",3.4,9,"","","","","","",90,9,88,9,657,9,94,9,601,9,0,9,60,9,8.2,9,"","","","","","","","","","","","","","","","","","","","","","","","","","","","","","","","","","","","","","","","","","","","","","","","","","","","","","","","","","","","","","","","","","","","","","","","","","","","","","","","","","","","","","","","","","","","","","","","","","","","","","","","","","","","","","","","","","","",""
"47323004","VILLENEUVE-SUR-LOT",44.3975,0.764,59,2015121408,0.2,1,"","",2.7,1,60,1,2.9,1,60,1,714,9,4.7,1,70,1,711,9,"","","","","","","","","","","","","","","","",6.7,1,5.1,9,5.5,1,710,9,6.7,1,755,9,0,9,"","","","","","","","",3.1,9,"","","","","","",90,1,89,9,753,9,93,9,714,9,0,9,60,9,8.8,9,"","","","","","","","","","","","","","","","","","","","","","","","","","","","","","","","","","","","","","","","","","","","","","","","","","","","","","","","","","","","","","","","","","","","","","","","","","","","","","","","","","","","","","","","","","","","","","","","","","","","","","","","","","","","","","","","","","","",""
"47323004","VILLENEUVE-SUR-LOT",44.3975,0.764,59,2015121409,0.,1,"","",2.4,1,50,1,2.6,1,60,1,801,9,5.5,1,60,1,854,9,"","","","","","","","","","","","","","","","",8.7,1,6.7,9,6.7,1,802,9,8.7,1,859,9,0,9,"","","","","","","","",5.6,9,"","","","","","",87,1,86,9,846,9,91,9,824,9,0,9,60,9,9.8,9,"","","","","","","","","","","","","","","","","","","","","","","","","","","","","","","","","","","","","","","","","","","","","","","","","","","","","","","","","","","","","","","","","","","","","","","","","","","","","","","","","","","","","","","","","","","","","","","","","","","","","","","","","","","","","","","","","","","",""
"47323004","VILLENEUVE-SUR-LOT",44.3975,0.764,59,2015121410,0.,1,"","",3.,1,80,1,3.4,1,90,1,912,9,7.4,1,130,1,912,9,"","","","","","","","","","","","","","","","",9.6,1,6.8,9,8.8,1,901,9,9.7,1,943,9,0,9,"","","","","","","","",9.3,9,"","","","","","",83,1,83,9,936,9,87,9,901,9,0,9,60,9,9.9,9,"","","","","","","","","","","","","","","","","","","","","","","","","","","","","","","","","","","","","","","","","","","","","","","","","","","","","","","","","","","","","","","","","","","","","","","","","","","","","","","","","","","","","","","","","","","","","","","","","","","","","","","","","","","","","","","","","","","",""
"47323004","VILLENEUVE-SUR-LOT",44.3975,0.764,59,2015121411,0.,1,"","",2.,1,90,1,3.,1,80,1,1001,9,5.4,1,140,1,1045,9,"","","","","","","","","","","","","","","","",9.8,1,6.7,9,9.4,1,1033,9,10.2,1,1014,9,0,9,"","","","","","","","",9.4,9,"","","","","","",81,1,80,9,1015,9,84,9,1005,9,0,9,60,9,9.8,9,"","","","","","","","","","","","","","","","","","","","","","","","","","","","","","","","","","","","","","","","","","","","","","","","","","","","","","","","","","","","","","","","","","","","","","","","","","","","","","","","","","","","","","","","","","","","","","","","","","","","","","","","","","","","","","","","","","","",""
"47323004","VILLENEUVE-SUR-LOT",44.3975,0.764,59,2015121412,0.,1,"","",5.4,1,110,1,5.5,1,110,1,1158,9,9.5,1,100,1,1158,9,"","","","","","","","","","","","","","","","",12.6,1,7.3,9,9.8,1,1101,9,12.6,1,1200,9,0,9,"","","","","","","","",11.4,9,"","","","","","",70,1,70,9,1158,9,82,9,1102,9,0,9,15,9,10.2,9,"","","","","","","","","","","","","","","","","","","","","","","","","","","","","","","","","","","","","","","","","","","","","","","","","","","","","","","","","","","","","","","","","","","","","","","","","","","","","","","","","","","","","","","","","","","","","","","","","","","","","","","","","","","","","","","","","","","",""
"47323004","VILLENEUVE-SUR-LOT",44.3975,0.764,59,2015121413,0.,1,"","",5.,1,130,1,5.8,1,120,1,1234,9,11.6,1,120,1,1257,9,"","","","","","","","","","","","","","","","",13.9,1,7.8,9,12.6,1,1201,9,14.,1,1255,9,0,9,"","","","","","","","",15.7,9,"","","","","","",67,1,65,9,1255,9,72,9,1203,9,0,9,0,9,10.6,9,"","","","","","","","","","","","","","","","","","","","","","","","","","","","","","","","","","","","","","","","","","","","","","","","","","","","","","","","","","","","","","","","","","","","","","","","","","","","","","","","","","","","","","","","","","","","","","","","","","","","","","","","","","","","","","","","","","","",""
"47323004","VILLENEUVE-SUR-LOT",44.3975,0.764,59,2015121414,0.,1,"","",4.3,1,130,1,6.2,1,120,1,1321,9,11.3,1,120,1,1317,9,"","","","","","","","","","","","","","","","",14.6,1,8.1,9,14.,1,1301,9,14.8,1,1350,9,0,9,"","","","","","","","",16.1,9,"","","","","","",65,1,64,9,1337,9,67,9,1301,9,0,9,0,9,10.8,9,"","","","","","","","","","","","","","","","","","","","","","","","","","","","","","","","","","","","","","","","","","","","","","","","","","","","","","","","","","","","","","","","","","","","","","","","","","","","","","","","","","","","","","","","","","","","","","","","","","","","","","","","","","","","","","","","","","","",""
"47323004","VILLENEUVE-SUR-LOT",44.3975,0.764,59,2015121415,0.,1,"","",2.,1,130,1,5.,1,130,1,1405,9,10.4,1,130,1,1405,9,"","","","","","","","","","","","","","","","",14.5,1,8.4,9,14.5,1,1401,9,14.9,1,1435,9,0,9,"","","","","","","","",15.7,9,"","","","","","",67,1,63,9,1417,9,67,9,1445,9,0,9,0,9,11.,9,"","","","","","","","","","","","","","","","","","","","","","","","","","","","","","","","","","","","","","","","","","","","","","","","","","","","","","","","","","","","","","","","","","","","","","","","","","","","","","","","","","","","","","","","","","","","","","","","","","","","","","","","","","","","","","","","","","","",""
"47323004","VILLENEUVE-SUR-LOT",44.3975,0.764,59,2015121416,0.,1,"","",2.4,1,110,1,3.3,1,120,1,1552,9,6.9,1,150,1,1511,9,"","","","","","","","","","","","","","","","",13.,1,8.3,9,13.,1,1557,9,14.6,1,1501,9,0,9,"","","","","","","","",10.8,9,"","","","","","",73,1,65,9,1504,9,74,9,1558,9,0,9,0,9,10.9,9,"","","","","","","","","","","","","","","","","","","","","","","","","","","","","","","","","","","","","","","","","","","","","","","","","","","","","","","","","","","","","","","","","","","","","","","","","","","","","","","","","","","","","","","","","","","","","","","","","","","","","","","","","","","","","","","","","","","",""
"47323004","VILLENEUVE-SUR-LOT",44.3975,0.764,59,2015121417,0.,1,"","",2.8,1,110,1,3.,1,110,1,1649,9,5.4,1,110,1,1640,9,"","","","","","","","","","","","","","","","",11.9,1,8.,9,11.8,1,1653,9,13.,1,1601,9,0,9,"","","","","","","","",9.6,9,"","","","","","",77,1,73,9,1601,9,79,9,1658,9,0,9,0,9,10.7,9,"","","","","","","","","","","","","","","","","","","","","","","","","","","","","","","","","","","","","","","","","","","","","","","","","","","","","","","","","","","","","","","","","","","","","","","","","","","","","","","","","","","","","","","","","","","","","","","","","","","","","","","","","","","","","","","","","","","",""
"47323004","VILLENEUVE-SUR-LOT",44.3975,0.764,59,2015121418,0.,1,"","",2.3,1,140,1,2.9,1,110,1,1701,9,6.3,1,160,1,1754,9,"","","","","","","","","","","","","","","","",12.4,1,7.8,9,11.7,1,1706,9,12.4,1,1758,9,0,9,"","","","","","","","",9.3,9,"","","","","","",74,1,74,9,1753,9,78,9,1702,9,0,9,0,9,10.6,9,"","","","","","","","","","","","","","","","","","","","","","","","","","","","","","","","","","","","","","","","","","","","","","","","","","","","","","","","","","","","","","","","","","","","","","","","","","","","","","","","","","","","","","","","","","","","","","","","","","","","","","","","","","","","","","","","","","","",""
"47323004","VILLENEUVE-SUR-LOT",44.3975,0.764,59,2015121419,0.,1,"","",2.6,1,140,1,3.3,1,140,1,1828,9,7.3,1,160,1,1835,9,"","","","","","","","","","","","","","","","",12.,1,7.3,9,12.,9,1900,9,12.5,9,1816,9,0,9,"","","","","","","","",10.1,9,"","","","","","",73,9,72,9,1820,9,75,9,1801,9,0,9,0,9,10.2,9,"","","","","","","","","","","","","","","","","","","","","","","","","","","","","","","","","","","","","","","","","","","","","","","","","","","","","","","","","","","","","","","","","","","","","","","","","","","","","","","","","","","","","","","","","","","","","","","","","","","","","","","","","","","","","","","","","","","",""
"47323004","VILLENEUVE-SUR-LOT",44.3975,0.764,59,2015121420,0.,1,"","",2.6,1,130,1,3.2,1,130,1,1951,9,6.9,1,150,1,1950,9,"","","","","","","","","","","","","","","","",11.3,1,7.,9,11.3,1,1943,9,12.,1,1901,9,0,9,"","","","","","","","",9.3,9,"","","","","","",75,1,73,9,1902,9,77,9,1945,9,0,9,0,9,10.,9,"","","","","","","","","","","","","","","","","","","","","","","","","","","","","","","","","","","","","","","","","","","","","","","","","","","","","","","","","","","","","","","","","","","","","","","","","","","","","","","","","","","","","","","","","","","","","","","","","","","","","","","","","","","","","","","","","","","",""
"47323004","VILLENEUVE-SUR-LOT",44.3975,0.764,59,2015121421,0.,1,"","",1.5,1,60,1,2.6,1,130,1,2009,9,6.6,1,130,1,2003,9,"","","","","","","","","","","","","","","","",10.4,1,7.1,9,10.4,1,2058,9,11.3,1,2001,9,0,9,"","","","","","","","",7.9,9,"","","","","","",80,1,75,9,2003,9,80,9,2056,9,0,9,2,9,10.1,9,"","","","","","","","","","","","","","","","","","","","","","","","","","","","","","","","","","","","","","","","","","","","","","","","","","","","","","","","","","","","","","","","","","","","","","","","","","","","","","","","","","","","","","","","","","","","","","","","","","","","","","","","","","","","","","","","","","","",""
"47323004","VILLENEUVE-SUR-LOT",44.3975,0.764,59,2015121422,0.,1,"","",2.8,1,100,1,3.4,1,110,1,2143,9,6.9,1,130,1,2142,9,"","","","","","","","","","","","","","","","",10.3,1,7.4,9,10.3,1,2101,9,10.6,1,2109,9,0,9,"","","","","","","","",8.,9,"","","","","","",82,1,79,9,2102,9,82,9,2131,9,0,9,54,9,10.3,9,"","","","","","","","","","","","","","","","","","","","","","","","","","","","","","","","","","","","","","","","","","","","","","","","","","","","","","","","","","","","","","","","","","","","","","","","","","","","","","","","","","","","","","","","","","","","","","","","","","","","","","","","","","","","","","","","","","","",""
"47323004","VILLENEUVE-SUR-LOT",44.3975,0.764,59,2015121423,0.,1,"","",3.2,1,110,1,3.6,1,100,1,2222,9,7.1,1,140,1,2245,9,"","","","","","","","","","","","","","","","",10.2,1,7.6,9,9.8,1,2237,9,10.4,1,2202,9,0,9,"","","","","","","","",7.9,9,"","","","","","",84,1,81,9,2202,9,84,9,2238,9,0,9,60,9,10.4,9,"","","","","","","","","","","","","","","","","","","","","","","","","","","","","","","","","","","","","","","","","","","","","","","","","","","","","","","","","","","","","","","","","","","","","","","","","","","","","","","","","","","","","","","","","","","","","","","","","","","","","","","","","","","","","","","","","","","",""
"47323004","VILLENEUVE-SUR-LOT",44.3975,0.764,59,2015121500,0.,1,"","",2.,1,50,1,4.,1,110,1,2314,9,7.,1,90,1,2314,9,"","","","","","","","","","","","","","","","",9.,1,6.8,9,9.,1,2352,9,10.4,1,2307,9,0,9,"","","","","","","","",7.1,9,"","","","","","",86,1,81,9,2315,9,88,9,2356,9,0,9,60,9,9.9,9,"","","","","","","","","","","","","","","","","","","","","","","","","","","","","","","","","","","","","","","","","","","","","","","","","","","","","","","","","","","","","","","","","","","","","","","","","","","","","","","","","","","","","","","","","","","","","","","","","","","","","","","","","","","","","","","","","","","",""
"47323004","VILLENEUVE-SUR-LOT",44.3975,0.764,59,2015121501,0.,1,"","",2.1,1,50,1,2.2,1,50,1,52,9,3.6,1,80,1,31,9,"","","","","","","","","","","","","","","","",8.3,1,6.4,9,8.2,1,29,9,9.,1,2,9,0,9,"","","","","","","","",5.9,9,"","","","","","",88,1,86,9,8,9,91,9,34,9,0,9,60,9,9.6,9,"","","","","","","","","","","","","","","","","","","","","","","","","","","","","","","","","","","","","","","","","","","","","","","","","","","","","","","","","","","","","","","","","","","","","","","","","","","","","","","","","","","","","","","","","","","","","","","","","","","","","","","","","","","","","","","","","","","",""
"47323004","VILLENEUVE-SUR-LOT",44.3975,0.764,59,2015121502,0.,1,"","",1.8,1,70,1,3.1,1,90,1,145,9,4.3,1,80,1,120,9,"","","","","","","","","","","","","","","","",8.1,1,6.1,9,8.1,1,139,9,8.6,1,104,9,0,9,"","","","","","","","",6.5,9,"","","","","","",87,1,87,9,109,9,90,9,102,9,0,9,60,9,9.4,9,"","","","","","","","","","","","","","","","","","","","","","","","","","","","","","","","","","","","","","","","","","","","","","","","","","","","","","","","","","","","","","","","","","","","","","","","","","","","","","","","","","","","","","","","","","","","","","","","","","","","","","","","","","","","","","","","","","","",""
"47323004","VILLENEUVE-SUR-LOT",44.3975,0.764,59,2015121503,0.,1,"","",1.8,1,60,1,2.1,1,60,1,252,9,3.,1,60,1,250,9,"","","","","","","","","","","","","","","","",7.4,1,5.3,9,7.4,1,300,9,8.4,1,243,9,0,9,"","","","","","","","",4.9,9,"","","","","","",87,1,83,9,246,9,88,9,202,9,0,9,60,9,8.9,9,"","","","","","","","","","","","","","","","","","","","","","","","","","","","","","","","","","","","","","","","","","","","","","","","","","","","","","","","","","","","","","","","","","","","","","","","","","","","","","","","","","","","","","","","","","","","","","","","","","","","","","","","","","","","","","","","","","","",""
"47323004","VILLENEUVE-SUR-LOT",44.3975,0.764,59,2015121504,0.,1,"","",3.4,1,50,1,3.4,1,50,1,400,9,4.7,1,50,1,359,9,"","","","","","","","","","","","","","","","",8.5,1,6.1,9,7.4,1,301,9,8.6,1,326,9,0,9,"","","","","","","","",4.9,9,"","","","","","",85,1,84,9,336,9,90,9,309,9,0,9,60,9,9.4,9,"","","","","","","","","","","","","","","","","","","","","","","","","","","","","","","","","","","","","","","","","","","","","","","","","","","","","","","","","","","","","","","","","","","","","","","","","","","","","","","","","","","","","","","","","","","","","","","","","","","","","","","","","","","","","","","","","","","",""
"47323004","VILLENEUVE-SUR-LOT",44.3975,0.764,59,2015121505,0.,1,"","",1.7,1,100,1,3.9,1,50,1,405,9,5.8,1,50,1,431,9,"","","","","","","","","","","","","","","","",9.1,1,6.2,9,8.5,1,401,9,9.3,1,444,9,0,9,"","","","","","","","",7.6,9,"","","","","","",82,1,80,9,447,9,85,9,401,9,0,9,60,9,9.5,9,"","","","","","","","","","","","","","","","","","","","","","","","","","","","","","","","","","","","","","","","","","","","","","","","","","","","","","","","","","","","","","","","","","","","","","","","","","","","","","","","","","","","","","","","","","","","","","","","","","","","","","","","","","","","","","","","","","","",""
"47323004","VILLENEUVE-SUR-LOT",44.3975,0.764,59,2015121506,0.,1,"","",3.2,1,70,1,3.7,1,70,1,509,9,6.4,1,70,1,509,9,"","","","","","","","","","","","","","","","",9.2,1,6.4,9,8.8,1,539,9,9.3,1,503,9,0,9,"","","","","","","","",7.3,9,"","","","","","",83,1,82,9,503,9,85,9,543,9,0,9,60,9,9.6,9,"","","","","","","","","","","","","","","","","","","","","","","","","","","","","","","","","","","","","","","","","","","","","","","","","","","","","","","","","","","","","","","","","","","","","","","","","","","","","","","","","","","","","","","","","","","","","","","","","","","","","","","","","","","","","","","","","","","",""
"47323004","VILLENEUVE-SUR-LOT",44.3975,0.764,59,2015121507,0.,1,"","",2.6,1,60,1,3.2,1,70,1,601,9,4.5,1,90,1,627,9,"","","","","","","","","","","","","","","","",8.8,1,6.4,9,8.3,9,624,9,9.2,9,601,9,0,9,"","","","","","","","",6.3,9,"","","","","","",85,9,82,9,601,9,86,9,624,9,0,9,60,9,9.6,9,"","","","","","","","","","","","","","","","","","","","","","","","","","","","","","","","","","","","","","","","","","","","","","","","","","","","","","","","","","","","","","","","","","","","","","","","","","","","","","","","","","","","","","","","","","","","","","","","","","","","","","","","","","","","","","","","","","","",""
"47323004","VILLENEUVE-SUR-LOT",44.3975,0.764,59,2015121508,0.,1,"","",1.9,1,80,1,2.9,1,60,1,732,9,4.5,1,50,1,738,9,"","","","","","","","","","","","","","","","",9.5,1,6.5,9,8.8,1,701,9,9.6,1,752,9,0,9,"","","","","","","","",6.2,9,"","","","","","",82,1,81,9,758,9,86,9,715,9,0,9,60,9,9.7,9,"","","","","","","","","","","","","","","","","","","","","","","","","","","","","","","","","","","","","","","","","","","","","","","","","","","","","","","","","","","","","","","","","","","","","","","","","","","","","","","","","","","","","","","","","","","","","","","","","","","","","","","","","","","","","","","","","","","",""
"47323004","VILLENEUVE-SUR-LOT",44.3975,0.764,59,2015121509,0.,1,"","",2.3,1,80,1,3.2,1,70,1,825,9,5.,1,90,1,900,9,"","","","","","","","","","","","","","","","",10.5,1,7.4,9,9.4,1,803,9,10.5,1,858,9,0,9,"","","","","","","","",8.5,9,"","","","","","",81,1,79,9,855,9,84,9,810,9,0,9,59,9,10.3,9,"","","","","","","","","","","","","","","","","","","","","","","","","","","","","","","","","","","","","","","","","","","","","","","","","","","","","","","","","","","","","","","","","","","","","","","","","","","","","","","","","","","","","","","","","","","","","","","","","","","","","","","","","","","","","","","","","","","",""
"47323004","VILLENEUVE-SUR-LOT",44.3975,0.764,59,2015121510,0.,1,"","",2.7,1,90,1,3.2,1,100,1,935,9,5.9,1,100,1,926,9,"","","","","","","","","","","","","","","","",12.7,1,9.3,9,10.6,1,901,9,12.7,1,955,9,0,9,"","","","","","","","",12.3,9,"","","","","","",80,1,79,9,902,9,84,9,926,9,0,9,46,9,11.7,9,"","","","","","","","","","","","","","","","","","","","","","","","","","","","","","","","","","","","","","","","","","","","","","","","","","","","","","","","","","","","","","","","","","","","","","","","","","","","","","","","","","","","","","","","","","","","","","","","","","","","","","","","","","","","","","","","","","","",""
"47323004","VILLENEUVE-SUR-LOT",44.3975,0.764,59,2015121511,0.,1,"","",3.,1,110,1,4.6,1,120,1,1029,9,7.9,1,110,1,1034,9,"","","","","","","","","","","","","","","","",13.3,1,9.6,9,12.8,1,1001,9,13.3,1,1100,9,0,9,"","","","","","","","",14.,9,"","","","","","",78,1,76,9,1057,9,80,9,1003,9,0,9,6,9,11.9,9,"","","","","","","","","","","","","","","","","","","","","","","","","","","","","","","","","","","","","","","","","","","","","","","","","","","","","","","","","","","","","","","","","","","","","","","","","","","","","","","","","","","","","","","","","","","","","","","","","","","","","","","","","","","","","","","","","","","",""
"47323004","VILLENEUVE-SUR-LOT",44.3975,0.764,59,2015121512,0.,1,"","",3.1,1,100,1,4.1,1,110,1,1121,9,7.,1,110,1,1118,9,"","","","","","","","","","","","","","","","",13.4,1,9.4,9,13.3,1,1101,9,13.6,1,1114,9,0,9,"","","","","","","","",13.6,9,"","","","","","",77,1,75,9,1119,9,79,9,1108,9,0,9,0,9,11.8,9,"","","","","","","","","","","","","","","","","","","","","","","","","","","","","","","","","","","","","","","","","","","","","","","","","","","","","","","","","","","","","","","","","","","","","","","","","","","","","","","","","","","","","","","","","","","","","","","","","","","","","","","","","","","","","","","","","","","",""
"47323004","VILLENEUVE-SUR-LOT",44.3975,0.764,59,2015121513,0.,1,"","",2.8,1,90,1,3.6,1,100,1,1205,9,6.7,1,90,1,1218,9,"","","","","","","","","","","","","","","","",13.8,1,8.8,9,13.4,1,1201,9,13.8,1,1253,9,0,9,"","","","","","","","",13.7,9,"","","","","","",72,1,72,9,1300,9,78,9,1223,9,0,9,0,9,11.3,9,"","","","","","","","","","","","","","","","","","","","","","","","","","","","","","","","","","","","","","","","","","","","","","","","","","","","","","","","","","","","","","","","","","","","","","","","","","","","","","","","","","","","","","","","","","","","","","","","","","","","","","","","","","","","","","","","","","","",""
"47323004","VILLENEUVE-SUR-LOT",44.3975,0.764,59,2015121514,0.,1,"","",2.6,1,120,1,3.,1,90,1,1303,9,7.6,1,110,1,1307,9,"","","","","","","","","","","","","","","","",13.8,1,9.7,9,13.8,1,1301,9,14.,1,1323,9,0,9,"","","","","","","","",13.,9,"","","","","","",76,1,73,9,1305,9,77,9,1348,9,0,9,0,9,12.,9,"","","","","","","","","","","","","","","","","","","","","","","","","","","","","","","","","","","","","","","","","","","","","","","","","","","","","","","","","","","","","","","","","","","","","","","","","","","","","","","","","","","","","","","","","","","","","","","","","","","","","","","","","","","","","","","","","","","",""
"47323004","VILLENEUVE-SUR-LOT",44.3975,0.764,59,2015121515,0.,1,"","",2.7,1,110,1,2.9,1,110,1,1409,9,5.3,1,110,1,1453,9,"","","","","","","","","","","","","","","","",13.9,1,9.7,9,13.7,1,1410,9,13.9,1,1448,9,0,9,"","","","","","","","",13.,9,"","","","","","",76,1,75,9,1404,9,79,9,1421,9,0,9,0,9,12.,9,"","","","","","","","","","","","","","","","","","","","","","","","","","","","","","","","","","","","","","","","","","","","","","","","","","","","","","","","","","","","","","","","","","","","","","","","","","","","","","","","","","","","","","","","","","","","","","","","","","","","","","","","","","","","","","","","","","","",""
"47323004","VILLENEUVE-SUR-LOT",44.3975,0.764,59,2015121516,0.,1,"","",2.6,1,110,1,2.9,1,110,1,1543,9,5.,1,130,1,1534,9,"","","","","","","","","","","","","","","","",13.6,1,9.8,9,13.6,1,1557,9,14.,1,1514,9,0,9,"","","","","","","","",12.2,9,"","","","","","",78,1,76,9,1506,9,79,9,1528,9,0,9,0,9,12.1,9,"","","","","","","","","","","","","","","","","","","","","","","","","","","","","","","","","","","","","","","","","","","","","","","","","","","","","","","","","","","","","","","","","","","","","","","","","","","","","","","","","","","","","","","","","","","","","","","","","","","","","","","","","","","","","","","","","","","",""
"47323004","VILLENEUVE-SUR-LOT",44.3975,0.764,59,2015121517,0.,1,"","",2.5,1,110,1,3.9,1,90,1,1619,9,5.3,1,90,1,1616,9,"","","","","","","","","","","","","","","","",13.5,1,9.6,9,13.5,1,1609,9,13.8,1,1620,9,0,9,"","","","","","","","",11.9,9,"","","","","","",77,1,75,9,1651,9,79,9,1608,9,0,9,0,9,11.9,9,"","","","","","","","","","","","","","","","","","","","","","","","","","","","","","","","","","","","","","","","","","","","","","","","","","","","","","","","","","","","","","","","","","","","","","","","","","","","","","","","","","","","","","","","","","","","","","","","","","","","","","","","","","","","","","","","","","","",""
"47323004","VILLENEUVE-SUR-LOT",44.3975,0.764,59,2015121518,0.,1,"","",1.2,1,50,1,3.1,1,110,1,1710,9,4.8,1,100,1,1705,9,"","","","","","","","","","","","","","","","",13.4,1,9.7,9,13.3,1,1744,9,13.7,1,1711,9,0,9,"","","","","","","","",11.7,9,"","","","","","",78,1,76,9,1711,9,80,9,1743,9,0,9,1,9,12.,9,"","","","","","","","","","","","","","","","","","","","","","","","","","","","","","","","","","","","","","","","","","","","","","","","","","","","","","","","","","","","","","","","","","","","","","","","","","","","","","","","","","","","","","","","","","","","","","","","","","","","","","","","","","","","","","","","","","","",""
"47323004","VILLENEUVE-SUR-LOT",44.3975,0.764,59,2015121519,0.,1,"","",2.5,1,60,1,2.7,1,70,1,1849,9,4.5,1,70,1,1849,9,"","","","","","","","","","","","","","","","",13.,1,9.,9,12.9,9,1826,9,13.6,9,1812,9,0,9,"","","","","","","","",9.9,9,"","","","","","",77,9,76,9,1814,9,80,9,1827,9,0,9,2,9,11.5,9,"","","","","","","","","","","","","","","","","","","","","","","","","","","","","","","","","","","","","","","","","","","","","","","","","","","","","","","","","","","","","","","","","","","","","","","","","","","","","","","","","","","","","","","","","","","","","","","","","","","","","","","","","","","","","","","","","","","",""
"47323004","VILLENEUVE-SUR-LOT",44.3975,0.764,59,2015121520,0.,1,"","",1.2,1,70,1,3.4,1,80,1,1917,9,6.2,1,80,1,1911,9,"","","","","","","","","","","","","","","","",12.4,1,9.,9,12.4,1,1958,9,13.2,1,1904,9,0,9,"","","","","","","","",10.,9,"","","","","","",80,1,76,9,1907,9,80,9,1959,9,0,9,2,9,11.5,9,"","","","","","","","","","","","","","","","","","","","","","","","","","","","","","","","","","","","","","","","","","","","","","","","","","","","","","","","","","","","","","","","","","","","","","","","","","","","","","","","","","","","","","","","","","","","","","","","","","","","","","","","","","","","","","","","","","","",""
"47323004","VILLENEUVE-SUR-LOT",44.3975,0.764,59,2015121521,0.,1,"","",1.5,1,80,1,3.4,1,100,1,2035,9,6.2,1,100,1,2028,9,"","","","","","","","","","","","","","","","",11.5,1,8.4,9,11.5,1,2058,9,12.5,1,2005,9,0,9,"","","","","","","","",8.7,9,"","","","","","",81,1,79,9,2006,9,82,9,2020,9,0,9,57,9,11.,9,"","","","","","","","","","","","","","","","","","","","","","","","","","","","","","","","","","","","","","","","","","","","","","","","","","","","","","","","","","","","","","","","","","","","","","","","","","","","","","","","","","","","","","","","","","","","","","","","","","","","","","","","","","","","","","","","","","","",""
"47323004","VILLENEUVE-SUR-LOT",44.3975,0.764,59,2015121522,0.,1,"","",0.8,1,120,1,3.,1,70,1,2128,9,4.3,1,60,1,2117,9,"","","","","","","","","","","","","","","","",10.6,1,8.4,9,10.6,1,2153,9,11.5,1,2121,9,0,9,"","","","","","","","",6.3,9,"","","","","","",86,1,81,9,2137,9,87,9,2154,9,0,9,60,9,11.,9,"","","","","","","","","","","","","","","","","","","","","","","","","","","","","","","","","","","","","","","","","","","","","","","","","","","","","","","","","","","","","","","","","","","","","","","","","","","","","","","","","","","","","","","","","","","","","","","","","","","","","","","","","","","","","","","","","","","",""
"47323004","VILLENEUVE-SUR-LOT",44.3975,0.764,59,2015121523,0.,1,"","",2.5,1,80,1,3.4,1,60,1,2247,9,5.5,1,60,1,2245,9,"","","","","","","","","","","","","","","","",10.7,1,8.1,9,10.5,1,2222,9,11.4,1,2250,9,0,9,"","","","","","","","",5.7,9,"","","","","","",84,1,82,9,2212,9,87,9,2203,9,0,9,60,9,10.8,9,"","","","","","","","","","","","","","","","","","","","","","","","","","","","","","","","","","","","","","","","","","","","","","","","","","","","","","","","","","","","","","","","","","","","","","","","","","","","","","","","","","","","","","","","","","","","","","","","","","","","","","","","","","","","","","","","","","","",""
"47323004","VILLENEUVE-SUR-LOT",44.3975,0.764,59,2015121600,0.,1,"","",0.8,1,80,1,2.8,1,80,1,2311,9,4.9,1,80,1,2311,9,"","","","","","","","","","","","","","","","",9.7,1,7.8,9,9.7,1,2349,9,11.4,1,2314,9,0,9,"","","","","","","","",6.7,9,"","","","","","",88,1,82,9,2314,9,90,9,2356,9,0,9,60,9,10.6,9,"","","","","","","","","","","","","","","","","","","","","","","","","","","","","","","","","","","","","","","","","","","","","","","","","","","","","","","","","","","","","","","","","","","","","","","","","","","","","","","","","","","","","","","","","","","","","","","","","","","","","","","","","","","","","","","","","","","",""
"47323004","VILLENEUVE-SUR-LOT",44.3975,0.764,59,2015121601,0.,1,"","",0.9,1,40,1,2.3,1,90,1,22,9,3.3,1,120,1,3,9,"","","","","","","","","","","","","","","","",8.5,1,7.4,9,8.5,1,59,9,9.7,1,9,9,0,9,"","","","","","","","",4.6,9,"","","","","","",93,1,87,9,2,9,94,9,55,9,0,9,60,9,10.3,9,"","","","","","","","","","","","","","","","","","","","","","","","","","","","","","","","","","","","","","","","","","","","","","","","","","","","","","","","","","","","","","","","","","","","","","","","","","","","","","","","","","","","","","","","","","","","","","","","","","","","","","","","","","","","","","","","","","","",""
"47323004","VILLENEUVE-SUR-LOT",44.3975,0.764,59,2015121602,0.,1,"","",1.4,1,100,1,2.3,1,100,1,121,9,2.8,1,90,1,117,9,"","","","","","","","","","","","","","","","",7.2,1,6.5,9,7.1,1,155,9,8.3,1,101,9,0,9,"","","","","","","","",3.4,9,"","","","","","",96,1,90,9,104,9,96,9,126,9,0,9,60,9,9.7,9,"","","","","","","","","","","","","","","","","","","","","","","","","","","","","","","","","","","","","","","","","","","","","","","","","","","","","","","","","","","","","","","","","","","","","","","","","","","","","","","","","","","","","","","","","","","","","","","","","","","","","","","","","","","","","","","","","","","",""
"47323004","VILLENEUVE-SUR-LOT",44.3975,0.764,59,2015121603,0.,1,"","",1.2,1,90,1,1.3,1,100,1,201,9,2.1,1,80,1,217,9,"","","","","","","","","","","","","","","","",6.7,1,6.2,9,6.6,1,211,9,7.2,1,201,9,0,9,"","","","","","","","",2.6,9,"","","","","","",97,1,94,9,212,9,98,9,242,9,0,9,60,9,9.5,9,"","","","","","","","","","","","","","","","","","","","","","","","","","","","","","","","","","","","","","","","","","","","","","","","","","","","","","","","","","","","","","","","","","","","","","","","","","","","","","","","","","","","","","","","","","","","","","","","","","","","","","","","","","","","","","","","","","","",""
"47323004","VILLENEUVE-SUR-LOT",44.3975,0.764,59,2015121604,0.,1,"","",1.,1,110,1,1.8,1,90,1,308,9,3.,1,100,1,307,9,"","","","","","","","","","","","","","","","",6.6,1,6.1,9,6.4,1,344,9,7.6,1,308,9,0,9,"","","","","","","","",3.4,9,"","","","","","",97,1,95,9,341,9,98,9,303,9,0,9,60,9,9.4,9,"","","","","","","","","","","","","","","","","","","","","","","","","","","","","","","","","","","","","","","","","","","","","","","","","","","","","","","","","","","","","","","","","","","","","","","","","","","","","","","","","","","","","","","","","","","","","","","","","","","","","","","","","","","","","","","","","","","",""
"47323004","VILLENEUVE-SUR-LOT",44.3975,0.764,59,2015121605,0.,1,"","",2.8,1,100,1,2.8,1,90,1,459,9,3.6,1,100,1,451,9,"","","","","","","","","","","","","","","","",6.3,1,5.9,9,5.6,1,428,9,6.8,1,403,9,0,9,"","","","","","","","",2.9,9,"","","","","","",98,1,96,9,412,9,98,9,402,9,0,9,60,9,9.3,9,"","","","","","","","","","","","","","","","","","","","","","","","","","","","","","","","","","","","","","","","","","","","","","","","","","","","","","","","","","","","","","","","","","","","","","","","","","","","","","","","","","","","","","","","","","","","","","","","","","","","","","","","","","","","","","","","","","","",""
"47323004","VILLENEUVE-SUR-LOT",44.3975,0.764,59,2015121606,0.,1,"","",2.6,1,100,1,2.7,1,100,1,501,9,3.9,1,100,1,557,9,"","","","","","","","","","","","","","","","",6.,1,5.8,9,5.9,1,552,9,6.4,1,507,9,0,9,"","","","","","","","",4.3,9,"","","","","","",98,1,96,9,501,9,99,9,506,9,0,9,60,9,9.2,9,"","","","","","","","","","","","","","","","","","","","","","","","","","","","","","","","","","","","","","","","","","","","","","","","","","","","","","","","","","","","","","","","","","","","","","","","","","","","","","","","","","","","","","","","","","","","","","","","","","","","","","","","","","","","","","","","","","","",""
"47323004","VILLENEUVE-SUR-LOT",44.3975,0.764,59,2015121607,0.,1,"","",1.8,1,110,1,2.9,1,100,1,612,9,3.7,1,90,1,612,9,"","","","","","","","","","","","","","","","",6.2,1,5.9,9,6.,9,601,9,6.2,9,611,9,0,9,"","","","","","","","",4.9,9,"","","","","","",98,9,96,9,614,9,99,9,603,9,0,9,60,9,9.3,9,"","","","","","","","","","","","","","","","","","","","","","","","","","","","","","","","","","","","","","","","","","","","","","","","","","","","","","","","","","","","","","","","","","","","","","","","","","","","","","","","","","","","","","","","","","","","","","","","","","","","","","","","","","","","","","","","","","","",""
"47323004","VILLENEUVE-SUR-LOT",44.3975,0.764,59,2015121608,0.,1,"","",2.5,1,90,1,2.6,1,100,1,748,9,3.4,1,90,1,758,9,"","","","","","","","","","","","","","","","",6.2,1,5.8,9,6.1,1,733,9,6.3,1,756,9,0,9,"","","","","","","","",5.,9,"","","","","","",97,1,96,9,704,9,98,9,703,9,0,9,60,9,9.2,9,"","","","","","","","","","","","","","","","","","","","","","","","","","","","","","","","","","","","","","","","","","","","","","","","","","","","","","","","","","","","","","","","","","","","","","","","","","","","","","","","","","","","","","","","","","","","","","","","","","","","","","","","","","","","","","","","","","","",""
"47323004","VILLENEUVE-SUR-LOT",44.3975,0.764,59,2015121609,0.,1,"","",1.9,1,110,1,2.6,1,100,1,819,9,3.5,1,90,1,819,9,"","","","","","","","","","","","","","","","",7.1,1,6.2,9,6.3,1,801,9,7.1,1,859,9,0,9,"","","","","","","","",5.8,9,"","","","","","",94,1,94,9,900,9,98,9,806,9,0,9,60,9,9.5,9,"","","","","","","","","","","","","","","","","","","","","","","","","","","","","","","","","","","","","","","","","","","","","","","","","","","","","","","","","","","","","","","","","","","","","","","","","","","","","","","","","","","","","","","","","","","","","","","","","","","","","","","","","","","","","","","","","","","",""
"47323004","VILLENEUVE-SUR-LOT",44.3975,0.764,59,2015121610,0.,1,"","",2.1,1,110,1,3.,1,90,1,922,9,4.4,1,100,1,929,9,"","","","","","","","","","","","","","","","",9.7,1,8.,9,7.1,1,901,9,9.8,1,954,9,0,9,"","","","","","","","",7.5,9,"","","","","","",89,1,87,9,957,9,96,9,902,9,0,9,60,9,10.7,9,"","","","","","","","","","","","","","","","","","","","","","","","","","","","","","","","","","","","","","","","","","","","","","","","","","","","","","","","","","","","","","","","","","","","","","","","","","","","","","","","","","","","","","","","","","","","","","","","","","","","","","","","","","","","","","","","","","","",""
"47323004","VILLENEUVE-SUR-LOT",44.3975,0.764,59,2015121611,0.,1,"","",1.4,1,80,1,2.3,1,100,1,1003,9,3.2,1,100,1,1002,9,"","","","","","","","","","","","","","","","",12.4,1,9.4,9,9.8,1,1001,9,12.4,1,1059,9,0,9,"","","","","","","","",13.7,9,"","","","","","",82,1,81,9,1054,9,88,9,1001,9,0,9,60,9,11.8,9,"","","","","","","","","","","","","","","","","","","","","","","","","","","","","","","","","","","","","","","","","","","","","","","","","","","","","","","","","","","","","","","","","","","","","","","","","","","","","","","","","","","","","","","","","","","","","","","","","","","","","","","","","","","","","","","","","","","",""
"47323004","VILLENEUVE-SUR-LOT",44.3975,0.764,59,2015121612,0.,1,"","",1.1,1,60,1,1.4,1,80,1,1101,9,2.2,1,100,1,1121,9,"","","","","","","","","","","","","","","","",15.1,1,9.9,9,12.5,1,1101,9,15.2,1,1158,9,0,9,"","","","","","","","",18.,9,"","","","","","",71,1,70,9,1151,9,81,9,1102,9,0,9,6,9,12.2,9,"","","","","","","","","","","","","","","","","","","","","","","","","","","","","","","","","","","","","","","","","","","","","","","","","","","","","","","","","","","","","","","","","","","","","","","","","","","","","","","","","","","","","","","","","","","","","","","","","","","","","","","","","","","","","","","","","","","",""
"47323004","VILLENEUVE-SUR-LOT",44.3975,0.764,59,2015121613,0.,1,"","",0.7,1,50,1,2.2,1,90,1,1237,9,2.9,1,90,1,1233,9,"","","","","","","","","","","","","","","","",15.6,1,10.4,9,14.8,1,1204,9,15.8,1,1250,9,0,9,"","","","","","","","",17.5,9,"","","","","","",71,1,69,9,1249,9,75,9,1219,9,0,9,0,9,12.6,9,"","","","","","","","","","","","","","","","","","","","","","","","","","","","","","","","","","","","","","","","","","","","","","","","","","","","","","","","","","","","","","","","","","","","","","","","","","","","","","","","","","","","","","","","","","","","","","","","","","","","","","","","","","","","","","","","","","","",""
"47323004","VILLENEUVE-SUR-LOT",44.3975,0.764,59,2015121614,0.,1,"","",1.2,1,90,1,1.3,1,90,1,1350,9,1.9,1,80,1,1348,9,"","","","","","","","","","","","","","","","",15.3,1,10.6,9,15.3,1,1350,9,15.6,1,1301,9,0,9,"","","","","","","","",16.1,9,"","","","","","",74,1,70,9,1320,9,75,9,1339,9,0,9,0,9,12.8,9,"","","","","","","","","","","","","","","","","","","","","","","","","","","","","","","","","","","","","","","","","","","","","","","","","","","","","","","","","","","","","","","","","","","","","","","","","","","","","","","","","","","","","","","","","","","","","","","","","","","","","","","","","","","","","","","","","","","",""
"47323004","VILLENEUVE-SUR-LOT",44.3975,0.764,59,2015121615,0.,1,"","",0.8,1,110,1,1.9,1,100,1,1427,9,2.5,1,100,1,1426,9,"","","","","","","","","","","","","","","","",15.2,1,10.6,9,15.2,1,1456,9,15.6,1,1418,9,0,9,"","","","","","","","",14.9,9,"","","","","","",74,1,72,9,1427,9,76,9,1404,9,0,9,0,9,12.8,9,"","","","","","","","","","","","","","","","","","","","","","","","","","","","","","","","","","","","","","","","","","","","","","","","","","","","","","","","","","","","","","","","","","","","","","","","","","","","","","","","","","","","","","","","","","","","","","","","","","","","","","","","","","","","","","","","","","","",""
"47323004","VILLENEUVE-SUR-LOT",44.3975,0.764,59,2015121616,0.,1,"","",0.,1,0,1,0.7,1,110,1,1501,9,1.1,1,140,1,1513,9,"","","","","","","","","","","","","","","","",13.2,1,10.2,9,13.2,1,1559,9,15.2,1,1501,9,0,9,"","","","","","","","",10.4,9,"","","","","","",82,1,73,9,1501,9,82,9,1600,9,0,9,10,9,12.4,9,"","","","","","","","","","","","","","","","","","","","","","","","","","","","","","","","","","","","","","","","","","","","","","","","","","","","","","","","","","","","","","","","","","","","","","","","","","","","","","","","","","","","","","","","","","","","","","","","","","","","","","","","","","","","","","","","","","","",""
"47323004","VILLENEUVE-SUR-LOT",44.3975,0.764,59,2015121617,0.,1,"","",1.8,1,110,1,1.8,1,100,1,1652,9,2.6,1,100,1,1700,9,"","","","","","","","","","","","","","","","",11.9,1,9.9,9,11.7,1,1646,9,13.2,1,1601,9,0,9,"","","","","","","","",10.3,9,"","","","","","",88,1,81,9,1602,9,90,9,1651,9,0,9,60,9,12.2,9,"","","","","","","","","","","","","","","","","","","","","","","","","","","","","","","","","","","","","","","","","","","","","","","","","","","","","","","","","","","","","","","","","","","","","","","","","","","","","","","","","","","","","","","","","","","","","","","","","","","","","","","","","","","","","","","","","","","",""
"47323004","VILLENEUVE-SUR-LOT",44.3975,0.764,59,2015121618,0.,1,"","",0.7,1,220,1,2.3,1,100,1,1709,9,2.9,1,100,1,1702,9,"","","","","","","","","","","","","","","","",11.7,1,9.6,9,11.7,1,1800,9,12.4,1,1713,9,0,9,"","","","","","","","",9.8,9,"","","","","","",87,1,84,9,1736,9,89,9,1701,9,0,9,60,9,11.9,9,"","","","","","","","","","","","","","","","","","","","","","","","","","","","","","","","","","","","","","","","","","","","","","","","","","","","","","","","","","","","","","","","","","","","","","","","","","","","","","","","","","","","","","","","","","","","","","","","","","","","","","","","","","","","","","","","","","","",""
"47323004","VILLENEUVE-SUR-LOT",44.3975,0.764,59,2015121619,0.,1,"","",0.9,1,90,1,0.9,1,70,1,1839,9,1.5,1,140,1,1816,9,"","","","","","","","","","","","","","","","",10.5,1,9.6,9,10.,9,1840,9,11.7,9,1801,9,0,9,"","","","","","","","",7.7,9,"","","","","","",94,9,86,9,1801,9,95,9,1849,9,0,9,60,9,11.9,9,"","","","","","","","","","","","","","","","","","","","","","","","","","","","","","","","","","","","","","","","","","","","","","","","","","","","","","","","","","","","","","","","","","","","","","","","","","","","","","","","","","","","","","","","","","","","","","","","","","","","","","","","","","","","","","","","","","","",""
"47323004","VILLENEUVE-SUR-LOT",44.3975,0.764,59,2015121620,0.,1,"","",0.,1,0,1,1.,1,120,1,1943,9,1.4,1,140,1,1941,9,"","","","","","","","","","","","","","","","",9.9,1,8.7,9,9.9,1,1924,9,10.6,1,1903,9,0,9,"","","","","","","","",8.,9,"","","","","","",92,1,89,9,1909,9,95,9,1934,9,0,9,60,9,11.2,9,"","","","","","","","","","","","","","","","","","","","","","","","","","","","","","","","","","","","","","","","","","","","","","","","","","","","","","","","","","","","","","","","","","","","","","","","","","","","","","","","","","","","","","","","","","","","","","","","","","","","","","","","","","","","","","","","","","","",""
"47323004","VILLENEUVE-SUR-LOT",44.3975,0.764,59,2015121621,0.,1,"","",1.9,1,80,1,2.,1,90,1,2045,9,2.9,1,90,1,2052,9,"","","","","","","","","","","","","","","","",9.2,1,8.3,9,9.2,1,2058,9,9.8,1,2001,9,0,9,"","","","","","","","",7.2,9,"","","","","","",94,1,92,9,2001,9,95,9,2024,9,0,9,60,9,10.9,9,"","","","","","","","","","","","","","","","","","","","","","","","","","","","","","","","","","","","","","","","","","","","","","","","","","","","","","","","","","","","","","","","","","","","","","","","","","","","","","","","","","","","","","","","","","","","","","","","","","","","","","","","","","","","","","","","","","","",""
"47323004","VILLENEUVE-SUR-LOT",44.3975,0.764,59,2015121622,0.,1,"","",2.6,1,90,1,2.6,1,90,1,2158,9,3.7,1,90,1,2157,9,"","","","","","","","","","","","","","","","",9.9,1,8.9,9,9.2,1,2101,9,9.9,1,2200,9,0,9,"","","","","","","","",6.8,9,"","","","","","",94,1,92,9,2123,9,96,9,2113,9,0,9,60,9,11.4,9,"","","","","","","","","","","","","","","","","","","","","","","","","","","","","","","","","","","","","","","","","","","","","","","","","","","","","","","","","","","","","","","","","","","","","","","","","","","","","","","","","","","","","","","","","","","","","","","","","","","","","","","","","","","","","","","","","","","",""
"47323004","VILLENEUVE-SUR-LOT",44.3975,0.764,59,2015121623,0.,1,"","",1.4,1,120,1,2.6,1,90,1,2201,9,2.4,1,90,1,2201,9,"","","","","","","","","","","","","","","","",9.8,1,8.5,9,9.8,1,2204,9,10.,1,2235,9,0,9,"","","","","","","","",8.1,9,"","","","","","",92,1,90,9,2240,9,94,9,2201,9,0,9,60,9,11.1,9,"","","","","","","","","","","","","","","","","","","","","","","","","","","","","","","","","","","","","","","","","","","","","","","","","","","","","","","","","","","","","","","","","","","","","","","","","","","","","","","","","","","","","","","","","","","","","","","","","","","","","","","","","","","","","","","","","","","",""
"47323004","VILLENEUVE-SUR-LOT",44.3975,0.764,59,2015121700,0.,1,"","",2.4,1,110,1,2.5,1,110,1,2344,9,3.7,1,110,1,2342,9,"","","","","","","","","","","","","","","","",9.4,1,8.4,9,8.7,1,2335,9,9.8,1,2301,9,0,9,"","","","","","","","",5.2,9,"","","","","","",93,1,90,9,2317,9,95,9,2340,9,0,9,60,9,11.,9,"","","","","","","","","","","","","","","","","","","","","","","","","","","","","","","","","","","","","","","","","","","","","","","","","","","","","","","","","","","","","","","","","","","","","","","","","","","","","","","","","","","","","","","","","","","","","","","","","","","","","","","","","","","","","","","","","","","",""
"47323004","VILLENEUVE-SUR-LOT",44.3975,0.764,59,2015121701,0.,1,"","",1.6,1,110,1,3.7,1,100,1,17,9,5.5,1,100,1,24,9,"","","","","","","","","","","","","","","","",9.1,1,7.8,9,9.1,1,56,9,10.,1,15,9,0,9,"","","","","","","","",5.7,9,"","","","","","",92,1,89,9,20,9,94,9,1,9,0,9,60,9,10.6,9,"","","","","","","","","","","","","","","","","","","","","","","","","","","","","","","","","","","","","","","","","","","","","","","","","","","","","","","","","","","","","","","","","","","","","","","","","","","","","","","","","","","","","","","","","","","","","","","","","","","","","","","","","","","","","","","","","","","",""
"47323004","VILLENEUVE-SUR-LOT",44.3975,0.764,59,2015121702,0.,1,"","",1.7,1,80,1,1.9,1,90,1,145,9,2.7,1,110,1,102,9,"","","","","","","","","","","","","","","","",6.5,1,6.1,9,6.3,1,154,9,9.1,1,101,9,0,9,"","","","","","","","",3.6,9,"","","","","","",97,1,90,9,113,9,97,9,150,9,0,9,60,9,9.4,9,"","","","","","","","","","","","","","","","","","","","","","","","","","","","","","","","","","","","","","","","","","","","","","","","","","","","","","","","","","","","","","","","","","","","","","","","","","","","","","","","","","","","","","","","","","","","","","","","","","","","","","","","","","","","","","","","","","","",""
"47323004","VILLENEUVE-SUR-LOT",44.3975,0.764,59,2015121703,0.,1,"","",1.8,1,90,1,2.5,1,100,1,249,9,3.4,1,110,1,244,9,"","","","","","","","","","","","","","","","",6.4,1,5.8,9,6.2,1,205,9,7.,1,245,9,0,9,"","","","","","","","",3.4,9,"","","","","","",96,1,96,9,201,9,98,9,209,9,0,9,60,9,9.2,9,"","","","","","","","","","","","","","","","","","","","","","","","","","","","","","","","","","","","","","","","","","","","","","","","","","","","","","","","","","","","","","","","","","","","","","","","","","","","","","","","","","","","","","","","","","","","","","","","","","","","","","","","","","","","","","","","","","","",""
"47323004","VILLENEUVE-SUR-LOT",44.3975,0.764,59,2015121704,0.,1,"","",1.5,1,100,1,2.1,1,100,1,345,9,2.6,1,100,1,305,9,"","","","","","","","","","","","","","","","",6.3,1,5.9,9,6.2,1,309,9,6.6,1,336,9,0,9,"","","","","","","","",3.7,9,"","","","","","",98,1,95,9,304,9,98,9,310,9,0,9,60,9,9.3,9,"","","","","","","","","","","","","","","","","","","","","","","","","","","","","","","","","","","","","","","","","","","","","","","","","","","","","","","","","","","","","","","","","","","","","","","","","","","","","","","","","","","","","","","","","","","","","","","","","","","","","","","","","","","","","","","","","","","",""
"47323004","VILLENEUVE-SUR-LOT",44.3975,0.764,59,2015121705,0.,1,"","",2.,1,100,1,2.1,1,100,1,427,9,2.8,1,110,1,424,9,"","","","","","","","","","","","","","","","",7.2,1,6.5,9,6.3,1,402,9,7.3,1,444,9,0,9,"","","","","","","","",4.,9,"","","","","","",96,1,95,9,449,9,99,9,413,9,0,9,60,9,9.7,9,"","","","","","","","","","","","","","","","","","","","","","","","","","","","","","","","","","","","","","","","","","","","","","","","","","","","","","","","","","","","","","","","","","","","","","","","","","","","","","","","","","","","","","","","","","","","","","","","","","","","","","","","","","","","","","","","","","","",""
"47323004","VILLENEUVE-SUR-LOT",44.3975,0.764,59,2015121706,0.,1,"","",2.6,1,90,1,2.6,1,90,1,600,9,2.9,1,80,1,552,9,"","","","","","","","","","","","","","","","",6.7,1,5.9,9,6.7,1,559,9,7.3,1,543,9,0,9,"","","","","","","","",4.1,9,"","","","","","",95,1,93,9,551,9,96,9,504,9,0,9,60,9,9.3,9,"","","","","","","","","","","","","","","","","","","","","","","","","","","","","","","","","","","","","","","","","","","","","","","","","","","","","","","","","","","","","","","","","","","","","","","","","","","","","","","","","","","","","","","","","","","","","","","","","","","","","","","","","","","","","","","","","","","",""
"47323004","VILLENEUVE-SUR-LOT",44.3975,0.764,59,2015121707,0.,1,"","",1.8,1,110,1,2.8,1,90,1,622,9,3.2,1,90,1,619,9,"","","","","","","","","","","","","","","","",6.8,1,6.1,9,6.1,9,633,9,6.8,9,603,9,0,9,"","","","","","","","",3.6,9,"","","","","","",95,9,93,9,607,9,97,9,625,9,0,9,60,9,9.4,9,"","","","","","","","","","","","","","","","","","","","","","","","","","","","","","","","","","","","","","","","","","","","","","","","","","","","","","","","","","","","","","","","","","","","","","","","","","","","","","","","","","","","","","","","","","","","","","","","","","","","","","","","","","","","","","","","","","","",""
"47323004","VILLENEUVE-SUR-LOT",44.3975,0.764,59,2015121708,0.,1,"","",1.8,1,110,1,2.5,1,80,1,749,9,3.,1,90,1,747,9,"","","","","","","","","","","","","","","","",6.,1,5.6,9,5.1,1,736,9,6.7,1,701,9,0,9,"","","","","","","","",2.2,9,"","","","","","",97,1,92,9,710,9,98,9,742,9,0,9,60,9,9.1,9,"","","","","","","","","","","","","","","","","","","","","","","","","","","","","","","","","","","","","","","","","","","","","","","","","","","","","","","","","","","","","","","","","","","","","","","","","","","","","","","","","","","","","","","","","","","","","","","","","","","","","","","","","","","","","","","","","","","",""
"47323004","VILLENEUVE-SUR-LOT",44.3975,0.764,59,2015121709,0.2,1,"","",3.7,1,70,1,3.7,1,70,1,859,9,4.6,1,80,1,857,9,"","","","","","","","","","","","","","","","",9.8,1,7.7,9,5.9,1,806,9,9.8,1,900,9,0,9,"","","","","","","","",3.8,9,"","","","","","",87,1,87,9,854,9,98,9,809,9,0,9,60,9,10.5,9,"","","","","","","","","","","","","","","","","","","","","","","","","","","","","","","","","","","","","","","","","","","","","","","","","","","","","","","","","","","","","","","","","","","","","","","","","","","","","","","","","","","","","","","","","","","","","","","","","","","","","","","","","","","","","","","","","","","",""
"47323004","VILLENEUVE-SUR-LOT",44.3975,0.764,59,2015121710,0.,1,"","",2.9,1,80,1,3.9,1,60,1,908,9,5.,1,60,1,906,9,"","","","","","","","","","","","","","","","",13.7,1,9.7,9,9.8,1,901,9,13.7,1,1000,9,0,9,"","","","","","","","",12.4,9,"","","","","","",77,1,75,9,955,9,87,9,902,9,0,9,36,9,12.,9,"","","","","","","","","","","","","","","","","","","","","","","","","","","","","","","","","","","","","","","","","","","","","","","","","","","","","","","","","","","","","","","","","","","","","","","","","","","","","","","","","","","","","","","","","","","","","","","","","","","","","","","","","","","","","","","","","","","",""
"47323004","VILLENEUVE-SUR-LOT",44.3975,0.764,59,2015121711,0.,1,"","",3.8,1,110,1,4.5,1,100,1,1017,9,8.5,1,110,1,1010,9,"","","","","","","","","","","","","","","","",16.,1,9.4,9,13.8,1,1001,9,16.,1,1059,9,0,9,"","","","","","","","",17.,9,"","","","","","",65,1,64,9,1059,9,75,9,1001,9,0,9,0,9,11.8,9,"","","","","","","","","","","","","","","","","","","","","","","","","","","","","","","","","","","","","","","","","","","","","","","","","","","","","","","","","","","","","","","","","","","","","","","","","","","","","","","","","","","","","","","","","","","","","","","","","","","","","","","","","","","","","","","","","","","",""
"47323004","VILLENEUVE-SUR-LOT",44.3975,0.764,59,2015121712,0.,1,"","",2.7,1,120,1,4.6,1,110,1,1108,9,8.4,1,110,1,1102,9,"","","","","","","","","","","","","","","","",17.6,1,9.7,9,15.9,1,1101,9,17.6,1,1159,9,0,9,"","","","","","","","",18.5,9,"","","","","","",60,1,59,9,1139,9,67,9,1109,9,0,9,0,9,12.,9,"","","","","","","","","","","","","","","","","","","","","","","","","","","","","","","","","","","","","","","","","","","","","","","","","","","","","","","","","","","","","","","","","","","","","","","","","","","","","","","","","","","","","","","","","","","","","","","","","","","","","","","","","","","","","","","","","","","",""
"47323004","VILLENEUVE-SUR-LOT",44.3975,0.764,59,2015121713,0.,1,"","",2.5,1,120,1,2.9,1,150,1,1238,9,6.1,1,170,1,1236,9,"","","","","","","","","","","","","","","","",17.3,1,10.2,9,17.3,1,1255,9,18.3,1,1215,9,0,9,"","","","","","","","",17.3,9,"","","","","","",63,1,57,9,1212,9,64,9,1248,9,0,9,0,9,12.4,9,"","","","","","","","","","","","","","","","","","","","","","","","","","","","","","","","","","","","","","","","","","","","","","","","","","","","","","","","","","","","","","","","","","","","","","","","","","","","","","","","","","","","","","","","","","","","","","","","","","","","","","","","","","","","","","","","","","","",""
"47323004","VILLENEUVE-SUR-LOT",44.3975,0.764,59,2015121714,0.,1,"","",1.5,1,90,1,2.9,1,110,1,1342,9,5.6,1,130,1,1341,9,"","","","","","","","","","","","","","","","",16.8,1,10.6,9,16.7,1,1346,9,17.3,1,1301,9,0,9,"","","","","","","","",16.1,9,"","","","","","",67,1,62,9,1301,9,68,9,1328,9,0,9,0,9,12.8,9,"","","","","","","","","","","","","","","","","","","","","","","","","","","","","","","","","","","","","","","","","","","","","","","","","","","","","","","","","","","","","","","","","","","","","","","","","","","","","","","","","","","","","","","","","","","","","","","","","","","","","","","","","","","","","","","","","","","",""
"47323004","VILLENEUVE-SUR-LOT",44.3975,0.764,59,2015121715,0.,1,"","",2.3,1,80,1,2.7,1,80,1,1443,9,4.3,1,90,1,1406,9,"","","","","","","","","","","","","","","","",16.2,1,10.8,9,16.2,1,1459,9,16.8,1,1402,9,0,9,"","","","","","","","",14.8,9,"","","","","","",70,1,65,9,1402,9,70,9,1453,9,0,9,0,9,12.9,9,"","","","","","","","","","","","","","","","","","","","","","","","","","","","","","","","","","","","","","","","","","","","","","","","","","","","","","","","","","","","","","","","","","","","","","","","","","","","","","","","","","","","","","","","","","","","","","","","","","","","","","","","","","","","","","","","","","","",""
"47323004","VILLENEUVE-SUR-LOT",44.3975,0.764,59,2015121716,0.,1,"","",1.7,1,100,1,2.4,1,60,1,1504,9,4.3,1,40,1,1505,9,"","","","","","","","","","","","","","","","",15.3,1,10.5,9,15.3,1,1600,9,16.3,1,1502,9,0,9,"","","","","","","","",11.9,9,"","","","","","",73,1,69,9,1501,9,73,9,1523,9,0,9,0,9,12.7,9,"","","","","","","","","","","","","","","","","","","","","","","","","","","","","","","","","","","","","","","","","","","","","","","","","","","","","","","","","","","","","","","","","","","","","","","","","","","","","","","","","","","","","","","","","","","","","","","","","","","","","","","","","","","","","","","","","","","",""
"47323004","VILLENEUVE-SUR-LOT",44.3975,0.764,59,2015121717,0.,1,"","",0.7,1,50,1,2.1,1,70,1,1614,9,3.8,1,70,1,1607,9,"","","","","","","","","","","","","","","","",14.2,1,10.,9,14.2,1,1657,9,15.3,1,1601,9,0,9,"","","","","","","","",10.8,9,"","","","","","",76,1,72,9,1605,9,78,9,1646,9,0,9,0,9,12.3,9,"","","","","","","","","","","","","","","","","","","","","","","","","","","","","","","","","","","","","","","","","","","","","","","","","","","","","","","","","","","","","","","","","","","","","","","","","","","","","","","","","","","","","","","","","","","","","","","","","","","","","","","","","","","","","","","","","","","",""
"47323004","VILLENEUVE-SUR-LOT",44.3975,0.764,59,2015121718,0.,1,"","",2.2,1,90,1,4.1,1,120,1,1744,9,6.4,1,120,1,1736,9,"","","","","","","","","","","","","","","","",14.6,1,10.4,9,13.7,1,1707,9,14.8,1,1730,9,0,9,"","","","","","","","",10.5,9,"","","","","","",76,1,74,9,1737,9,81,9,1712,9,0,9,9,9,12.6,9,"","","","","","","","","","","","","","","","","","","","","","","","","","","","","","","","","","","","","","","","","","","","","","","","","","","","","","","","","","","","","","","","","","","","","","","","","","","","","","","","","","","","","","","","","","","","","","","","","","","","","","","","","","","","","","","","","","","",""
"47323004","VILLENEUVE-SUR-LOT",44.3975,0.764,59,2015121719,0.,1,"","",2.6,1,40,1,3.1,1,40,1,1821,9,5.1,1,40,1,1848,9,"","","","","","","","","","","","","","","","",13.3,1,9.9,9,13.3,9,1858,9,14.6,9,1801,9,0,9,"","","","","","","","",11.1,9,"","","","","","",80,9,75,9,1802,9,80,9,1841,9,0,9,13,9,12.2,9,"","","","","","","","","","","","","","","","","","","","","","","","","","","","","","","","","","","","","","","","","","","","","","","","","","","","","","","","","","","","","","","","","","","","","","","","","","","","","","","","","","","","","","","","","","","","","","","","","","","","","","","","","","","","","","","","","","","",""
"47323004","VILLENEUVE-SUR-LOT",44.3975,0.764,59,2015121720,0.,1,"","",3.2,1,30,1,3.2,1,30,1,2000,9,5.1,1,30,1,1956,9,"","","","","","","","","","","","","","","","",12.8,1,9.7,9,12.7,1,1938,9,13.3,1,1901,9,0,9,"","","","","","","","",10.6,9,"","","","","","",81,1,79,9,1903,9,83,9,1935,9,0,9,59,9,12.,9,"","","","","","","","","","","","","","","","","","","","","","","","","","","","","","","","","","","","","","","","","","","","","","","","","","","","","","","","","","","","","","","","","","","","","","","","","","","","","","","","","","","","","","","","","","","","","","","","","","","","","","","","","","","","","","","","","","","",""
"47323004","VILLENEUVE-SUR-LOT",44.3975,0.764,59,2015121721,0.,1,"","",2.3,1,20,1,3.2,1,30,1,2001,9,4.9,1,100,1,2041,9,"","","","","","","","","","","","","","","","",12.5,1,9.6,9,12.4,1,2025,9,12.9,1,2001,9,0,9,"","","","","","","","",10.1,9,"","","","","","",82,1,80,9,2007,9,84,9,2032,9,0,9,60,9,11.9,9,"","","","","","","","","","","","","","","","","","","","","","","","","","","","","","","","","","","","","","","","","","","","","","","","","","","","","","","","","","","","","","","","","","","","","","","","","","","","","","","","","","","","","","","","","","","","","","","","","","","","","","","","","","","","","","","","","","","",""
"47323004","VILLENEUVE-SUR-LOT",44.3975,0.764,59,2015121722,0.,1,"","",2.8,1,40,1,3.,1,40,1,2116,9,5.2,1,60,1,2118,9,"","","","","","","","","","","","","","","","",12.2,1,9.8,9,12.,1,2131,9,12.5,1,2101,9,0,9,"","","","","","","","",9.7,9,"","","","","","",85,1,82,9,2101,9,87,9,2134,9,0,9,60,9,12.1,9,"","","","","","","","","","","","","","","","","","","","","","","","","","","","","","","","","","","","","","","","","","","","","","","","","","","","","","","","","","","","","","","","","","","","","","","","","","","","","","","","","","","","","","","","","","","","","","","","","","","","","","","","","","","","","","","","","","","",""
"47323004","VILLENEUVE-SUR-LOT",44.3975,0.764,59,2015121723,0.,1,"","",3.4,1,70,1,3.5,1,40,1,2215,9,6.6,1,70,1,2245,9,"","","","","","","","","","","","","","","","",12.1,1,9.7,9,12.,1,2219,9,12.3,1,2202,9,0,9,"","","","","","","","",10.2,9,"","","","","","",85,1,84,9,2205,9,86,9,2208,9,0,9,60,9,12.,9,"","","","","","","","","","","","","","","","","","","","","","","","","","","","","","","","","","","","","","","","","","","","","","","","","","","","","","","","","","","","","","","","","","","","","","","","","","","","","","","","","","","","","","","","","","","","","","","","","","","","","","","","","","","","","","","","","","","",""
"47323004","VILLENEUVE-SUR-LOT",44.3975,0.764,59,2015121800,0.,1,"","",2.7,1,50,1,3.5,1,60,1,2306,9,5.6,1,70,1,2306,9,"","","","","","","","","","","","","","","","",11.7,1,9.8,9,11.7,1,2355,9,12.1,1,2308,9,0,9,"","","","","","","","",10.,9,"","","","","","",88,1,85,9,2302,9,88,9,2353,9,0,9,60,9,12.1,9,"","","","","","","","","","","","","","","","","","","","","","","","","","","","","","","","","","","","","","","","","","","","","","","","","","","","","","","","","","","","","","","","","","","","","","","","","","","","","","","","","","","","","","","","","","","","","","","","","","","","","","","","","","","","","","","","","","","",""
"47323004","VILLENEUVE-SUR-LOT",44.3975,0.764,59,2015121801,0.,1,"","",2.7,1,50,1,2.9,1,60,1,52,9,5.,1,70,1,4,9,"","","","","","","","","","","","","","","","",11.7,1,9.6,9,11.5,1,9,9,11.8,1,36,9,0,9,"","","","","","","","",9.4,9,"","","","","","",87,1,86,9,46,9,89,9,5,9,0,9,60,9,11.9,9,"","","","","","","","","","","","","","","","","","","","","","","","","","","","","","","","","","","","","","","","","","","","","","","","","","","","","","","","","","","","","","","","","","","","","","","","","","","","","","","","","","","","","","","","","","","","","","","","","","","","","","","","","","","","","","","","","","","",""
"47323004","VILLENEUVE-SUR-LOT",44.3975,0.764,59,2015121802,0.,1,"","",2.8,1,70,1,3.3,1,60,1,118,9,6.8,1,70,1,101,9,"","","","","","","","","","","","","","","","",12.,1,9.4,9,11.6,1,101,9,12.,1,148,9,0,9,"","","","","","","","",9.9,9,"","","","","","",84,1,83,9,159,9,88,9,108,9,0,9,60,9,11.8,9,"","","","","","","","","","","","","","","","","","","","","","","","","","","","","","","","","","","","","","","","","","","","","","","","","","","","","","","","","","","","","","","","","","","","","","","","","","","","","","","","","","","","","","","","","","","","","","","","","","","","","","","","","","","","","","","","","","","",""
"47323004","VILLENEUVE-SUR-LOT",44.3975,0.764,59,2015121803,0.,1,"","",3.6,1,100,1,4.,1,100,1,233,9,6.2,1,90,1,228,9,"","","","","","","","","","","","","","","","",11.4,1,8.9,9,11.4,1,258,9,12.,1,203,9,0,9,"","","","","","","","",9.5,9,"","","","","","",85,1,82,9,227,9,86,9,242,9,0,9,60,9,11.4,9,"","","","","","","","","","","","","","","","","","","","","","","","","","","","","","","","","","","","","","","","","","","","","","","","","","","","","","","","","","","","","","","","","","","","","","","","","","","","","","","","","","","","","","","","","","","","","","","","","","","","","","","","","","","","","","","","","","","",""
"47323004","VILLENEUVE-SUR-LOT",44.3975,0.764,59,2015121804,0.,1,"","",3.5,1,100,1,3.6,1,100,1,352,9,5.6,1,110,1,313,9,"","","","","","","","","","","","","","","","",10.8,1,8.5,9,10.7,1,343,9,11.4,1,301,9,0,9,"","","","","","","","",8.8,9,"","","","","","",86,1,85,9,301,9,88,9,314,9,0,9,60,9,11.1,9,"","","","","","","","","","","","","","","","","","","","","","","","","","","","","","","","","","","","","","","","","","","","","","","","","","","","","","","","","","","","","","","","","","","","","","","","","","","","","","","","","","","","","","","","","","","","","","","","","","","","","","","","","","","","","","","","","","","",""
"47323004","VILLENEUVE-SUR-LOT",44.3975,0.764,59,2015121805,0.,1,"","",4.,1,80,1,4.,1,80,1,433,9,6.2,1,80,1,431,9,"","","","","","","","","","","","","","","","",11.1,1,9.,9,10.7,1,405,9,11.3,1,430,9,0,9,"","","","","","","","",8.8,9,"","","","","","",87,1,85,9,425,9,88,9,411,9,0,9,60,9,11.5,9,"","","","","","","","","","","","","","","","","","","","","","","","","","","","","","","","","","","","","","","","","","","","","","","","","","","","","","","","","","","","","","","","","","","","","","","","","","","","","","","","","","","","","","","","","","","","","","","","","","","","","","","","","","","","","","","","","","","",""
"47323004","VILLENEUVE-SUR-LOT",44.3975,0.764,59,2015121806,0.,1,"","",3.1,1,100,1,4.1,1,80,1,501,9,5.8,1,90,1,501,9,"","","","","","","","","","","","","","","","",10.6,1,8.4,9,10.6,1,549,9,11.3,1,503,9,0,9,"","","","","","","","",8.4,9,"","","","","","",86,1,85,9,504,9,88,9,513,9,0,9,60,9,11.,9,"","","","","","","","","","","","","","","","","","","","","","","","","","","","","","","","","","","","","","","","","","","","","","","","","","","","","","","","","","","","","","","","","","","","","","","","","","","","","","","","","","","","","","","","","","","","","","","","","","","","","","","","","","","","","","","","","","","",""
"47323004","VILLENEUVE-SUR-LOT",44.3975,0.764,59,2015121807,0.,1,"","",3.8,1,100,1,3.9,1,90,1,632,9,6.4,1,90,1,628,9,"","","","","","","","","","","","","","","","",10.6,1,8.7,9,10.5,9,611,9,10.8,9,626,9,0,9,"","","","","","","","",8.4,9,"","","","","","",88,9,85,9,630,9,89,9,623,9,0,9,60,9,11.2,9,"","","","","","","","","","","","","","","","","","","","","","","","","","","","","","","","","","","","","","","","","","","","","","","","","","","","","","","","","","","","","","","","","","","","","","","","","","","","","","","","","","","","","","","","","","","","","","","","","","","","","","","","","","","","","","","","","","","",""
"47323004","VILLENEUVE-SUR-LOT",44.3975,0.764,59,2015121808,0.,1,"","",3.3,1,110,1,4.1,1,90,1,729,9,7.,1,100,1,706,9,"","","","","","","","","","","","","","","","",10.7,1,8.9,9,10.5,1,716,9,10.7,1,702,9,0,9,"","","","","","","","",8.8,9,"","","","","","",89,1,87,9,702,9,90,9,757,9,0,9,60,9,11.4,9,"","","","","","","","","","","","","","","","","","","","","","","","","","","","","","","","","","","","","","","","","","","","","","","","","","","","","","","","","","","","","","","","","","","","","","","","","","","","","","","","","","","","","","","","","","","","","","","","","","","","","","","","","","","","","","","","","","","",""
"47323004","VILLENEUVE-SUR-LOT",44.3975,0.764,59,2015121809,0.,1,"","",4.3,1,110,1,4.4,1,100,1,846,9,7.8,1,100,1,900,9,"","","","","","","","","","","","","","","","",11.8,1,9.2,9,10.7,1,801,9,11.8,1,859,9,0,9,"","","","","","","","",9.5,9,"","","","","","",84,1,84,9,855,9,89,9,801,9,0,9,60,9,11.6,9,"","","","","","","","","","","","","","","","","","","","","","","","","","","","","","","","","","","","","","","","","","","","","","","","","","","","","","","","","","","","","","","","","","","","","","","","","","","","","","","","","","","","","","","","","","","","","","","","","","","","","","","","","","","","","","","","","","","",""
"47323004","VILLENEUVE-SUR-LOT",44.3975,0.764,59,2015121810,0.,1,"","",3.3,1,100,1,4.7,1,110,1,908,9,8.7,1,120,1,908,9,"","","","","","","","","","","","","","","","",13.1,1,9.6,9,11.9,1,901,9,13.2,1,948,9,0,9,"","","","","","","","",13.1,9,"","","","","","",79,1,78,9,949,9,84,9,901,9,0,9,49,9,11.9,9,"","","","","","","","","","","","","","","","","","","","","","","","","","","","","","","","","","","","","","","","","","","","","","","","","","","","","","","","","","","","","","","","","","","","","","","","","","","","","","","","","","","","","","","","","","","","","","","","","","","","","","","","","","","","","","","","","","","",""
"47323004","VILLENEUVE-SUR-LOT",44.3975,0.764,59,2015121811,0.,1,"","",2.3,1,120,1,3.5,1,100,1,1003,9,6.3,1,90,1,1009,9,"","","","","","","","","","","","","","","","",13.9,1,9.3,9,13.1,1,1001,9,13.9,1,1100,9,0,9,"","","","","","","","",15.3,9,"","","","","","",74,1,74,9,1100,9,80,9,1001,9,0,9,9,9,11.7,9,"","","","","","","","","","","","","","","","","","","","","","","","","","","","","","","","","","","","","","","","","","","","","","","","","","","","","","","","","","","","","","","","","","","","","","","","","","","","","","","","","","","","","","","","","","","","","","","","","","","","","","","","","","","","","","","","","","","",""
"47323004","VILLENEUVE-SUR-LOT",44.3975,0.764,59,2015121812,0.,1,"","",2.1,1,120,1,2.6,1,130,1,1105,9,4.8,1,120,1,1104,9,"","","","","","","","","","","","","","","","",15.8,1,9.4,9,13.9,1,1101,9,15.9,1,1157,9,0,9,"","","","","","","","",17.4,9,"","","","","","",66,1,66,9,1148,9,77,9,1102,9,0,9,0,9,11.8,9,"","","","","","","","","","","","","","","","","","","","","","","","","","","","","","","","","","","","","","","","","","","","","","","","","","","","","","","","","","","","","","","","","","","","","","","","","","","","","","","","","","","","","","","","","","","","","","","","","","","","","","","","","","","","","","","","","","","",""
"47323004","VILLENEUVE-SUR-LOT",44.3975,0.764,59,2015121813,0.,1,"","",1.8,1,120,1,2.8,1,130,1,1212,9,4.2,1,120,1,1204,9,"","","","","","","","","","","","","","","","",16.4,1,10.3,9,15.7,1,1202,9,16.4,1,1238,9,0,9,"","","","","","","","",19.3,9,"","","","","","",67,1,65,9,1217,9,70,9,1254,9,0,9,0,9,12.5,9,"","","","","","","","","","","","","","","","","","","","","","","","","","","","","","","","","","","","","","","","","","","","","","","","","","","","","","","","","","","","","","","","","","","","","","","","","","","","","","","","","","","","","","","","","","","","","","","","","","","","","","","","","","","","","","","","","","","",""
"47323004","VILLENEUVE-SUR-LOT",44.3975,0.764,59,2015121814,0.,1,"","",0.8,1,150,1,2.,1,100,1,1312,9,3.4,1,160,1,1323,9,"","","","","","","","","","","","","","","","",17.6,1,10.5,9,16.3,1,1310,9,17.6,1,1354,9,0,9,"","","","","","","","",18.4,9,"","","","","","",63,1,60,9,1350,9,70,9,1304,9,0,9,0,9,12.7,9,"","","","","","","","","","","","","","","","","","","","","","","","","","","","","","","","","","","","","","","","","","","","","","","","","","","","","","","","","","","","","","","","","","","","","","","","","","","","","","","","","","","","","","","","","","","","","","","","","","","","","","","","","","","","","","","","","","","",""
"47323004","VILLENEUVE-SUR-LOT",44.3975,0.764,59,2015121815,0.,1,"","",1.2,1,140,1,1.9,1,160,1,1451,9,3.4,1,160,1,1444,9,"","","","","","","","","","","","","","","","",16.9,1,10.3,9,16.9,1,1500,9,17.7,1,1422,9,0,9,"","","","","","","","",15.7,9,"","","","","","",65,1,59,9,1423,9,65,9,1405,9,0,9,0,9,12.5,9,"","","","","","","","","","","","","","","","","","","","","","","","","","","","","","","","","","","","","","","","","","","","","","","","","","","","","","","","","","","","","","","","","","","","","","","","","","","","","","","","","","","","","","","","","","","","","","","","","","","","","","","","","","","","","","","","","","","",""
"47323004","VILLENEUVE-SUR-LOT",44.3975,0.764,59,2015121816,0.,1,"","",0.5,1,140,1,1.5,1,130,1,1518,9,2.4,1,110,1,1510,9,"","","","","","","","","","","","","","","","",14.3,1,9.9,9,14.3,1,1558,9,16.8,1,1501,9,0,9,"","","","","","","","",9.5,9,"","","","","","",75,1,65,9,1501,9,76,9,1559,9,0,9,0,9,12.2,9,"","","","","","","","","","","","","","","","","","","","","","","","","","","","","","","","","","","","","","","","","","","","","","","","","","","","","","","","","","","","","","","","","","","","","","","","","","","","","","","","","","","","","","","","","","","","","","","","","","","","","","","","","","","","","","","","","","","",""
"47323004","VILLENEUVE-SUR-LOT",44.3975,0.764,59,2015121817,0.,1,"","",0.,1,0,1,1.3,1,80,1,1626,9,2.4,1,70,1,1624,9,"","","","","","","","","","","","","","","","",12.1,1,8.9,9,12.1,1,1659,9,14.3,1,1601,9,0,9,"","","","","","","","",6.6,9,"","","","","","",81,1,74,9,1617,9,81,9,1650,9,0,9,12,9,11.4,9,"","","","","","","","","","","","","","","","","","","","","","","","","","","","","","","","","","","","","","","","","","","","","","","","","","","","","","","","","","","","","","","","","","","","","","","","","","","","","","","","","","","","","","","","","","","","","","","","","","","","","","","","","","","","","","","","","","","",""
"47323004","VILLENEUVE-SUR-LOT",44.3975,0.764,59,2015121818,0.,1,"","",0.,1,0,1,0.9,1,80,1,1725,9,1.3,1,80,1,1718,9,"","","","","","","","","","","","","","","","",10.1,1,8.7,9,10.1,1,1757,9,12.,1,1701,9,0,9,"","","","","","","","",6.,9,"","","","","","",91,1,82,9,1701,9,91,9,1741,9,0,9,60,9,11.2,9,"","","","","","","","","","","","","","","","","","","","","","","","","","","","","","","","","","","","","","","","","","","","","","","","","","","","","","","","","","","","","","","","","","","","","","","","","","","","","","","","","","","","","","","","","","","","","","","","","","","","","","","","","","","","","","","","","","","",""
"47323004","VILLENEUVE-SUR-LOT",44.3975,0.764,59,2015121819,0.,1,"","",0.,1,0,1,1.3,1,70,1,1819,9,2.,1,60,1,1818,9,"","","","","","","","","","","","","","","","",10.4,1,8.8,9,10.,9,1801,9,10.8,9,1817,9,0,9,"","","","","","","","",6.2,9,"","","","","","",90,9,86,9,1823,9,92,9,1807,9,0,9,60,9,11.3,9,"","","","","","","","","","","","","","","","","","","","","","","","","","","","","","","","","","","","","","","","","","","","","","","","","","","","","","","","","","","","","","","","","","","","","","","","","","","","","","","","","","","","","","","","","","","","","","","","","","","","","","","","","","","","","","","","","","","",""
"47323004","VILLENEUVE-SUR-LOT",44.3975,0.764,59,2015121820,0.,1,"","",1.7,1,100,1,1.9,1,80,1,1944,9,2.4,1,70,1,1942,9,"","","","","","","","","","","","","","","","",9.3,1,8.3,9,9.3,1,1951,9,10.5,1,1905,9,0,9,"","","","","","","","",5.5,9,"","","","","","",93,1,87,9,1914,9,93,9,1956,9,0,9,60,9,10.9,9,"","","","","","","","","","","","","","","","","","","","","","","","","","","","","","","","","","","","","","","","","","","","","","","","","","","","","","","","","","","","","","","","","","","","","","","","","","","","","","","","","","","","","","","","","","","","","","","","","","","","","","","","","","","","","","","","","","","",""
"47323004","VILLENEUVE-SUR-LOT",44.3975,0.764,59,2015121821,0.,1,"","",2.1,1,100,1,2.2,1,90,1,2032,9,2.9,1,90,1,2027,9,"","","","","","","","","","","","","","","","",8.3,1,7.4,9,8.2,1,2028,9,9.4,1,2006,9,0,9,"","","","","","","","",5.1,9,"","","","","","",94,1,91,9,2009,9,96,9,2034,9,0,9,60,9,10.3,9,"","","","","","","","","","","","","","","","","","","","","","","","","","","","","","","","","","","","","","","","","","","","","","","","","","","","","","","","","","","","","","","","","","","","","","","","","","","","","","","","","","","","","","","","","","","","","","","","","","","","","","","","","","","","","","","","","","","",""
"47323004","VILLENEUVE-SUR-LOT",44.3975,0.764,59,2015121822,0.,1,"","",1.2,1,60,1,2.2,1,100,1,2101,9,2.9,1,130,1,2127,9,"","","","","","","","","","","","","","","","",8.,1,7.1,9,7.7,1,2118,9,8.2,1,2101,9,0,9,"","","","","","","","",4.6,9,"","","","","","",94,1,93,9,2101,9,96,9,2124,9,0,9,60,9,10.1,9,"","","","","","","","","","","","","","","","","","","","","","","","","","","","","","","","","","","","","","","","","","","","","","","","","","","","","","","","","","","","","","","","","","","","","","","","","","","","","","","","","","","","","","","","","","","","","","","","","","","","","","","","","","","","","","","","","","","",""
"47323004","VILLENEUVE-SUR-LOT",44.3975,0.764,59,2015121823,0.,1,"","",0.8,1,70,1,2.7,1,100,1,2241,9,3.3,1,90,1,2234,9,"","","","","","","","","","","","","","","","",7.,1,6.2,9,7.,1,2256,9,8.1,1,2201,9,0,9,"","","","","","","","",4.2,9,"","","","","","",95,1,94,9,2201,9,97,9,2233,9,0,9,60,9,9.5,9,"","","","","","","","","","","","","","","","","","","","","","","","","","","","","","","","","","","","","","","","","","","","","","","","","","","","","","","","","","","","","","","","","","","","","","","","","","","","","","","","","","","","","","","","","","","","","","","","","","","","","","","","","","","","","","","","","","","",""
"47323004","VILLENEUVE-SUR-LOT",44.3975,0.764,59,2015121900,0.,1,"","",3.,1,100,1,3.4,1,100,1,2341,9,4.2,1,110,1,2337,9,"","","","","","","","","","","","","","","","",7.,1,6.4,9,6.7,1,2329,9,7.3,1,2340,9,0,9,"","","","","","","","",3.4,9,"","","","","","",96,1,95,9,2302,9,97,9,2321,9,0,9,60,9,9.6,9,"","","","","","","","","","","","","","","","","","","","","","","","","","","","","","","","","","","","","","","","","","","","","","","","","","","","","","","","","","","","","","","","","","","","","","","","","","","","","","","","","","","","","","","","","","","","","","","","","","","","","","","","","","","","","","","","","","","",""
"47323004","VILLENEUVE-SUR-LOT",44.3975,0.764,59,2015121901,0.,1,"","",2.2,1,100,1,3.,1,100,1,1,9,3.5,1,100,1,11,9,"","","","","","","","","","","","","","","","",6.7,1,5.8,9,6.7,1,11,9,7.1,1,32,9,0,9,"","","","","","","","",4.7,9,"","","","","","",94,1,94,9,100,9,97,9,5,9,0,9,60,9,9.2,9,"","","","","","","","","","","","","","","","","","","","","","","","","","","","","","","","","","","","","","","","","","","","","","","","","","","","","","","","","","","","","","","","","","","","","","","","","","","","","","","","","","","","","","","","","","","","","","","","","","","","","","","","","","","","","","","","","","","",""
"47323004","VILLENEUVE-SUR-LOT",44.3975,0.764,59,2015121902,0.,1,"","",2.,1,100,1,2.6,1,110,1,138,9,3.8,1,100,1,140,9,"","","","","","","","","","","","","","","","",7.7,1,7.3,9,6.4,1,121,9,7.7,1,200,9,0,9,"","","","","","","","",4.5,9,"","","","","","",97,1,95,9,102,9,98,9,155,9,0,9,60,9,10.2,9,"","","","","","","","","","","","","","","","","","","","","","","","","","","","","","","","","","","","","","","","","","","","","","","","","","","","","","","","","","","","","","","","","","","","","","","","","","","","","","","","","","","","","","","","","","","","","","","","","","","","","","","","","","","","","","","","","","","",""
"47323004","VILLENEUVE-SUR-LOT",44.3975,0.764,59,2015121903,0.,1,"","",2.8,1,110,1,3.6,1,100,1,248,9,5.1,1,100,1,245,9,"","","","","","","","","","","","","","","","",9.8,1,7.7,9,7.7,1,201,9,9.9,1,254,9,0,9,"","","","","","","","",5.2,9,"","","","","","",87,1,87,9,254,9,98,9,206,9,0,9,60,9,10.5,9,"","","","","","","","","","","","","","","","","","","","","","","","","","","","","","","","","","","","","","","","","","","","","","","","","","","","","","","","","","","","","","","","","","","","","","","","","","","","","","","","","","","","","","","","","","","","","","","","","","","","","","","","","","","","","","","","","","","",""
"47323004","VILLENEUVE-SUR-LOT",44.3975,0.764,59,2015121904,0.,1,"","",3.9,1,100,1,3.9,1,100,1,358,9,5.1,1,100,1,357,9,"","","","","","","","","","","","","","","","",8.3,1,6.5,9,8.3,1,358,9,9.8,1,301,9,0,9,"","","","","","","","",5.8,9,"","","","","","",89,1,86,9,349,9,90,9,334,9,0,9,60,9,9.7,9,"","","","","","","","","","","","","","","","","","","","","","","","","","","","","","","","","","","","","","","","","","","","","","","","","","","","","","","","","","","","","","","","","","","","","","","","","","","","","","","","","","","","","","","","","","","","","","","","","","","","","","","","","","","","","","","","","","","",""
"47323004","VILLENEUVE-SUR-LOT",44.3975,0.764,59,2015121905,0.,1,"","",2.1,1,130,1,3.8,1,100,1,401,9,4.4,1,110,1,404,9,"","","","","","","","","","","","","","","","",8.5,1,7.3,9,7.1,1,432,9,8.5,1,459,9,0,9,"","","","","","","","",4.6,9,"","","","","","",92,1,89,9,402,9,95,9,438,9,0,9,60,9,10.2,9,"","","","","","","","","","","","","","","","","","","","","","","","","","","","","","","","","","","","","","","","","","","","","","","","","","","","","","","","","","","","","","","","","","","","","","","","","","","","","","","","","","","","","","","","","","","","","","","","","","","","","","","","","","","","","","","","","","","",""
"47323004","VILLENEUVE-SUR-LOT",44.3975,0.764,59,2015121906,0.,1,"","",2.7,1,120,1,2.7,1,120,1,600,9,3.9,1,120,1,556,9,"","","","","","","","","","","","","","","","",8.8,1,7.1,9,8.4,1,512,9,8.9,1,534,9,0,9,"","","","","","","","",5.8,9,"","","","","","",89,1,88,9,506,9,92,9,519,9,0,9,60,9,10.1,9,"","","","","","","","","","","","","","","","","","","","","","","","","","","","","","","","","","","","","","","","","","","","","","","","","","","","","","","","","","","","","","","","","","","","","","","","","","","","","","","","","","","","","","","","","","","","","","","","","","","","","","","","","","","","","","","","","","","",""
"47323004","VILLENEUVE-SUR-LOT",44.3975,0.764,59,2015121907,0.,1,"","",3.4,1,60,1,4.1,1,100,1,626,9,6.2,1,70,1,643,9,"","","","","","","","","","","","","","","","",9.9,1,8.7,9,8.8,9,601,9,9.9,9,651,9,0,9,"","","","","","","","",6.8,9,"","","","","","",92,9,89,9,601,9,94,9,653,9,0,9,60,9,11.2,9,"","","","","","","","","","","","","","","","","","","","","","","","","","","","","","","","","","","","","","","","","","","","","","","","","","","","","","","","","","","","","","","","","","","","","","","","","","","","","","","","","","","","","","","","","","","","","","","","","","","","","","","","","","","","","","","","","","","",""
"47323004","VILLENEUVE-SUR-LOT",44.3975,0.764,59,2015121908,0.,1,"","",3.2,1,90,1,3.3,1,60,1,701,9,6.8,1,90,1,743,9,"","","","","","","","","","","","","","","","",10.8,1,8.9,9,9.9,1,701,9,10.8,1,756,9,0,9,"","","","","","","","",8.3,9,"","","","","","",88,1,88,9,752,9,93,9,701,9,0,9,60,9,11.4,9,"","","","","","","","","","","","","","","","","","","","","","","","","","","","","","","","","","","","","","","","","","","","","","","","","","","","","","","","","","","","","","","","","","","","","","","","","","","","","","","","","","","","","","","","","","","","","","","","","","","","","","","","","","","","","","","","","","","",""
"47323004","VILLENEUVE-SUR-LOT",44.3975,0.764,59,2015121909,0.,1,"","",3.6,1,90,1,4.5,1,100,1,829,9,8.,1,100,1,823,9,"","","","","","","","","","","","","","","","",12.1,1,8.9,9,10.9,1,801,9,12.1,1,853,9,0,9,"","","","","","","","",9.6,9,"","","","","","",81,1,81,9,851,9,89,9,802,9,0,9,60,9,11.4,9,"","","","","","","","","","","","","","","","","","","","","","","","","","","","","","","","","","","","","","","","","","","","","","","","","","","","","","","","","","","","","","","","","","","","","","","","","","","","","","","","","","","","","","","","","","","","","","","","","","","","","","","","","","","","","","","","","","","",""
"47323004","VILLENEUVE-SUR-LOT",44.3975,0.764,59,2015121910,0.,1,"","",4.8,1,110,1,4.9,1,110,1,959,9,8.3,1,110,1,953,9,"","","","","","","","","","","","","","","","",13.3,1,9.2,9,12.2,1,901,9,13.3,1,942,9,0,9,"","","","","","","","",14.5,9,"","","","","","",76,1,76,9,937,9,83,9,905,9,0,9,27,9,11.6,9,"","","","","","","","","","","","","","","","","","","","","","","","","","","","","","","","","","","","","","","","","","","","","","","","","","","","","","","","","","","","","","","","","","","","","","","","","","","","","","","","","","","","","","","","","","","","","","","","","","","","","","","","","","","","","","","","","","","",""
"47323004","VILLENEUVE-SUR-LOT",44.3975,0.764,59,2015121911,0.,1,"","",3.3,1,90,1,5.2,1,100,1,1006,9,8.9,1,110,1,1001,9,"","","","","","","","","","","","","","","","",14.5,1,9.7,9,13.3,1,1001,9,14.6,1,1054,9,0,9,"","","","","","","","",16.,9,"","","","","","",73,1,69,9,1041,9,77,9,1002,9,0,9,0,9,12.,9,"","","","","","","","","","","","","","","","","","","","","","","","","","","","","","","","","","","","","","","","","","","","","","","","","","","","","","","","","","","","","","","","","","","","","","","","","","","","","","","","","","","","","","","","","","","","","","","","","","","","","","","","","","","","","","","","","","","",""
"47323004","VILLENEUVE-SUR-LOT",44.3975,0.764,59,2015121912,0.,1,"","",3.2,1,110,1,4.1,1,90,1,1126,9,9.4,1,120,1,1120,9,"","","","","","","","","","","","","","","","",15.9,1,9.6,9,14.6,1,1101,9,15.9,1,1148,9,0,9,"","","","","","","","",18.7,9,"","","","","","",66,1,65,9,1146,9,73,9,1101,9,0,9,0,9,11.9,9,"","","","","","","","","","","","","","","","","","","","","","","","","","","","","","","","","","","","","","","","","","","","","","","","","","","","","","","","","","","","","","","","","","","","","","","","","","","","","","","","","","","","","","","","","","","","","","","","","","","","","","","","","","","","","","","","","","","",""
"47323004","VILLENEUVE-SUR-LOT",44.3975,0.764,59,2015121913,0.,1,"","",4.3,1,100,1,4.3,1,100,1,1300,9,7.1,1,130,1,1230,9,"","","","","","","","","","","","","","","","",16.2,1,10.,9,15.9,1,1201,9,16.3,1,1247,9,0,9,"","","","","","","","",19.2,9,"","","","","","",67,1,64,9,1217,9,69,9,1202,9,0,9,0,9,12.3,9,"","","","","","","","","","","","","","","","","","","","","","","","","","","","","","","","","","","","","","","","","","","","","","","","","","","","","","","","","","","","","","","","","","","","","","","","","","","","","","","","","","","","","","","","","","","","","","","","","","","","","","","","","","","","","","","","","","","",""
"47323004","VILLENEUVE-SUR-LOT",44.3975,0.764,59,2015121914,0.,1,"","",4.3,1,120,1,4.7,1,110,1,1346,9,7.6,1,100,1,1345,9,"","","","","","","","","","","","","","","","",16.9,1,10.,9,16.2,1,1301,9,16.9,1,1354,9,0,9,"","","","","","","","",18.1,9,"","","","","","",64,1,63,9,1320,9,67,9,1304,9,0,9,0,9,12.3,9,"","","","","","","","","","","","","","","","","","","","","","","","","","","","","","","","","","","","","","","","","","","","","","","","","","","","","","","","","","","","","","","","","","","","","","","","","","","","","","","","","","","","","","","","","","","","","","","","","","","","","","","","","","","","","","","","","","","",""
"47323004","VILLENEUVE-SUR-LOT",44.3975,0.764,59,2015121915,0.,1,"","",4.,1,90,1,5.5,1,110,1,1413,9,9.1,1,100,1,1418,9,"","","","","","","","","","","","","","","","",16.3,1,9.7,9,16.3,1,1446,9,16.9,1,1401,9,0,9,"","","","","","","","",15.9,9,"","","","","","",65,1,62,9,1423,9,66,9,1439,9,0,9,0,9,12.,9,"","","","","","","","","","","","","","","","","","","","","","","","","","","","","","","","","","","","","","","","","","","","","","","","","","","","","","","","","","","","","","","","","","","","","","","","","","","","","","","","","","","","","","","","","","","","","","","","","","","","","","","","","","","","","","","","","","","",""
"47323004","VILLENEUVE-SUR-LOT",44.3975,0.764,59,2015121916,0.,1,"","",3.9,1,90,1,4.1,1,90,1,1505,9,6.7,1,90,1,1505,9,"","","","","","","","","","","","","","","","",15.1,1,9.7,9,15.,1,1550,9,16.3,1,1501,9,0,9,"","","","","","","","",13.1,9,"","","","","","",70,1,66,9,1502,9,71,9,1544,9,0,9,0,9,12.,9,"","","","","","","","","","","","","","","","","","","","","","","","","","","","","","","","","","","","","","","","","","","","","","","","","","","","","","","","","","","","","","","","","","","","","","","","","","","","","","","","","","","","","","","","","","","","","","","","","","","","","","","","","","","","","","","","","","","",""
"47323004","VILLENEUVE-SUR-LOT",44.3975,0.764,59,2015121917,0.,1,"","",3.5,1,90,1,3.9,1,90,1,1601,9,7.,1,110,1,1656,9,"","","","","","","","","","","","","","","","",14.2,1,9.2,9,14.2,1,1654,9,15.1,1,1601,9,0,9,"","","","","","","","",11.8,9,"","","","","","",72,1,71,9,1601,9,73,9,1609,9,0,9,0,9,11.6,9,"","","","","","","","","","","","","","","","","","","","","","","","","","","","","","","","","","","","","","","","","","","","","","","","","","","","","","","","","","","","","","","","","","","","","","","","","","","","","","","","","","","","","","","","","","","","","","","","","","","","","","","","","","","","","","","","","","","",""
"47323004","VILLENEUVE-SUR-LOT",44.3975,0.764,59,2015121918,0.,1,"","",4.,1,100,1,4.4,1,100,1,1756,9,8.,1,140,1,1702,9,"","","","","","","","","","","","","","","","",13.5,1,8.9,9,13.5,1,1759,9,14.2,1,1701,9,0,9,"","","","","","","","",11.4,9,"","","","","","",74,1,72,9,1710,9,75,9,1752,9,0,9,0,9,11.4,9,"","","","","","","","","","","","","","","","","","","","","","","","","","","","","","","","","","","","","","","","","","","","","","","","","","","","","","","","","","","","","","","","","","","","","","","","","","","","","","","","","","","","","","","","","","","","","","","","","","","","","","","","","","","","","","","","","","","",""
"47323004","VILLENEUVE-SUR-LOT",44.3975,0.764,59,2015121919,0.,1,"","",2.3,1,80,1,4.7,1,100,1,1826,9,9.4,1,130,1,1825,9,"","","","","","","","","","","","","","","","",13.,1,9.,9,13.,9,1855,9,13.6,9,1808,9,0,9,"","","","","","","","",11.4,9,"","","","","","",77,9,74,9,1801,9,77,9,1845,9,0,9,0,9,11.5,9,"","","","","","","","","","","","","","","","","","","","","","","","","","","","","","","","","","","","","","","","","","","","","","","","","","","","","","","","","","","","","","","","","","","","","","","","","","","","","","","","","","","","","","","","","","","","","","","","","","","","","","","","","","","","","","","","","","","",""
"47323004","VILLENEUVE-SUR-LOT",44.3975,0.764,59,2015121920,0.,1,"","",3.9,1,110,1,4.4,1,100,1,1927,9,9.7,1,120,1,1940,9,"","","","","","","","","","","","","","","","",12.6,1,8.9,9,12.6,1,1951,9,13.,1,1901,9,0,9,"","","","","","","","",11.1,9,"","","","","","",78,1,76,9,1908,9,78,9,1904,9,0,9,0,9,11.4,9,"","","","","","","","","","","","","","","","","","","","","","","","","","","","","","","","","","","","","","","","","","","","","","","","","","","","","","","","","","","","","","","","","","","","","","","","","","","","","","","","","","","","","","","","","","","","","","","","","","","","","","","","","","","","","","","","","","","",""
"47323004","VILLENEUVE-SUR-LOT",44.3975,0.764,59,2015121921,0.,1,"","",3.5,1,100,1,6.2,1,120,1,2020,9,11.5,1,130,1,2005,9,"","","","","","","","","","","","","","","","",12.3,1,8.4,9,12.3,1,2049,9,12.6,1,2001,9,0,9,"","","","","","","","",10.7,9,"","","","","","",77,1,76,9,2017,9,79,9,2012,9,0,9,0,9,11.,9,"","","","","","","","","","","","","","","","","","","","","","","","","","","","","","","","","","","","","","","","","","","","","","","","","","","","","","","","","","","","","","","","","","","","","","","","","","","","","","","","","","","","","","","","","","","","","","","","","","","","","","","","","","","","","","","","","","","",""
"47323004","VILLENEUVE-SUR-LOT",44.3975,0.764,59,2015121922,0.,1,"","",5.1,1,100,1,5.9,1,110,1,2137,9,12.1,1,100,1,2133,9,"","","","","","","","","","","","","","","","",12.1,1,7.8,9,12.1,1,2106,9,12.3,1,2104,9,0,9,"","","","","","","","",10.3,9,"","","","","","",75,1,75,9,2134,9,78,9,2102,9,0,9,0,9,10.6,9,"","","","","","","","","","","","","","","","","","","","","","","","","","","","","","","","","","","","","","","","","","","","","","","","","","","","","","","","","","","","","","","","","","","","","","","","","","","","","","","","","","","","","","","","","","","","","","","","","","","","","","","","","","","","","","","","","","","",""
"47323004","VILLENEUVE-SUR-LOT",44.3975,0.764,59,2015121923,0.,1,"","",4.6,1,100,1,5.5,1,100,1,2233,9,10.6,1,100,1,2231,9,"","","","","","","","","","","","","","","","",12.3,1,7.8,9,12.1,1,2201,9,12.3,1,2221,9,0,9,"","","","","","","","",10.7,9,"","","","","","",74,1,73,9,2234,9,76,9,2202,9,0,9,0,9,10.6,9,"","","","","","","","","","","","","","","","","","","","","","","","","","","","","","","","","","","","","","","","","","","","","","","","","","","","","","","","","","","","","","","","","","","","","","","","","","","","","","","","","","","","","","","","","","","","","","","","","","","","","","","","","","","","","","","","","","","",""
"47323004","VILLENEUVE-SUR-LOT",44.3975,0.764,59,2015122000,0.,1,"","",4.9,1,100,1,5.,1,100,1,2307,9,9.,1,100,1,2301,9,"","","","","","","","","","","","","","","","",12.2,1,7.8,9,12.1,1,2348,9,12.4,1,2308,9,0,9,"","","","","","","","",10.7,9,"","","","","","",75,1,73,9,2345,9,76,9,2319,9,0,9,0,9,10.6,9,"","","","","","","","","","","","","","","","","","","","","","","","","","","","","","","","","","","","","","","","","","","","","","","","","","","","","","","","","","","","","","","","","","","","","","","","","","","","","","","","","","","","","","","","","","","","","","","","","","","","","","","","","","","","","","","","","","","",""
"47323004","VILLENEUVE-SUR-LOT",44.3975,0.764,59,2015122001,0.,1,"","",4.1,1,90,1,4.9,1,100,1,1,9,9.6,1,100,1,58,9,"","","","","","","","","","","","","","","","",12.4,1,7.8,9,12.1,1,1,9,12.4,1,59,9,0,9,"","","","","","","","",10.6,9,"","","","","","",74,1,74,9,13,9,76,9,2,9,0,9,0,9,10.6,9,"","","","","","","","","","","","","","","","","","","","","","","","","","","","","","","","","","","","","","","","","","","","","","","","","","","","","","","","","","","","","","","","","","","","","","","","","","","","","","","","","","","","","","","","","","","","","","","","","","","","","","","","","","","","","","","","","","","",""
"47323004","VILLENEUVE-SUR-LOT",44.3975,0.764,59,2015122002,0.,1,"","",4.6,1,100,1,4.9,1,110,1,125,9,9.3,1,90,1,109,9,"","","","","","","","","","","","","","","","",12.1,1,8.,9,11.9,1,134,9,12.3,1,101,9,0,9,"","","","","","","","",10.2,9,"","","","","","",76,1,74,9,109,9,78,9,146,9,0,9,0,9,10.7,9,"","","","","","","","","","","","","","","","","","","","","","","","","","","","","","","","","","","","","","","","","","","","","","","","","","","","","","","","","","","","","","","","","","","","","","","","","","","","","","","","","","","","","","","","","","","","","","","","","","","","","","","","","","","","","","","","","","","",""
"47323004","VILLENEUVE-SUR-LOT",44.3975,0.764,59,2015122003,0.,1,"","",2.7,1,90,1,4.4,1,100,1,202,9,7.6,1,90,1,251,9,"","","","","","","","","","","","","","","","",11.9,1,8.,9,11.9,1,247,9,12.2,1,241,9,0,9,"","","","","","","","",10.1,9,"","","","","","",77,1,75,9,216,9,78,9,205,9,0,9,0,9,10.7,9,"","","","","","","","","","","","","","","","","","","","","","","","","","","","","","","","","","","","","","","","","","","","","","","","","","","","","","","","","","","","","","","","","","","","","","","","","","","","","","","","","","","","","","","","","","","","","","","","","","","","","","","","","","","","","","","","","","","",""
"47323004","VILLENEUVE-SUR-LOT",44.3975,0.764,59,2015122004,0.,1,"","",1.6,1,130,1,3.,1,100,1,309,9,9.5,1,110,1,307,9,"","","","","","","","","","","","","","","","",11.6,1,8.1,9,11.5,1,355,9,12.,1,304,9,0,9,"","","","","","","","",8.4,9,"","","","","","",79,1,76,9,303,9,79,9,329,9,0,9,0,9,10.8,9,"","","","","","","","","","","","","","","","","","","","","","","","","","","","","","","","","","","","","","","","","","","","","","","","","","","","","","","","","","","","","","","","","","","","","","","","","","","","","","","","","","","","","","","","","","","","","","","","","","","","","","","","","","","","","","","","","","","",""
"47323004","VILLENEUVE-SUR-LOT",44.3975,0.764,59,2015122005,0.,1,"","",2.6,1,90,1,2.6,1,100,1,459,9,5.,1,120,1,417,9,"","","","","","","","","","","","","","","","",11.1,1,8.,9,11.1,1,456,9,11.6,1,401,9,0,9,"","","","","","","","",8.2,9,"","","","","","",81,1,78,9,401,9,81,9,430,9,0,9,43,9,10.7,9,"","","","","","","","","","","","","","","","","","","","","","","","","","","","","","","","","","","","","","","","","","","","","","","","","","","","","","","","","","","","","","","","","","","","","","","","","","","","","","","","","","","","","","","","","","","","","","","","","","","","","","","","","","","","","","","","","","","",""
"47323004","VILLENEUVE-SUR-LOT",44.3975,0.764,59,2015122006,0.,1,"","",2.6,1,70,1,2.8,1,90,1,514,9,6.2,1,110,1,513,9,"","","","","","","","","","","","","","","","",10.7,1,8.1,9,10.7,1,550,9,11.1,1,501,9,0,9,"","","","","","","","",8.8,9,"","","","","","",84,1,81,9,501,9,85,9,547,9,0,9,60,9,10.8,9,"","","","","","","","","","","","","","","","","","","","","","","","","","","","","","","","","","","","","","","","","","","","","","","","","","","","","","","","","","","","","","","","","","","","","","","","","","","","","","","","","","","","","","","","","","","","","","","","","","","","","","","","","","","","","","","","","","","",""
"47323004","VILLENEUVE-SUR-LOT",44.3975,0.764,59,2015122007,0.,1,"","",2.6,1,70,1,3.2,1,80,1,644,9,6.9,1,80,1,643,9,"","","","","","","","","","","","","","","","",11.3,1,8.4,9,10.7,9,601,9,11.4,9,635,9,0,9,"","","","","","","","",9.4,9,"","","","","","",82,9,80,9,635,9,85,9,604,9,0,9,60,9,11.,9,"","","","","","","","","","","","","","","","","","","","","","","","","","","","","","","","","","","","","","","","","","","","","","","","","","","","","","","","","","","","","","","","","","","","","","","","","","","","","","","","","","","","","","","","","","","","","","","","","","","","","","","","","","","","","","","","","","","",""
"47323004","VILLENEUVE-SUR-LOT",44.3975,0.764,59,2015122008,0.,1,"","",2.3,1,80,1,3.1,1,90,1,737,9,6.7,1,90,1,728,9,"","","","","","","","","","","","","","","","",11.7,1,8.9,9,11.,1,710,9,11.8,1,746,9,0,9,"","","","","","","","",8.9,9,"","","","","","",83,1,80,9,747,9,84,9,711,9,0,9,60,9,11.4,9,"","","","","","","","","","","","","","","","","","","","","","","","","","","","","","","","","","","","","","","","","","","","","","","","","","","","","","","","","","","","","","","","","","","","","","","","","","","","","","","","","","","","","","","","","","","","","","","","","","","","","","","","","","","","","","","","","","","",""
"47323004","VILLENEUVE-SUR-LOT",44.3975,0.764,59,2015122009,0.,1,"","",2.7,1,80,1,3.2,1,80,1,845,9,8.1,1,60,1,829,9,"","","","","","","","","","","","","","","","",12.7,1,8.9,9,11.5,1,804,9,12.7,1,859,9,0,9,"","","","","","","","",10.4,9,"","","","","","",78,1,78,9,900,9,83,9,805,9,0,9,53,9,11.4,9,"","","","","","","","","","","","","","","","","","","","","","","","","","","","","","","","","","","","","","","","","","","","","","","","","","","","","","","","","","","","","","","","","","","","","","","","","","","","","","","","","","","","","","","","","","","","","","","","","","","","","","","","","","","","","","","","","","","",""
"47323004","VILLENEUVE-SUR-LOT",44.3975,0.764,59,2015122010,0.,1,"","",4.3,1,100,1,4.6,1,100,1,954,9,9.4,1,100,1,954,9,"","","","","","","","","","","","","","","","",14.1,1,8.7,9,12.7,1,901,9,14.1,1,959,9,0,9,"","","","","","","","",12.8,9,"","","","","","",70,1,70,9,1000,9,79,9,901,9,0,9,0,9,11.2,9,"","","","","","","","","","","","","","","","","","","","","","","","","","","","","","","","","","","","","","","","","","","","","","","","","","","","","","","","","","","","","","","","","","","","","","","","","","","","","","","","","","","","","","","","","","","","","","","","","","","","","","","","","","","","","","","","","","","",""
"47323004","VILLENEUVE-SUR-LOT",44.3975,0.764,59,2015122011,0.,1,"","",3.2,1,110,1,4.1,1,100,1,1001,9,6.7,1,110,1,1007,9,"","","","","","","","","","","","","","","","",16.,1,9.7,9,14.2,1,1001,9,16.,1,1059,9,0,9,"","","","","","","","",17.6,9,"","","","","","",66,1,65,9,1056,9,72,9,1003,9,0,9,0,9,12.,9,"","","","","","","","","","","","","","","","","","","","","","","","","","","","","","","","","","","","","","","","","","","","","","","","","","","","","","","","","","","","","","","","","","","","","","","","","","","","","","","","","","","","","","","","","","","","","","","","","","","","","","","","","","","","","","","","","","","",""
"47323004","VILLENEUVE-SUR-LOT",44.3975,0.764,59,2015122012,0.,1,"","",3.5,1,120,1,4.2,1,110,1,1117,9,8.9,1,100,1,1115,9,"","","","","","","","","","","","","","","","",16.1,1,9.6,9,16.,1,1101,9,16.6,1,1142,9,0,9,"","","","","","","","",17.2,9,"","","","","","",65,1,64,9,1131,9,67,9,1101,9,0,9,0,9,11.9,9,"","","","","","","","","","","","","","","","","","","","","","","","","","","","","","","","","","","","","","","","","","","","","","","","","","","","","","","","","","","","","","","","","","","","","","","","","","","","","","","","","","","","","","","","","","","","","","","","","","","","","","","","","","","","","","","","","","","",""
"47323004","VILLENEUVE-SUR-LOT",44.3975,0.764,59,2015122013,0.,1,"","",3.6,1,140,1,3.8,1,140,1,1257,9,6.5,1,140,1,1300,9,"","","","","","","","","","","","","","","","",16.9,1,9.6,9,16.,1,1202,9,17.1,1,1244,9,0,9,"","","","","","","","",16.8,9,"","","","","","",62,1,61,9,1248,9,68,9,1223,9,0,9,0,9,11.9,9,"","","","","","","","","","","","","","","","","","","","","","","","","","","","","","","","","","","","","","","","","","","","","","","","","","","","","","","","","","","","","","","","","","","","","","","","","","","","","","","","","","","","","","","","","","","","","","","","","","","","","","","","","","","","","","","","","","","",""
"47323004","VILLENEUVE-SUR-LOT",44.3975,0.764,59,2015122014,0.,1,"","",1.9,1,120,1,3.7,1,120,1,1333,9,6.1,1,120,1,1302,9,"","","","","","","","","","","","","","","","",16.9,1,9.8,9,16.9,1,1301,9,17.5,1,1338,9,0,9,"","","","","","","","",16.6,9,"","","","","","",63,1,61,9,1307,9,66,9,1335,9,0,9,0,9,12.1,9,"","","","","","","","","","","","","","","","","","","","","","","","","","","","","","","","","","","","","","","","","","","","","","","","","","","","","","","","","","","","","","","","","","","","","","","","","","","","","","","","","","","","","","","","","","","","","","","","","","","","","","","","","","","","","","","","","","","",""
"47323004","VILLENEUVE-SUR-LOT",44.3975,0.764,59,2015122015,0.,1,"","",1.6,1,130,1,2.8,1,130,1,1424,9,5.1,1,120,1,1421,9,"","","","","","","","","","","","","","","","",16.5,1,10.3,9,16.5,1,1431,9,17.,1,1402,9,0,9,"","","","","","","","",15.3,9,"","","","","","",67,1,64,9,1405,9,68,9,1433,9,0,9,0,9,12.5,9,"","","","","","","","","","","","","","","","","","","","","","","","","","","","","","","","","","","","","","","","","","","","","","","","","","","","","","","","","","","","","","","","","","","","","","","","","","","","","","","","","","","","","","","","","","","","","","","","","","","","","","","","","","","","","","","","","","","",""
"47323004","VILLENEUVE-SUR-LOT",44.3975,0.764,59,2015122016,0.,1,"","",1.6,1,120,1,2.1,1,120,1,1552,9,4.1,1,140,1,1514,9,"","","","","","","","","","","","","","","","",15.8,1,10.2,9,15.8,1,1600,9,16.5,1,1501,9,0,9,"","","","","","","","",13.7,9,"","","","","","",69,1,67,9,1501,9,69,9,1520,9,0,9,0,9,12.4,9,"","","","","","","","","","","","","","","","","","","","","","","","","","","","","","","","","","","","","","","","","","","","","","","","","","","","","","","","","","","","","","","","","","","","","","","","","","","","","","","","","","","","","","","","","","","","","","","","","","","","","","","","","","","","","","","","","","","",""
"47323004","VILLENEUVE-SUR-LOT",44.3975,0.764,59,2015122017,0.,1,"","",0.8,1,20,1,1.5,1,120,1,1601,9,2.8,1,150,1,1632,9,"","","","","","","","","","","","","","","","",13.,1,9.4,9,13.,1,1700,9,15.8,1,1601,9,0,9,"","","","","","","","",8.7,9,"","","","","","",79,1,69,9,1602,9,79,9,1652,9,0,9,0,9,11.8,9,"","","","","","","","","","","","","","","","","","","","","","","","","","","","","","","","","","","","","","","","","","","","","","","","","","","","","","","","","","","","","","","","","","","","","","","","","","","","","","","","","","","","","","","","","","","","","","","","","","","","","","","","","","","","","","","","","","","",""
"47323004","VILLENEUVE-SUR-LOT",44.3975,0.764,59,2015122018,0.,1,"","",1.4,1,70,1,1.4,1,70,1,1800,9,2.1,1,60,1,1753,9,"","","","","","","","","","","","","","","","",11.2,1,8.9,9,11.2,1,1756,9,13.,1,1701,9,0,9,"","","","","","","","",6.8,9,"","","","","","",86,1,79,9,1701,9,86,9,1757,9,0,9,58,9,11.4,9,"","","","","","","","","","","","","","","","","","","","","","","","","","","","","","","","","","","","","","","","","","","","","","","","","","","","","","","","","","","","","","","","","","","","","","","","","","","","","","","","","","","","","","","","","","","","","","","","","","","","","","","","","","","","","","","","","","","",""
"47323004","VILLENEUVE-SUR-LOT",44.3975,0.764,59,2015122019,0.,1,"","",0.,1,0,1,1.4,1,70,1,1801,9,2.,1,80,1,1802,9,"","","","","","","","","","","","","","","","",11.,1,8.9,9,11.,9,1829,9,11.4,9,1812,9,0,9,"","","","","","","","",6.3,9,"","","","","","",87,9,84,9,1816,9,89,9,1812,9,0,9,60,9,11.4,9,"","","","","","","","","","","","","","","","","","","","","","","","","","","","","","","","","","","","","","","","","","","","","","","","","","","","","","","","","","","","","","","","","","","","","","","","","","","","","","","","","","","","","","","","","","","","","","","","","","","","","","","","","","","","","","","","","","","",""
"47323004","VILLENEUVE-SUR-LOT",44.3975,0.764,59,2015122020,0.,1,"","",1.,1,70,1,1.1,1,50,1,1911,9,2.1,1,40,1,1905,9,"","","","","","","","","","","","","","","","",10.3,1,8.4,9,10.3,1,2000,9,11.5,1,1923,9,0,9,"","","","","","","","",5.7,9,"","","","","","",88,1,84,9,1927,9,90,9,1952,9,0,9,60,9,11.,9,"","","","","","","","","","","","","","","","","","","","","","","","","","","","","","","","","","","","","","","","","","","","","","","","","","","","","","","","","","","","","","","","","","","","","","","","","","","","","","","","","","","","","","","","","","","","","","","","","","","","","","","","","","","","","","","","","","","",""
"47323004","VILLENEUVE-SUR-LOT",44.3975,0.764,59,2015122021,0.,1,"","",0.9,1,310,1,1.3,1,60,1,2011,9,2.1,1,50,1,2004,9,"","","","","","","","","","","","","","","","",10.1,1,8.3,9,9.9,1,2006,9,10.3,1,2046,9,0,9,"","","","","","","","",5.3,9,"","","","","","",88,1,86,9,2002,9,94,9,2044,9,0,9,60,9,10.9,9,"","","","","","","","","","","","","","","","","","","","","","","","","","","","","","","","","","","","","","","","","","","","","","","","","","","","","","","","","","","","","","","","","","","","","","","","","","","","","","","","","","","","","","","","","","","","","","","","","","","","","","","","","","","","","","","","","","","",""
"47323004","VILLENEUVE-SUR-LOT",44.3975,0.764,59,2015122022,0.,1,"","",0.,1,0,1,1.2,1,290,1,2104,9,1.7,1,220,1,2104,9,"","","","","","","","","","","","","","","","",8.7,1,7.8,9,8.7,1,2200,9,10.1,1,2107,9,0,9,"","","","","","","","",5.3,9,"","","","","","",94,1,88,9,2101,9,95,9,2143,9,0,9,60,9,10.6,9,"","","","","","","","","","","","","","","","","","","","","","","","","","","","","","","","","","","","","","","","","","","","","","","","","","","","","","","","","","","","","","","","","","","","","","","","","","","","","","","","","","","","","","","","","","","","","","","","","","","","","","","","","","","","","","","","","","","",""
"47323004","VILLENEUVE-SUR-LOT",44.3975,0.764,59,2015122023,0.,1,"","",1.5,1,80,1,1.5,1,80,1,2259,9,2.1,1,70,1,2256,9,"","","","","","","","","","","","","","","","",7.5,1,6.8,9,7.5,1,2252,9,8.8,1,2203,9,0,9,"","","","","","","","",4.9,9,"","","","","","",96,1,92,9,2214,9,97,9,2238,9,0,9,60,9,9.9,9,"","","","","","","","","","","","","","","","","","","","","","","","","","","","","","","","","","","","","","","","","","","","","","","","","","","","","","","","","","","","","","","","","","","","","","","","","","","","","","","","","","","","","","","","","","","","","","","","","","","","","","","","","","","","","","","","","","","",""
"47323004","VILLENEUVE-SUR-LOT",44.3975,0.764,59,2015122100,0.,1,"","",0.5,1,30,1,1.8,1,110,1,2337,9,2.4,1,110,1,2337,9,"","","","","","","","","","","","","","","","",8.7,1,8.1,9,7.5,1,2301,9,8.8,1,2356,9,0,9,"","","","","","","","",6.,9,"","","","","","",96,1,95,9,2307,9,98,9,2325,9,0,9,60,9,10.8,9,"","","","","","","","","","","","","","","","","","","","","","","","","","","","","","","","","","","","","","","","","","","","","","","","","","","","","","","","","","","","","","","","","","","","","","","","","","","","","","","","","","","","","","","","","","","","","","","","","","","","","","","","","","","","","","","","","","","",""
"47323004","VILLENEUVE-SUR-LOT",44.3975,0.764,59,2015122101,0.,1,"","",1.1,1,90,1,1.5,1,120,1,14,9,2.2,1,110,1,10,9,"","","","","","","","","","","","","","","","",8.6,1,8.1,9,8.6,1,53,9,8.8,1,9,9,0,9,"","","","","","","","",7.8,9,"","","","","","",97,1,94,9,5,9,97,9,100,9,0,9,60,9,10.8,9,"","","","","","","","","","","","","","","","","","","","","","","","","","","","","","","","","","","","","","","","","","","","","","","","","","","","","","","","","","","","","","","","","","","","","","","","","","","","","","","","","","","","","","","","","","","","","","","","","","","","","","","","","","","","","","","","","","","",""
"47323004","VILLENEUVE-SUR-LOT",44.3975,0.764,59,2015122102,0.,1,"","",1.4,1,80,1,1.5,1,110,1,139,9,2.1,1,110,1,137,9,"","","","","","","","","","","","","","","","",8.7,1,8.,9,8.6,1,101,9,8.8,1,139,9,0,9,"","","","","","","","",8.,9,"","","","","","",95,1,93,9,146,9,97,9,123,9,0,9,60,9,10.7,9,"","","","","","","","","","","","","","","","","","","","","","","","","","","","","","","","","","","","","","","","","","","","","","","","","","","","","","","","","","","","","","","","","","","","","","","","","","","","","","","","","","","","","","","","","","","","","","","","","","","","","","","","","","","","","","","","","","","",""
"47323004","VILLENEUVE-SUR-LOT",44.3975,0.764,59,2015122103,0.2,1,"","",0.,1,0,1,1.4,1,80,1,201,9,1.4,1,70,1,201,9,"","","","","","","","","","","","","","","","",8.9,1,7.8,9,8.7,1,201,9,9.,1,223,9,0,9,"","","","","","","","",8.2,9,"","","","","","",93,1,92,9,223,9,96,9,205,9,0,9,60,9,10.6,9,"","","","","","","","","","","","","","","","","","","","","","","","","","","","","","","","","","","","","","","","","","","","","","","","","","","","","","","","","","","","","","","","","","","","","","","","","","","","","","","","","","","","","","","","","","","","","","","","","","","","","","","","","","","","","","","","","","","",""
"47323004","VILLENEUVE-SUR-LOT",44.3975,0.764,59,2015122104,0.2,1,"","",0.,1,0,1,0.6,1,20,1,305,9,1.,1,300,1,339,9,"","","","","","","","","","","","","","","","",8.7,1,8.1,9,8.7,1,347,9,8.9,1,301,9,0,9,"","","","","","","","",8.,9,"","","","","","",96,1,93,9,304,9,97,9,354,9,0,9,60,9,10.8,9,"","","","","","","","","","","","","","","","","","","","","","","","","","","","","","","","","","","","","","","","","","","","","","","","","","","","","","","","","","","","","","","","","","","","","","","","","","","","","","","","","","","","","","","","","","","","","","","","","","","","","","","","","","","","","","","","","","","",""
"47323004","VILLENEUVE-SUR-LOT",44.3975,0.764,59,2015122105,0.2,1,"","",0.7,1,50,1,1.6,1,90,1,425,9,2.,1,90,1,419,9,"","","","","","","","","","","","","","","","",8.7,1,8.3,9,8.6,1,429,9,8.7,1,401,9,0,9,"","","","","","","","",8.1,9,"","","","","","",97,1,95,9,401,9,97,9,407,9,0,9,60,9,10.9,9,"","","","","","","","","","","","","","","","","","","","","","","","","","","","","","","","","","","","","","","","","","","","","","","","","","","","","","","","","","","","","","","","","","","","","","","","","","","","","","","","","","","","","","","","","","","","","","","","","","","","","","","","","","","","","","","","","","","",""
"47323004","VILLENEUVE-SUR-LOT",44.3975,0.764,59,2015122106,0.,1,"","",0.6,1,70,1,1.,1,100,1,545,9,1.5,1,100,1,540,9,"","","","","","","","","","","","","","","","",8.2,1,7.7,9,8.,1,557,9,8.7,1,501,9,0,9,"","","","","","","","",5.6,9,"","","","","","",97,1,96,9,512,9,98,9,503,9,0,9,60,9,10.5,9,"","","","","","","","","","","","","","","","","","","","","","","","","","","","","","","","","","","","","","","","","","","","","","","","","","","","","","","","","","","","","","","","","","","","","","","","","","","","","","","","","","","","","","","","","","","","","","","","","","","","","","","","","","","","","","","","","","","",""
"47323004","VILLENEUVE-SUR-LOT",44.3975,0.764,59,2015122107,0.,1,"","",0.,1,0,1,0.9,1,80,1,606,9,1.3,1,90,1,610,9,"","","","","","","","","","","","","","","","",6.3,1,5.9,9,6.3,9,659,9,8.2,9,601,9,0,9,"","","","","","","","",2.3,9,"","","","","","",97,9,96,9,608,9,98,9,603,9,0,9,60,9,9.3,9,"","","","","","","","","","","","","","","","","","","","","","","","","","","","","","","","","","","","","","","","","","","","","","","","","","","","","","","","","","","","","","","","","","","","","","","","","","","","","","","","","","","","","","","","","","","","","","","","","","","","","","","","","","","","","","","","","","","",""
"47323004","VILLENEUVE-SUR-LOT",44.3975,0.764,59,2015122108,0.,1,"","",0.,1,0,1,0.,1,0,1,701,9,0.7,1,110,1,800,9,"","","","","","","","","","","","","","","","",5.7,1,5.3,9,5.6,1,717,9,6.2,1,701,9,0,9,"","","","","","","","",2.4,9,"","","","","","",97,1,96,9,702,9,98,9,718,9,0,9,60,9,8.9,9,"","","","","","","","","","","","","","","","","","","","","","","","","","","","","","","","","","","","","","","","","","","","","","","","","","","","","","","","","","","","","","","","","","","","","","","","","","","","","","","","","","","","","","","","","","","","","","","","","","","","","","","","","","","","","","","","","","","",""
"47323004","VILLENEUVE-SUR-LOT",44.3975,0.764,59,2015122109,0.,1,"","",1.6,1,100,1,1.6,1,90,1,854,9,2.2,1,100,1,859,9,"","","","","","","","","","","","","","","","",7.5,1,7.1,9,5.6,1,802,9,7.5,1,900,9,0,9,"","","","","","","","",5.8,9,"","","","","","",98,1,97,9,804,9,99,9,807,9,0,9,60,9,10.1,9,"","","","","","","","","","","","","","","","","","","","","","","","","","","","","","","","","","","","","","","","","","","","","","","","","","","","","","","","","","","","","","","","","","","","","","","","","","","","","","","","","","","","","","","","","","","","","","","","","","","","","","","","","","","","","","","","","","","",""
"47323004","VILLENEUVE-SUR-LOT",44.3975,0.764,59,2015122110,0.,1,"","",1.1,1,90,1,1.6,1,100,1,901,9,2.3,1,100,1,919,9,"","","","","","","","","","","","","","","","",9.1,1,8.8,9,7.5,1,901,9,9.1,1,1000,9,0,9,"","","","","","","","",8.,9,"","","","","","",98,1,97,9,916,9,99,9,902,9,0,9,60,9,11.3,9,"","","","","","","","","","","","","","","","","","","","","","","","","","","","","","","","","","","","","","","","","","","","","","","","","","","","","","","","","","","","","","","","","","","","","","","","","","","","","","","","","","","","","","","","","","","","","","","","","","","","","","","","","","","","","","","","","","","",""
"47323004","VILLENEUVE-SUR-LOT",44.3975,0.764,59,2015122111,0.,1,"","",1.6,1,90,1,1.7,1,100,1,1047,9,2.3,1,100,1,1042,9,"","","","","","","","","","","","","","","","",12.2,1,10.,9,9.2,1,1001,9,12.2,1,1100,9,0,9,"","","","","","","","",14.2,9,"","","","","","",87,1,86,9,1055,9,99,9,1001,9,0,9,60,9,12.3,9,"","","","","","","","","","","","","","","","","","","","","","","","","","","","","","","","","","","","","","","","","","","","","","","","","","","","","","","","","","","","","","","","","","","","","","","","","","","","","","","","","","","","","","","","","","","","","","","","","","","","","","","","","","","","","","","","","","","",""
"47323004","VILLENEUVE-SUR-LOT",44.3975,0.764,59,2015122112,0.,1,"","",0.5,1,290,1,1.7,1,90,1,1101,9,2.3,1,90,1,1105,9,"","","","","","","","","","","","","","","","",15.3,1,10.,9,12.2,1,1101,9,15.3,1,1159,9,0,9,"","","","","","","","",18.3,9,"","","","","","",71,1,70,9,1159,9,86,9,1101,9,0,9,33,9,12.3,9,"","","","","","","","","","","","","","","","","","","","","","","","","","","","","","","","","","","","","","","","","","","","","","","","","","","","","","","","","","","","","","","","","","","","","","","","","","","","","","","","","","","","","","","","","","","","","","","","","","","","","","","","","","","","","","","","","","","",""
"47323004","VILLENEUVE-SUR-LOT",44.3975,0.764,59,2015122113,0.,1,"","",0.5,1,330,1,1.4,1,280,1,1226,9,2.8,1,290,1,1224,9,"","","","","","","","","","","","","","","","",15.9,1,8.9,9,15.2,1,1201,9,15.9,1,1254,9,0,9,"","","","","","","","",18.3,9,"","","","","","",63,1,62,9,1255,9,72,9,1202,9,0,9,0,9,11.4,9,"","","","","","","","","","","","","","","","","","","","","","","","","","","","","","","","","","","","","","","","","","","","","","","","","","","","","","","","","","","","","","","","","","","","","","","","","","","","","","","","","","","","","","","","","","","","","","","","","","","","","","","","","","","","","","","","","","","",""
"47323004","VILLENEUVE-SUR-LOT",44.3975,0.764,59,2015122114,0.,1,"","",0.,1,0,1,0.8,1,10,1,1330,9,1.8,1,240,1,1311,9,"","","","","","","","","","","","","","","","",16.6,1,7.8,9,15.9,1,1305,9,16.9,1,1354,9,0,9,"","","","","","","","",20.4,9,"","","","","","",56,1,52,9,1346,9,65,9,1303,9,0,9,0,9,10.6,9,"","","","","","","","","","","","","","","","","","","","","","","","","","","","","","","","","","","","","","","","","","","","","","","","","","","","","","","","","","","","","","","","","","","","","","","","","","","","","","","","","","","","","","","","","","","","","","","","","","","","","","","","","","","","","","","","","","","",""
"47323004","VILLENEUVE-SUR-LOT",44.3975,0.764,59,2015122115,0.,1,"","",0.8,1,90,1,1.2,1,90,1,1430,9,2.,1,100,1,1427,9,"","","","","","","","","","","","","","","","",16.,1,8.3,9,15.9,1,1431,9,16.6,1,1406,9,0,9,"","","","","","","","",19.4,9,"","","","","","",60,1,57,9,1403,9,63,9,1446,9,0,9,0,9,10.9,9,"","","","","","","","","","","","","","","","","","","","","","","","","","","","","","","","","","","","","","","","","","","","","","","","","","","","","","","","","","","","","","","","","","","","","","","","","","","","","","","","","","","","","","","","","","","","","","","","","","","","","","","","","","","","","","","","","","","",""
"47323004","VILLENEUVE-SUR-LOT",44.3975,0.764,59,2015122116,0.,1,"","",0.,1,0,1,1.5,1,90,1,1529,9,2.,1,90,1,1526,9,"","","","","","","","","","","","","","","","",13.8,1,8.3,9,13.8,1,1600,9,15.9,1,1501,9,0,9,"","","","","","","","",9.,9,"","","","","","",69,1,61,9,1501,9,69,9,1559,9,0,9,0,9,10.9,9,"","","","","","","","","","","","","","","","","","","","","","","","","","","","","","","","","","","","","","","","","","","","","","","","","","","","","","","","","","","","","","","","","","","","","","","","","","","","","","","","","","","","","","","","","","","","","","","","","","","","","","","","","","","","","","","","","","","",""
"47323004","VILLENEUVE-SUR-LOT",44.3975,0.764,59,2015122117,0.,1,"","",0.,1,0,1,0.8,1,180,1,1619,9,1.2,1,200,1,1610,9,"","","","","","","","","","","","","","","","",8.8,1,6.2,9,8.8,1,1659,9,13.7,1,1601,9,0,9,"","","","","","","","",3.4,9,"","","","","","",84,1,68,9,1602,9,85,9,1659,9,0,9,33,9,9.5,9,"","","","","","","","","","","","","","","","","","","","","","","","","","","","","","","","","","","","","","","","","","","","","","","","","","","","","","","","","","","","","","","","","","","","","","","","","","","","","","","","","","","","","","","","","","","","","","","","","","","","","","","","","","","","","","","","","","","",""
"47323004","VILLENEUVE-SUR-LOT",44.3975,0.764,59,2015122118,0.,1,"","",0.9,1,50,1,1.,1,40,1,1758,9,1.4,1,100,1,1712,9,"","","","","","","","","","","","","","","","",7.1,1,6.5,9,6.8,1,1741,9,8.7,1,1701,9,0,9,"","","","","","","","",2.1,9,"","","","","","",96,1,83,9,1701,9,96,9,1759,9,0,9,60,9,9.7,9,"","","","","","","","","","","","","","","","","","","","","","","","","","","","","","","","","","","","","","","","","","","","","","","","","","","","","","","","","","","","","","","","","","","","","","","","","","","","","","","","","","","","","","","","","","","","","","","","","","","","","","","","","","","","","","","","","","","",""
"47323004","VILLENEUVE-SUR-LOT",44.3975,0.764,59,2015122119,0.,1,"","",1.1,1,80,1,1.3,1,70,1,1847,9,1.9,1,70,1,1850,9,"","","","","","","","","","","","","","","","",6.7,1,6.2,9,5.6,9,1839,9,7.3,9,1808,9,0,9,"","","","","","","","",1.1,9,"","","","","","",97,9,88,9,1816,9,97,9,1843,9,0,9,60,9,9.5,9,"","","","","","","","","","","","","","","","","","","","","","","","","","","","","","","","","","","","","","","","","","","","","","","","","","","","","","","","","","","","","","","","","","","","","","","","","","","","","","","","","","","","","","","","","","","","","","","","","","","","","","","","","","","","","","","","","","","",""
"47323004","VILLENEUVE-SUR-LOT",44.3975,0.764,59,2015122120,0.,1,"","",0.5,1,120,1,1.6,1,110,1,1913,9,2.3,1,120,1,1909,9,"","","","","","","","","","","","","","","","",6.3,1,5.8,9,6.2,1,1946,9,6.7,1,1901,9,0,9,"","","","","","","","",2.,9,"","","","","","",96,1,93,9,1914,9,97,9,1903,9,0,9,60,9,9.2,9,"","","","","","","","","","","","","","","","","","","","","","","","","","","","","","","","","","","","","","","","","","","","","","","","","","","","","","","","","","","","","","","","","","","","","","","","","","","","","","","","","","","","","","","","","","","","","","","","","","","","","","","","","","","","","","","","","","","",""
"47323004","VILLENEUVE-SUR-LOT",44.3975,0.764,59,2015122121,0.,1,"","",0.8,1,100,1,2.5,1,90,1,2038,9,3.2,1,90,1,2034,9,"","","","","","","","","","","","","","","","",5.1,1,4.5,9,4.6,1,2042,9,6.3,1,2003,9,0,9,"","","","","","","","",0.7,9,"","","","","","",96,1,95,9,2001,9,99,9,2058,9,0,9,60,9,8.4,9,"","","","","","","","","","","","","","","","","","","","","","","","","","","","","","","","","","","","","","","","","","","","","","","","","","","","","","","","","","","","","","","","","","","","","","","","","","","","","","","","","","","","","","","","","","","","","","","","","","","","","","","","","","","","","","","","","","","",""
"47323004","VILLENEUVE-SUR-LOT",44.3975,0.764,59,2015122122,0.,1,"","",1.3,1,90,1,1.5,1,90,1,2149,9,2.4,1,90,1,2101,9,"","","","","","","","","","","","","","","","",4.7,1,4.3,9,4.6,1,2158,9,5.5,1,2121,9,0,9,"","","","","","","","",0.2,9,"","","","","","",97,1,96,9,2112,9,99,9,2139,9,0,9,60,9,8.3,9,"","","","","","","","","","","","","","","","","","","","","","","","","","","","","","","","","","","","","","","","","","","","","","","","","","","","","","","","","","","","","","","","","","","","","","","","","","","","","","","","","","","","","","","","","","","","","","","","","","","","","","","","","","","","","","","","","","","",""
"47323004","VILLENEUVE-SUR-LOT",44.3975,0.764,59,2015122123,0.,1,"","",0.8,1,90,1,1.9,1,100,1,2234,9,2.8,1,100,1,2238,9,"","","","","","","","","","","","","","","","",4.9,1,4.6,9,4.4,1,2203,9,4.9,1,2254,9,0,9,"","","","","","","","",0.8,9,"","","","","","",98,1,96,9,2212,9,99,9,2233,9,0,9,60,9,8.5,9,"","","","","","","","","","","","","","","","","","","","","","","","","","","","","","","","","","","","","","","","","","","","","","","","","","","","","","","","","","","","","","","","","","","","","","","","","","","","","","","","","","","","","","","","","","","","","","","","","","","","","","","","","","","","","","","","","","","",""
"47323004","VILLENEUVE-SUR-LOT",44.3975,0.764,59,2015122200,0.,1,"","",1.1,1,90,1,2.,1,90,1,2322,9,3.2,1,90,1,2317,9,"","","","","","","","","","","","","","","","",4.7,1,4.1,9,4.7,1,2342,9,5.2,1,2309,9,0,9,"","","","","","","","",2.,9,"","","","","","",96,1,96,9,2318,9,99,9,2317,9,0,9,60,9,8.2,9,"","","","","","","","","","","","","","","","","","","","","","","","","","","","","","","","","","","","","","","","","","","","","","","","","","","","","","","","","","","","","","","","","","","","","","","","","","","","","","","","","","","","","","","","","","","","","","","","","","","","","","","","","","","","","","","","","","","",""
"47323004","VILLENEUVE-SUR-LOT",44.3975,0.764,59,2015122201,0.2,1,"","",0.,1,0,1,1.1,1,90,1,1,9,2.1,1,90,1,1,9,"","","","","","","","","","","","","","","","",4.6,1,4.3,9,4.5,1,29,9,4.7,1,1,9,0,9,"","","","","","","","",1.7,9,"","","","","","",98,1,96,9,6,9,99,9,46,9,0,9,60,9,8.3,9,"","","","","","","","","","","","","","","","","","","","","","","","","","","","","","","","","","","","","","","","","","","","","","","","","","","","","","","","","","","","","","","","","","","","","","","","","","","","","","","","","","","","","","","","","","","","","","","","","","","","","","","","","","","","","","","","","","","",""
"47323004","VILLENEUVE-SUR-LOT",44.3975,0.764,59,2015122202,0.,1,"","",3.6,1,90,1,3.6,1,90,1,200,9,4.4,1,90,1,154,9,"","","","","","","","","","","","","","","","",4.7,1,4.3,9,4.6,1,101,9,5.,1,135,9,0,9,"","","","","","","","",3.5,9,"","","","","","",97,1,96,9,119,9,99,9,118,9,0,9,60,9,8.3,9,"","","","","","","","","","","","","","","","","","","","","","","","","","","","","","","","","","","","","","","","","","","","","","","","","","","","","","","","","","","","","","","","","","","","","","","","","","","","","","","","","","","","","","","","","","","","","","","","","","","","","","","","","","","","","","","","","","","",""
"47323004","VILLENEUVE-SUR-LOT",44.3975,0.764,59,2015122203,0.,1,"","",2.5,1,90,1,3.7,1,90,1,202,9,4.4,1,90,1,208,9,"","","","","","","","","","","","","","","","",6.1,1,5.8,9,4.7,1,201,9,6.1,1,259,9,0,9,"","","","","","","","",4.7,9,"","","","","","",98,1,97,9,201,9,99,9,216,9,0,9,60,9,9.2,9,"","","","","","","","","","","","","","","","","","","","","","","","","","","","","","","","","","","","","","","","","","","","","","","","","","","","","","","","","","","","","","","","","","","","","","","","","","","","","","","","","","","","","","","","","","","","","","","","","","","","","","","","","","","","","","","","","","","",""
"47323004","VILLENEUVE-SUR-LOT",44.3975,0.764,59,2015122204,0.,1,"","",1.5,1,70,1,2.8,1,90,1,311,9,4.4,1,90,1,315,9,"","","","","","","","","","","","","","","","",7.9,1,7.6,9,6.2,1,301,9,7.9,1,356,9,0,9,"","","","","","","","",6.2,9,"","","","","","",98,1,97,9,302,9,99,9,312,9,0,9,60,9,10.4,9,"","","","","","","","","","","","","","","","","","","","","","","","","","","","","","","","","","","","","","","","","","","","","","","","","","","","","","","","","","","","","","","","","","","","","","","","","","","","","","","","","","","","","","","","","","","","","","","","","","","","","","","","","","","","","","","","","","","",""
"47323004","VILLENEUVE-SUR-LOT",44.3975,0.764,59,2015122205,0.,1,"","",2.6,1,90,1,2.6,1,70,1,456,9,3.6,1,30,1,412,9,"","","","","","","","","","","","","","","","",8.5,1,8.3,9,7.9,1,401,9,8.8,1,450,9,0,9,"","","","","","","","",7.7,9,"","","","","","",98,1,97,9,404,9,99,9,416,9,0,9,60,9,10.9,9,"","","","","","","","","","","","","","","","","","","","","","","","","","","","","","","","","","","","","","","","","","","","","","","","","","","","","","","","","","","","","","","","","","","","","","","","","","","","","","","","","","","","","","","","","","","","","","","","","","","","","","","","","","","","","","","","","","","",""
"47323004","VILLENEUVE-SUR-LOT",44.3975,0.764,59,2015122206,0.,1,"","",3.3,1,70,1,4.8,1,100,1,533,9,6.8,1,100,1,537,9,"","","","","","","","","","","","","","","","",7.9,1,7.3,9,7.7,1,530,9,8.4,1,501,9,0,9,"","","","","","","","",7.6,9,"","","","","","",96,1,96,9,600,9,99,9,508,9,0,9,60,9,10.2,9,"","","","","","","","","","","","","","","","","","","","","","","","","","","","","","","","","","","","","","","","","","","","","","","","","","","","","","","","","","","","","","","","","","","","","","","","","","","","","","","","","","","","","","","","","","","","","","","","","","","","","","","","","","","","","","","","","","","",""
"47323004","VILLENEUVE-SUR-LOT",44.3975,0.764,59,2015122207,0.,1,"","",2.1,1,90,1,3.4,1,60,1,606,9,5.1,1,80,1,610,9,"","","","","","","","","","","","","","","","",8.6,1,8.3,9,7.9,9,601,9,8.6,9,659,9,0,9,"","","","","","","","",7.8,9,"","","","","","",98,9,97,9,601,9,99,9,619,9,0,9,60,9,10.9,9,"","","","","","","","","","","","","","","","","","","","","","","","","","","","","","","","","","","","","","","","","","","","","","","","","","","","","","","","","","","","","","","","","","","","","","","","","","","","","","","","","","","","","","","","","","","","","","","","","","","","","","","","","","","","","","","","","","","",""
"47323004","VILLENEUVE-SUR-LOT",44.3975,0.764,59,2015122208,0.,1,"","",3.1,1,100,1,3.2,1,100,1,748,9,6.2,1,100,1,727,9,"","","","","","","","","","","","","","","","",8.7,1,8.,9,8.6,1,701,9,8.8,1,723,9,0,9,"","","","","","","","",8.4,9,"","","","","","",95,1,95,9,730,9,98,9,701,9,0,9,60,9,10.7,9,"","","","","","","","","","","","","","","","","","","","","","","","","","","","","","","","","","","","","","","","","","","","","","","","","","","","","","","","","","","","","","","","","","","","","","","","","","","","","","","","","","","","","","","","","","","","","","","","","","","","","","","","","","","","","","","","","","","",""
"47323004","VILLENEUVE-SUR-LOT",44.3975,0.764,59,2015122209,0.,1,"","",2.4,1,90,1,3.1,1,110,1,801,9,5.8,1,90,1,813,9,"","","","","","","","","","","","","","","","",9.5,1,8.9,9,8.7,1,801,9,9.5,1,858,9,0,9,"","","","","","","","",8.6,9,"","","","","","",96,1,95,9,805,9,98,9,849,9,0,9,60,9,11.4,9,"","","","","","","","","","","","","","","","","","","","","","","","","","","","","","","","","","","","","","","","","","","","","","","","","","","","","","","","","","","","","","","","","","","","","","","","","","","","","","","","","","","","","","","","","","","","","","","","","","","","","","","","","","","","","","","","","","","",""
"47323004","VILLENEUVE-SUR-LOT",44.3975,0.764,59,2015122210,0.,1,"","",2.6,1,80,1,2.7,1,80,1,913,9,5.8,1,60,1,953,9,"","","","","","","","","","","","","","","","",10.5,1,9.4,9,9.5,1,901,9,10.5,1,958,9,0,9,"","","","","","","","",9.6,9,"","","","","","",93,1,93,9,953,9,97,9,901,9,0,9,60,9,11.8,9,"","","","","","","","","","","","","","","","","","","","","","","","","","","","","","","","","","","","","","","","","","","","","","","","","","","","","","","","","","","","","","","","","","","","","","","","","","","","","","","","","","","","","","","","","","","","","","","","","","","","","","","","","","","","","","","","","","","",""
"47323004","VILLENEUVE-SUR-LOT",44.3975,0.764,59,2015122211,0.,1,"","",2.6,1,110,1,3.6,1,100,1,1027,9,6.1,1,120,1,1018,9,"","","","","","","","","","","","","","","","",12.2,1,9.4,9,10.5,1,1001,9,12.2,1,1100,9,0,9,"","","","","","","","",11.,9,"","","","","","",83,1,83,9,1100,9,93,9,1006,9,0,9,60,9,11.8,9,"","","","","","","","","","","","","","","","","","","","","","","","","","","","","","","","","","","","","","","","","","","","","","","","","","","","","","","","","","","","","","","","","","","","","","","","","","","","","","","","","","","","","","","","","","","","","","","","","","","","","","","","","","","","","","","","","","","",""
"47323004","VILLENEUVE-SUR-LOT",44.3975,0.764,59,2015122212,0.,1,"","",2.3,1,130,1,4.,1,120,1,1137,9,6.9,1,110,1,1125,9,"","","","","","","","","","","","","","","","",13.2,1,9.3,9,12.1,1,1101,9,13.2,1,1157,9,0,9,"","","","","","","","",15.8,9,"","","","","","",77,1,77,9,1200,9,86,9,1103,9,0,9,42,9,11.7,9,"","","","","","","","","","","","","","","","","","","","","","","","","","","","","","","","","","","","","","","","","","","","","","","","","","","","","","","","","","","","","","","","","","","","","","","","","","","","","","","","","","","","","","","","","","","","","","","","","","","","","","","","","","","","","","","","","","","",""
"47323004","VILLENEUVE-SUR-LOT",44.3975,0.764,59,2015122213,0.,1,"","",2.,1,120,1,3.7,1,130,1,1214,9,8.2,1,140,1,1205,9,"","","","","","","","","","","","","","","","",14.4,1,9.7,9,13.,1,1208,9,14.5,1,1259,9,0,9,"","","","","","","","",16.7,9,"","","","","","",73,1,72,9,1258,9,80,9,1204,9,0,9,1,9,12.,9,"","","","","","","","","","","","","","","","","","","","","","","","","","","","","","","","","","","","","","","","","","","","","","","","","","","","","","","","","","","","","","","","","","","","","","","","","","","","","","","","","","","","","","","","","","","","","","","","","","","","","","","","","","","","","","","","","","","",""
"47323004","VILLENEUVE-SUR-LOT",44.3975,0.764,59,2015122214,0.,1,"","",3.2,1,130,1,3.2,1,130,1,1357,9,5.5,1,130,1,1356,9,"","","","","","","","","","","","","","","","",14.7,1,9.9,9,14.4,1,1301,9,14.7,1,1326,9,0,9,"","","","","","","","",16.6,9,"","","","","","",73,1,71,9,1311,9,74,9,1301,9,0,9,0,9,12.2,9,"","","","","","","","","","","","","","","","","","","","","","","","","","","","","","","","","","","","","","","","","","","","","","","","","","","","","","","","","","","","","","","","","","","","","","","","","","","","","","","","","","","","","","","","","","","","","","","","","","","","","","","","","","","","","","","","","","","",""
"47323004","VILLENEUVE-SUR-LOT",44.3975,0.764,59,2015122215,0.,1,"","",2.8,1,120,1,3.4,1,130,1,1402,9,6.1,1,110,1,1459,9,"","","","","","","","","","","","","","","","",14.8,1,9.8,9,14.6,1,1410,9,15.,1,1427,9,0,9,"","","","","","","","",15.9,9,"","","","","","",72,1,71,9,1439,9,74,9,1406,9,0,9,0,9,12.1,9,"","","","","","","","","","","","","","","","","","","","","","","","","","","","","","","","","","","","","","","","","","","","","","","","","","","","","","","","","","","","","","","","","","","","","","","","","","","","","","","","","","","","","","","","","","","","","","","","","","","","","","","","","","","","","","","","","","","",""
"47323004","VILLENEUVE-SUR-LOT",44.3975,0.764,59,2015122216,0.,1,"","",1.7,1,80,1,3.5,1,120,1,1504,9,6.3,1,140,1,1503,9,"","","","","","","","","","","","","","","","",13.1,1,9.2,9,13.1,1,1559,9,14.8,1,1501,9,0,9,"","","","","","","","",10.7,9,"","","","","","",77,1,71,9,1503,9,77,9,1555,9,0,9,0,9,11.6,9,"","","","","","","","","","","","","","","","","","","","","","","","","","","","","","","","","","","","","","","","","","","","","","","","","","","","","","","","","","","","","","","","","","","","","","","","","","","","","","","","","","","","","","","","","","","","","","","","","","","","","","","","","","","","","","","","","","","",""
"47323004","VILLENEUVE-SUR-LOT",44.3975,0.764,59,2015122217,0.,1,"","",1.4,1,60,1,1.9,1,100,1,1620,9,5.2,1,100,1,1618,9,"","","","","","","","","","","","","","","","",10.8,1,8.4,9,10.8,1,1658,9,13.1,1,1601,9,0,9,"","","","","","","","",6.4,9,"","","","","","",85,1,76,9,1623,9,85,9,1654,9,0,9,26,9,11.,9,"","","","","","","","","","","","","","","","","","","","","","","","","","","","","","","","","","","","","","","","","","","","","","","","","","","","","","","","","","","","","","","","","","","","","","","","","","","","","","","","","","","","","","","","","","","","","","","","","","","","","","","","","","","","","","","","","","","",""
"47323004","VILLENEUVE-SUR-LOT",44.3975,0.764,59,2015122218,0.,1,"","",1.2,1,40,1,1.7,1,70,1,1729,9,3.,1,60,1,1737,9,"","","","","","","","","","","","","","","","",10.7,1,8.4,9,9.8,1,1718,9,10.7,1,1701,9,0,9,"","","","","","","","",5.3,9,"","","","","","",86,1,82,9,1704,9,90,9,1725,9,0,9,60,9,11.,9,"","","","","","","","","","","","","","","","","","","","","","","","","","","","","","","","","","","","","","","","","","","","","","","","","","","","","","","","","","","","","","","","","","","","","","","","","","","","","","","","","","","","","","","","","","","","","","","","","","","","","","","","","","","","","","","","","","","",""
"47323004","VILLENEUVE-SUR-LOT",44.3975,0.764,59,2015122219,0.,1,"","",1.2,1,70,1,2.5,1,70,1,1826,9,4.3,1,80,1,1819,9,"","","","","","","","","","","","","","","","",11.5,1,8.1,9,10.3,9,1815,9,11.6,9,1852,9,0,9,"","","","","","","","",6.7,9,"","","","","","",80,9,79,9,1852,9,87,9,1807,9,0,9,53,9,10.8,9,"","","","","","","","","","","","","","","","","","","","","","","","","","","","","","","","","","","","","","","","","","","","","","","","","","","","","","","","","","","","","","","","","","","","","","","","","","","","","","","","","","","","","","","","","","","","","","","","","","","","","","","","","","","","","","","","","","","",""
"47323004","VILLENEUVE-SUR-LOT",44.3975,0.764,59,2015122220,0.,1,"","",3.4,1,150,1,3.6,1,150,1,1952,9,8.2,1,160,1,1946,9,"","","","","","","","","","","","","","","","",11.9,1,8.4,9,11.4,1,1906,9,12.,1,1918,9,0,9,"","","","","","","","",9.,9,"","","","","","",79,1,77,9,1930,9,80,9,1903,9,0,9,14,9,11.,9,"","","","","","","","","","","","","","","","","","","","","","","","","","","","","","","","","","","","","","","","","","","","","","","","","","","","","","","","","","","","","","","","","","","","","","","","","","","","","","","","","","","","","","","","","","","","","","","","","","","","","","","","","","","","","","","","","","","",""
"47323004","VILLENEUVE-SUR-LOT",44.3975,0.764,59,2015122221,0.,1,"","",2.7,1,140,1,4.5,1,160,1,2008,9,9.2,1,170,1,2006,9,"","","","","","","","","","","","","","","","",11.6,1,8.3,9,11.5,1,2052,9,12.,1,2001,9,0,9,"","","","","","","","",9.5,9,"","","","","","",80,1,78,9,2001,9,80,9,2019,9,0,9,19,9,10.9,9,"","","","","","","","","","","","","","","","","","","","","","","","","","","","","","","","","","","","","","","","","","","","","","","","","","","","","","","","","","","","","","","","","","","","","","","","","","","","","","","","","","","","","","","","","","","","","","","","","","","","","","","","","","","","","","","","","","","",""
"47323004","VILLENEUVE-SUR-LOT",44.3975,0.764,59,2015122222,0.,1,"","",1.8,1,90,1,3.,1,140,1,2101,9,7.3,1,160,1,2112,9,"","","","","","","","","","","","","","","","",10.6,1,7.8,9,10.6,1,2156,9,11.6,1,2101,9,0,9,"","","","","","","","",8.8,9,"","","","","","",83,1,78,9,2103,9,83,9,2157,9,0,9,37,9,10.6,9,"","","","","","","","","","","","","","","","","","","","","","","","","","","","","","","","","","","","","","","","","","","","","","","","","","","","","","","","","","","","","","","","","","","","","","","","","","","","","","","","","","","","","","","","","","","","","","","","","","","","","","","","","","","","","","","","","","","",""
"47323004","VILLENEUVE-SUR-LOT",44.3975,0.764,59,2015122223,0.,1,"","",2.2,1,90,1,2.2,1,130,1,2223,9,5.6,1,110,1,2222,9,"","","","","","","","","","","","","","","","",10.4,1,7.7,9,10.2,1,2254,9,10.7,1,2222,9,0,9,"","","","","","","","",8.2,9,"","","","","","",83,1,81,9,2221,9,83,9,2205,9,0,9,60,9,10.5,9,"","","","","","","","","","","","","","","","","","","","","","","","","","","","","","","","","","","","","","","","","","","","","","","","","","","","","","","","","","","","","","","","","","","","","","","","","","","","","","","","","","","","","","","","","","","","","","","","","","","","","","","","","","","","","","","","","","","",""
"47323004","VILLENEUVE-SUR-LOT",44.3975,0.764,59,2015122300,0.,1,"","",2.6,1,40,1,3.6,1,40,1,2347,9,6.4,1,40,1,2343,9,"","","","","","","","","","","","","","","","",9.4,1,7.3,9,9.4,1,2337,9,10.3,1,2301,9,0,9,"","","","","","","","",7.4,9,"","","","","","",87,1,82,9,2301,9,87,9,2337,9,0,9,60,9,10.2,9,"","","","","","","","","","","","","","","","","","","","","","","","","","","","","","","","","","","","","","","","","","","","","","","","","","","","","","","","","","","","","","","","","","","","","","","","","","","","","","","","","","","","","","","","","","","","","","","","","","","","","","","","","","","","","","","","","","","",""
"47323004","VILLENEUVE-SUR-LOT",44.3975,0.764,59,2015122301,0.,1,"","",1.9,1,50,1,2.6,1,50,1,1,9,4.7,1,60,1,34,9,"","","","","","","","","","","","","","","","",9.3,1,7.4,9,9.,1,18,9,9.5,1,33,9,0,9,"","","","","","","","",6.1,9,"","","","","","",88,1,84,9,53,9,89,9,28,9,0,9,60,9,10.3,9,"","","","","","","","","","","","","","","","","","","","","","","","","","","","","","","","","","","","","","","","","","","","","","","","","","","","","","","","","","","","","","","","","","","","","","","","","","","","","","","","","","","","","","","","","","","","","","","","","","","","","","","","","","","","","","","","","","","",""
"47323004","VILLENEUVE-SUR-LOT",44.3975,0.764,59,2015122302,0.,1,"","",2.7,1,50,1,3.6,1,40,1,135,9,5.3,1,50,1,123,9,"","","","","","","","","","","","","","","","",9.5,1,7.1,9,9.3,1,101,9,9.8,1,142,9,0,9,"","","","","","","","",6.5,9,"","","","","","",85,1,84,9,144,9,88,9,102,9,0,9,60,9,10.1,9,"","","","","","","","","","","","","","","","","","","","","","","","","","","","","","","","","","","","","","","","","","","","","","","","","","","","","","","","","","","","","","","","","","","","","","","","","","","","","","","","","","","","","","","","","","","","","","","","","","","","","","","","","","","","","","","","","","","",""
"47323004","VILLENEUVE-SUR-LOT",44.3975,0.764,59,2015122303,0.,1,"","",2.3,1,60,1,2.7,1,50,1,201,9,4.4,1,40,1,219,9,"","","","","","","","","","","","","","","","",9.3,1,7.4,9,8.9,1,242,9,9.5,1,201,9,0,9,"","","","","","","","",7.,9,"","","","","","",88,1,85,9,201,9,89,9,246,9,0,9,60,9,10.3,9,"","","","","","","","","","","","","","","","","","","","","","","","","","","","","","","","","","","","","","","","","","","","","","","","","","","","","","","","","","","","","","","","","","","","","","","","","","","","","","","","","","","","","","","","","","","","","","","","","","","","","","","","","","","","","","","","","","","",""
"47323004","VILLENEUVE-SUR-LOT",44.3975,0.764,59,2015122304,0.,1,"","",2.,1,70,1,2.6,1,30,1,312,9,4.5,1,60,1,332,9,"","","","","","","","","","","","","","","","",9.1,1,6.8,9,9.1,1,310,9,9.3,1,301,9,0,9,"","","","","","","","",6.5,9,"","","","","","",86,1,86,9,303,9,89,9,314,9,0,9,60,9,9.9,9,"","","","","","","","","","","","","","","","","","","","","","","","","","","","","","","","","","","","","","","","","","","","","","","","","","","","","","","","","","","","","","","","","","","","","","","","","","","","","","","","","","","","","","","","","","","","","","","","","","","","","","","","","","","","","","","","","","","",""
"47323004","VILLENEUVE-SUR-LOT",44.3975,0.764,59,2015122305,0.,1,"","",3.7,1,100,1,3.8,1,100,1,458,9,5.1,1,100,1,452,9,"","","","","","","","","","","","","","","","",9.,1,7.6,9,8.8,1,422,9,9.1,1,407,9,0,9,"","","","","","","","",6.7,9,"","","","","","",91,1,87,9,401,9,92,9,449,9,0,9,60,9,10.4,9,"","","","","","","","","","","","","","","","","","","","","","","","","","","","","","","","","","","","","","","","","","","","","","","","","","","","","","","","","","","","","","","","","","","","","","","","","","","","","","","","","","","","","","","","","","","","","","","","","","","","","","","","","","","","","","","","","","","",""
"47323004","VILLENEUVE-SUR-LOT",44.3975,0.764,59,2015122306,0.,1,"","",3.,1,110,1,3.7,1,100,1,501,9,5.6,1,120,1,552,9,"","","","","","","","","","","","","","","","",9.2,1,8.,9,9.,1,501,9,9.3,1,553,9,0,9,"","","","","","","","",8.2,9,"","","","","","",92,1,90,9,514,9,93,9,553,9,0,9,60,9,10.7,9,"","","","","","","","","","","","","","","","","","","","","","","","","","","","","","","","","","","","","","","","","","","","","","","","","","","","","","","","","","","","","","","","","","","","","","","","","","","","","","","","","","","","","","","","","","","","","","","","","","","","","","","","","","","","","","","","","","","",""
"47323004","VILLENEUVE-SUR-LOT",44.3975,0.764,59,2015122307,0.,1,"","",1.6,1,80,1,3.1,1,100,1,611,9,5.6,1,100,1,611,9,"","","","","","","","","","","","","","","","",9.4,1,8.,9,9.2,9,601,9,9.7,9,629,9,0,9,"","","","","","","","",8.6,9,"","","","","","",91,9,89,9,635,9,93,9,606,9,0,9,60,9,10.7,9,"","","","","","","","","","","","","","","","","","","","","","","","","","","","","","","","","","","","","","","","","","","","","","","","","","","","","","","","","","","","","","","","","","","","","","","","","","","","","","","","","","","","","","","","","","","","","","","","","","","","","","","","","","","","","","","","","","","",""
"47323004","VILLENEUVE-SUR-LOT",44.3975,0.764,59,2015122308,0.,1,"","",1.9,1,50,1,1.9,1,70,1,746,9,2.8,1,80,1,702,9,"","","","","","","","","","","","","","","","",8.9,1,8.,9,8.7,1,743,9,9.4,1,701,9,0,9,"","","","","","","","",8.4,9,"","","","","","",94,1,90,9,709,9,95,9,751,9,0,9,60,9,10.7,9,"","","","","","","","","","","","","","","","","","","","","","","","","","","","","","","","","","","","","","","","","","","","","","","","","","","","","","","","","","","","","","","","","","","","","","","","","","","","","","","","","","","","","","","","","","","","","","","","","","","","","","","","","","","","","","","","","","","",""
"47323004","VILLENEUVE-SUR-LOT",44.3975,0.764,59,2015122309,0.,1,"","",2.,1,60,1,2.2,1,70,1,814,9,3.2,1,80,1,813,9,"","","","","","","","","","","","","","","","",9.6,1,8.3,9,8.8,1,803,9,9.6,1,900,9,0,9,"","","","","","","","",8.7,9,"","","","","","",91,1,90,9,858,9,95,9,830,9,0,9,60,9,10.9,9,"","","","","","","","","","","","","","","","","","","","","","","","","","","","","","","","","","","","","","","","","","","","","","","","","","","","","","","","","","","","","","","","","","","","","","","","","","","","","","","","","","","","","","","","","","","","","","","","","","","","","","","","","","","","","","","","","","","",""
"47323004","VILLENEUVE-SUR-LOT",44.3975,0.764,59,2015122310,0.,1,"","",1.7,1,100,1,2.,1,60,1,901,9,3.5,1,90,1,949,9,"","","","","","","","","","","","","","","","",10.8,1,8.9,9,9.6,1,901,9,10.8,1,955,9,0,9,"","","","","","","","",10.3,9,"","","","","","",88,1,86,9,953,9,91,9,901,9,0,9,60,9,11.4,9,"","","","","","","","","","","","","","","","","","","","","","","","","","","","","","","","","","","","","","","","","","","","","","","","","","","","","","","","","","","","","","","","","","","","","","","","","","","","","","","","","","","","","","","","","","","","","","","","","","","","","","","","","","","","","","","","","","","",""
"47323004","VILLENEUVE-SUR-LOT",44.3975,0.764,59,2015122311,0.,1,"","",2.,1,100,1,2.4,1,110,1,1010,9,3.9,1,100,1,1001,9,"","","","","","","","","","","","","","","","",12.6,1,8.9,9,10.9,1,1001,9,12.7,1,1059,9,0,9,"","","","","","","","",12.,9,"","","","","","",78,1,77,9,1057,9,87,9,1001,9,0,9,52,9,11.4,9,"","","","","","","","","","","","","","","","","","","","","","","","","","","","","","","","","","","","","","","","","","","","","","","","","","","","","","","","","","","","","","","","","","","","","","","","","","","","","","","","","","","","","","","","","","","","","","","","","","","","","","","","","","","","","","","","","","","",""
"47323004","VILLENEUVE-SUR-LOT",44.3975,0.764,59,2015122312,0.,1,"","",2.5,1,150,1,2.6,1,140,1,1128,9,5.1,1,160,1,1158,9,"","","","","","","","","","","","","","","","",12.5,1,8.5,9,12.4,1,1122,9,12.7,1,1106,9,0,9,"","","","","","","","",13.3,9,"","","","","","",77,1,76,9,1111,9,80,9,1104,9,0,9,1,9,11.1,9,"","","","","","","","","","","","","","","","","","","","","","","","","","","","","","","","","","","","","","","","","","","","","","","","","","","","","","","","","","","","","","","","","","","","","","","","","","","","","","","","","","","","","","","","","","","","","","","","","","","","","","","","","","","","","","","","","","","",""
"47323004","VILLENEUVE-SUR-LOT",44.3975,0.764,59,2015122313,0.,1,"","",2.6,1,100,1,2.7,1,100,1,1256,9,4.5,1,90,1,1252,9,"","","","","","","","","","","","","","","","",13.4,1,9.4,9,12.5,1,1201,9,13.4,1,1259,9,0,9,"","","","","","","","",14.2,9,"","","","","","",77,1,74,9,1236,9,79,9,1202,9,0,9,0,9,11.8,9,"","","","","","","","","","","","","","","","","","","","","","","","","","","","","","","","","","","","","","","","","","","","","","","","","","","","","","","","","","","","","","","","","","","","","","","","","","","","","","","","","","","","","","","","","","","","","","","","","","","","","","","","","","","","","","","","","","","",""
"47323004","VILLENEUVE-SUR-LOT",44.3975,0.764,59,2015122314,0.,1,"","",1.3,1,170,1,2.8,1,120,1,1315,9,4.9,1,120,1,1316,9,"","","","","","","","","","","","","","","","",15.5,1,9.4,9,13.4,1,1301,9,15.5,1,1356,9,0,9,"","","","","","","","",18.1,9,"","","","","","",67,1,65,9,1355,9,76,9,1302,9,0,9,0,9,11.8,9,"","","","","","","","","","","","","","","","","","","","","","","","","","","","","","","","","","","","","","","","","","","","","","","","","","","","","","","","","","","","","","","","","","","","","","","","","","","","","","","","","","","","","","","","","","","","","","","","","","","","","","","","","","","","","","","","","","","",""
"47323004","VILLENEUVE-SUR-LOT",44.3975,0.764,59,2015122315,0.,1,"","",1.6,1,110,1,2.3,1,170,1,1414,9,3.9,1,160,1,1405,9,"","","","","","","","","","","","","","","","",13.8,1,9.,9,13.8,1,1459,9,15.5,1,1403,9,0,9,"","","","","","","","",14.,9,"","","","","","",73,1,65,9,1405,9,74,9,1456,9,0,9,0,9,11.5,9,"","","","","","","","","","","","","","","","","","","","","","","","","","","","","","","","","","","","","","","","","","","","","","","","","","","","","","","","","","","","","","","","","","","","","","","","","","","","","","","","","","","","","","","","","","","","","","","","","","","","","","","","","","","","","","","","","","","",""
"47323004","VILLENEUVE-SUR-LOT",44.3975,0.764,59,2015122316,0.,1,"","",1.2,1,100,1,1.6,1,110,1,1501,9,2.4,1,130,1,1509,9,"","","","","","","","","","","","","","","","",12.6,1,8.9,9,12.6,1,1558,9,13.9,1,1501,9,0,9,"","","","","","","","",9.4,9,"","","","","","",78,1,72,9,1502,9,78,9,1557,9,0,9,0,9,11.4,9,"","","","","","","","","","","","","","","","","","","","","","","","","","","","","","","","","","","","","","","","","","","","","","","","","","","","","","","","","","","","","","","","","","","","","","","","","","","","","","","","","","","","","","","","","","","","","","","","","","","","","","","","","","","","","","","","","","","",""
"47323004","VILLENEUVE-SUR-LOT",44.3975,0.764,59,2015122317,0.,1,"","",0.,1,0,1,1.5,1,120,1,1613,9,2.2,1,120,1,1627,9,"","","","","","","","","","","","","","","","",9.7,1,8.,9,9.7,1,1700,9,12.6,1,1601,9,0,9,"","","","","","","","",6.1,9,"","","","","","",89,1,77,9,1602,9,89,9,1658,9,0,9,50,9,10.7,9,"","","","","","","","","","","","","","","","","","","","","","","","","","","","","","","","","","","","","","","","","","","","","","","","","","","","","","","","","","","","","","","","","","","","","","","","","","","","","","","","","","","","","","","","","","","","","","","","","","","","","","","","","","","","","","","","","","","",""
"47323004","VILLENEUVE-SUR-LOT",44.3975,0.764,59,2015122318,0.,1,"","",1.3,1,130,1,1.9,1,80,1,1733,9,2.7,1,70,1,1729,9,"","","","","","","","","","","","","","","","",9.1,1,7.7,9,8.4,1,1738,9,9.8,1,1703,9,0,9,"","","","","","","","",4.,9,"","","","","","",91,1,83,9,1730,9,94,9,1750,9,0,9,60,9,10.5,9,"","","","","","","","","","","","","","","","","","","","","","","","","","","","","","","","","","","","","","","","","","","","","","","","","","","","","","","","","","","","","","","","","","","","","","","","","","","","","","","","","","","","","","","","","","","","","","","","","","","","","","","","","","","","","","","","","","","",""
"47323004","VILLENEUVE-SUR-LOT",44.3975,0.764,59,2015122319,0.,1,"","",0.8,1,70,1,1.4,1,110,1,1828,9,2.1,1,100,1,1825,9,"","","","","","","","","","","","","","","","",8.2,1,6.8,9,8.2,9,1858,9,9.3,9,1812,9,0,9,"","","","","","","","",2.7,9,"","","","","","",91,9,88,9,1807,9,93,9,1856,9,0,9,60,9,9.9,9,"","","","","","","","","","","","","","","","","","","","","","","","","","","","","","","","","","","","","","","","","","","","","","","","","","","","","","","","","","","","","","","","","","","","","","","","","","","","","","","","","","","","","","","","","","","","","","","","","","","","","","","","","","","","","","","","","","","",""
"47323004","VILLENEUVE-SUR-LOT",44.3975,0.764,59,2015122320,0.,1,"","",1.5,1,90,1,1.5,1,100,1,1958,9,2.1,1,90,1,2000,9,"","","","","","","","","","","","","","","","",7.,1,6.2,9,7.,1,1959,9,8.1,1,1901,9,0,9,"","","","","","","","",2.4,9,"","","","","","",95,1,91,9,1907,9,95,9,1946,9,0,9,60,9,9.5,9,"","","","","","","","","","","","","","","","","","","","","","","","","","","","","","","","","","","","","","","","","","","","","","","","","","","","","","","","","","","","","","","","","","","","","","","","","","","","","","","","","","","","","","","","","","","","","","","","","","","","","","","","","","","","","","","","","","","",""
"47323004","VILLENEUVE-SUR-LOT",44.3975,0.764,59,2015122321,0.,1,"","",1.9,1,90,1,1.9,1,100,1,2046,9,2.5,1,70,1,2007,9,"","","","","","","","","","","","","","","","",6.,1,5.5,9,6.,1,2053,9,7.,1,2001,9,0,9,"","","","","","","","",2.3,9,"","","","","","",96,1,93,9,2007,9,97,9,2031,9,0,9,60,9,9.,9,"","","","","","","","","","","","","","","","","","","","","","","","","","","","","","","","","","","","","","","","","","","","","","","","","","","","","","","","","","","","","","","","","","","","","","","","","","","","","","","","","","","","","","","","","","","","","","","","","","","","","","","","","","","","","","","","","","","",""
"47323004","VILLENEUVE-SUR-LOT",44.3975,0.764,59,2015122322,0.,1,"","",1.9,1,90,1,3.3,1,40,1,2135,9,5.,1,40,1,2132,9,"","","","","","","","","","","","","","","","",6.2,1,5.3,9,5.8,1,2103,9,7.1,1,2134,9,0,9,"","","","","","","","",3.6,9,"","","","","","",94,1,92,9,2144,9,98,9,2112,9,0,9,60,9,8.9,9,"","","","","","","","","","","","","","","","","","","","","","","","","","","","","","","","","","","","","","","","","","","","","","","","","","","","","","","","","","","","","","","","","","","","","","","","","","","","","","","","","","","","","","","","","","","","","","","","","","","","","","","","","","","","","","","","","","","",""
"47323004","VILLENEUVE-SUR-LOT",44.3975,0.764,59,2015122323,0.,1,"","",1.,1,50,1,2.,1,90,1,2204,9,2.6,1,80,1,2203,9,"","","","","","","","","","","","","","","","",8.,1,7.3,9,6.1,1,2202,9,8.,1,2300,9,0,9,"","","","","","","","",4.6,9,"","","","","","",95,1,95,9,2201,9,97,9,2217,9,0,9,60,9,10.2,9,"","","","","","","","","","","","","","","","","","","","","","","","","","","","","","","","","","","","","","","","","","","","","","","","","","","","","","","","","","","","","","","","","","","","","","","","","","","","","","","","","","","","","","","","","","","","","","","","","","","","","","","","","","","","","","","","","","","",""
"47323004","VILLENEUVE-SUR-LOT",44.3975,0.764,59,2015122400,0.,1,"","",2.1,1,50,1,2.1,1,50,1,0,9,3.6,1,50,1,2359,9,"","","","","","","","","","","","","","","","",8.7,1,7.6,9,8.,1,2301,9,9.,1,2340,9,0,9,"","","","","","","","",4.9,9,"","","","","","",93,1,89,9,2351,9,96,9,2303,9,0,9,60,9,10.4,9,"","","","","","","","","","","","","","","","","","","","","","","","","","","","","","","","","","","","","","","","","","","","","","","","","","","","","","","","","","","","","","","","","","","","","","","","","","","","","","","","","","","","","","","","","","","","","","","","","","","","","","","","","","","","","","","","","","","",""
"47323004","VILLENEUVE-SUR-LOT",44.3975,0.764,59,2015122401,0.,1,"","",2.3,1,60,1,2.5,1,50,1,5,9,3.5,1,60,1,3,9,"","","","","","","","","","","","","","","","",8.9,1,7.6,9,8.8,1,1,9,9.2,1,19,9,0,9,"","","","","","","","",5.9,9,"","","","","","",91,1,90,9,13,9,93,9,1,9,0,9,60,9,10.4,9,"","","","","","","","","","","","","","","","","","","","","","","","","","","","","","","","","","","","","","","","","","","","","","","","","","","","","","","","","","","","","","","","","","","","","","","","","","","","","","","","","","","","","","","","","","","","","","","","","","","","","","","","","","","","","","","","","","","",""
"47323004","VILLENEUVE-SUR-LOT",44.3975,0.764,59,2015122402,0.2,1,"","",2.9,1,80,1,3.,1,80,1,155,9,6.,1,90,1,154,9,"","","","","","","","","","","","","","","","",8.8,1,7.4,9,8.1,1,145,9,9.,1,108,9,0,9,"","","","","","","","",4.9,9,"","","","","","",91,1,90,9,102,9,95,9,149,9,0,9,60,9,10.3,9,"","","","","","","","","","","","","","","","","","","","","","","","","","","","","","","","","","","","","","","","","","","","","","","","","","","","","","","","","","","","","","","","","","","","","","","","","","","","","","","","","","","","","","","","","","","","","","","","","","","","","","","","","","","","","","","","","","","",""
"47323004","VILLENEUVE-SUR-LOT",44.3975,0.764,59,2015122403,0.,1,"","",1.8,1,70,1,2.8,1,80,1,201,9,4.8,1,90,1,238,9,"","","","","","","","","","","","","","","","",8.5,1,7.3,9,8.4,1,258,9,9.2,1,226,9,0,9,"","","","","","","","",5.1,9,"","","","","","",92,1,88,9,236,9,94,9,204,9,0,9,60,9,10.2,9,"","","","","","","","","","","","","","","","","","","","","","","","","","","","","","","","","","","","","","","","","","","","","","","","","","","","","","","","","","","","","","","","","","","","","","","","","","","","","","","","","","","","","","","","","","","","","","","","","","","","","","","","","","","","","","","","","","","",""
"47323004","VILLENEUVE-SUR-LOT",44.3975,0.764,59,2015122404,0.,1,"","",1.5,1,70,1,2.4,1,70,1,327,9,4.8,1,90,1,324,9,"","","","","","","","","","","","","","","","",8.7,1,7.1,9,8.3,1,335,9,9.,1,315,9,0,9,"","","","","","","","",4.8,9,"","","","","","",90,1,87,9,329,9,93,9,301,9,0,9,60,9,10.1,9,"","","","","","","","","","","","","","","","","","","","","","","","","","","","","","","","","","","","","","","","","","","","","","","","","","","","","","","","","","","","","","","","","","","","","","","","","","","","","","","","","","","","","","","","","","","","","","","","","","","","","","","","","","","","","","","","","","","",""
"47323004","VILLENEUVE-SUR-LOT",44.3975,0.764,59,2015122405,0.,1,"","",1.8,1,60,1,2.3,1,70,1,445,9,3.6,1,90,1,439,9,"","","","","","","","","","","","","","","","",8.1,1,6.4,9,8.1,1,448,9,8.6,1,401,9,0,9,"","","","","","","","",5.,9,"","","","","","",89,1,87,9,438,9,92,9,412,9,0,9,60,9,9.6,9,"","","","","","","","","","","","","","","","","","","","","","","","","","","","","","","","","","","","","","","","","","","","","","","","","","","","","","","","","","","","","","","","","","","","","","","","","","","","","","","","","","","","","","","","","","","","","","","","","","","","","","","","","","","","","","","","","","","",""
"47323004","VILLENEUVE-SUR-LOT",44.3975,0.764,59,2015122406,0.,1,"","",3.4,1,50,1,3.4,1,50,1,600,9,5.6,1,60,1,558,9,"","","","","","","","","","","","","","","","",9.3,1,6.8,9,7.2,1,519,9,9.3,1,556,9,0,9,"","","","","","","","",4.3,9,"","","","","","",85,1,84,9,555,9,93,9,539,9,0,9,60,9,9.9,9,"","","","","","","","","","","","","","","","","","","","","","","","","","","","","","","","","","","","","","","","","","","","","","","","","","","","","","","","","","","","","","","","","","","","","","","","","","","","","","","","","","","","","","","","","","","","","","","","","","","","","","","","","","","","","","","","","","","",""
"47323004","VILLENEUVE-SUR-LOT",44.3975,0.764,59,2015122407,0.,1,"","",2.2,1,60,1,4.4,1,40,1,628,9,6.9,1,50,1,623,9,"","","","","","","","","","","","","","","","",9.1,1,6.5,9,9.1,9,700,9,9.6,9,638,9,0,9,"","","","","","","","",6.3,9,"","","","","","",84,9,82,9,619,9,85,9,601,9,0,9,60,9,9.7,9,"","","","","","","","","","","","","","","","","","","","","","","","","","","","","","","","","","","","","","","","","","","","","","","","","","","","","","","","","","","","","","","","","","","","","","","","","","","","","","","","","","","","","","","","","","","","","","","","","","","","","","","","","","","","","","","","","","","",""
"47323004","VILLENEUVE-SUR-LOT",44.3975,0.764,59,2015122408,0.,1,"","",2.,1,50,1,2.7,1,60,1,743,9,4.2,1,60,1,742,9,"","","","","","","","","","","","","","","","",9.5,1,7.1,9,8.6,1,723,9,9.5,1,758,9,0,9,"","","","","","","","",5.8,9,"","","","","","",85,1,84,9,701,9,88,9,728,9,0,9,60,9,10.1,9,"","","","","","","","","","","","","","","","","","","","","","","","","","","","","","","","","","","","","","","","","","","","","","","","","","","","","","","","","","","","","","","","","","","","","","","","","","","","","","","","","","","","","","","","","","","","","","","","","","","","","","","","","","","","","","","","","","","",""
"47323004","VILLENEUVE-SUR-LOT",44.3975,0.764,59,2015122409,0.,1,"","",2.1,1,70,1,2.4,1,60,1,840,9,4.9,1,90,1,855,9,"","","","","","","","","","","","","","","","",10.4,1,7.8,9,9.4,1,810,9,10.4,1,856,9,0,9,"","","","","","","","",7.2,9,"","","","","","",84,1,84,9,805,9,88,9,846,9,0,9,60,9,10.6,9,"","","","","","","","","","","","","","","","","","","","","","","","","","","","","","","","","","","","","","","","","","","","","","","","","","","","","","","","","","","","","","","","","","","","","","","","","","","","","","","","","","","","","","","","","","","","","","","","","","","","","","","","","","","","","","","","","","","",""
"47323004","VILLENEUVE-SUR-LOT",44.3975,0.764,59,2015122410,0.,1,"","",2.2,1,100,1,2.4,1,80,1,944,9,5.5,1,180,1,1000,9,"","","","","","","","","","","","","","","","",11.5,1,8.7,9,10.4,1,901,9,11.5,1,959,9,0,9,"","","","","","","","",9.5,9,"","","","","","",83,1,82,9,956,9,85,9,901,9,0,9,60,9,11.2,9,"","","","","","","","","","","","","","","","","","","","","","","","","","","","","","","","","","","","","","","","","","","","","","","","","","","","","","","","","","","","","","","","","","","","","","","","","","","","","","","","","","","","","","","","","","","","","","","","","","","","","","","","","","","","","","","","","","","",""
"47323004","VILLENEUVE-SUR-LOT",44.3975,0.764,59,2015122411,0.,1,"","",1.9,1,110,1,2.4,1,110,1,1005,9,4.8,1,80,1,1021,9,"","","","","","","","","","","","","","","","",12.9,1,9.3,9,11.5,1,1001,9,12.9,1,1058,9,0,9,"","","","","","","","",12.2,9,"","","","","","",79,1,79,9,1051,9,83,9,1001,9,0,9,53,9,11.7,9,"","","","","","","","","","","","","","","","","","","","","","","","","","","","","","","","","","","","","","","","","","","","","","","","","","","","","","","","","","","","","","","","","","","","","","","","","","","","","","","","","","","","","","","","","","","","","","","","","","","","","","","","","","","","","","","","","","","",""
"47323004","VILLENEUVE-SUR-LOT",44.3975,0.764,59,2015122412,0.,1,"","",2.3,1,120,1,2.9,1,100,1,1120,9,5.1,1,90,1,1119,9,"","","","","","","","","","","","","","","","",13.9,1,9.6,9,12.9,1,1101,9,14.,1,1150,9,0,9,"","","","","","","","",14.4,9,"","","","","","",75,1,74,9,1142,9,81,9,1112,9,0,9,10,9,11.9,9,"","","","","","","","","","","","","","","","","","","","","","","","","","","","","","","","","","","","","","","","","","","","","","","","","","","","","","","","","","","","","","","","","","","","","","","","","","","","","","","","","","","","","","","","","","","","","","","","","","","","","","","","","","","","","","","","","","","",""
"47323004","VILLENEUVE-SUR-LOT",44.3975,0.764,59,2015122413,0.,1,"","",2.1,1,120,1,2.9,1,120,1,1226,9,4.8,1,120,1,1222,9,"","","","","","","","","","","","","","","","",14.8,1,9.4,9,13.9,1,1203,9,14.9,1,1242,9,0,9,"","","","","","","","",15.2,9,"","","","","","",70,1,70,9,1300,9,77,9,1207,9,0,9,0,9,11.8,9,"","","","","","","","","","","","","","","","","","","","","","","","","","","","","","","","","","","","","","","","","","","","","","","","","","","","","","","","","","","","","","","","","","","","","","","","","","","","","","","","","","","","","","","","","","","","","","","","","","","","","","","","","","","","","","","","","","","",""
"47323004","VILLENEUVE-SUR-LOT",44.3975,0.764,59,2015122414,0.,1,"","",1.6,1,110,1,2.7,1,140,1,1342,9,6.1,1,120,1,1318,9,"","","","","","","","","","","","","","","","",15.6,1,9.9,9,14.8,1,1301,9,15.8,1,1349,9,0,9,"","","","","","","","",17.8,9,"","","","","","",69,1,67,9,1345,9,74,9,1304,9,0,9,0,9,12.2,9,"","","","","","","","","","","","","","","","","","","","","","","","","","","","","","","","","","","","","","","","","","","","","","","","","","","","","","","","","","","","","","","","","","","","","","","","","","","","","","","","","","","","","","","","","","","","","","","","","","","","","","","","","","","","","","","","","","","",""
"47323004","VILLENEUVE-SUR-LOT",44.3975,0.764,59,2015122415,0.,1,"","",1.6,1,160,1,1.8,1,160,1,1429,9,3.1,1,160,1,1451,9,"","","","","","","","","","","","","","","","",15.9,1,10.,9,15.6,1,1401,9,16.3,1,1420,9,0,9,"","","","","","","","",17.7,9,"","","","","","",68,1,66,9,1414,9,70,9,1402,9,0,9,0,9,12.3,9,"","","","","","","","","","","","","","","","","","","","","","","","","","","","","","","","","","","","","","","","","","","","","","","","","","","","","","","","","","","","","","","","","","","","","","","","","","","","","","","","","","","","","","","","","","","","","","","","","","","","","","","","","","","","","","","","","","","",""
"47323004","VILLENEUVE-SUR-LOT",44.3975,0.764,59,2015122416,0.,1,"","",0.,1,0,1,2.,1,180,1,1509,9,3.2,1,170,1,1505,9,"","","","","","","","","","","","","","","","",14.2,1,9.7,9,14.2,1,1600,9,15.9,1,1501,9,0,9,"","","","","","","","",9.,9,"","","","","","",74,1,67,9,1502,9,74,9,1600,9,0,9,0,9,12.,9,"","","","","","","","","","","","","","","","","","","","","","","","","","","","","","","","","","","","","","","","","","","","","","","","","","","","","","","","","","","","","","","","","","","","","","","","","","","","","","","","","","","","","","","","","","","","","","","","","","","","","","","","","","","","","","","","","","","",""
"47323004","VILLENEUVE-SUR-LOT",44.3975,0.764,59,2015122417,0.,1,"","",0.,1,0,1,0.6,1,320,1,1618,9,1.4,1,310,1,1636,9,"","","","","","","","","","","","","","","","",10.6,1,8.5,9,10.6,1,1700,9,14.1,1,1601,9,0,9,"","","","","","","","",5.8,9,"","","","","","",87,1,75,9,1601,9,88,9,1653,9,0,9,45,9,11.1,9,"","","","","","","","","","","","","","","","","","","","","","","","","","","","","","","","","","","","","","","","","","","","","","","","","","","","","","","","","","","","","","","","","","","","","","","","","","","","","","","","","","","","","","","","","","","","","","","","","","","","","","","","","","","","","","","","","","","",""
"47323004","VILLENEUVE-SUR-LOT",44.3975,0.764,59,2015122418,0.,1,"","",0.8,1,100,1,1.1,1,110,1,1744,9,1.8,1,100,1,1743,9,"","","","","","","","","","","","","","","","",7.4,1,6.5,9,7.4,1,1759,9,10.6,1,1701,9,0,9,"","","","","","","","",2.9,9,"","","","","","",94,1,82,9,1703,9,96,9,1748,9,0,9,60,9,9.7,9,"","","","","","","","","","","","","","","","","","","","","","","","","","","","","","","","","","","","","","","","","","","","","","","","","","","","","","","","","","","","","","","","","","","","","","","","","","","","","","","","","","","","","","","","","","","","","","","","","","","","","","","","","","","","","","","","","","","",""
"47323004","VILLENEUVE-SUR-LOT",44.3975,0.764,59,2015122419,0.,1,"","",1.2,1,80,1,1.3,1,90,1,1853,9,1.7,1,80,1,1853,9,"","","","","","","","","","","","","","","","",6.6,1,6.1,9,6.3,9,1856,9,7.4,9,1801,9,0,9,"","","","","","","","",2.2,9,"","","","","","",97,9,93,9,1814,9,98,9,1850,9,0,9,60,9,9.4,9,"","","","","","","","","","","","","","","","","","","","","","","","","","","","","","","","","","","","","","","","","","","","","","","","","","","","","","","","","","","","","","","","","","","","","","","","","","","","","","","","","","","","","","","","","","","","","","","","","","","","","","","","","","","","","","","","","","","",""
"47323004","VILLENEUVE-SUR-LOT",44.3975,0.764,59,2015122420,0.,1,"","",0.7,1,120,1,2.,1,100,1,1932,9,2.8,1,110,1,1933,9,"","","","","","","","","","","","","","","","",5.8,1,5.3,9,5.8,1,2000,9,6.6,1,1901,9,0,9,"","","","","","","","",1.7,9,"","","","","","",97,1,95,9,1906,9,98,9,1903,9,0,9,60,9,8.9,9,"","","","","","","","","","","","","","","","","","","","","","","","","","","","","","","","","","","","","","","","","","","","","","","","","","","","","","","","","","","","","","","","","","","","","","","","","","","","","","","","","","","","","","","","","","","","","","","","","","","","","","","","","","","","","","","","","","","",""
"47323004","VILLENEUVE-SUR-LOT",44.3975,0.764,59,2015122421,0.,1,"","",1.9,1,70,1,2.2,1,90,1,2044,9,2.9,1,70,1,2049,9,"","","","","","","","","","","","","","","","",6.6,1,6.2,9,5.5,1,2004,9,6.8,1,2044,9,0,9,"","","","","","","","",1.8,9,"","","","","","",98,1,96,9,2050,9,99,9,2028,9,0,9,60,9,9.5,9,"","","","","","","","","","","","","","","","","","","","","","","","","","","","","","","","","","","","","","","","","","","","","","","","","","","","","","","","","","","","","","","","","","","","","","","","","","","","","","","","","","","","","","","","","","","","","","","","","","","","","","","","","","","","","","","","","","","",""
"47323004","VILLENEUVE-SUR-LOT",44.3975,0.764,59,2015122422,0.,1,"","",0.7,1,50,1,1.8,1,70,1,2101,9,2.7,1,60,1,2127,9,"","","","","","","","","","","","","","","","",6.2,1,5.9,9,5.8,1,2147,9,6.7,1,2102,9,0,9,"","","","","","","","",2.6,9,"","","","","","",98,1,96,9,2113,9,99,9,2101,9,0,9,60,9,9.3,9,"","","","","","","","","","","","","","","","","","","","","","","","","","","","","","","","","","","","","","","","","","","","","","","","","","","","","","","","","","","","","","","","","","","","","","","","","","","","","","","","","","","","","","","","","","","","","","","","","","","","","","","","","","","","","","","","","","","",""
"47323004","VILLENEUVE-SUR-LOT",44.3975,0.764,59,2015122423,0.2,1,"","",1.2,1,80,1,1.8,1,60,1,2224,9,2.8,1,60,1,2217,9,"","","","","","","","","","","","","","","","",8.1,1,7.8,9,5.8,1,2214,9,8.1,1,2258,9,0,9,"","","","","","","","",2.4,9,"","","","","","",98,1,97,9,2202,9,99,9,2223,9,0,9,60,9,10.6,9,"","","","","","","","","","","","","","","","","","","","","","","","","","","","","","","","","","","","","","","","","","","","","","","","","","","","","","","","","","","","","","","","","","","","","","","","","","","","","","","","","","","","","","","","","","","","","","","","","","","","","","","","","","","","","","","","","","","",""
"47323004","VILLENEUVE-SUR-LOT",44.3975,0.764,59,2015122500,0.,1,"","",1.9,1,70,1,3.3,1,50,1,2334,9,5.3,1,50,1,2328,9,"","","","","","","","","","","","","","","","",8.1,1,6.4,9,7.9,1,2302,9,9.7,1,2340,9,0,9,"","","","","","","","",4.5,9,"","","","","","",89,1,89,9,2356,9,99,9,2315,9,0,9,60,9,9.6,9,"","","","","","","","","","","","","","","","","","","","","","","","","","","","","","","","","","","","","","","","","","","","","","","","","","","","","","","","","","","","","","","","","","","","","","","","","","","","","","","","","","","","","","","","","","","","","","","","","","","","","","","","","","","","","","","","","","","",""
"47323004","VILLENEUVE-SUR-LOT",44.3975,0.764,59,2015122501,0.,1,"","",2.9,1,60,1,3.1,1,70,1,24,9,4.5,1,60,1,27,9,"","","","","","","","","","","","","","","","",7.8,1,7.1,9,6.4,1,22,9,8.,1,1,9,0,9,"","","","","","","","",4.2,9,"","","","","","",96,1,89,9,1,9,98,9,49,9,0,9,60,9,10.1,9,"","","","","","","","","","","","","","","","","","","","","","","","","","","","","","","","","","","","","","","","","","","","","","","","","","","","","","","","","","","","","","","","","","","","","","","","","","","","","","","","","","","","","","","","","","","","","","","","","","","","","","","","","","","","","","","","","","","",""
"47323004","VILLENEUVE-SUR-LOT",44.3975,0.764,59,2015122502,0.,1,"","",2.1,1,80,1,2.9,1,60,1,101,9,4.6,1,50,1,113,9,"","","","","","","","","","","","","","","","",5.6,1,4.8,9,5.6,1,158,9,7.9,1,102,9,0,9,"","","","","","","","",3.1,9,"","","","","","",95,1,93,9,130,9,97,9,113,9,0,9,60,9,8.6,9,"","","","","","","","","","","","","","","","","","","","","","","","","","","","","","","","","","","","","","","","","","","","","","","","","","","","","","","","","","","","","","","","","","","","","","","","","","","","","","","","","","","","","","","","","","","","","","","","","","","","","","","","","","","","","","","","","","","",""
"47323004","VILLENEUVE-SUR-LOT",44.3975,0.764,59,2015122503,0.,1,"","",3.,1,110,1,3.2,1,100,1,240,9,4.1,1,100,1,256,9,"","","","","","","","","","","","","","","","",5.2,1,4.8,9,4.9,1,216,9,5.6,1,201,9,0,9,"","","","","","","","",2.7,9,"","","","","","",97,1,95,9,203,9,98,9,235,9,0,9,60,9,8.6,9,"","","","","","","","","","","","","","","","","","","","","","","","","","","","","","","","","","","","","","","","","","","","","","","","","","","","","","","","","","","","","","","","","","","","","","","","","","","","","","","","","","","","","","","","","","","","","","","","","","","","","","","","","","","","","","","","","","","",""
"47323004","VILLENEUVE-SUR-LOT",44.3975,0.764,59,2015122504,0.,1,"","",2.7,1,100,1,3.3,1,110,1,314,9,4.5,1,100,1,306,9,"","","","","","","","","","","","","","","","",4.4,1,3.9,9,4.4,1,400,9,5.3,1,304,9,0,9,"","","","","","","","",2.9,9,"","","","","","",97,1,95,9,314,9,98,9,303,9,0,9,60,9,8.1,9,"","","","","","","","","","","","","","","","","","","","","","","","","","","","","","","","","","","","","","","","","","","","","","","","","","","","","","","","","","","","","","","","","","","","","","","","","","","","","","","","","","","","","","","","","","","","","","","","","","","","","","","","","","","","","","","","","","","",""
"47323004","VILLENEUVE-SUR-LOT",44.3975,0.764,59,2015122505,0.2,1,"","",2.9,1,100,1,3.4,1,90,1,408,9,4.4,1,90,1,404,9,"","","","","","","","","","","","","","","","",4.,1,3.6,9,3.9,1,456,9,4.5,1,406,9,0,9,"","","","","","","","",1.5,9,"","","","","","",97,1,96,9,402,9,98,9,426,9,0,9,60,9,7.9,9,"","","","","","","","","","","","","","","","","","","","","","","","","","","","","","","","","","","","","","","","","","","","","","","","","","","","","","","","","","","","","","","","","","","","","","","","","","","","","","","","","","","","","","","","","","","","","","","","","","","","","","","","","","","","","","","","","","","",""
"47323004","VILLENEUVE-SUR-LOT",44.3975,0.764,59,2015122506,0.,1,"","",2.6,1,110,1,2.9,1,100,1,501,9,3.4,1,100,1,550,9,"","","","","","","","","","","","","","","","",4.,1,3.8,9,3.7,1,544,9,4.2,1,508,9,0,9,"","","","","","","","",1.,9,"","","","","","",98,1,96,9,513,9,99,9,508,9,0,9,60,9,8.,9,"","","","","","","","","","","","","","","","","","","","","","","","","","","","","","","","","","","","","","","","","","","","","","","","","","","","","","","","","","","","","","","","","","","","","","","","","","","","","","","","","","","","","","","","","","","","","","","","","","","","","","","","","","","","","","","","","","","",""
"47323004","VILLENEUVE-SUR-LOT",44.3975,0.764,59,2015122507,0.,1,"","",3.1,1,90,1,3.5,1,100,1,647,9,5.1,1,80,1,647,9,"","","","","","","","","","","","","","","","",4.,1,3.4,9,3.8,9,618,9,4.2,9,633,9,0,9,"","","","","","","","",1.3,9,"","","","","","",96,9,95,9,651,9,99,9,615,9,0,9,60,9,7.8,9,"","","","","","","","","","","","","","","","","","","","","","","","","","","","","","","","","","","","","","","","","","","","","","","","","","","","","","","","","","","","","","","","","","","","","","","","","","","","","","","","","","","","","","","","","","","","","","","","","","","","","","","","","","","","","","","","","","","",""
"47323004","VILLENEUVE-SUR-LOT",44.3975,0.764,59,2015122508,0.,1,"","",2.2,1,110,1,3.3,1,100,1,710,9,4.1,1,90,1,703,9,"","","","","","","","","","","","","","","","",3.6,1,3.,9,3.5,1,744,9,3.9,1,701,9,0,9,"","","","","","","","",1.9,9,"","","","","","",96,1,95,9,701,9,98,9,753,9,0,9,60,9,7.6,9,"","","","","","","","","","","","","","","","","","","","","","","","","","","","","","","","","","","","","","","","","","","","","","","","","","","","","","","","","","","","","","","","","","","","","","","","","","","","","","","","","","","","","","","","","","","","","","","","","","","","","","","","","","","","","","","","","","","",""
"47323004","VILLENEUVE-SUR-LOT",44.3975,0.764,59,2015122509,0.,1,"","",2.6,1,90,1,2.8,1,110,1,819,9,3.8,1,90,1,850,9,"","","","","","","","","","","","","","","","",5.2,1,4.1,9,3.6,1,801,9,5.2,1,900,9,0,9,"","","","","","","","",2.8,9,"","","","","","",93,1,93,9,842,9,98,9,809,9,0,9,60,9,8.2,9,"","","","","","","","","","","","","","","","","","","","","","","","","","","","","","","","","","","","","","","","","","","","","","","","","","","","","","","","","","","","","","","","","","","","","","","","","","","","","","","","","","","","","","","","","","","","","","","","","","","","","","","","","","","","","","","","","","","",""
"47323004","VILLENEUVE-SUR-LOT",44.3975,0.764,59,2015122510,0.,1,"","",1.8,1,70,1,2.5,1,100,1,901,9,3.6,1,100,1,902,9,"","","","","","","","","","","","","","","","",8.1,1,6.7,9,5.3,1,901,9,8.1,1,1000,9,0,9,"","","","","","","","",7.6,9,"","","","","","",91,1,87,9,931,9,95,9,901,9,0,9,60,9,9.8,9,"","","","","","","","","","","","","","","","","","","","","","","","","","","","","","","","","","","","","","","","","","","","","","","","","","","","","","","","","","","","","","","","","","","","","","","","","","","","","","","","","","","","","","","","","","","","","","","","","","","","","","","","","","","","","","","","","","","",""
"47323004","VILLENEUVE-SUR-LOT",44.3975,0.764,59,2015122511,0.,1,"","",1.5,1,60,1,2.1,1,60,1,1036,9,2.8,1,60,1,1033,9,"","","","","","","","","","","","","","","","",13.1,1,8.9,9,8.2,1,1001,9,13.1,1,1100,9,0,9,"","","","","","","","",12.2,9,"","","","","","",76,1,76,9,1057,9,91,9,1001,9,0,9,48,9,11.4,9,"","","","","","","","","","","","","","","","","","","","","","","","","","","","","","","","","","","","","","","","","","","","","","","","","","","","","","","","","","","","","","","","","","","","","","","","","","","","","","","","","","","","","","","","","","","","","","","","","","","","","","","","","","","","","","","","","","","",""
"47323004","VILLENEUVE-SUR-LOT",44.3975,0.764,59,2015122512,0.,1,"","",3.2,1,130,1,4.6,1,110,1,1129,9,6.7,1,100,1,1120,9,"","","","","","","","","","","","","","","","",15.2,1,9.9,9,13.2,1,1101,9,15.2,1,1200,9,0,9,"","","","","","","","",17.7,9,"","","","","","",71,1,70,9,1158,9,79,9,1102,9,0,9,0,9,12.2,9,"","","","","","","","","","","","","","","","","","","","","","","","","","","","","","","","","","","","","","","","","","","","","","","","","","","","","","","","","","","","","","","","","","","","","","","","","","","","","","","","","","","","","","","","","","","","","","","","","","","","","","","","","","","","","","","","","","","",""
"47323004","VILLENEUVE-SUR-LOT",44.3975,0.764,59,2015122513,0.,1,"","",3.6,1,100,1,3.8,1,100,1,1227,9,5.7,1,90,1,1255,9,"","","","","","","","","","","","","","","","",15.5,1,9.8,9,15.1,1,1212,9,15.5,1,1246,9,0,9,"","","","","","","","",19.,9,"","","","","","",69,1,67,9,1240,9,74,9,1204,9,0,9,0,9,12.1,9,"","","","","","","","","","","","","","","","","","","","","","","","","","","","","","","","","","","","","","","","","","","","","","","","","","","","","","","","","","","","","","","","","","","","","","","","","","","","","","","","","","","","","","","","","","","","","","","","","","","","","","","","","","","","","","","","","","","",""
"47323004","VILLENEUVE-SUR-LOT",44.3975,0.764,59,2015122514,0.,1,"","",2.8,1,110,1,3.6,1,100,1,1301,9,5.4,1,90,1,1345,9,"","","","","","","","","","","","","","","","",16.,1,10.,9,15.5,1,1301,9,16.,1,1358,9,0,9,"","","","","","","","",18.2,9,"","","","","","",68,1,65,9,1320,9,70,9,1301,9,0,9,0,9,12.3,9,"","","","","","","","","","","","","","","","","","","","","","","","","","","","","","","","","","","","","","","","","","","","","","","","","","","","","","","","","","","","","","","","","","","","","","","","","","","","","","","","","","","","","","","","","","","","","","","","","","","","","","","","","","","","","","","","","","","",""
"47323004","VILLENEUVE-SUR-LOT",44.3975,0.764,59,2015122515,0.,1,"","",2.6,1,110,1,3.,1,100,1,1416,9,4.5,1,110,1,1415,9,"","","","","","","","","","","","","","","","",15.9,1,9.3,9,15.9,1,1442,9,16.1,1,1402,9,0,9,"","","","","","","","",17.1,9,"","","","","","",65,1,63,9,1459,9,67,9,1402,9,0,9,0,9,11.7,9,"","","","","","","","","","","","","","","","","","","","","","","","","","","","","","","","","","","","","","","","","","","","","","","","","","","","","","","","","","","","","","","","","","","","","","","","","","","","","","","","","","","","","","","","","","","","","","","","","","","","","","","","","","","","","","","","","","","",""
"47323004","VILLENEUVE-SUR-LOT",44.3975,0.764,59,2015122516,0.,1,"","",1.8,1,120,1,2.6,1,110,1,1501,9,4.2,1,120,1,1548,9,"","","","","","","","","","","","","","","","",14.7,1,8.9,9,14.7,1,1600,9,15.9,1,1501,9,0,9,"","","","","","","","",11.3,9,"","","","","","",68,1,64,9,1507,9,68,9,1556,9,0,9,0,9,11.4,9,"","","","","","","","","","","","","","","","","","","","","","","","","","","","","","","","","","","","","","","","","","","","","","","","","","","","","","","","","","","","","","","","","","","","","","","","","","","","","","","","","","","","","","","","","","","","","","","","","","","","","","","","","","","","","","","","","","","",""
"47323004","VILLENEUVE-SUR-LOT",44.3975,0.764,59,2015122517,0.,1,"","",0.,1,0,1,1.8,1,110,1,1601,9,3.1,1,90,1,1602,9,"","","","","","","","","","","","","","","","",11.3,1,7.8,9,11.3,1,1700,9,14.7,1,1601,9,0,9,"","","","","","","","",5.,9,"","","","","","",79,1,69,9,1601,9,80,9,1659,9,0,9,1,9,10.6,9,"","","","","","","","","","","","","","","","","","","","","","","","","","","","","","","","","","","","","","","","","","","","","","","","","","","","","","","","","","","","","","","","","","","","","","","","","","","","","","","","","","","","","","","","","","","","","","","","","","","","","","","","","","","","","","","","","","","",""
"47323004","VILLENEUVE-SUR-LOT",44.3975,0.764,59,2015122518,0.,1,"","",0.,1,0,1,1.,1,100,1,1741,9,1.3,1,110,1,1735,9,"","","","","","","","","","","","","","","","",8.1,1,6.7,9,8.1,1,1800,9,11.1,1,1701,9,0,9,"","","","","","","","",2.8,9,"","","","","","",91,1,78,9,1707,9,93,9,1742,9,0,9,54,9,9.8,9,"","","","","","","","","","","","","","","","","","","","","","","","","","","","","","","","","","","","","","","","","","","","","","","","","","","","","","","","","","","","","","","","","","","","","","","","","","","","","","","","","","","","","","","","","","","","","","","","","","","","","","","","","","","","","","","","","","","",""
"47323004","VILLENEUVE-SUR-LOT",44.3975,0.764,59,2015122519,0.,1,"","",1.2,1,80,1,1.3,1,90,1,1851,9,1.8,1,90,1,1850,9,"","","","","","","","","","","","","","","","",6.1,1,5.5,9,5.8,9,1843,9,8.1,9,1801,9,0,9,"","","","","","","","",1.5,9,"","","","","","",96,9,87,9,1806,9,96,9,1851,9,0,9,60,9,9.,9,"","","","","","","","","","","","","","","","","","","","","","","","","","","","","","","","","","","","","","","","","","","","","","","","","","","","","","","","","","","","","","","","","","","","","","","","","","","","","","","","","","","","","","","","","","","","","","","","","","","","","","","","","","","","","","","","","","","",""
"47323004","VILLENEUVE-SUR-LOT",44.3975,0.764,59,2015122520,0.,1,"","",1.3,1,90,1,1.7,1,110,1,1920,9,2.2,1,90,1,1914,9,"","","","","","","","","","","","","","","","",6.3,1,5.9,9,5.9,1,1932,9,6.5,1,1919,9,0,9,"","","","","","","","",1.2,9,"","","","","","",97,1,95,9,1941,9,98,9,1917,9,0,9,60,9,9.3,9,"","","","","","","","","","","","","","","","","","","","","","","","","","","","","","","","","","","","","","","","","","","","","","","","","","","","","","","","","","","","","","","","","","","","","","","","","","","","","","","","","","","","","","","","","","","","","","","","","","","","","","","","","","","","","","","","","","","",""
"47323004","VILLENEUVE-SUR-LOT",44.3975,0.764,59,2015122521,0.,1,"","",2.4,1,100,1,2.5,1,100,1,2056,9,3.2,1,100,1,2055,9,"","","","","","","","","","","","","","","","",6.,1,5.6,9,5.1,1,2044,9,6.6,1,2008,9,0,9,"","","","","","","","",1.4,9,"","","","","","",97,1,95,9,2034,9,98,9,2007,9,0,9,60,9,9.1,9,"","","","","","","","","","","","","","","","","","","","","","","","","","","","","","","","","","","","","","","","","","","","","","","","","","","","","","","","","","","","","","","","","","","","","","","","","","","","","","","","","","","","","","","","","","","","","","","","","","","","","","","","","","","","","","","","","","","",""
"47323004","VILLENEUVE-SUR-LOT",44.3975,0.764,59,2015122522,0.,1,"","",2.2,1,100,1,2.7,1,90,1,2122,9,3.7,1,90,1,2116,9,"","","","","","","","","","","","","","","","",5.6,1,5.1,9,5.5,1,2147,9,6.1,1,2129,9,0,9,"","","","","","","","",1.5,9,"","","","","","",97,1,95,9,2141,9,98,9,2103,9,0,9,60,9,8.8,9,"","","","","","","","","","","","","","","","","","","","","","","","","","","","","","","","","","","","","","","","","","","","","","","","","","","","","","","","","","","","","","","","","","","","","","","","","","","","","","","","","","","","","","","","","","","","","","","","","","","","","","","","","","","","","","","","","","","",""
"47323004","VILLENEUVE-SUR-LOT",44.3975,0.764,59,2015122523,0.,1,"","",2.3,1,110,1,2.9,1,100,1,2240,9,3.7,1,100,1,2237,9,"","","","","","","","","","","","","","","","",5.3,1,4.8,9,5.1,1,2250,9,5.9,1,2208,9,0,9,"","","","","","","","",1.3,9,"","","","","","",97,1,95,9,2232,9,98,9,2215,9,0,9,60,9,8.6,9,"","","","","","","","","","","","","","","","","","","","","","","","","","","","","","","","","","","","","","","","","","","","","","","","","","","","","","","","","","","","","","","","","","","","","","","","","","","","","","","","","","","","","","","","","","","","","","","","","","","","","","","","","","","","","","","","","","","",""
"47323004","VILLENEUVE-SUR-LOT",44.3975,0.764,59,2015122600,0.,1,"","",1.8,1,110,1,3.4,1,100,1,2332,9,4.4,1,100,1,2327,9,"","","","","","","","","","","","","","","","",5.4,1,5.1,9,4.9,1,2340,9,5.4,1,2330,9,0,9,"","","","","","","","",1.6,9,"","","","","","",98,1,96,9,2301,9,99,9,2359,9,0,9,60,9,8.8,9,"","","","","","","","","","","","","","","","","","","","","","","","","","","","","","","","","","","","","","","","","","","","","","","","","","","","","","","","","","","","","","","","","","","","","","","","","","","","","","","","","","","","","","","","","","","","","","","","","","","","","","","","","","","","","","","","","","","",""
"47323004","VILLENEUVE-SUR-LOT",44.3975,0.764,59,2015122601,0.,1,"","",2.8,1,110,1,3.2,1,100,1,51,9,4.2,1,100,1,49,9,"","","","","","","","","","","","","","","","",4.8,1,4.5,9,4.5,1,38,9,5.4,1,1,9,0,9,"","","","","","","","",0.5,9,"","","","","","",98,1,96,9,10,9,99,9,55,9,0,9,60,9,8.4,9,"","","","","","","","","","","","","","","","","","","","","","","","","","","","","","","","","","","","","","","","","","","","","","","","","","","","","","","","","","","","","","","","","","","","","","","","","","","","","","","","","","","","","","","","","","","","","","","","","","","","","","","","","","","","","","","","","","","",""
"47323004","VILLENEUVE-SUR-LOT",44.3975,0.764,59,2015122602,0.2,1,"","",3.3,1,110,1,3.3,1,110,1,155,9,4.3,1,110,1,158,9,"","","","","","","","","","","","","","","","",4.5,1,4.1,9,4.,1,131,9,4.8,1,101,9,0,9,"","","","","","","","",1.1,9,"","","","","","",97,1,96,9,103,9,99,9,157,9,0,9,60,9,8.2,9,"","","","","","","","","","","","","","","","","","","","","","","","","","","","","","","","","","","","","","","","","","","","","","","","","","","","","","","","","","","","","","","","","","","","","","","","","","","","","","","","","","","","","","","","","","","","","","","","","","","","","","","","","","","","","","","","","","","",""
"47323004","VILLENEUVE-SUR-LOT",44.3975,0.764,59,2015122603,0.,1,"","",2.5,1,100,1,3.8,1,100,1,210,9,4.9,1,100,1,206,9,"","","","","","","","","","","","","","","","",3.4,1,3.,9,3.4,1,300,9,4.6,1,209,9,0,9,"","","","","","","","",1.4,9,"","","","","","",97,1,96,9,241,9,99,9,239,9,0,9,60,9,7.6,9,"","","","","","","","","","","","","","","","","","","","","","","","","","","","","","","","","","","","","","","","","","","","","","","","","","","","","","","","","","","","","","","","","","","","","","","","","","","","","","","","","","","","","","","","","","","","","","","","","","","","","","","","","","","","","","","","","","","",""
"47323004","VILLENEUVE-SUR-LOT",44.3975,0.764,59,2015122604,0.,1,"","",1.6,1,110,1,2.5,1,100,1,302,9,3.1,1,100,1,313,9,"","","","","","","","","","","","","","","","",3.3,1,3.,9,3.1,1,312,9,3.4,1,301,9,0,9,"","","","","","","","",0.3,9,"","","","","","",98,1,96,9,309,9,99,9,331,9,0,9,60,9,7.6,9,"","","","","","","","","","","","","","","","","","","","","","","","","","","","","","","","","","","","","","","","","","","","","","","","","","","","","","","","","","","","","","","","","","","","","","","","","","","","","","","","","","","","","","","","","","","","","","","","","","","","","","","","","","","","","","","","","","","",""
"47323004","VILLENEUVE-SUR-LOT",44.3975,0.764,59,2015122605,0.,1,"","",2.2,1,110,1,2.3,1,90,1,415,9,3.7,1,110,1,457,9,"","","","","","","","","","","","","","","","",3.6,1,3.2,9,3.1,1,414,9,3.6,1,454,9,0,9,"","","","","","","","",0.,9,"","","","","","",98,1,96,9,427,9,99,9,410,9,0,9,60,9,7.7,9,"","","","","","","","","","","","","","","","","","","","","","","","","","","","","","","","","","","","","","","","","","","","","","","","","","","","","","","","","","","","","","","","","","","","","","","","","","","","","","","","","","","","","","","","","","","","","","","","","","","","","","","","","","","","","","","","","","","",""
"47323004","VILLENEUVE-SUR-LOT",44.3975,0.764,59,2015122606,0.,1,"","",2.7,1,100,1,3.1,1,100,1,518,9,4.2,1,90,1,543,9,"","","","","","","","","","","","","","","","",3.3,1,2.9,9,3.3,1,559,9,3.9,1,519,9,0,9,"","","","","","","","",1.4,9,"","","","","","",97,1,97,9,514,9,99,9,505,9,0,9,60,9,7.5,9,"","","","","","","","","","","","","","","","","","","","","","","","","","","","","","","","","","","","","","","","","","","","","","","","","","","","","","","","","","","","","","","","","","","","","","","","","","","","","","","","","","","","","","","","","","","","","","","","","","","","","","","","","","","","","","","","","","","",""
"47323004","VILLENEUVE-SUR-LOT",44.3975,0.764,59,2015122607,0.,1,"","",3.5,1,90,1,3.5,1,90,1,658,9,4.7,1,90,1,658,9,"","","","","","","","","","","","","","","","",3.9,1,3.4,9,3.1,9,622,9,3.9,9,700,9,0,9,"","","","","","","","",0.5,9,"","","","","","",97,9,97,9,603,9,99,9,607,9,0,9,60,9,7.8,9,"","","","","","","","","","","","","","","","","","","","","","","","","","","","","","","","","","","","","","","","","","","","","","","","","","","","","","","","","","","","","","","","","","","","","","","","","","","","","","","","","","","","","","","","","","","","","","","","","","","","","","","","","","","","","","","","","","","",""
"47323004","VILLENEUVE-SUR-LOT",44.3975,0.764,59,2015122608,0.2,1,"","",2.1,1,110,1,3.6,1,90,1,702,9,4.2,1,80,1,701,9,"","","","","","","","","","","","","","","","",4.,1,3.8,9,3.2,1,733,9,4.,1,800,9,0,9,"","","","","","","","",0.2,9,"","","","","","",98,1,97,9,710,9,99,9,706,9,0,9,60,9,8.,9,"","","","","","","","","","","","","","","","","","","","","","","","","","","","","","","","","","","","","","","","","","","","","","","","","","","","","","","","","","","","","","","","","","","","","","","","","","","","","","","","","","","","","","","","","","","","","","","","","","","","","","","","","","","","","","","","","","","",""
"47323004","VILLENEUVE-SUR-LOT",44.3975,0.764,59,2015122609,0.,1,"","",1.9,1,110,1,3.2,1,100,1,820,9,4.,1,100,1,819,9,"","","","","","","","","","","","","","","","",6.2,1,5.3,9,4.,1,801,9,6.2,1,859,9,0,9,"","","","","","","","",2.8,9,"","","","","","",94,1,93,9,858,9,99,9,809,9,0,9,60,9,8.9,9,"","","","","","","","","","","","","","","","","","","","","","","","","","","","","","","","","","","","","","","","","","","","","","","","","","","","","","","","","","","","","","","","","","","","","","","","","","","","","","","","","","","","","","","","","","","","","","","","","","","","","","","","","","","","","","","","","","","",""
"47323004","VILLENEUVE-SUR-LOT",44.3975,0.764,59,2015122610,0.,1,"","",1.3,1,120,1,2.1,1,100,1,904,9,2.8,1,100,1,914,9,"","","","","","","","","","","","","","","","",9.7,1,7.,9,6.3,1,901,9,9.8,1,957,9,0,9,"","","","","","","","",8.4,9,"","","","","","",83,1,83,9,958,9,94,9,901,9,0,9,60,9,10.,9,"","","","","","","","","","","","","","","","","","","","","","","","","","","","","","","","","","","","","","","","","","","","","","","","","","","","","","","","","","","","","","","","","","","","","","","","","","","","","","","","","","","","","","","","","","","","","","","","","","","","","","","","","","","","","","","","","","","",""
"47323004","VILLENEUVE-SUR-LOT",44.3975,0.764,59,2015122611,0.,1,"","",2.7,1,80,1,2.7,1,70,1,1034,9,4.,1,90,1,1100,9,"","","","","","","","","","","","","","","","",13.8,1,9.4,9,9.7,1,1001,9,13.8,1,1100,9,0,9,"","","","","","","","",13.2,9,"","","","","","",75,1,74,9,1056,9,86,9,1021,9,0,9,46,9,11.8,9,"","","","","","","","","","","","","","","","","","","","","","","","","","","","","","","","","","","","","","","","","","","","","","","","","","","","","","","","","","","","","","","","","","","","","","","","","","","","","","","","","","","","","","","","","","","","","","","","","","","","","","","","","","","","","","","","","","","",""
"47323004","VILLENEUVE-SUR-LOT",44.3975,0.764,59,2015122612,0.,1,"","",2.5,1,120,1,4.2,1,100,1,1112,9,6.3,1,140,1,1140,9,"","","","","","","","","","","","","","","","",15.6,1,9.4,9,13.8,1,1101,9,15.6,1,1200,9,0,9,"","","","","","","","",17.5,9,"","","","","","",67,1,67,9,1136,9,76,9,1101,9,0,9,0,9,11.8,9,"","","","","","","","","","","","","","","","","","","","","","","","","","","","","","","","","","","","","","","","","","","","","","","","","","","","","","","","","","","","","","","","","","","","","","","","","","","","","","","","","","","","","","","","","","","","","","","","","","","","","","","","","","","","","","","","","","","",""
"47323004","VILLENEUVE-SUR-LOT",44.3975,0.764,59,2015122613,0.,1,"","",3.2,1,130,1,4.,1,120,1,1226,9,6.2,1,130,1,1221,9,"","","","","","","","","","","","","","","","",16.3,1,9.3,9,15.6,1,1201,9,16.3,1,1300,9,0,9,"","","","","","","","",18.6,9,"","","","","","",63,1,62,9,1257,9,69,9,1229,9,0,9,0,9,11.7,9,"","","","","","","","","","","","","","","","","","","","","","","","","","","","","","","","","","","","","","","","","","","","","","","","","","","","","","","","","","","","","","","","","","","","","","","","","","","","","","","","","","","","","","","","","","","","","","","","","","","","","","","","","","","","","","","","","","","",""
"47323004","VILLENEUVE-SUR-LOT",44.3975,0.764,59,2015122614,0.,1,"","",4.,1,120,1,4.2,1,120,1,1349,9,7.2,1,110,1,1359,9,"","","","","","","","","","","","","","","","",16.6,1,8.5,9,16.2,1,1315,9,16.7,1,1354,9,0,9,"","","","","","","","",18.,9,"","","","","","",59,1,58,9,1352,9,65,9,1313,9,0,9,0,9,11.1,9,"","","","","","","","","","","","","","","","","","","","","","","","","","","","","","","","","","","","","","","","","","","","","","","","","","","","","","","","","","","","","","","","","","","","","","","","","","","","","","","","","","","","","","","","","","","","","","","","","","","","","","","","","","","","","","","","","","","",""
"47323004","VILLENEUVE-SUR-LOT",44.3975,0.764,59,2015122615,0.,1,"","",2.4,1,120,1,4.4,1,120,1,1406,9,6.8,1,120,1,1406,9,"","","","","","","","","","","","","","","","",16.6,1,8.5,9,16.5,1,1401,9,16.8,1,1420,9,0,9,"","","","","","","","",17.8,9,"","","","","","",59,1,58,9,1407,9,61,9,1401,9,0,9,0,9,11.1,9,"","","","","","","","","","","","","","","","","","","","","","","","","","","","","","","","","","","","","","","","","","","","","","","","","","","","","","","","","","","","","","","","","","","","","","","","","","","","","","","","","","","","","","","","","","","","","","","","","","","","","","","","","","","","","","","","","","","",""
"47323004","VILLENEUVE-SUR-LOT",44.3975,0.764,59,2015122616,0.,1,"","",2.,1,100,1,3.1,1,120,1,1516,9,5.,1,120,1,1513,9,"","","","","","","","","","","","","","","","",14.6,1,8.5,9,14.6,1,1600,9,16.6,1,1501,9,0,9,"","","","","","","","",11.2,9,"","","","","","",67,1,59,9,1501,9,68,9,1559,9,0,9,0,9,11.1,9,"","","","","","","","","","","","","","","","","","","","","","","","","","","","","","","","","","","","","","","","","","","","","","","","","","","","","","","","","","","","","","","","","","","","","","","","","","","","","","","","","","","","","","","","","","","","","","","","","","","","","","","","","","","","","","","","","","","",""
"47323004","VILLENEUVE-SUR-LOT",44.3975,0.764,59,2015122617,0.,1,"","",1.7,1,90,1,2.,1,70,1,1629,9,2.9,1,70,1,1604,9,"","","","","","","","","","","","","","","","",11.8,1,8.3,9,11.5,1,1647,9,14.5,1,1601,9,0,9,"","","","","","","","",4.,9,"","","","","","",79,1,68,9,1601,9,81,9,1649,9,0,9,11,9,10.9,9,"","","","","","","","","","","","","","","","","","","","","","","","","","","","","","","","","","","","","","","","","","","","","","","","","","","","","","","","","","","","","","","","","","","","","","","","","","","","","","","","","","","","","","","","","","","","","","","","","","","","","","","","","","","","","","","","","","","",""
"47323004","VILLENEUVE-SUR-LOT",44.3975,0.764,59,2015122618,0.,1,"","",2.,1,50,1,2.,1,60,1,1755,9,2.7,1,60,1,1755,9,"","","","","","","","","","","","","","","","",9.8,1,7.3,9,9.5,1,1755,9,11.8,1,1701,9,0,9,"","","","","","","","",2.9,9,"","","","","","",84,1,78,9,1702,9,87,9,1758,9,0,9,38,9,10.2,9,"","","","","","","","","","","","","","","","","","","","","","","","","","","","","","","","","","","","","","","","","","","","","","","","","","","","","","","","","","","","","","","","","","","","","","","","","","","","","","","","","","","","","","","","","","","","","","","","","","","","","","","","","","","","","","","","","","","",""
"47323004","VILLENEUVE-SUR-LOT",44.3975,0.764,59,2015122619,0.,1,"","",2.,1,70,1,2.,1,50,1,1801,9,4.1,1,70,1,1837,9,"","","","","","","","","","","","","","","","",10.7,1,7.7,9,9.8,9,1801,9,11.4,9,1852,9,0,9,"","","","","","","","",4.8,9,"","","","","","",82,9,80,9,1854,9,86,9,1803,9,0,9,60,9,10.5,9,"","","","","","","","","","","","","","","","","","","","","","","","","","","","","","","","","","","","","","","","","","","","","","","","","","","","","","","","","","","","","","","","","","","","","","","","","","","","","","","","","","","","","","","","","","","","","","","","","","","","","","","","","","","","","","","","","","","",""
"47323004","VILLENEUVE-SUR-LOT",44.3975,0.764,59,2015122620,0.,1,"","",2.3,1,50,1,2.3,1,70,1,1911,9,5.9,1,140,1,1932,9,"","","","","","","","","","","","","","","","",11.8,1,9.,9,10.7,1,1901,9,11.8,1,1947,9,0,9,"","","","","","","","",6.6,9,"","","","","","",83,1,81,9,1916,9,85,9,1906,9,0,9,60,9,11.5,9,"","","","","","","","","","","","","","","","","","","","","","","","","","","","","","","","","","","","","","","","","","","","","","","","","","","","","","","","","","","","","","","","","","","","","","","","","","","","","","","","","","","","","","","","","","","","","","","","","","","","","","","","","","","","","","","","","","","",""
"47323004","VILLENEUVE-SUR-LOT",44.3975,0.764,59,2015122621,0.,1,"","",2.3,1,70,1,2.9,1,90,1,2044,9,6.,1,110,1,2057,9,"","","","","","","","","","","","","","","","",11.6,1,8.8,9,11.3,1,2019,9,11.9,1,2044,9,0,9,"","","","","","","","",8.2,9,"","","","","","",83,1,80,9,2004,9,84,9,2021,9,0,9,60,9,11.3,9,"","","","","","","","","","","","","","","","","","","","","","","","","","","","","","","","","","","","","","","","","","","","","","","","","","","","","","","","","","","","","","","","","","","","","","","","","","","","","","","","","","","","","","","","","","","","","","","","","","","","","","","","","","","","","","","","","","","",""
"47323004","VILLENEUVE-SUR-LOT",44.3975,0.764,59,2015122622,0.,1,"","",2.7,1,70,1,2.9,1,80,1,2143,9,5.9,1,60,1,2145,9,"","","","","","","","","","","","","","","","",11.4,1,8.8,9,11.4,1,2145,9,11.9,1,2118,9,0,9,"","","","","","","","",9.,9,"","","","","","",84,1,82,9,2113,9,85,9,2131,9,0,9,60,9,11.3,9,"","","","","","","","","","","","","","","","","","","","","","","","","","","","","","","","","","","","","","","","","","","","","","","","","","","","","","","","","","","","","","","","","","","","","","","","","","","","","","","","","","","","","","","","","","","","","","","","","","","","","","","","","","","","","","","","","","","",""
"47323004","VILLENEUVE-SUR-LOT",44.3975,0.764,59,2015122623,0.,1,"","",2.8,1,70,1,2.9,1,70,1,2218,9,5.2,1,50,1,2217,9,"","","","","","","","","","","","","","","","",10.9,1,8.7,9,10.9,1,2240,9,11.5,1,2210,9,0,9,"","","","","","","","",8.6,9,"","","","","","",86,1,83,9,2201,9,86,9,2229,9,0,9,60,9,11.2,9,"","","","","","","","","","","","","","","","","","","","","","","","","","","","","","","","","","","","","","","","","","","","","","","","","","","","","","","","","","","","","","","","","","","","","","","","","","","","","","","","","","","","","","","","","","","","","","","","","","","","","","","","","","","","","","","","","","","",""
"47323004","VILLENEUVE-SUR-LOT",44.3975,0.764,59,2015122700,0.,1,"","",2.,1,60,1,3.,1,60,1,2322,9,4.2,1,70,1,2315,9,"","","","","","","","","","","","","","","","",10.3,1,7.8,9,10.2,1,2356,9,11.,1,2301,9,0,9,"","","","","","","","",7.2,9,"","","","","","",85,1,82,9,2336,9,87,9,2314,9,0,9,60,9,10.6,9,"","","","","","","","","","","","","","","","","","","","","","","","","","","","","","","","","","","","","","","","","","","","","","","","","","","","","","","","","","","","","","","","","","","","","","","","","","","","","","","","","","","","","","","","","","","","","","","","","","","","","","","","","","","","","","","","","","","",""
"47323004","VILLENEUVE-SUR-LOT",44.3975,0.764,59,2015122701,0.,1,"","",3.8,1,50,1,3.8,1,60,1,59,9,5.1,1,70,1,44,9,"","","","","","","","","","","","","","","","",10.1,1,7.3,9,9.5,1,27,9,10.4,1,4,9,0,9,"","","","","","","","",6.4,9,"","","","","","",83,1,81,9,56,9,86,9,2,9,0,9,60,9,10.2,9,"","","","","","","","","","","","","","","","","","","","","","","","","","","","","","","","","","","","","","","","","","","","","","","","","","","","","","","","","","","","","","","","","","","","","","","","","","","","","","","","","","","","","","","","","","","","","","","","","","","","","","","","","","","","","","","","","","","",""
"47323004","VILLENEUVE-SUR-LOT",44.3975,0.764,59,2015122702,0.,1,"","",1.2,1,80,1,3.8,1,60,1,101,9,5.2,1,60,1,106,9,"","","","","","","","","","","","","","","","",8.4,1,6.7,9,8.4,1,157,9,10.1,1,101,9,0,9,"","","","","","","","",3.,9,"","","","","","",89,1,81,9,103,9,89,9,148,9,0,9,60,9,9.8,9,"","","","","","","","","","","","","","","","","","","","","","","","","","","","","","","","","","","","","","","","","","","","","","","","","","","","","","","","","","","","","","","","","","","","","","","","","","","","","","","","","","","","","","","","","","","","","","","","","","","","","","","","","","","","","","","","","","","",""
"47323004","VILLENEUVE-SUR-LOT",44.3975,0.764,59,2015122703,0.,1,"","",2.1,1,110,1,2.1,1,110,1,217,9,2.9,1,100,1,259,9,"","","","","","","","","","","","","","","","",5.5,1,4.6,9,5.5,1,300,9,8.3,1,201,9,0,9,"","","","","","","","",1.6,9,"","","","","","",94,1,87,9,210,9,95,9,251,9,0,9,60,9,8.5,9,"","","","","","","","","","","","","","","","","","","","","","","","","","","","","","","","","","","","","","","","","","","","","","","","","","","","","","","","","","","","","","","","","","","","","","","","","","","","","","","","","","","","","","","","","","","","","","","","","","","","","","","","","","","","","","","","","","","",""
"47323004","VILLENEUVE-SUR-LOT",44.3975,0.764,59,2015122704,0.,1,"","",3.2,1,100,1,3.5,1,100,1,341,9,4.7,1,90,1,337,9,"","","","","","","","","","","","","","","","",5.2,1,4.5,9,5.1,1,325,9,5.5,1,301,9,0,9,"","","","","","","","",2.,9,"","","","","","",95,1,94,9,302,9,97,9,349,9,0,9,60,9,8.4,9,"","","","","","","","","","","","","","","","","","","","","","","","","","","","","","","","","","","","","","","","","","","","","","","","","","","","","","","","","","","","","","","","","","","","","","","","","","","","","","","","","","","","","","","","","","","","","","","","","","","","","","","","","","","","","","","","","","","",""
"47323004","VILLENEUVE-SUR-LOT",44.3975,0.764,59,2015122705,0.,1,"","",2.7,1,90,1,3.1,1,100,1,401,9,3.9,1,110,1,403,9,"","","","","","","","","","","","","","","","",5.3,1,4.5,9,5.2,1,401,9,5.4,1,428,9,0,9,"","","","","","","","",3.2,9,"","","","","","",94,1,94,9,417,9,97,9,427,9,0,9,60,9,8.4,9,"","","","","","","","","","","","","","","","","","","","","","","","","","","","","","","","","","","","","","","","","","","","","","","","","","","","","","","","","","","","","","","","","","","","","","","","","","","","","","","","","","","","","","","","","","","","","","","","","","","","","","","","","","","","","","","","","","","",""
"47323004","VILLENEUVE-SUR-LOT",44.3975,0.764,59,2015122706,0.,1,"","",3.5,1,70,1,3.7,1,60,1,548,9,6.2,1,60,1,545,9,"","","","","","","","","","","","","","","","",8.3,1,7.,9,4.6,1,512,9,8.3,1,556,9,0,9,"","","","","","","","",3.,9,"","","","","","",91,1,90,9,558,9,98,9,530,9,0,9,60,9,10.,9,"","","","","","","","","","","","","","","","","","","","","","","","","","","","","","","","","","","","","","","","","","","","","","","","","","","","","","","","","","","","","","","","","","","","","","","","","","","","","","","","","","","","","","","","","","","","","","","","","","","","","","","","","","","","","","","","","","","",""
"47323004","VILLENEUVE-SUR-LOT",44.3975,0.764,59,2015122707,0.,1,"","",2.3,1,120,1,3.4,1,70,1,601,9,4.3,1,60,1,605,9,"","","","","","","","","","","","","","","","",5.3,1,4.3,9,5.3,9,658,9,8.4,9,603,9,0,9,"","","","","","","","",3.3,9,"","","","","","",93,9,87,9,629,9,93,9,658,9,0,9,60,9,8.3,9,"","","","","","","","","","","","","","","","","","","","","","","","","","","","","","","","","","","","","","","","","","","","","","","","","","","","","","","","","","","","","","","","","","","","","","","","","","","","","","","","","","","","","","","","","","","","","","","","","","","","","","","","","","","","","","","","","","","",""
"47323004","VILLENEUVE-SUR-LOT",44.3975,0.764,59,2015122708,0.,1,"","",2.6,1,110,1,2.8,1,100,1,749,9,3.9,1,100,1,748,9,"","","","","","","","","","","","","","","","",4.4,1,3.6,9,4.3,1,748,9,5.2,1,701,9,0,9,"","","","","","","","",2.4,9,"","","","","","",95,1,91,9,710,9,96,9,741,9,0,9,60,9,7.9,9,"","","","","","","","","","","","","","","","","","","","","","","","","","","","","","","","","","","","","","","","","","","","","","","","","","","","","","","","","","","","","","","","","","","","","","","","","","","","","","","","","","","","","","","","","","","","","","","","","","","","","","","","","","","","","","","","","","","",""
"47323004","VILLENEUVE-SUR-LOT",44.3975,0.764,59,2015122709,0.,1,"","",2.,1,110,1,3.,1,100,1,809,9,3.9,1,110,1,801,9,"","","","","","","","","","","","","","","","",6.4,1,4.6,9,4.4,1,801,9,6.4,1,857,9,0,9,"","","","","","","","",3.,9,"","","","","","",89,1,89,9,859,9,95,9,803,9,0,9,60,9,8.5,9,"","","","","","","","","","","","","","","","","","","","","","","","","","","","","","","","","","","","","","","","","","","","","","","","","","","","","","","","","","","","","","","","","","","","","","","","","","","","","","","","","","","","","","","","","","","","","","","","","","","","","","","","","","","","","","","","","","","",""
"47323004","VILLENEUVE-SUR-LOT",44.3975,0.764,59,2015122710,0.,1,"","",2.2,1,90,1,2.5,1,100,1,934,9,3.5,1,100,1,931,9,"","","","","","","","","","","","","","","","",8.9,1,7.1,9,6.4,1,902,9,8.9,1,959,9,0,9,"","","","","","","","",7.5,9,"","","","","","",89,1,86,9,957,9,91,9,904,9,0,9,60,9,10.1,9,"","","","","","","","","","","","","","","","","","","","","","","","","","","","","","","","","","","","","","","","","","","","","","","","","","","","","","","","","","","","","","","","","","","","","","","","","","","","","","","","","","","","","","","","","","","","","","","","","","","","","","","","","","","","","","","","","","","",""
"47323004","VILLENEUVE-SUR-LOT",44.3975,0.764,59,2015122711,0.,1,"","",2.6,1,80,1,3.,1,80,1,1052,9,4.1,1,80,1,1046,9,"","","","","","","","","","","","","","","","",12.8,1,8.7,9,9.,1,1001,9,12.8,1,1100,9,0,9,"","","","","","","","",11.4,9,"","","","","","",76,1,76,9,1054,9,87,9,1001,9,0,9,46,9,11.2,9,"","","","","","","","","","","","","","","","","","","","","","","","","","","","","","","","","","","","","","","","","","","","","","","","","","","","","","","","","","","","","","","","","","","","","","","","","","","","","","","","","","","","","","","","","","","","","","","","","","","","","","","","","","","","","","","","","","","",""
"47323004","VILLENEUVE-SUR-LOT",44.3975,0.764,59,2015122712,0.,1,"","",4.7,1,100,1,4.7,1,100,1,1158,9,7.8,1,100,1,1156,9,"","","","","","","","","","","","","","","","",14.7,1,9.,9,12.9,1,1101,9,14.7,1,1200,9,0,9,"","","","","","","","",16.2,9,"","","","","","",69,1,67,9,1143,9,78,9,1101,9,0,9,0,9,11.5,9,"","","","","","","","","","","","","","","","","","","","","","","","","","","","","","","","","","","","","","","","","","","","","","","","","","","","","","","","","","","","","","","","","","","","","","","","","","","","","","","","","","","","","","","","","","","","","","","","","","","","","","","","","","","","","","","","","","","",""
"47323004","VILLENEUVE-SUR-LOT",44.3975,0.764,59,2015122713,0.,1,"","",4.2,1,100,1,4.9,1,100,1,1253,9,7.2,1,100,1,1218,9,"","","","","","","","","","","","","","","","",15.5,1,8.7,9,14.7,1,1201,9,15.5,1,1255,9,0,9,"","","","","","","","",18.3,9,"","","","","","",64,1,63,9,1257,9,70,9,1208,9,0,9,0,9,11.2,9,"","","","","","","","","","","","","","","","","","","","","","","","","","","","","","","","","","","","","","","","","","","","","","","","","","","","","","","","","","","","","","","","","","","","","","","","","","","","","","","","","","","","","","","","","","","","","","","","","","","","","","","","","","","","","","","","","","","",""
"47323004","VILLENEUVE-SUR-LOT",44.3975,0.764,59,2015122714,0.,1,"","",3.8,1,110,1,5.3,1,110,1,1340,9,8.,1,110,1,1332,9,"","","","","","","","","","","","","","","","",15.1,1,8.5,9,15.1,1,1357,9,15.8,1,1344,9,0,9,"","","","","","","","",14.4,9,"","","","","","",65,1,62,9,1341,9,66,9,1311,9,0,9,0,9,11.1,9,"","","","","","","","","","","","","","","","","","","","","","","","","","","","","","","","","","","","","","","","","","","","","","","","","","","","","","","","","","","","","","","","","","","","","","","","","","","","","","","","","","","","","","","","","","","","","","","","","","","","","","","","","","","","","","","","","","","",""
"47323004","VILLENEUVE-SUR-LOT",44.3975,0.764,59,2015122715,0.,1,"","",3.,1,100,1,3.8,1,110,1,1401,9,6.7,1,110,1,1426,9,"","","","","","","","","","","","","","","","",14.3,1,8.9,9,14.3,1,1500,9,15.8,1,1420,9,0,9,"","","","","","","","",13.,9,"","","","","","",70,1,63,9,1417,9,70,9,1458,9,0,9,0,9,11.4,9,"","","","","","","","","","","","","","","","","","","","","","","","","","","","","","","","","","","","","","","","","","","","","","","","","","","","","","","","","","","","","","","","","","","","","","","","","","","","","","","","","","","","","","","","","","","","","","","","","","","","","","","","","","","","","","","","","","","",""
"47323004","VILLENEUVE-SUR-LOT",44.3975,0.764,59,2015122716,0.,1,"","",2.2,1,90,1,2.9,1,100,1,1501,9,3.5,1,100,1,1504,9,"","","","","","","","","","","","","","","","",12.7,1,8.5,9,12.7,1,1600,9,14.3,1,1501,9,0,9,"","","","","","","","",8.7,9,"","","","","","",76,1,70,9,1504,9,77,9,1552,9,0,9,0,9,11.1,9,"","","","","","","","","","","","","","","","","","","","","","","","","","","","","","","","","","","","","","","","","","","","","","","","","","","","","","","","","","","","","","","","","","","","","","","","","","","","","","","","","","","","","","","","","","","","","","","","","","","","","","","","","","","","","","","","","","","",""
"47323004","VILLENEUVE-SUR-LOT",44.3975,0.764,59,2015122717,0.,1,"","",3.1,1,110,1,3.2,1,100,1,1656,9,4.,1,110,1,1654,9,"","","","","","","","","","","","","","","","",10.7,1,8.,9,10.7,1,1700,9,12.7,1,1601,9,0,9,"","","","","","","","",6.2,9,"","","","","","",83,1,76,9,1601,9,83,9,1700,9,0,9,32,9,10.7,9,"","","","","","","","","","","","","","","","","","","","","","","","","","","","","","","","","","","","","","","","","","","","","","","","","","","","","","","","","","","","","","","","","","","","","","","","","","","","","","","","","","","","","","","","","","","","","","","","","","","","","","","","","","","","","","","","","","","",""
"47323004","VILLENEUVE-SUR-LOT",44.3975,0.764,59,2015122718,0.,1,"","",3.9,1,100,1,3.9,1,100,1,1800,9,5.,1,110,1,1800,9,"","","","","","","","","","","","","","","","",9.9,1,7.8,9,9.6,1,1744,9,10.7,1,1703,9,0,9,"","","","","","","","",7.,9,"","","","","","",87,1,82,9,1704,9,88,9,1758,9,0,9,60,9,10.6,9,"","","","","","","","","","","","","","","","","","","","","","","","","","","","","","","","","","","","","","","","","","","","","","","","","","","","","","","","","","","","","","","","","","","","","","","","","","","","","","","","","","","","","","","","","","","","","","","","","","","","","","","","","","","","","","","","","","","",""
"47323004","VILLENEUVE-SUR-LOT",44.3975,0.764,59,2015122719,0.,1,"","",3.2,1,100,1,4.6,1,100,1,1819,9,5.6,1,100,1,1816,9,"","","","","","","","","","","","","","","","",8.8,1,6.7,9,8.7,9,1856,9,10.3,9,1814,9,0,9,"","","","","","","","",6.8,9,"","","","","","",87,9,83,9,1815,9,89,9,1845,9,0,9,60,9,9.8,9,"","","","","","","","","","","","","","","","","","","","","","","","","","","","","","","","","","","","","","","","","","","","","","","","","","","","","","","","","","","","","","","","","","","","","","","","","","","","","","","","","","","","","","","","","","","","","","","","","","","","","","","","","","","","","","","","","","","",""
"47323004","VILLENEUVE-SUR-LOT",44.3975,0.764,59,2015122720,0.,1,"","",2.2,1,90,1,3.2,1,100,1,1901,9,3.8,1,100,1,1910,9,"","","","","","","","","","","","","","","","",7.6,1,6.1,9,7.6,1,1959,9,8.8,1,1901,9,0,9,"","","","","","","","",3.9,9,"","","","","","",90,1,86,9,1922,9,90,9,1938,9,0,9,60,9,9.4,9,"","","","","","","","","","","","","","","","","","","","","","","","","","","","","","","","","","","","","","","","","","","","","","","","","","","","","","","","","","","","","","","","","","","","","","","","","","","","","","","","","","","","","","","","","","","","","","","","","","","","","","","","","","","","","","","","","","","",""
"47323004","VILLENEUVE-SUR-LOT",44.3975,0.764,59,2015122721,0.,1,"","",3.2,1,80,1,4.1,1,90,1,2033,9,5.1,1,100,1,2024,9,"","","","","","","","","","","","","","","","",9.8,1,7.,9,7.7,1,2001,9,9.9,1,2057,9,0,9,"","","","","","","","",4.5,9,"","","","","","",83,1,82,9,2055,9,91,9,2001,9,0,9,60,9,10.,9,"","","","","","","","","","","","","","","","","","","","","","","","","","","","","","","","","","","","","","","","","","","","","","","","","","","","","","","","","","","","","","","","","","","","","","","","","","","","","","","","","","","","","","","","","","","","","","","","","","","","","","","","","","","","","","","","","","","",""
"47323004","VILLENEUVE-SUR-LOT",44.3975,0.764,59,2015122722,0.,1,"","",3.8,1,100,1,4.,1,80,1,2126,9,5.8,1,90,1,2121,9,"","","","","","","","","","","","","","","","",9.1,1,6.4,9,9.,1,2152,9,9.9,1,2123,9,0,9,"","","","","","","","",6.4,9,"","","","","","",83,1,81,9,2123,9,84,9,2146,9,0,9,60,9,9.6,9,"","","","","","","","","","","","","","","","","","","","","","","","","","","","","","","","","","","","","","","","","","","","","","","","","","","","","","","","","","","","","","","","","","","","","","","","","","","","","","","","","","","","","","","","","","","","","","","","","","","","","","","","","","","","","","","","","","","",""
"47323004","VILLENEUVE-SUR-LOT",44.3975,0.764,59,2015122723,0.,1,"","",1.9,1,50,1,3.9,1,100,1,2203,9,4.8,1,100,1,2206,9,"","","","","","","","","","","","","","","","",8.7,1,6.2,9,8.5,1,2241,9,9.1,1,2201,9,0,9,"","","","","","","","",6.,9,"","","","","","",85,1,83,9,2212,9,87,9,2246,9,0,9,60,9,9.5,9,"","","","","","","","","","","","","","","","","","","","","","","","","","","","","","","","","","","","","","","","","","","","","","","","","","","","","","","","","","","","","","","","","","","","","","","","","","","","","","","","","","","","","","","","","","","","","","","","","","","","","","","","","","","","","","","","","","","",""
"47323004","VILLENEUVE-SUR-LOT",44.3975,0.764,59,2015122800,0.,1,"","",3.4,1,90,1,3.7,1,90,1,2335,9,5.4,1,90,1,2328,9,"","","","","","","","","","","","","","","","",8.8,1,6.1,9,7.8,1,2319,9,8.8,1,2304,9,0,9,"","","","","","","","",4.6,9,"","","","","","",83,1,83,9,2309,9,88,9,2320,9,0,9,60,9,9.4,9,"","","","","","","","","","","","","","","","","","","","","","","","","","","","","","","","","","","","","","","","","","","","","","","","","","","","","","","","","","","","","","","","","","","","","","","","","","","","","","","","","","","","","","","","","","","","","","","","","","","","","","","","","","","","","","","","","","","",""
"47323004","VILLENEUVE-SUR-LOT",44.3975,0.764,59,2015122801,0.,1,"","",3.1,1,90,1,3.8,1,80,1,28,9,6.2,1,90,1,26,9,"","","","","","","","","","","","","","","","",9.2,1,5.9,9,8.8,1,4,9,10.,1,31,9,0,9,"","","","","","","","",6.5,9,"","","","","","",80,1,78,9,34,9,83,9,1,9,0,9,41,9,9.3,9,"","","","","","","","","","","","","","","","","","","","","","","","","","","","","","","","","","","","","","","","","","","","","","","","","","","","","","","","","","","","","","","","","","","","","","","","","","","","","","","","","","","","","","","","","","","","","","","","","","","","","","","","","","","","","","","","","","","",""
"47323004","VILLENEUVE-SUR-LOT",44.3975,0.764,59,2015122802,0.,1,"","",2.9,1,80,1,3.1,1,90,1,116,9,4.1,1,90,1,111,9,"","","","","","","","","","","","","","","","",8.6,1,5.8,9,8.6,1,139,9,9.2,1,102,9,0,9,"","","","","","","","",6.2,9,"","","","","","",82,1,79,9,106,9,83,9,151,9,0,9,59,9,9.2,9,"","","","","","","","","","","","","","","","","","","","","","","","","","","","","","","","","","","","","","","","","","","","","","","","","","","","","","","","","","","","","","","","","","","","","","","","","","","","","","","","","","","","","","","","","","","","","","","","","","","","","","","","","","","","","","","","","","","",""
"47323004","VILLENEUVE-SUR-LOT",44.3975,0.764,59,2015122803,0.,1,"","",4.3,1,90,1,4.8,1,90,1,221,9,9.2,1,130,1,234,9,"","","","","","","","","","","","","","","","",9.1,1,6.2,9,8.5,1,202,9,9.2,1,228,9,0,9,"","","","","","","","",6.5,9,"","","","","","",82,1,80,9,230,9,83,9,203,9,0,9,60,9,9.5,9,"","","","","","","","","","","","","","","","","","","","","","","","","","","","","","","","","","","","","","","","","","","","","","","","","","","","","","","","","","","","","","","","","","","","","","","","","","","","","","","","","","","","","","","","","","","","","","","","","","","","","","","","","","","","","","","","","","","",""
"47323004","VILLENEUVE-SUR-LOT",44.3975,0.764,59,2015122804,0.,1,"","",2.6,1,60,1,4.3,1,90,1,301,9,6.6,1,90,1,305,9,"","","","","","","","","","","","","","","","",9.4,1,6.1,9,9.,1,301,9,9.5,1,358,9,0,9,"","","","","","","","",7.5,9,"","","","","","",80,1,80,9,306,9,83,9,304,9,0,9,60,9,9.4,9,"","","","","","","","","","","","","","","","","","","","","","","","","","","","","","","","","","","","","","","","","","","","","","","","","","","","","","","","","","","","","","","","","","","","","","","","","","","","","","","","","","","","","","","","","","","","","","","","","","","","","","","","","","","","","","","","","","","",""
"47323004","VILLENEUVE-SUR-LOT",44.3975,0.764,59,2015122805,0.,1,"","",1.8,1,60,1,2.5,1,60,1,401,9,3.6,1,50,1,438,9,"","","","","","","","","","","","","","","","",8.6,1,5.3,9,8.6,1,459,9,9.4,1,401,9,0,9,"","","","","","","","",4.4,9,"","","","","","",80,1,77,9,453,9,83,9,421,9,0,9,50,9,8.9,9,"","","","","","","","","","","","","","","","","","","","","","","","","","","","","","","","","","","","","","","","","","","","","","","","","","","","","","","","","","","","","","","","","","","","","","","","","","","","","","","","","","","","","","","","","","","","","","","","","","","","","","","","","","","","","","","","","","","",""
"47323004","VILLENEUVE-SUR-LOT",44.3975,0.764,59,2015122806,0.,1,"","",2.6,1,100,1,4.4,1,110,1,538,9,6.9,1,120,1,529,9,"","","","","","","","","","","","","","","","",10.1,1,5.6,9,7.9,1,512,9,11.,1,537,9,0,9,"","","","","","","","",3.8,9,"","","","","","",74,1,72,9,540,9,86,9,515,9,0,9,22,9,9.1,9,"","","","","","","","","","","","","","","","","","","","","","","","","","","","","","","","","","","","","","","","","","","","","","","","","","","","","","","","","","","","","","","","","","","","","","","","","","","","","","","","","","","","","","","","","","","","","","","","","","","","","","","","","","","","","","","","","","","",""
"47323004","VILLENEUVE-SUR-LOT",44.3975,0.764,59,2015122807,0.,1,"","",0.8,1,60,1,2.8,1,100,1,602,9,4.4,1,90,1,602,9,"","","","","","","","","","","","","","","","",8.1,1,5.5,9,8.1,9,700,9,10.1,9,601,9,0,9,"","","","","","","","",2.2,9,"","","","","","",83,9,75,9,601,9,84,9,654,9,0,9,18,9,9.,9,"","","","","","","","","","","","","","","","","","","","","","","","","","","","","","","","","","","","","","","","","","","","","","","","","","","","","","","","","","","","","","","","","","","","","","","","","","","","","","","","","","","","","","","","","","","","","","","","","","","","","","","","","","","","","","","","","","","",""
"47323004","VILLENEUVE-SUR-LOT",44.3975,0.764,59,2015122808,0.,1,"","",2.,1,60,1,2.,1,60,1,800,9,3.,1,60,1,757,9,"","","","","","","","","","","","","","","","",8.1,1,5.6,9,7.7,1,728,9,8.2,1,752,9,0,9,"","","","","","","","",2.2,9,"","","","","","",84,1,81,9,748,9,86,9,719,9,0,9,60,9,9.1,9,"","","","","","","","","","","","","","","","","","","","","","","","","","","","","","","","","","","","","","","","","","","","","","","","","","","","","","","","","","","","","","","","","","","","","","","","","","","","","","","","","","","","","","","","","","","","","","","","","","","","","","","","","","","","","","","","","","","",""
"47323004","VILLENEUVE-SUR-LOT",44.3975,0.764,59,2015122809,0.,1,"","",2.9,1,100,1,2.9,1,100,1,900,9,5.1,1,130,1,857,9,"","","","","","","","","","","","","","","","",11.6,1,6.2,9,8.2,1,801,9,11.6,1,900,9,0,9,"","","","","","","","",5.7,9,"","","","","","",70,1,70,9,848,9,84,9,801,9,0,9,16,9,9.5,9,"","","","","","","","","","","","","","","","","","","","","","","","","","","","","","","","","","","","","","","","","","","","","","","","","","","","","","","","","","","","","","","","","","","","","","","","","","","","","","","","","","","","","","","","","","","","","","","","","","","","","","","","","","","","","","","","","","","",""
"47323004","VILLENEUVE-SUR-LOT",44.3975,0.764,59,2015122810,0.,1,"","",5.4,1,120,1,5.6,1,120,1,956,9,9.5,1,130,1,956,9,"","","","","","","","","","","","","","","","",14.6,1,6.7,9,11.6,1,901,9,14.6,1,955,9,0,9,"","","","","","","","",10.6,9,"","","","","","",59,1,59,9,956,9,70,9,901,9,0,9,0,9,9.8,9,"","","","","","","","","","","","","","","","","","","","","","","","","","","","","","","","","","","","","","","","","","","","","","","","","","","","","","","","","","","","","","","","","","","","","","","","","","","","","","","","","","","","","","","","","","","","","","","","","","","","","","","","","","","","","","","","","","","",""
"47323004","VILLENEUVE-SUR-LOT",44.3975,0.764,59,2015122811,0.,1,"","",5.9,1,110,1,7.4,1,120,1,1019,9,11.9,1,100,1,1019,9,"","","","","","","","","","","","","","","","",15.7,1,7.4,9,14.6,1,1001,9,15.7,1,1059,9,0,9,"","","","","","","","",14.4,9,"","","","","","",58,1,56,9,1057,9,61,9,1041,9,0,9,0,9,10.3,9,"","","","","","","","","","","","","","","","","","","","","","","","","","","","","","","","","","","","","","","","","","","","","","","","","","","","","","","","","","","","","","","","","","","","","","","","","","","","","","","","","","","","","","","","","","","","","","","","","","","","","","","","","","","","","","","","","","","",""
"47323004","VILLENEUVE-SUR-LOT",44.3975,0.764,59,2015122812,0.,1,"","",3.4,1,130,1,6.1,1,110,1,1110,9,10.6,1,120,1,1108,9,"","","","","","","","","","","","","","","","",17.1,1,7.1,9,15.7,1,1101,9,17.2,1,1150,9,0,9,"","","","","","","","",17.5,9,"","","","","","",52,1,51,9,1152,9,58,9,1103,9,0,9,0,9,10.1,9,"","","","","","","","","","","","","","","","","","","","","","","","","","","","","","","","","","","","","","","","","","","","","","","","","","","","","","","","","","","","","","","","","","","","","","","","","","","","","","","","","","","","","","","","","","","","","","","","","","","","","","","","","","","","","","","","","","","",""
"47323004","VILLENEUVE-SUR-LOT",44.3975,0.764,59,2015122813,0.,1,"","",2.4,1,120,1,4.1,1,130,1,1225,9,8.3,1,90,1,1204,9,"","","","","","","","","","","","","","","","",16.4,1,7.6,9,16.4,1,1219,9,17.,1,1201,9,0,9,"","","","","","","","",15.8,9,"","","","","","",56,1,53,9,1202,9,57,9,1212,9,0,9,0,9,10.4,9,"","","","","","","","","","","","","","","","","","","","","","","","","","","","","","","","","","","","","","","","","","","","","","","","","","","","","","","","","","","","","","","","","","","","","","","","","","","","","","","","","","","","","","","","","","","","","","","","","","","","","","","","","","","","","","","","","","","",""
"47323004","VILLENEUVE-SUR-LOT",44.3975,0.764,59,2015122814,0.,1,"","",3.7,1,100,1,3.7,1,110,1,1358,9,7.2,1,130,1,1316,9,"","","","","","","","","","","","","","","","",15.7,1,7.7,9,15.7,1,1359,9,16.3,1,1301,9,0,9,"","","","","","","","",14.6,9,"","","","","","",59,1,55,9,1302,9,60,9,1358,9,0,9,0,9,10.5,9,"","","","","","","","","","","","","","","","","","","","","","","","","","","","","","","","","","","","","","","","","","","","","","","","","","","","","","","","","","","","","","","","","","","","","","","","","","","","","","","","","","","","","","","","","","","","","","","","","","","","","","","","","","","","","","","","","","","",""
"47323004","VILLENEUVE-SUR-LOT",44.3975,0.764,59,2015122815,0.,1,"","",2.7,1,100,1,3.8,1,100,1,1401,9,6.1,1,120,1,1435,9,"","","","","","","","","","","","","","","","",15.5,1,7.3,9,15.4,1,1416,9,15.8,1,1436,9,0,9,"","","","","","","","",13.9,9,"","","","","","",58,1,56,9,1451,9,62,9,1415,9,0,9,0,9,10.2,9,"","","","","","","","","","","","","","","","","","","","","","","","","","","","","","","","","","","","","","","","","","","","","","","","","","","","","","","","","","","","","","","","","","","","","","","","","","","","","","","","","","","","","","","","","","","","","","","","","","","","","","","","","","","","","","","","","","","",""
"47323004","VILLENEUVE-SUR-LOT",44.3975,0.764,59,2015122816,0.,1,"","",4.6,1,120,1,4.7,1,120,1,1548,9,9.2,1,110,1,1519,9,"","","","","","","","","","","","","","","","",15.3,1,6.8,9,15.1,1,1509,9,15.6,1,1501,9,0,9,"","","","","","","","",13.,9,"","","","","","",57,1,56,9,1540,9,61,9,1509,9,0,9,0,9,9.9,9,"","","","","","","","","","","","","","","","","","","","","","","","","","","","","","","","","","","","","","","","","","","","","","","","","","","","","","","","","","","","","","","","","","","","","","","","","","","","","","","","","","","","","","","","","","","","","","","","","","","","","","","","","","","","","","","","","","","",""
"47323004","VILLENEUVE-SUR-LOT",44.3975,0.764,59,2015122817,0.,1,"","",5.2,1,110,1,5.6,1,110,1,1647,9,9.6,1,100,1,1655,9,"","","","","","","","","","","","","","","","",14.6,1,6.7,9,14.5,1,1656,9,15.3,1,1601,9,0,9,"","","","","","","","",12.4,9,"","","","","","",59,1,57,9,1601,9,59,9,1627,9,0,9,0,9,9.8,9,"","","","","","","","","","","","","","","","","","","","","","","","","","","","","","","","","","","","","","","","","","","","","","","","","","","","","","","","","","","","","","","","","","","","","","","","","","","","","","","","","","","","","","","","","","","","","","","","","","","","","","","","","","","","","","","","","","","",""
"47323004","VILLENEUVE-SUR-LOT",44.3975,0.764,59,2015122818,0.,1,"","",4.5,1,110,1,6.3,1,110,1,1721,9,10.3,1,110,1,1720,9,"","","","","","","","","","","","","","","","",14.3,1,6.7,9,14.1,1,1750,9,14.7,1,1703,9,0,9,"","","","","","","","",11.3,9,"","","","","","",60,1,58,9,1704,9,61,9,1739,9,0,9,0,9,9.8,9,"","","","","","","","","","","","","","","","","","","","","","","","","","","","","","","","","","","","","","","","","","","","","","","","","","","","","","","","","","","","","","","","","","","","","","","","","","","","","","","","","","","","","","","","","","","","","","","","","","","","","","","","","","","","","","","","","","","",""
"47323004","VILLENEUVE-SUR-LOT",44.3975,0.764,59,2015122819,0.,1,"","",5.9,1,110,1,6.7,1,110,1,1853,9,12.,1,100,1,1851,9,"","","","","","","","","","","","","","","","",13.4,1,6.5,9,13.4,9,1859,9,14.2,9,1801,9,0,9,"","","","","","","","",11.1,9,"","","","","","",63,9,60,9,1801,9,64,9,1859,9,0,9,0,9,9.7,9,"","","","","","","","","","","","","","","","","","","","","","","","","","","","","","","","","","","","","","","","","","","","","","","","","","","","","","","","","","","","","","","","","","","","","","","","","","","","","","","","","","","","","","","","","","","","","","","","","","","","","","","","","","","","","","","","","","","",""
"47323004","VILLENEUVE-SUR-LOT",44.3975,0.764,59,2015122820,0.,1,"","",4.7,1,100,1,5.7,1,100,1,1949,9,8.6,1,100,1,1943,9,"","","","","","","","","","","","","","","","",12.7,1,6.2,9,12.6,1,1929,9,13.3,1,1901,9,0,9,"","","","","","","","",10.2,9,"","","","","","",65,1,64,9,1901,9,67,9,1930,9,0,9,0,9,9.5,9,"","","","","","","","","","","","","","","","","","","","","","","","","","","","","","","","","","","","","","","","","","","","","","","","","","","","","","","","","","","","","","","","","","","","","","","","","","","","","","","","","","","","","","","","","","","","","","","","","","","","","","","","","","","","","","","","","","","",""
"47323004","VILLENEUVE-SUR-LOT",44.3975,0.764,59,2015122821,0.,1,"","",1.6,1,90,1,5.2,1,110,1,2005,9,9.6,1,120,1,2026,9,"","","","","","","","","","","","","","","","",12.,1,6.2,9,12.,1,2059,9,12.8,1,2006,9,0,9,"","","","","","","","",8.6,9,"","","","","","",68,1,65,9,2002,9,69,9,2059,9,0,9,0,9,9.5,9,"","","","","","","","","","","","","","","","","","","","","","","","","","","","","","","","","","","","","","","","","","","","","","","","","","","","","","","","","","","","","","","","","","","","","","","","","","","","","","","","","","","","","","","","","","","","","","","","","","","","","","","","","","","","","","","","","","","",""
"47323004","VILLENEUVE-SUR-LOT",44.3975,0.764,59,2015122822,0.,1,"","",1.3,1,70,1,2.7,1,110,1,2117,9,4.4,1,130,1,2104,9,"","","","","","","","","","","","","","","","",11.5,1,6.7,9,11.5,1,2129,9,11.9,1,2101,9,0,9,"","","","","","","","",7.8,9,"","","","","","",72,1,68,9,2101,9,73,9,2131,9,0,9,0,9,9.8,9,"","","","","","","","","","","","","","","","","","","","","","","","","","","","","","","","","","","","","","","","","","","","","","","","","","","","","","","","","","","","","","","","","","","","","","","","","","","","","","","","","","","","","","","","","","","","","","","","","","","","","","","","","","","","","","","","","","","",""
"47323004","VILLENEUVE-SUR-LOT",44.3975,0.764,59,2015122823,0.,1,"","",1.9,1,30,1,2.1,1,60,1,2254,9,4.4,1,120,1,2230,9,"","","","","","","","","","","","","","","","",12.3,1,7.,9,11.5,1,2201,9,12.3,1,2300,9,0,9,"","","","","","","","",8.6,9,"","","","","","",70,1,70,9,2226,9,74,9,2247,9,0,9,0,9,10.,9,"","","","","","","","","","","","","","","","","","","","","","","","","","","","","","","","","","","","","","","","","","","","","","","","","","","","","","","","","","","","","","","","","","","","","","","","","","","","","","","","","","","","","","","","","","","","","","","","","","","","","","","","","","","","","","","","","","","",""
"47323004","VILLENEUVE-SUR-LOT",44.3975,0.764,59,2015122900,0.,1,"","",1.,1,100,1,3.4,1,80,1,2313,9,5.7,1,100,1,2310,9,"","","","","","","","","","","","","","","","",12.3,1,7.1,9,12.3,1,2301,9,12.8,1,2311,9,0,9,"","","","","","","","",10.2,9,"","","","","","",71,1,68,9,2310,9,72,9,2352,9,0,9,0,9,10.1,9,"","","","","","","","","","","","","","","","","","","","","","","","","","","","","","","","","","","","","","","","","","","","","","","","","","","","","","","","","","","","","","","","","","","","","","","","","","","","","","","","","","","","","","","","","","","","","","","","","","","","","","","","","","","","","","","","","","","",""
"47323004","VILLENEUVE-SUR-LOT",44.3975,0.764,59,2015122901,0.,1,"","",2.1,1,60,1,2.4,1,70,1,52,9,3.9,1,60,1,52,9,"","","","","","","","","","","","","","","","",12.,1,7.6,9,11.7,1,50,9,12.3,1,1,9,0,9,"","","","","","","","",10.1,9,"","","","","","",74,1,70,9,2,9,75,9,42,9,0,9,0,9,10.4,9,"","","","","","","","","","","","","","","","","","","","","","","","","","","","","","","","","","","","","","","","","","","","","","","","","","","","","","","","","","","","","","","","","","","","","","","","","","","","","","","","","","","","","","","","","","","","","","","","","","","","","","","","","","","","","","","","","","","",""
"47323004","VILLENEUVE-SUR-LOT",44.3975,0.764,59,2015122902,0.2,1,"","",0.9,1,80,1,2.4,1,90,1,148,9,3.9,1,110,1,141,9,"","","","","","","","","","","","","","","","",11.,1,7.8,9,11.,1,156,9,12.,1,101,9,0,9,"","","","","","","","",9.,9,"","","","","","",81,1,73,9,102,9,82,9,139,9,0,9,30,9,10.6,9,"","","","","","","","","","","","","","","","","","","","","","","","","","","","","","","","","","","","","","","","","","","","","","","","","","","","","","","","","","","","","","","","","","","","","","","","","","","","","","","","","","","","","","","","","","","","","","","","","","","","","","","","","","","","","","","","","","","",""
"47323004","VILLENEUVE-SUR-LOT",44.3975,0.764,59,2015122903,0.6,1,"","",1.3,1,150,1,1.9,1,50,1,212,9,3.2,1,70,1,210,9,"","","","","","","","","","","","","","","","",11.7,1,8.4,9,11.,1,201,9,11.7,1,257,9,0,9,"","","","","","","","",9.,9,"","","","","","",80,1,77,9,228,9,81,9,202,9,0,9,31,9,11.,9,"","","","","","","","","","","","","","","","","","","","","","","","","","","","","","","","","","","","","","","","","","","","","","","","","","","","","","","","","","","","","","","","","","","","","","","","","","","","","","","","","","","","","","","","","","","","","","","","","","","","","","","","","","","","","","","","","","","",""
"47323004","VILLENEUVE-SUR-LOT",44.3975,0.764,59,2015122904,2.,1,"","",2.2,1,140,1,3.9,1,110,1,351,9,6.4,1,130,1,350,9,"","","","","","","","","","","","","","","","",11.3,1,9.2,9,11.2,1,346,9,11.7,1,301,9,0,9,"","","","","","","","",9.6,9,"","","","","","",87,1,80,9,301,9,88,9,345,9,0,9,60,9,11.6,9,"","","","","","","","","","","","","","","","","","","","","","","","","","","","","","","","","","","","","","","","","","","","","","","","","","","","","","","","","","","","","","","","","","","","","","","","","","","","","","","","","","","","","","","","","","","","","","","","","","","","","","","","","","","","","","","","","","","",""
"47323004","VILLENEUVE-SUR-LOT",44.3975,0.764,59,2015122905,0.,1,"","",2.1,1,10,1,2.4,1,20,1,455,9,3.5,1,140,1,402,9,"","","","","","","","","","","","","","","","",11.,1,9.3,9,10.8,1,447,9,11.3,1,401,9,0,9,"","","","","","","","",9.3,9,"","","","","","",89,1,85,9,411,9,91,9,450,9,0,9,60,9,11.7,9,"","","","","","","","","","","","","","","","","","","","","","","","","","","","","","","","","","","","","","","","","","","","","","","","","","","","","","","","","","","","","","","","","","","","","","","","","","","","","","","","","","","","","","","","","","","","","","","","","","","","","","","","","","","","","","","","","","","",""
"47323004","VILLENEUVE-SUR-LOT",44.3975,0.764,59,2015122906,0.,1,"","",1.6,1,250,1,4.,1,280,1,535,9,6.3,1,280,1,530,9,"","","","","","","","","","","","","","","","",10.,1,8.7,9,10.,9,558,9,11.2,9,504,9,0,9,"","","","","","","","",7.9,9,"","","","","","",91,9,86,9,507,9,92,9,531,9,0,9,60,9,11.2,9,"","","","","","","","","","","","","","","","","","","","","","","","","","","","","","","","","","","","","","","","","","","","","","","","","","","","","","","","","","","","","","","","","","","","","","","","","","","","","","","","","","","","","","","","","","","","","","","","","","","","","","","","","","","","","","","","","","","",""
"47323004","VILLENEUVE-SUR-LOT",44.3975,0.764,59,2015122907,0.,1,"","",0.9,1,140,1,1.5,1,260,1,601,9,1.9,1,270,1,601,9,"","","","","","","","","","","","","","","","",8.5,1,7.8,9,8.5,1,659,9,10.,1,601,9,0,9,"","","","","","","","",6.1,9,"","","","","","",96,1,91,9,601,9,97,9,655,9,0,9,60,9,10.6,9,"","","","","","","","","","","","","","","","","","","","","","","","","","","","","","","","","","","","","","","","","","","","","","","","","","","","","","","","","","","","","","","","","","","","","","","","","","","","","","","","","","","","","","","","","","","","","","","","","","","","","","","","","","","","","","","","","","","",""
"47323004","VILLENEUVE-SUR-LOT",44.3975,0.764,59,2015122908,0.,1,"","",0.,1,0,1,1.3,1,120,1,706,9,1.7,1,120,1,702,9,"","","","","","","","","","","","","","","","",7.4,1,7.,9,7.,1,754,9,8.6,1,701,9,0,9,"","","","","","","","",3.3,9,"","","","","","",97,1,94,9,719,9,98,9,744,9,0,9,60,9,10.,9,"","","","","","","","","","","","","","","","","","","","","","","","","","","","","","","","","","","","","","","","","","","","","","","","","","","","","","","","","","","","","","","","","","","","","","","","","","","","","","","","","","","","","","","","","","","","","","","","","","","","","","","","","","","","","","","","","","","",""
"47323004","VILLENEUVE-SUR-LOT",44.3975,0.764,59,2015122909,0.,1,"","",0.9,1,50,1,1.5,1,130,1,846,9,2.3,1,120,1,843,9,"","","","","","","","","","","","","","","","",9.2,1,8.9,9,7.5,1,801,9,9.3,1,854,9,0,9,"","","","","","","","",7.3,9,"","","","","","",98,1,96,9,804,9,99,9,827,9,0,9,60,9,11.4,9,"","","","","","","","","","","","","","","","","","","","","","","","","","","","","","","","","","","","","","","","","","","","","","","","","","","","","","","","","","","","","","","","","","","","","","","","","","","","","","","","","","","","","","","","","","","","","","","","","","","","","","","","","","","","","","","","","","","",""
"47323004","VILLENEUVE-SUR-LOT",44.3975,0.764,59,2015122910,0.,1,"","",0.5,1,60,1,1.4,1,50,1,904,9,2.2,1,60,1,903,9,"","","","","","","","","","","","","","","","",10.4,1,9.4,9,9.3,1,901,9,10.4,1,958,9,0,9,"","","","","","","","",9.8,9,"","","","","","",94,1,94,9,956,9,99,9,904,9,0,9,60,9,11.8,9,"","","","","","","","","","","","","","","","","","","","","","","","","","","","","","","","","","","","","","","","","","","","","","","","","","","","","","","","","","","","","","","","","","","","","","","","","","","","","","","","","","","","","","","","","","","","","","","","","","","","","","","","","","","","","","","","","","","",""
"47323004","VILLENEUVE-SUR-LOT",44.3975,0.764,59,2015122911,0.,1,"","",0.,1,0,1,0.7,1,50,1,1005,9,1.4,1,40,1,1003,9,"","","","","","","","","","","","","","","","",11.4,1,9.7,9,10.5,1,1001,9,11.4,1,1055,9,0,9,"","","","","","","","",11.,9,"","","","","","",89,1,89,9,1030,9,95,9,1001,9,0,9,60,9,12.,9,"","","","","","","","","","","","","","","","","","","","","","","","","","","","","","","","","","","","","","","","","","","","","","","","","","","","","","","","","","","","","","","","","","","","","","","","","","","","","","","","","","","","","","","","","","","","","","","","","","","","","","","","","","","","","","","","","","","",""
"47323004","VILLENEUVE-SUR-LOT",44.3975,0.764,59,2015122912,0.,1,"","",0.6,1,300,1,1.1,1,340,1,1122,9,1.8,1,330,1,1122,9,"","","","","","","","","","","","","","","","",14.1,1,10.9,9,11.4,1,1101,9,14.1,1,1155,9,0,9,"","","","","","","","",11.7,9,"","","","","","",81,1,79,9,1149,9,91,9,1103,9,0,9,52,9,13.,9,"","","","","","","","","","","","","","","","","","","","","","","","","","","","","","","","","","","","","","","","","","","","","","","","","","","","","","","","","","","","","","","","","","","","","","","","","","","","","","","","","","","","","","","","","","","","","","","","","","","","","","","","","","","","","","","","","","","",""
"47323004","VILLENEUVE-SUR-LOT",44.3975,0.764,59,2015122913,0.,1,"","",0.9,1,210,1,1.,1,290,1,1210,9,1.9,1,260,1,1252,9,"","","","","","","","","","","","","","","","",13.7,1,10.3,9,13.1,1,1223,9,14.1,1,1201,9,0,9,"","","","","","","","",13.9,9,"","","","","","",80,1,78,9,1202,9,84,9,1208,9,0,9,53,9,12.5,9,"","","","","","","","","","","","","","","","","","","","","","","","","","","","","","","","","","","","","","","","","","","","","","","","","","","","","","","","","","","","","","","","","","","","","","","","","","","","","","","","","","","","","","","","","","","","","","","","","","","","","","","","","","","","","","","","","","","",""
"47323004","VILLENEUVE-SUR-LOT",44.3975,0.764,59,2015122914,0.,1,"","",0.,1,0,1,0.9,1,200,1,1301,9,1.4,1,180,1,1304,9,"","","","","","","","","","","","","","","","",15.3,1,9.4,9,13.7,1,1301,9,15.3,1,1357,9,0,9,"","","","","","","","",16.9,9,"","","","","","",68,1,65,9,1352,9,80,9,1301,9,0,9,2,9,11.8,9,"","","","","","","","","","","","","","","","","","","","","","","","","","","","","","","","","","","","","","","","","","","","","","","","","","","","","","","","","","","","","","","","","","","","","","","","","","","","","","","","","","","","","","","","","","","","","","","","","","","","","","","","","","","","","","","","","","","",""
"47323004","VILLENEUVE-SUR-LOT",44.3975,0.764,59,2015122915,0.,1,"","",0.,1,0,1,0.7,1,340,1,1447,9,1.2,1,60,1,1414,9,"","","","","","","","","","","","","","","","",14.8,1,8.5,9,14.5,1,1450,9,15.3,1,1401,9,0,9,"","","","","","","","",16.,9,"","","","","","",66,1,65,9,1404,9,71,9,1418,9,0,9,0,9,11.1,9,"","","","","","","","","","","","","","","","","","","","","","","","","","","","","","","","","","","","","","","","","","","","","","","","","","","","","","","","","","","","","","","","","","","","","","","","","","","","","","","","","","","","","","","","","","","","","","","","","","","","","","","","","","","","","","","","","","","",""
"47323004","VILLENEUVE-SUR-LOT",44.3975,0.764,59,2015122916,0.,1,"","",0.,1,0,1,0.6,1,50,1,1508,9,1.4,1,150,1,1516,9,"","","","","","","","","","","","","","","","",13.2,1,7.8,9,13.2,1,1600,9,14.9,1,1536,9,0,9,"","","","","","","","",9.5,9,"","","","","","",70,1,62,9,1542,9,71,9,1509,9,0,9,0,9,10.6,9,"","","","","","","","","","","","","","","","","","","","","","","","","","","","","","","","","","","","","","","","","","","","","","","","","","","","","","","","","","","","","","","","","","","","","","","","","","","","","","","","","","","","","","","","","","","","","","","","","","","","","","","","","","","","","","","","","","","",""
"47323004","VILLENEUVE-SUR-LOT",44.3975,0.764,59,2015122917,0.,1,"","",0.,1,0,1,0.6,1,220,1,1608,9,0.9,1,190,1,1612,9,"","","","","","","","","","","","","","","","",8.1,1,6.4,9,8.1,1,1700,9,13.1,1,1601,9,0,9,"","","","","","","","",3.2,9,"","","","","","",89,1,70,9,1601,9,89,9,1654,9,0,9,28,9,9.6,9,"","","","","","","","","","","","","","","","","","","","","","","","","","","","","","","","","","","","","","","","","","","","","","","","","","","","","","","","","","","","","","","","","","","","","","","","","","","","","","","","","","","","","","","","","","","","","","","","","","","","","","","","","","","","","","","","","","","",""
"47323004","VILLENEUVE-SUR-LOT",44.3975,0.764,59,2015122918,0.,1,"","",1.2,1,90,1,1.2,1,100,1,1739,9,1.6,1,110,1,1739,9,"","","","","","","","","","","","","","","","",6.2,1,5.3,9,6.2,1,1800,9,8.1,1,1701,9,0,9,"","","","","","","","",1.6,9,"","","","","","",94,1,89,9,1701,9,95,9,1734,9,0,9,60,9,8.9,9,"","","","","","","","","","","","","","","","","","","","","","","","","","","","","","","","","","","","","","","","","","","","","","","","","","","","","","","","","","","","","","","","","","","","","","","","","","","","","","","","","","","","","","","","","","","","","","","","","","","","","","","","","","","","","","","","","","","",""
"47323004","VILLENEUVE-SUR-LOT",44.3975,0.764,59,2015122919,0.,1,"","",1.5,1,90,1,1.5,1,90,1,1900,9,2.1,1,80,1,1900,9,"","","","","","","","","","","","","","","","",5.7,1,5.3,9,5.5,9,1850,9,6.2,9,1801,9,0,9,"","","","","","","","",0.8,9,"","","","","","",97,9,92,9,1803,9,98,9,1828,9,0,9,60,9,8.9,9,"","","","","","","","","","","","","","","","","","","","","","","","","","","","","","","","","","","","","","","","","","","","","","","","","","","","","","","","","","","","","","","","","","","","","","","","","","","","","","","","","","","","","","","","","","","","","","","","","","","","","","","","","","","","","","","","","","","",""
"47323004","VILLENEUVE-SUR-LOT",44.3975,0.764,59,2015122920,0.,1,"","",2.,1,90,1,2.2,1,100,1,1956,9,3.,1,100,1,1950,9,"","","","","","","","","","","","","","","","",5.6,1,5.3,9,5.3,1,1914,9,5.8,1,1908,9,0,9,"","","","","","","","",0.8,9,"","","","","","",98,1,96,9,1903,9,98,9,1931,9,0,9,60,9,8.9,9,"","","","","","","","","","","","","","","","","","","","","","","","","","","","","","","","","","","","","","","","","","","","","","","","","","","","","","","","","","","","","","","","","","","","","","","","","","","","","","","","","","","","","","","","","","","","","","","","","","","","","","","","","","","","","","","","","","","",""
"47323004","VILLENEUVE-SUR-LOT",44.3975,0.764,59,2015122921,0.,1,"","",1.8,1,110,1,2.2,1,90,1,2009,9,3.3,1,110,1,2016,9,"","","","","","","","","","","","","","","","",5.,1,4.6,9,5.,1,2044,9,5.6,1,2001,9,0,9,"","","","","","","","",1.4,9,"","","","","","",97,1,96,9,2001,9,98,9,2024,9,0,9,60,9,8.5,9,"","","","","","","","","","","","","","","","","","","","","","","","","","","","","","","","","","","","","","","","","","","","","","","","","","","","","","","","","","","","","","","","","","","","","","","","","","","","","","","","","","","","","","","","","","","","","","","","","","","","","","","","","","","","","","","","","","","",""
"47323004","VILLENEUVE-SUR-LOT",44.3975,0.764,59,2015122922,0.,1,"","",1.5,1,100,1,2.2,1,90,1,2134,9,3.3,1,100,1,2128,9,"","","","","","","","","","","","","","","","",5.6,1,5.1,9,4.9,1,2115,9,5.6,1,2159,9,0,9,"","","","","","","","",2.6,9,"","","","","","",97,1,96,9,2101,9,98,9,2125,9,0,9,60,9,8.8,9,"","","","","","","","","","","","","","","","","","","","","","","","","","","","","","","","","","","","","","","","","","","","","","","","","","","","","","","","","","","","","","","","","","","","","","","","","","","","","","","","","","","","","","","","","","","","","","","","","","","","","","","","","","","","","","","","","","","",""
"47323004","VILLENEUVE-SUR-LOT",44.3975,0.764,59,2015122923,0.,1,"","",2.2,1,80,1,2.5,1,100,1,2244,9,3.6,1,100,1,2237,9,"","","","","","","","","","","","","","","","",6.1,1,5.5,9,5.6,1,2201,9,6.1,1,2257,9,0,9,"","","","","","","","",5.2,9,"","","","","","",96,1,96,9,2213,9,98,9,2207,9,0,9,60,9,9.,9,"","","","","","","","","","","","","","","","","","","","","","","","","","","","","","","","","","","","","","","","","","","","","","","","","","","","","","","","","","","","","","","","","","","","","","","","","","","","","","","","","","","","","","","","","","","","","","","","","","","","","","","","","","","","","","","","","","","",""
"47323004","VILLENEUVE-SUR-LOT",44.3975,0.764,59,2015123000,0.,1,"","",2.3,1,100,1,3.,1,100,1,2341,9,4.3,1,90,1,2333,9,"","","","","","","","","","","","","","","","",6.2,1,5.5,9,6.1,1,2301,9,6.4,1,2335,9,0,9,"","","","","","","","",5.7,9,"","","","","","",95,1,94,9,2324,9,97,9,2305,9,0,9,60,9,9.,9,"","","","","","","","","","","","","","","","","","","","","","","","","","","","","","","","","","","","","","","","","","","","","","","","","","","","","","","","","","","","","","","","","","","","","","","","","","","","","","","","","","","","","","","","","","","","","","","","","","","","","","","","","","","","","","","","","","","",""
"47323004","VILLENEUVE-SUR-LOT",44.3975,0.764,59,2015123001,0.,1,"","",2.3,1,90,1,2.7,1,100,1,11,9,3.8,1,90,1,100,9,"","","","","","","","","","","","","","","","",6.2,1,5.5,9,6.2,1,1,9,6.2,1,1,9,0,9,"","","","","","","","",5.6,9,"","","","","","",95,1,94,9,1,9,96,9,41,9,0,9,60,9,9.,9,"","","","","","","","","","","","","","","","","","","","","","","","","","","","","","","","","","","","","","","","","","","","","","","","","","","","","","","","","","","","","","","","","","","","","","","","","","","","","","","","","","","","","","","","","","","","","","","","","","","","","","","","","","","","","","","","","","","",""
"47323004","VILLENEUVE-SUR-LOT",44.3975,0.764,59,2015123002,0.,1,"","",2.2,1,90,1,3.3,1,100,1,143,9,4.2,1,90,1,134,9,"","","","","","","","","","","","","","","","",6.3,1,5.5,9,6.2,1,101,9,6.3,1,109,9,0,9,"","","","","","","","",5.8,9,"","","","","","",94,1,93,9,119,9,96,9,104,9,0,9,60,9,9.,9,"","","","","","","","","","","","","","","","","","","","","","","","","","","","","","","","","","","","","","","","","","","","","","","","","","","","","","","","","","","","","","","","","","","","","","","","","","","","","","","","","","","","","","","","","","","","","","","","","","","","","","","","","","","","","","","","","","","",""
"47323004","VILLENEUVE-SUR-LOT",44.3975,0.764,59,2015123003,0.,1,"","",2.4,1,110,1,3.1,1,110,1,251,9,4.,1,110,1,247,9,"","","","","","","","","","","","","","","","",6.5,1,5.6,9,6.3,1,201,9,6.5,1,251,9,0,9,"","","","","","","","",5.7,9,"","","","","","",94,1,93,9,215,9,95,9,201,9,0,9,60,9,9.1,9,"","","","","","","","","","","","","","","","","","","","","","","","","","","","","","","","","","","","","","","","","","","","","","","","","","","","","","","","","","","","","","","","","","","","","","","","","","","","","","","","","","","","","","","","","","","","","","","","","","","","","","","","","","","","","","","","","","","",""
"47323004","VILLENEUVE-SUR-LOT",44.3975,0.764,59,2015123004,0.,1,"","",2.6,1,100,1,3.1,1,100,1,317,9,4.2,1,100,1,400,9,"","","","","","","","","","","","","","","","",6.6,1,5.5,9,6.5,1,301,9,6.7,1,341,9,0,9,"","","","","","","","",5.9,9,"","","","","","",92,1,92,9,324,9,95,9,303,9,0,9,60,9,9.,9,"","","","","","","","","","","","","","","","","","","","","","","","","","","","","","","","","","","","","","","","","","","","","","","","","","","","","","","","","","","","","","","","","","","","","","","","","","","","","","","","","","","","","","","","","","","","","","","","","","","","","","","","","","","","","","","","","","","",""
"47323004","VILLENEUVE-SUR-LOT",44.3975,0.764,59,2015123005,0.,1,"","",2.4,1,110,1,2.9,1,100,1,404,9,3.9,1,110,1,402,9,"","","","","","","","","","","","","","","","",6.5,1,5.1,9,6.5,1,453,9,6.7,1,403,9,0,9,"","","","","","","","",5.1,9,"","","","","","",91,1,91,9,405,9,94,9,415,9,0,9,60,9,8.8,9,"","","","","","","","","","","","","","","","","","","","","","","","","","","","","","","","","","","","","","","","","","","","","","","","","","","","","","","","","","","","","","","","","","","","","","","","","","","","","","","","","","","","","","","","","","","","","","","","","","","","","","","","","","","","","","","","","","","",""
"47323004","VILLENEUVE-SUR-LOT",44.3975,0.764,59,2015123006,0.,1,"","",1.7,1,120,1,2.7,1,110,1,509,9,3.8,1,110,1,502,9,"","","","","","","","","","","","","","","","",5.5,1,4.5,9,5.5,1,551,9,6.5,1,501,9,0,9,"","","","","","","","",2.7,9,"","","","","","",93,1,91,9,501,9,94,9,549,9,0,9,60,9,8.4,9,"","","","","","","","","","","","","","","","","","","","","","","","","","","","","","","","","","","","","","","","","","","","","","","","","","","","","","","","","","","","","","","","","","","","","","","","","","","","","","","","","","","","","","","","","","","","","","","","","","","","","","","","","","","","","","","","","","","",""
"47323004","VILLENEUVE-SUR-LOT",44.3975,0.764,59,2015123007,0.,1,"","",1.3,1,120,1,1.7,1,120,1,601,9,2.6,1,110,1,604,9,"","","","","","","","","","","","","","","","",3.3,1,2.7,9,3.2,9,657,9,5.6,9,608,9,0,9,"","","","","","","","",0.1,9,"","","","","","",95,9,91,9,637,9,95,9,624,9,0,9,60,9,7.4,9,"","","","","","","","","","","","","","","","","","","","","","","","","","","","","","","","","","","","","","","","","","","","","","","","","","","","","","","","","","","","","","","","","","","","","","","","","","","","","","","","","","","","","","","","","","","","","","","","","","","","","","","","","","","","","","","","","","","",""
"47323004","VILLENEUVE-SUR-LOT",44.3975,0.764,59,2015123008,0.,1,"","",1.,1,100,1,1.9,1,90,1,731,9,2.5,1,90,1,731,9,"","","","","","","","","","","","","","","","",4.5,1,4.3,9,3.2,1,707,9,4.5,1,759,9,0,9,"","","","","","","","",-0.1,9,"","","","","","",98,1,95,9,701,9,99,9,743,9,0,9,60,9,8.3,9,"","","","","","","","","","","","","","","","","","","","","","","","","","","","","","","","","","","","","","","","","","","","","","","","","","","","","","","","","","","","","","","","","","","","","","","","","","","","","","","","","","","","","","","","","","","","","","","","","","","","","","","","","","","","","","","","","","","",""
"47323004","VILLENEUVE-SUR-LOT",44.3975,0.764,59,2015123009,0.,1,"","",2.7,1,70,1,2.8,1,80,1,858,9,3.8,1,90,1,857,9,"","","","","","","","","","","","","","","","",6.9,1,4.8,9,4.5,1,801,9,6.9,1,859,9,0,9,"","","","","","","","",2.,9,"","","","","","",87,1,86,9,858,9,98,9,803,9,0,9,60,9,8.6,9,"","","","","","","","","","","","","","","","","","","","","","","","","","","","","","","","","","","","","","","","","","","","","","","","","","","","","","","","","","","","","","","","","","","","","","","","","","","","","","","","","","","","","","","","","","","","","","","","","","","","","","","","","","","","","","","","","","","",""
"47323004","VILLENEUVE-SUR-LOT",44.3975,0.764,59,2015123010,0.,1,"","",2.8,1,100,1,2.8,1,70,1,914,9,4.6,1,110,1,954,9,"","","","","","","","","","","","","","","","",10.7,1,5.5,9,7.,1,901,9,10.7,1,1000,9,0,9,"","","","","","","","",10.8,9,"","","","","","",70,1,70,9,959,9,87,9,901,9,0,9,34,9,9.,9,"","","","","","","","","","","","","","","","","","","","","","","","","","","","","","","","","","","","","","","","","","","","","","","","","","","","","","","","","","","","","","","","","","","","","","","","","","","","","","","","","","","","","","","","","","","","","","","","","","","","","","","","","","","","","","","","","","","",""
"47323004","VILLENEUVE-SUR-LOT",44.3975,0.764,59,2015123011,0.,1,"","",2.9,1,120,1,3.7,1,100,1,1020,9,5.8,1,110,1,1015,9,"","","","","","","","","","","","","","","","",13.2,1,5.6,9,10.8,1,1001,9,13.3,1,1059,9,0,9,"","","","","","","","",15.1,9,"","","","","","",60,1,59,9,1051,9,72,9,1003,9,0,9,0,9,9.1,9,"","","","","","","","","","","","","","","","","","","","","","","","","","","","","","","","","","","","","","","","","","","","","","","","","","","","","","","","","","","","","","","","","","","","","","","","","","","","","","","","","","","","","","","","","","","","","","","","","","","","","","","","","","","","","","","","","","","",""
"47323004","VILLENEUVE-SUR-LOT",44.3975,0.764,59,2015123012,0.,1,"","",3.3,1,130,1,4.5,1,110,1,1111,9,7.7,1,120,1,1103,9,"","","","","","","","","","","","","","","","",13.9,1,5.8,9,12.9,1,1115,9,13.9,1,1151,9,0,9,"","","","","","","","",16.1,9,"","","","","","",58,1,54,9,1159,9,62,9,1108,9,0,9,0,9,9.2,9,"","","","","","","","","","","","","","","","","","","","","","","","","","","","","","","","","","","","","","","","","","","","","","","","","","","","","","","","","","","","","","","","","","","","","","","","","","","","","","","","","","","","","","","","","","","","","","","","","","","","","","","","","","","","","","","","","","","",""
"47323004","VILLENEUVE-SUR-LOT",44.3975,0.764,59,2015123013,0.,1,"","",2.2,1,130,1,3.4,1,130,1,1202,9,5.8,1,130,1,1201,9,"","","","","","","","","","","","","","","","",14.9,1,5.5,9,13.9,1,1201,9,14.9,1,1258,9,0,9,"","","","","","","","",17.7,9,"","","","","","",53,1,51,9,1244,9,58,9,1205,9,0,9,0,9,9.,9,"","","","","","","","","","","","","","","","","","","","","","","","","","","","","","","","","","","","","","","","","","","","","","","","","","","","","","","","","","","","","","","","","","","","","","","","","","","","","","","","","","","","","","","","","","","","","","","","","","","","","","","","","","","","","","","","","","","",""
"47323004","VILLENEUVE-SUR-LOT",44.3975,0.764,59,2015123014,0.,1,"","",2.2,1,110,1,3.1,1,130,1,1346,9,6.3,1,140,1,1346,9,"","","","","","","","","","","","","","","","",15.3,1,6.1,9,15.,1,1301,9,15.5,1,1358,9,0,9,"","","","","","","","",17.5,9,"","","","","","",54,1,50,9,1307,9,57,9,1356,9,0,9,0,9,9.4,9,"","","","","","","","","","","","","","","","","","","","","","","","","","","","","","","","","","","","","","","","","","","","","","","","","","","","","","","","","","","","","","","","","","","","","","","","","","","","","","","","","","","","","","","","","","","","","","","","","","","","","","","","","","","","","","","","","","","",""
"47323004","VILLENEUVE-SUR-LOT",44.3975,0.764,59,2015123015,0.,1,"","",3.2,1,110,1,3.2,1,110,1,1459,9,6.1,1,100,1,1455,9,"","","","","","","","","","","","","","","","",15.2,1,5.6,9,15.,1,1439,9,15.5,1,1411,9,0,9,"","","","","","","","",15.7,9,"","","","","","",53,1,52,9,1417,9,57,9,1413,9,0,9,0,9,9.1,9,"","","","","","","","","","","","","","","","","","","","","","","","","","","","","","","","","","","","","","","","","","","","","","","","","","","","","","","","","","","","","","","","","","","","","","","","","","","","","","","","","","","","","","","","","","","","","","","","","","","","","","","","","","","","","","","","","","","",""
"47323004","VILLENEUVE-SUR-LOT",44.3975,0.764,59,2015123016,0.,1,"","",2.3,1,100,1,4.6,1,110,1,1519,9,7.9,1,100,1,1510,9,"","","","","","","","","","","","","","","","",14.4,1,6.2,9,14.4,1,1558,9,15.2,1,1501,9,0,9,"","","","","","","","",11.8,9,"","","","","","",58,1,52,9,1518,9,58,9,1600,9,0,9,0,9,9.5,9,"","","","","","","","","","","","","","","","","","","","","","","","","","","","","","","","","","","","","","","","","","","","","","","","","","","","","","","","","","","","","","","","","","","","","","","","","","","","","","","","","","","","","","","","","","","","","","","","","","","","","","","","","","","","","","","","","","","",""
"47323004","VILLENEUVE-SUR-LOT",44.3975,0.764,59,2015123017,0.,1,"","",2.8,1,140,1,2.8,1,140,1,1700,9,7.9,1,160,1,1655,9,"","","","","","","","","","","","","","","","",13.4,1,6.2,9,12.8,1,1636,9,14.4,1,1601,9,0,9,"","","","","","","","",9.2,9,"","","","","","",62,1,57,9,1602,9,65,9,1647,9,0,9,0,9,9.5,9,"","","","","","","","","","","","","","","","","","","","","","","","","","","","","","","","","","","","","","","","","","","","","","","","","","","","","","","","","","","","","","","","","","","","","","","","","","","","","","","","","","","","","","","","","","","","","","","","","","","","","","","","","","","","","","","","","","","",""
"47323004","VILLENEUVE-SUR-LOT",44.3975,0.764,59,2015123018,0.,1,"","",3.5,1,140,1,4.2,1,140,1,1741,9,10.6,1,150,1,1735,9,"","","","","","","","","","","","","","","","",12.5,1,5.6,9,12.5,1,1759,9,13.4,1,1704,9,0,9,"","","","","","","","",10.5,9,"","","","","","",63,1,61,9,1735,9,64,9,1702,9,0,9,0,9,9.1,9,"","","","","","","","","","","","","","","","","","","","","","","","","","","","","","","","","","","","","","","","","","","","","","","","","","","","","","","","","","","","","","","","","","","","","","","","","","","","","","","","","","","","","","","","","","","","","","","","","","","","","","","","","","","","","","","","","","","",""
"47323004","VILLENEUVE-SUR-LOT",44.3975,0.764,59,2015123019,0.,1,"","",4.,1,130,1,4.4,1,140,1,1838,9,10.,1,130,1,1821,9,"","","","","","","","","","","","","","","","",11.8,1,4.5,9,11.8,9,1857,9,12.6,9,1804,9,0,9,"","","","","","","","",9.8,9,"","","","","","",61,9,60,9,1834,9,63,9,1806,9,0,9,0,9,8.4,9,"","","","","","","","","","","","","","","","","","","","","","","","","","","","","","","","","","","","","","","","","","","","","","","","","","","","","","","","","","","","","","","","","","","","","","","","","","","","","","","","","","","","","","","","","","","","","","","","","","","","","","","","","","","","","","","","","","","",""
"47323004","VILLENEUVE-SUR-LOT",44.3975,0.764,59,2015123020,0.,1,"","",5.2,1,130,1,5.6,1,120,1,1951,9,9.9,1,140,1,1958,9,"","","","","","","","","","","","","","","","",11.3,1,4.8,9,11.3,1,1943,9,11.8,1,1901,9,0,9,"","","","","","","","",9.5,9,"","","","","","",64,1,60,9,1902,9,64,9,1947,9,0,9,0,9,8.6,9,"","","","","","","","","","","","","","","","","","","","","","","","","","","","","","","","","","","","","","","","","","","","","","","","","","","","","","","","","","","","","","","","","","","","","","","","","","","","","","","","","","","","","","","","","","","","","","","","","","","","","","","","","","","","","","","","","","","",""
"47323004","VILLENEUVE-SUR-LOT",44.3975,0.764,59,2015123021,0.,1,"","",4.7,1,150,1,5.5,1,140,1,2056,9,10.8,1,140,1,2047,9,"","","","","","","","","","","","","","","","",11.4,1,5.9,9,11.1,1,2025,9,11.4,1,2054,9,0,9,"","","","","","","","",9.3,9,"","","","","","",69,1,64,9,2001,9,70,9,2044,9,0,9,0,9,9.3,9,"","","","","","","","","","","","","","","","","","","","","","","","","","","","","","","","","","","","","","","","","","","","","","","","","","","","","","","","","","","","","","","","","","","","","","","","","","","","","","","","","","","","","","","","","","","","","","","","","","","","","","","","","","","","","","","","","","","",""
"47323004","VILLENEUVE-SUR-LOT",44.3975,0.764,59,2015123022,0.,1,"","",4.5,1,150,1,5.3,1,150,1,2127,9,11.,1,160,1,2159,9,"","","","","","","","","","","","","","","","",11.9,1,6.8,9,11.5,1,2101,9,11.9,1,2141,9,0,9,"","","","","","","","",10.2,9,"","","","","","",71,1,68,9,2102,9,72,9,2148,9,0,9,0,9,9.9,9,"","","","","","","","","","","","","","","","","","","","","","","","","","","","","","","","","","","","","","","","","","","","","","","","","","","","","","","","","","","","","","","","","","","","","","","","","","","","","","","","","","","","","","","","","","","","","","","","","","","","","","","","","","","","","","","","","","","",""
"47323004","VILLENEUVE-SUR-LOT",44.3975,0.764,59,2015123023,0.,1,"","",4.2,1,180,1,5.4,1,150,1,2209,9,11.2,1,160,1,2223,9,"","","","","","","","","","","","","","","","",12.3,1,7.6,9,11.9,1,2201,9,12.3,1,2242,9,0,9,"","","","","","","","",11.,9,"","","","","","",73,1,71,9,2204,9,73,9,2211,9,0,9,0,9,10.4,9,"","","","","","","","","","","","","","","","","","","","","","","","","","","","","","","","","","","","","","","","","","","","","","","","","","","","","","","","","","","","","","","","","","","","","","","","","","","","","","","","","","","","","","","","","","","","","","","","","","","","","","","","","","","","","","","","","","","",""
"47323004","VILLENEUVE-SUR-LOT",44.3975,0.764,59,2015123100,0.,1,"","",2.,1,170,1,4.2,1,180,1,2301,9,7.7,1,180,1,2301,9,"","","","","","","","","","","","","","","","",12.1,1,8.4,9,12.1,1,2356,9,12.3,1,2301,9,0,9,"","","","","","","","",10.2,9,"","","","","","",78,1,72,9,2301,9,78,9,0,9,0,9,0,9,11.,9,"","","","","","","","","","","","","","","","","","","","","","","","","","","","","","","","","","","","","","","","","","","","","","","","","","","","","","","","","","","","","","","","","","","","","","","","","","","","","","","","","","","","","","","","","","","","","","","","","","","","","","","","","","","","","","","","","","","",""
"47323004","VILLENEUVE-SUR-LOT",44.3975,0.764,59,2015123101,0.6,1,"","",2.6,1,170,1,2.8,1,160,1,52,9,5.2,1,180,1,51,9,"","","","","","","","","","","","","","","","",11.1,1,8.7,9,11.1,1,48,9,12.,1,1,9,0,9,"","","","","","","","",9.8,9,"","","","","","",85,1,78,9,1,9,87,9,49,9,0,9,49,9,11.2,9,"","","","","","","","","","","","","","","","","","","","","","","","","","","","","","","","","","","","","","","","","","","","","","","","","","","","","","","","","","","","","","","","","","","","","","","","","","","","","","","","","","","","","","","","","","","","","","","","","","","","","","","","","","","","","","","","","","","",""
"47323004","VILLENEUVE-SUR-LOT",44.3975,0.764,59,2015123102,0.,1,"","",0.,1,0,1,2.7,1,180,1,106,9,5.,1,180,1,104,9,"","","","","","","","","","","","","","","","",10.5,1,9.3,9,10.5,1,158,9,11.1,1,101,9,0,9,"","","","","","","","",9.7,9,"","","","","","",92,1,85,9,101,9,92,9,154,9,0,9,60,9,11.7,9,"","","","","","","","","","","","","","","","","","","","","","","","","","","","","","","","","","","","","","","","","","","","","","","","","","","","","","","","","","","","","","","","","","","","","","","","","","","","","","","","","","","","","","","","","","","","","","","","","","","","","","","","","","","","","","","","","","","",""
"47323004","VILLENEUVE-SUR-LOT",44.3975,0.764,59,2015123103,0.2,1,"","",0.8,1,110,1,0.8,1,350,1,233,9,1.7,1,350,1,232,9,"","","","","","","","","","","","","","","","",10.1,1,9.3,9,10.1,1,248,9,10.5,1,201,9,0,9,"","","","","","","","",9.5,9,"","","","","","",95,1,91,9,201,9,97,9,246,9,0,9,60,9,11.7,9,"","","","","","","","","","","","","","","","","","","","","","","","","","","","","","","","","","","","","","","","","","","","","","","","","","","","","","","","","","","","","","","","","","","","","","","","","","","","","","","","","","","","","","","","","","","","","","","","","","","","","","","","","","","","","","","","","","","",""
"47323004","VILLENEUVE-SUR-LOT",44.3975,0.764,59,2015123104,0.2,1,"","",0.7,1,180,1,1.6,1,190,1,353,9,3.1,1,170,1,347,9,"","","","","","","","","","","","","","","","",10.3,1,9.7,9,10.,1,317,9,10.3,1,353,9,0,9,"","","","","","","","",9.5,9,"","","","","","",96,1,95,9,301,9,98,9,334,9,0,9,60,9,12.,9,"","","","","","","","","","","","","","","","","","","","","","","","","","","","","","","","","","","","","","","","","","","","","","","","","","","","","","","","","","","","","","","","","","","","","","","","","","","","","","","","","","","","","","","","","","","","","","","","","","","","","","","","","","","","","","","","","","","",""
"47323004","VILLENEUVE-SUR-LOT",44.3975,0.764,59,2015123105,0.4,1,"","",1.4,1,200,1,1.7,1,180,1,450,9,2.5,1,170,1,447,9,"","","","","","","","","","","","","","","","",10.3,1,9.7,9,10.1,1,416,9,10.3,1,500,9,0,9,"","","","","","","","",9.4,9,"","","","","","",96,1,95,9,404,9,97,9,410,9,0,9,60,9,12.,9,"","","","","","","","","","","","","","","","","","","","","","","","","","","","","","","","","","","","","","","","","","","","","","","","","","","","","","","","","","","","","","","","","","","","","","","","","","","","","","","","","","","","","","","","","","","","","","","","","","","","","","","","","","","","","","","","","","","",""
"47323004","VILLENEUVE-SUR-LOT",44.3975,0.764,59,2015123106,0.,1,"","",0.7,1,340,1,1.3,1,200,1,501,9,2.1,1,240,1,502,9,"","","","","","","","","","","","","","","","",9.7,1,8.9,9,9.7,1,557,9,10.3,1,501,9,0,9,"","","","","","","","",8.8,9,"","","","","","",95,1,90,9,534,9,96,9,501,9,0,9,60,9,11.4,9,"","","","","","","","","","","","","","","","","","","","","","","","","","","","","","","","","","","","","","","","","","","","","","","","","","","","","","","","","","","","","","","","","","","","","","","","","","","","","","","","","","","","","","","","","","","","","","","","","","","","","","","","","","","","","","","","","","","",""
"47323004","VILLENEUVE-SUR-LOT",44.3975,0.764,59,2015123107,0.4,1,"","",0.,1,0,1,1.1,1,70,1,640,9,1.3,1,70,1,635,9,"","","","","","","","","","","","","","","","",9.2,1,8.7,9,9.1,9,641,9,9.7,9,601,9,0,9,"","","","","","","","",8.,9,"","","","","","",96,9,95,9,601,9,97,9,624,9,0,9,60,9,11.2,9,"","","","","","","","","","","","","","","","","","","","","","","","","","","","","","","","","","","","","","","","","","","","","","","","","","","","","","","","","","","","","","","","","","","","","","","","","","","","","","","","","","","","","","","","","","","","","","","","","","","","","","","","","","","","","","","","","","","",""
"47323004","VILLENEUVE-SUR-LOT",44.3975,0.764,59,2015123108,0.,1,"","",0.,1,0,1,0.6,1,130,1,739,9,1.2,1,150,1,737,9,"","","","","","","","","","","","","","","","",8.5,1,8.1,9,8.4,1,745,9,9.2,1,701,9,0,9,"","","","","","","","",6.,9,"","","","","","",97,1,96,9,703,9,98,9,704,9,0,9,60,9,10.8,9,"","","","","","","","","","","","","","","","","","","","","","","","","","","","","","","","","","","","","","","","","","","","","","","","","","","","","","","","","","","","","","","","","","","","","","","","","","","","","","","","","","","","","","","","","","","","","","","","","","","","","","","","","","","","","","","","","","","",""
"47323004","VILLENEUVE-SUR-LOT",44.3975,0.764,59,2015123109,0.2,1,"","",0.,1,0,1,0.6,1,330,1,838,9,0.8,1,340,1,831,9,"","","","","","","","","","","","","","","","",9.5,1,9.,9,8.5,1,801,9,9.5,1,856,9,0,9,"","","","","","","","",8.4,9,"","","","","","",97,1,96,9,808,9,99,9,832,9,0,9,60,9,11.5,9,"","","","","","","","","","","","","","","","","","","","","","","","","","","","","","","","","","","","","","","","","","","","","","","","","","","","","","","","","","","","","","","","","","","","","","","","","","","","","","","","","","","","","","","","","","","","","","","","","","","","","","","","","","","","","","","","","","","",""
"47323004","VILLENEUVE-SUR-LOT",44.3975,0.764,59,2015123110,0.2,1,"","",0.,1,0,1,0.5,1,230,1,919,9,0.9,1,250,1,917,9,"","","","","","","","","","","","","","","","",10.2,1,9.2,9,9.5,1,901,9,10.2,1,956,9,0,9,"","","","","","","","",9.9,9,"","","","","","",93,1,92,9,938,9,97,9,901,9,0,9,60,9,11.6,9,"","","","","","","","","","","","","","","","","","","","","","","","","","","","","","","","","","","","","","","","","","","","","","","","","","","","","","","","","","","","","","","","","","","","","","","","","","","","","","","","","","","","","","","","","","","","","","","","","","","","","","","","","","","","","","","","","","","",""
"47323004","VILLENEUVE-SUR-LOT",44.3975,0.764,59,2015123111,0.,1,"","",0.5,1,20,1,1.1,1,290,1,1036,9,1.6,1,290,1,1032,9,"","","","","","","","","","","","","","","","",11.1,1,8.8,9,10.2,1,1001,9,11.1,1,1059,9,0,9,"","","","","","","","",10.5,9,"","","","","","",86,1,85,9,1029,9,93,9,1003,9,0,9,60,9,11.3,9,"","","","","","","","","","","","","","","","","","","","","","","","","","","","","","","","","","","","","","","","","","","","","","","","","","","","","","","","","","","","","","","","","","","","","","","","","","","","","","","","","","","","","","","","","","","","","","","","","","","","","","","","","","","","","","","","","","","",""
"47323004","VILLENEUVE-SUR-LOT",44.3975,0.764,59,2015123112,0.,1,"","",1.5,1,290,1,1.5,1,290,1,1200,9,2.5,1,290,1,1200,9,"","","","","","","","","","","","","","","","",11.9,1,9.4,9,11.1,1,1101,9,12.2,1,1126,9,0,9,"","","","","","","","",11.9,9,"","","","","","",85,1,80,9,1136,9,86,9,1101,9,0,9,60,9,11.8,9,"","","","","","","","","","","","","","","","","","","","","","","","","","","","","","","","","","","","","","","","","","","","","","","","","","","","","","","","","","","","","","","","","","","","","","","","","","","","","","","","","","","","","","","","","","","","","","","","","","","","","","","","","","","","","","","","","","","",""
"47323004","VILLENEUVE-SUR-LOT",44.3975,0.764,59,2015123113,0.,1,"","",2.3,1,280,1,2.3,1,280,1,1259,9,3.,1,280,1,1258,9,"","","","","","","","","","","","","","","","",12.2,1,8.7,9,11.8,1,1215,9,12.3,1,1250,9,0,9,"","","","","","","","",12.5,9,"","","","","","",79,1,77,9,1257,9,86,9,1206,9,0,9,50,9,11.2,9,"","","","","","","","","","","","","","","","","","","","","","","","","","","","","","","","","","","","","","","","","","","","","","","","","","","","","","","","","","","","","","","","","","","","","","","","","","","","","","","","","","","","","","","","","","","","","","","","","","","","","","","","","","","","","","","","","","","",""
"47323004","VILLENEUVE-SUR-LOT",44.3975,0.764,59,2015123114,0.2,1,"","",1.7,1,270,1,2.4,1,290,1,1307,9,3.6,1,300,1,1314,9,"","","","","","","","","","","","","","","","",12.,1,9.4,9,12.,1,1352,9,12.2,1,1301,9,0,9,"","","","","","","","",11.6,9,"","","","","","",84,1,74,9,1319,9,84,9,1357,9,0,9,34,9,11.8,9,"","","","","","","","","","","","","","","","","","","","","","","","","","","","","","","","","","","","","","","","","","","","","","","","","","","","","","","","","","","","","","","","","","","","","","","","","","","","","","","","","","","","","","","","","","","","","","","","","","","","","","","","","","","","","","","","","","","",""
"47323004","VILLENEUVE-SUR-LOT",44.3975,0.764,59,2015123115,0.,1,"","",2.5,1,280,1,3.,1,280,1,1427,9,4.4,1,280,1,1426,9,"","","","","","","","","","","","","","","","",11.4,1,8.3,9,11.4,1,1500,9,12.,1,1401,9,0,9,"","","","","","","","",10.7,9,"","","","","","",81,1,79,9,1409,9,87,9,1445,9,0,9,58,9,10.9,9,"","","","","","","","","","","","","","","","","","","","","","","","","","","","","","","","","","","","","","","","","","","","","","","","","","","","","","","","","","","","","","","","","","","","","","","","","","","","","","","","","","","","","","","","","","","","","","","","","","","","","","","","","","","","","","","","","","","",""
"47323004","VILLENEUVE-SUR-LOT",44.3975,0.764,59,2015123116,0.,1,"","",1.2,1,270,1,2.6,1,280,1,1502,9,3.7,1,280,1,1502,9,"","","","","","","","","","","","","","","","",10.9,1,7.4,9,10.9,1,1557,9,11.4,1,1501,9,0,9,"","","","","","","","",10.,9,"","","","","","",79,1,78,9,1520,9,82,9,1506,9,0,9,20,9,10.3,9,"","","","","","","","","","","","","","","","","","","","","","","","","","","","","","","","","","","","","","","","","","","","","","","","","","","","","","","","","","","","","","","","","","","","","","","","","","","","","","","","","","","","","","","","","","","","","","","","","","","","","","","","","","","","","","","","","","","",""
"47323004","VILLENEUVE-SUR-LOT",44.3975,0.764,59,2015123117,0.,1,"","",0.,1,0,1,1.4,1,280,1,1605,9,1.9,1,280,1,1604,9,"","","","","","","","","","","","","","","","",8.4,1,6.5,9,8.4,1,1659,9,10.9,1,1601,9,0,9,"","","","","","","","",5.5,9,"","","","","","",88,1,78,9,1603,9,88,9,1646,9,0,9,49,9,9.7,9,"","","","","","","","","","","","","","","","","","","","","","","","","","","","","","","","","","","","","","","","","","","","","","","","","","","","","","","","","","","","","","","","","","","","","","","","","","","","","","","","","","","","","","","","","","","","","","","","","","","","","","","","","","","","","","","","","","","",""
"47323004","VILLENEUVE-SUR-LOT",44.3975,0.764,59,2015123118,0.,1,"","",0.,1,0,1,0.7,1,100,1,1745,9,1.2,1,80,1,1744,9,"","","","","","","","","","","","","","","","",7.1,1,6.2,9,7.1,1,1754,9,8.4,1,1701,9,0,9,"","","","","","","","",3.6,9,"","","","","","",94,1,89,9,1701,9,95,9,1742,9,0,9,60,9,9.5,9,"","","","","","","","","","","","","","","","","","","","","","","","","","","","","","","","","","","","","","","","","","","","","","","","","","","","","","","","","","","","","","","","","","","","","","","","","","","","","","","","","","","","","","","","","","","","","","","","","","","","","","","","","","","","","","","","","","","",""
"47323004","VILLENEUVE-SUR-LOT",44.3975,0.764,59,2015123119,0.,1,"","",0.,1,0,1,0.,1,0,1,1801,9,0.9,1,70,1,1804,9,"","","","","","","","","","","","","","","","",6.,1,5.6,9,6.,9,1849,9,7.2,9,1804,9,0,9,"","","","","","","","",3.1,9,"","","","","","",97,9,94,9,1815,9,97,9,1831,9,0,9,60,9,9.1,9,"","","","","","","","","","","","","","","","","","","","","","","","","","","","","","","","","","","","","","","","","","","","","","","","","","","","","","","","","","","","","","","","","","","","","","","","","","","","","","","","","","","","","","","","","","","","","","","","","","","","","","","","","","","","","","","","","","","",""
"47323004","VILLENEUVE-SUR-LOT",44.3975,0.764,59,2015123120,0.,1,"","",0.9,1,90,1,1.4,1,100,1,1938,9,1.9,1,100,1,1933,9,"","","","","","","","","","","","","","","","",6.9,1,6.4,9,6.1,1,1901,9,6.9,1,1949,9,0,9,"","","","","","","","",5.1,9,"","","","","","",97,1,95,9,1908,9,98,9,1912,9,0,9,60,9,9.6,9,"","","","","","","","","","","","","","","","","","","","","","","","","","","","","","","","","","","","","","","","","","","","","","","","","","","","","","","","","","","","","","","","","","","","","","","","","","","","","","","","","","","","","","","","","","","","","","","","","","","","","","","","","","","","","","","","","","","",""
"47323004","VILLENEUVE-SUR-LOT",44.3975,0.764,59,2015123121,0.,1,"","",0.6,1,90,1,1.4,1,70,1,2046,9,2.2,1,70,1,2045,9,"","","","","","","","","","","","","","","","",6.9,1,6.4,9,6.6,1,2046,9,7.,1,2015,9,0,9,"","","","","","","","",4.1,9,"","","","","","",97,1,96,9,2006,9,98,9,2001,9,0,9,60,9,9.6,9,"","","","","","","","","","","","","","","","","","","","","","","","","","","","","","","","","","","","","","","","","","","","","","","","","","","","","","","","","","","","","","","","","","","","","","","","","","","","","","","","","","","","","","","","","","","","","","","","","","","","","","","","","","","","","","","","","","","",""
"47323004","VILLENEUVE-SUR-LOT",44.3975,0.764,59,2015123122,0.,1,"","",0.5,1,100,1,1.9,1,100,1,2122,9,2.3,1,90,1,2115,9,"","","","","","","","","","","","","","","","",6.2,1,5.8,9,6.2,1,2152,9,6.8,1,2101,9,0,9,"","","","","","","","",4.3,9,"","","","","","",97,1,95,9,2151,9,98,9,2106,9,0,9,60,9,9.2,9,"","","","","","","","","","","","","","","","","","","","","","","","","","","","","","","","","","","","","","","","","","","","","","","","","","","","","","","","","","","","","","","","","","","","","","","","","","","","","","","","","","","","","","","","","","","","","","","","","","","","","","","","","","","","","","","","","","","",""
"47323004","VILLENEUVE-SUR-LOT",44.3975,0.764,59,2015123123,0.,1,"","",1.7,1,100,1,1.8,1,110,1,2218,9,2.7,1,120,1,2216,9,"","","","","","","","","","","","","","","","",5.9,1,5.8,9,5.9,1,2205,9,6.7,1,2225,9,0,9,"","","","","","","","",3.8,9,"","","","","","",99,1,95,9,2202,9,99,9,2300,9,0,9,60,9,9.2,9,"","","","","","","","","","","","","","","","","","","","","","","","","","","","","","","","","","","","","","","","","","","","","","","","","","","","","","","","","","","","","","","","","","","","","","","","","","","","","","","","","","","","","","","","","","","","","","","","","","","","","","","","","","","","","","","","","","","",""
