"NUM_POSTE","NOM_USUEL","LAT","LON","ALTI","AAAAMMJJHH","RR1","QRR1","DRR1","QDRR1","FF","QFF","DD","QDD","FXY","QFXY","DXY","QDXY","HXY","QHXY","FXI","QFXI","DXI","QDXI","HXI","QHXI","FF2","QFF2","DD2","QDD2","FXI2","QFXI2","DXI2","QDXI2","HXI2","QHXI2","FXI3S","QFXI3S","DXI3S","QDXI3S","HFXI3S","QHFXI3S","T","QT","TD","QTD","TN","QTN","HTN","QHTN","TX","QTX","HTX","QHTX","DG","QDG","T10","QT10","T20","QT20","T50","QT50","T100","QT100","TNSOL","QTNSOL","TN50","QTN50","TCHAUSSEE","QTCHAUSSEE","DHUMEC","QDHUMEC","U","QU","UN","QUN","HUN","QHUN","UX","QUX","HUX","QHUX","DHUMI40","QDHUMI40","DHUMI80","QDHUMI80","TSV","QTSV","PMER","QPMER","PSTAT","QPSTAT","PMERMIN","QPMERMIN","GEOP","QGEOP","N","QN","NBAS","QNBAS","CL","QCL","CM","QCM","CH","QCH","N1","QN1","C1","QC1","B1","QB1","N2","QN2","C2","QC2","B2","QB2","N3","QN3","C3","QC3","B3","QB3","N4","QN4","C4","QC4","B4","QB4","VV","QVV","DVV200","QDVV200","WW","QWW","W1","QW1","W2","QW2","SOL","QSOL","SOLNG","QSOLNG","TMER","QTMER","VVMER","QVVMER","ETATMER","QETATMER","DIRHOULE","QDIRHOULE","HVAGUE","QHVAGUE","PVAGUE","QPVAGUE","HNEIGEF","QHNEIGEF","NEIGETOT","QNEIGETOT","TSNEIGE","QTSNEIGE","TUBENEIGE","QTUBENEIGE","HNEIGEFI3","QHNEIGEFI3","HNEIGEFI1","QHNEIGEFI1","ESNEIGE","QESNEIGE","CHARGENEIGE","QCHARGENEIGE","GLO","QGLO","GLO2","QGLO2","DIR","QDIR","DIR2","QDIR2","DIF","QDIF","DIF2","QDIF2","UV","QUV","UV2","QUV2","UV_INDICE","QUV_INDICE","INFRAR","QINFRAR","INFRAR2","QINFRAR2","INS","QINS","INS2","QINS2","TLAGON","QTLAGON","TVEGETAUX","QTVEGETAUX","ECOULEMENT","QECOULEMENT"
"28070001","CHARTRES",48.4605,1.501167,155,1983010100,"","","","",3.,1,180,1,"","","","","","","","","","","","","","","","","","","","","","","","","","","","",-3.1,1,-4.6,1,"","","","","","","","","","","","","","","","","","","","","","","","","","",89,1,"","","","","","","","","","","","",4.3,1,1031.6,1,"","","","","","","","","","","","","","","","","","","","","","","","","","","","","","","","","","","","","","","","","","","","","","","","","","","","","","","","","","","","","","","","","","","","","","","","","","","","","","","","","","","","","","","","","","","","","","","","","","","","","","","","","","","","","","","","","",""
"28070001","CHARTRES",48.4605,1.501167,155,1983010103,"","","","",3.,1,200,1,"","","","","","","","","","","","","","","","","","","","","","","","","","","","",-3.2,1,-4.6,1,"","","","","","","","","","","","","","","","","","","","","","","","","","",89,1,"","","","","","","","","","","","",4.3,1,1031.,1,"","","","","","","","","","","","","","","","","","","","","","","","","","","","","","","","","","","","","","","","","","","","","","","","","","","","","","","","","","","","","","","","","","","","","","","","","","","","","","","","","","","","","","","","","","","","","","","","","","","","","","","","","","","","","","","","","",""
"28070001","CHARTRES",48.4605,1.501167,155,1983010106,"","","","",3.,1,180,1,"","","","","","","","","","","","","","","","","","","","","","","","","","","","",-3.2,1,-4.6,1,"","","","","","","","","","","","","","","","","","","","","","","","","","",90,1,"","","","","","","","","","","","",4.3,1,1030.,1,"","","","","","",8,1,8,1,6,1,"","","","","","","","","","","","","","","","","","","","","","","","","","","","",900,1,"","",44,1,"","","","",4,1,"","","","","","","","","","","","","","","","","","","","","","","","","","","","","","","","","","","","","","","","","","","","","","","","","","","","","","","","","","","","","",""
"28070001","CHARTRES",48.4605,1.501167,155,1983010109,"","","","",3.,1,200,1,"","","","","","","","","","","","","","","","","","","","","","","","","","","","",-2.,1,-2.3,1,"","","","","","","","","","","","","","","","","","","","","","","","","","",96,1,"","","","","","","","","","","","",5.1,1,1029.8,1,"","","","","","",8,1,8,1,6,1,"","","","","","","","","","","","","","","","","","","","","","","","","","","","",1200,1,"","",10,1,4,1,"","","","","","","","","","","","","","","","","","","","","","","","","","","","","","","","","","","","","","","","","","","","","","","","","","","","","","","","","","","","","","","","","",""
"28070001","CHARTRES",48.4605,1.501167,155,1983010112,"","","","",4.,1,200,1,"","","","","","","","","","","","","","","","","","","","","","","","","","","","",-1.,1,-1.6,1,"","","","","","","","","","","","","","","","","","","","","","","","","","",95,1,"","","","","","","","","","","","",5.4,1,1029.1,1,"","","","","","",8,1,8,1,6,1,"","","","","","","","","","","","","","","","","","","","","","","","","","","","",5000,1,"","",2,1,4,1,"","","","","","","","","","","","","","","","","","","","","","","","","","","","","","","","","","","","","","","","","","","","","","","","","","","","","","","","","","","","","","","","","",""
"28070001","CHARTRES",48.4605,1.501167,155,1983010115,"","","","",5.,1,200,1,"","","","","","","","","","","","","","","","","","","","","","","","","","","","",-0.2,1,-1.1,1,"","","","","","","","","","","","","","","","","","","","","","","","","","",94,1,"","","","","","","","","","","","",5.6,1,1028.,1,"","","","","","",8,1,8,1,6,1,"","","","","","","","","","","","","","","","","","","","","","","","","","","","",1400,1,"","",10,1,2,1,"","","","","","","","","","","","","","","","","","","","","","","","","","","","","","","","","","","","","","","","","","","","","","","","","","","","","","","","","","","","","","","","","",""
"28070001","CHARTRES",48.4605,1.501167,155,1983010118,"","","","",4.,1,220,1,"","","","","","","","","","","","","","","","","","","","","","","","","","","","",0.5,1,0.5,1,"","","","","","","","","","","","","","","","","","","","","","","","","","",99,1,"","","","","","","","","","","","",6.3,1,1026.7,1,"","","","","","","","",8,1,"","","","","","","","","","","","","","","","","","","","","","","","","","","","","","","","","","","","","","","","","","","","","","","","","","","","","","","","","","","","","","","","","","","","","","","","","","","","","","","","","","","","","","","","","","","","","","","","","","","","","","","",""
"28070001","CHARTRES",48.4605,1.501167,155,1983010121,"","","","",3.,1,200,1,"","","","","","","","","","","","","","","","","","","","","","","","","","","","",1.5,1,1.2,1,"","","","","","","","","","","","","","","","","","","","","","","","","","",98,1,"","","","","","","","","","","","",6.7,1,1026.,1,"","","","","","","","",8,1,"","","","","","","","","","","","","","","","","","","","","","","","","","","","","","","","","","","","","","","","","","","","","","","","","","","","","","","","","","","","","","","","","","","","","","","","","","","","","","","","","","","","","","","","","","","","","","","","","","","","","","","",""
"28070001","CHARTRES",48.4605,1.501167,155,1983010200,"","","","",5.,1,200,1,"","","","","","","","","","","","","","","","","","","","","","","","","","","","",2.3,1,2.3,1,"","","","","","","","","","","","","","","","","","","","","","","","","","",99,1,"","","","","","","","","","","","",7.1,1,1026.4,1,"","","","","","","","",8,1,"","","","","","","","","","","","","","","","","","","","","","","","","","","","","","","","","","","","","","","","","","","","","","","","","","","","","","","","","","","","","","","","","","","","","","","","","","","","","","","","","","","","","","","","","","","","","","","","","","","","","","","",""
"28070001","CHARTRES",48.4605,1.501167,155,1983010203,"","","","",6.,1,200,1,"","","","","","","","","","","","","","","","","","","","","","","","","","","","",4.2,1,4.2,1,"","","","","","","","","","","","","","","","","","","","","","","","","","",99,1,"","","","","","","","","","","","",8.2,1,1026.8,1,"","","","","","","","",8,1,"","","","","","","","","","","","","","","","","","","","","","","","","","","","","","","","","","","","","","","","","","","","","","","","","","","","","","","","","","","","","","","","","","","","","","","","","","","","","","","","","","","","","","","","","","","","","","","","","","","","","","","",""
"28070001","CHARTRES",48.4605,1.501167,155,1983010206,"","","","",4.,1,200,1,"","","","","","","","","","","","","","","","","","","","","","","","","","","","",4.9,1,4.9,1,"","","","","","","","","","","","","","","","","","","","","","","","","","",100,1,"","","","","","","","","","","","",8.7,1,1026.9,1,"","","","","","",8,1,8,1,6,1,"","","","","","","","","","","","","","","","","","","","","","","","","","","","",3000,1,"","",21,1,"","","","",2,1,"","","","","","","","","","","","","","","","","","","","","","","","","","","","","","","","","","","","","","","","","","","","","","","","","","","","","","","","","","","","","",""
"28070001","CHARTRES",48.4605,1.501167,155,1983010209,"","","","",3.,1,220,1,"","","","","","","","","","","","","","","","","","","","","","","","","","","","",5.9,1,5.9,1,"","","","","","","","","","","","","","","","","","","","","","","","","","",100,1,"","","","","","","","","","","","",9.3,1,1028.,1,"","","","","","",8,1,8,1,6,1,"","","","","","","","","","","","","","","","","","","","","","","","","","","","",700,1,"","",46,1,5,1,"","","","","","","","","","","","","","","","","","","","","","","","","","","","","","","","","","","","","","","","","","","","","","","","","","","","","","","","","","","","","","","","","",""
"28070001","CHARTRES",48.4605,1.501167,155,1983010212,"","","","",4.,1,220,1,"","","","","","","","","","","","","","","","","","","","","","","","","","","","",7.1,1,7.1,1,"","","","","","","","","","","","","","","","","","","","","","","","","","",100,1,"","","","","","","","","","","","",10.1,1,1028.4,1,"","","","","","",8,1,8,1,6,1,"","","","","","","","","","","","","","","","","","","","","","","","","","","","",1300,1,"","",28,1,5,1,"","","","","","","","","","","","","","","","","","","","","","","","","","","","","","","","","","","","","","","","","","","","","","","","","","","","","","","","","","","","","","","","","",""
"28070001","CHARTRES",48.4605,1.501167,155,1983010215,"","","","",3.,1,240,1,"","","","","","","","","","","","","","","","","","","","","","","","","","","","",8.,1,6.4,1,"","","","","","","","","","","","","","","","","","","","","","","","","","","","","","","","","","","","","","","","",9.8,1,1028.7,1,"","","","","","",3,1,0,1,8,1,0,1,2,1,"","","","","","","","","","","","","","","","","","","","","","","","",20000,1,"","",1,1,1,1,"","","","","","","","","","","","","","","","","","","","","","","","","","","","","","","","","","","","","","","","","","","","","","","","","","","","","","","","","","","","","","","","","",""
"28070001","CHARTRES",48.4605,1.501167,155,1983010218,"","","","",3.,1,180,1,"","","","","","","","","","","","","","","","","","","","","","","","","","","","",6.8,1,6.,1,"","","","","","","","","","","","","","","","","","","","","","","","","","",96,1,"","","","","","","","","","","","",9.5,1,1029.3,1,"","","","","","","","",0,1,"","","","","","","","","","","","","","","","","","","","","","","","","","","","","","","","","","","","","","","","","","","","","","","","","","","","","","","","","","","","","","","","","","","","","","","","","","","","","","","","","","","","","","","","","","","","","","","","","","","","","","","",""
"28070001","CHARTRES",48.4605,1.501167,155,1983010221,"","","","",4.,1,180,1,"","","","","","","","","","","","","","","","","","","","","","","","","","","","",6.8,1,6.3,1,"","","","","","","","","","","","","","","","","","","","","","","","","","",98,1,"","","","","","","","","","","","",9.7,1,1028.1,1,"","","","","","","","",0,1,"","","","","","","","","","","","","","","","","","","","","","","","","","","","","","","","","","","","","","","","","","","","","","","","","","","","","","","","","","","","","","","","","","","","","","","","","","","","","","","","","","","","","","","","","","","","","","","","","","","","","","","",""
"28070001","CHARTRES",48.4605,1.501167,155,1983010300,"","","","",6.,1,180,1,"","","","","","","","","","","","","","","","","","","","","","","","","","","","",7.,1,6.4,1,"","","","","","","","","","","","","","","","","","","","","","","","","","",98,1,"","","","","","","","","","","","",9.8,1,1026.4,1,"","","","","","","","",0,1,"","","","","","","","","","","","","","","","","","","","","","","","","","","","","","","","","","","","","","","","","","","","","","","","","","","","","","","","","","","","","","","","","","","","","","","","","","","","","","","","","","","","","","","","","","","","","","","","","","","","","","","",""
"28070001","CHARTRES",48.4605,1.501167,155,1983010303,"","","","",6.,1,200,1,"","","","","","","","","","","","","","","","","","","","","","","","","","","","",8.2,1,7.4,1,"","","","","","","","","","","","","","","","","","","","","","","","","","",97,1,"","","","","","","","","","","","",10.5,1,1025.5,1,"","","","","","","","",0,1,"","","","","","","","","","","","","","","","","","","","","","","","","","","","","","","","","","","","","","","","","","","","","","","","","","","","","","","","","","","","","","","","","","","","","","","","","","","","","","","","","","","","","","","","","","","","","","","","","","","","","","","",""
"28070001","CHARTRES",48.4605,1.501167,155,1983010306,"","","","",8.,1,220,1,"","","","","","","","","","","","","","","","","","","","","","","","","","","","",9.6,1,8.9,1,"","","","","","","","","","","","","","","","","","","","","","","","","","",97,1,"","","","","","","","","","","","",11.6,1,1024.6,1,"","","","","","",8,1,7,1,5,1,"","","","","","","","","","","","","","","","","","","","","","","","","","","","",8000,1,"","",0,1,"","","","",2,1,"","","","","","","","","","","","","","","","","","","","","","","","","","","","","","","","","","","","","","","","","","","","","","","","","","","","","","","","","","","","","",""
"28070001","CHARTRES",48.4605,1.501167,155,1983010309,"","","","",8.,1,220,1,"","","","","","","","","","","","","","","","","","","","","","","","","","","","",10.4,1,9.2,1,"","","","","","","","","","","","","","","","","","","","","","","","","","",95,1,"","","","","","","","","","","","",11.9,1,1024.5,1,"","","","","","",8,1,8,1,5,1,"","","","","","","","","","","","","","","","","","","","","","","","","","","","",10000,1,"","",2,1,5,1,"","","","","","","","","","","","","","","","","","","","","","","","","","","","","","","","","","","","","","","","","","","","","","","","","","","","","","","","","","","","","","","","","",""
"28070001","CHARTRES",48.4605,1.501167,155,1983010312,"","","","",10.,1,220,1,"","","","","","","","","","","","","","","","","","","","","","","","","","","","",10.6,1,9.5,1,"","","","","","","","","","","","","","","","","","","","","","","","","","",95,1,"","","","","","","","","","","","",12.1,1,1023.7,1,"","","","","","",8,1,8,1,5,1,"","","","","","","","","","","","","","","","","","","","","","","","","","","","",15000,1,"","",1,1,5,1,"","","","","","","","","","","","","","","","","","","","","","","","","","","","","","","","","","","","","","","","","","","","","","","","","","","","","","","","","","","","","","","","","",""
"28070001","CHARTRES",48.4605,1.501167,155,1983010315,"","","","",7.,1,220,1,"","","","","","","","","","","","","","","","","","","","","","","","","","","","",11.4,1,8.9,1,"","","","","","","","","","","","","","","","","","","","","","","","","","",86,1,"","","","","","","","","","","","",11.6,1,1023.7,1,"","","","","","",8,1,7,1,5,1,"","","","","","","","","","","","","","","","","","","","","","","","","","","","",18000,1,"","",2,1,2,1,"","","","","","","","","","","","","","","","","","","","","","","","","","","","","","","","","","","","","","","","","","","","","","","","","","","","","","","","","","","","","","","","","",""
"28070001","CHARTRES",48.4605,1.501167,155,1983010318,"","","","",6.,1,200,1,"","","","","","","","","","","","","","","","","","","","","","","","","","","","",11.1,1,9.1,1,"","","","","","","","","","","","","","","","","","","","","","","","","","",89,1,"","","","","","","","","","","","",11.8,1,1023.9,1,"","","","","","","","",7,1,"","","","","","","","","","","","","","","","","","","","","","","","","","","","","","","","","","","","","","","","","","","","","","","","","","","","","","","","","","","","","","","","","","","","","","","","","","","","","","","","","","","","","","","","","","","","","","","","","","","","","","","",""
"28070001","CHARTRES",48.4605,1.501167,155,1983010321,"","","","",7.,1,200,1,"","","","","","","","","","","","","","","","","","","","","","","","","","","","",10.8,1,9.3,1,"","","","","","","","","","","","","","","","","","","","","","","","","","",93,1,"","","","","","","","","","","","",12.,1,1023.1,1,"","","","","","","","",7,1,"","","","","","","","","","","","","","","","","","","","","","","","","","","","","","","","","","","","","","","","","","","","","","","","","","","","","","","","","","","","","","","","","","","","","","","","","","","","","","","","","","","","","","","","","","","","","","","","","","","","","","","",""
"28070001","CHARTRES",48.4605,1.501167,155,1983010400,"","","","",7.,1,220,1,"","","","","","","","","","","","","","","","","","","","","","","","","","","","",10.8,1,9.1,1,"","","","","","","","","","","","","","","","","","","","","","","","","","",91,1,"","","","","","","","","","","","",11.8,1,1021.2,1,"","","","","","","","",7,1,"","","","","","","","","","","","","","","","","","","","","","","","","","","","","","","","","","","","","","","","","","","","","","","","","","","","","","","","","","","","","","","","","","","","","","","","","","","","","","","","","","","","","","","","","","","","","","","","","","","","","","","",""
"28070001","CHARTRES",48.4605,1.501167,155,1983010403,"","","","",8.,1,200,1,"","","","","","","","","","","","","","","","","","","","","","","","","","","","",10.2,1,8.9,1,"","","","","","","","","","","","","","","","","","","","","","","","","","",93,1,"","","","","","","","","","","","",11.6,1,1020.8,1,"","","","","","","","",7,1,"","","","","","","","","","","","","","","","","","","","","","","","","","","","","","","","","","","","","","","","","","","","","","","","","","","","","","","","","","","","","","","","","","","","","","","","","","","","","","","","","","","","","","","","","","","","","","","","","","","","","","","",""
"28070001","CHARTRES",48.4605,1.501167,155,1983010406,"","","","",9.,1,200,1,"","","","","","","","","","","","","","","","","","","","","","","","","","","","",10.4,1,8.7,1,"","","","","","","","","","","","","","","","","","","","","","","","","","",91,1,"","","","","","","","","","","","",11.5,1,1018.7,1,"","","","","","",8,1,5,1,5,1,7,1,"","","","","","","","","","","","","","","","","","","","","","","","","","",10000,1,"","",60,1,"","","","",1,1,"","","","","","","","","","","","","","","","","","","","","","","","","","","","","","","","","","","","","","","","","","","","","","","","","","","","","","","","","","","","","",""
"28070001","CHARTRES",48.4605,1.501167,155,1983010409,"","","","",10.,1,220,1,"","","","","","","","","","","","","","","","","","","","","","","","","","","","",10.9,1,9.3,1,"","","","","","","","","","","","","","","","","","","","","","","","","","",92,1,"","","","","","","","","","","","",12.,1,1018.7,1,"","","","","","",8,1,8,1,6,1,"","","","","","","","","","","","","","","","","","","","","","","","","","","","",20000,1,"","",20,1,6,1,"","","","","","","","","","","","","","","","","","","","","","","","","","","","","","","","","","","","","","","","","","","","","","","","","","","","","","","","","","","","","","","","","",""
"28070001","CHARTRES",48.4605,1.501167,155,1983010412,"","","","",8.,1,260,1,"","","","","","","","","","","","","","","","","","","","","","","","","","","","",12.7,1,10.1,1,"","","","","","","","","","","","","","","","","","","","","","","","","","",86,1,"","","","","","","","","","","","",12.6,1,1020.9,1,"","","","","","",8,1,8,1,8,1,"","","","","","","","","","","","","","","","","","","","","","","","","","","","",20000,1,"","",3,1,6,1,"","","","","","","","","","","","","","","","","","","","","","","","","","","","","","","","","","","","","","","","","","","","","","","","","","","","","","","","","","","","","","","","","",""
"28070001","CHARTRES",48.4605,1.501167,155,1983010415,"","","","",6.,1,260,1,"","","","","","","","","","","","","","","","","","","","","","","","","","","","",11.3,1,6.2,1,"","","","","","","","","","","","","","","","","","","","","","","","","","",72,1,"","","","","","","","","","","","",9.6,1,1022.5,1,"","","","","","",8,1,6,1,8,1,7,1,"","","","","","","","","","","","","","","","","","","","","","","","","","",20000,1,"","",3,1,2,1,"","","","","","","","","","","","","","","","","","","","","","","","","","","","","","","","","","","","","","","","","","","","","","","","","","","","","","","","","","","","","","","","","",""
"28070001","CHARTRES",48.4605,1.501167,155,1983010418,"","","","",2.,1,220,1,"","","","","","","","","","","","","","","","","","","","","","","","","","","","",11.,1,8.5,1,"","","","","","","","","","","","","","","","","","","","","","","","","","",86,1,"","","","","","","","","","","","",11.3,1,1023.5,1,"","","","","","","","",6,1,"","","","","","","","","","","","","","","","","","","","","","","","","","","","","","","","","","","","","","","","","","","","","","","","","","","","","","","","","","","","","","","","","","","","","","","","","","","","","","","","","","","","","","","","","","","","","","","","","","","","","","","",""
"28070001","CHARTRES",48.4605,1.501167,155,1983010421,"","","","",4.,1,200,1,"","","","","","","","","","","","","","","","","","","","","","","","","","","","",10.2,1,10.2,1,"","","","","","","","","","","","","","","","","","","","","","","","","","",99,1,"","","","","","","","","","","","",12.3,1,1022.5,1,"","","","","","","","",6,1,"","","","","","","","","","","","","","","","","","","","","","","","","","","","","","","","","","","","","","","","","","","","","","","","","","","","","","","","","","","","","","","","","","","","","","","","","","","","","","","","","","","","","","","","","","","","","","","","","","","","","","","",""
"28070001","CHARTRES",48.4605,1.501167,155,1983010500,"","","","",5.,1,200,1,"","","","","","","","","","","","","","","","","","","","","","","","","","","","",11.2,1,11.2,1,"","","","","","","","","","","","","","","","","","","","","","","","","","",99,1,"","","","","","","","","","","","",13.2,1,1021.,1,"","","","","","","","",6,1,"","","","","","","","","","","","","","","","","","","","","","","","","","","","","","","","","","","","","","","","","","","","","","","","","","","","","","","","","","","","","","","","","","","","","","","","","","","","","","","","","","","","","","","","","","","","","","","","","","","","","","","",""
"28070001","CHARTRES",48.4605,1.501167,155,1983010503,"","","","",8.,1,220,1,"","","","","","","","","","","","","","","","","","","","","","","","","","","","",11.6,1,11.6,1,"","","","","","","","","","","","","","","","","","","","","","","","","","",99,1,"","","","","","","","","","","","",13.5,1,1019.4,1,"","","","","","","","",6,1,"","","","","","","","","","","","","","","","","","","","","","","","","","","","","","","","","","","","","","","","","","","","","","","","","","","","","","","","","","","","","","","","","","","","","","","","","","","","","","","","","","","","","","","","","","","","","","","","","","","","","","","",""
"28070001","CHARTRES",48.4605,1.501167,155,1983010506,"","","","",7.,1,220,1,"","","","","","","","","","","","","","","","","","","","","","","","","","","","",12.,1,11.3,1,"","","","","","","","","","","","","","","","","","","","","","","","","","",98,1,"","","","","","","","","","","","",13.7,1,1018.7,1,"","","","","","",7,1,6,1,5,1,"","","","","","","","","","","","","","","","","","","","","","","","","","","","",6000,1,"","",58,1,"","","","",2,1,"","","","","","","","","","","","","","","","","","","","","","","","","","","","","","","","","","","","","","","","","","","","","","","","","","","","","","","","","","","","","",""
"28070001","CHARTRES",48.4605,1.501167,155,1983010509,"","","","",9.,1,240,1,"","","","","","","","","","","","","","","","","","","","","","","","","","","","",12.8,1,11.3,1,"","","","","","","","","","","","","","","","","","","","","","","","","","",93,1,"","","","","","","","","","","","",13.7,1,1020.1,1,"","","","","","",8,1,8,1,5,1,"","","","","","","","","","","","","","","","","","","","","","","","","","","","",10000,1,"","",1,1,6,1,"","","","","","","","","","","","","","","","","","","","","","","","","","","","","","","","","","","","","","","","","","","","","","","","","","","","","","","","","","","","","","","","","",""
"28070001","CHARTRES",48.4605,1.501167,155,1983010512,"","","","",7.,1,240,1,"","","","","","","","","","","","","","","","","","","","","","","","","","","","",13.,1,11.5,1,"","","","","","","","","","","","","","","","","","","","","","","","","","",93,1,"","","","","","","","","","","","",13.9,1,1021.4,1,"","","","","","",7,1,7,1,5,1,"","","","","","","","","","","","","","","","","","","","","","","","","","","","",15000,1,"","",1,1,6,1,"","","","","","","","","","","","","","","","","","","","","","","","","","","","","","","","","","","","","","","","","","","","","","","","","","","","","","","","","","","","","","","","","",""
"28070001","CHARTRES",48.4605,1.501167,155,1983010515,"","","","",7.,1,220,1,"","","","","","","","","","","","","","","","","","","","","","","","","","","","",13.3,1,10.5,1,"","","","","","","","","","","","","","","","","","","","","","","","","","",85,1,"","","","","","","","","","","","",13.,1,1021.9,1,"","","","","","",7,1,6,1,5,1,3,1,"","","","","","","","","","","","","","","","","","","","","","","","","","",18000,1,"","",3,1,2,1,"","","","","","","","","","","","","","","","","","","","","","","","","","","","","","","","","","","","","","","","","","","","","","","","","","","","","","","","","","","","","","","","","",""
"28070001","CHARTRES",48.4605,1.501167,155,1983010518,"","","","",6.,1,220,1,"","","","","","","","","","","","","","","","","","","","","","","","","","","","",12.7,1,11.2,1,"","","","","","","","","","","","","","","","","","","","","","","","","","",93,1,"","","","","","","","","","","","",13.6,1,1023.3,1,"","","","","","","","",6,1,"","","","","","","","","","","","","","","","","","","","","","","","","","","","","","","","","","","","","","","","","","","","","","","","","","","","","","","","","","","","","","","","","","","","","","","","","","","","","","","","","","","","","","","","","","","","","","","","","","","","","","","",""
"28070001","CHARTRES",48.4605,1.501167,155,1983010521,"","","","",6.,1,220,1,"","","","","","","","","","","","","","","","","","","","","","","","","","","","",11.9,1,10.6,1,"","","","","","","","","","","","","","","","","","","","","","","","","","",94,1,"","","","","","","","","","","","",13.1,1,1023.8,1,"","","","","","","","",6,1,"","","","","","","","","","","","","","","","","","","","","","","","","","","","","","","","","","","","","","","","","","","","","","","","","","","","","","","","","","","","","","","","","","","","","","","","","","","","","","","","","","","","","","","","","","","","","","","","","","","","","","","",""
"28070001","CHARTRES",48.4605,1.501167,155,1983010600,"","","","",7.,1,220,1,"","","","","","","","","","","","","","","","","","","","","","","","","","","","",11.,1,9.6,1,"","","","","","","","","","","","","","","","","","","","","","","","","","",93,1,"","","","","","","","","","","","",12.2,1,1023.2,1,"","","","","","","","",6,1,"","","","","","","","","","","","","","","","","","","","","","","","","","","","","","","","","","","","","","","","","","","","","","","","","","","","","","","","","","","","","","","","","","","","","","","","","","","","","","","","","","","","","","","","","","","","","","","","","","","","","","","",""
"28070001","CHARTRES",48.4605,1.501167,155,1983010603,"","","","",6.,1,220,1,"","","","","","","","","","","","","","","","","","","","","","","","","","","","",10.1,1,6.9,1,"","","","","","","","","","","","","","","","","","","","","","","","","","",82,1,"","","","","","","","","","","","",10.1,1,1023.2,1,"","","","","","","","",6,1,"","","","","","","","","","","","","","","","","","","","","","","","","","","","","","","","","","","","","","","","","","","","","","","","","","","","","","","","","","","","","","","","","","","","","","","","","","","","","","","","","","","","","","","","","","","","","","","","","","","","","","","",""
"28070001","CHARTRES",48.4605,1.501167,155,1983010606,"","","","",8.,1,200,1,"","","","","","","","","","","","","","","","","","","","","","","","","","","","",8.6,1,7.,1,"","","","","","","","","","","","","","","","","","","","","","","","","","",92,1,"","","","","","","","","","","","",10.2,1,1022.5,1,"","","","","","",1,1,0,1,1,1,0,1,1,1,"","","","","","","","","","","","","","","","","","","","","","","","",20000,1,"","",0,1,"","","","",0,1,"","","","","","","","","","","","","","","","","","","","","","","","","","","","","","","","","","","","","","","","","","","","","","","","","","","","","","","","","","","","","",""
"28070001","CHARTRES",48.4605,1.501167,155,1983010609,"","","","",8.,1,200,1,"","","","","","","","","","","","","","","","","","","","","","","","","","","","",8.5,1,7.,1,"","","","","","","","","","","","","","","","","","","","","","","","","","",92,1,"","","","","","","","","","","","",10.2,1,1022.3,1,"","","","","","",7,1,6,1,5,1,0,1,2,1,"","","","","","","","","","","","","","","","","","","","","","","","",20000,1,"","",1,1,1,1,"","","","","","","","","","","","","","","","","","","","","","","","","","","","","","","","","","","","","","","","","","","","","","","","","","","","","","","","","","","","","","","","","",""
"28070001","CHARTRES",48.4605,1.501167,155,1983010612,"","","","",8.,1,180,1,"","","","","","","","","","","","","","","","","","","","","","","","","","","","",8.8,1,6.9,1,"","","","","","","","","","","","","","","","","","","","","","","","","","",89,1,"","","","","","","","","","","","",10.1,1,1021.5,1,"","","","","","",7,1,7,1,5,1,"","","","","","","","","","","","","","","","","","","","","","","","","","","","",20000,1,"","",2,1,1,1,"","","","","","","","","","","","","","","","","","","","","","","","","","","","","","","","","","","","","","","","","","","","","","","","","","","","","","","","","","","","","","","","","",""
"28070001","CHARTRES",48.4605,1.501167,155,1983010615,"","","","",6.,1,200,1,"","","","","","","","","","","","","","","","","","","","","","","","","","","","",10.4,1,7.7,1,"","","","","","","","","","","","","","","","","","","","","","","","","","",85,1,"","","","","","","","","","","","",10.7,1,1019.6,1,"","","","","","",7,1,7,1,1,1,0,1,1,1,"","","","","","","","","","","","","","","","","","","","","","","","",20000,1,"","",2,1,2,1,"","","","","","","","","","","","","","","","","","","","","","","","","","","","","","","","","","","","","","","","","","","","","","","","","","","","","","","","","","","","","","","","","",""
"28070001","CHARTRES",48.4605,1.501167,155,1983010618,"","","","",6.,1,200,1,"","","","","","","","","","","","","","","","","","","","","","","","","","","","",9.3,1,7.2,1,"","","","","","","","","","","","","","","","","","","","","","","","","","",88,1,"","","","","","","","","","","","",10.3,1,1020.3,1,"","","","","","","","",7,1,"","","","","","","","","","","","","","","","","","","","","","","","","","","","","","","","","","","","","","","","","","","","","","","","","","","","","","","","","","","","","","","","","","","","","","","","","","","","","","","","","","","","","","","","","","","","","","","","","","","","","","","",""
"28070001","CHARTRES",48.4605,1.501167,155,1983010621,"","","","",8.,1,200,1,"","","","","","","","","","","","","","","","","","","","","","","","","","","","",9.1,1,8.,1,"","","","","","","","","","","","","","","","","","","","","","","","","","",94,1,"","","","","","","","","","","","",10.9,1,1020.4,1,"","","","","","","","",7,1,"","","","","","","","","","","","","","","","","","","","","","","","","","","","","","","","","","","","","","","","","","","","","","","","","","","","","","","","","","","","","","","","","","","","","","","","","","","","","","","","","","","","","","","","","","","","","","","","","","","","","","","",""
"28070001","CHARTRES",48.4605,1.501167,155,1983010700,"","","","",6.,1,320,1,"","","","","","","","","","","","","","","","","","","","","","","","","","","","",6.8,1,6.2,1,"","","","","","","","","","","","","","","","","","","","","","","","","","",97,1,"","","","","","","","","","","","",9.6,1,1022.8,1,"","","","","","","","",7,1,"","","","","","","","","","","","","","","","","","","","","","","","","","","","","","","","","","","","","","","","","","","","","","","","","","","","","","","","","","","","","","","","","","","","","","","","","","","","","","","","","","","","","","","","","","","","","","","","","","","","","","","",""
"28070001","CHARTRES",48.4605,1.501167,155,1983010703,"","","","",3.,1,280,1,"","","","","","","","","","","","","","","","","","","","","","","","","","","","",5.2,1,4.1,1,"","","","","","","","","","","","","","","","","","","","","","","","","","",94,1,"","","","","","","","","","","","",8.3,1,1026.8,1,"","","","","","","","",7,1,"","","","","","","","","","","","","","","","","","","","","","","","","","","","","","","","","","","","","","","","","","","","","","","","","","","","","","","","","","","","","","","","","","","","","","","","","","","","","","","","","","","","","","","","","","","","","","","","","","","","","","","",""
"28070001","CHARTRES",48.4605,1.501167,155,1983010706,"","","","",4.,1,260,1,"","","","","","","","","","","","","","","","","","","","","","","","","","","","",3.8,1,2.4,1,"","","","","","","","","","","","","","","","","","","","","","","","","","",91,1,"","","","","","","","","","","","",7.3,1,1029.3,1,"","","","","","",1,1,0,1,1,1,0,1,0,1,"","","","","","","","","","","","","","","","","","","","","","","","",20000,1,"","",0,1,"","","","",2,1,"","","","","","","","","","","","","","","","","","","","","","","","","","","","","","","","","","","","","","","","","","","","","","","","","","","","","","","","","","","","","",""
"28070001","CHARTRES",48.4605,1.501167,155,1983010709,"","","","",4.,1,240,1,"","","","","","","","","","","","","","","","","","","","","","","","","","","","",3.9,1,2.5,1,"","","","","","","","","","","","","","","","","","","","","","","","","","",91,1,"","","","","","","","","","","","",7.4,1,1032.6,1,"","","","","","",0,1,"","",0,1,0,1,0,1,"","","","","","","","","","","","","","","","","","","","","","","","",20000,1,"","",2,1,0,1,"","","","","","","","","","","","","","","","","","","","","","","","","","","","","","","","","","","","","","","","","","","","","","","","","","","","","","","","","","","","","","","","","",""
"28070001","CHARTRES",48.4605,1.501167,155,1983010712,"","","","",5.,1,240,1,"","","","","","","","","","","","","","","","","","","","","","","","","","","","",7.5,1,3.3,1,"","","","","","","","","","","","","","","","","","","","","","","","","","",76,1,"","","","","","","","","","","","",7.8,1,1033.2,1,"","","","","","",0,1,"","",0,1,0,1,0,1,"","","","","","","","","","","","","","","","","","","","","","","","",20000,1,"","",2,1,0,1,"","","","","","","","","","","","","","","","","","","","","","","","","","","","","","","","","","","","","","","","","","","","","","","","","","","","","","","","","","","","","","","","","",""
"28070001","CHARTRES",48.4605,1.501167,155,1983010715,"","","","",5.,1,240,1,"","","","","","","","","","","","","","","","","","","","","","","","","","","","",8.,1,3.1,1,"","","","","","","","","","","","","","","","","","","","","","","","","","",72,1,"","","","","","","","","","","","",7.7,1,1033.1,1,"","","","","","",1,1,0,1,1,1,0,1,0,1,"","","","","","","","","","","","","","","","","","","","","","","","",20000,1,"","",1,1,0,1,"","","","","","","","","","","","","","","","","","","","","","","","","","","","","","","","","","","","","","","","","","","","","","","","","","","","","","","","","","","","","","","","","",""
"28070001","CHARTRES",48.4605,1.501167,155,1983010718,"","","","",6.,1,200,1,"","","","","","","","","","","","","","","","","","","","","","","","","","","","",5.,1,2.7,1,"","","","","","","","","","","","","","","","","","","","","","","","","","",86,1,"","","","","","","","","","","","",7.5,1,1033.6,1,"","","","","","","","",0,1,"","","","","","","","","","","","","","","","","","","","","","","","","","","","","","","","","","","","","","","","","","","","","","","","","","","","","","","","","","","","","","","","","","","","","","","","","","","","","","","","","","","","","","","","","","","","","","","","","","","","","","","",""
"28070001","CHARTRES",48.4605,1.501167,155,1983010721,"","","","",7.,1,220,1,"","","","","","","","","","","","","","","","","","","","","","","","","","","","",5.2,1,3.3,1,"","","","","","","","","","","","","","","","","","","","","","","","","","",88,1,"","","","","","","","","","","","",7.8,1,1033.1,1,"","","","","","","","",0,1,"","","","","","","","","","","","","","","","","","","","","","","","","","","","","","","","","","","","","","","","","","","","","","","","","","","","","","","","","","","","","","","","","","","","","","","","","","","","","","","","","","","","","","","","","","","","","","","","","","","","","","","",""
"28070001","CHARTRES",48.4605,1.501167,155,1983010800,"","","","",6.,1,200,1,"","","","","","","","","","","","","","","","","","","","","","","","","","","","",4.6,1,2.7,1,"","","","","","","","","","","","","","","","","","","","","","","","","","",89,1,"","","","","","","","","","","","",7.5,1,1031.9,1,"","","","","","","","",0,1,"","","","","","","","","","","","","","","","","","","","","","","","","","","","","","","","","","","","","","","","","","","","","","","","","","","","","","","","","","","","","","","","","","","","","","","","","","","","","","","","","","","","","","","","","","","","","","","","","","","","","","","",""
"28070001","CHARTRES",48.4605,1.501167,155,1983010803,"","","","",6.,1,220,1,"","","","","","","","","","","","","","","","","","","","","","","","","","","","",5.,1,3.3,1,"","","","","","","","","","","","","","","","","","","","","","","","","","",90,1,"","","","","","","","","","","","",7.8,1,1030.6,1,"","","","","","","","",0,1,"","","","","","","","","","","","","","","","","","","","","","","","","","","","","","","","","","","","","","","","","","","","","","","","","","","","","","","","","","","","","","","","","","","","","","","","","","","","","","","","","","","","","","","","","","","","","","","","","","","","","","","",""
"28070001","CHARTRES",48.4605,1.501167,155,1983010806,"","","","",3.,1,240,1,"","","","","","","","","","","","","","","","","","","","","","","","","","","","",4.8,1,3.3,1,"","","","","","","","","","","","","","","","","","","","","","","","","","",90,1,"","","","","","","","","","","","",7.8,1,1031.,1,"","","","","","",7,1,7,1,5,1,"","","","","","","","","","","","","","","","","","","","","","","","","","","","",8000,1,"","",0,1,"","","","",1,1,"","","","","","","","","","","","","","","","","","","","","","","","","","","","","","","","","","","","","","","","","","","","","","","","","","","","","","","","","","","","","",""
"28070001","CHARTRES",48.4605,1.501167,155,1983010809,"","","","",5.,1,280,1,"","","","","","","","","","","","","","","","","","","","","","","","","","","","",5.2,1,3.6,1,"","","","","","","","","","","","","","","","","","","","","","","","","","",90,1,"","","","","","","","","","","","",8.,1,1033.4,1,"","","","","","",7,1,5,1,8,1,"","","","","","","","","","","","","","","","","","","","","","","","","","","","",20000,1,"","",3,1,1,1,"","","","","","","","","","","","","","","","","","","","","","","","","","","","","","","","","","","","","","","","","","","","","","","","","","","","","","","","","","","","","","","","","",""
"28070001","CHARTRES",48.4605,1.501167,155,1983010812,"","","","",7.,1,300,1,"","","","","","","","","","","","","","","","","","","","","","","","","","","","",7.4,1,3.4,1,"","","","","","","","","","","","","","","","","","","","","","","","","","",77,1,"","","","","","","","","","","","",7.9,1,1035.6,1,"","","","","","",5,1,5,1,2,1,0,1,0,1,"","","","","","","","","","","","","","","","","","","","","","","","",20000,1,"","",3,1,1,1,"","","","","","","","","","","","","","","","","","","","","","","","","","","","","","","","","","","","","","","","","","","","","","","","","","","","","","","","","","","","","","","","","",""
"28070001","CHARTRES",48.4605,1.501167,155,1983010815,"","","","",3.,1,300,1,"","","","","","","","","","","","","","","","","","","","","","","","","","","","",7.3,1,2.,1,"","","","","","","","","","","","","","","","","","","","","","","","","","",70,1,"","","","","","","","","","","","",7.1,1,1036.7,1,"","","","","","",1,1,0,1,1,1,0,1,0,1,"","","","","","","","","","","","","","","","","","","","","","","","",20000,1,"","",1,1,1,1,"","","","","","","","","","","","","","","","","","","","","","","","","","","","","","","","","","","","","","","","","","","","","","","","","","","","","","","","","","","","","","","","","",""
"28070001","CHARTRES",48.4605,1.501167,155,1983010818,"","","","",2.,1,280,1,"","","","","","","","","","","","","","","","","","","","","","","","","","","","",3.7,1,0.8,1,"","","","","","","","","","","","","","","","","","","","","","","","","","",82,1,"","","","","","","","","","","","",6.5,1,1039.,1,"","","","","","","","",0,1,"","","","","","","","","","","","","","","","","","","","","","","","","","","","","","","","","","","","","","","","","","","","","","","","","","","","","","","","","","","","","","","","","","","","","","","","","","","","","","","","","","","","","","","","","","","","","","","","","","","","","","","",""
"28070001","CHARTRES",48.4605,1.501167,155,1983010821,"","","","",2.,1,200,1,"","","","","","","","","","","","","","","","","","","","","","","","","","","","",1.8,1,0.4,1,"","","","","","","","","","","","","","","","","","","","","","","","","","",90,1,"","","","","","","","","","","","",6.3,1,1039.5,1,"","","","","","","","",0,1,"","","","","","","","","","","","","","","","","","","","","","","","","","","","","","","","","","","","","","","","","","","","","","","","","","","","","","","","","","","","","","","","","","","","","","","","","","","","","","","","","","","","","","","","","","","","","","","","","","","","","","","",""
"28070001","CHARTRES",48.4605,1.501167,155,1983010900,"","","","",2.,1,200,1,"","","","","","","","","","","","","","","","","","","","","","","","","","","","",0.8,1,-0.2,1,"","","","","","","","","","","","","","","","","","","","","","","","","","",92,1,"","","","","","","","","","","","",6.,1,1038.8,1,"","","","","","","","",0,1,"","","","","","","","","","","","","","","","","","","","","","","","","","","","","","","","","","","","","","","","","","","","","","","","","","","","","","","","","","","","","","","","","","","","","","","","","","","","","","","","","","","","","","","","","","","","","","","","","","","","","","","",""
"28070001","CHARTRES",48.4605,1.501167,155,1983010903,"","","","",2.,1,240,1,"","","","","","","","","","","","","","","","","","","","","","","","","","","","",1.,1,0.1,1,"","","","","","","","","","","","","","","","","","","","","","","","","","",94,1,"","","","","","","","","","","","",6.2,1,1038.6,1,"","","","","","","","",0,1,"","","","","","","","","","","","","","","","","","","","","","","","","","","","","","","","","","","","","","","","","","","","","","","","","","","","","","","","","","","","","","","","","","","","","","","","","","","","","","","","","","","","","","","","","","","","","","","","","","","","","","","",""
"28070001","CHARTRES",48.4605,1.501167,155,1983010906,"","","","",5.,1,220,1,"","","","","","","","","","","","","","","","","","","","","","","","","","","","",1.6,1,0.1,1,"","","","","","","","","","","","","","","","","","","","","","","","","","",90,1,"","","","","","","","","","","","",6.2,1,1037.8,1,"","","","","","",0,1,"","",0,1,0,1,0,1,"","","","","","","","","","","","","","","","","","","","","","","","",15000,1,"","",0,1,"","","","",4,1,"","","","","","","","","","","","","","","","","","","","","","","","","","","","","","","","","","","","","","","","","","","","","","","","","","","","","","","","","","","","","",""
"28070001","CHARTRES",48.4605,1.501167,155,1983010909,"","","","",5.,1,180,1,"","","","","","","","","","","","","","","","","","","","","","","","","","","","",2.4,1,1.8,1,"","","","","","","","","","","","","","","","","","","","","","","","","","",96,1,"","","","","","","","","","","","",7.,1,1037.7,1,"","","","","","",7,1,7,1,5,1,"","","","","","","","","","","","","","","","","","","","","","","","","","","","",5000,1,"","",1,1,4,1,"","","","","","","","","","","","","","","","","","","","","","","","","","","","","","","","","","","","","","","","","","","","","","","","","","","","","","","","","","","","","","","","","",""
"28070001","CHARTRES",48.4605,1.501167,155,1983010912,"","","","",5.,1,200,1,"","","","","","","","","","","","","","","","","","","","","","","","","","","","",5.,1,3.1,1,"","","","","","","","","","","","","","","","","","","","","","","","","","",89,1,"","","","","","","","","","","","",7.7,1,1037.4,1,"","","","","","",7,1,7,1,5,1,"","","","","","","","","","","","","","","","","","","","","","","","","","","","",12000,1,"","",1,1,4,1,"","","","","","","","","","","","","","","","","","","","","","","","","","","","","","","","","","","","","","","","","","","","","","","","","","","","","","","","","","","","","","","","","",""
"28070001","CHARTRES",48.4605,1.501167,155,1983010915,"","","","",5.,1,220,1,"","","","","","","","","","","","","","","","","","","","","","","","","","","","",7.,1,4.9,1,"","","","","","","","","","","","","","","","","","","","","","","","","","",88,1,"","","","","","","","","","","","",8.8,1,1036.7,1,"","","","","","",7,1,0,1,5,1,7,1,2,1,"","","","","","","","","","","","","","","","","","","","","","","","",8000,1,"","",3,1,2,1,"","","","","","","","","","","","","","","","","","","","","","","","","","","","","","","","","","","","","","","","","","","","","","","","","","","","","","","","","","","","","","","","","",""
"28070001","CHARTRES",48.4605,1.501167,155,1983010918,"","","","",5.,1,200,1,"","","","","","","","","","","","","","","","","","","","","","","","","","","","",6.,1,4.8,1,"","","","","","","","","","","","","","","","","","","","","","","","","","",93,1,"","","","","","","","","","","","",8.7,1,1037.5,1,"","","","","","","","",0,1,"","","","","","","","","","","","","","","","","","","","","","","","","","","","","","","","","","","","","","","","","","","","","","","","","","","","","","","","","","","","","","","","","","","","","","","","","","","","","","","","","","","","","","","","","","","","","","","","","","","","","","","",""
"28070001","CHARTRES",48.4605,1.501167,155,1983010921,"","","","",4.,1,200,1,"","","","","","","","","","","","","","","","","","","","","","","","","","","","",5.8,1,4.9,1,"","","","","","","","","","","","","","","","","","","","","","","","","","",96,1,"","","","","","","","","","","","",8.8,1,1038.1,1,"","","","","","","","",0,1,"","","","","","","","","","","","","","","","","","","","","","","","","","","","","","","","","","","","","","","","","","","","","","","","","","","","","","","","","","","","","","","","","","","","","","","","","","","","","","","","","","","","","","","","","","","","","","","","","","","","","","","",""
"28070001","CHARTRES",48.4605,1.501167,155,1983011000,"","","","",4.,1,220,1,"","","","","","","","","","","","","","","","","","","","","","","","","","","","",5.5,1,4.9,1,"","","","","","","","","","","","","","","","","","","","","","","","","","",97,1,"","","","","","","","","","","","",8.8,1,1038.2,1,"","","","","","","","",0,1,"","","","","","","","","","","","","","","","","","","","","","","","","","","","","","","","","","","","","","","","","","","","","","","","","","","","","","","","","","","","","","","","","","","","","","","","","","","","","","","","","","","","","","","","","","","","","","","","","","","","","","","",""
"28070001","CHARTRES",48.4605,1.501167,155,1983011003,"","","","",3.,1,240,1,"","","","","","","","","","","","","","","","","","","","","","","","","","","","",6.3,1,5.1,1,"","","","","","","","","","","","","","","","","","","","","","","","","","",93,1,"","","","","","","","","","","","",8.9,1,1038.2,1,"","","","","","","","",0,1,"","","","","","","","","","","","","","","","","","","","","","","","","","","","","","","","","","","","","","","","","","","","","","","","","","","","","","","","","","","","","","","","","","","","","","","","","","","","","","","","","","","","","","","","","","","","","","","","","","","","","","","",""
"28070001","CHARTRES",48.4605,1.501167,155,1983011006,"","","","",3.,1,200,1,"","","","","","","","","","","","","","","","","","","","","","","","","","","","",6.6,1,5.4,1,"","","","","","","","","","","","","","","","","","","","","","","","","","",94,1,"","","","","","","","","","","","",9.1,1,1038.4,1,"","","","","","",8,1,8,1,6,1,"","","","","","","","","","","","","","","","","","","","","","","","","","","","",4000,1,"","",10,1,"","","","",1,1,"","","","","","","","","","","","","","","","","","","","","","","","","","","","","","","","","","","","","","","","","","","","","","","","","","","","","","","","","","","","","",""
"28070001","CHARTRES",48.4605,1.501167,155,1983011009,"","","","",3.,1,220,1,"","","","","","","","","","","","","","","","","","","","","","","","","","","","",6.8,1,5.7,1,"","","","","","","","","","","","","","","","","","","","","","","","","","",94,1,"","","","","","","","","","","","",9.3,1,1039.,1,"","","","","","",8,1,8,1,6,1,"","","","","","","","","","","","","","","","","","","","","","","","","","","","",6000,1,"","",2,1,2,1,"","","","","","","","","","","","","","","","","","","","","","","","","","","","","","","","","","","","","","","","","","","","","","","","","","","","","","","","","","","","","","","","","",""
"28070001","CHARTRES",48.4605,1.501167,155,1983011012,"","","","",3.,1,200,1,"","","","","","","","","","","","","","","","","","","","","","","","","","","","",7.8,1,5.9,1,"","","","","","","","","","","","","","","","","","","","","","","","","","",88,1,"","","","","","","","","","","","",9.4,1,1038.4,1,"","","","","","",8,1,8,1,5,1,"","","","","","","","","","","","","","","","","","","","","","","","","","","","",10000,1,"","",3,1,2,1,"","","","","","","","","","","","","","","","","","","","","","","","","","","","","","","","","","","","","","","","","","","","","","","","","","","","","","","","","","","","","","","","","",""
"28070001","CHARTRES",48.4605,1.501167,155,1983011015,"","","","",4.,1,220,1,"","","","","","","","","","","","","","","","","","","","","","","","","","","","",8.5,1,6.7,1,"","","","","","","","","","","","","","","","","","","","","","","","","","",90,1,"","","","","","","","","","","","",10.,1,1037.7,1,"","","","","","",8,1,8,1,5,1,"","","","","","","","","","","","","","","","","","","","","","","","","","","","",12000,1,"","",3,1,2,1,"","","","","","","","","","","","","","","","","","","","","","","","","","","","","","","","","","","","","","","","","","","","","","","","","","","","","","","","","","","","","","","","","",""
"28070001","CHARTRES",48.4605,1.501167,155,1983011018,"","","","",5.,1,220,1,"","","","","","","","","","","","","","","","","","","","","","","","","","","","",7.7,1,6.6,1,"","","","","","","","","","","","","","","","","","","","","","","","","","",94,1,"","","","","","","","","","","","",9.9,1,1037.7,1,"","","","","","","","",8,1,"","","","","","","","","","","","","","","","","","","","","","","","","","","","","","","","","","","","","","","","","","","","","","","","","","","","","","","","","","","","","","","","","","","","","","","","","","","","","","","","","","","","","","","","","","","","","","","","","","","","","","","",""
"28070001","CHARTRES",48.4605,1.501167,155,1983011021,"","","","",4.,1,180,1,"","","","","","","","","","","","","","","","","","","","","","","","","","","","",6.4,1,5.6,1,"","","","","","","","","","","","","","","","","","","","","","","","","","",96,1,"","","","","","","","","","","","",9.2,1,1037.1,1,"","","","","","","","",8,1,"","","","","","","","","","","","","","","","","","","","","","","","","","","","","","","","","","","","","","","","","","","","","","","","","","","","","","","","","","","","","","","","","","","","","","","","","","","","","","","","","","","","","","","","","","","","","","","","","","","","","","","",""
"28070001","CHARTRES",48.4605,1.501167,155,1983011100,"","","","",1.,1,240,1,"","","","","","","","","","","","","","","","","","","","","","","","","","","","",5.1,1,4.6,1,"","","","","","","","","","","","","","","","","","","","","","","","","","",98,1,"","","","","","","","","","","","",8.6,1,1036.9,1,"","","","","","","","",8,1,"","","","","","","","","","","","","","","","","","","","","","","","","","","","","","","","","","","","","","","","","","","","","","","","","","","","","","","","","","","","","","","","","","","","","","","","","","","","","","","","","","","","","","","","","","","","","","","","","","","","","","","",""
"28070001","CHARTRES",48.4605,1.501167,155,1983011103,"","","","",1.,1,100,1,"","","","","","","","","","","","","","","","","","","","","","","","","","","","",5.3,1,4.6,1,"","","","","","","","","","","","","","","","","","","","","","","","","","",97,1,"","","","","","","","","","","","",8.6,1,1035.8,1,"","","","","","","","",8,1,"","","","","","","","","","","","","","","","","","","","","","","","","","","","","","","","","","","","","","","","","","","","","","","","","","","","","","","","","","","","","","","","","","","","","","","","","","","","","","","","","","","","","","","","","","","","","","","","","","","","","","","",""
"28070001","CHARTRES",48.4605,1.501167,155,1983011106,"","","","",2.,1,100,1,"","","","","","","","","","","","","","","","","","","","","","","","","","","","",3.9,1,3.3,1,"","","","","","","","","","","","","","","","","","","","","","","","","","",97,1,"","","","","","","","","","","","",7.8,1,1034.9,1,"","","","","","",8,1,8,1,6,1,"","","","","","","","","","","","","","","","","","","","","","","","","","","","",1200,1,"","",10,1,"","","","",1,1,"","","","","","","","","","","","","","","","","","","","","","","","","","","","","","","","","","","","","","","","","","","","","","","","","","","","","","","","","","","","","",""
"28070001","CHARTRES",48.4605,1.501167,155,1983011109,"","","","",5.,1,100,1,"","","","","","","","","","","","","","","","","","","","","","","","","","","","",3.9,1,3.3,1,"","","","","","","","","","","","","","","","","","","","","","","","","","",97,1,"","","","","","","","","","","","",7.8,1,1034.2,1,"","","","","","",8,1,8,1,6,1,"","","","","","","","","","","","","","","","","","","","","","","","","","","","",400,1,"","",46,1,4,1,"","","","","","","","","","","","","","","","","","","","","","","","","","","","","","","","","","","","","","","","","","","","","","","","","","","","","","","","","","","","","","","","","",""
"28070001","CHARTRES",48.4605,1.501167,155,1983011112,"","","","",6.,1,140,1,"","","","","","","","","","","","","","","","","","","","","","","","","","","","",2.9,1,2.4,1,"","","","","","","","","","","","","","","","","","","","","","","","","","",96,1,"","","","","","","","","","","","",7.3,1,1033.3,1,"","","","","","",8,1,8,1,6,1,"","","","","","","","","","","","","","","","","","","","","","","","","","","","",400,1,"","",42,1,4,1,"","","","","","","","","","","","","","","","","","","","","","","","","","","","","","","","","","","","","","","","","","","","","","","","","","","","","","","","","","","","","","","","","",""
"28070001","CHARTRES",48.4605,1.501167,155,1983011115,"","","","",3.,1,160,1,"","","","","","","","","","","","","","","","","","","","","","","","","","","","",2.3,1,2.,1,"","","","","","","","","","","","","","","","","","","","","","","","","","",98,1,"","","","","","","","","","","","",7.1,1,1031.9,1,"","","","","","",8,1,8,1,6,1,"","","","","","","","","","","","","","","","","","","","","","","","","","","","",800,1,"","",42,1,4,1,"","","","","","","","","","","","","","","","","","","","","","","","","","","","","","","","","","","","","","","","","","","","","","","","","","","","","","","","","","","","","","","","","",""
"28070001","CHARTRES",48.4605,1.501167,155,1983011118,"","","","",5.,1,200,1,"","","","","","","","","","","","","","","","","","","","","","","","","","","","",2.2,1,1.2,1,"","","","","","","","","","","","","","","","","","","","","","","","","","",94,1,"","","","","","","","","","","","",6.7,1,1032.,1,"","","","","","","","",8,1,"","","","","","","","","","","","","","","","","","","","","","","","","","","","","","","","","","","","","","","","","","","","","","","","","","","","","","","","","","","","","","","","","","","","","","","","","","","","","","","","","","","","","","","","","","","","","","","","","","","","","","","",""
"28070001","CHARTRES",48.4605,1.501167,155,1983011121,"","","","",4.,1,200,1,"","","","","","","","","","","","","","","","","","","","","","","","","","","","",3.,1,1.2,1,"","","","","","","","","","","","","","","","","","","","","","","","","","",88,1,"","","","","","","","","","","","",6.7,1,1031.9,1,"","","","","","","","",8,1,"","","","","","","","","","","","","","","","","","","","","","","","","","","","","","","","","","","","","","","","","","","","","","","","","","","","","","","","","","","","","","","","","","","","","","","","","","","","","","","","","","","","","","","","","","","","","","","","","","","","","","","",""
"28070001","CHARTRES",48.4605,1.501167,155,1983011200,"","","","",3.,1,180,1,"","","","","","","","","","","","","","","","","","","","","","","","","","","","",3.2,1,1.6,1,"","","","","","","","","","","","","","","","","","","","","","","","","","",90,1,"","","","","","","","","","","","",6.9,1,1032.3,1,"","","","","","","","",8,1,"","","","","","","","","","","","","","","","","","","","","","","","","","","","","","","","","","","","","","","","","","","","","","","","","","","","","","","","","","","","","","","","","","","","","","","","","","","","","","","","","","","","","","","","","","","","","","","","","","","","","","","",""
"28070001","CHARTRES",48.4605,1.501167,155,1983011203,"","","","",3.,1,180,1,"","","","","","","","","","","","","","","","","","","","","","","","","","","","",3.4,1,2.2,1,"","","","","","","","","","","","","","","","","","","","","","","","","","",92,1,"","","","","","","","","","","","",7.2,1,1031.9,1,"","","","","","","","",8,1,"","","","","","","","","","","","","","","","","","","","","","","","","","","","","","","","","","","","","","","","","","","","","","","","","","","","","","","","","","","","","","","","","","","","","","","","","","","","","","","","","","","","","","","","","","","","","","","","","","","","","","","",""
"28070001","CHARTRES",48.4605,1.501167,155,1983011206,"","","","",3.,1,200,1,"","","","","","","","","","","","","","","","","","","","","","","","","","","","",3.6,1,2.,1,"","","","","","","","","","","","","","","","","","","","","","","","","","",90,1,"","","","","","","","","","","","",7.1,1,1031.9,1,"","","","","","",7,1,7,1,5,1,"","","","","","","","","","","","","","","","","","","","","","","","","","","","",6000,1,"","",0,1,"","","","",0,1,"","","","","","","","","","","","","","","","","","","","","","","","","","","","","","","","","","","","","","","","","","","","","","","","","","","","","","","","","","","","","",""
"28070001","CHARTRES",48.4605,1.501167,155,1983011209,"","","","",5.,1,180,1,"","","","","","","","","","","","","","","","","","","","","","","","","","","","",2.6,1,1.4,1,"","","","","","","","","","","","","","","","","","","","","","","","","","",93,1,"","","","","","","","","","","","",6.8,1,1032.8,1,"","","","","","",5,1,5,1,5,1,0,1,0,1,"","","","","","","","","","","","","","","","","","","","","","","","",6000,1,"","",3,1,1,1,"","","","","","","","","","","","","","","","","","","","","","","","","","","","","","","","","","","","","","","","","","","","","","","","","","","","","","","","","","","","","","","","","",""
"28070001","CHARTRES",48.4605,1.501167,155,1983011212,"","","","",6.,1,180,1,"","","","","","","","","","","","","","","","","","","","","","","","","","","","",5.2,1,1.8,1,"","","","","","","","","","","","","","","","","","","","","","","","","","",79,1,"","","","","","","","","","","","",7.,1,1032.1,1,"","","","","","",4,1,0,1,0,1,0,1,2,1,"","","","","","","","","","","","","","","","","","","","","","","","",10000,1,"","",1,1,1,1,"","","","","","","","","","","","","","","","","","","","","","","","","","","","","","","","","","","","","","","","","","","","","","","","","","","","","","","","","","","","","","","","","",""
"28070001","CHARTRES",48.4605,1.501167,155,1983011215,"","","","",5.,1,160,1,"","","","","","","","","","","","","","","","","","","","","","","","","","","","",4.6,1,2.5,1,"","","","","","","","","","","","","","","","","","","","","","","","","","",87,1,"","","","","","","","","","","","",7.4,1,1031.1,1,"","","","","","",6,1,5,1,5,1,8,1,0,1,"","","","","","","","","","","","","","","","","","","","","","","","",8000,1,"","",3,1,1,1,"","","","","","","","","","","","","","","","","","","","","","","","","","","","","","","","","","","","","","","","","","","","","","","","","","","","","","","","","","","","","","","","","",""
"28070001","CHARTRES",48.4605,1.501167,155,1983011218,"","","","",5.,1,160,1,"","","","","","","","","","","","","","","","","","","","","","","","","","","","",2.5,1,1.8,1,"","","","","","","","","","","","","","","","","","","","","","","","","","",96,1,"","","","","","","","","","","","",7.,1,1030.6,1,"","","","","","","","",5,1,"","","","","","","","","","","","","","","","","","","","","","","","","","","","","","","","","","","","","","","","","","","","","","","","","","","","","","","","","","","","","","","","","","","","","","","","","","","","","","","","","","","","","","","","","","","","","","","","","","","","","","","",""
"28070001","CHARTRES",48.4605,1.501167,155,1983011221,"","","","",6.,1,200,1,"","","","","","","","","","","","","","","","","","","","","","","","","","","","",2.,1,1.6,1,"","","","","","","","","","","","","","","","","","","","","","","","","","",98,1,"","","","","","","","","","","","",6.9,1,1028.9,1,"","","","","","","","",5,1,"","","","","","","","","","","","","","","","","","","","","","","","","","","","","","","","","","","","","","","","","","","","","","","","","","","","","","","","","","","","","","","","","","","","","","","","","","","","","","","","","","","","","","","","","","","","","","","","","","","","","","","",""
"28070001","CHARTRES",48.4605,1.501167,155,1983011300,"","","","",6.,1,180,1,"","","","","","","","","","","","","","","","","","","","","","","","","","","","",2.,1,1.4,1,"","","","","","","","","","","","","","","","","","","","","","","","","","",97,1,"","","","","","","","","","","","",6.8,1,1027.1,1,"","","","","","","","",5,1,"","","","","","","","","","","","","","","","","","","","","","","","","","","","","","","","","","","","","","","","","","","","","","","","","","","","","","","","","","","","","","","","","","","","","","","","","","","","","","","","","","","","","","","","","","","","","","","","","","","","","","","",""
"28070001","CHARTRES",48.4605,1.501167,155,1983011303,"","","","",6.,1,200,1,"","","","","","","","","","","","","","","","","","","","","","","","","","","","",2.3,1,1.6,1,"","","","","","","","","","","","","","","","","","","","","","","","","","",96,1,"","","","","","","","","","","","",6.9,1,1024.5,1,"","","","","","","","",5,1,"","","","","","","","","","","","","","","","","","","","","","","","","","","","","","","","","","","","","","","","","","","","","","","","","","","","","","","","","","","","","","","","","","","","","","","","","","","","","","","","","","","","","","","","","","","","","","","","","","","","","","","",""
"28070001","CHARTRES",48.4605,1.501167,155,1983011306,"","","","",8.,1,180,1,"","","","","","","","","","","","","","","","","","","","","","","","","","","","",3.3,1,2.4,1,"","","","","","","","","","","","","","","","","","","","","","","","","","",95,1,"","","","","","","","","","","","",7.3,1,1021.6,1,"","","","","","",6,1,6,1,5,1,0,1,0,1,"","","","","","","","","","","","","","","","","","","","","","","","",6000,1,"","",0,1,"","","","",0,1,"","","","","","","","","","","","","","","","","","","","","","","","","","","","","","","","","","","","","","","","","","","","","","","","","","","","","","","","","","","","","",""
"28070001","CHARTRES",48.4605,1.501167,155,1983011309,"","","","",6.,1,220,1,"","","","","","","","","","","","","","","","","","","","","","","","","","","","",4.8,1,2.7,1,"","","","","","","","","","","","","","","","","","","","","","","","","","",87,1,"","","","","","","","","","","","",7.5,1,1020.7,1,"","","","","","",8,1,6,1,5,1,7,1,"","","","","","","","","","","","","","","","","","","","","","","","","","",7000,1,"","",60,1,6,1,"","","","","","","","","","","","","","","","","","","","","","","","","","","","","","","","","","","","","","","","","","","","","","","","","","","","","","","","","","","","","","","","","",""
"28070001","CHARTRES",48.4605,1.501167,155,1983011312,"","","","",7.,1,200,1,"","","","","","","","","","","","","","","","","","","","","","","","","","","","",6.6,1,5.1,1,"","","","","","","","","","","","","","","","","","","","","","","","","","",91,1,"","","","","","","","","","","","",8.9,1,1019.7,1,"","","","","","",8,1,8,1,5,1,7,1,"","","","","","","","","","","","","","","","","","","","","","","","","","",10000,1,"","",61,1,6,1,"","","","","","","","","","","","","","","","","","","","","","","","","","","","","","","","","","","","","","","","","","","","","","","","","","","","","","","","","","","","","","","","","",""
"28070001","CHARTRES",48.4605,1.501167,155,1983011315,"","","","",4.,1,260,1,"","","","","","","","","","","","","","","","","","","","","","","","","","","","",5.1,1,4.,1,"","","","","","","","","","","","","","","","","","","","","","","","","","",94,1,"","","","","","","","","","","","",8.2,1,1021.4,1,"","","","","","",7,1,6,1,8,1,7,1,2,1,"","","","","","","","","","","","","","","","","","","","","","","","",15000,1,"","",1,1,6,1,"","","","","","","","","","","","","","","","","","","","","","","","","","","","","","","","","","","","","","","","","","","","","","","","","","","","","","","","","","","","","","","","","",""
"28070001","CHARTRES",48.4605,1.501167,155,1983011318,"","","","",3.,1,260,1,"","","","","","","","","","","","","","","","","","","","","","","","","","","","",3.4,1,0.1,1,"","","","","","","","","","","","","","","","","","","","","","","","","","",80,1,"","","","","","","","","","","","",6.2,1,1023.5,1,"","","","","","","","",6,1,"","","","","","","","","","","","","","","","","","","","","","","","","","","","","","","","","","","","","","","","","","","","","","","","","","","","","","","","","","","","","","","","","","","","","","","","","","","","","","","","","","","","","","","","","","","","","","","","","","","","","","","",""
"28070001","CHARTRES",48.4605,1.501167,155,1983011321,"","","","",4.,1,260,1,"","","","","","","","","","","","","","","","","","","","","","","","","","","","",1.5,1,-0.9,1,"","","","","","","","","","","","","","","","","","","","","","","","","","",84,1,"","","","","","","","","","","","",5.7,1,1025.8,1,"","","","","","","","",6,1,"","","","","","","","","","","","","","","","","","","","","","","","","","","","","","","","","","","","","","","","","","","","","","","","","","","","","","","","","","","","","","","","","","","","","","","","","","","","","","","","","","","","","","","","","","","","","","","","","","","","","","","",""
"28070001","CHARTRES",48.4605,1.501167,155,1983011400,"","","","",4.,1,260,1,"","","","","","","","","","","","","","","","","","","","","","","","","","","","",0.8,1,-1.1,1,"","","","","","","","","","","","","","","","","","","","","","","","","","",86,1,"","","","","","","","","","","","",5.6,1,1027.2,1,"","","","","","","","",6,1,"","","","","","","","","","","","","","","","","","","","","","","","","","","","","","","","","","","","","","","","","","","","","","","","","","","","","","","","","","","","","","","","","","","","","","","","","","","","","","","","","","","","","","","","","","","","","","","","","","","","","","","",""
"28070001","CHARTRES",48.4605,1.501167,155,1983011403,"","","","",3.,1,240,1,"","","","","","","","","","","","","","","","","","","","","","","","","","","","",0.6,1,-1.1,1,"","","","","","","","","","","","","","","","","","","","","","","","","","",88,1,"","","","","","","","","","","","",5.6,1,1027.,1,"","","","","","","","",6,1,"","","","","","","","","","","","","","","","","","","","","","","","","","","","","","","","","","","","","","","","","","","","","","","","","","","","","","","","","","","","","","","","","","","","","","","","","","","","","","","","","","","","","","","","","","","","","","","","","","","","","","","",""
"28070001","CHARTRES",48.4605,1.501167,155,1983011406,"","","","",4.,1,240,1,"","","","","","","","","","","","","","","","","","","","","","","","","","","","",0.6,1,-1.6,1,"","","","","","","","","","","","","","","","","","","","","","","","","","",84,1,"","","","","","","","","","","","",5.4,1,1025.3,1,"","","","","","",2,1,0,1,5,1,0,1,0,1,"","","","","","","","","","","","","","","","","","","","","","","","",8000,1,"","",0,1,"","","","",5,1,"","","","","","","","","","","","","","","","","","","","","","","","","","","","","","","","","","","","","","","","","","","","","","","","","","","","","","","","","","","","","",""
"28070001","CHARTRES",48.4605,1.501167,155,1983011409,"","","","",8.,1,220,1,"","","","","","","","","","","","","","","","","","","","","","","","","","","","",1.4,1,-0.9,1,"","","","","","","","","","","","","","","","","","","","","","","","","","",85,1,"","","","","","","","","","","","",5.7,1,1022.2,1,"","","","","","",8,1,8,1,5,1,"","","","","","","","","","","","","","","","","","","","","","","","","","","","",10000,1,"","",3,1,1,1,"","","","","","","","","","","","","","","","","","","","","","","","","","","","","","","","","","","","","","","","","","","","","","","","","","","","","","","","","","","","","","","","","",""
"28070001","CHARTRES",48.4605,1.501167,155,1983011412,"","","","",8.,1,200,1,"","","","","","","","","","","","","","","","","","","","","","","","","","","","",1.1,1,0.,1,"","","","","","","","","","","","","","","","","","","","","","","","","","",92,1,"","","","","","","","","","","","",6.1,1,1016.6,1,"","","","","","",8,1,5,1,7,1,2,1,"","","","","","","","","","","","","","","","","","","","","","","","","","",2000,1,"","",71,1,7,1,"","","","","","","","","","","","","","","","","","","","","","","","","","","","","","","","","","","","","","","","","","","","","","","","","","","","","","","","","","","","","","","","","",""
"28070001","CHARTRES",48.4605,1.501167,155,1983011415,"","","","",10.,1,240,1,"","","","","","","","","","","","","","","","","","","","","","","","","","","","",6.,1,4.9,1,"","","","","","","","","","","","","","","","","","","","","","","","","","",94,1,"","","","","","","","","","","","",8.8,1,1010.7,1,"","","","","","",8,1,6,1,5,1,2,1,"","","","","","","","","","","","","","","","","","","","","","","","","","",6000,1,"","",60,1,7,1,"","","","","","","","","","","","","","","","","","","","","","","","","","","","","","","","","","","","","","","","","","","","","","","","","","","","","","","","","","","","","","","","","",""
"28070001","CHARTRES",48.4605,1.501167,155,1983011418,"","","","",7.,1,280,1,"","","","","","","","","","","","","","","","","","","","","","","","","","","","",7.5,1,5.1,1,"","","","","","","","","","","","","","","","","","","","","","","","","","",86,1,"","","","","","","","","","","","",8.9,1,1011.8,1,"","","","","","","","",6,1,"","","","","","","","","","","","","","","","","","","","","","","","","","","","","","","","","","","","","","","","","","","","","","","","","","","","","","","","","","","","","","","","","","","","","","","","","","","","","","","","","","","","","","","","","","","","","","","","","","","","","","","",""
"28070001","CHARTRES",48.4605,1.501167,155,1983011421,"","","","",8.,1,280,1,"","","","","","","","","","","","","","","","","","","","","","","","","","","","",7.1,1,4.3,1,"","","","","","","","","","","","","","","","","","","","","","","","","","",83,1,"","","","","","","","","","","","",8.4,1,1013.2,1,"","","","","","","","",6,1,"","","","","","","","","","","","","","","","","","","","","","","","","","","","","","","","","","","","","","","","","","","","","","","","","","","","","","","","","","","","","","","","","","","","","","","","","","","","","","","","","","","","","","","","","","","","","","","","","","","","","","","",""
"28070001","CHARTRES",48.4605,1.501167,155,1983011500,"","","","",6.,1,260,1,"","","","","","","","","","","","","","","","","","","","","","","","","","","","",4.8,1,1.4,1,"","","","","","","","","","","","","","","","","","","","","","","","","","",79,1,"","","","","","","","","","","","",6.8,1,1014.,1,"","","","","","","","",6,1,"","","","","","","","","","","","","","","","","","","","","","","","","","","","","","","","","","","","","","","","","","","","","","","","","","","","","","","","","","","","","","","","","","","","","","","","","","","","","","","","","","","","","","","","","","","","","","","","","","","","","","","",""
"28070001","CHARTRES",48.4605,1.501167,155,1983011503,"","","","",7.,1,240,1,"","","","","","","","","","","","","","","","","","","","","","","","","","","","",5.3,1,2.7,1,"","","","","","","","","","","","","","","","","","","","","","","","","","",84,1,"","","","","","","","","","","","",7.5,1,1014.1,1,"","","","","","","","",6,1,"","","","","","","","","","","","","","","","","","","","","","","","","","","","","","","","","","","","","","","","","","","","","","","","","","","","","","","","","","","","","","","","","","","","","","","","","","","","","","","","","","","","","","","","","","","","","","","","","","","","","","","",""
"28070001","CHARTRES",48.4605,1.501167,155,1983011506,"","","","",6.,1,260,1,"","","","","","","","","","","","","","","","","","","","","","","","","","","","",6.,1,4.6,1,"","","","","","","","","","","","","","","","","","","","","","","","","","",92,1,"","","","","","","","","","","","",8.6,1,1013.9,1,"","","","","","",8,1,7,1,5,1,"","","","","","","","","","","","","","","","","","","","","","","","","","","","",12000,1,"","",61,1,"","","","",2,1,"","","","","","","","","","","","","","","","","","","","","","","","","","","","","","","","","","","","","","","","","","","","","","","","","","","","","","","","","","","","","",""
"28070001","CHARTRES",48.4605,1.501167,155,1983011509,"","","","",6.,1,280,1,"","","","","","","","","","","","","","","","","","","","","","","","","","","","",7.,1,5.9,1,"","","","","","","","","","","","","","","","","","","","","","","","","","",94,1,"","","","","","","","","","","","",9.4,1,1015.3,1,"","","","","","",7,1,7,1,8,1,"","","","","","","","","","","","","","","","","","","","","","","","","","","","",15000,1,"","",21,1,6,1,"","","","","","","","","","","","","","","","","","","","","","","","","","","","","","","","","","","","","","","","","","","","","","","","","","","","","","","","","","","","","","","","","",""
"28070001","CHARTRES",48.4605,1.501167,155,1983011512,"","","","",8.,1,280,1,"","","","","","","","","","","","","","","","","","","","","","","","","","","","",9.,1,6.4,1,"","","","","","","","","","","","","","","","","","","","","","","","","","",85,1,"","","","","","","","","","","","",9.8,1,1016.1,1,"","","","","","",8,1,7,1,5,1,"","","","","","","","","","","","","","","","","","","","","","","","","","","","",20000,1,"","",1,1,6,1,"","","","","","","","","","","","","","","","","","","","","","","","","","","","","","","","","","","","","","","","","","","","","","","","","","","","","","","","","","","","","","","","","",""
"28070001","CHARTRES",48.4605,1.501167,155,1983011515,"","","","",9.,1,280,1,"","","","","","","","","","","","","","","","","","","","","","","","","","","","",10.1,1,6.7,1,"","","","","","","","","","","","","","","","","","","","","","","","","","",81,1,"","","","","","","","","","","","",10.,1,1016.1,1,"","","","","","",8,1,8,1,8,1,"","","","","","","","","","","","","","","","","","","","","","","","","","","","",20000,1,"","",3,1,2,1,"","","","","","","","","","","","","","","","","","","","","","","","","","","","","","","","","","","","","","","","","","","","","","","","","","","","","","","","","","","","","","","","","",""
"28070001","CHARTRES",48.4605,1.501167,155,1983011518,"","","","",7.,1,280,1,"","","","","","","","","","","","","","","","","","","","","","","","","","","","",9.9,1,7.,1,"","","","","","","","","","","","","","","","","","","","","","","","","","",84,1,"","","","","","","","","","","","",10.2,1,1018.4,1,"","","","","","","","",8,1,"","","","","","","","","","","","","","","","","","","","","","","","","","","","","","","","","","","","","","","","","","","","","","","","","","","","","","","","","","","","","","","","","","","","","","","","","","","","","","","","","","","","","","","","","","","","","","","","","","","","","","","",""
"28070001","CHARTRES",48.4605,1.501167,155,1983011521,"","","","",8.,1,280,1,"","","","","","","","","","","","","","","","","","","","","","","","","","","","",8.9,1,5.6,1,"","","","","","","","","","","","","","","","","","","","","","","","","","",81,1,"","","","","","","","","","","","",9.2,1,1020.4,1,"","","","","","","","",8,1,"","","","","","","","","","","","","","","","","","","","","","","","","","","","","","","","","","","","","","","","","","","","","","","","","","","","","","","","","","","","","","","","","","","","","","","","","","","","","","","","","","","","","","","","","","","","","","","","","","","","","","","",""
"28070001","CHARTRES",48.4605,1.501167,155,1983011600,"","","","",8.,1,280,1,"","","","","","","","","","","","","","","","","","","","","","","","","","","","",9.1,1,6.2,1,"","","","","","","","","","","","","","","","","","","","","","","","","","",83,1,"","","","","","","","","","","","",9.6,1,1021.1,1,"","","","","","","","",8,1,"","","","","","","","","","","","","","","","","","","","","","","","","","","","","","","","","","","","","","","","","","","","","","","","","","","","","","","","","","","","","","","","","","","","","","","","","","","","","","","","","","","","","","","","","","","","","","","","","","","","","","","",""
"28070001","CHARTRES",48.4605,1.501167,155,1983011603,"","","","",7.,1,280,1,"","","","","","","","","","","","","","","","","","","","","","","","","","","","",9.3,1,6.4,1,"","","","","","","","","","","","","","","","","","","","","","","","","","",84,1,"","","","","","","","","","","","",9.8,1,1022.4,1,"","","","","","","","",8,1,"","","","","","","","","","","","","","","","","","","","","","","","","","","","","","","","","","","","","","","","","","","","","","","","","","","","","","","","","","","","","","","","","","","","","","","","","","","","","","","","","","","","","","","","","","","","","","","","","","","","","","","",""
"28070001","CHARTRES",48.4605,1.501167,155,1983011606,"","","","",8.,1,280,1,"","","","","","","","","","","","","","","","","","","","","","","","","","","","",9.4,1,6.2,1,"","","","","","","","","","","","","","","","","","","","","","","","","","",81,1,"","","","","","","","","","","","",9.6,1,1023.6,1,"","","","","","",7,1,7,1,5,1,"","","","","","","","","","","","","","","","","","","","","","","","","","","","",15000,1,"","",0,1,"","","","",1,1,"","","","","","","","","","","","","","","","","","","","","","","","","","","","","","","","","","","","","","","","","","","","","","","","","","","","","","","","","","","","","",""
"28070001","CHARTRES",48.4605,1.501167,155,1983011609,"","","","",6.,1,280,1,"","","","","","","","","","","","","","","","","","","","","","","","","","","","",9.1,1,6.3,1,"","","","","","","","","","","","","","","","","","","","","","","","","","",84,1,"","","","","","","","","","","","",9.7,1,1025.6,1,"","","","","","",8,1,8,1,8,1,"","","","","","","","","","","","","","","","","","","","","","","","","","","","",20000,1,"","",3,1,2,1,"","","","","","","","","","","","","","","","","","","","","","","","","","","","","","","","","","","","","","","","","","","","","","","","","","","","","","","","","","","","","","","","","",""
"28070001","CHARTRES",48.4605,1.501167,155,1983011612,"","","","",6.,1,280,1,"","","","","","","","","","","","","","","","","","","","","","","","","","","","",9.5,1,6.4,1,"","","","","","","","","","","","","","","","","","","","","","","","","","",83,1,"","","","","","","","","","","","",9.8,1,1026.6,1,"","","","","","",8,1,8,1,5,1,"","","","","","","","","","","","","","","","","","","","","","","","","","","","",20000,1,"","",1,1,2,1,"","","","","","","","","","","","","","","","","","","","","","","","","","","","","","","","","","","","","","","","","","","","","","","","","","","","","","","","","","","","","","","","","",""
"28070001","CHARTRES",48.4605,1.501167,155,1983011615,"","","","",4.,1,280,1,"","","","","","","","","","","","","","","","","","","","","","","","","","","","",8.7,1,7.2,1,"","","","","","","","","","","","","","","","","","","","","","","","","","",92,1,"","","","","","","","","","","","",10.3,1,1027.2,1,"","","","","","",8,1,8,1,5,1,"","","","","","","","","","","","","","","","","","","","","","","","","","","","",15000,1,"","",20,1,5,1,"","","","","","","","","","","","","","","","","","","","","","","","","","","","","","","","","","","","","","","","","","","","","","","","","","","","","","","","","","","","","","","","","",""
"28070001","CHARTRES",48.4605,1.501167,155,1983011618,"","","","",3.,1,240,1,"","","","","","","","","","","","","","","","","","","","","","","","","","","","",8.2,1,6.4,1,"","","","","","","","","","","","","","","","","","","","","","","","","","",90,1,"","","","","","","","","","","","",9.8,1,1028.4,1,"","","","","","","","",8,1,"","","","","","","","","","","","","","","","","","","","","","","","","","","","","","","","","","","","","","","","","","","","","","","","","","","","","","","","","","","","","","","","","","","","","","","","","","","","","","","","","","","","","","","","","","","","","","","","","","","","","","","",""
"28070001","CHARTRES",48.4605,1.501167,155,1983011621,"","","","",3.,1,240,1,"","","","","","","","","","","","","","","","","","","","","","","","","","","","",8.,1,4.9,1,"","","","","","","","","","","","","","","","","","","","","","","","","","",82,1,"","","","","","","","","","","","",8.8,1,1028.8,1,"","","","","","","","",8,1,"","","","","","","","","","","","","","","","","","","","","","","","","","","","","","","","","","","","","","","","","","","","","","","","","","","","","","","","","","","","","","","","","","","","","","","","","","","","","","","","","","","","","","","","","","","","","","","","","","","","","","","",""
"28070001","CHARTRES",48.4605,1.501167,155,1983011700,"","","","",5.,1,260,1,"","","","","","","","","","","","","","","","","","","","","","","","","","","","",6.4,1,4.5,1,"","","","","","","","","","","","","","","","","","","","","","","","","","",88,1,"","","","","","","","","","","","",8.5,1,1029.4,1,"","","","","","","","",8,1,"","","","","","","","","","","","","","","","","","","","","","","","","","","","","","","","","","","","","","","","","","","","","","","","","","","","","","","","","","","","","","","","","","","","","","","","","","","","","","","","","","","","","","","","","","","","","","","","","","","","","","","",""
"28070001","CHARTRES",48.4605,1.501167,155,1983011703,"","","","",6.,1,260,1,"","","","","","","","","","","","","","","","","","","","","","","","","","","","",6.6,1,4.1,1,"","","","","","","","","","","","","","","","","","","","","","","","","","",85,1,"","","","","","","","","","","","",8.3,1,1028.8,1,"","","","","","","","",8,1,"","","","","","","","","","","","","","","","","","","","","","","","","","","","","","","","","","","","","","","","","","","","","","","","","","","","","","","","","","","","","","","","","","","","","","","","","","","","","","","","","","","","","","","","","","","","","","","","","","","","","","","",""
"28070001","CHARTRES",48.4605,1.501167,155,1983011706,"","","","",5.,1,260,1,"","","","","","","","","","","","","","","","","","","","","","","","","","","","",6.6,1,3.3,1,"","","","","","","","","","","","","","","","","","","","","","","","","","",81,1,"","","","","","","","","","","","",7.8,1,1028.6,1,"","","","","","",7,1,7,1,5,1,"","","","","","","","","","","","","","","","","","","","","","","","","","","","",8000,1,"","",0,1,"","","","",0,1,"","","","","","","","","","","","","","","","","","","","","","","","","","","","","","","","","","","","","","","","","","","","","","","","","","","","","","","","","","","","","",""
"28070001","CHARTRES",48.4605,1.501167,155,1983011709,"","","","",5.,1,260,1,"","","","","","","","","","","","","","","","","","","","","","","","","","","","",6.6,1,3.6,1,"","","","","","","","","","","","","","","","","","","","","","","","","","",82,1,"","","","","","","","","","","","",8.,1,1029.3,1,"","","","","","",8,1,7,1,5,1,"","","","","","","","","","","","","","","","","","","","","","","","","","","","",12000,1,"","",3,1,2,1,"","","","","","","","","","","","","","","","","","","","","","","","","","","","","","","","","","","","","","","","","","","","","","","","","","","","","","","","","","","","","","","","","",""
"28070001","CHARTRES",48.4605,1.501167,155,1983011712,"","","","",5.,1,240,1,"","","","","","","","","","","","","","","","","","","","","","","","","","","","",7.2,1,3.8,1,"","","","","","","","","","","","","","","","","","","","","","","","","","",80,1,"","","","","","","","","","","","",8.1,1,1029.1,1,"","","","","","",8,1,8,1,5,1,"","","","","","","","","","","","","","","","","","","","","","","","","","","","",15000,1,"","",2,1,2,1,"","","","","","","","","","","","","","","","","","","","","","","","","","","","","","","","","","","","","","","","","","","","","","","","","","","","","","","","","","","","","","","","","",""
"28070001","CHARTRES",48.4605,1.501167,155,1983011715,"","","","",6.,1,240,1,"","","","","","","","","","","","","","","","","","","","","","","","","","","","",6.8,1,2.7,1,"","","","","","","","","","","","","","","","","","","","","","","","","","",76,1,"","","","","","","","","","","","",7.5,1,1027.7,1,"","","","","","",6,1,6,1,5,1,0,1,0,1,"","","","","","","","","","","","","","","","","","","","","","","","",12000,1,"","",1,1,2,1,"","","","","","","","","","","","","","","","","","","","","","","","","","","","","","","","","","","","","","","","","","","","","","","","","","","","","","","","","","","","","","","","","",""
"28070001","CHARTRES",48.4605,1.501167,155,1983011718,"","","","",5.,1,220,1,"","","","","","","","","","","","","","","","","","","","","","","","","","","","",5.8,1,2.9,1,"","","","","","","","","","","","","","","","","","","","","","","","","","",83,1,"","","","","","","","","","","","",7.6,1,1027.3,1,"","","","","","","","",6,1,"","","","","","","","","","","","","","","","","","","","","","","","","","","","","","","","","","","","","","","","","","","","","","","","","","","","","","","","","","","","","","","","","","","","","","","","","","","","","","","","","","","","","","","","","","","","","","","","","","","","","","","",""
"28070001","CHARTRES",48.4605,1.501167,155,1983011721,"","","","",6.,1,220,1,"","","","","","","","","","","","","","","","","","","","","","","","","","","","",5.,1,3.1,1,"","","","","","","","","","","","","","","","","","","","","","","","","","",88,1,"","","","","","","","","","","","",7.7,1,1025.3,1,"","","","","","","","",6,1,"","","","","","","","","","","","","","","","","","","","","","","","","","","","","","","","","","","","","","","","","","","","","","","","","","","","","","","","","","","","","","","","","","","","","","","","","","","","","","","","","","","","","","","","","","","","","","","","","","","","","","","",""
"28070001","CHARTRES",48.4605,1.501167,155,1983011800,"","","","",5.,1,240,1,"","","","","","","","","","","","","","","","","","","","","","","","","","","","",5.,1,3.1,1,"","","","","","","","","","","","","","","","","","","","","","","","","","",88,1,"","","","","","","","","","","","",7.7,1,1024.2,1,"","","","","","","","",6,1,"","","","","","","","","","","","","","","","","","","","","","","","","","","","","","","","","","","","","","","","","","","","","","","","","","","","","","","","","","","","","","","","","","","","","","","","","","","","","","","","","","","","","","","","","","","","","","","","","","","","","","","",""
"28070001","CHARTRES",48.4605,1.501167,155,1983011803,"","","","",6.,1,240,1,"","","","","","","","","","","","","","","","","","","","","","","","","","","","",5.,1,2.4,1,"","","","","","","","","","","","","","","","","","","","","","","","","","",84,1,"","","","","","","","","","","","",7.3,1,1021.2,1,"","","","","","","","",6,1,"","","","","","","","","","","","","","","","","","","","","","","","","","","","","","","","","","","","","","","","","","","","","","","","","","","","","","","","","","","","","","","","","","","","","","","","","","","","","","","","","","","","","","","","","","","","","","","","","","","","","","","",""
"28070001","CHARTRES",48.4605,1.501167,155,1983011806,"","","","",5.,1,220,1,"","","","","","","","","","","","","","","","","","","","","","","","","","","","",5.,1,2.4,1,"","","","","","","","","","","","","","","","","","","","","","","","","","",84,1,"","","","","","","","","","","","",7.3,1,1021.2,1,"","","","","","",8,1,8,1,5,1,"","","","","","","","","","","","","","","","","","","","","","","","","","","","",8000,1,"","",0,1,"","","","",0,1,"","","","","","","","","","","","","","","","","","","","","","","","","","","","","","","","","","","","","","","","","","","","","","","","","","","","","","","","","","","","","",""
"28070001","CHARTRES",48.4605,1.501167,155,1983011809,"","","","",5.,1,240,1,"","","","","","","","","","","","","","","","","","","","","","","","","","","","",5.1,1,3.4,1,"","","","","","","","","","","","","","","","","","","","","","","","","","",90,1,"","","","","","","","","","","","",7.9,1,1021.7,1,"","","","","","",6,1,6,1,5,1,0,1,0,1,"","","","","","","","","","","","","","","","","","","","","","","","",15000,1,"","",1,1,2,1,"","","","","","","","","","","","","","","","","","","","","","","","","","","","","","","","","","","","","","","","","","","","","","","","","","","","","","","","","","","","","","","","","",""
"28070001","CHARTRES",48.4605,1.501167,155,1983011812,"","","","",5.,1,260,1,"","","","","","","","","","","","","","","","","","","","","","","","","","","","",6.8,1,4.8,1,"","","","","","","","","","","","","","","","","","","","","","","","","","",88,1,"","","","","","","","","","","","",8.7,1,1022.3,1,"","","","","","",7,1,6,1,5,1,7,1,"","","","","","","","","","","","","","","","","","","","","","","","","","",15000,1,"","",60,1,6,1,"","","","","","","","","","","","","","","","","","","","","","","","","","","","","","","","","","","","","","","","","","","","","","","","","","","","","","","","","","","","","","","","","",""
"28070001","CHARTRES",48.4605,1.501167,155,1983011815,"","","","",6.,1,280,1,"","","","","","","","","","","","","","","","","","","","","","","","","","","","",6.8,1,1.,1,"","","","","","","","","","","","","","","","","","","","","","","","","","",66,1,"","","","","","","","","","","","",6.6,1,1021.7,1,"","","","","","",7,1,6,1,5,1,0,1,1,1,"","","","","","","","","","","","","","","","","","","","","","","","",15000,1,"","",1,1,6,1,"","","","","","","","","","","","","","","","","","","","","","","","","","","","","","","","","","","","","","","","","","","","","","","","","","","","","","","","","","","","","","","","","",""
"28070001","CHARTRES",48.4605,1.501167,155,1983011818,"","","","",4.,1,280,1,"","","","","","","","","","","","","","","","","","","","","","","","","","","","",4.9,1,1.,1,"","","","","","","","","","","","","","","","","","","","","","","","","","",76,1,"","","","","","","","","","","","",6.6,1,1022.6,1,"","","","","","","","",6,1,"","","","","","","","","","","","","","","","","","","","","","","","","","","","","","","","","","","","","","","","","","","","","","","","","","","","","","","","","","","","","","","","","","","","","","","","","","","","","","","","","","","","","","","","","","","","","","","","","","","","","","","",""
"28070001","CHARTRES",48.4605,1.501167,155,1983011821,"","","","",5.,1,280,1,"","","","","","","","","","","","","","","","","","","","","","","","","","","","",5.,1,1.,1,"","","","","","","","","","","","","","","","","","","","","","","","","","",76,1,"","","","","","","","","","","","",6.6,1,1023.5,1,"","","","","","","","",6,1,"","","","","","","","","","","","","","","","","","","","","","","","","","","","","","","","","","","","","","","","","","","","","","","","","","","","","","","","","","","","","","","","","","","","","","","","","","","","","","","","","","","","","","","","","","","","","","","","","","","","","","","",""
"28070001","CHARTRES",48.4605,1.501167,155,1983011900,"","","","",4.,1,280,1,"","","","","","","","","","","","","","","","","","","","","","","","","","","","",4.1,1,-0.2,1,"","","","","","","","","","","","","","","","","","","","","","","","","","",73,1,"","","","","","","","","","","","",6.,1,1024.5,1,"","","","","","","","",6,1,"","","","","","","","","","","","","","","","","","","","","","","","","","","","","","","","","","","","","","","","","","","","","","","","","","","","","","","","","","","","","","","","","","","","","","","","","","","","","","","","","","","","","","","","","","","","","","","","","","","","","","","",""
"28070001","CHARTRES",48.4605,1.501167,155,1983011903,"","","","",4.,1,280,1,"","","","","","","","","","","","","","","","","","","","","","","","","","","","",2.3,1,-1.1,1,"","","","","","","","","","","","","","","","","","","","","","","","","","",78,1,"","","","","","","","","","","","",5.6,1,1025.5,1,"","","","","","","","",6,1,"","","","","","","","","","","","","","","","","","","","","","","","","","","","","","","","","","","","","","","","","","","","","","","","","","","","","","","","","","","","","","","","","","","","","","","","","","","","","","","","","","","","","","","","","","","","","","","","","","","","","","","",""
"28070001","CHARTRES",48.4605,1.501167,155,1983011906,"","","","",5.,1,280,1,"","","","","","","","","","","","","","","","","","","","","","","","","","","","",1.6,1,-1.6,1,"","","","","","","","","","","","","","","","","","","","","","","","","","",79,1,"","","","","","","","","","","","",5.4,1,1026.9,1,"","","","","","",0,1,"","",0,1,0,1,0,1,"","","","","","","","","","","","","","","","","","","","","","","","",15000,1,"","",0,1,"","","","",0,1,"","","","","","","","","","","","","","","","","","","","","","","","","","","","","","","","","","","","","","","","","","","","","","","","","","","","","","","","","","","","","",""
"28070001","CHARTRES",48.4605,1.501167,155,1983011909,"","","","",5.,1,300,1,"","","","","","","","","","","","","","","","","","","","","","","","","","","","",1.2,1,-1.8,1,"","","","","","","","","","","","","","","","","","","","","","","","","","",79,1,"","","","","","","","","","","","",5.3,1,1029.3,1,"","","","","","",0,1,"","",0,1,0,1,0,1,"","","","","","","","","","","","","","","","","","","","","","","","",20000,1,"","",2,1,0,1,"","","","","","","","","","","","","","","","","","","","","","","","","","","","","","","","","","","","","","","","","","","","","","","","","","","","","","","","","","","","","","","","","",""
"28070001","CHARTRES",48.4605,1.501167,155,1983011912,"","","","",8.,1,320,1,"","","","","","","","","","","","","","","","","","","","","","","","","","","","",4.2,1,-0.4,1,"","","","","","","","","","","","","","","","","","","","","","","","","","",72,1,"","","","","","","","","","","","",5.9,1,1031.1,1,"","","","","","",4,1,0,1,2,1,0,1,0,1,"","","","","","","","","","","","","","","","","","","","","","","","",25000,1,"","",3,1,0,1,"","","","","","","","","","","","","","","","","","","","","","","","","","","","","","","","","","","","","","","","","","","","","","","","","","","","","","","","","","","","","","","","","",""
"28070001","CHARTRES",48.4605,1.501167,155,1983011915,"","","","",7.,1,320,1,"","","","","","","","","","","","","","","","","","","","","","","","","","","","",4.9,1,-0.6,1,"","","","","","","","","","","","","","","","","","","","","","","","","","",66,1,"","","","","","","","","","","","",5.8,1,1031.6,1,"","","","","","",2,1,0,1,2,1,0,1,0,1,"","","","","","","","","","","","","","","","","","","","","","","","",25000,1,"","",1,1,0,1,"","","","","","","","","","","","","","","","","","","","","","","","","","","","","","","","","","","","","","","","","","","","","","","","","","","","","","","","","","","","","","","","","",""
"28070001","CHARTRES",48.4605,1.501167,155,1983011918,"","","","",5.,1,320,1,"","","","","","","","","","","","","","","","","","","","","","","","","","","","",1.7,1,-0.9,1,"","","","","","","","","","","","","","","","","","","","","","","","","","",82,1,"","","","","","","","","","","","",5.7,1,1034.3,1,"","","","","","","","",0,1,"","","","","","","","","","","","","","","","","","","","","","","","","","","","","","","","","","","","","","","","","","","","","","","","","","","","","","","","","","","","","","","","","","","","","","","","","","","","","","","","","","","","","","","","","","","","","","","","","","","","","","","",""
"28070001","CHARTRES",48.4605,1.501167,155,1983011921,"","","","",4.,1,320,1,"","","","","","","","","","","","","","","","","","","","","","","","","","","","",0.3,1,-1.6,1,"","","","","","","","","","","","","","","","","","","","","","","","","","",86,1,"","","","","","","","","","","","",5.4,1,1036.2,1,"","","","","","","","",0,1,"","","","","","","","","","","","","","","","","","","","","","","","","","","","","","","","","","","","","","","","","","","","","","","","","","","","","","","","","","","","","","","","","","","","","","","","","","","","","","","","","","","","","","","","","","","","","","","","","","","","","","","",""
"28070001","CHARTRES",48.4605,1.501167,155,1983012000,"","","","",2.,1,300,1,"","","","","","","","","","","","","","","","","","","","","","","","","","","","",-1.,1,-3.7,1,"","","","","","","","","","","","","","","","","","","","","","","","","","",81,1,"","","","","","","","","","","","",4.6,1,1037.6,1,"","","","","","","","",0,1,"","","","","","","","","","","","","","","","","","","","","","","","","","","","","","","","","","","","","","","","","","","","","","","","","","","","","","","","","","","","","","","","","","","","","","","","","","","","","","","","","","","","","","","","","","","","","","","","","","","","","","","",""
"28070001","CHARTRES",48.4605,1.501167,155,1983012003,"","","","",4.,1,320,1,"","","","","","","","","","","","","","","","","","","","","","","","","","","","",-1.,1,-3.7,1,"","","","","","","","","","","","","","","","","","","","","","","","","","",81,1,"","","","","","","","","","","","",4.6,1,1038.7,1,"","","","","","","","",0,1,"","","","","","","","","","","","","","","","","","","","","","","","","","","","","","","","","","","","","","","","","","","","","","","","","","","","","","","","","","","","","","","","","","","","","","","","","","","","","","","","","","","","","","","","","","","","","","","","","","","","","","","",""
"28070001","CHARTRES",48.4605,1.501167,155,1983012006,"","","","",3.,1,320,1,"","","","","","","","","","","","","","","","","","","","","","","","","","","","",-1.,1,-3.4,1,"","","","","","","","","","","","","","","","","","","","","","","","","","",83,1,"","","","","","","","","","","","",4.7,1,1040.,1,"","","","","","",0,1,"","",0,1,0,1,0,1,"","","","","","","","","","","","","","","","","","","","","","","","",10000,1,"","",0,1,"","","","",4,1,"","","","","","","","","","","","","","","","","","","","","","","","","","","","","","","","","","","","","","","","","","","","","","","","","","","","","","","","","","","","","",""
"28070001","CHARTRES",48.4605,1.501167,155,1983012009,"","","","",3.,1,320,1,"","","","","","","","","","","","","","","","","","","","","","","","","","","","",-0.6,1,-1.8,1,"","","","","","","","","","","","","","","","","","","","","","","","","","",91,1,"","","","","","","","","","","","",5.3,1,1042.1,1,"","","","","","",0,1,"","",0,1,0,1,0,1,"","","","","","","","","","","","","","","","","","","","","","","","",15000,1,"","",2,1,0,1,"","","","","","","","","","","","","","","","","","","","","","","","","","","","","","","","","","","","","","","","","","","","","","","","","","","","","","","","","","","","","","","","","",""
"28070001","CHARTRES",48.4605,1.501167,155,1983012012,"","","","",3.,1,320,1,"","","","","","","","","","","","","","","","","","","","","","","","","","","","",3.6,1,-1.3,1,"","","","","","","","","","","","","","","","","","","","","","","","","","",69,1,"","","","","","","","","","","","",5.5,1,1042.5,1,"","","","","","",0,1,"","",0,1,0,1,0,1,"","","","","","","","","","","","","","","","","","","","","","","","",20000,1,"","",2,1,0,1,"","","","","","","","","","","","","","","","","","","","","","","","","","","","","","","","","","","","","","","","","","","","","","","","","","","","","","","","","","","","","","","","","",""
"28070001","CHARTRES",48.4605,1.501167,155,1983012015,"","","","",3.,1,320,1,"","","","","","","","","","","","","","","","","","","","","","","","","","","","",4.,1,-2.9,1,"","","","","","","","","","","","","","","","","","","","","","","","","","",60,1,"","","","","","","","","","","","",4.9,1,1041.7,1,"","","","","","",6,1,6,1,0,1,0,1,2,1,"","","","","","","","","","","","","","","","","","","","","","","","",20000,1,"","",3,1,1,1,"","","","","","","","","","","","","","","","","","","","","","","","","","","","","","","","","","","","","","","","","","","","","","","","","","","","","","","","","","","","","","","","","",""
"28070001","CHARTRES",48.4605,1.501167,155,1983012018,"","","","",2.,1,220,1,"","","","","","","","","","","","","","","","","","","","","","","","","","","","",1.5,1,-3.1,1,"","","","","","","","","","","","","","","","","","","","","","","","","","",71,1,"","","","","","","","","","","","",4.8,1,1042.,1,"","","","","","","","",6,1,"","","","","","","","","","","","","","","","","","","","","","","","","","","","","","","","","","","","","","","","","","","","","","","","","","","","","","","","","","","","","","","","","","","","","","","","","","","","","","","","","","","","","","","","","","","","","","","","","","","","","","","",""
"28070001","CHARTRES",48.4605,1.501167,155,1983012021,"","","","",2.,1,220,1,"","","","","","","","","","","","","","","","","","","","","","","","","","","","",0.1,1,-2.6,1,"","","","","","","","","","","","","","","","","","","","","","","","","","",81,1,"","","","","","","","","","","","",5.,1,1042.1,1,"","","","","","","","",6,1,"","","","","","","","","","","","","","","","","","","","","","","","","","","","","","","","","","","","","","","","","","","","","","","","","","","","","","","","","","","","","","","","","","","","","","","","","","","","","","","","","","","","","","","","","","","","","","","","","","","","","","","",""
"28070001","CHARTRES",48.4605,1.501167,155,1983012100,"","","","",3.,1,260,1,"","","","","","","","","","","","","","","","","","","","","","","","","","","","",1.1,1,-1.1,1,"","","","","","","","","","","","","","","","","","","","","","","","","","",85,1,"","","","","","","","","","","","",5.6,1,1042.,1,"","","","","","","","",6,1,"","","","","","","","","","","","","","","","","","","","","","","","","","","","","","","","","","","","","","","","","","","","","","","","","","","","","","","","","","","","","","","","","","","","","","","","","","","","","","","","","","","","","","","","","","","","","","","","","","","","","","","",""
"28070001","CHARTRES",48.4605,1.501167,155,1983012103,"","","","",3.,1,240,1,"","","","","","","","","","","","","","","","","","","","","","","","","","","","",1.6,1,-1.1,1,"","","","","","","","","","","","","","","","","","","","","","","","","","",82,1,"","","","","","","","","","","","",5.6,1,1041.4,1,"","","","","","","","",6,1,"","","","","","","","","","","","","","","","","","","","","","","","","","","","","","","","","","","","","","","","","","","","","","","","","","","","","","","","","","","","","","","","","","","","","","","","","","","","","","","","","","","","","","","","","","","","","","","","","","","","","","","",""
"28070001","CHARTRES",48.4605,1.501167,155,1983012106,"","","","",3.,1,240,1,"","","","","","","","","","","","","","","","","","","","","","","","","","","","",1.8,1,-0.4,1,"","","","","","","","","","","","","","","","","","","","","","","","","","",85,1,"","","","","","","","","","","","",5.9,1,1040.7,1,"","","","","","",7,1,7,1,5,1,"","","","","","","","","","","","","","","","","","","","","","","","","","","","",12000,1,"","",0,1,"","","","",0,1,"","","","","","","","","","","","","","","","","","","","","","","","","","","","","","","","","","","","","","","","","","","","","","","","","","","","","","","","","","","","","",""
"28070001","CHARTRES",48.4605,1.501167,155,1983012109,"","","","",3.,1,240,1,"","","","","","","","","","","","","","","","","","","","","","","","","","","","",2.,1,-0.2,1,"","","","","","","","","","","","","","","","","","","","","","","","","","",85,1,"","","","","","","","","","","","",6.,1,1041.7,1,"","","","","","",8,1,8,1,5,1,"","","","","","","","","","","","","","","","","","","","","","","","","","","","",8000,1,"","",3,1,2,1,"","","","","","","","","","","","","","","","","","","","","","","","","","","","","","","","","","","","","","","","","","","","","","","","","","","","","","","","","","","","","","","","","",""
"28070001","CHARTRES",48.4605,1.501167,155,1983012112,"","","","",3.,1,240,1,"","","","","","","","","","","","","","","","","","","","","","","","","","","","",3.,1,0.,1,"","","","","","","","","","","","","","","","","","","","","","","","","","",81,1,"","","","","","","","","","","","",6.1,1,1041.9,1,"","","","","","",8,1,8,1,5,1,"","","","","","","","","","","","","","","","","","","","","","","","","","","","",12000,1,"","",1,1,2,1,"","","","","","","","","","","","","","","","","","","","","","","","","","","","","","","","","","","","","","","","","","","","","","","","","","","","","","","","","","","","","","","","","",""
"28070001","CHARTRES",48.4605,1.501167,155,1983012115,"","","","",3.,1,260,1,"","","","","","","","","","","","","","","","","","","","","","","","","","","","",4.2,1,1.,1,"","","","","","","","","","","","","","","","","","","","","","","","","","",80,1,"","","","","","","","","","","","",6.6,1,1040.8,1,"","","","","","",8,1,8,1,5,1,"","","","","","","","","","","","","","","","","","","","","","","","","","","","",12000,1,"","",2,1,2,1,"","","","","","","","","","","","","","","","","","","","","","","","","","","","","","","","","","","","","","","","","","","","","","","","","","","","","","","","","","","","","","","","","",""
"28070001","CHARTRES",48.4605,1.501167,155,1983012118,"","","","",2.,1,260,1,"","","","","","","","","","","","","","","","","","","","","","","","","","","","",4.2,1,1.2,1,"","","","","","","","","","","","","","","","","","","","","","","","","","",81,1,"","","","","","","","","","","","",6.7,1,1041.3,1,"","","","","","","","",8,1,"","","","","","","","","","","","","","","","","","","","","","","","","","","","","","","","","","","","","","","","","","","","","","","","","","","","","","","","","","","","","","","","","","","","","","","","","","","","","","","","","","","","","","","","","","","","","","","","","","","","","","","",""
"28070001","CHARTRES",48.4605,1.501167,155,1983012121,"","","","",2.,1,320,1,"","","","","","","","","","","","","","","","","","","","","","","","","","","","",4.1,1,1.8,1,"","","","","","","","","","","","","","","","","","","","","","","","","","",85,1,"","","","","","","","","","","","",7.,1,1041.2,1,"","","","","","","","",8,1,"","","","","","","","","","","","","","","","","","","","","","","","","","","","","","","","","","","","","","","","","","","","","","","","","","","","","","","","","","","","","","","","","","","","","","","","","","","","","","","","","","","","","","","","","","","","","","","","","","","","","","","",""
"28070001","CHARTRES",48.4605,1.501167,155,1983012200,"","","","",1.,1,100,1,"","","","","","","","","","","","","","","","","","","","","","","","","","","","",4.2,1,1.4,1,"","","","","","","","","","","","","","","","","","","","","","","","","","",82,1,"","","","","","","","","","","","",6.8,1,1041.1,1,"","","","","","","","",8,1,"","","","","","","","","","","","","","","","","","","","","","","","","","","","","","","","","","","","","","","","","","","","","","","","","","","","","","","","","","","","","","","","","","","","","","","","","","","","","","","","","","","","","","","","","","","","","","","","","","","","","","","",""
"28070001","CHARTRES",48.4605,1.501167,155,1983012203,"","","","",1.,1,60,1,"","","","","","","","","","","","","","","","","","","","","","","","","","","","",3.7,1,1.2,1,"","","","","","","","","","","","","","","","","","","","","","","","","","",84,1,"","","","","","","","","","","","",6.7,1,1040.3,1,"","","","","","","","",8,1,"","","","","","","","","","","","","","","","","","","","","","","","","","","","","","","","","","","","","","","","","","","","","","","","","","","","","","","","","","","","","","","","","","","","","","","","","","","","","","","","","","","","","","","","","","","","","","","","","","","","","","","",""
"28070001","CHARTRES",48.4605,1.501167,155,1983012206,"","","","",2.,1,40,1,"","","","","","","","","","","","","","","","","","","","","","","","","","","","",4.,1,1.,1,"","","","","","","","","","","","","","","","","","","","","","","","","","",81,1,"","","","","","","","","","","","",6.6,1,1039.4,1,"","","","","","",8,1,8,1,5,1,"","","","","","","","","","","","","","","","","","","","","","","","","","","","",6000,1,"","",0,1,"","","","",0,1,"","","","","","","","","","","","","","","","","","","","","","","","","","","","","","","","","","","","","","","","","","","","","","","","","","","","","","","","","","","","","",""
"28070001","CHARTRES",48.4605,1.501167,155,1983012209,"","","","",2.,1,80,1,"","","","","","","","","","","","","","","","","","","","","","","","","","","","",4.,1,1.4,1,"","","","","","","","","","","","","","","","","","","","","","","","","","",83,1,"","","","","","","","","","","","",6.8,1,1039.8,1,"","","","","","",8,1,8,1,5,1,"","","","","","","","","","","","","","","","","","","","","","","","","","","","",10000,1,"","",1,1,2,1,"","","","","","","","","","","","","","","","","","","","","","","","","","","","","","","","","","","","","","","","","","","","","","","","","","","","","","","","","","","","","","","","","",""
"28070001","CHARTRES",48.4605,1.501167,155,1983012212,"","","","",5.,1,100,1,"","","","","","","","","","","","","","","","","","","","","","","","","","","","",5.2,1,0.1,1,"","","","","","","","","","","","","","","","","","","","","","","","","","",70,1,"","","","","","","","","","","","",6.2,1,1038.9,1,"","","","","","",7,1,7,1,5,1,"","","","","","","","","","","","","","","","","","","","","","","","","","","","",15000,1,"","",2,1,2,1,"","","","","","","","","","","","","","","","","","","","","","","","","","","","","","","","","","","","","","","","","","","","","","","","","","","","","","","","","","","","","","","","","",""
"28070001","CHARTRES",48.4605,1.501167,155,1983012215,"","","","",4.,1,100,1,"","","","","","","","","","","","","","","","","","","","","","","","","","","","",5.,1,1.,1,"","","","","","","","","","","","","","","","","","","","","","","","","","",76,1,"","","","","","","","","","","","",6.6,1,1036.8,1,"","","","","","",7,1,7,1,5,1,"","","","","","","","","","","","","","","","","","","","","","","","","","","","",15000,1,"","",2,1,2,1,"","","","","","","","","","","","","","","","","","","","","","","","","","","","","","","","","","","","","","","","","","","","","","","","","","","","","","","","","","","","","","","","","",""
"28070001","CHARTRES",48.4605,1.501167,155,1983012218,"","","","",2.,1,60,1,"","","","","","","","","","","","","","","","","","","","","","","","","","","","",1.1,1,0.4,1,"","","","","","","","","","","","","","","","","","","","","","","","","","",95,1,"","","","","","","","","","","","",6.3,1,1036.5,1,"","","","","","","","",7,1,"","","","","","","","","","","","","","","","","","","","","","","","","","","","","","","","","","","","","","","","","","","","","","","","","","","","","","","","","","","","","","","","","","","","","","","","","","","","","","","","","","","","","","","","","","","","","","","","","","","","","","","",""
"28070001","CHARTRES",48.4605,1.501167,155,1983012221,"","","","",3.,1,80,1,"","","","","","","","","","","","","","","","","","","","","","","","","","","","",-1.4,1,-2.6,1,"","","","","","","","","","","","","","","","","","","","","","","","","","",91,1,"","","","","","","","","","","","",5.,1,1036.5,1,"","","","","","","","",7,1,"","","","","","","","","","","","","","","","","","","","","","","","","","","","","","","","","","","","","","","","","","","","","","","","","","","","","","","","","","","","","","","","","","","","","","","","","","","","","","","","","","","","","","","","","","","","","","","","","","","","","","","",""
"28070001","CHARTRES",48.4605,1.501167,155,1983012300,"","","","",3.,1,60,1,"","","","","","","","","","","","","","","","","","","","","","","","","","","","",-1.5,1,-2.6,1,"","","","","","","","","","","","","","","","","","","","","","","","","","",91,1,"","","","","","","","","","","","",5.,1,1035.6,1,"","","","","","","","",7,1,"","","","","","","","","","","","","","","","","","","","","","","","","","","","","","","","","","","","","","","","","","","","","","","","","","","","","","","","","","","","","","","","","","","","","","","","","","","","","","","","","","","","","","","","","","","","","","","","","","","","","","","",""
"28070001","CHARTRES",48.4605,1.501167,155,1983012303,"","","","",3.,1,20,1,"","","","","","","","","","","","","","","","","","","","","","","","","","","","",-1.8,1,-3.1,1,"","","","","","","","","","","","","","","","","","","","","","","","","","",89,1,"","","","","","","","","","","","",4.8,1,1035.1,1,"","","","","","","","",7,1,"","","","","","","","","","","","","","","","","","","","","","","","","","","","","","","","","","","","","","","","","","","","","","","","","","","","","","","","","","","","","","","","","","","","","","","","","","","","","","","","","","","","","","","","","","","","","","","","","","","","","","","",""
"28070001","CHARTRES",48.4605,1.501167,155,1983012306,"","","","",3.,1,100,1,"","","","","","","","","","","","","","","","","","","","","","","","","","","","",-2.6,1,-4.,1,"","","","","","","","","","","","","","","","","","","","","","","","","","",89,1,"","","","","","","","","","","","",4.5,1,1034.3,1,"","","","","","",0,1,"","",0,1,0,1,0,1,"","","","","","","","","","","","","","","","","","","","","","","","",8000,1,"","",0,1,"","","","",4,1,"","","","","","","","","","","","","","","","","","","","","","","","","","","","","","","","","","","","","","","","","","","","","","","","","","","","","","","","","","","","","",""
"28070001","CHARTRES",48.4605,1.501167,155,1983012309,"","","","",3.,1,100,1,"","","","","","","","","","","","","","","","","","","","","","","","","","","","",-0.6,1,-1.6,1,"","","","","","","","","","","","","","","","","","","","","","","","","","",92,1,"","","","","","","","","","","","",5.4,1,1033.5,1,"","","","","","",0,1,"","",0,1,0,1,0,1,"","","","","","","","","","","","","","","","","","","","","","","","",2000,1,"","",10,1,0,1,"","","","","","","","","","","","","","","","","","","","","","","","","","","","","","","","","","","","","","","","","","","","","","","","","","","","","","","","","","","","","","","","","",""
"28070001","CHARTRES",48.4605,1.501167,155,1983012312,"","","","",4.,1,120,1,"","","","","","","","","","","","","","","","","","","","","","","","","","","","",3.,1,0.1,1,"","","","","","","","","","","","","","","","","","","","","","","","","","",82,1,"","","","","","","","","","","","",6.2,1,1033.5,1,"","","","","","",0,1,"","",0,1,0,1,0,1,"","","","","","","","","","","","","","","","","","","","","","","","",8000,1,"","",2,1,0,1,"","","","","","","","","","","","","","","","","","","","","","","","","","","","","","","","","","","","","","","","","","","","","","","","","","","","","","","","","","","","","","","","","",""
"28070001","CHARTRES",48.4605,1.501167,155,1983012315,"","","","",3.,1,120,1,"","","","","","","","","","","","","","","","","","","","","","","","","","","","",4.8,1,1.6,1,"","","","","","","","","","","","","","","","","","","","","","","","","","",81,1,"","","","","","","","","","","","",6.9,1,1032.3,1,"","","","","","",0,1,"","",0,1,0,1,0,1,"","","","","","","","","","","","","","","","","","","","","","","","",10000,1,"","",2,1,0,1,"","","","","","","","","","","","","","","","","","","","","","","","","","","","","","","","","","","","","","","","","","","","","","","","","","","","","","","","","","","","","","","","","",""
"28070001","CHARTRES",48.4605,1.501167,155,1983012318,"","","","",3.,1,140,1,"","","","","","","","","","","","","","","","","","","","","","","","","","","","",1.3,1,-0.2,1,"","","","","","","","","","","","","","","","","","","","","","","","","","",90,1,"","","","","","","","","","","","",6.,1,1033.,1,"","","","","","","","","","","","","","","","","","","","","","","","","","","","","","","","","","","","","","","","","","","","","","","","","","","","","","","","","","","","","","","","","","","","","","","","","","","","","","","","","","","","","","","","","","","","","","","","","","","","","","","","","","","","","","","","","",""
"28070001","CHARTRES",48.4605,1.501167,155,1983012321,"","","","",2.,1,140,1,"","","","","","","","","","","","","","","","","","","","","","","","","","","","",-1.8,1,-2.9,1,"","","","","","","","","","","","","","","","","","","","","","","","","","",91,1,"","","","","","","","","","","","",4.9,1,1033.4,1,"","","","","","","","","","","","","","","","","","","","","","","","","","","","","","","","","","","","","","","","","","","","","","","","","","","","","","","","","","","","","","","","","","","","","","","","","","","","","","","","","","","","","","","","","","","","","","","","","","","","","","","","","","","","","","","","","",""
"28070001","CHARTRES",48.4605,1.501167,155,1983012400,"","","","",2.,1,140,1,"","","","","","","","","","","","","","","","","","","","","","","","","","","","",-1.7,1,-2.6,1,"","","","","","","","","","","","","","","","","","","","","","","","","","",93,1,"","","","","","","","","","","","",5.,1,1033.,1,"","","","","","","","","","","","","","","","","","","","","","","","","","","","","","","","","","","","","","","","","","","","","","","","","","","","","","","","","","","","","","","","","","","","","","","","","","","","","","","","","","","","","","","","","","","","","","","","","","","","","","","","","","","","","","","","","",""
"28070001","CHARTRES",48.4605,1.501167,155,1983012403,"","","","",2.,1,160,1,"","","","","","","","","","","","","","","","","","","","","","","","","","","","",-2.7,1,-3.4,1,"","","","","","","","","","","","","","","","","","","","","","","","","","",94,1,"","","","","","","","","","","","",4.7,1,1033.2,1,"","","","","","","","","","","","","","","","","","","","","","","","","","","","","","","","","","","","","","","","","","","","","","","","","","","","","","","","","","","","","","","","","","","","","","","","","","","","","","","","","","","","","","","","","","","","","","","","","","","","","","","","","","","","","","","","","",""
"28070001","CHARTRES",48.4605,1.501167,155,1983012406,"","","","",3.,1,180,1,"","","","","","","","","","","","","","","","","","","","","","","","","","","","",-2.6,1,-3.1,1,"","","","","","","","","","","","","","","","","","","","","","","","","","",95,1,"","","","","","","","","","","","",4.8,1,1032.4,1,"","","","","","",0,1,"","",0,1,0,1,0,1,"","","","","","","","","","","","","","","","","","","","","","","","",3000,1,"","",10,1,"","","","",4,1,"","","","","","","","","","","","","","","","","","","","","","","","","","","","","","","","","","","","","","","","","","","","","","","","","","","","","","","","","","","","","",""
"28070001","CHARTRES",48.4605,1.501167,155,1983012409,"","","","",3.,1,180,1,"","","","","","","","","","","","","","","","","","","","","","","","","","","","",-1.2,1,-3.1,1,"","","","","","","","","","","","","","","","","","","","","","","","","","",86,1,"","","","","","","","","","","","",4.8,1,1032.6,1,"","","","","","",1,1,0,1,0,1,0,1,1,1,"","","","","","","","","","","","","","","","","","","","","","","","",4000,1,"","",10,1,0,1,"","","","","","","","","","","","","","","","","","","","","","","","","","","","","","","","","","","","","","","","","","","","","","","","","","","","","","","","","","","","","","","","","",""
"28070001","CHARTRES",48.4605,1.501167,155,1983012412,"","","","",5.,1,180,1,"","","","","","","","","","","","","","","","","","","","","","","","","","","","",4.,1,0.,1,"","","","","","","","","","","","","","","","","","","","","","","","","","",75,1,"","","","","","","","","","","","",6.1,1,1032.5,1,"","","","","","",4,1,0,1,0,1,0,1,2,1,"","","","","","","","","","","","","","","","","","","","","","","","",12000,1,"","",2,1,0,1,"","","","","","","","","","","","","","","","","","","","","","","","","","","","","","","","","","","","","","","","","","","","","","","","","","","","","","","","","","","","","","","","","",""
"28070001","CHARTRES",48.4605,1.501167,155,1983012415,"","","","",3.,1,180,1,"","","","","","","","","","","","","","","","","","","","","","","","","","","","",6.4,1,1.8,1,"","","","","","","","","","","","","","","","","","","","","","","","","","",73,1,"","","","","","","","","","","","",7.,1,1031.1,1,"","","","","","",6,1,6,1,0,1,5,1,2,1,"","","","","","","","","","","","","","","","","","","","","","","","",20000,1,"","",3,1,1,1,"","","","","","","","","","","","","","","","","","","","","","","","","","","","","","","","","","","","","","","","","","","","","","","","","","","","","","","","","","","","","","","","","",""
"28070001","CHARTRES",48.4605,1.501167,155,1983012418,"","","","",1.,1,180,1,"","","","","","","","","","","","","","","","","","","","","","","","","","","","",5.,1,1.4,1,"","","","","","","","","","","","","","","","","","","","","","","","","","",78,1,"","","","","","","","","","","","",6.8,1,1031.4,1,"","","","","","","","",6,1,"","","","","","","","","","","","","","","","","","","","","","","","","","","","","","","","","","","","","","","","","","","","","","","","","","","","","","","","","","","","","","","","","","","","","","","","","","","","","","","","","","","","","","","","","","","","","","","","","","","","","","","",""
"28070001","CHARTRES",48.4605,1.501167,155,1983012421,"","","","",2.,1,180,1,"","","","","","","","","","","","","","","","","","","","","","","","","","","","",5.4,1,1.4,1,"","","","","","","","","","","","","","","","","","","","","","","","","","",76,1,"","","","","","","","","","","","",6.8,1,1032.1,1,"","","","","","","","",6,1,"","","","","","","","","","","","","","","","","","","","","","","","","","","","","","","","","","","","","","","","","","","","","","","","","","","","","","","","","","","","","","","","","","","","","","","","","","","","","","","","","","","","","","","","","","","","","","","","","","","","","","","",""
"28070001","CHARTRES",48.4605,1.501167,155,1983012500,"","","","",2.,1,200,1,"","","","","","","","","","","","","","","","","","","","","","","","","","","","",5.2,1,0.6,1,"","","","","","","","","","","","","","","","","","","","","","","","","","",72,1,"","","","","","","","","","","","",6.4,1,1032.,1,"","","","","","","","",6,1,"","","","","","","","","","","","","","","","","","","","","","","","","","","","","","","","","","","","","","","","","","","","","","","","","","","","","","","","","","","","","","","","","","","","","","","","","","","","","","","","","","","","","","","","","","","","","","","","","","","","","","","",""
"28070001","CHARTRES",48.4605,1.501167,155,1983012503,"","","","",1.,1,160,1,"","","","","","","","","","","","","","","","","","","","","","","","","","","","",4.9,1,2.5,1,"","","","","","","","","","","","","","","","","","","","","","","","","","",85,1,"","","","","","","","","","","","",7.4,1,1032.3,1,"","","","","","","","",6,1,"","","","","","","","","","","","","","","","","","","","","","","","","","","","","","","","","","","","","","","","","","","","","","","","","","","","","","","","","","","","","","","","","","","","","","","","","","","","","","","","","","","","","","","","","","","","","","","","","","","","","","","",""
"28070001","CHARTRES",48.4605,1.501167,155,1983012506,"","","","",4.,1,160,1,"","","","","","","","","","","","","","","","","","","","","","","","","","","","",5.,1,2.9,1,"","","","","","","","","","","","","","","","","","","","","","","","","","",87,1,"","","","","","","","","","","","",7.6,1,1032.1,1,"","","","","","",7,1,7,1,5,1,"","","","","","","","","","","","","","","","","","","","","","","","","","","","",8000,1,"","",0,1,"","","","",1,1,"","","","","","","","","","","","","","","","","","","","","","","","","","","","","","","","","","","","","","","","","","","","","","","","","","","","","","","","","","","","","",""
"28070001","CHARTRES",48.4605,1.501167,155,1983012509,"","","","",4.,1,180,1,"","","","","","","","","","","","","","","","","","","","","","","","","","","","",6.6,1,3.3,1,"","","","","","","","","","","","","","","","","","","","","","","","","","",81,1,"","","","","","","","","","","","",7.8,1,1032.8,1,"","","","","","",8,1,6,1,5,1,7,1,"","","","","","","","","","","","","","","","","","","","","","","","","","",7000,1,"","",1,1,5,1,"","","","","","","","","","","","","","","","","","","","","","","","","","","","","","","","","","","","","","","","","","","","","","","","","","","","","","","","","","","","","","","","","",""
"28070001","CHARTRES",48.4605,1.501167,155,1983012512,"","","","",3.,1,160,1,"","","","","","","","","","","","","","","","","","","","","","","","","","","","",9.6,1,5.4,1,"","","","","","","","","","","","","","","","","","","","","","","","","","",76,1,"","","","","","","","","","","","",9.1,1,1032.9,1,"","","","","","",8,1,5,1,5,1,7,1,"","","","","","","","","","","","","","","","","","","","","","","","","","",9000,1,"","",3,1,5,1,"","","","","","","","","","","","","","","","","","","","","","","","","","","","","","","","","","","","","","","","","","","","","","","","","","","","","","","","","","","","","","","","","",""
"28070001","CHARTRES",48.4605,1.501167,155,1983012515,"","","","",5.,1,200,1,"","","","","","","","","","","","","","","","","","","","","","","","","","","","",10.8,1,5.9,1,"","","","","","","","","","","","","","","","","","","","","","","","","","",72,1,"","","","","","","","","","","","",9.4,1,1032.,1,"","","","","","",8,1,6,1,5,1,7,1,"","","","","","","","","","","","","","","","","","","","","","","","","","",10000,1,"","",2,1,2,1,"","","","","","","","","","","","","","","","","","","","","","","","","","","","","","","","","","","","","","","","","","","","","","","","","","","","","","","","","","","","","","","","","",""
"28070001","CHARTRES",48.4605,1.501167,155,1983012518,"","","","",4.,1,200,1,"","","","","","","","","","","","","","","","","","","","","","","","","","","","",9.4,1,6.9,1,"","","","","","","","","","","","","","","","","","","","","","","","","","",86,1,"","","","","","","","","","","","",10.1,1,1033.7,1,"","","","","","","","",6,1,"","","","","","","","","","","","","","","","","","","","","","","","","","","","","","","","","","","","","","","","","","","","","","","","","","","","","","","","","","","","","","","","","","","","","","","","","","","","","","","","","","","","","","","","","","","","","","","","","","","","","","","",""
"28070001","CHARTRES",48.4605,1.501167,155,1983012521,"","","","",3.,1,160,1,"","","","","","","","","","","","","","","","","","","","","","","","","","","","",8.4,1,6.9,1,"","","","","","","","","","","","","","","","","","","","","","","","","","",92,1,"","","","","","","","","","","","",10.1,1,1035.1,1,"","","","","","","","",6,1,"","","","","","","","","","","","","","","","","","","","","","","","","","","","","","","","","","","","","","","","","","","","","","","","","","","","","","","","","","","","","","","","","","","","","","","","","","","","","","","","","","","","","","","","","","","","","","","","","","","","","","","",""
"28070001","CHARTRES",48.4605,1.501167,155,1983012600,"","","","",4.,1,200,1,"","","","","","","","","","","","","","","","","","","","","","","","","","","","",9.1,1,7.7,1,"","","","","","","","","","","","","","","","","","","","","","","","","","",93,1,"","","","","","","","","","","","",10.7,1,1034.8,1,"","","","","","","","",6,1,"","","","","","","","","","","","","","","","","","","","","","","","","","","","","","","","","","","","","","","","","","","","","","","","","","","","","","","","","","","","","","","","","","","","","","","","","","","","","","","","","","","","","","","","","","","","","","","","","","","","","","","",""
"28070001","CHARTRES",48.4605,1.501167,155,1983012603,"","","","",4.,1,200,1,"","","","","","","","","","","","","","","","","","","","","","","","","","","","",8.4,1,6.7,1,"","","","","","","","","","","","","","","","","","","","","","","","","","",91,1,"","","","","","","","","","","","",10.,1,1034.9,1,"","","","","","","","",6,1,"","","","","","","","","","","","","","","","","","","","","","","","","","","","","","","","","","","","","","","","","","","","","","","","","","","","","","","","","","","","","","","","","","","","","","","","","","","","","","","","","","","","","","","","","","","","","","","","","","","","","","","",""
"28070001","CHARTRES",48.4605,1.501167,155,1983012606,"","","","",4.,1,180,1,"","","","","","","","","","","","","","","","","","","","","","","","","","","","",7.8,1,6.,1,"","","","","","","","","","","","","","","","","","","","","","","","","","",90,1,"","","","","","","","","","","","",9.5,1,1034.7,1,"","","","","","",8,1,8,1,0,1,7,1,"","","","","","","","","","","","","","","","","","","","","","","","","","",10000,1,"","",0,1,"","","","",1,1,"","","","","","","","","","","","","","","","","","","","","","","","","","","","","","","","","","","","","","","","","","","","","","","","","","","","","","","","","","","","","",""
"28070001","CHARTRES",48.4605,1.501167,155,1983012609,"","","","",4.,1,180,1,"","","","","","","","","","","","","","","","","","","","","","","","","","","","",9.,1,6.6,1,"","","","","","","","","","","","","","","","","","","","","","","","","","",86,1,"","","","","","","","","","","","",9.9,1,1035.6,1,"","","","","","",7,1,7,1,0,1,7,1,"","","","","","","","","","","","","","","","","","","","","","","","","","",10000,1,"","",2,1,2,1,"","","","","","","","","","","","","","","","","","","","","","","","","","","","","","","","","","","","","","","","","","","","","","","","","","","","","","","","","","","","","","","","","",""
"28070001","CHARTRES",48.4605,1.501167,155,1983012612,"","","","",5.,1,240,1,"","","","","","","","","","","","","","","","","","","","","","","","","","","","",12.,1,7.8,1,"","","","","","","","","","","","","","","","","","","","","","","","","","",77,1,"","","","","","","","","","","","",10.8,1,1035.9,1,"","","","","","",7,1,5,1,0,1,3,1,2,1,"","","","","","","","","","","","","","","","","","","","","","","","",15000,1,"","",1,1,2,1,"","","","","","","","","","","","","","","","","","","","","","","","","","","","","","","","","","","","","","","","","","","","","","","","","","","","","","","","","","","","","","","","","",""
"28070001","CHARTRES",48.4605,1.501167,155,1983012615,"","","","",5.,1,240,1,"","","","","","","","","","","","","","","","","","","","","","","","","","","","",13.8,1,7.8,1,"","","","","","","","","","","","","","","","","","","","","","","","","","",69,1,"","","","","","","","","","","","",10.8,1,1034.3,1,"","","","","","",7,1,7,1,0,1,3,1,2,1,"","","","","","","","","","","","","","","","","","","","","","","","",15000,1,"","",1,1,2,1,"","","","","","","","","","","","","","","","","","","","","","","","","","","","","","","","","","","","","","","","","","","","","","","","","","","","","","","","","","","","","","","","","",""
"28070001","CHARTRES",48.4605,1.501167,155,1983012618,"","","","",5.,1,200,1,"","","","","","","","","","","","","","","","","","","","","","","","","","","","",10.7,1,7.3,1,"","","","","","","","","","","","","","","","","","","","","","","","","","",81,1,"","","","","","","","","","","","",10.4,1,1034.5,1,"","","","","","","","",7,1,"","","","","","","","","","","","","","","","","","","","","","","","","","","","","","","","","","","","","","","","","","","","","","","","","","","","","","","","","","","","","","","","","","","","","","","","","","","","","","","","","","","","","","","","","","","","","","","","","","","","","","","",""
"28070001","CHARTRES",48.4605,1.501167,155,1983012621,"","","","",5.,1,200,1,"","","","","","","","","","","","","","","","","","","","","","","","","","","","",8.8,1,6.,1,"","","","","","","","","","","","","","","","","","","","","","","","","","",84,1,"","","","","","","","","","","","",9.5,1,1034.7,1,"","","","","","","","",7,1,"","","","","","","","","","","","","","","","","","","","","","","","","","","","","","","","","","","","","","","","","","","","","","","","","","","","","","","","","","","","","","","","","","","","","","","","","","","","","","","","","","","","","","","","","","","","","","","","","","","","","","","",""
"28070001","CHARTRES",48.4605,1.501167,155,1983012700,"","","","",3.,1,200,1,"","","","","","","","","","","","","","","","","","","","","","","","","","","","",8.8,1,5.5,1,"","","","","","","","","","","","","","","","","","","","","","","","","","",80,1,"","","","","","","","","","","","",9.1,1,1033.5,1,"","","","","","","","",7,1,"","","","","","","","","","","","","","","","","","","","","","","","","","","","","","","","","","","","","","","","","","","","","","","","","","","","","","","","","","","","","","","","","","","","","","","","","","","","","","","","","","","","","","","","","","","","","","","","","","","","","","","",""
"28070001","CHARTRES",48.4605,1.501167,155,1983012703,"","","","",4.,1,200,1,"","","","","","","","","","","","","","","","","","","","","","","","","","","","",8.9,1,4.,1,"","","","","","","","","","","","","","","","","","","","","","","","","","",72,1,"","","","","","","","","","","","",8.2,1,1031.6,1,"","","","","","","","",7,1,"","","","","","","","","","","","","","","","","","","","","","","","","","","","","","","","","","","","","","","","","","","","","","","","","","","","","","","","","","","","","","","","","","","","","","","","","","","","","","","","","","","","","","","","","","","","","","","","","","","","","","","",""
"28070001","CHARTRES",48.4605,1.501167,155,1983012706,"","","","",4.,1,180,1,"","","","","","","","","","","","","","","","","","","","","","","","","","","","",7.,1,4.,1,"","","","","","","","","","","","","","","","","","","","","","","","","","",82,1,"","","","","","","","","","","","",8.2,1,1029.8,1,"","","","","","",3,1,0,1,0,1,3,1,2,1,"","","","","","","","","","","","","","","","","","","","","","","","",12000,1,"","",0,1,"","","","",0,1,"","","","","","","","","","","","","","","","","","","","","","","","","","","","","","","","","","","","","","","","","","","","","","","","","","","","","","","","","","","","","",""
"28070001","CHARTRES",48.4605,1.501167,155,1983012709,"","","","",5.,1,200,1,"","","","","","","","","","","","","","","","","","","","","","","","","","","","",8.2,1,3.7,1,"","","","","","","","","","","","","","","","","","","","","","","","","","",73,1,"","","","","","","","","","","","",8.,1,1028.7,1,"","","","","","",7,1,6,1,0,1,3,1,2,1,"","","","","","","","","","","","","","","","","","","","","","","","",13000,1,"","",2,1,1,1,"","","","","","","","","","","","","","","","","","","","","","","","","","","","","","","","","","","","","","","","","","","","","","","","","","","","","","","","","","","","","","","","","",""
"28070001","CHARTRES",48.4605,1.501167,155,1983012712,"","","","",5.,1,220,1,"","","","","","","","","","","","","","","","","","","","","","","","","","","","",10.7,1,7.6,1,"","","","","","","","","","","","","","","","","","","","","","","","","","",82,1,"","","","","","","","","","","","",10.6,1,1028.4,1,"","","","","","",8,1,8,1,5,1,7,1,"","","","","","","","","","","","","","","","","","","","","","","","","","",12000,1,"","",3,1,1,1,"","","","","","","","","","","","","","","","","","","","","","","","","","","","","","","","","","","","","","","","","","","","","","","","","","","","","","","","","","","","","","","","","",""
"28070001","CHARTRES",48.4605,1.501167,155,1983012715,"","","","",4.,1,220,1,"","","","","","","","","","","","","","","","","","","","","","","","","","","","",10.7,1,8.8,1,"","","","","","","","","","","","","","","","","","","","","","","","","","",90,1,"","","","","","","","","","","","",11.5,1,1027.8,1,"","","","","","",8,1,8,1,5,1,"","","","","","","","","","","","","","","","","","","","","","","","","","","","",8000,1,"","",3,1,2,1,"","","","","","","","","","","","","","","","","","","","","","","","","","","","","","","","","","","","","","","","","","","","","","","","","","","","","","","","","","","","","","","","","",""
"28070001","CHARTRES",48.4605,1.501167,155,1983012718,"","","","",5.,1,220,1,"","","","","","","","","","","","","","","","","","","","","","","","","","","","",10.8,1,9.6,1,"","","","","","","","","","","","","","","","","","","","","","","","","","",94,1,"","","","","","","","","","","","",12.2,1,1028.2,1,"","","","","","","","",8,1,"","","","","","","","","","","","","","","","","","","","","","","","","","","","","","","","","","","","","","","","","","","","","","","","","","","","","","","","","","","","","","","","","","","","","","","","","","","","","","","","","","","","","","","","","","","","","","","","","","","","","","","",""
"28070001","CHARTRES",48.4605,1.501167,155,1983012721,"","","","",5.,1,240,1,"","","","","","","","","","","","","","","","","","","","","","","","","","","","",10.8,1,9.6,1,"","","","","","","","","","","","","","","","","","","","","","","","","","",94,1,"","","","","","","","","","","","",12.2,1,1028.2,1,"","","","","","","","",8,1,"","","","","","","","","","","","","","","","","","","","","","","","","","","","","","","","","","","","","","","","","","","","","","","","","","","","","","","","","","","","","","","","","","","","","","","","","","","","","","","","","","","","","","","","","","","","","","","","","","","","","","","",""
"28070001","CHARTRES",48.4605,1.501167,155,1983012800,"","","","",7.,1,280,1,"","","","","","","","","","","","","","","","","","","","","","","","","","","","",9.,1,7.,1,"","","","","","","","","","","","","","","","","","","","","","","","","","",89,1,"","","","","","","","","","","","",10.2,1,1029.1,1,"","","","","","","","",8,1,"","","","","","","","","","","","","","","","","","","","","","","","","","","","","","","","","","","","","","","","","","","","","","","","","","","","","","","","","","","","","","","","","","","","","","","","","","","","","","","","","","","","","","","","","","","","","","","","","","","","","","","",""
"28070001","CHARTRES",48.4605,1.501167,155,1983012803,"","","","",5.,1,240,1,"","","","","","","","","","","","","","","","","","","","","","","","","","","","",9.,1,5.7,1,"","","","","","","","","","","","","","","","","","","","","","","","","","",81,1,"","","","","","","","","","","","",9.3,1,1028.9,1,"","","","","","","","",8,1,"","","","","","","","","","","","","","","","","","","","","","","","","","","","","","","","","","","","","","","","","","","","","","","","","","","","","","","","","","","","","","","","","","","","","","","","","","","","","","","","","","","","","","","","","","","","","","","","","","","","","","","",""
"28070001","CHARTRES",48.4605,1.501167,155,1983012806,"","","","",4.,1,240,1,"","","","","","","","","","","","","","","","","","","","","","","","","","","","",8.1,1,6.7,1,"","","","","","","","","","","","","","","","","","","","","","","","","","",93,1,"","","","","","","","","","","","",10.,1,1028.,1,"","","","","","",7,1,7,1,5,1,"","","","","","","","","","","","","","","","","","","","","","","","","","","","",12000,1,"","",0,1,"","","","",1,1,"","","","","","","","","","","","","","","","","","","","","","","","","","","","","","","","","","","","","","","","","","","","","","","","","","","","","","","","","","","","","",""
"28070001","CHARTRES",48.4605,1.501167,155,1983012809,"","","","",4.,1,220,1,"","","","","","","","","","","","","","","","","","","","","","","","","","","","",8.1,1,6.7,1,"","","","","","","","","","","","","","","","","","","","","","","","","","",93,1,"","","","","","","","","","","","",10.,1,1028.2,1,"","","","","","",7,1,5,1,5,1,3,1,2,1,"","","","","","","","","","","","","","","","","","","","","","","","",15000,1,"","",3,1,2,1,"","","","","","","","","","","","","","","","","","","","","","","","","","","","","","","","","","","","","","","","","","","","","","","","","","","","","","","","","","","","","","","","","",""
"28070001","CHARTRES",48.4605,1.501167,155,1983012812,"","","","",6.,1,240,1,"","","","","","","","","","","","","","","","","","","","","","","","","","","","",9.,1,6.9,1,"","","","","","","","","","","","","","","","","","","","","","","","","","",88,1,"","","","","","","","","","","","",10.1,1,1027.2,1,"","","","","","",8,1,8,1,6,1,"","","","","","","","","","","","","","","","","","","","","","","","","","","","",15000,1,"","",3,1,2,1,"","","","","","","","","","","","","","","","","","","","","","","","","","","","","","","","","","","","","","","","","","","","","","","","","","","","","","","","","","","","","","","","","",""
"28070001","CHARTRES",48.4605,1.501167,155,1983012815,"","","","",6.,1,220,1,"","","","","","","","","","","","","","","","","","","","","","","","","","","","",9.1,1,8.2,1,"","","","","","","","","","","","","","","","","","","","","","","","","","",96,1,"","","","","","","","","","","","",11.1,1,1025.5,1,"","","","","","",8,1,8,1,7,1,"","","","","","","","","","","","","","","","","","","","","","","","","","","","",12000,1,"","",20,1,5,1,"","","","","","","","","","","","","","","","","","","","","","","","","","","","","","","","","","","","","","","","","","","","","","","","","","","","","","","","","","","","","","","","","",""
"28070001","CHARTRES",48.4605,1.501167,155,1983012818,"","","","",7.,1,220,1,"","","","","","","","","","","","","","","","","","","","","","","","","","","","",9.,1,5.9,1,"","","","","","","","","","","","","","","","","","","","","","","","","","",82,1,"","","","","","","","","","","","",9.4,1,1023.9,1,"","","","","","","","",8,1,"","","","","","","","","","","","","","","","","","","","","","","","","","","","","","","","","","","","","","","","","","","","","","","","","","","","","","","","","","","","","","","","","","","","","","","","","","","","","","","","","","","","","","","","","","","","","","","","","","","","","","","",""
"28070001","CHARTRES",48.4605,1.501167,155,1983012821,"","","","",7.,1,200,1,"","","","","","","","","","","","","","","","","","","","","","","","","","","","",9.,1,6.2,1,"","","","","","","","","","","","","","","","","","","","","","","","","","",84,1,"","","","","","","","","","","","",9.6,1,1022.5,1,"","","","","","","","",8,1,"","","","","","","","","","","","","","","","","","","","","","","","","","","","","","","","","","","","","","","","","","","","","","","","","","","","","","","","","","","","","","","","","","","","","","","","","","","","","","","","","","","","","","","","","","","","","","","","","","","","","","","",""
"28070001","CHARTRES",48.4605,1.501167,155,1983012900,"","","","",7.,1,220,1,"","","","","","","","","","","","","","","","","","","","","","","","","","","","",9.2,1,8.5,1,"","","","","","","","","","","","","","","","","","","","","","","","","","",97,1,"","","","","","","","","","","","",11.3,1,1021.3,1,"","","","","","","","",8,1,"","","","","","","","","","","","","","","","","","","","","","","","","","","","","","","","","","","","","","","","","","","","","","","","","","","","","","","","","","","","","","","","","","","","","","","","","","","","","","","","","","","","","","","","","","","","","","","","","","","","","","","",""
"28070001","CHARTRES",48.4605,1.501167,155,1983012903,"","","","",6.,1,220,1,"","","","","","","","","","","","","","","","","","","","","","","","","","","","",10.,1,9.2,1,"","","","","","","","","","","","","","","","","","","","","","","","","","",97,1,"","","","","","","","","","","","",11.9,1,1020.5,1,"","","","","","","","",8,1,"","","","","","","","","","","","","","","","","","","","","","","","","","","","","","","","","","","","","","","","","","","","","","","","","","","","","","","","","","","","","","","","","","","","","","","","","","","","","","","","","","","","","","","","","","","","","","","","","","","","","","","",""
"28070001","CHARTRES",48.4605,1.501167,155,1983012906,"","","","",5.,1,260,1,"","","","","","","","","","","","","","","","","","","","","","","","","","","","",10.2,1,8.7,1,"","","","","","","","","","","","","","","","","","","","","","","","","","",92,1,"","","","","","","","","","","","",11.5,1,1020.5,1,"","","","","","",7,1,7,1,5,1,"","","","","","","","","","","","","","","","","","","","","","","","","","","","",12000,1,"","",0,1,"","","","",2,1,"","","","","","","","","","","","","","","","","","","","","","","","","","","","","","","","","","","","","","","","","","","","","","","","","","","","","","","","","","","","","",""
"28070001","CHARTRES",48.4605,1.501167,155,1983012909,"","","","",5.,1,260,1,"","","","","","","","","","","","","","","","","","","","","","","","","","","","",9.4,1,6.2,1,"","","","","","","","","","","","","","","","","","","","","","","","","","",81,1,"","","","","","","","","","","","",9.6,1,1021.6,1,"","","","","","",7,1,7,1,5,1,"","","","","","","","","","","","","","","","","","","","","","","","","","","","",15000,1,"","",2,1,2,1,"","","","","","","","","","","","","","","","","","","","","","","","","","","","","","","","","","","","","","","","","","","","","","","","","","","","","","","","","","","","","","","","","",""
"28070001","CHARTRES",48.4605,1.501167,155,1983012912,"","","","",5.,1,240,1,"","","","","","","","","","","","","","","","","","","","","","","","","","","","",9.6,1,6.3,1,"","","","","","","","","","","","","","","","","","","","","","","","","","",82,1,"","","","","","","","","","","","",9.7,1,1022.,1,"","","","","","",7,1,6,1,5,1,3,1,"","","","","","","","","","","","","","","","","","","","","","","","","","",20000,1,"","",3,1,2,1,"","","","","","","","","","","","","","","","","","","","","","","","","","","","","","","","","","","","","","","","","","","","","","","","","","","","","","","","","","","","","","","","","",""
"28070001","CHARTRES",48.4605,1.501167,155,1983012915,"","","","",4.,1,240,1,"","","","","","","","","","","","","","","","","","","","","","","","","","","","",9.2,1,5.4,1,"","","","","","","","","","","","","","","","","","","","","","","","","","",79,1,"","","","","","","","","","","","",9.1,1,1020.5,1,"","","","","","",7,1,7,1,5,1,"","","","","","","","","","","","","","","","","","","","","","","","","","","","",18000,1,"","",2,1,2,1,"","","","","","","","","","","","","","","","","","","","","","","","","","","","","","","","","","","","","","","","","","","","","","","","","","","","","","","","","","","","","","","","","",""
"28070001","CHARTRES",48.4605,1.501167,155,1983012918,"","","","",4.,1,200,1,"","","","","","","","","","","","","","","","","","","","","","","","","","","","",8.2,1,7.2,1,"","","","","","","","","","","","","","","","","","","","","","","","","","",95,1,"","","","","","","","","","","","",10.3,1,1018.9,1,"","","","","","","","",7,1,"","","","","","","","","","","","","","","","","","","","","","","","","","","","","","","","","","","","","","","","","","","","","","","","","","","","","","","","","","","","","","","","","","","","","","","","","","","","","","","","","","","","","","","","","","","","","","","","","","","","","","","",""
"28070001","CHARTRES",48.4605,1.501167,155,1983012921,"","","","",4.,1,180,1,"","","","","","","","","","","","","","","","","","","","","","","","","","","","",8.2,1,7.4,1,"","","","","","","","","","","","","","","","","","","","","","","","","","",97,1,"","","","","","","","","","","","",10.5,1,1015.1,1,"","","","","","","","",7,1,"","","","","","","","","","","","","","","","","","","","","","","","","","","","","","","","","","","","","","","","","","","","","","","","","","","","","","","","","","","","","","","","","","","","","","","","","","","","","","","","","","","","","","","","","","","","","","","","","","","","","","","",""
"28070001","CHARTRES",48.4605,1.501167,155,1983013000,"","","","",7.,1,220,1,"","","","","","","","","","","","","","","","","","","","","","","","","","","","",9.9,1,8.7,1,"","","","","","","","","","","","","","","","","","","","","","","","","","",94,1,"","","","","","","","","","","","",11.5,1,1012.9,1,"","","","","","","","",7,1,"","","","","","","","","","","","","","","","","","","","","","","","","","","","","","","","","","","","","","","","","","","","","","","","","","","","","","","","","","","","","","","","","","","","","","","","","","","","","","","","","","","","","","","","","","","","","","","","","","","","","","","",""
"28070001","CHARTRES",48.4605,1.501167,155,1983013003,"","","","",7.,1,220,1,"","","","","","","","","","","","","","","","","","","","","","","","","","","","",9.8,1,8.9,1,"","","","","","","","","","","","","","","","","","","","","","","","","","",96,1,"","","","","","","","","","","","",11.6,1,1011.6,1,"","","","","","","","",7,1,"","","","","","","","","","","","","","","","","","","","","","","","","","","","","","","","","","","","","","","","","","","","","","","","","","","","","","","","","","","","","","","","","","","","","","","","","","","","","","","","","","","","","","","","","","","","","","","","","","","","","","","",""
"28070001","CHARTRES",48.4605,1.501167,155,1983013006,"","","","",6.,1,260,1,"","","","","","","","","","","","","","","","","","","","","","","","","","","","",7.8,1,4.9,1,"","","","","","","","","","","","","","","","","","","","","","","","","","",83,1,"","","","","","","","","","","","",8.8,1,1011.,1,"","","","","","",3,1,0,1,5,1,0,1,0,1,"","","","","","","","","","","","","","","","","","","","","","","","",8000,1,"","",0,1,"","","","",1,1,"","","","","","","","","","","","","","","","","","","","","","","","","","","","","","","","","","","","","","","","","","","","","","","","","","","","","","","","","","","","","",""
"28070001","CHARTRES",48.4605,1.501167,155,1983013009,"","","","",7.,1,240,1,"","","","","","","","","","","","","","","","","","","","","","","","","","","","",7.7,1,5.1,1,"","","","","","","","","","","","","","","","","","","","","","","","","","",84,1,"","","","","","","","","","","","",8.9,1,1010.4,1,"","","","","","",7,1,0,1,8,1,"","","","","","","","","","","","","","","","","","","","","","","","","","","","",20000,1,"","",3,1,1,1,"","","","","","","","","","","","","","","","","","","","","","","","","","","","","","","","","","","","","","","","","","","","","","","","","","","","","","","","","","","","","","","","","",""
"28070001","CHARTRES",48.4605,1.501167,155,1983013012,"","","","",12.,1,240,1,"","","","","","","","","","","","","","","","","","","","","","","","","","","","",9.,1,4.1,1,"","","","","","","","","","","","","","","","","","","","","","","","","","",72,1,"","","","","","","","","","","","",8.3,1,1008.6,1,"","","","","","",5,1,5,1,2,1,0,1,0,1,"","","","","","","","","","","","","","","","","","","","","","","","",20000,1,"","",3,1,1,1,"","","","","","","","","","","","","","","","","","","","","","","","","","","","","","","","","","","","","","","","","","","","","","","","","","","","","","","","","","","","","","","","","",""
"28070001","CHARTRES",48.4605,1.501167,155,1983013015,"","","","",9.,1,260,1,"","","","","","","","","","","","","","","","","","","","","","","","","","","","",3.2,1,1.6,1,"","","","","","","","","","","","","","","","","","","","","","","","","","",90,1,"","","","","","","","","","","","",6.9,1,1010.9,1,"","","","","","",7,1,7,1,2,1,"","","","","","","","","","","","","","","","","","","","","","","","","","","","",8000,1,"","",25,1,8,1,"","","","","","","","","","","","","","","","","","","","","","","","","","","","","","","","","","","","","","","","","","","","","","","","","","","","","","","","","","","","","","","","","",""
"28070001","CHARTRES",48.4605,1.501167,155,1983013018,"","","","",9.,1,240,1,"","","","","","","","","","","","","","","","","","","","","","","","","","","","",1.8,1,-2.3,1,"","","","","","","","","","","","","","","","","","","","","","","","","","",74,1,"","","","","","","","","","","","",5.1,1,1013.7,1,"","","","","","","","",7,1,"","","","","","","","","","","","","","","","","","","","","","","","","","","","","","","","","","","","","","","","","","","","","","","","","","","","","","","","","","","","","","","","","","","","","","","","","","","","","","","","","","","","","","","","","","","","","","","","","","","","","","","",""
"28070001","CHARTRES",48.4605,1.501167,155,1983013021,"","","","",8.,1,240,1,"","","","","","","","","","","","","","","","","","","","","","","","","","","","",1.6,1,-0.2,1,"","","","","","","","","","","","","","","","","","","","","","","","","","",88,1,"","","","","","","","","","","","",6.,1,1016.,1,"","","","","","","","",7,1,"","","","","","","","","","","","","","","","","","","","","","","","","","","","","","","","","","","","","","","","","","","","","","","","","","","","","","","","","","","","","","","","","","","","","","","","","","","","","","","","","","","","","","","","","","","","","","","","","","","","","","","",""
"28070001","CHARTRES",48.4605,1.501167,155,1983013100,"","","","",7.,1,240,1,"","","","","","","","","","","","","","","","","","","","","","","","","","","","",1.6,1,-0.4,1,"","","","","","","","","","","","","","","","","","","","","","","","","","",86,1,"","","","","","","","","","","","",5.9,1,1017.,1,"","","","","","","","",7,1,"","","","","","","","","","","","","","","","","","","","","","","","","","","","","","","","","","","","","","","","","","","","","","","","","","","","","","","","","","","","","","","","","","","","","","","","","","","","","","","","","","","","","","","","","","","","","","","","","","","","","","","",""
"28070001","CHARTRES",48.4605,1.501167,155,1983013103,"","","","",5.,1,260,1,"","","","","","","","","","","","","","","","","","","","","","","","","","","","",1.6,1,-0.6,1,"","","","","","","","","","","","","","","","","","","","","","","","","","",84,1,"","","","","","","","","","","","",5.8,1,1018.2,1,"","","","","","","","",7,1,"","","","","","","","","","","","","","","","","","","","","","","","","","","","","","","","","","","","","","","","","","","","","","","","","","","","","","","","","","","","","","","","","","","","","","","","","","","","","","","","","","","","","","","","","","","","","","","","","","","","","","","",""
"28070001","CHARTRES",48.4605,1.501167,155,1983013106,"","","","",4.,1,240,1,"","","","","","","","","","","","","","","","","","","","","","","","","","","","",1.6,1,-0.2,1,"","","","","","","","","","","","","","","","","","","","","","","","","","",87,1,"","","","","","","","","","","","",6.,1,1019.3,1,"","","","","","",0,1,"","",0,1,0,1,0,1,"","","","","","","","","","","","","","","","","","","","","","","","",10000,1,"","",0,1,"","","","",0,1,"","","","","","","","","","","","","","","","","","","","","","","","","","","","","","","","","","","","","","","","","","","","","","","","","","","","","","","","","","","","","",""
"28070001","CHARTRES",48.4605,1.501167,155,1983013109,"","","","",5.,1,200,1,"","","","","","","","","","","","","","","","","","","","","","","","","","","","",2.4,1,0.1,1,"","","","","","","","","","","","","","","","","","","","","","","","","","",86,1,"","","","","","","","","","","","",6.2,1,1019.2,1,"","","","","","",8,1,8,1,5,1,2,1,"","","","","","","","","","","","","","","","","","","","","","","","","","",10000,1,"","",2,1,1,1,"","","","","","","","","","","","","","","","","","","","","","","","","","","","","","","","","","","","","","","","","","","","","","","","","","","","","","","","","","","","","","","","","",""
"28070001","CHARTRES",48.4605,1.501167,155,1983013112,"","","","",8.,1,180,1,"","","","","","","","","","","","","","","","","","","","","","","","","","","","",3.6,1,2.9,1,"","","","","","","","","","","","","","","","","","","","","","","","","","",97,1,"","","","","","","","","","","","",7.6,1,1014.,1,"","","","","","",8,1,5,1,5,1,2,1,"","","","","","","","","","","","","","","","","","","","","","","","","","",10000,1,"","",61,1,6,1,"","","","","","","","","","","","","","","","","","","","","","","","","","","","","","","","","","","","","","","","","","","","","","","","","","","","","","","","","","","","","","","","","",""
"28070001","CHARTRES",48.4605,1.501167,155,1983013115,"","","","",11.,1,220,1,"","","","","","","","","","","","","","","","","","","","","","","","","","","","",7.7,1,6.2,1,"","","","","","","","","","","","","","","","","","","","","","","","","","",91,1,"","","","","","","","","","","","",9.6,1,1007.1,1,"","","","","","",8,1,6,1,5,1,2,1,"","","","","","","","","","","","","","","","","","","","","","","","","","",7000,1,"","",61,1,6,1,"","","","","","","","","","","","","","","","","","","","","","","","","","","","","","","","","","","","","","","","","","","","","","","","","","","","","","","","","","","","","","","","","",""
"28070001","CHARTRES",48.4605,1.501167,155,1983013118,"","","","",9.,1,220,1,"","","","","","","","","","","","","","","","","","","","","","","","","","","","",10.5,1,7.8,1,"","","","","","","","","","","","","","","","","","","","","","","","","","",85,1,"","","","","","","","","","","","",10.8,1,1007.2,1,"","","","","","","","",6,1,"","","","","","","","","","","","","","","","","","","","","","","","","","","","","","","","","","","","","","","","","","","","","","","","","","","","","","","","","","","","","","","","","","","","","","","","","","","","","","","","","","","","","","","","","","","","","","","","","","","","","","","",""
"28070001","CHARTRES",48.4605,1.501167,155,1983013121,"","","","",7.,1,220,1,"","","","","","","","","","","","","","","","","","","","","","","","","","","","",10.6,1,8.2,1,"","","","","","","","","","","","","","","","","","","","","","","","","","",87,1,"","","","","","","","","","","","",11.1,1,1007.3,1,"","","","","","","","",6,1,"","","","","","","","","","","","","","","","","","","","","","","","","","","","","","","","","","","","","","","","","","","","","","","","","","","","","","","","","","","","","","","","","","","","","","","","","","","","","","","","","","","","","","","","","","","","","","","","","","","","","","","",""
"28070001","CHARTRES",48.4605,1.501167,155,1983020100,"","","","",10.,1,220,1,"","","","","","","","","","","","","","","","","","","","","","","","","","","","",10.2,1,7.2,1,"","","","","","","","","","","","","","","","","","","","","","","","","","",83,1,"","","","","","","","","","","","",10.3,1,1006.8,1,"","","","","","","","","","","","","","","","","","","","","","","","","","","","","","","","","","","","","","","","","","","","","","","","","","","","","","","","","","","","","","","","","","","","","","","","","","","","","","","","","","","","","","","","","","","","","","","","","","","","","","","","","","","","","","","","","",""
"28070001","CHARTRES",48.4605,1.501167,155,1983020103,"","","","",11.,1,220,1,"","","","","","","","","","","","","","","","","","","","","","","","","","","","",10.3,1,7.2,1,"","","","","","","","","","","","","","","","","","","","","","","","","","",82,1,"","","","","","","","","","","","",10.3,1,1005.4,1,"","","","","","","","","","","","","","","","","","","","","","","","","","","","","","","","","","","","","","","","","","","","","","","","","","","","","","","","","","","","","","","","","","","","","","","","","","","","","","","","","","","","","","","","","","","","","","","","","","","","","","","","","","","","","","","","","",""
"28070001","CHARTRES",48.4605,1.501167,155,1983020106,"","","","",11.,1,220,1,"","","","","","","","","","","","","","","","","","","","","","","","","","","","",10.3,1,6.9,1,"","","","","","","","","","","","","","","","","","","","","","","","","","",81,1,"","","","","","","","","","","","",10.1,1,1004.,1,"","","","","","",8,1,8,1,5,1,"","","","","","","","","","","","","","","","","","","","","","","","","","","","",12000,1,"","",0,1,"","","","",1,1,"","","","","","","","","","","","","","","","","","","","","","","","","","","","","","","","","","","","","","","","","","","","","","","","","","","","","","","","","","","","","",""
"28070001","CHARTRES",48.4605,1.501167,155,1983020109,"","","","",13.,1,240,1,"","","","","","","","","","","","","","","","","","","","","","","","","","","","",10.4,1,7.,1,"","","","","","","","","","","","","","","","","","","","","","","","","","",81,1,"","","","","","","","","","","","",10.2,1,1002.1,1,"","","","","","",8,1,8,1,5,1,"","","","","","","","","","","","","","","","","","","","","","","","","","","","",9000,1,"","",61,1,6,1,"","","","","","","","","","","","","","","","","","","","","","","","","","","","","","","","","","","","","","","","","","","","","","","","","","","","","","","","","","","","","","","","","",""
"28070001","CHARTRES",48.4605,1.501167,155,1983020112,"","","","",9.,1,280,1,"","","","","","","","","","","","","","","","","","","","","","","","","","","","",7.,1,2.5,1,"","","","","","","","","","","","","","","","","","","","","","","","","","",74,1,"","","","","","","","","","","","",7.4,1,1006.5,1,"","","","","","",7,1,7,1,5,1,"","","","","","","","","","","","","","","","","","","","","","","","","","","","",20000,1,"","",21,1,6,1,"","","","","","","","","","","","","","","","","","","","","","","","","","","","","","","","","","","","","","","","","","","","","","","","","","","","","","","","","","","","","","","","","",""
"28070001","CHARTRES",48.4605,1.501167,155,1983020115,"","","","",9.,1,280,1,"","","","","","","","","","","","","","","","","","","","","","","","","","","","",5.6,1,2.4,1,"","","","","","","","","","","","","","","","","","","","","","","","","","",80,1,"","","","","","","","","","","","",7.3,1,1008.6,1,"","","","","","",4,1,0,1,3,1,0,1,0,1,"","","","","","","","","","","","","","","","","","","","","","","","",20000,1,"","",25,1,8,1,"","","","","","","","","","","","","","","","","","","","","","","","","","","","","","","","","","","","","","","","","","","","","","","","","","","","","","","","","","","","","","","","","",""
"28070001","CHARTRES",48.4605,1.501167,155,1983020118,"","","","",8.,1,260,1,"","","","","","","","","","","","","","","","","","","","","","","","","","","","",4.2,1,-0.4,1,"","","","","","","","","","","","","","","","","","","","","","","","","","",71,1,"","","","","","","","","","","","",5.9,1,1012.5,1,"","","","","","","","",0,1,"","","","","","","","","","","","","","","","","","","","","","","","","","","","","","","","","","","","","","","","","","","","","","","","","","","","","","","","","","","","","","","","","","","","","","","","","","","","","","","","","","","","","","","","","","","","","","","","","","","","","","","",""
"28070001","CHARTRES",48.4605,1.501167,155,1983020121,"","","","",6.,1,260,1,"","","","","","","","","","","","","","","","","","","","","","","","","","","","",3.3,1,0.1,1,"","","","","","","","","","","","","","","","","","","","","","","","","","",80,1,"","","","","","","","","","","","",6.2,1,1017.6,1,"","","","","","","","",0,1,"","","","","","","","","","","","","","","","","","","","","","","","","","","","","","","","","","","","","","","","","","","","","","","","","","","","","","","","","","","","","","","","","","","","","","","","","","","","","","","","","","","","","","","","","","","","","","","","","","","","","","","",""
"28070001","CHARTRES",48.4605,1.501167,155,1983020200,"","","","",8.,1,260,1,"","","","","","","","","","","","","","","","","","","","","","","","","","","","",2.6,1,0.4,1,"","","","","","","","","","","","","","","","","","","","","","","","","","",85,1,"","","","","","","","","","","","",6.3,1,1019.1,1,"","","","","","","","",0,1,"","","","","","","","","","","","","","","","","","","","","","","","","","","","","","","","","","","","","","","","","","","","","","","","","","","","","","","","","","","","","","","","","","","","","","","","","","","","","","","","","","","","","","","","","","","","","","","","","","","","","","","",""
"28070001","CHARTRES",48.4605,1.501167,155,1983020203,"","","","",7.,1,260,1,"","","","","","","","","","","","","","","","","","","","","","","","","","","","",1.8,1,-0.2,1,"","","","","","","","","","","","","","","","","","","","","","","","","","",86,1,"","","","","","","","","","","","",6.,1,1021.7,1,"","","","","","","","",0,1,"","","","","","","","","","","","","","","","","","","","","","","","","","","","","","","","","","","","","","","","","","","","","","","","","","","","","","","","","","","","","","","","","","","","","","","","","","","","","","","","","","","","","","","","","","","","","","","","","","","","","","","",""
"28070001","CHARTRES",48.4605,1.501167,155,1983020206,"","","","",5.,1,260,1,"","","","","","","","","","","","","","","","","","","","","","","","","","","","",1.7,1,-0.2,1,"","","","","","","","","","","","","","","","","","","","","","","","","","",87,1,"","","","","","","","","","","","",6.,1,1023.5,1,"","","","","","",1,1,0,1,5,1,0,1,0,1,"","","","","","","","","","","","","","","","","","","","","","","","",10000,1,"","",0,1,"","","","",1,1,"","","","","","","","","","","","","","","","","","","","","","","","","","","","","","","","","","","","","","","","","","","","","","","","","","","","","","","","","","","","","",""
"28070001","CHARTRES",48.4605,1.501167,155,1983020209,"","","","",4.,1,260,1,"","","","","","","","","","","","","","","","","","","","","","","","","","","","",2.,1,0.6,1,"","","","","","","","","","","","","","","","","","","","","","","","","","",91,1,"","","","","","","","","","","","",6.4,1,1026.4,1,"","","","","","",2,1,0,1,5,1,0,1,0,1,"","","","","","","","","","","","","","","","","","","","","","","","",20000,1,"","",1,1,8,1,"","","","","","","","","","","","","","","","","","","","","","","","","","","","","","","","","","","","","","","","","","","","","","","","","","","","","","","","","","","","","","","","","",""
"28070001","CHARTRES",48.4605,1.501167,155,1983020212,"","","","",5.,1,280,1,"","","","","","","","","","","","","","","","","","","","","","","","","","","","",6.,1,2.9,1,"","","","","","","","","","","","","","","","","","","","","","","","","","",82,1,"","","","","","","","","","","","",7.6,1,1027.6,1,"","","","","","",1,1,0,1,2,1,0,1,0,1,"","","","","","","","","","","","","","","","","","","","","","","","",20000,1,"","",1,1,8,1,"","","","","","","","","","","","","","","","","","","","","","","","","","","","","","","","","","","","","","","","","","","","","","","","","","","","","","","","","","","","","","","","","",""
"28070001","CHARTRES",48.4605,1.501167,155,1983020215,"","","","",6.,1,260,1,"","","","","","","","","","","","","","","","","","","","","","","","","","","","",7.4,1,1.4,1,"","","","","","","","","","","","","","","","","","","","","","","","","","",66,1,"","","","","","","","","","","","",6.8,1,1027.5,1,"","","","","","",2,1,0,1,2,1,0,1,0,1,"","","","","","","","","","","","","","","","","","","","","","","","",20000,1,"","",1,1,0,1,"","","","","","","","","","","","","","","","","","","","","","","","","","","","","","","","","","","","","","","","","","","","","","","","","","","","","","","","","","","","","","","","","",""
"28070001","CHARTRES",48.4605,1.501167,155,1983020218,"","","","",3.,1,240,1,"","","","","","","","","","","","","","","","","","","","","","","","","","","","",4.4,1,1.,1,"","","","","","","","","","","","","","","","","","","","","","","","","","",79,1,"","","","","","","","","","","","",6.6,1,1028.1,1,"","","","","","","","",0,1,"","","","","","","","","","","","","","","","","","","","","","","","","","","","","","","","","","","","","","","","","","","","","","","","","","","","","","","","","","","","","","","","","","","","","","","","","","","","","","","","","","","","","","","","","","","","","","","","","","","","","","","",""
"28070001","CHARTRES",48.4605,1.501167,155,1983020221,"","","","",4.,1,220,1,"","","","","","","","","","","","","","","","","","","","","","","","","","","","",4.1,1,2.4,1,"","","","","","","","","","","","","","","","","","","","","","","","","","",89,1,"","","","","","","","","","","","",7.3,1,1028.,1,"","","","","","","","",0,1,"","","","","","","","","","","","","","","","","","","","","","","","","","","","","","","","","","","","","","","","","","","","","","","","","","","","","","","","","","","","","","","","","","","","","","","","","","","","","","","","","","","","","","","","","","","","","","","","","","","","","","","",""
"28070001","CHARTRES",48.4605,1.501167,155,1983020300,"","","","",4.,1,260,1,"","","","","","","","","","","","","","","","","","","","","","","","","","","","",3.6,1,2.5,1,"","","","","","","","","","","","","","","","","","","","","","","","","","",94,1,"","","","","","","","","","","","",7.4,1,1027.6,1,"","","","","","","","",0,1,"","","","","","","","","","","","","","","","","","","","","","","","","","","","","","","","","","","","","","","","","","","","","","","","","","","","","","","","","","","","","","","","","","","","","","","","","","","","","","","","","","","","","","","","","","","","","","","","","","","","","","","",""
"28070001","CHARTRES",48.4605,1.501167,155,1983020303,"","","","",5.,1,260,1,"","","","","","","","","","","","","","","","","","","","","","","","","","","","",3.5,1,2.,1,"","","","","","","","","","","","","","","","","","","","","","","","","","",90,1,"","","","","","","","","","","","",7.1,1,1027.2,1,"","","","","","","","",0,1,"","","","","","","","","","","","","","","","","","","","","","","","","","","","","","","","","","","","","","","","","","","","","","","","","","","","","","","","","","","","","","","","","","","","","","","","","","","","","","","","","","","","","","","","","","","","","","","","","","","","","","","",""
"28070001","CHARTRES",48.4605,1.501167,155,1983020306,"","","","",5.,1,260,1,"","","","","","","","","","","","","","","","","","","","","","","","","","","","",2.7,1,1.2,1,"","","","","","","","","","","","","","","","","","","","","","","","","","",91,1,"","","","","","","","","","","","",6.7,1,1027.2,1,"","","","","","",2,1,0,1,0,1,3,1,0,1,"","","","","","","","","","","","","","","","","","","","","","","","",15000,1,"","",0,1,"","","","",1,1,"","","","","","","","","","","","","","","","","","","","","","","","","","","","","","","","","","","","","","","","","","","","","","","","","","","","","","","","","","","","","",""
"28070001","CHARTRES",48.4605,1.501167,155,1983020309,"","","","",6.,1,260,1,"","","","","","","","","","","","","","","","","","","","","","","","","","","","",3.,1,1.8,1,"","","","","","","","","","","","","","","","","","","","","","","","","","",93,1,"","","","","","","","","","","","",7.,1,1028.3,1,"","","","","","",1,1,0,1,5,1,0,1,0,1,"","","","","","","","","","","","","","","","","","","","","","","","",15000,1,"","",1,1,1,1,"","","","","","","","","","","","","","","","","","","","","","","","","","","","","","","","","","","","","","","","","","","","","","","","","","","","","","","","","","","","","","","","","",""
"28070001","CHARTRES",48.4605,1.501167,155,1983020312,"","","","",6.,1,280,1,"","","","","","","","","","","","","","","","","","","","","","","","","","","","",6.8,1,2.7,1,"","","","","","","","","","","","","","","","","","","","","","","","","","",76,1,"","","","","","","","","","","","",7.5,1,1028.9,1,"","","","","","",5,1,0,1,8,1,0,1,0,1,"","","","","","","","","","","","","","","","","","","","","","","","",20000,1,"","",3,1,1,1,"","","","","","","","","","","","","","","","","","","","","","","","","","","","","","","","","","","","","","","","","","","","","","","","","","","","","","","","","","","","","","","","","",""
"28070001","CHARTRES",48.4605,1.501167,155,1983020315,"","","","",5.,1,340,1,"","","","","","","","","","","","","","","","","","","","","","","","","","","","",5.8,1,3.3,1,"","","","","","","","","","","","","","","","","","","","","","","","","","",84,1,"","","","","","","","","","","","",7.8,1,1028.9,1,"","","","","","",7,1,6,1,8,1,"","","","","","","","","","","","","","","","","","","","","","","","","","","","",20000,1,"","",3,1,8,1,"","","","","","","","","","","","","","","","","","","","","","","","","","","","","","","","","","","","","","","","","","","","","","","","","","","","","","","","","","","","","","","","","",""
"28070001","CHARTRES",48.4605,1.501167,155,1983020318,"","","","",3.,1,280,1,"","","","","","","","","","","","","","","","","","","","","","","","","","","","",5.2,1,2.4,1,"","","","","","","","","","","","","","","","","","","","","","","","","","",83,1,"","","","","","","","","","","","",7.3,1,1029.9,1,"","","","","","","","",6,1,"","","","","","","","","","","","","","","","","","","","","","","","","","","","","","","","","","","","","","","","","","","","","","","","","","","","","","","","","","","","","","","","","","","","","","","","","","","","","","","","","","","","","","","","","","","","","","","","","","","","","","","",""
"28070001","CHARTRES",48.4605,1.501167,155,1983020321,"","","","",0.,1,0,1,"","","","","","","","","","","","","","","","","","","","","","","","","","","","",3.,1,2.,1,"","","","","","","","","","","","","","","","","","","","","","","","","","",94,1,"","","","","","","","","","","","",7.1,1,1030.4,1,"","","","","","","","",6,1,"","","","","","","","","","","","","","","","","","","","","","","","","","","","","","","","","","","","","","","","","","","","","","","","","","","","","","","","","","","","","","","","","","","","","","","","","","","","","","","","","","","","","","","","","","","","","","","","","","","","","","","",""
"28070001","CHARTRES",48.4605,1.501167,155,1983020400,"","","","",2.,1,40,1,"","","","","","","","","","","","","","","","","","","","","","","","","","","","",0.4,1,-0.2,1,"","","","","","","","","","","","","","","","","","","","","","","","","","",96,1,"","","","","","","","","","","","",6.,1,1031.,1,"","","","","","","","",6,1,"","","","","","","","","","","","","","","","","","","","","","","","","","","","","","","","","","","","","","","","","","","","","","","","","","","","","","","","","","","","","","","","","","","","","","","","","","","","","","","","","","","","","","","","","","","","","","","","","","","","","","","",""
"28070001","CHARTRES",48.4605,1.501167,155,1983020403,"","","","",1.,1,60,1,"","","","","","","","","","","","","","","","","","","","","","","","","","","","",0.5,1,0.,1,"","","","","","","","","","","","","","","","","","","","","","","","","","",97,1,"","","","","","","","","","","","",6.1,1,1031.2,1,"","","","","","","","",6,1,"","","","","","","","","","","","","","","","","","","","","","","","","","","","","","","","","","","","","","","","","","","","","","","","","","","","","","","","","","","","","","","","","","","","","","","","","","","","","","","","","","","","","","","","","","","","","","","","","","","","","","","",""
"28070001","CHARTRES",48.4605,1.501167,155,1983020406,"","","","",2.,1,40,1,"","","","","","","","","","","","","","","","","","","","","","","","","","","","",0.2,1,-0.4,1,"","","","","","","","","","","","","","","","","","","","","","","","","","",96,1,"","","","","","","","","","","","",5.9,1,1031.6,1,"","","","","","",0,1,"","",0,1,0,1,0,1,"","","","","","","","","","","","","","","","","","","","","","","","",12000,1,"","",0,1,"","","","",4,1,"","","","","","","","","","","","","","","","","","","","","","","","","","","","","","","","","","","","","","","","","","","","","","","","","","","","","","","","","","","","","",""
"28070001","CHARTRES",48.4605,1.501167,155,1983020409,"","","","",3.,1,100,1,"","","","","","","","","","","","","","","","","","","","","","","","","","","","",0.8,1,-0.6,1,"","","","","","","","","","","","","","","","","","","","","","","","","","",90,1,"","","","","","","","","","","","",5.8,1,1032.8,1,"","","","","","",0,1,"","",0,1,0,1,0,1,"","","","","","","","","","","","","","","","","","","","","","","","",15000,1,"","",1,1,0,1,"","","","","","","","","","","","","","","","","","","","","","","","","","","","","","","","","","","","","","","","","","","","","","","","","","","","","","","","","","","","","","","","","",""
"28070001","CHARTRES",48.4605,1.501167,155,1983020412,"","","","",6.,1,120,1,"","","","","","","","","","","","","","","","","","","","","","","","","","","","",4.4,1,-1.1,1,"","","","","","","","","","","","","","","","","","","","","","","","","","",67,1,"","","","","","","","","","","","",5.6,1,1032.3,1,"","","","","","",1,1,0,1,1,1,0,1,0,1,"","","","","","","","","","","","","","","","","","","","","","","","",20000,1,"","",3,1,0,1,"","","","","","","","","","","","","","","","","","","","","","","","","","","","","","","","","","","","","","","","","","","","","","","","","","","","","","","","","","","","","","","","","",""
"28070001","CHARTRES",48.4605,1.501167,155,1983020415,"","","","",4.,1,140,1,"","","","","","","","","","","","","","","","","","","","","","","","","","","","",4.7,1,-0.6,1,"","","","","","","","","","","","","","","","","","","","","","","","","","",68,1,"","","","","","","","","","","","",5.8,1,1030.5,1,"","","","","","",3,1,0,1,0,1,0,1,2,1,"","","","","","","","","","","","","","","","","","","","","","","","",20000,1,"","",3,1,0,1,"","","","","","","","","","","","","","","","","","","","","","","","","","","","","","","","","","","","","","","","","","","","","","","","","","","","","","","","","","","","","","","","","",""
"28070001","CHARTRES",48.4605,1.501167,155,1983020418,"","","","",4.,1,140,1,"","","","","","","","","","","","","","","","","","","","","","","","","","","","",1.1,1,-1.6,1,"","","","","","","","","","","","","","","","","","","","","","","","","","",82,1,"","","","","","","","","","","","",5.4,1,1028.1,1,"","","","","","","","",0,1,"","","","","","","","","","","","","","","","","","","","","","","","","","","","","","","","","","","","","","","","","","","","","","","","","","","","","","","","","","","","","","","","","","","","","","","","","","","","","","","","","","","","","","","","","","","","","","","","","","","","","","","",""
"28070001","CHARTRES",48.4605,1.501167,155,1983020421,"","","","",4.,1,180,1,"","","","","","","","","","","","","","","","","","","","","","","","","","","","",0.9,1,-1.6,1,"","","","","","","","","","","","","","","","","","","","","","","","","","",83,1,"","","","","","","","","","","","",5.4,1,1025.7,1,"","","","","","","","",0,1,"","","","","","","","","","","","","","","","","","","","","","","","","","","","","","","","","","","","","","","","","","","","","","","","","","","","","","","","","","","","","","","","","","","","","","","","","","","","","","","","","","","","","","","","","","","","","","","","","","","","","","","",""
"28070001","CHARTRES",48.4605,1.501167,155,1983020500,"","","","",6.,1,180,1,"","","","","","","","","","","","","","","","","","","","","","","","","","","","",2.1,1,0.1,1,"","","","","","","","","","","","","","","","","","","","","","","","","","",87,1,"","","","","","","","","","","","",6.2,1,1020.9,1,"","","","","","","","",0,1,"","","","","","","","","","","","","","","","","","","","","","","","","","","","","","","","","","","","","","","","","","","","","","","","","","","","","","","","","","","","","","","","","","","","","","","","","","","","","","","","","","","","","","","","","","","","","","","","","","","","","","","",""
"28070001","CHARTRES",48.4605,1.501167,155,1983020503,"","","","",6.,1,180,1,"","","","","","","","","","","","","","","","","","","","","","","","","","","","",3.2,1,2.7,1,"","","","","","","","","","","","","","","","","","","","","","","","","","",98,1,"","","","","","","","","","","","",7.5,1,1015.2,1,"","","","","","","","",0,1,"","","","","","","","","","","","","","","","","","","","","","","","","","","","","","","","","","","","","","","","","","","","","","","","","","","","","","","","","","","","","","","","","","","","","","","","","","","","","","","","","","","","","","","","","","","","","","","","","","","","","","","",""
"28070001","CHARTRES",48.4605,1.501167,155,1983020506,"","","","",8.,1,220,1,"","","","","","","","","","","","","","","","","","","","","","","","","","","","",5.6,1,4.9,1,"","","","","","","","","","","","","","","","","","","","","","","","","","",97,1,"","","","","","","","","","","","",8.8,1,1011.6,1,"","","","","","",8,1,8,1,7,1,"","","","","","","","","","","","","","","","","","","","","","","","","","","","",6000,1,"","",0,1,"","","","",2,1,"","","","","","","","","","","","","","","","","","","","","","","","","","","","","","","","","","","","","","","","","","","","","","","","","","","","","","","","","","","","","",""
"28070001","CHARTRES",48.4605,1.501167,155,1983020509,"","","","",7.,1,240,1,"","","","","","","","","","","","","","","","","","","","","","","","","","","","",7.6,1,6.7,1,"","","","","","","","","","","","","","","","","","","","","","","","","","",96,1,"","","","","","","","","","","","",10.,1,1009.2,1,"","","","","","",8,1,6,1,7,1,"","","","","","","","","","","","","","","","","","","","","","","","","","","","",4500,1,"","",58,1,6,1,"","","","","","","","","","","","","","","","","","","","","","","","","","","","","","","","","","","","","","","","","","","","","","","","","","","","","","","","","","","","","","","","","",""
"28070001","CHARTRES",48.4605,1.501167,155,1983020512,"","","","",6.,1,280,1,"","","","","","","","","","","","","","","","","","","","","","","","","","","","",7.9,1,3.3,1,"","","","","","","","","","","","","","","","","","","","","","","","","","",74,1,"","","","","","","","","","","","",7.8,1,1008.4,1,"","","","","","",8,1,8,1,8,1,7,1,"","","","","","","","","","","","","","","","","","","","","","","","","","",25000,1,"","",3,1,6,1,"","","","","","","","","","","","","","","","","","","","","","","","","","","","","","","","","","","","","","","","","","","","","","","","","","","","","","","","","","","","","","","","","",""
"28070001","CHARTRES",48.4605,1.501167,155,1983020515,"","","","",6.,1,260,1,"","","","","","","","","","","","","","","","","","","","","","","","","","","","",7.,1,2.4,1,"","","","","","","","","","","","","","","","","","","","","","","","","","",73,1,"","","","","","","","","","","","",7.3,1,1005.4,1,"","","","","","",8,1,5,1,8,1,"","","","","","","","","","","","","","","","","","","","","","","","","","","","",25000,1,"","",3,1,2,1,"","","","","","","","","","","","","","","","","","","","","","","","","","","","","","","","","","","","","","","","","","","","","","","","","","","","","","","","","","","","","","","","","",""
"28070001","CHARTRES",48.4605,1.501167,155,1983020518,"","","","",7.,1,260,1,"","","","","","","","","","","","","","","","","","","","","","","","","","","","",3.1,1,1.4,1,"","","","","","","","","","","","","","","","","","","","","","","","","","",89,1,"","","","","","","","","","","","",6.8,1,1002.3,1,"","","","","","","","",5,1,"","","","","","","","","","","","","","","","","","","","","","","","","","","","","","","","","","","","","","","","","","","","","","","","","","","","","","","","","","","","","","","","","","","","","","","","","","","","","","","","","","","","","","","","","","","","","","","","","","","","","","","",""
"28070001","CHARTRES",48.4605,1.501167,155,1983020521,"","","","",8.,1,260,1,"","","","","","","","","","","","","","","","","","","","","","","","","","","","",3.2,1,1.6,1,"","","","","","","","","","","","","","","","","","","","","","","","","","",90,1,"","","","","","","","","","","","",6.9,1,999.7,1,"","","","","","","","",5,1,"","","","","","","","","","","","","","","","","","","","","","","","","","","","","","","","","","","","","","","","","","","","","","","","","","","","","","","","","","","","","","","","","","","","","","","","","","","","","","","","","","","","","","","","","","","","","","","","","","","","","","","",""
"28070001","CHARTRES",48.4605,1.501167,155,1983020600,"","","","",6.,1,240,1,"","","","","","","","","","","","","","","","","","","","","","","","","","","","",2.8,1,0.6,1,"","","","","","","","","","","","","","","","","","","","","","","","","","",86,1,"","","","","","","","","","","","",6.4,1,997.5,1,"","","","","","","","",5,1,"","","","","","","","","","","","","","","","","","","","","","","","","","","","","","","","","","","","","","","","","","","","","","","","","","","","","","","","","","","","","","","","","","","","","","","","","","","","","","","","","","","","","","","","","","","","","","","","","","","","","","","",""
"28070001","CHARTRES",48.4605,1.501167,155,1983020603,"","","","",6.,1,240,1,"","","","","","","","","","","","","","","","","","","","","","","","","","","","",3.,1,1.4,1,"","","","","","","","","","","","","","","","","","","","","","","","","","",90,1,"","","","","","","","","","","","",6.8,1,994.5,1,"","","","","","","","",5,1,"","","","","","","","","","","","","","","","","","","","","","","","","","","","","","","","","","","","","","","","","","","","","","","","","","","","","","","","","","","","","","","","","","","","","","","","","","","","","","","","","","","","","","","","","","","","","","","","","","","","","","","",""
"28070001","CHARTRES",48.4605,1.501167,155,1983020606,"","","","",6.,1,240,1,"","","","","","","","","","","","","","","","","","","","","","","","","","","","",2.9,1,1.,1,"","","","","","","","","","","","","","","","","","","","","","","","","","",88,1,"","","","","","","","","","","","",6.6,1,992.2,1,"","","","","","",7,1,5,1,8,1,"","","","","","","","","","","","","","","","","","","","","","","","","","","","",15000,1,"","",25,1,"","","","",2,1,"","","","","","","","","","","","","","","","","","","","","","","","","","","","","","","","","","","","","","","","","","","","","","","","","","","","","","","","","","","","","",""
"28070001","CHARTRES",48.4605,1.501167,155,1983020609,"","","","",5.,1,280,1,"","","","","","","","","","","","","","","","","","","","","","","","","","","","",3.5,1,2.,1,"","","","","","","","","","","","","","","","","","","","","","","","","","",90,1,"","","","","","","","","","","","",7.1,1,991.1,1,"","","","","","",6,1,0,1,9,1,0,1,0,1,"","","","","","","","","","","","","","","","","","","","","","","","",20000,1,"","",3,1,8,1,"","","","","","","","","","","","","","","","","","","","","","","","","","","","","","","","","","","","","","","","","","","","","","","","","","","","","","","","","","","","","","","","","",""
"28070001","CHARTRES",48.4605,1.501167,155,1983020612,"","","","",8.,1,320,1,"","","","","","","","","","","","","","","","","","","","","","","","","","","","",3.5,1,2.2,1,"","","","","","","","","","","","","","","","","","","","","","","","","","",92,1,"","","","","","","","","","","","",7.2,1,992.2,1,"","","","","","",7,1,5,1,8,1,"","","","","","","","","","","","","","","","","","","","","","","","","","","","",20000,1,"","",2,1,8,1,"","","","","","","","","","","","","","","","","","","","","","","","","","","","","","","","","","","","","","","","","","","","","","","","","","","","","","","","","","","","","","","","","",""
"28070001","CHARTRES",48.4605,1.501167,155,1983020615,"","","","",8.,1,340,1,"","","","","","","","","","","","","","","","","","","","","","","","","","","","",3.7,1,2.4,1,"","","","","","","","","","","","","","","","","","","","","","","","","","",92,1,"","","","","","","","","","","","",7.3,1,992.9,1,"","","","","","",8,1,5,1,8,1,"","","","","","","","","","","","","","","","","","","","","","","","","","","","",20000,1,"","",25,1,8,1,"","","","","","","","","","","","","","","","","","","","","","","","","","","","","","","","","","","","","","","","","","","","","","","","","","","","","","","","","","","","","","","","","",""
"28070001","CHARTRES",48.4605,1.501167,155,1983020618,"","","","",4.,1,340,1,"","","","","","","","","","","","","","","","","","","","","","","","","","","","",3.4,1,1.6,1,"","","","","","","","","","","","","","","","","","","","","","","","","","",88,1,"","","","","","","","","","","","",6.9,1,995.3,1,"","","","","","","","",5,1,"","","","","","","","","","","","","","","","","","","","","","","","","","","","","","","","","","","","","","","","","","","","","","","","","","","","","","","","","","","","","","","","","","","","","","","","","","","","","","","","","","","","","","","","","","","","","","","","","","","","","","","",""
"28070001","CHARTRES",48.4605,1.501167,155,1983020621,"","","","",5.,1,340,1,"","","","","","","","","","","","","","","","","","","","","","","","","","","","",2.2,1,0.4,1,"","","","","","","","","","","","","","","","","","","","","","","","","","",88,1,"","","","","","","","","","","","",6.3,1,997.6,1,"","","","","","","","",5,1,"","","","","","","","","","","","","","","","","","","","","","","","","","","","","","","","","","","","","","","","","","","","","","","","","","","","","","","","","","","","","","","","","","","","","","","","","","","","","","","","","","","","","","","","","","","","","","","","","","","","","","","",""
"28070001","CHARTRES",48.4605,1.501167,155,1983020700,"","","","",5.,1,320,1,"","","","","","","","","","","","","","","","","","","","","","","","","","","","",2.,1,0.4,1,"","","","","","","","","","","","","","","","","","","","","","","","","","",90,1,"","","","","","","","","","","","",6.3,1,998.9,1,"","","","","","","","",5,1,"","","","","","","","","","","","","","","","","","","","","","","","","","","","","","","","","","","","","","","","","","","","","","","","","","","","","","","","","","","","","","","","","","","","","","","","","","","","","","","","","","","","","","","","","","","","","","","","","","","","","","","",""
"28070001","CHARTRES",48.4605,1.501167,155,1983020703,"","","","",5.,1,300,1,"","","","","","","","","","","","","","","","","","","","","","","","","","","","",1.5,1,0.,1,"","","","","","","","","","","","","","","","","","","","","","","","","","",90,1,"","","","","","","","","","","","",6.1,1,998.9,1,"","","","","","","","",5,1,"","","","","","","","","","","","","","","","","","","","","","","","","","","","","","","","","","","","","","","","","","","","","","","","","","","","","","","","","","","","","","","","","","","","","","","","","","","","","","","","","","","","","","","","","","","","","","","","","","","","","","","",""
"28070001","CHARTRES",48.4605,1.501167,155,1983020706,"","","","",5.,1,320,1,"","","","","","","","","","","","","","","","","","","","","","","","","","","","",1.,1,0.,1,"","","","","","","","","","","","","","","","","","","","","","","","","","",92,1,"","","","","","","","","","","","",6.1,1,998.5,1,"","","","","","",7,1,7,1,5,1,"","","","","","","","","","","","","","","","","","","","","","","","","","","","",8000,1,"","",26,1,"","","","",2,1,"","","","","","","","","","","","","","","","","","","","","","","","","","","","","","","","","","","","","","","","","","","","","","","","","","","","","","","","","","","","","",""
"28070001","CHARTRES",48.4605,1.501167,155,1983020709,"","","","",6.,1,320,1,"","","","","","","","","","","","","","","","","","","","","","","","","","","","",0.8,1,0.1,1,"","","","","","","","","","","","","","","","","","","","","","","","","","",96,1,"","","","","","","","","","","","",6.2,1,998.4,1,"","","","","","",8,1,7,1,7,1,"","","","","","","","","","","","","","","","","","","","","","","","","","","","",3000,1,"","",71,1,8,1,"","","","","","","","","","","","","","","","","","","","","","","","","","","","","","","","","","","","","","","","","","","","","","","","","","","","","","","","","","","","","","","","","",""
"28070001","CHARTRES",48.4605,1.501167,155,1983020712,"","","","",5.,1,360,1,"","","","","","","","","","","","","","","","","","","","","","","","","","","","",2.7,1,0.6,1,"","","","","","","","","","","","","","","","","","","","","","","","","","",86,1,"","","","","","","","","","","","",6.4,1,998.9,1,"","","","","","",6,1,5,1,8,1,0,1,2,1,"","","","","","","","","","","","","","","","","","","","","","","","",10000,1,"","",21,1,8,1,"","","","","","","","","","","","","","","","","","","","","","","","","","","","","","","","","","","","","","","","","","","","","","","","","","","","","","","","","","","","","","","","","",""
"28070001","CHARTRES",48.4605,1.501167,155,1983020715,"","","","",5.,1,320,1,"","","","","","","","","","","","","","","","","","","","","","","","","","","","",2.2,1,0.,1,"","","","","","","","","","","","","","","","","","","","","","","","","","",86,1,"","","","","","","","","","","","",6.1,1,999.,1,"","","","","","",4,1,0,1,2,1,0,1,2,1,"","","","","","","","","","","","","","","","","","","","","","","","",20000,1,"","",1,1,1,1,"","","","","","","","","","","","","","","","","","","","","","","","","","","","","","","","","","","","","","","","","","","","","","","","","","","","","","","","","","","","","","","","","",""
"28070001","CHARTRES",48.4605,1.501167,155,1983020718,"","","","",5.,1,340,1,"","","","","","","","","","","","","","","","","","","","","","","","","","","","",1.1,1,-0.2,1,"","","","","","","","","","","","","","","","","","","","","","","","","","",90,1,"","","","","","","","","","","","",6.,1,1000.,1,"","","","","","","","",0,1,"","","","","","","","","","","","","","","","","","","","","","","","","","","","","","","","","","","","","","","","","","","","","","","","","","","","","","","","","","","","","","","","","","","","","","","","","","","","","","","","","","","","","","","","","","","","","","","","","","","","","","","",""
"28070001","CHARTRES",48.4605,1.501167,155,1983020721,"","","","",6.,1,340,1,"","","","","","","","","","","","","","","","","","","","","","","","","","","","",1.,1,-0.2,1,"","","","","","","","","","","","","","","","","","","","","","","","","","",91,1,"","","","","","","","","","","","",6.,1,1000.7,1,"","","","","","","","",0,1,"","","","","","","","","","","","","","","","","","","","","","","","","","","","","","","","","","","","","","","","","","","","","","","","","","","","","","","","","","","","","","","","","","","","","","","","","","","","","","","","","","","","","","","","","","","","","","","","","","","","","","","",""
"28070001","CHARTRES",48.4605,1.501167,155,1983020800,"","","","",5.,1,20,1,"","","","","","","","","","","","","","","","","","","","","","","","","","","","",0.4,1,-0.9,1,"","","","","","","","","","","","","","","","","","","","","","","","","","",90,1,"","","","","","","","","","","","",5.7,1,1001.9,1,"","","","","","","","",0,1,"","","","","","","","","","","","","","","","","","","","","","","","","","","","","","","","","","","","","","","","","","","","","","","","","","","","","","","","","","","","","","","","","","","","","","","","","","","","","","","","","","","","","","","","","","","","","","","","","","","","","","","",""
"28070001","CHARTRES",48.4605,1.501167,155,1983020803,"","","","",5.,1,20,1,"","","","","","","","","","","","","","","","","","","","","","","","","","","","",0.2,1,-1.3,1,"","","","","","","","","","","","","","","","","","","","","","","","","","",88,1,"","","","","","","","","","","","",5.5,1,1003.,1,"","","","","","","","",0,1,"","","","","","","","","","","","","","","","","","","","","","","","","","","","","","","","","","","","","","","","","","","","","","","","","","","","","","","","","","","","","","","","","","","","","","","","","","","","","","","","","","","","","","","","","","","","","","","","","","","","","","","",""
"28070001","CHARTRES",48.4605,1.501167,155,1983020806,"","","","",5.,1,20,1,"","","","","","","","","","","","","","","","","","","","","","","","","","","","",0.,1,-2.3,1,"","","","","","","","","","","","","","","","","","","","","","","","","","",84,1,"","","","","","","","","","","","",5.1,1,1004.7,1,"","","","","","",7,1,7,1,5,1,"","","","","","","","","","","","","","","","","","","","","","","","","","","","",12000,1,"","",0,1,"","","","",4,1,"","","","","","","","","","","","","","","","","","","","","","","","","","","","","","","","","","","","","","","","","","","","","","","","","","","","","","","","","","","","","",""
"28070001","CHARTRES",48.4605,1.501167,155,1983020809,"","","","",5.,1,20,1,"","","","","","","","","","","","","","","","","","","","","","","","","","","","",0.2,1,-2.1,1,"","","","","","","","","","","","","","","","","","","","","","","","","","",84,1,"","","","","","","","","","","","",5.2,1,1006.9,1,"","","","","","",8,1,8,1,5,1,"","","","","","","","","","","","","","","","","","","","","","","","","","","","",8000,1,"","",71,1,7,1,"","","","","","","","","","","","","","","","","","","","","","","","","","","","","","","","","","","","","","","","","","","","","","","","","","","","","","","","","","","","","","","","","",""
"28070001","CHARTRES",48.4605,1.501167,155,1983020812,"","","","",7.,1,20,1,"","","","","","","","","","","","","","","","","","","","","","","","","","","","",1.1,1,-1.6,1,"","","","","","","","","","","","","","","","","","","","","","","","","","",81,1,"","","","","","","","","","","","",5.4,1,1008.2,1,"","","","","","",8,1,8,1,5,1,"","","","","","","","","","","","","","","","","","","","","","","","","","","","",10000,1,"","",1,1,7,1,"","","","","","","","","","","","","","","","","","","","","","","","","","","","","","","","","","","","","","","","","","","","","","","","","","","","","","","","","","","","","","","","","",""
"28070001","CHARTRES",48.4605,1.501167,155,1983020815,"","","","",4.,1,20,1,"","","","","","","","","","","","","","","","","","","","","","","","","","","","",0.4,1,-0.4,1,"","","","","","","","","","","","","","","","","","","","","","","","","","",94,1,"","","","","","","","","","","","",5.9,1,1009.3,1,"","","","","","",6,1,6,1,5,1,2,1,0,1,"","","","","","","","","","","","","","","","","","","","","","","","",6000,1,"","",71,1,7,1,"","","","","","","","","","","","","","","","","","","","","","","","","","","","","","","","","","","","","","","","","","","","","","","","","","","","","","","","","","","","","","","","","",""
"28070001","CHARTRES",48.4605,1.501167,155,1983020818,"","","","",5.,1,20,1,"","","","","","","","","","","","","","","","","","","","","","","","","","","","",-0.7,1,-1.6,1,"","","","","","","","","","","","","","","","","","","","","","","","","","",93,1,"","","","","","","","","","","","",5.4,1,1011.1,1,"","","","","","","","",6,1,"","","","","","","","","","","","","","","","","","","","","","","","","","","","","","","","","","","","","","","","","","","","","","","","","","","","","","","","","","","","","","","","","","","","","","","","","","","","","","","","","","","","","","","","","","","","","","","","","","","","","","","",""
"28070001","CHARTRES",48.4605,1.501167,155,1983020821,"","","","",5.,1,20,1,"","","","","","","","","","","","","","","","","","","","","","","","","","","","",-0.5,1,-1.6,1,"","","","","","","","","","","","","","","","","","","","","","","","","","",91,1,"","","","","","","","","","","","",5.4,1,1011.8,1,"","","","","","","","",6,1,"","","","","","","","","","","","","","","","","","","","","","","","","","","","","","","","","","","","","","","","","","","","","","","","","","","","","","","","","","","","","","","","","","","","","","","","","","","","","","","","","","","","","","","","","","","","","","","","","","","","","","","",""
"28070001","CHARTRES",48.4605,1.501167,155,1983020900,"","","","",6.,1,20,1,"","","","","","","","","","","","","","","","","","","","","","","","","","","","",-0.7,1,-1.6,1,"","","","","","","","","","","","","","","","","","","","","","","","","","",93,1,"","","","","","","","","","","","",5.4,1,1012.5,1,"","","","","","","","",6,1,"","","","","","","","","","","","","","","","","","","","","","","","","","","","","","","","","","","","","","","","","","","","","","","","","","","","","","","","","","","","","","","","","","","","","","","","","","","","","","","","","","","","","","","","","","","","","","","","","","","","","","","",""
"28070001","CHARTRES",48.4605,1.501167,155,1983020903,"","","","",4.,1,20,1,"","","","","","","","","","","","","","","","","","","","","","","","","","","","",-1.5,1,-2.6,1,"","","","","","","","","","","","","","","","","","","","","","","","","","",92,1,"","","","","","","","","","","","",5.,1,1012.2,1,"","","","","","","","",6,1,"","","","","","","","","","","","","","","","","","","","","","","","","","","","","","","","","","","","","","","","","","","","","","","","","","","","","","","","","","","","","","","","","","","","","","","","","","","","","","","","","","","","","","","","","","","","","","","","","","","","","","","",""
"28070001","CHARTRES",48.4605,1.501167,155,1983020906,"","","","",5.,1,20,1,"","","","","","","","","","","","","","","","","","","","","","","","","","","","",-2.7,1,-4.,1,"","","","","","","","","","","","","","","","","","","","","","","","","","",91,1,"","","","","","","","","","","","",4.5,1,1012.3,1,"","","","","","",2,1,0,1,5,1,0,1,0,1,"","","","","","","","","","","","","","","","","","","","","","","","",10000,1,"","",0,1,"","","","",4,1,"","","","","","","","","","","","","","","","","","","","","","","","","","","","","","","","","","","","","","","","","","","","","","","","","","","","","","","","","","","","","",""
"28070001","CHARTRES",48.4605,1.501167,155,1983020909,"","","","",7.,1,360,1,"","","","","","","","","","","","","","","","","","","","","","","","","","","","",-2.6,1,-4.,1,"","","","","","","","","","","","","","","","","","","","","","","","","","",89,1,"","","","","","","","","","","","",4.5,1,1012.9,1,"","","","","","",6,1,5,1,5,1,0,1,0,1,"","","","","","","","","","","","","","","","","","","","","","","","",15000,1,"","",3,1,1,1,"","","","","","","","","","","","","","","","","","","","","","","","","","","","","","","","","","","","","","","","","","","","","","","","","","","","","","","","","","","","","","","","","",""
"28070001","CHARTRES",48.4605,1.501167,155,1983020912,"","","","",5.,1,20,1,"","","","","","","","","","","","","","","","","","","","","","","","","","","","",-1.4,1,-2.1,1,"","","","","","","","","","","","","","","","","","","","","","","","","","",94,1,"","","","","","","","","","","","",5.2,1,1012.7,1,"","","","","","",7,1,5,1,8,1,"","","","","","","","","","","","","","","","","","","","","","","","","","","","",20000,1,"","",1,1,1,1,"","","","","","","","","","","","","","","","","","","","","","","","","","","","","","","","","","","","","","","","","","","","","","","","","","","","","","","","","","","","","","","","","",""
"28070001","CHARTRES",48.4605,1.501167,155,1983020915,"","","","",6.,1,20,1,"","","","","","","","","","","","","","","","","","","","","","","","","","","","",-0.4,1,-2.1,1,"","","","","","","","","","","","","","","","","","","","","","","","","","",88,1,"","","","","","","","","","","","",5.2,1,1012.,1,"","","","","","",6,1,6,1,2,1,0,1,0,1,"","","","","","","","","","","","","","","","","","","","","","","","",10000,1,"","",22,1,7,1,"","","","","","","","","","","","","","","","","","","","","","","","","","","","","","","","","","","","","","","","","","","","","","","","","","","","","","","","","","","","","","","","","",""
"28070001","CHARTRES",48.4605,1.501167,155,1983020918,"","","","",6.,1,40,1,"","","","","","","","","","","","","","","","","","","","","","","","","","","","",-2.3,1,-4.6,1,"","","","","","","","","","","","","","","","","","","","","","","","","","",84,1,"","","","","","","","","","","","",4.3,1,1012.1,1,"","","","","","","","",6,1,"","","","","","","","","","","","","","","","","","","","","","","","","","","","","","","","","","","","","","","","","","","","","","","","","","","","","","","","","","","","","","","","","","","","","","","","","","","","","","","","","","","","","","","","","","","","","","","","","","","","","","","",""
"28070001","CHARTRES",48.4605,1.501167,155,1983020921,"","","","",4.,1,20,1,"","","","","","","","","","","","","","","","","","","","","","","","","","","","",-2.5,1,-4.3,1,"","","","","","","","","","","","","","","","","","","","","","","","","","",87,1,"","","","","","","","","","","","",4.4,1,1012.4,1,"","","","","","","","",6,1,"","","","","","","","","","","","","","","","","","","","","","","","","","","","","","","","","","","","","","","","","","","","","","","","","","","","","","","","","","","","","","","","","","","","","","","","","","","","","","","","","","","","","","","","","","","","","","","","","","","","","","","",""
"28070001","CHARTRES",48.4605,1.501167,155,1983021000,"","","","",2.,1,20,1,"","","","","","","","","","","","","","","","","","","","","","","","","","","","",-3.1,1,-7.2,1,"","","","","","","","","","","","","","","","","","","","","","","","","","",72,1,"","","","","","","","","","","","",3.5,1,1012.4,1,"","","","","","","","",6,1,"","","","","","","","","","","","","","","","","","","","","","","","","","","","","","","","","","","","","","","","","","","","","","","","","","","","","","","","","","","","","","","","","","","","","","","","","","","","","","","","","","","","","","","","","","","","","","","","","","","","","","","",""
"28070001","CHARTRES",48.4605,1.501167,155,1983021003,"","","","",4.,1,20,1,"","","","","","","","","","","","","","","","","","","","","","","","","","","","",-3.7,1,-6.5,1,"","","","","","","","","","","","","","","","","","","","","","","","","","",80,1,"","","","","","","","","","","","",3.7,1,1012.2,1,"","","","","","","","",6,1,"","","","","","","","","","","","","","","","","","","","","","","","","","","","","","","","","","","","","","","","","","","","","","","","","","","","","","","","","","","","","","","","","","","","","","","","","","","","","","","","","","","","","","","","","","","","","","","","","","","","","","","",""
"28070001","CHARTRES",48.4605,1.501167,155,1983021006,"","","","",4.,1,360,1,"","","","","","","","","","","","","","","","","","","","","","","","","","","","",-3.2,1,-5.5,1,"","","","","","","","","","","","","","","","","","","","","","","","","","",83,1,"","","","","","","","","","","","",4.,1,1011.7,1,"","","","","","",7,1,7,1,5,1,"","","","","","","","","","","","","","","","","","","","","","","","","","","","",8000,1,"","",0,1,"","","","",4,1,"","","","","","","","","","","","","","","","","","","","","","","","","","","","","","","","","","","","","","","","","","","","","","","","","","","","","","","","","","","","","",""
"28070001","CHARTRES",48.4605,1.501167,155,1983021009,"","","","",6.,1,20,1,"","","","","","","","","","","","","","","","","","","","","","","","","","","","",-2.9,1,-6.1,1,"","","","","","","","","","","","","","","","","","","","","","","","","","",77,1,"","","","","","","","","","","","",3.8,1,1012.5,1,"","","","","","",8,1,8,1,5,1,"","","","","","","","","","","","","","","","","","","","","","","","","","","","",7000,1,"","",2,1,2,1,"","","","","","","","","","","","","","","","","","","","","","","","","","","","","","","","","","","","","","","","","","","","","","","","","","","","","","","","","","","","","","","","","",""
"28070001","CHARTRES",48.4605,1.501167,155,1983021012,"","","","",5.,1,20,1,"","","","","","","","","","","","","","","","","","","","","","","","","","","","",-2.8,1,-4.9,1,"","","","","","","","","","","","","","","","","","","","","","","","","","",84,1,"","","","","","","","","","","","",4.2,1,1011.9,1,"","","","","","",8,1,8,1,5,1,"","","","","","","","","","","","","","","","","","","","","","","","","","","","",6000,1,"","",2,1,2,1,"","","","","","","","","","","","","","","","","","","","","","","","","","","","","","","","","","","","","","","","","","","","","","","","","","","","","","","","","","","","","","","","","",""
"28070001","CHARTRES",48.4605,1.501167,155,1983021015,"","","","",3.,1,20,1,"","","","","","","","","","","","","","","","","","","","","","","","","","","","",-2.5,1,-4.6,1,"","","","","","","","","","","","","","","","","","","","","","","","","","",85,1,"","","","","","","","","","","","",4.3,1,1009.8,1,"","","","","","",8,1,8,1,5,1,"","","","","","","","","","","","","","","","","","","","","","","","","","","","",7000,1,"","",3,1,2,1,"","","","","","","","","","","","","","","","","","","","","","","","","","","","","","","","","","","","","","","","","","","","","","","","","","","","","","","","","","","","","","","","","",""
"28070001","CHARTRES",48.4605,1.501167,155,1983021018,"","","","",0.,1,0,1,"","","","","","","","","","","","","","","","","","","","","","","","","","","","",-2.8,1,-4.6,1,"","","","","","","","","","","","","","","","","","","","","","","","","","",86,1,"","","","","","","","","","","","",4.3,1,1008.9,1,"","","","","","","","",8,1,"","","","","","","","","","","","","","","","","","","","","","","","","","","","","","","","","","","","","","","","","","","","","","","","","","","","","","","","","","","","","","","","","","","","","","","","","","","","","","","","","","","","","","","","","","","","","","","","","","","","","","","",""
"28070001","CHARTRES",48.4605,1.501167,155,1983021021,"","","","",0.,1,0,1,"","","","","","","","","","","","","","","","","","","","","","","","","","","","",-2.6,1,-4.3,1,"","","","","","","","","","","","","","","","","","","","","","","","","","",88,1,"","","","","","","","","","","","",4.4,1,1008.1,1,"","","","","","","","",8,1,"","","","","","","","","","","","","","","","","","","","","","","","","","","","","","","","","","","","","","","","","","","","","","","","","","","","","","","","","","","","","","","","","","","","","","","","","","","","","","","","","","","","","","","","","","","","","","","","","","","","","","","",""
"28070001","CHARTRES",48.4605,1.501167,155,1983021100,"","","","",2.,1,20,1,"","","","","","","","","","","","","","","","","","","","","","","","","","","","",-2.9,1,-4.3,1,"","","","","","","","","","","","","","","","","","","","","","","","","","",89,1,"","","","","","","","","","","","",4.4,1,1007.6,1,"","","","","","","","",8,1,"","","","","","","","","","","","","","","","","","","","","","","","","","","","","","","","","","","","","","","","","","","","","","","","","","","","","","","","","","","","","","","","","","","","","","","","","","","","","","","","","","","","","","","","","","","","","","","","","","","","","","","",""
"28070001","CHARTRES",48.4605,1.501167,155,1983021103,"","","","",3.,1,20,1,"","","","","","","","","","","","","","","","","","","","","","","","","","","","",-2.4,1,-4.,1,"","","","","","","","","","","","","","","","","","","","","","","","","","",88,1,"","","","","","","","","","","","",4.5,1,1007.4,1,"","","","","","","","",8,1,"","","","","","","","","","","","","","","","","","","","","","","","","","","","","","","","","","","","","","","","","","","","","","","","","","","","","","","","","","","","","","","","","","","","","","","","","","","","","","","","","","","","","","","","","","","","","","","","","","","","","","","",""
"28070001","CHARTRES",48.4605,1.501167,155,1983021106,"","","","",4.,1,20,1,"","","","","","","","","","","","","","","","","","","","","","","","","","","","",-2.5,1,-4.3,1,"","","","","","","","","","","","","","","","","","","","","","","","","","",87,1,"","","","","","","","","","","","",4.4,1,1007.4,1,"","","","","","",8,1,8,1,5,1,"","","","","","","","","","","","","","","","","","","","","","","","","","","","",4000,1,"","",71,1,"","","","",4,1,"","","","","","","","","","","","","","","","","","","","","","","","","","","","","","","","","","","","","","","","","","","","","","","","","","","","","","","","","","","","","",""
"28070001","CHARTRES",48.4605,1.501167,155,1983021109,"","","","",6.,1,20,1,"","","","","","","","","","","","","","","","","","","","","","","","","","","","",-2.9,1,-4.3,1,"","","","","","","","","","","","","","","","","","","","","","","","","","",88,1,"","","","","","","","","","","","",4.4,1,1008.2,1,"","","","","","",8,1,8,1,5,1,"","","","","","","","","","","","","","","","","","","","","","","","","","","","",4000,1,"","",70,1,7,1,"","","","","","","","","","","","","","","","","","","","","","","","","","","","","","","","","","","","","","","","","","","","","","","","","","","","","","","","","","","","","","","","","",""
"28070001","CHARTRES",48.4605,1.501167,155,1983021112,"","","","",7.,1,40,1,"","","","","","","","","","","","","","","","","","","","","","","","","","","","",-2.3,1,-4.6,1,"","","","","","","","","","","","","","","","","","","","","","","","","","",83,1,"","","","","","","","","","","","",4.3,1,1008.7,1,"","","","","","",7,1,6,1,5,1,1,1,"","","","","","","","","","","","","","","","","","","","","","","","","","",4000,1,"","",70,1,7,1,"","","","","","","","","","","","","","","","","","","","","","","","","","","","","","","","","","","","","","","","","","","","","","","","","","","","","","","","","","","","","","","","","",""
"28070001","CHARTRES",48.4605,1.501167,155,1983021115,"","","","",6.,1,20,1,"","","","","","","","","","","","","","","","","","","","","","","","","","","","",-2.,1,-3.7,1,"","","","","","","","","","","","","","","","","","","","","","","","","","",87,1,"","","","","","","","","","","","",4.6,1,1008.2,1,"","","","","","",6,1,0,1,5,1,1,1,0,1,"","","","","","","","","","","","","","","","","","","","","","","","",4500,1,"","",22,1,7,1,"","","","","","","","","","","","","","","","","","","","","","","","","","","","","","","","","","","","","","","","","","","","","","","","","","","","","","","","","","","","","","","","","",""
"28070001","CHARTRES",48.4605,1.501167,155,1983021118,"","","","",6.,1,40,1,"","","","","","","","","","","","","","","","","","","","","","","","","","","","",-2.2,1,-4.,1,"","","","","","","","","","","","","","","","","","","","","","","","","","",86,1,"","","","","","","","","","","","",4.5,1,1009.3,1,"","","","","","","","",0,1,"","","","","","","","","","","","","","","","","","","","","","","","","","","","","","","","","","","","","","","","","","","","","","","","","","","","","","","","","","","","","","","","","","","","","","","","","","","","","","","","","","","","","","","","","","","","","","","","","","","","","","","",""
"28070001","CHARTRES",48.4605,1.501167,155,1983021121,"","","","",7.,1,40,1,"","","","","","","","","","","","","","","","","","","","","","","","","","","","",-2.,1,-5.2,1,"","","","","","","","","","","","","","","","","","","","","","","","","","",78,1,"","","","","","","","","","","","",4.1,1,1010.1,1,"","","","","","","","",0,1,"","","","","","","","","","","","","","","","","","","","","","","","","","","","","","","","","","","","","","","","","","","","","","","","","","","","","","","","","","","","","","","","","","","","","","","","","","","","","","","","","","","","","","","","","","","","","","","","","","","","","","","",""
"28070001","CHARTRES",48.4605,1.501167,155,1983021200,"","","","",7.,1,60,1,"","","","","","","","","","","","","","","","","","","","","","","","","","","","",-1.6,1,-6.5,1,"","","","","","","","","","","","","","","","","","","","","","","","","","",68,1,"","","","","","","","","","","","",3.7,1,1010.7,1,"","","","","","","","",0,1,"","","","","","","","","","","","","","","","","","","","","","","","","","","","","","","","","","","","","","","","","","","","","","","","","","","","","","","","","","","","","","","","","","","","","","","","","","","","","","","","","","","","","","","","","","","","","","","","","","","","","","","",""
"28070001","CHARTRES",48.4605,1.501167,155,1983021203,"","","","",5.,1,20,1,"","","","","","","","","","","","","","","","","","","","","","","","","","","","",-1.8,1,-6.5,1,"","","","","","","","","","","","","","","","","","","","","","","","","","",70,1,"","","","","","","","","","","","",3.7,1,1010.7,1,"","","","","","","","",0,1,"","","","","","","","","","","","","","","","","","","","","","","","","","","","","","","","","","","","","","","","","","","","","","","","","","","","","","","","","","","","","","","","","","","","","","","","","","","","","","","","","","","","","","","","","","","","","","","","","","","","","","","",""
"28070001","CHARTRES",48.4605,1.501167,155,1983021206,"","","","",6.,1,20,1,"","","","","","","","","","","","","","","","","","","","","","","","","","","","",-1.8,1,-5.8,1,"","","","","","","","","","","","","","","","","","","","","","","","","","",73,1,"","","","","","","","","","","","",3.9,1,1011.7,1,"","","","","","",8,1,8,1,5,1,"","","","","","","","","","","","","","","","","","","","","","","","","","","","",4000,1,"","",71,1,"","","","",4,1,"","","","","","","","","","","","","","","","","","","","","","","","","","","","","","","","","","","","","","","","","","","","","","","","","","","","","","","","","","","","","",""
"28070001","CHARTRES",48.4605,1.501167,155,1983021209,"","","","",5.,1,20,1,"","","","","","","","","","","","","","","","","","","","","","","","","","","","",-1.6,1,-4.3,1,"","","","","","","","","","","","","","","","","","","","","","","","","","",82,1,"","","","","","","","","","","","",4.4,1,1012.7,1,"","","","","","",8,1,5,1,5,1,1,1,"","","","","","","","","","","","","","","","","","","","","","","","","","",4000,1,"","",71,1,7,1,"","","","","","","","","","","","","","","","","","","","","","","","","","","","","","","","","","","","","","","","","","","","","","","","","","","","","","","","","","","","","","","","","",""
"28070001","CHARTRES",48.4605,1.501167,155,1983021212,"","","","",6.,1,40,1,"","","","","","","","","","","","","","","","","","","","","","","","","","","","",0.8,1,-3.7,1,"","","","","","","","","","","","","","","","","","","","","","","","","","",71,1,"","","","","","","","","","","","",4.6,1,1013.1,1,"","","","","","",6,1,5,1,2,1,1,1,0,1,"","","","","","","","","","","","","","","","","","","","","","","","",10000,1,"","",1,1,7,1,"","","","","","","","","","","","","","","","","","","","","","","","","","","","","","","","","","","","","","","","","","","","","","","","","","","","","","","","","","","","","","","","","",""
"28070001","CHARTRES",48.4605,1.501167,155,1983021215,"","","","",7.,1,20,1,"","","","","","","","","","","","","","","","","","","","","","","","","","","","",1.3,1,-4.3,1,"","","","","","","","","","","","","","","","","","","","","","","","","","",65,1,"","","","","","","","","","","","",4.4,1,1012.8,1,"","","","","","",6,1,6,1,2,1,0,1,0,1,"","","","","","","","","","","","","","","","","","","","","","","","",12000,1,"","",3,1,1,1,"","","","","","","","","","","","","","","","","","","","","","","","","","","","","","","","","","","","","","","","","","","","","","","","","","","","","","","","","","","","","","","","","",""
"28070001","CHARTRES",48.4605,1.501167,155,1983021218,"","","","",5.,1,40,1,"","","","","","","","","","","","","","","","","","","","","","","","","","","","",-2.4,1,-7.2,1,"","","","","","","","","","","","","","","","","","","","","","","","","","",68,1,"","","","","","","","","","","","",3.5,1,1014.4,1,"","","","","","","","",6,1,"","","","","","","","","","","","","","","","","","","","","","","","","","","","","","","","","","","","","","","","","","","","","","","","","","","","","","","","","","","","","","","","","","","","","","","","","","","","","","","","","","","","","","","","","","","","","","","","","","","","","","","",""
"28070001","CHARTRES",48.4605,1.501167,155,1983021221,"","","","",5.,1,40,1,"","","","","","","","","","","","","","","","","","","","","","","","","","","","",-2.6,1,-5.2,1,"","","","","","","","","","","","","","","","","","","","","","","","","","",82,1,"","","","","","","","","","","","",4.1,1,1014.7,1,"","","","","","","","",6,1,"","","","","","","","","","","","","","","","","","","","","","","","","","","","","","","","","","","","","","","","","","","","","","","","","","","","","","","","","","","","","","","","","","","","","","","","","","","","","","","","","","","","","","","","","","","","","","","","","","","","","","","",""
"28070001","CHARTRES",48.4605,1.501167,155,1983021300,"","","","",4.,1,40,1,"","","","","","","","","","","","","","","","","","","","","","","","","","","","",-3.5,1,-5.2,1,"","","","","","","","","","","","","","","","","","","","","","","","","","",87,1,"","","","","","","","","","","","",4.1,1,1015.1,1,"","","","","","","","",6,1,"","","","","","","","","","","","","","","","","","","","","","","","","","","","","","","","","","","","","","","","","","","","","","","","","","","","","","","","","","","","","","","","","","","","","","","","","","","","","","","","","","","","","","","","","","","","","","","","","","","","","","","",""
"28070001","CHARTRES",48.4605,1.501167,155,1983021303,"","","","",4.,1,40,1,"","","","","","","","","","","","","","","","","","","","","","","","","","","","",-3.6,1,-5.2,1,"","","","","","","","","","","","","","","","","","","","","","","","","","",87,1,"","","","","","","","","","","","",4.1,1,1014.3,1,"","","","","","","","",6,1,"","","","","","","","","","","","","","","","","","","","","","","","","","","","","","","","","","","","","","","","","","","","","","","","","","","","","","","","","","","","","","","","","","","","","","","","","","","","","","","","","","","","","","","","","","","","","","","","","","","","","","","",""
"28070001","CHARTRES",48.4605,1.501167,155,1983021306,"","","","",5.,1,40,1,"","","","","","","","","","","","","","","","","","","","","","","","","","","","",-3.8,1,-5.5,1,"","","","","","","","","","","","","","","","","","","","","","","","","","",87,1,"","","","","","","","","","","","",4.,1,1013.1,1,"","","","","","",0,1,"","",0,1,0,1,0,1,"","","","","","","","","","","","","","","","","","","","","","","","",10000,1,"","",0,1,"","","","",4,1,"","","","","","","","","","","","","","","","","","","","","","","","","","","","","","","","","","","","","","","","","","","","","","","","","","","","","","","","","","","","","",""
"28070001","CHARTRES",48.4605,1.501167,155,1983021309,"","","","",6.,1,40,1,"","","","","","","","","","","","","","","","","","","","","","","","","","","","",-4.,1,-5.8,1,"","","","","","","","","","","","","","","","","","","","","","","","","","",87,1,"","","","","","","","","","","","",3.9,1,1013.4,1,"","","","","","",5,1,5,1,5,1,0,1,0,1,"","","","","","","","","","","","","","","","","","","","","","","","",3000,1,"","",10,1,1,1,"","","","","","","","","","","","","","","","","","","","","","","","","","","","","","","","","","","","","","","","","","","","","","","","","","","","","","","","","","","","","","","","","",""
"28070001","CHARTRES",48.4605,1.501167,155,1983021312,"","","","",8.,1,60,1,"","","","","","","","","","","","","","","","","","","","","","","","","","","","",-1.8,1,-5.8,1,"","","","","","","","","","","","","","","","","","","","","","","","","","",73,1,"","","","","","","","","","","","",3.9,1,1012.2,1,"","","","","","",7,1,7,1,5,1,"","","","","","","","","","","","","","","","","","","","","","","","","","","","",4500,1,"","",10,1,1,1,"","","","","","","","","","","","","","","","","","","","","","","","","","","","","","","","","","","","","","","","","","","","","","","","","","","","","","","","","","","","","","","","","",""
"28070001","CHARTRES",48.4605,1.501167,155,1983021315,"","","","",7.,1,40,1,"","","","","","","","","","","","","","","","","","","","","","","","","","","","",-1.,1,-6.1,1,"","","","","","","","","","","","","","","","","","","","","","","","","","",67,1,"","","","","","","","","","","","",3.8,1,1010.6,1,"","","","","","",8,1,8,1,5,1,"","","","","","","","","","","","","","","","","","","","","","","","","","","","",4000,1,"","",10,1,2,1,"","","","","","","","","","","","","","","","","","","","","","","","","","","","","","","","","","","","","","","","","","","","","","","","","","","","","","","","","","","","","","","","","",""
"28070001","CHARTRES",48.4605,1.501167,155,1983021318,"","","","",5.,1,40,1,"","","","","","","","","","","","","","","","","","","","","","","","","","","","",-1.8,1,-6.8,1,"","","","","","","","","","","","","","","","","","","","","","","","","","",67,1,"","","","","","","","","","","","",3.6,1,1011.7,1,"","","","","","","","",8,1,"","","","","","","","","","","","","","","","","","","","","","","","","","","","","","","","","","","","","","","","","","","","","","","","","","","","","","","","","","","","","","","","","","","","","","","","","","","","","","","","","","","","","","","","","","","","","","","","","","","","","","","",""
"28070001","CHARTRES",48.4605,1.501167,155,1983021321,"","","","",5.,1,20,1,"","","","","","","","","","","","","","","","","","","","","","","","","","","","",-2.7,1,-6.1,1,"","","","","","","","","","","","","","","","","","","","","","","","","","",76,1,"","","","","","","","","","","","",3.8,1,1011.8,1,"","","","","","","","",8,1,"","","","","","","","","","","","","","","","","","","","","","","","","","","","","","","","","","","","","","","","","","","","","","","","","","","","","","","","","","","","","","","","","","","","","","","","","","","","","","","","","","","","","","","","","","","","","","","","","","","","","","","",""
"28070001","CHARTRES",48.4605,1.501167,155,1983021400,"","","","",4.,1,20,1,"","","","","","","","","","","","","","","","","","","","","","","","","","","","",-3.5,1,-6.1,1,"","","","","","","","","","","","","","","","","","","","","","","","","","",81,1,"","","","","","","","","","","","",3.8,1,1012.7,1,"","","","","","","","",8,1,"","","","","","","","","","","","","","","","","","","","","","","","","","","","","","","","","","","","","","","","","","","","","","","","","","","","","","","","","","","","","","","","","","","","","","","","","","","","","","","","","","","","","","","","","","","","","","","","","","","","","","","",""
"28070001","CHARTRES",48.4605,1.501167,155,1983021403,"","","","",4.,1,40,1,"","","","","","","","","","","","","","","","","","","","","","","","","","","","",-4.6,1,-6.8,1,"","","","","","","","","","","","","","","","","","","","","","","","","","",83,1,"","","","","","","","","","","","",3.6,1,1013.,1,"","","","","","","","",8,1,"","","","","","","","","","","","","","","","","","","","","","","","","","","","","","","","","","","","","","","","","","","","","","","","","","","","","","","","","","","","","","","","","","","","","","","","","","","","","","","","","","","","","","","","","","","","","","","","","","","","","","","",""
"28070001","CHARTRES",48.4605,1.501167,155,1983021406,"","","","",4.,1,20,1,"","","","","","","","","","","","","","","","","","","","","","","","","","","","",-5.1,1,-6.8,1,"","","","","","","","","","","","","","","","","","","","","","","","","","",85,1,"","","","","","","","","","","","",3.6,1,1013.1,1,"","","","","","",0,1,"","",0,1,0,1,0,1,"","","","","","","","","","","","","","","","","","","","","","","","",7000,1,"","",0,1,"","","","",4,1,"","","","","","","","","","","","","","","","","","","","","","","","","","","","","","","","","","","","","","","","","","","","","","","","","","","","","","","","","","","","","",""
"28070001","CHARTRES",48.4605,1.501167,155,1983021409,"","","","",4.,1,40,1,"","","","","","","","","","","","","","","","","","","","","","","","","","","","",-3.9,1,-6.1,1,"","","","","","","","","","","","","","","","","","","","","","","","","","",82,1,"","","","","","","","","","","","",3.8,1,1014.7,1,"","","","","","",1,1,0,1,0,1,0,1,1,1,"","","","","","","","","","","","","","","","","","","","","","","","",12000,1,"","",1,1,0,1,"","","","","","","","","","","","","","","","","","","","","","","","","","","","","","","","","","","","","","","","","","","","","","","","","","","","","","","","","","","","","","","","","",""
"28070001","CHARTRES",48.4605,1.501167,155,1983021412,"","","","",6.,1,80,1,"","","","","","","","","","","","","","","","","","","","","","","","","","","","",-0.1,1,-5.2,1,"","","","","","","","","","","","","","","","","","","","","","","","","","",67,1,"","","","","","","","","","","","",4.1,1,1014.5,1,"","","","","","",4,1,0,1,5,1,0,1,2,1,"","","","","","","","","","","","","","","","","","","","","","","","",12000,1,"","",3,1,0,1,"","","","","","","","","","","","","","","","","","","","","","","","","","","","","","","","","","","","","","","","","","","","","","","","","","","","","","","","","","","","","","","","","",""
"28070001","CHARTRES",48.4605,1.501167,155,1983021415,"","","","",6.,1,60,1,"","","","","","","","","","","","","","","","","","","","","","","","","","","","",0.5,1,-1.3,1,"","","","","","","","","","","","","","","","","","","","","","","","","","",87,1,"","","","","","","","","","","","",5.5,1,1014.7,1,"","","","","","",7,1,7,1,5,1,"","","","","","","","","","","","","","","","","","","","","","","","","","","","",15000,1,"","",3,1,1,1,"","","","","","","","","","","","","","","","","","","","","","","","","","","","","","","","","","","","","","","","","","","","","","","","","","","","","","","","","","","","","","","","","",""
"28070001","CHARTRES",48.4605,1.501167,155,1983021418,"","","","",4.,1,40,1,"","","","","","","","","","","","","","","","","","","","","","","","","","","","",-0.7,1,-3.7,1,"","","","","","","","","","","","","","","","","","","","","","","","","","",80,1,"","","","","","","","","","","","",4.6,1,1016.,1,"","","","","","","","",7,1,"","","","","","","","","","","","","","","","","","","","","","","","","","","","","","","","","","","","","","","","","","","","","","","","","","","","","","","","","","","","","","","","","","","","","","","","","","","","","","","","","","","","","","","","","","","","","","","","","","","","","","","",""
"28070001","CHARTRES",48.4605,1.501167,155,1983021421,"","","","",4.,1,60,1,"","","","","","","","","","","","","","","","","","","","","","","","","","","","",-1.5,1,-3.4,1,"","","","","","","","","","","","","","","","","","","","","","","","","","",85,1,"","","","","","","","","","","","",4.7,1,1016.8,1,"","","","","","","","",7,1,"","","","","","","","","","","","","","","","","","","","","","","","","","","","","","","","","","","","","","","","","","","","","","","","","","","","","","","","","","","","","","","","","","","","","","","","","","","","","","","","","","","","","","","","","","","","","","","","","","","","","","","",""
"28070001","CHARTRES",48.4605,1.501167,155,1983021500,"","","","",5.,1,40,1,"","","","","","","","","","","","","","","","","","","","","","","","","","","","",-1.7,1,-3.4,1,"","","","","","","","","","","","","","","","","","","","","","","","","","",87,1,"","","","","","","","","","","","",4.7,1,1016.8,1,"","","","","","","","",7,1,"","","","","","","","","","","","","","","","","","","","","","","","","","","","","","","","","","","","","","","","","","","","","","","","","","","","","","","","","","","","","","","","","","","","","","","","","","","","","","","","","","","","","","","","","","","","","","","","","","","","","","","",""
"28070001","CHARTRES",48.4605,1.501167,155,1983021503,"","","","",4.,1,40,1,"","","","","","","","","","","","","","","","","","","","","","","","","","","","",-1.9,1,-3.7,1,"","","","","","","","","","","","","","","","","","","","","","","","","","",87,1,"","","","","","","","","","","","",4.6,1,1017.1,1,"","","","","","","","",7,1,"","","","","","","","","","","","","","","","","","","","","","","","","","","","","","","","","","","","","","","","","","","","","","","","","","","","","","","","","","","","","","","","","","","","","","","","","","","","","","","","","","","","","","","","","","","","","","","","","","","","","","","",""
"28070001","CHARTRES",48.4605,1.501167,155,1983021506,"","","","",4.,1,40,1,"","","","","","","","","","","","","","","","","","","","","","","","","","","","",-1.8,1,-3.4,1,"","","","","","","","","","","","","","","","","","","","","","","","","","",88,1,"","","","","","","","","","","","",4.7,1,1017.7,1,"","","","","","",8,1,8,1,5,1,"","","","","","","","","","","","","","","","","","","","","","","","","","","","",6000,1,"","",0,1,"","","","",4,1,"","","","","","","","","","","","","","","","","","","","","","","","","","","","","","","","","","","","","","","","","","","","","","","","","","","","","","","","","","","","","",""
"28070001","CHARTRES",48.4605,1.501167,155,1983021509,"","","","",6.,1,80,1,"","","","","","","","","","","","","","","","","","","","","","","","","","","","",-1.,1,-4.,1,"","","","","","","","","","","","","","","","","","","","","","","","","","",79,1,"","","","","","","","","","","","",4.5,1,1019.7,1,"","","","","","",8,1,8,1,5,1,7,1,"","","","","","","","","","","","","","","","","","","","","","","","","","",7000,1,"","",1,1,2,1,"","","","","","","","","","","","","","","","","","","","","","","","","","","","","","","","","","","","","","","","","","","","","","","","","","","","","","","","","","","","","","","","","",""
"28070001","CHARTRES",48.4605,1.501167,155,1983021512,"","","","",6.,1,80,1,"","","","","","","","","","","","","","","","","","","","","","","","","","","","",2.2,1,-4.,1,"","","","","","","","","","","","","","","","","","","","","","","","","","",62,1,"","","","","","","","","","","","",4.5,1,1020.8,1,"","","","","","",1,1,0,1,5,1,0,1,0,1,"","","","","","","","","","","","","","","","","","","","","","","","",7000,1,"","",1,1,7,1,"","","","","","","","","","","","","","","","","","","","","","","","","","","","","","","","","","","","","","","","","","","","","","","","","","","","","","","","","","","","","","","","","",""
"28070001","CHARTRES",48.4605,1.501167,155,1983021515,"","","","",8.,1,80,1,"","","","","","","","","","","","","","","","","","","","","","","","","","","","",4.2,1,-1.8,1,"","","","","","","","","","","","","","","","","","","","","","","","","","",64,1,"","","","","","","","","","","","",5.3,1,1020.4,1,"","","","","","",1,1,0,1,0,1,0,1,1,1,"","","","","","","","","","","","","","","","","","","","","","","","",10000,1,"","",2,1,0,1,"","","","","","","","","","","","","","","","","","","","","","","","","","","","","","","","","","","","","","","","","","","","","","","","","","","","","","","","","","","","","","","","","",""
"28070001","CHARTRES",48.4605,1.501167,155,1983021518,"","","","",4.,1,20,1,"","","","","","","","","","","","","","","","","","","","","","","","","","","","",0.6,1,-3.1,1,"","","","","","","","","","","","","","","","","","","","","","","","","","",76,1,"","","","","","","","","","","","",4.8,1,1021.9,1,"","","","","","","","",0,1,"","","","","","","","","","","","","","","","","","","","","","","","","","","","","","","","","","","","","","","","","","","","","","","","","","","","","","","","","","","","","","","","","","","","","","","","","","","","","","","","","","","","","","","","","","","","","","","","","","","","","","","",""
"28070001","CHARTRES",48.4605,1.501167,155,1983021521,"","","","",4.,1,40,1,"","","","","","","","","","","","","","","","","","","","","","","","","","","","",-0.6,1,-4.6,1,"","","","","","","","","","","","","","","","","","","","","","","","","","",74,1,"","","","","","","","","","","","",4.3,1,1023.,1,"","","","","","","","",0,1,"","","","","","","","","","","","","","","","","","","","","","","","","","","","","","","","","","","","","","","","","","","","","","","","","","","","","","","","","","","","","","","","","","","","","","","","","","","","","","","","","","","","","","","","","","","","","","","","","","","","","","","",""
"28070001","CHARTRES",48.4605,1.501167,155,1983021600,"","","","",4.,1,360,1,"","","","","","","","","","","","","","","","","","","","","","","","","","","","",-2.3,1,-4.,1,"","","","","","","","","","","","","","","","","","","","","","","","","","",87,1,"","","","","","","","","","","","",4.5,1,1023.2,1,"","","","","","","","",0,1,"","","","","","","","","","","","","","","","","","","","","","","","","","","","","","","","","","","","","","","","","","","","","","","","","","","","","","","","","","","","","","","","","","","","","","","","","","","","","","","","","","","","","","","","","","","","","","","","","","","","","","","",""
"28070001","CHARTRES",48.4605,1.501167,155,1983021603,"","","","",4.,1,20,1,"","","","","","","","","","","","","","","","","","","","","","","","","","","","",-3.3,1,-6.5,1,"","","","","","","","","","","","","","","","","","","","","","","","","","",78,1,"","","","","","","","","","","","",3.7,1,1023.2,1,"","","","","","","","",0,1,"","","","","","","","","","","","","","","","","","","","","","","","","","","","","","","","","","","","","","","","","","","","","","","","","","","","","","","","","","","","","","","","","","","","","","","","","","","","","","","","","","","","","","","","","","","","","","","","","","","","","","","",""
"28070001","CHARTRES",48.4605,1.501167,155,1983021606,"","","","",5.,1,20,1,"","","","","","","","","","","","","","","","","","","","","","","","","","","","",-4.,1,-6.8,1,"","","","","","","","","","","","","","","","","","","","","","","","","","",80,1,"","","","","","","","","","","","",3.6,1,1023.2,1,"","","","","","",0,1,"","",0,1,0,1,0,1,"","","","","","","","","","","","","","","","","","","","","","","","",7000,1,"","",0,1,"","","","",4,1,"","","","","","","","","","","","","","","","","","","","","","","","","","","","","","","","","","","","","","","","","","","","","","","","","","","","","","","","","","","","","",""
"28070001","CHARTRES",48.4605,1.501167,155,1983021609,"","","","",5.,1,40,1,"","","","","","","","","","","","","","","","","","","","","","","","","","","","",-3.,1,-6.5,1,"","","","","","","","","","","","","","","","","","","","","","","","","","",75,1,"","","","","","","","","","","","",3.7,1,1024.7,1,"","","","","","",0,1,"","",0,1,0,1,0,1,"","","","","","","","","","","","","","","","","","","","","","","","",10000,1,"","",2,1,0,1,"","","","","","","","","","","","","","","","","","","","","","","","","","","","","","","","","","","","","","","","","","","","","","","","","","","","","","","","","","","","","","","","","",""
"28070001","CHARTRES",48.4605,1.501167,155,1983021612,"","","","",7.,1,60,1,"","","","","","","","","","","","","","","","","","","","","","","","","","","","",0.2,1,-7.5,1,"","","","","","","","","","","","","","","","","","","","","","","","","","",55,1,"","","","","","","","","","","","",3.4,1,1024.6,1,"","","","","","",0,1,"","",0,1,0,1,0,1,"","","","","","","","","","","","","","","","","","","","","","","","",15000,1,"","",2,1,0,1,"","","","","","","","","","","","","","","","","","","","","","","","","","","","","","","","","","","","","","","","","","","","","","","","","","","","","","","","","","","","","","","","","",""
"28070001","CHARTRES",48.4605,1.501167,155,1983021615,"","","","",7.,1,60,1,"","","","","","","","","","","","","","","","","","","","","","","","","","","","",2.,1,-6.8,1,"","","","","","","","","","","","","","","","","","","","","","","","","","",51,1,"","","","","","","","","","","","",3.6,1,1024.8,1,"","","","","","",0,1,"","",0,1,0,1,0,1,"","","","","","","","","","","","","","","","","","","","","","","","",20000,1,"","",2,1,0,1,"","","","","","","","","","","","","","","","","","","","","","","","","","","","","","","","","","","","","","","","","","","","","","","","","","","","","","","","","","","","","","","","","",""
"28070001","CHARTRES",48.4605,1.501167,155,1983021618,"","","","",5.,1,40,1,"","","","","","","","","","","","","","","","","","","","","","","","","","","","",-0.9,1,-9.5,1,"","","","","","","","","","","","","","","","","","","","","","","","","","",51,1,"","","","","","","","","","","","",2.9,1,1025.8,1,"","","","","","","","","","","","","","","","","","","","","","","","","","","","","","","","","","","","","","","","","","","","","","","","","","","","","","","","","","","","","","","","","","","","","","","","","","","","","","","","","","","","","","","","","","","","","","","","","","","","","","","","","","","","","","","","","",""
"28070001","CHARTRES",48.4605,1.501167,155,1983021621,"","","","",4.,1,40,1,"","","","","","","","","","","","","","","","","","","","","","","","","","","","",-2.7,1,-9.1,1,"","","","","","","","","","","","","","","","","","","","","","","","","","",60,1,"","","","","","","","","","","","",3.,1,1027.3,1,"","","","","","","","","","","","","","","","","","","","","","","","","","","","","","","","","","","","","","","","","","","","","","","","","","","","","","","","","","","","","","","","","","","","","","","","","","","","","","","","","","","","","","","","","","","","","","","","","","","","","","","","","","","","","","","","","",""
"28070001","CHARTRES",48.4605,1.501167,155,1983021700,"","","","",6.,1,60,1,"","","","","","","","","","","","","","","","","","","","","","","","","","","","",-2.5,1,-11.3,1,"","","","","","","","","","","","","","","","","","","","","","","","","","",50,1,"","","","","","","","","","","","",2.5,1,1028.4,1,"","","","","","","","","","","","","","","","","","","","","","","","","","","","","","","","","","","","","","","","","","","","","","","","","","","","","","","","","","","","","","","","","","","","","","","","","","","","","","","","","","","","","","","","","","","","","","","","","","","","","","","","","","","","","","","","","",""
"28070001","CHARTRES",48.4605,1.501167,155,1983021703,"","","","",6.,1,60,1,"","","","","","","","","","","","","","","","","","","","","","","","","","","","",-4.,1,-11.3,1,"","","","","","","","","","","","","","","","","","","","","","","","","","",55,1,"","","","","","","","","","","","",2.5,1,1029.1,1,"","","","","","","","","","","","","","","","","","","","","","","","","","","","","","","","","","","","","","","","","","","","","","","","","","","","","","","","","","","","","","","","","","","","","","","","","","","","","","","","","","","","","","","","","","","","","","","","","","","","","","","","","","","","","","","","","",""
"28070001","CHARTRES",48.4605,1.501167,155,1983021706,"","","","",6.,1,60,1,"","","","","","","","","","","","","","","","","","","","","","","","","","","","",-4.3,1,-11.3,1,"","","","","","","","","","","","","","","","","","","","","","","","","","",56,1,"","","","","","","","","","","","",2.5,1,1029.1,1,"","","","","","",0,1,"","",0,1,0,1,0,1,"","","","","","","","","","","","","","","","","","","","","","","","",10000,1,"","",0,1,"","","","",4,1,"","","","","","","","","","","","","","","","","","","","","","","","","","","","","","","","","","","","","","","","","","","","","","","","","","","","","","","","","","","","","",""
"28070001","CHARTRES",48.4605,1.501167,155,1983021709,"","","","",8.,1,80,1,"","","","","","","","","","","","","","","","","","","","","","","","","","","","",-3.1,1,-10.9,1,"","","","","","","","","","","","","","","","","","","","","","","","","","",53,1,"","","","","","","","","","","","",2.6,1,1030.6,1,"","","","","","",0,1,"","",0,1,0,1,0,1,"","","","","","","","","","","","","","","","","","","","","","","","",20000,1,"","",2,1,0,1,"","","","","","","","","","","","","","","","","","","","","","","","","","","","","","","","","","","","","","","","","","","","","","","","","","","","","","","","","","","","","","","","","",""
"28070001","CHARTRES",48.4605,1.501167,155,1983021712,"","","","",7.,1,60,1,"","","","","","","","","","","","","","","","","","","","","","","","","","","","",-0.2,1,-9.1,1,"","","","","","","","","","","","","","","","","","","","","","","","","","",50,1,"","","","","","","","","","","","",3.,1,1030.6,1,"","","","","","",0,1,"","",0,1,0,1,0,1,"","","","","","","","","","","","","","","","","","","","","","","","",20000,1,"","",2,1,0,1,"","","","","","","","","","","","","","","","","","","","","","","","","","","","","","","","","","","","","","","","","","","","","","","","","","","","","","","","","","","","","","","","","",""
"28070001","CHARTRES",48.4605,1.501167,155,1983021715,"","","","",8.,1,80,1,"","","","","","","","","","","","","","","","","","","","","","","","","","","","",1.8,1,-7.5,1,"","","","","","","","","","","","","","","","","","","","","","","","","","",49,1,"","","","","","","","","","","","",3.4,1,1029.8,1,"","","","","","",0,1,"","",0,1,0,1,0,1,"","","","","","","","","","","","","","","","","","","","","","","","",20000,1,"","",2,1,0,1,"","","","","","","","","","","","","","","","","","","","","","","","","","","","","","","","","","","","","","","","","","","","","","","","","","","","","","","","","","","","","","","","","",""
"28070001","CHARTRES",48.4605,1.501167,155,1983021718,"","","","",5.,1,60,1,"","","","","","","","","","","","","","","","","","","","","","","","","","","","",-0.1,1,-7.5,1,"","","","","","","","","","","","","","","","","","","","","","","","","","",56,1,"","","","","","","","","","","","",3.4,1,1030.2,1,"","","","","","","","","","","","","","","","","","","","","","","","","","","","","","","","","","","","","","","","","","","","","","","","","","","","","","","","","","","","","","","","","","","","","","","","","","","","","","","","","","","","","","","","","","","","","","","","","","","","","","","","","","","","","","","","","",""
"28070001","CHARTRES",48.4605,1.501167,155,1983021721,"","","","",6.,1,80,1,"","","","","","","","","","","","","","","","","","","","","","","","","","","","",-1.,1,-5.8,1,"","","","","","","","","","","","","","","","","","","","","","","","","","",68,1,"","","","","","","","","","","","",3.9,1,1030.7,1,"","","","","","","","","","","","","","","","","","","","","","","","","","","","","","","","","","","","","","","","","","","","","","","","","","","","","","","","","","","","","","","","","","","","","","","","","","","","","","","","","","","","","","","","","","","","","","","","","","","","","","","","","","","","","","","","","",""
"28070001","CHARTRES",48.4605,1.501167,155,1983021800,"","","","",5.,1,60,1,"","","","","","","","","","","","","","","","","","","","","","","","","","","","",-2.5,1,-6.5,1,"","","","","","","","","","","","","","","","","","","","","","","","","","",73,1,"","","","","","","","","","","","",3.7,1,1031.6,1,"","","","","","","","","","","","","","","","","","","","","","","","","","","","","","","","","","","","","","","","","","","","","","","","","","","","","","","","","","","","","","","","","","","","","","","","","","","","","","","","","","","","","","","","","","","","","","","","","","","","","","","","","","","","","","","","","",""
"28070001","CHARTRES",48.4605,1.501167,155,1983021803,"","","","",5.,1,60,1,"","","","","","","","","","","","","","","","","","","","","","","","","","","","",-3.4,1,-7.2,1,"","","","","","","","","","","","","","","","","","","","","","","","","","",74,1,"","","","","","","","","","","","",3.5,1,1031.5,1,"","","","","","","","","","","","","","","","","","","","","","","","","","","","","","","","","","","","","","","","","","","","","","","","","","","","","","","","","","","","","","","","","","","","","","","","","","","","","","","","","","","","","","","","","","","","","","","","","","","","","","","","","","","","","","","","","",""
"28070001","CHARTRES",48.4605,1.501167,155,1983021806,"","","","",5.,1,60,1,"","","","","","","","","","","","","","","","","","","","","","","","","","","","",-4.2,1,-7.5,1,"","","","","","","","","","","","","","","","","","","","","","","","","","",77,1,"","","","","","","","","","","","",3.4,1,1031.,1,"","","","","","",0,1,"","",0,1,0,1,0,1,"","","","","","","","","","","","","","","","","","","","","","","","",10000,1,"","",0,1,"","","","",4,1,"","","","","","","","","","","","","","","","","","","","","","","","","","","","","","","","","","","","","","","","","","","","","","","","","","","","","","","","","","","","","",""
"28070001","CHARTRES",48.4605,1.501167,155,1983021809,"","","","",7.,1,60,1,"","","","","","","","","","","","","","","","","","","","","","","","","","","","",-2.,1,-7.5,1,"","","","","","","","","","","","","","","","","","","","","","","","","","",64,1,"","","","","","","","","","","","",3.4,1,1031.2,1,"","","","","","",0,1,"","",0,1,0,1,0,1,"","","","","","","","","","","","","","","","","","","","","","","","",12000,1,"","",2,1,0,1,"","","","","","","","","","","","","","","","","","","","","","","","","","","","","","","","","","","","","","","","","","","","","","","","","","","","","","","","","","","","","","","","","",""
"28070001","CHARTRES",48.4605,1.501167,155,1983021812,"","","","",7.,1,80,1,"","","","","","","","","","","","","","","","","","","","","","","","","","","","",2.3,1,-6.1,1,"","","","","","","","","","","","","","","","","","","","","","","","","","",52,1,"","","","","","","","","","","","",3.8,1,1030.,1,"","","","","","",0,1,"","",0,1,0,1,0,1,"","","","","","","","","","","","","","","","","","","","","","","","",15000,1,"","",2,1,0,1,"","","","","","","","","","","","","","","","","","","","","","","","","","","","","","","","","","","","","","","","","","","","","","","","","","","","","","","","","","","","","","","","","",""
"28070001","CHARTRES",48.4605,1.501167,155,1983021815,"","","","",8.,1,80,1,"","","","","","","","","","","","","","","","","","","","","","","","","","","","",3.8,1,-6.1,1,"","","","","","","","","","","","","","","","","","","","","","","","","","","","","","","","","","","","","","","","",3.8,1,1029.1,1,"","","","","","",0,1,"","",0,1,0,1,0,1,"","","","","","","","","","","","","","","","","","","","","","","","",20000,1,"","",2,1,0,1,"","","","","","","","","","","","","","","","","","","","","","","","","","","","","","","","","","","","","","","","","","","","","","","","","","","","","","","","","","","","","","","","","",""
"28070001","CHARTRES",48.4605,1.501167,155,1983021818,"","","","",2.,1,120,1,"","","","","","","","","","","","","","","","","","","","","","","","","","","","",-0.3,1,-6.5,1,"","","","","","","","","","","","","","","","","","","","","","","","","","",62,1,"","","","","","","","","","","","",3.7,1,1029.9,1,"","","","","","","","","","","","","","","","","","","","","","","","","","","","","","","","","","","","","","","","","","","","","","","","","","","","","","","","","","","","","","","","","","","","","","","","","","","","","","","","","","","","","","","","","","","","","","","","","","","","","","","","","","","","","","","","","",""
"28070001","CHARTRES",48.4605,1.501167,155,1983021821,"","","","",3.,1,60,1,"","","","","","","","","","","","","","","","","","","","","","","","","","","","",-1.8,1,-4.3,1,"","","","","","","","","","","","","","","","","","","","","","","","","","",83,1,"","","","","","","","","","","","",4.4,1,1030.4,1,"","","","","","","","","","","","","","","","","","","","","","","","","","","","","","","","","","","","","","","","","","","","","","","","","","","","","","","","","","","","","","","","","","","","","","","","","","","","","","","","","","","","","","","","","","","","","","","","","","","","","","","","","","","","","","","","","",""
"28070001","CHARTRES",48.4605,1.501167,155,1983021900,"","","","",2.,1,60,1,"","","","","","","","","","","","","","","","","","","","","","","","","","","","",-3.5,1,-5.2,1,"","","","","","","","","","","","","","","","","","","","","","","","","","",86,1,"","","","","","","","","","","","",4.1,1,1030.5,1,"","","","","","","","","","","","","","","","","","","","","","","","","","","","","","","","","","","","","","","","","","","","","","","","","","","","","","","","","","","","","","","","","","","","","","","","","","","","","","","","","","","","","","","","","","","","","","","","","","","","","","","","","","","","","","","","","",""
"28070001","CHARTRES",48.4605,1.501167,155,1983021903,"","","","",2.,1,100,1,"","","","","","","","","","","","","","","","","","","","","","","","","","","","",-4.7,1,-5.8,1,"","","","","","","","","","","","","","","","","","","","","","","","","","",90,1,"","","","","","","","","","","","",3.9,1,1030.3,1,"","","","","","","","","","","","","","","","","","","","","","","","","","","","","","","","","","","","","","","","","","","","","","","","","","","","","","","","","","","","","","","","","","","","","","","","","","","","","","","","","","","","","","","","","","","","","","","","","","","","","","","","","","","","","","","","","",""
"28070001","CHARTRES",48.4605,1.501167,155,1983021906,"","","","",2.,1,60,1,"","","","","","","","","","","","","","","","","","","","","","","","","","","","",-5.8,1,-7.2,1,"","","","","","","","","","","","","","","","","","","","","","","","","","",89,1,"","","","","","","","","","","","",3.5,1,1029.8,1,"","","","","","",1,1,0,1,0,1,0,1,1,1,"","","","","","","","","","","","","","","","","","","","","","","","",6000,1,"","",0,1,"","","","",4,1,"","","","","","","","","","","","","","","","","","","","","","","","","","","","","","","","","","","","","","","","","","","","","","","","","","","","","","","","","","","","","",""
"28070001","CHARTRES",48.4605,1.501167,155,1983021909,"","","","",1.,1,60,1,"","","","","","","","","","","","","","","","","","","","","","","","","","","","",-2.1,1,-5.2,1,"","","","","","","","","","","","","","","","","","","","","","","","","","",79,1,"","","","","","","","","","","","",4.1,1,1030.1,1,"","","","","","",0,1,"","",0,1,0,1,0,1,"","","","","","","","","","","","","","","","","","","","","","","","",5000,1,"","",2,1,0,1,"","","","","","","","","","","","","","","","","","","","","","","","","","","","","","","","","","","","","","","","","","","","","","","","","","","","","","","","","","","","","","","","","",""
"28070001","CHARTRES",48.4605,1.501167,155,1983021912,"","","","",3.,1,140,1,"","","","","","","","","","","","","","","","","","","","","","","","","","","","",5.6,1,-1.3,1,"","","","","","","","","","","","","","","","","","","","","","","","","","",60,1,"","","","","","","","","","","","",5.5,1,1028.8,1,"","","","","","",0,1,"","",0,1,0,1,0,1,"","","","","","","","","","","","","","","","","","","","","","","","",8000,1,"","",2,1,0,1,"","","","","","","","","","","","","","","","","","","","","","","","","","","","","","","","","","","","","","","","","","","","","","","","","","","","","","","","","","","","","","","","","",""
"28070001","CHARTRES",48.4605,1.501167,155,1983021915,"","","","",3.,1,40,1,"","","","","","","","","","","","","","","","","","","","","","","","","","","","",8.,1,-1.1,1,"","","","","","","","","","","","","","","","","","","","","","","","","","",52,1,"","","","","","","","","","","","",5.6,1,1027.2,1,"","","","","","",0,1,"","",0,1,0,1,0,1,"","","","","","","","","","","","","","","","","","","","","","","","",12000,1,"","",2,1,0,1,"","","","","","","","","","","","","","","","","","","","","","","","","","","","","","","","","","","","","","","","","","","","","","","","","","","","","","","","","","","","","","","","","",""
"28070001","CHARTRES",48.4605,1.501167,155,1983021918,"","","","",1.,1,60,1,"","","","","","","","","","","","","","","","","","","","","","","","","","","","",3.6,1,-5.5,1,"","","","","","","","","","","","","","","","","","","","","","","","","","",50,1,"","","","","","","","","","","","",4.,1,1027.1,1,"","","","","","","","","","","","","","","","","","","","","","","","","","","","","","","","","","","","","","","","","","","","","","","","","","","","","","","","","","","","","","","","","","","","","","","","","","","","","","","","","","","","","","","","","","","","","","","","","","","","","","","","","","","","","","","","","",""
"28070001","CHARTRES",48.4605,1.501167,155,1983021921,"","","","",2.,1,40,1,"","","","","","","","","","","","","","","","","","","","","","","","","","","","",-1.,1,-3.1,1,"","","","","","","","","","","","","","","","","","","","","","","","","","",85,1,"","","","","","","","","","","","",4.8,1,1027.4,1,"","","","","","","","","","","","","","","","","","","","","","","","","","","","","","","","","","","","","","","","","","","","","","","","","","","","","","","","","","","","","","","","","","","","","","","","","","","","","","","","","","","","","","","","","","","","","","","","","","","","","","","","","","","","","","","","","",""
"28070001","CHARTRES",48.4605,1.501167,155,1983022000,"","","","",2.,1,40,1,"","","","","","","","","","","","","","","","","","","","","","","","","","","","",-3.,1,-4.,1,"","","","","","","","","","","","","","","","","","","","","","","","","","",92,1,"","","","","","","","","","","","",4.5,1,1027.1,1,"","","","","","","","","","","","","","","","","","","","","","","","","","","","","","","","","","","","","","","","","","","","","","","","","","","","","","","","","","","","","","","","","","","","","","","","","","","","","","","","","","","","","","","","","","","","","","","","","","","","","","","","","","","","","","","","","",""
"28070001","CHARTRES",48.4605,1.501167,155,1983022003,"","","","",2.,1,40,1,"","","","","","","","","","","","","","","","","","","","","","","","","","","","",-3.6,1,-5.2,1,"","","","","","","","","","","","","","","","","","","","","","","","","","",88,1,"","","","","","","","","","","","",4.1,1,1026.1,1,"","","","","","","","","","","","","","","","","","","","","","","","","","","","","","","","","","","","","","","","","","","","","","","","","","","","","","","","","","","","","","","","","","","","","","","","","","","","","","","","","","","","","","","","","","","","","","","","","","","","","","","","","","","","","","","","","",""
"28070001","CHARTRES",48.4605,1.501167,155,1983022006,"","","","",2.,1,40,1,"","","","","","","","","","","","","","","","","","","","","","","","","","","","",-4.5,1,-6.1,1,"","","","","","","","","","","","","","","","","","","","","","","","","","",86,1,"","","","","","","","","","","","",3.8,1,1025.4,1,"","","","","","",0,1,"","",0,1,0,1,0,1,"","","","","","","","","","","","","","","","","","","","","","","","",5000,1,"","",0,1,"","","","",4,1,"","","","","","","","","","","","","","","","","","","","","","","","","","","","","","","","","","","","","","","","","","","","","","","","","","","","","","","","","","","","","",""
"28070001","CHARTRES",48.4605,1.501167,155,1983022009,"","","","",2.,1,360,1,"","","","","","","","","","","","","","","","","","","","","","","","","","","","",-1.7,1,-3.4,1,"","","","","","","","","","","","","","","","","","","","","","","","","","",88,1,"","","","","","","","","","","","",4.7,1,1025.8,1,"","","","","","",1,1,0,1,0,1,0,1,2,1,"","","","","","","","","","","","","","","","","","","","","","","","",2500,1,"","",10,1,0,1,"","","","","","","","","","","","","","","","","","","","","","","","","","","","","","","","","","","","","","","","","","","","","","","","","","","","","","","","","","","","","","","","","",""
"28070001","CHARTRES",48.4605,1.501167,155,1983022012,"","","","",4.,1,80,1,"","","","","","","","","","","","","","","","","","","","","","","","","","","","",6.,1,-2.3,1,"","","","","","","","","","","","","","","","","","","","","","","","","","",55,1,"","","","","","","","","","","","",5.1,1,1024.5,1,"","","","","","",2,1,0,1,0,1,0,1,2,1,"","","","","","","","","","","","","","","","","","","","","","","","",6000,1,"","",3,1,0,1,"","","","","","","","","","","","","","","","","","","","","","","","","","","","","","","","","","","","","","","","","","","","","","","","","","","","","","","","","","","","","","","","","",""
"28070001","CHARTRES",48.4605,1.501167,155,1983022015,"","","","",4.,1,60,1,"","","","","","","","","","","","","","","","","","","","","","","","","","","","",7.2,1,-1.6,1,"","","","","","","","","","","","","","","","","","","","","","","","","","",53,1,"","","","","","","","","","","","",5.4,1,1023.1,1,"","","","","","",6,1,6,1,0,1,0,1,2,1,"","","","","","","","","","","","","","","","","","","","","","","","",15000,1,"","",2,1,1,1,"","","","","","","","","","","","","","","","","","","","","","","","","","","","","","","","","","","","","","","","","","","","","","","","","","","","","","","","","","","","","","","","","",""
"28070001","CHARTRES",48.4605,1.501167,155,1983022018,"","","","",3.,1,20,1,"","","","","","","","","","","","","","","","","","","","","","","","","","","","",1.2,1,-6.5,1,"","","","","","","","","","","","","","","","","","","","","","","","","","",56,1,"","","","","","","","","","","","",3.7,1,1024.4,1,"","","","","","","","",6,1,"","","","","","","","","","","","","","","","","","","","","","","","","","","","","","","","","","","","","","","","","","","","","","","","","","","","","","","","","","","","","","","","","","","","","","","","","","","","","","","","","","","","","","","","","","","","","","","","","","","","","","","",""
"28070001","CHARTRES",48.4605,1.501167,155,1983022021,"","","","",3.,1,20,1,"","","","","","","","","","","","","","","","","","","","","","","","","","","","",0.,1,-3.1,1,"","","","","","","","","","","","","","","","","","","","","","","","","","",78,1,"","","","","","","","","","","","",4.8,1,1024.7,1,"","","","","","","","",6,1,"","","","","","","","","","","","","","","","","","","","","","","","","","","","","","","","","","","","","","","","","","","","","","","","","","","","","","","","","","","","","","","","","","","","","","","","","","","","","","","","","","","","","","","","","","","","","","","","","","","","","","","",""
"28070001","CHARTRES",48.4605,1.501167,155,1983022100,"","","","",4.,1,20,1,"","","","","","","","","","","","","","","","","","","","","","","","","","","","",-0.8,1,-3.4,1,"","","","","","","","","","","","","","","","","","","","","","","","","","",82,1,"","","","","","","","","","","","",4.7,1,1025.,1,"","","","","","","","",6,1,"","","","","","","","","","","","","","","","","","","","","","","","","","","","","","","","","","","","","","","","","","","","","","","","","","","","","","","","","","","","","","","","","","","","","","","","","","","","","","","","","","","","","","","","","","","","","","","","","","","","","","","",""
"28070001","CHARTRES",48.4605,1.501167,155,1983022103,"","","","",4.,1,40,1,"","","","","","","","","","","","","","","","","","","","","","","","","","","","",-2.2,1,-4.,1,"","","","","","","","","","","","","","","","","","","","","","","","","","",86,1,"","","","","","","","","","","","",4.5,1,1024.9,1,"","","","","","","","",6,1,"","","","","","","","","","","","","","","","","","","","","","","","","","","","","","","","","","","","","","","","","","","","","","","","","","","","","","","","","","","","","","","","","","","","","","","","","","","","","","","","","","","","","","","","","","","","","","","","","","","","","","","",""
"28070001","CHARTRES",48.4605,1.501167,155,1983022106,"","","","",3.,1,40,1,"","","","","","","","","","","","","","","","","","","","","","","","","","","","",-2.,1,-4.,1,"","","","","","","","","","","","","","","","","","","","","","","","","","",85,1,"","","","","","","","","","","","",4.5,1,1025.8,1,"","","","","","",2,1,0,1,0,1,0,1,2,1,"","","","","","","","","","","","","","","","","","","","","","","","",10000,1,"","",0,1,"","","","",4,1,"","","","","","","","","","","","","","","","","","","","","","","","","","","","","","","","","","","","","","","","","","","","","","","","","","","","","","","","","","","","","",""
"28070001","CHARTRES",48.4605,1.501167,155,1983022109,"","","","",6.,1,60,1,"","","","","","","","","","","","","","","","","","","","","","","","","","","","",0.2,1,-0.6,1,"","","","","","","","","","","","","","","","","","","","","","","","","","",94,1,"","","","","","","","","","","","",5.8,1,1026.4,1,"","","","","","",6,1,6,1,0,1,8,1,2,1,"","","","","","","","","","","","","","","","","","","","","","","","",6000,1,"","",3,1,1,1,"","","","","","","","","","","","","","","","","","","","","","","","","","","","","","","","","","","","","","","","","","","","","","","","","","","","","","","","","","","","","","","","","",""
"28070001","CHARTRES",48.4605,1.501167,155,1983022112,"","","","",8.,1,80,1,"","","","","","","","","","","","","","","","","","","","","","","","","","","","",3.3,1,-0.2,1,"","","","","","","","","","","","","","","","","","","","","","","","","","",78,1,"","","","","","","","","","","","",6.,1,1026.7,1,"","","","","","",7,1,7,1,0,1,3,1,2,1,"","","","","","","","","","","","","","","","","","","","","","","","",15000,1,"","",2,1,1,1,"","","","","","","","","","","","","","","","","","","","","","","","","","","","","","","","","","","","","","","","","","","","","","","","","","","","","","","","","","","","","","","","","",""
"28070001","CHARTRES",48.4605,1.501167,155,1983022115,"","","","",7.,1,60,1,"","","","","","","","","","","","","","","","","","","","","","","","","","","","",3.6,1,-4.9,1,"","","","","","","","","","","","","","","","","","","","","","","","","","",53,1,"","","","","","","","","","","","",4.2,1,1025.7,1,"","","","","","",6,1,6,1,0,1,0,1,2,1,"","","","","","","","","","","","","","","","","","","","","","","","",20000,1,"","",2,1,2,1,"","","","","","","","","","","","","","","","","","","","","","","","","","","","","","","","","","","","","","","","","","","","","","","","","","","","","","","","","","","","","","","","","",""
"28070001","CHARTRES",48.4605,1.501167,155,1983022118,"","","","",3.,1,60,1,"","","","","","","","","","","","","","","","","","","","","","","","","","","","",-0.3,1,-3.4,1,"","","","","","","","","","","","","","","","","","","","","","","","","","",79,1,"","","","","","","","","","","","",4.7,1,1026.,1,"","","","","","","","",6,1,"","","","","","","","","","","","","","","","","","","","","","","","","","","","","","","","","","","","","","","","","","","","","","","","","","","","","","","","","","","","","","","","","","","","","","","","","","","","","","","","","","","","","","","","","","","","","","","","","","","","","","","",""
"28070001","CHARTRES",48.4605,1.501167,155,1983022121,"","","","",4.,1,80,1,"","","","","","","","","","","","","","","","","","","","","","","","","","","","",-1.5,1,-3.1,1,"","","","","","","","","","","","","","","","","","","","","","","","","","",88,1,"","","","","","","","","","","","",4.8,1,1026.4,1,"","","","","","","","",6,1,"","","","","","","","","","","","","","","","","","","","","","","","","","","","","","","","","","","","","","","","","","","","","","","","","","","","","","","","","","","","","","","","","","","","","","","","","","","","","","","","","","","","","","","","","","","","","","","","","","","","","","","",""
"28070001","CHARTRES",48.4605,1.501167,155,1983022200,"","","","",5.,1,60,1,"","","","","","","","","","","","","","","","","","","","","","","","","","","","",-2.2,1,-3.7,1,"","","","","","","","","","","","","","","","","","","","","","","","","","",89,1,"","","","","","","","","","","","",4.6,1,1026.7,1,"","","","","","","","",6,1,"","","","","","","","","","","","","","","","","","","","","","","","","","","","","","","","","","","","","","","","","","","","","","","","","","","","","","","","","","","","","","","","","","","","","","","","","","","","","","","","","","","","","","","","","","","","","","","","","","","","","","","",""
"28070001","CHARTRES",48.4605,1.501167,155,1983022203,"","","","",5.,1,80,1,"","","","","","","","","","","","","","","","","","","","","","","","","","","","",-3.5,1,-5.5,1,"","","","","","","","","","","","","","","","","","","","","","","","","","",84,1,"","","","","","","","","","","","",4.,1,1026.3,1,"","","","","","","","",6,1,"","","","","","","","","","","","","","","","","","","","","","","","","","","","","","","","","","","","","","","","","","","","","","","","","","","","","","","","","","","","","","","","","","","","","","","","","","","","","","","","","","","","","","","","","","","","","","","","","","","","","","","",""
"28070001","CHARTRES",48.4605,1.501167,155,1983022206,"","","","",5.,1,60,1,"","","","","","","","","","","","","","","","","","","","","","","","","","","","",-4.2,1,-6.1,1,"","","","","","","","","","","","","","","","","","","","","","","","","","",84,1,"","","","","","","","","","","","",3.8,1,1026.2,1,"","","","","","",0,1,"","",0,1,0,1,0,1,"","","","","","","","","","","","","","","","","","","","","","","","",12000,1,"","",0,1,"","","","",4,1,"","","","","","","","","","","","","","","","","","","","","","","","","","","","","","","","","","","","","","","","","","","","","","","","","","","","","","","","","","","","","",""
"28070001","CHARTRES",48.4605,1.501167,155,1983022209,"","","","",7.,1,80,1,"","","","","","","","","","","","","","","","","","","","","","","","","","","","",-2.,1,-8.3,1,"","","","","","","","","","","","","","","","","","","","","","","","","","",60,1,"","","","","","","","","","","","",3.2,1,1026.7,1,"","","","","","",0,1,"","",0,1,0,1,0,1,"","","","","","","","","","","","","","","","","","","","","","","","",20000,1,"","",2,1,0,1,"","","","","","","","","","","","","","","","","","","","","","","","","","","","","","","","","","","","","","","","","","","","","","","","","","","","","","","","","","","","","","","","","",""
"28070001","CHARTRES",48.4605,1.501167,155,1983022212,"","","","",7.,1,100,1,"","","","","","","","","","","","","","","","","","","","","","","","","","","","",2.8,1,-7.9,1,"","","","","","","","","","","","","","","","","","","","","","","","","","",45,1,"","","","","","","","","","","","",3.3,1,1025.5,1,"","","","","","",0,1,"","",0,1,0,1,0,1,"","","","","","","","","","","","","","","","","","","","","","","","",20000,1,"","",2,1,0,1,"","","","","","","","","","","","","","","","","","","","","","","","","","","","","","","","","","","","","","","","","","","","","","","","","","","","","","","","","","","","","","","","","",""
"28070001","CHARTRES",48.4605,1.501167,155,1983022215,"","","","",7.,1,80,1,"","","","","","","","","","","","","","","","","","","","","","","","","","","","",4.6,1,-7.5,1,"","","","","","","","","","","","","","","","","","","","","","","","","","","","","","","","","","","","","","","","",3.4,1,1024.1,1,"","","","","","",0,1,"","",0,1,0,1,0,1,"","","","","","","","","","","","","","","","","","","","","","","","",20000,1,"","",2,1,0,1,"","","","","","","","","","","","","","","","","","","","","","","","","","","","","","","","","","","","","","","","","","","","","","","","","","","","","","","","","","","","","","","","","",""
"28070001","CHARTRES",48.4605,1.501167,155,1983022218,"","","","",5.,1,80,1,"","","","","","","","","","","","","","","","","","","","","","","","","","","","",-0.3,1,-8.3,1,"","","","","","","","","","","","","","","","","","","","","","","","","","",53,1,"","","","","","","","","","","","",3.2,1,1024.5,1,"","","","","","","","","","","","","","","","","","","","","","","","","","","","","","","","","","","","","","","","","","","","","","","","","","","","","","","","","","","","","","","","","","","","","","","","","","","","","","","","","","","","","","","","","","","","","","","","","","","","","","","","","","","","","","","","","",""
"28070001","CHARTRES",48.4605,1.501167,155,1983022221,"","","","",5.,1,100,1,"","","","","","","","","","","","","","","","","","","","","","","","","","","","",-1.,1,-8.7,1,"","","","","","","","","","","","","","","","","","","","","","","","","","",54,1,"","","","","","","","","","","","",3.1,1,1025.1,1,"","","","","","","","","","","","","","","","","","","","","","","","","","","","","","","","","","","","","","","","","","","","","","","","","","","","","","","","","","","","","","","","","","","","","","","","","","","","","","","","","","","","","","","","","","","","","","","","","","","","","","","","","","","","","","","","","",""
"28070001","CHARTRES",48.4605,1.501167,155,1983022300,"","","","",5.,1,80,1,"","","","","","","","","","","","","","","","","","","","","","","","","","","","",-2.5,1,-9.1,1,"","","","","","","","","","","","","","","","","","","","","","","","","","",60,1,"","","","","","","","","","","","",3.,1,1025.3,1,"","","","","","","","","","","","","","","","","","","","","","","","","","","","","","","","","","","","","","","","","","","","","","","","","","","","","","","","","","","","","","","","","","","","","","","","","","","","","","","","","","","","","","","","","","","","","","","","","","","","","","","","","","","","","","","","","",""
"28070001","CHARTRES",48.4605,1.501167,155,1983022303,"","","","",5.,1,80,1,"","","","","","","","","","","","","","","","","","","","","","","","","","","","",-3.4,1,-9.1,1,"","","","","","","","","","","","","","","","","","","","","","","","","","",63,1,"","","","","","","","","","","","",3.,1,1024.7,1,"","","","","","","","","","","","","","","","","","","","","","","","","","","","","","","","","","","","","","","","","","","","","","","","","","","","","","","","","","","","","","","","","","","","","","","","","","","","","","","","","","","","","","","","","","","","","","","","","","","","","","","","","","","","","","","","","",""
"28070001","CHARTRES",48.4605,1.501167,155,1983022306,"","","","",4.,1,100,1,"","","","","","","","","","","","","","","","","","","","","","","","","","","","",-5.,1,-9.1,1,"","","","","","","","","","","","","","","","","","","","","","","","","","",71,1,"","","","","","","","","","","","",3.,1,1024.7,1,"","","","","","",2,1,0,1,0,1,0,1,1,1,"","","","","","","","","","","","","","","","","","","","","","","","",7000,1,"","",0,1,"","","","",4,1,"","","","","","","","","","","","","","","","","","","","","","","","","","","","","","","","","","","","","","","","","","","","","","","","","","","","","","","","","","","","","",""
"28070001","CHARTRES",48.4605,1.501167,155,1983022309,"","","","",4.,1,100,1,"","","","","","","","","","","","","","","","","","","","","","","","","","","","",-0.9,1,-7.2,1,"","","","","","","","","","","","","","","","","","","","","","","","","","",61,1,"","","","","","","","","","","","",3.5,1,1024.7,1,"","","","","","",2,1,0,1,0,1,0,1,1,1,"","","","","","","","","","","","","","","","","","","","","","","","",15000,1,"","",1,1,0,1,"","","","","","","","","","","","","","","","","","","","","","","","","","","","","","","","","","","","","","","","","","","","","","","","","","","","","","","","","","","","","","","","","",""
"28070001","CHARTRES",48.4605,1.501167,155,1983022312,"","","","",6.,1,120,1,"","","","","","","","","","","","","","","","","","","","","","","","","","","","",6.8,1,1.,1,"","","","","","","","","","","","","","","","","","","","","","","","","","",66,1,"","","","","","","","","","","","",6.6,1,1023.8,1,"","","","","","",5,1,5,1,0,1,0,1,1,1,"","","","","","","","","","","","","","","","","","","","","","","","",20000,1,"","",2,1,1,1,"","","","","","","","","","","","","","","","","","","","","","","","","","","","","","","","","","","","","","","","","","","","","","","","","","","","","","","","","","","","","","","","","",""
"28070001","CHARTRES",48.4605,1.501167,155,1983022315,"","","","",7.,1,120,1,"","","","","","","","","","","","","","","","","","","","","","","","","","","","",10.1,1,5.7,1,"","","","","","","","","","","","","","","","","","","","","","","","","","",76,1,"","","","","","","","","","","","",9.3,1,1022.3,1,"","","","","","",6,1,6,1,0,1,5,1,1,1,"","","","","","","","","","","","","","","","","","","","","","","","",20000,1,"","",3,1,2,1,"","","","","","","","","","","","","","","","","","","","","","","","","","","","","","","","","","","","","","","","","","","","","","","","","","","","","","","","","","","","","","","","","",""
"28070001","CHARTRES",48.4605,1.501167,155,1983022318,"","","","",3.,1,160,1,"","","","","","","","","","","","","","","","","","","","","","","","","","","","",7.2,1,3.4,1,"","","","","","","","","","","","","","","","","","","","","","","","","","",78,1,"","","","","","","","","","","","",7.9,1,1023.6,1,"","","","","","","","",6,1,"","","","","","","","","","","","","","","","","","","","","","","","","","","","","","","","","","","","","","","","","","","","","","","","","","","","","","","","","","","","","","","","","","","","","","","","","","","","","","","","","","","","","","","","","","","","","","","","","","","","","","","",""
"28070001","CHARTRES",48.4605,1.501167,155,1983022321,"","","","",5.,1,140,1,"","","","","","","","","","","","","","","","","","","","","","","","","","","","",6.,1,5.4,1,"","","","","","","","","","","","","","","","","","","","","","","","","","",97,1,"","","","","","","","","","","","",9.1,1,1024.3,1,"","","","","","","","",6,1,"","","","","","","","","","","","","","","","","","","","","","","","","","","","","","","","","","","","","","","","","","","","","","","","","","","","","","","","","","","","","","","","","","","","","","","","","","","","","","","","","","","","","","","","","","","","","","","","","","","","","","","",""
"28070001","CHARTRES",48.4605,1.501167,155,1983022400,"","","","",5.,1,160,1,"","","","","","","","","","","","","","","","","","","","","","","","","","","","",6.,1,5.4,1,"","","","","","","","","","","","","","","","","","","","","","","","","","",97,1,"","","","","","","","","","","","",9.1,1,1024.3,1,"","","","","","","","",6,1,"","","","","","","","","","","","","","","","","","","","","","","","","","","","","","","","","","","","","","","","","","","","","","","","","","","","","","","","","","","","","","","","","","","","","","","","","","","","","","","","","","","","","","","","","","","","","","","","","","","","","","","",""
"28070001","CHARTRES",48.4605,1.501167,155,1983022403,"","","","",5.,1,160,1,"","","","","","","","","","","","","","","","","","","","","","","","","","","","",5.8,1,5.1,1,"","","","","","","","","","","","","","","","","","","","","","","","","","",97,1,"","","","","","","","","","","","",8.9,1,1024.7,1,"","","","","","","","",6,1,"","","","","","","","","","","","","","","","","","","","","","","","","","","","","","","","","","","","","","","","","","","","","","","","","","","","","","","","","","","","","","","","","","","","","","","","","","","","","","","","","","","","","","","","","","","","","","","","","","","","","","","",""
"28070001","CHARTRES",48.4605,1.501167,155,1983022406,"","","","",5.,1,180,1,"","","","","","","","","","","","","","","","","","","","","","","","","","","","",5.3,1,4.6,1,"","","","","","","","","","","","","","","","","","","","","","","","","","",97,1,"","","","","","","","","","","","",8.6,1,1025.1,1,"","","","","","",8,1,8,1,7,1,"","","","","","","","","","","","","","","","","","","","","","","","","","","","",2000,1,"","",10,1,"","","","",2,1,"","","","","","","","","","","","","","","","","","","","","","","","","","","","","","","","","","","","","","","","","","","","","","","","","","","","","","","","","","","","","",""
"28070001","CHARTRES",48.4605,1.501167,155,1983022409,"","","","",5.,1,180,1,"","","","","","","","","","","","","","","","","","","","","","","","","","","","",5.6,1,4.8,1,"","","","","","","","","","","","","","","","","","","","","","","","","","",95,1,"","","","","","","","","","","","",8.7,1,1026.,1,"","","","","","",8,1,8,1,7,1,"","","","","","","","","","","","","","","","","","","","","","","","","","","","",1800,1,"","",10,1,6,1,"","","","","","","","","","","","","","","","","","","","","","","","","","","","","","","","","","","","","","","","","","","","","","","","","","","","","","","","","","","","","","","","","",""
"28070001","CHARTRES",48.4605,1.501167,155,1983022412,"","","","",5.,1,180,1,"","","","","","","","","","","","","","","","","","","","","","","","","","","","",7.2,1,6.2,1,"","","","","","","","","","","","","","","","","","","","","","","","","","",94,1,"","","","","","","","","","","","",9.6,1,1026.3,1,"","","","","","",8,1,8,1,5,1,"","","","","","","","","","","","","","","","","","","","","","","","","","","","",6000,1,"","",1,1,6,1,"","","","","","","","","","","","","","","","","","","","","","","","","","","","","","","","","","","","","","","","","","","","","","","","","","","","","","","","","","","","","","","","","",""
"28070001","CHARTRES",48.4605,1.501167,155,1983022415,"","","","",4.,1,180,1,"","","","","","","","","","","","","","","","","","","","","","","","","","","","",9.,1,6.6,1,"","","","","","","","","","","","","","","","","","","","","","","","","","",86,1,"","","","","","","","","","","","",9.9,1,1025.2,1,"","","","","","",8,1,8,1,5,1,"","","","","","","","","","","","","","","","","","","","","","","","","","","","",10000,1,"","",2,1,2,1,"","","","","","","","","","","","","","","","","","","","","","","","","","","","","","","","","","","","","","","","","","","","","","","","","","","","","","","","","","","","","","","","","",""
"28070001","CHARTRES",48.4605,1.501167,155,1983022418,"","","","",3.,1,140,1,"","","","","","","","","","","","","","","","","","","","","","","","","","","","",7.8,1,6.6,1,"","","","","","","","","","","","","","","","","","","","","","","","","","",94,1,"","","","","","","","","","","","",9.9,1,1024.7,1,"","","","","","","","",8,1,"","","","","","","","","","","","","","","","","","","","","","","","","","","","","","","","","","","","","","","","","","","","","","","","","","","","","","","","","","","","","","","","","","","","","","","","","","","","","","","","","","","","","","","","","","","","","","","","","","","","","","","",""
"28070001","CHARTRES",48.4605,1.501167,155,1983022421,"","","","",4.,1,140,1,"","","","","","","","","","","","","","","","","","","","","","","","","","","","",6.3,1,5.4,1,"","","","","","","","","","","","","","","","","","","","","","","","","","",95,1,"","","","","","","","","","","","",9.1,1,1023.8,1,"","","","","","","","",8,1,"","","","","","","","","","","","","","","","","","","","","","","","","","","","","","","","","","","","","","","","","","","","","","","","","","","","","","","","","","","","","","","","","","","","","","","","","","","","","","","","","","","","","","","","","","","","","","","","","","","","","","","",""
"28070001","CHARTRES",48.4605,1.501167,155,1983022500,"","","","",5.,1,160,1,"","","","","","","","","","","","","","","","","","","","","","","","","","","","",6.3,1,5.6,1,"","","","","","","","","","","","","","","","","","","","","","","","","","",96,1,"","","","","","","","","","","","",9.2,1,1022.,1,"","","","","","","","",8,1,"","","","","","","","","","","","","","","","","","","","","","","","","","","","","","","","","","","","","","","","","","","","","","","","","","","","","","","","","","","","","","","","","","","","","","","","","","","","","","","","","","","","","","","","","","","","","","","","","","","","","","","",""
"28070001","CHARTRES",48.4605,1.501167,155,1983022503,"","","","",7.,1,140,1,"","","","","","","","","","","","","","","","","","","","","","","","","","","","",6.3,1,5.6,1,"","","","","","","","","","","","","","","","","","","","","","","","","","",96,1,"","","","","","","","","","","","",9.2,1,1019.3,1,"","","","","","","","",8,1,"","","","","","","","","","","","","","","","","","","","","","","","","","","","","","","","","","","","","","","","","","","","","","","","","","","","","","","","","","","","","","","","","","","","","","","","","","","","","","","","","","","","","","","","","","","","","","","","","","","","","","","",""
"28070001","CHARTRES",48.4605,1.501167,155,1983022506,"","","","",6.,1,140,1,"","","","","","","","","","","","","","","","","","","","","","","","","","","","",6.9,1,6.,1,"","","","","","","","","","","","","","","","","","","","","","","","","","",96,1,"","","","","","","","","","","","",9.5,1,1016.3,1,"","","","","","",8,1,6,1,7,1,2,1,"","","","","","","","","","","","","","","","","","","","","","","","","","",4000,1,"","",61,1,"","","","",2,1,"","","","","","","","","","","","","","","","","","","","","","","","","","","","","","","","","","","","","","","","","","","","","","","","","","","","","","","","","","","","","",""
"28070001","CHARTRES",48.4605,1.501167,155,1983022509,"","","","",6.,1,200,1,"","","","","","","","","","","","","","","","","","","","","","","","","","","","",8.1,1,8.1,1,"","","","","","","","","","","","","","","","","","","","","","","","","","",99,1,"","","","","","","","","","","","",10.6,1,1014.9,1,"","","","","","",8,1,8,1,7,1,"","","","","","","","","","","","","","","","","","","","","","","","","","","","",1200,1,"","",50,1,6,1,"","","","","","","","","","","","","","","","","","","","","","","","","","","","","","","","","","","","","","","","","","","","","","","","","","","","","","","","","","","","","","","","","",""
"28070001","CHARTRES",48.4605,1.501167,155,1983022512,"","","","",8.,1,220,1,"","","","","","","","","","","","","","","","","","","","","","","","","","","","",11.,1,9.9,1,"","","","","","","","","","","","","","","","","","","","","","","","","","",95,1,"","","","","","","","","","","","",12.5,1,1014.7,1,"","","","","","",8,1,8,1,7,1,"","","","","","","","","","","","","","","","","","","","","","","","","","","","",1800,1,"","",51,1,6,1,"","","","","","","","","","","","","","","","","","","","","","","","","","","","","","","","","","","","","","","","","","","","","","","","","","","","","","","","","","","","","","","","","",""
"28070001","CHARTRES",48.4605,1.501167,155,1983022515,"","","","",5.,1,240,1,"","","","","","","","","","","","","","","","","","","","","","","","","","","","",11.3,1,10.4,1,"","","","","","","","","","","","","","","","","","","","","","","","","","",96,1,"","","","","","","","","","","","",12.9,1,1014.6,1,"","","","","","",8,1,8,1,7,1,"","","","","","","","","","","","","","","","","","","","","","","","","","","","",4500,1,"","",51,1,5,1,"","","","","","","","","","","","","","","","","","","","","","","","","","","","","","","","","","","","","","","","","","","","","","","","","","","","","","","","","","","","","","","","","",""
"28070001","CHARTRES",48.4605,1.501167,155,1983022518,"","","","",4.,1,240,1,"","","","","","","","","","","","","","","","","","","","","","","","","","","","",10.8,1,10.1,1,"","","","","","","","","","","","","","","","","","","","","","","","","","",97,1,"","","","","","","","","","","","",12.6,1,1015.4,1,"","","","","","","","",8,1,"","","","","","","","","","","","","","","","","","","","","","","","","","","","","","","","","","","","","","","","","","","","","","","","","","","","","","","","","","","","","","","","","","","","","","","","","","","","","","","","","","","","","","","","","","","","","","","","","","","","","","","",""
"28070001","CHARTRES",48.4605,1.501167,155,1983022521,"","","","",4.,1,200,1,"","","","","","","","","","","","","","","","","","","","","","","","","","","","",11.,1,10.2,1,"","","","","","","","","","","","","","","","","","","","","","","","","","",97,1,"","","","","","","","","","","","",12.7,1,1014.8,1,"","","","","","","","",8,1,"","","","","","","","","","","","","","","","","","","","","","","","","","","","","","","","","","","","","","","","","","","","","","","","","","","","","","","","","","","","","","","","","","","","","","","","","","","","","","","","","","","","","","","","","","","","","","","","","","","","","","","",""
"28070001","CHARTRES",48.4605,1.501167,155,1983022600,"","","","",7.,1,220,1,"","","","","","","","","","","","","","","","","","","","","","","","","","","","",11.6,1,10.6,1,"","","","","","","","","","","","","","","","","","","","","","","","","","",96,1,"","","","","","","","","","","","",13.1,1,1010.7,1,"","","","","","","","",8,1,"","","","","","","","","","","","","","","","","","","","","","","","","","","","","","","","","","","","","","","","","","","","","","","","","","","","","","","","","","","","","","","","","","","","","","","","","","","","","","","","","","","","","","","","","","","","","","","","","","","","","","","",""
"28070001","CHARTRES",48.4605,1.501167,155,1983022603,"","","","",7.,1,220,1,"","","","","","","","","","","","","","","","","","","","","","","","","","","","",11.2,1,9.9,1,"","","","","","","","","","","","","","","","","","","","","","","","","","",94,1,"","","","","","","","","","","","",12.5,1,1011.1,1,"","","","","","","","",8,1,"","","","","","","","","","","","","","","","","","","","","","","","","","","","","","","","","","","","","","","","","","","","","","","","","","","","","","","","","","","","","","","","","","","","","","","","","","","","","","","","","","","","","","","","","","","","","","","","","","","","","","","",""
"28070001","CHARTRES",48.4605,1.501167,155,1983022606,"","","","",6.,1,240,1,"","","","","","","","","","","","","","","","","","","","","","","","","","","","",10.8,1,9.1,1,"","","","","","","","","","","","","","","","","","","","","","","","","","",91,1,"","","","","","","","","","","","",11.8,1,1010.6,1,"","","","","","",8,1,8,1,5,1,"","","","","","","","","","","","","","","","","","","","","","","","","","","","",10000,1,"","",0,1,"","","","",2,1,"","","","","","","","","","","","","","","","","","","","","","","","","","","","","","","","","","","","","","","","","","","","","","","","","","","","","","","","","","","","","",""
"28070001","CHARTRES",48.4605,1.501167,155,1983022609,"","","","",6.,1,220,1,"","","","","","","","","","","","","","","","","","","","","","","","","","","","",10.5,1,8.2,1,"","","","","","","","","","","","","","","","","","","","","","","","","","",87,1,"","","","","","","","","","","","",11.1,1,1010.6,1,"","","","","","",6,1,6,1,2,1,0,1,0,1,"","","","","","","","","","","","","","","","","","","","","","","","",20000,1,"","",3,1,2,1,"","","","","","","","","","","","","","","","","","","","","","","","","","","","","","","","","","","","","","","","","","","","","","","","","","","","","","","","","","","","","","","","","",""
"28070001","CHARTRES",48.4605,1.501167,155,1983022612,"","","","",7.,1,220,1,"","","","","","","","","","","","","","","","","","","","","","","","","","","","",10.7,1,8.6,1,"","","","","","","","","","","","","","","","","","","","","","","","","","",89,1,"","","","","","","","","","","","",11.4,1,1010.6,1,"","","","","","",8,1,7,1,8,1,"","","","","","","","","","","","","","","","","","","","","","","","","","","","",15000,1,"","",25,1,8,1,"","","","","","","","","","","","","","","","","","","","","","","","","","","","","","","","","","","","","","","","","","","","","","","","","","","","","","","","","","","","","","","","","",""
"28070001","CHARTRES",48.4605,1.501167,155,1983022615,"","","","",7.,1,260,1,"","","","","","","","","","","","","","","","","","","","","","","","","","","","",9.8,1,7.7,1,"","","","","","","","","","","","","","","","","","","","","","","","","","",88,1,"","","","","","","","","","","","",10.7,1,1011.,1,"","","","","","",7,1,7,1,8,1,"","","","","","","","","","","","","","","","","","","","","","","","","","","","",20000,1,"","",25,1,8,1,"","","","","","","","","","","","","","","","","","","","","","","","","","","","","","","","","","","","","","","","","","","","","","","","","","","","","","","","","","","","","","","","","",""
"28070001","CHARTRES",48.4605,1.501167,155,1983022618,"","","","",4.,1,240,1,"","","","","","","","","","","","","","","","","","","","","","","","","","","","",9.5,1,7.7,1,"","","","","","","","","","","","","","","","","","","","","","","","","","",90,1,"","","","","","","","","","","","",10.7,1,1012.5,1,"","","","","","","","",7,1,"","","","","","","","","","","","","","","","","","","","","","","","","","","","","","","","","","","","","","","","","","","","","","","","","","","","","","","","","","","","","","","","","","","","","","","","","","","","","","","","","","","","","","","","","","","","","","","","","","","","","","","",""
"28070001","CHARTRES",48.4605,1.501167,155,1983022621,"","","","",4.,1,260,1,"","","","","","","","","","","","","","","","","","","","","","","","","","","","",9.,1,7.6,1,"","","","","","","","","","","","","","","","","","","","","","","","","","",92,1,"","","","","","","","","","","","",10.6,1,1014.,1,"","","","","","","","",7,1,"","","","","","","","","","","","","","","","","","","","","","","","","","","","","","","","","","","","","","","","","","","","","","","","","","","","","","","","","","","","","","","","","","","","","","","","","","","","","","","","","","","","","","","","","","","","","","","","","","","","","","","",""
"28070001","CHARTRES",48.4605,1.501167,155,1983022700,"","","","",5.,1,260,1,"","","","","","","","","","","","","","","","","","","","","","","","","","","","",8.1,1,6.2,1,"","","","","","","","","","","","","","","","","","","","","","","","","","",89,1,"","","","","","","","","","","","",9.6,1,1014.8,1,"","","","","","","","",7,1,"","","","","","","","","","","","","","","","","","","","","","","","","","","","","","","","","","","","","","","","","","","","","","","","","","","","","","","","","","","","","","","","","","","","","","","","","","","","","","","","","","","","","","","","","","","","","","","","","","","","","","","",""
"28070001","CHARTRES",48.4605,1.501167,155,1983022703,"","","","",6.,1,280,1,"","","","","","","","","","","","","","","","","","","","","","","","","","","","",7.3,1,5.1,1,"","","","","","","","","","","","","","","","","","","","","","","","","","",87,1,"","","","","","","","","","","","",8.9,1,1015.2,1,"","","","","","","","",7,1,"","","","","","","","","","","","","","","","","","","","","","","","","","","","","","","","","","","","","","","","","","","","","","","","","","","","","","","","","","","","","","","","","","","","","","","","","","","","","","","","","","","","","","","","","","","","","","","","","","","","","","","",""
"28070001","CHARTRES",48.4605,1.501167,155,1983022706,"","","","",5.,1,280,1,"","","","","","","","","","","","","","","","","","","","","","","","","","","","",6.4,1,3.6,1,"","","","","","","","","","","","","","","","","","","","","","","","","","",83,1,"","","","","","","","","","","","",8.,1,1016.9,1,"","","","","","",8,1,8,1,8,1,"","","","","","","","","","","","","","","","","","","","","","","","","","","","",12000,1,"","",0,1,"","","","",2,1,"","","","","","","","","","","","","","","","","","","","","","","","","","","","","","","","","","","","","","","","","","","","","","","","","","","","","","","","","","","","","",""
"28070001","CHARTRES",48.4605,1.501167,155,1983022709,"","","","",5.,1,280,1,"","","","","","","","","","","","","","","","","","","","","","","","","","","","",7.,1,3.6,1,"","","","","","","","","","","","","","","","","","","","","","","","","","",80,1,"","","","","","","","","","","","",8.,1,1019.6,1,"","","","","","",5,1,0,1,8,1,0,1,0,1,"","","","","","","","","","","","","","","","","","","","","","","","",20000,1,"","",3,1,2,1,"","","","","","","","","","","","","","","","","","","","","","","","","","","","","","","","","","","","","","","","","","","","","","","","","","","","","","","","","","","","","","","","","",""
"28070001","CHARTRES",48.4605,1.501167,155,1983022712,"","","","",7.,1,280,1,"","","","","","","","","","","","","","","","","","","","","","","","","","","","",8.5,1,1.,1,"","","","","","","","","","","","","","","","","","","","","","","","","","",60,1,"","","","","","","","","","","","",6.6,1,1020.4,1,"","","","","","",7,1,6,1,1,1,0,1,2,1,"","","","","","","","","","","","","","","","","","","","","","","","",20000,1,"","",3,1,1,1,"","","","","","","","","","","","","","","","","","","","","","","","","","","","","","","","","","","","","","","","","","","","","","","","","","","","","","","","","","","","","","","","","",""
"28070001","CHARTRES",48.4605,1.501167,155,1983022715,"","","","",7.,1,260,1,"","","","","","","","","","","","","","","","","","","","","","","","","","","","",7.1,1,4.5,1,"","","","","","","","","","","","","","","","","","","","","","","","","","",84,1,"","","","","","","","","","","","",8.5,1,1020.1,1,"","","","","","",8,1,5,1,5,1,7,1,"","","","","","","","","","","","","","","","","","","","","","","","","","",12000,1,"","",61,1,6,1,"","","","","","","","","","","","","","","","","","","","","","","","","","","","","","","","","","","","","","","","","","","","","","","","","","","","","","","","","","","","","","","","","",""
"28070001","CHARTRES",48.4605,1.501167,155,1983022718,"","","","",6.,1,220,1,"","","","","","","","","","","","","","","","","","","","","","","","","","","","",6.8,1,6.2,1,"","","","","","","","","","","","","","","","","","","","","","","","","","",97,1,"","","","","","","","","","","","",9.6,1,1018.4,1,"","","","","","","","",5,1,"","","","","","","","","","","","","","","","","","","","","","","","","","","","","","","","","","","","","","","","","","","","","","","","","","","","","","","","","","","","","","","","","","","","","","","","","","","","","","","","","","","","","","","","","","","","","","","","","","","","","","","",""
"28070001","CHARTRES",48.4605,1.501167,155,1983022721,"","","","",7.,1,240,1,"","","","","","","","","","","","","","","","","","","","","","","","","","","","",7.2,1,6.4,1,"","","","","","","","","","","","","","","","","","","","","","","","","","",97,1,"","","","","","","","","","","","",9.8,1,1016.2,1,"","","","","","","","",5,1,"","","","","","","","","","","","","","","","","","","","","","","","","","","","","","","","","","","","","","","","","","","","","","","","","","","","","","","","","","","","","","","","","","","","","","","","","","","","","","","","","","","","","","","","","","","","","","","","","","","","","","","",""
"28070001","CHARTRES",48.4605,1.501167,155,1983022800,"","","","",6.,1,260,1,"","","","","","","","","","","","","","","","","","","","","","","","","","","","",9.,1,7.3,1,"","","","","","","","","","","","","","","","","","","","","","","","","","",91,1,"","","","","","","","","","","","",10.4,1,1015.2,1,"","","","","","","","",5,1,"","","","","","","","","","","","","","","","","","","","","","","","","","","","","","","","","","","","","","","","","","","","","","","","","","","","","","","","","","","","","","","","","","","","","","","","","","","","","","","","","","","","","","","","","","","","","","","","","","","","","","","",""
"28070001","CHARTRES",48.4605,1.501167,155,1983022803,"","","","",5.,1,280,1,"","","","","","","","","","","","","","","","","","","","","","","","","","","","",6.9,1,4.9,1,"","","","","","","","","","","","","","","","","","","","","","","","","","",88,1,"","","","","","","","","","","","",8.8,1,1015.6,1,"","","","","","","","",5,1,"","","","","","","","","","","","","","","","","","","","","","","","","","","","","","","","","","","","","","","","","","","","","","","","","","","","","","","","","","","","","","","","","","","","","","","","","","","","","","","","","","","","","","","","","","","","","","","","","","","","","","","",""
"28070001","CHARTRES",48.4605,1.501167,155,1983022806,"","","","",4.,1,280,1,"","","","","","","","","","","","","","","","","","","","","","","","","","","","",5.9,1,3.8,1,"","","","","","","","","","","","","","","","","","","","","","","","","","",88,1,"","","","","","","","","","","","",8.1,1,1016.8,1,"","","","","","",5,1,0,1,8,1,0,1,0,1,"","","","","","","","","","","","","","","","","","","","","","","","",20000,1,"","",0,1,"","","","",2,1,"","","","","","","","","","","","","","","","","","","","","","","","","","","","","","","","","","","","","","","","","","","","","","","","","","","","","","","","","","","","","",""
"28070001","CHARTRES",48.4605,1.501167,155,1983022809,"","","","",6.,1,280,1,"","","","","","","","","","","","","","","","","","","","","","","","","","","","",6.,1,3.3,1,"","","","","","","","","","","","","","","","","","","","","","","","","","",83,1,"","","","","","","","","","","","",7.8,1,1018.7,1,"","","","","","",5,1,5,1,8,1,0,1,2,1,"","","","","","","","","","","","","","","","","","","","","","","","",20000,1,"","",1,1,1,1,"","","","","","","","","","","","","","","","","","","","","","","","","","","","","","","","","","","","","","","","","","","","","","","","","","","","","","","","","","","","","","","","","",""
"28070001","CHARTRES",48.4605,1.501167,155,1983022812,"","","","",7.,1,300,1,"","","","","","","","","","","","","","","","","","","","","","","","","","","","",7.8,1,1.6,1,"","","","","","","","","","","","","","","","","","","","","","","","","","",65,1,"","","","","","","","","","","","",6.9,1,1019.,1,"","","","","","",6,1,6,1,2,1,0,1,0,1,"","","","","","","","","","","","","","","","","","","","","","","","",20000,1,"","",1,1,1,1,"","","","","","","","","","","","","","","","","","","","","","","","","","","","","","","","","","","","","","","","","","","","","","","","","","","","","","","","","","","","","","","","","",""
"28070001","CHARTRES",48.4605,1.501167,155,1983022815,"","","","",7.,1,300,1,"","","","","","","","","","","","","","","","","","","","","","","","","","","","",7.5,1,1.8,1,"","","","","","","","","","","","","","","","","","","","","","","","","","",67,1,"","","","","","","","","","","","",7.,1,1019.1,1,"","","","","","",8,1,8,1,8,1,"","","","","","","","","","","","","","","","","","","","","","","","","","","","",20000,1,"","",3,1,2,1,"","","","","","","","","","","","","","","","","","","","","","","","","","","","","","","","","","","","","","","","","","","","","","","","","","","","","","","","","","","","","","","","","",""
"28070001","CHARTRES",48.4605,1.501167,155,1983022818,"","","","",4.,1,280,1,"","","","","","","","","","","","","","","","","","","","","","","","","","","","",5.9,1,3.1,1,"","","","","","","","","","","","","","","","","","","","","","","","","","",83,1,"","","","","","","","","","","","",7.7,1,1019.4,1,"","","","","","","","",8,1,"","","","","","","","","","","","","","","","","","","","","","","","","","","","","","","","","","","","","","","","","","","","","","","","","","","","","","","","","","","","","","","","","","","","","","","","","","","","","","","","","","","","","","","","","","","","","","","","","","","","","","","",""
"28070001","CHARTRES",48.4605,1.501167,155,1983022821,"","","","",4.,1,300,1,"","","","","","","","","","","","","","","","","","","","","","","","","","","","",5.1,1,2.9,1,"","","","","","","","","","","","","","","","","","","","","","","","","","",86,1,"","","","","","","","","","","","",7.6,1,1020.,1,"","","","","","","","",8,1,"","","","","","","","","","","","","","","","","","","","","","","","","","","","","","","","","","","","","","","","","","","","","","","","","","","","","","","","","","","","","","","","","","","","","","","","","","","","","","","","","","","","","","","","","","","","","","","","","","","","","","","",""
"28070001","CHARTRES",48.4605,1.501167,155,1983030100,"","","","",5.,1,280,1,"","","","","","","","","","","","","","","","","","","","","","","","","","","","",5.1,1,2.9,1,"","","","","","","","","","","","","","","","","","","","","","","","","","",87,1,"","","","","","","","","","","","",7.6,1,1020.,1,"","","","","","","","","","","","","","","","","","","","","","","","","","","","","","","","","","","","","","","","","","","","","","","","","","","","","","","","","","","","","","","","","","","","","","","","","","","","","","","","","","","","","","","","","","","","","","","","","","","","","","","","","","","","","","","","","",""
"28070001","CHARTRES",48.4605,1.501167,155,1983030103,"","","","",5.,1,280,1,"","","","","","","","","","","","","","","","","","","","","","","","","","","","",4.7,1,3.3,1,"","","","","","","","","","","","","","","","","","","","","","","","","","",91,1,"","","","","","","","","","","","",7.8,1,1019.1,1,"","","","","","","","","","","","","","","","","","","","","","","","","","","","","","","","","","","","","","","","","","","","","","","","","","","","","","","","","","","","","","","","","","","","","","","","","","","","","","","","","","","","","","","","","","","","","","","","","","","","","","","","","","","","","","","","","",""
"28070001","CHARTRES",48.4605,1.501167,155,1983030106,"","","","",6.,1,300,1,"","","","","","","","","","","","","","","","","","","","","","","","","","","","",4.4,1,2.7,1,"","","","","","","","","","","","","","","","","","","","","","","","","","",90,1,"","","","","","","","","","","","",7.5,1,1018.6,1,"","","","","","",8,1,6,1,8,1,"","","","","","","","","","","","","","","","","","","","","","","","","","","","",7000,1,"","",80,1,"","","","",1,1,"","","","","","","","","","","","","","","","","","","","","","","","","","","","","","","","","","","","","","","","","","","","","","","","","","","","","","","","","","","","","",""
"28070001","CHARTRES",48.4605,1.501167,155,1983030109,"","","","",6.,1,340,1,"","","","","","","","","","","","","","","","","","","","","","","","","","","","",5.,1,2.7,1,"","","","","","","","","","","","","","","","","","","","","","","","","","",86,1,"","","","","","","","","","","","",7.5,1,1020.3,1,"","","","","","",4,1,0,1,8,1,0,1,0,1,"","","","","","","","","","","","","","","","","","","","","","","","",15000,1,"","",1,1,8,1,"","","","","","","","","","","","","","","","","","","","","","","","","","","","","","","","","","","","","","","","","","","","","","","","","","","","","","","","","","","","","","","","","",""
"28070001","CHARTRES",48.4605,1.501167,155,1983030112,"","","","",5.,1,20,1,"","","","","","","","","","","","","","","","","","","","","","","","","","","","",5.3,1,1.6,1,"","","","","","","","","","","","","","","","","","","","","","","","","","",78,1,"","","","","","","","","","","","",6.9,1,1022.3,1,"","","","","","",7,1,5,1,8,1,"","","","","","","","","","","","","","","","","","","","","","","","","","","","",20000,1,"","",3,1,8,1,"","","","","","","","","","","","","","","","","","","","","","","","","","","","","","","","","","","","","","","","","","","","","","","","","","","","","","","","","","","","","","","","","",""
"28070001","CHARTRES",48.4605,1.501167,155,1983030115,"","","","",4.,1,360,1,"","","","","","","","","","","","","","","","","","","","","","","","","","","","",6.5,1,1.2,1,"","","","","","","","","","","","","","","","","","","","","","","","","","",69,1,"","","","","","","","","","","","",6.7,1,1022.8,1,"","","","","","",3,1,0,1,4,1,0,1,0,1,"","","","","","","","","","","","","","","","","","","","","","","","",20000,1,"","",1,1,1,1,"","","","","","","","","","","","","","","","","","","","","","","","","","","","","","","","","","","","","","","","","","","","","","","","","","","","","","","","","","","","","","","","","",""
"28070001","CHARTRES",48.4605,1.501167,155,1983030118,"","","","",3.,1,320,1,"","","","","","","","","","","","","","","","","","","","","","","","","","","","",4.6,1,0.,1,"","","","","","","","","","","","","","","","","","","","","","","","","","",72,1,"","","","","","","","","","","","",6.1,1,1024.2,1,"","","","","","","","",0,1,"","","","","","","","","","","","","","","","","","","","","","","","","","","","","","","","","","","","","","","","","","","","","","","","","","","","","","","","","","","","","","","","","","","","","","","","","","","","","","","","","","","","","","","","","","","","","","","","","","","","","","","",""
"28070001","CHARTRES",48.4605,1.501167,155,1983030121,"","","","",2.,1,340,1,"","","","","","","","","","","","","","","","","","","","","","","","","","","","",1.9,1,0.1,1,"","","","","","","","","","","","","","","","","","","","","","","","","","",88,1,"","","","","","","","","","","","",6.2,1,1025.5,1,"","","","","","","","",0,1,"","","","","","","","","","","","","","","","","","","","","","","","","","","","","","","","","","","","","","","","","","","","","","","","","","","","","","","","","","","","","","","","","","","","","","","","","","","","","","","","","","","","","","","","","","","","","","","","","","","","","","","",""
"28070001","CHARTRES",48.4605,1.501167,155,1983030200,"","","","",2.,1,340,1,"","","","","","","","","","","","","","","","","","","","","","","","","","","","",1.7,1,0.1,1,"","","","","","","","","","","","","","","","","","","","","","","","","","",90,1,"","","","","","","","","","","","",6.2,1,1026.,1,"","","","","","","","",0,1,"","","","","","","","","","","","","","","","","","","","","","","","","","","","","","","","","","","","","","","","","","","","","","","","","","","","","","","","","","","","","","","","","","","","","","","","","","","","","","","","","","","","","","","","","","","","","","","","","","","","","","","",""
"28070001","CHARTRES",48.4605,1.501167,155,1983030203,"","","","",2.,1,320,1,"","","","","","","","","","","","","","","","","","","","","","","","","","","","",1.,1,-0.2,1,"","","","","","","","","","","","","","","","","","","","","","","","","","",91,1,"","","","","","","","","","","","",6.,1,1026.2,1,"","","","","","","","",0,1,"","","","","","","","","","","","","","","","","","","","","","","","","","","","","","","","","","","","","","","","","","","","","","","","","","","","","","","","","","","","","","","","","","","","","","","","","","","","","","","","","","","","","","","","","","","","","","","","","","","","","","","",""
"28070001","CHARTRES",48.4605,1.501167,155,1983030206,"","","","",1.,1,300,1,"","","","","","","","","","","","","","","","","","","","","","","","","","","","",0.,1,-1.1,1,"","","","","","","","","","","","","","","","","","","","","","","","","","",92,1,"","","","","","","","","","","","",5.6,1,1027.2,1,"","","","","","",3,1,0,1,5,1,0,1,0,1,"","","","","","","","","","","","","","","","","","","","","","","","",6000,1,"","",0,1,"","","","",4,1,"","","","","","","","","","","","","","","","","","","","","","","","","","","","","","","","","","","","","","","","","","","","","","","","","","","","","","","","","","","","","",""
"28070001","CHARTRES",48.4605,1.501167,155,1983030209,"","","","",1.,1,260,1,"","","","","","","","","","","","","","","","","","","","","","","","","","","","",3.2,1,0.8,1,"","","","","","","","","","","","","","","","","","","","","","","","","","",84,1,"","","","","","","","","","","","",6.5,1,1027.9,1,"","","","","","",6,1,5,1,5,1,3,1,0,1,"","","","","","","","","","","","","","","","","","","","","","","","",8000,1,"","",3,1,1,1,"","","","","","","","","","","","","","","","","","","","","","","","","","","","","","","","","","","","","","","","","","","","","","","","","","","","","","","","","","","","","","","","","",""
"28070001","CHARTRES",48.4605,1.501167,155,1983030212,"","","","",3.,1,180,1,"","","","","","","","","","","","","","","","","","","","","","","","","","","","",7.4,1,2.,1,"","","","","","","","","","","","","","","","","","","","","","","","","","",69,1,"","","","","","","","","","","","",7.1,1,1028.6,1,"","","","","","",7,1,5,1,8,1,"","","","","","","","","","","","","","","","","","","","","","","","","","","","",15000,1,"","",3,1,1,1,"","","","","","","","","","","","","","","","","","","","","","","","","","","","","","","","","","","","","","","","","","","","","","","","","","","","","","","","","","","","","","","","","",""
"28070001","CHARTRES",48.4605,1.501167,155,1983030215,"","","","",2.,1,180,1,"","","","","","","","","","","","","","","","","","","","","","","","","","","","",7.1,1,1.8,1,"","","","","","","","","","","","","","","","","","","","","","","","","","",70,1,"","","","","","","","","","","","",7.,1,1029.1,1,"","","","","","",8,1,7,1,4,1,"","","","","","","","","","","","","","","","","","","","","","","","","","","","",15000,1,"","",3,1,2,1,"","","","","","","","","","","","","","","","","","","","","","","","","","","","","","","","","","","","","","","","","","","","","","","","","","","","","","","","","","","","","","","","","",""
"28070001","CHARTRES",48.4605,1.501167,155,1983030218,"","","","",3.,1,140,1,"","","","","","","","","","","","","","","","","","","","","","","","","","","","",5.9,1,1.4,1,"","","","","","","","","","","","","","","","","","","","","","","","","","",73,1,"","","","","","","","","","","","",6.8,1,1029.8,1,"","","","","","","","",7,1,"","","","","","","","","","","","","","","","","","","","","","","","","","","","","","","","","","","","","","","","","","","","","","","","","","","","","","","","","","","","","","","","","","","","","","","","","","","","","","","","","","","","","","","","","","","","","","","","","","","","","","","",""
"28070001","CHARTRES",48.4605,1.501167,155,1983030221,"","","","",4.,1,140,1,"","","","","","","","","","","","","","","","","","","","","","","","","","","","",3.4,1,1.6,1,"","","","","","","","","","","","","","","","","","","","","","","","","","",88,1,"","","","","","","","","","","","",6.9,1,1031.1,1,"","","","","","","","",7,1,"","","","","","","","","","","","","","","","","","","","","","","","","","","","","","","","","","","","","","","","","","","","","","","","","","","","","","","","","","","","","","","","","","","","","","","","","","","","","","","","","","","","","","","","","","","","","","","","","","","","","","","",""
"28070001","CHARTRES",48.4605,1.501167,155,1983030300,"","","","",3.,1,140,1,"","","","","","","","","","","","","","","","","","","","","","","","","","","","",1.6,1,0.4,1,"","","","","","","","","","","","","","","","","","","","","","","","","","",92,1,"","","","","","","","","","","","",6.3,1,1031.2,1,"","","","","","","","",7,1,"","","","","","","","","","","","","","","","","","","","","","","","","","","","","","","","","","","","","","","","","","","","","","","","","","","","","","","","","","","","","","","","","","","","","","","","","","","","","","","","","","","","","","","","","","","","","","","","","","","","","","","",""
"28070001","CHARTRES",48.4605,1.501167,155,1983030303,"","","","",4.,1,140,1,"","","","","","","","","","","","","","","","","","","","","","","","","","","","",0.2,1,-0.6,1,"","","","","","","","","","","","","","","","","","","","","","","","","","",93,1,"","","","","","","","","","","","",5.8,1,1031.3,1,"","","","","","","","",7,1,"","","","","","","","","","","","","","","","","","","","","","","","","","","","","","","","","","","","","","","","","","","","","","","","","","","","","","","","","","","","","","","","","","","","","","","","","","","","","","","","","","","","","","","","","","","","","","","","","","","","","","","",""
"28070001","CHARTRES",48.4605,1.501167,155,1983030306,"","","","",3.,1,140,1,"","","","","","","","","","","","","","","","","","","","","","","","","","","","",0.1,1,-0.6,1,"","","","","","","","","","","","","","","","","","","","","","","","","","",94,1,"","","","","","","","","","","","",5.8,1,1031.4,1,"","","","","","",0,1,"","",0,1,0,1,0,1,"","","","","","","","","","","","","","","","","","","","","","","","",6000,1,"","",0,1,"","","","",4,1,"","","","","","","","","","","","","","","","","","","","","","","","","","","","","","","","","","","","","","","","","","","","","","","","","","","","","","","","","","","","","",""
"28070001","CHARTRES",48.4605,1.501167,155,1983030309,"","","","",3.,1,140,1,"","","","","","","","","","","","","","","","","","","","","","","","","","","","",2.8,1,0.4,1,"","","","","","","","","","","","","","","","","","","","","","","","","","",84,1,"","","","","","","","","","","","",6.3,1,1032.,1,"","","","","","",1,1,0,1,0,1,3,1,0,1,"","","","","","","","","","","","","","","","","","","","","","","","",6000,1,"","",2,1,0,1,"","","","","","","","","","","","","","","","","","","","","","","","","","","","","","","","","","","","","","","","","","","","","","","","","","","","","","","","","","","","","","","","","",""
"28070001","CHARTRES",48.4605,1.501167,155,1983030312,"","","","",7.,1,120,1,"","","","","","","","","","","","","","","","","","","","","","","","","","","","",7.4,1,1.4,1,"","","","","","","","","","","","","","","","","","","","","","","","","","",66,1,"","","","","","","","","","","","",6.8,1,1031.3,1,"","","","","","",1,1,0,1,0,1,3,1,0,1,"","","","","","","","","","","","","","","","","","","","","","","","",10000,1,"","",2,1,0,1,"","","","","","","","","","","","","","","","","","","","","","","","","","","","","","","","","","","","","","","","","","","","","","","","","","","","","","","","","","","","","","","","","",""
"28070001","CHARTRES",48.4605,1.501167,155,1983030315,"","","","",6.,1,120,1,"","","","","","","","","","","","","","","","","","","","","","","","","","","","",8.8,1,2.5,1,"","","","","","","","","","","","","","","","","","","","","","","","","","",65,1,"","","","","","","","","","","","",7.4,1,1029.6,1,"","","","","","",1,1,0,1,0,1,0,1,1,1,"","","","","","","","","","","","","","","","","","","","","","","","",18000,1,"","",2,1,0,1,"","","","","","","","","","","","","","","","","","","","","","","","","","","","","","","","","","","","","","","","","","","","","","","","","","","","","","","","","","","","","","","","","",""
"28070001","CHARTRES",48.4605,1.501167,155,1983030318,"","","","",3.,1,100,1,"","","","","","","","","","","","","","","","","","","","","","","","","","","","",4.1,1,2.2,1,"","","","","","","","","","","","","","","","","","","","","","","","","","",88,1,"","","","","","","","","","","","",7.2,1,1030.1,1,"","","","","","","","",0,1,"","","","","","","","","","","","","","","","","","","","","","","","","","","","","","","","","","","","","","","","","","","","","","","","","","","","","","","","","","","","","","","","","","","","","","","","","","","","","","","","","","","","","","","","","","","","","","","","","","","","","","","",""
"28070001","CHARTRES",48.4605,1.501167,155,1983030321,"","","","",3.,1,80,1,"","","","","","","","","","","","","","","","","","","","","","","","","","","","",2.5,1,1.2,1,"","","","","","","","","","","","","","","","","","","","","","","","","","",91,1,"","","","","","","","","","","","",6.7,1,1030.3,1,"","","","","","","","",0,1,"","","","","","","","","","","","","","","","","","","","","","","","","","","","","","","","","","","","","","","","","","","","","","","","","","","","","","","","","","","","","","","","","","","","","","","","","","","","","","","","","","","","","","","","","","","","","","","","","","","","","","","",""
"28070001","CHARTRES",48.4605,1.501167,155,1983030400,"","","","",2.,1,100,1,"","","","","","","","","","","","","","","","","","","","","","","","","","","","",1.8,1,0.6,1,"","","","","","","","","","","","","","","","","","","","","","","","","","",92,1,"","","","","","","","","","","","",6.4,1,1030.2,1,"","","","","","","","",0,1,"","","","","","","","","","","","","","","","","","","","","","","","","","","","","","","","","","","","","","","","","","","","","","","","","","","","","","","","","","","","","","","","","","","","","","","","","","","","","","","","","","","","","","","","","","","","","","","","","","","","","","","",""
"28070001","CHARTRES",48.4605,1.501167,155,1983030403,"","","","",3.,1,120,1,"","","","","","","","","","","","","","","","","","","","","","","","","","","","",0.3,1,-0.9,1,"","","","","","","","","","","","","","","","","","","","","","","","","","",92,1,"","","","","","","","","","","","",5.7,1,1030.,1,"","","","","","","","",0,1,"","","","","","","","","","","","","","","","","","","","","","","","","","","","","","","","","","","","","","","","","","","","","","","","","","","","","","","","","","","","","","","","","","","","","","","","","","","","","","","","","","","","","","","","","","","","","","","","","","","","","","","",""
"28070001","CHARTRES",48.4605,1.501167,155,1983030406,"","","","",1.,1,100,1,"","","","","","","","","","","","","","","","","","","","","","","","","","","","",-0.4,1,-1.6,1,"","","","","","","","","","","","","","","","","","","","","","","","","","",92,1,"","","","","","","","","","","","",5.4,1,1030.2,1,"","","","","","",2,1,0,1,0,1,0,1,2,1,"","","","","","","","","","","","","","","","","","","","","","","","",1800,1,"","",10,1,"","","","",4,1,"","","","","","","","","","","","","","","","","","","","","","","","","","","","","","","","","","","","","","","","","","","","","","","","","","","","","","","","","","","","","",""
"28070001","CHARTRES",48.4605,1.501167,155,1983030409,"","","","",2.,1,120,1,"","","","","","","","","","","","","","","","","","","","","","","","","","","","",2.8,1,0.6,1,"","","","","","","","","","","","","","","","","","","","","","","","","","",86,1,"","","","","","","","","","","","",6.4,1,1031.,1,"","","","","","",3,1,0,1,0,1,0,1,2,1,"","","","","","","","","","","","","","","","","","","","","","","","",3000,1,"","",10,1,0,1,"","","","","","","","","","","","","","","","","","","","","","","","","","","","","","","","","","","","","","","","","","","","","","","","","","","","","","","","","","","","","","","","","",""
"28070001","CHARTRES",48.4605,1.501167,155,1983030412,"","","","",1.,1,120,1,"","","","","","","","","","","","","","","","","","","","","","","","","","","","",9.6,1,4.,1,"","","","","","","","","","","","","","","","","","","","","","","","","","",69,1,"","","","","","","","","","","","",8.2,1,1030.5,1,"","","","","","",6,1,0,1,5,1,0,1,2,1,"","","","","","","","","","","","","","","","","","","","","","","","",8000,1,"","",3,1,1,1,"","","","","","","","","","","","","","","","","","","","","","","","","","","","","","","","","","","","","","","","","","","","","","","","","","","","","","","","","","","","","","","","","",""
"28070001","CHARTRES",48.4605,1.501167,155,1983030415,"","","","",3.,1,320,1,"","","","","","","","","","","","","","","","","","","","","","","","","","","","",10.6,1,5.6,1,"","","","","","","","","","","","","","","","","","","","","","","","","","",72,1,"","","","","","","","","","","","",9.2,1,1030.6,1,"","","","","","",7,1,0,1,5,1,0,1,2,1,"","","","","","","","","","","","","","","","","","","","","","","","",6000,1,"","",3,1,2,1,"","","","","","","","","","","","","","","","","","","","","","","","","","","","","","","","","","","","","","","","","","","","","","","","","","","","","","","","","","","","","","","","","",""
"28070001","CHARTRES",48.4605,1.501167,155,1983030418,"","","","",5.,1,360,1,"","","","","","","","","","","","","","","","","","","","","","","","","","","","",8.2,1,5.6,1,"","","","","","","","","","","","","","","","","","","","","","","","","","",85,1,"","","","","","","","","","","","",9.2,1,1031.7,1,"","","","","","","","",0,1,"","","","","","","","","","","","","","","","","","","","","","","","","","","","","","","","","","","","","","","","","","","","","","","","","","","","","","","","","","","","","","","","","","","","","","","","","","","","","","","","","","","","","","","","","","","","","","","","","","","","","","","",""
"28070001","CHARTRES",48.4605,1.501167,155,1983030421,"","","","",5.,1,360,1,"","","","","","","","","","","","","","","","","","","","","","","","","","","","",6.3,1,5.3,1,"","","","","","","","","","","","","","","","","","","","","","","","","","",94,1,"","","","","","","","","","","","",9.,1,1033.8,1,"","","","","","","","",0,1,"","","","","","","","","","","","","","","","","","","","","","","","","","","","","","","","","","","","","","","","","","","","","","","","","","","","","","","","","","","","","","","","","","","","","","","","","","","","","","","","","","","","","","","","","","","","","","","","","","","","","","","",""
"28070001","CHARTRES",48.4605,1.501167,155,1983030500,"","","","",7.,1,20,1,"","","","","","","","","","","","","","","","","","","","","","","","","","","","",3.4,1,3.4,1,"","","","","","","","","","","","","","","","","","","","","","","","","","",99,1,"","","","","","","","","","","","",7.7,1,1035.7,1,"","","","","","","","",0,1,"","","","","","","","","","","","","","","","","","","","","","","","","","","","","","","","","","","","","","","","","","","","","","","","","","","","","","","","","","","","","","","","","","","","","","","","","","","","","","","","","","","","","","","","","","","","","","","","","","","","","","","",""
"28070001","CHARTRES",48.4605,1.501167,155,1983030503,"","","","",5.,1,20,1,"","","","","","","","","","","","","","","","","","","","","","","","","","","","",4.2,1,3.7,1,"","","","","","","","","","","","","","","","","","","","","","","","","","",97,1,"","","","","","","","","","","","",8.,1,1036.2,1,"","","","","","","","",0,1,"","","","","","","","","","","","","","","","","","","","","","","","","","","","","","","","","","","","","","","","","","","","","","","","","","","","","","","","","","","","","","","","","","","","","","","","","","","","","","","","","","","","","","","","","","","","","","","","","","","","","","","",""
"28070001","CHARTRES",48.4605,1.501167,155,1983030506,"","","","",5.,1,20,1,"","","","","","","","","","","","","","","","","","","","","","","","","","","","",4.,1,2.2,1,"","","","","","","","","","","","","","","","","","","","","","","","","","",88,1,"","","","","","","","","","","","",7.2,1,1036.9,1,"","","","","","",8,1,8,1,6,1,"","","","","","","","","","","","","","","","","","","","","","","","","","","","",7000,1,"","",0,1,"","","","",0,1,"","","","","","","","","","","","","","","","","","","","","","","","","","","","","","","","","","","","","","","","","","","","","","","","","","","","","","","","","","","","","",""
"28070001","CHARTRES",48.4605,1.501167,155,1983030509,"","","","",6.,1,20,1,"","","","","","","","","","","","","","","","","","","","","","","","","","","","",4.,1,1.,1,"","","","","","","","","","","","","","","","","","","","","","","","","","",82,1,"","","","","","","","","","","","",6.6,1,1038.,1,"","","","","","",1,1,0,1,6,1,0,1,1,1,"","","","","","","","","","","","","","","","","","","","","","","","",6000,1,"","",2,1,1,1,"","","","","","","","","","","","","","","","","","","","","","","","","","","","","","","","","","","","","","","","","","","","","","","","","","","","","","","","","","","","","","","","","",""
"28070001","CHARTRES",48.4605,1.501167,155,1983030512,"","","","",6.,1,20,1,"","","","","","","","","","","","","","","","","","","","","","","","","","","","",8.,1,1.8,1,"","","","","","","","","","","","","","","","","","","","","","","","","","",65,1,"","","","","","","","","","","","",7.,1,1038.,1,"","","","","","",6,1,6,1,0,1,0,1,2,1,"","","","","","","","","","","","","","","","","","","","","","","","",15000,1,"","",2,1,1,1,"","","","","","","","","","","","","","","","","","","","","","","","","","","","","","","","","","","","","","","","","","","","","","","","","","","","","","","","","","","","","","","","","",""
"28070001","CHARTRES",48.4605,1.501167,155,1983030515,"","","","",3.,1,360,1,"","","","","","","","","","","","","","","","","","","","","","","","","","","","",9.1,1,3.7,1,"","","","","","","","","","","","","","","","","","","","","","","","","","",69,1,"","","","","","","","","","","","",8.,1,1036.4,1,"","","","","","",2,1,0,1,0,1,0,1,2,1,"","","","","","","","","","","","","","","","","","","","","","","","",20000,1,"","",1,1,1,1,"","","","","","","","","","","","","","","","","","","","","","","","","","","","","","","","","","","","","","","","","","","","","","","","","","","","","","","","","","","","","","","","","",""
"28070001","CHARTRES",48.4605,1.501167,155,1983030518,"","","","",2.,1,340,1,"","","","","","","","","","","","","","","","","","","","","","","","","","","","",7.,1,1.6,1,"","","","","","","","","","","","","","","","","","","","","","","","","","",69,1,"","","","","","","","","","","","",6.9,1,1036.,1,"","","","","","","","",0,1,"","","","","","","","","","","","","","","","","","","","","","","","","","","","","","","","","","","","","","","","","","","","","","","","","","","","","","","","","","","","","","","","","","","","","","","","","","","","","","","","","","","","","","","","","","","","","","","","","","","","","","","",""
"28070001","CHARTRES",48.4605,1.501167,155,1983030521,"","","","",3.,1,300,1,"","","","","","","","","","","","","","","","","","","","","","","","","","","","",4.2,1,2.8,1,"","","","","","","","","","","","","","","","","","","","","","","","","","",91,1,"","","","","","","","","","","","",7.5,1,1036.,1,"","","","","","","","",0,1,"","","","","","","","","","","","","","","","","","","","","","","","","","","","","","","","","","","","","","","","","","","","","","","","","","","","","","","","","","","","","","","","","","","","","","","","","","","","","","","","","","","","","","","","","","","","","","","","","","","","","","","",""
"28070001","CHARTRES",48.4605,1.501167,155,1983030600,"","","","",4.,1,300,1,"","","","","","","","","","","","","","","","","","","","","","","","","","","","",3.9,1,3.3,1,"","","","","","","","","","","","","","","","","","","","","","","","","","",97,1,"","","","","","","","","","","","",7.8,1,1035.8,1,"","","","","","","","",0,1,"","","","","","","","","","","","","","","","","","","","","","","","","","","","","","","","","","","","","","","","","","","","","","","","","","","","","","","","","","","","","","","","","","","","","","","","","","","","","","","","","","","","","","","","","","","","","","","","","","","","","","","",""
"28070001","CHARTRES",48.4605,1.501167,155,1983030603,"","","","",3.,1,280,1,"","","","","","","","","","","","","","","","","","","","","","","","","","","","",1.1,1,1.1,1,"","","","","","","","","","","","","","","","","","","","","","","","","","",100,1,"","","","","","","","","","","","",6.6,1,1034.9,1,"","","","","","","","",0,1,"","","","","","","","","","","","","","","","","","","","","","","","","","","","","","","","","","","","","","","","","","","","","","","","","","","","","","","","","","","","","","","","","","","","","","","","","","","","","","","","","","","","","","","","","","","","","","","","","","","","","","","",""
"28070001","CHARTRES",48.4605,1.501167,155,1983030606,"","","","",3.,1,260,1,"","","","","","","","","","","","","","","","","","","","","","","","","","","","",1.2,1,0.8,1,"","","","","","","","","","","","","","","","","","","","","","","","","","",98,1,"","","","","","","","","","","","",6.5,1,1034.,1,"","","","","","",6,1,6,1,0,1,3,1,2,1,"","","","","","","","","","","","","","","","","","","","","","","","",3500,1,"","",10,1,"","","","",1,1,"","","","","","","","","","","","","","","","","","","","","","","","","","","","","","","","","","","","","","","","","","","","","","","","","","","","","","","","","","","","","",""
"28070001","CHARTRES",48.4605,1.501167,155,1983030609,"","","","",3.,1,260,1,"","","","","","","","","","","","","","","","","","","","","","","","","","","","",4.8,1,4.,1,"","","","","","","","","","","","","","","","","","","","","","","","","","",95,1,"","","","","","","","","","","","",8.2,1,1034.1,1,"","","","","","",6,1,6,1,5,1,0,1,0,1,"","","","","","","","","","","","","","","","","","","","","","","","",6000,1,"","",1,1,2,1,"","","","","","","","","","","","","","","","","","","","","","","","","","","","","","","","","","","","","","","","","","","","","","","","","","","","","","","","","","","","","","","","","",""
"28070001","CHARTRES",48.4605,1.501167,155,1983030612,"","","","",4.,1,340,1,"","","","","","","","","","","","","","","","","","","","","","","","","","","","",7.9,1,4.9,1,"","","","","","","","","","","","","","","","","","","","","","","","","","",83,1,"","","","","","","","","","","","",8.8,1,1033.5,1,"","","","","","",7,1,7,1,5,1,"","","","","","","","","","","","","","","","","","","","","","","","","","","","",12000,1,"","",2,1,2,1,"","","","","","","","","","","","","","","","","","","","","","","","","","","","","","","","","","","","","","","","","","","","","","","","","","","","","","","","","","","","","","","","","",""
"28070001","CHARTRES",48.4605,1.501167,155,1983030615,"","","","",4.,1,320,1,"","","","","","","","","","","","","","","","","","","","","","","","","","","","",9.8,1,4.6,1,"","","","","","","","","","","","","","","","","","","","","","","","","","",71,1,"","","","","","","","","","","","",8.6,1,1031.6,1,"","","","","","",7,1,7,1,5,1,"","","","","","","","","","","","","","","","","","","","","","","","","","","","",20000,1,"","",1,1,2,1,"","","","","","","","","","","","","","","","","","","","","","","","","","","","","","","","","","","","","","","","","","","","","","","","","","","","","","","","","","","","","","","","","",""
"28070001","CHARTRES",48.4605,1.501167,155,1983030618,"","","","",5.,1,340,1,"","","","","","","","","","","","","","","","","","","","","","","","","","","","",9.1,1,3.1,1,"","","","","","","","","","","","","","","","","","","","","","","","","","",67,1,"","","","","","","","","","","","",7.7,1,1031.7,1,"","","","","","","","",7,1,"","","","","","","","","","","","","","","","","","","","","","","","","","","","","","","","","","","","","","","","","","","","","","","","","","","","","","","","","","","","","","","","","","","","","","","","","","","","","","","","","","","","","","","","","","","","","","","","","","","","","","","",""
"28070001","CHARTRES",48.4605,1.501167,155,1983030621,"","","","",3.,1,340,1,"","","","","","","","","","","","","","","","","","","","","","","","","","","","",5.,1,3.1,1,"","","","","","","","","","","","","","","","","","","","","","","","","","",88,1,"","","","","","","","","","","","",7.7,1,1032.,1,"","","","","","","","",7,1,"","","","","","","","","","","","","","","","","","","","","","","","","","","","","","","","","","","","","","","","","","","","","","","","","","","","","","","","","","","","","","","","","","","","","","","","","","","","","","","","","","","","","","","","","","","","","","","","","","","","","","","",""
"28070001","CHARTRES",48.4605,1.501167,155,1983030700,"","","","",3.,1,340,1,"","","","","","","","","","","","","","","","","","","","","","","","","","","","",4.7,1,4.,1,"","","","","","","","","","","","","","","","","","","","","","","","","","",96,1,"","","","","","","","","","","","",8.2,1,1032.3,1,"","","","","","","","",7,1,"","","","","","","","","","","","","","","","","","","","","","","","","","","","","","","","","","","","","","","","","","","","","","","","","","","","","","","","","","","","","","","","","","","","","","","","","","","","","","","","","","","","","","","","","","","","","","","","","","","","","","","",""
"28070001","CHARTRES",48.4605,1.501167,155,1983030703,"","","","",2.,1,320,1,"","","","","","","","","","","","","","","","","","","","","","","","","","","","",6.,1,3.4,1,"","","","","","","","","","","","","","","","","","","","","","","","","","",84,1,"","","","","","","","","","","","",7.9,1,1031.5,1,"","","","","","","","",7,1,"","","","","","","","","","","","","","","","","","","","","","","","","","","","","","","","","","","","","","","","","","","","","","","","","","","","","","","","","","","","","","","","","","","","","","","","","","","","","","","","","","","","","","","","","","","","","","","","","","","","","","","",""
"28070001","CHARTRES",48.4605,1.501167,155,1983030706,"","","","",1.,1,280,1,"","","","","","","","","","","","","","","","","","","","","","","","","","","","",5.8,1,3.3,1,"","","","","","","","","","","","","","","","","","","","","","","","","","",84,1,"","","","","","","","","","","","",7.8,1,1031.3,1,"","","","","","",8,1,8,1,5,1,"","","","","","","","","","","","","","","","","","","","","","","","","","","","",7000,1,"","",0,1,"","","","",0,1,"","","","","","","","","","","","","","","","","","","","","","","","","","","","","","","","","","","","","","","","","","","","","","","","","","","","","","","","","","","","","",""
"28070001","CHARTRES",48.4605,1.501167,155,1983030709,"","","","",1.,1,340,1,"","","","","","","","","","","","","","","","","","","","","","","","","","","","",7.1,1,4.,1,"","","","","","","","","","","","","","","","","","","","","","","","","","",81,1,"","","","","","","","","","","","",8.2,1,1031.1,1,"","","","","","",6,1,6,1,5,1,0,1,0,1,"","","","","","","","","","","","","","","","","","","","","","","","",17000,1,"","",2,1,2,1,"","","","","","","","","","","","","","","","","","","","","","","","","","","","","","","","","","","","","","","","","","","","","","","","","","","","","","","","","","","","","","","","","",""
"28070001","CHARTRES",48.4605,1.501167,155,1983030712,"","","","",2.,1,320,1,"","","","","","","","","","","","","","","","","","","","","","","","","","","","",8.7,1,4.1,1,"","","","","","","","","","","","","","","","","","","","","","","","","","",74,1,"","","","","","","","","","","","",8.3,1,1031.2,1,"","","","","","",7,1,7,1,5,1,"","","","","","","","","","","","","","","","","","","","","","","","","","","","",18000,1,"","",3,1,2,1,"","","","","","","","","","","","","","","","","","","","","","","","","","","","","","","","","","","","","","","","","","","","","","","","","","","","","","","","","","","","","","","","","",""
"28070001","CHARTRES",48.4605,1.501167,155,1983030715,"","","","",2.,1,40,1,"","","","","","","","","","","","","","","","","","","","","","","","","","","","",9.9,1,5.3,1,"","","","","","","","","","","","","","","","","","","","","","","","","","",74,1,"","","","","","","","","","","","",9.,1,1029.9,1,"","","","","","",5,1,5,1,5,1,0,1,0,1,"","","","","","","","","","","","","","","","","","","","","","","","",20000,1,"","",1,1,2,1,"","","","","","","","","","","","","","","","","","","","","","","","","","","","","","","","","","","","","","","","","","","","","","","","","","","","","","","","","","","","","","","","","",""
"28070001","CHARTRES",48.4605,1.501167,155,1983030718,"","","","",3.,1,40,1,"","","","","","","","","","","","","","","","","","","","","","","","","","","","",6.5,1,4.1,1,"","","","","","","","","","","","","","","","","","","","","","","","","","",86,1,"","","","","","","","","","","","",8.3,1,1029.5,1,"","","","","","","","",5,1,"","","","","","","","","","","","","","","","","","","","","","","","","","","","","","","","","","","","","","","","","","","","","","","","","","","","","","","","","","","","","","","","","","","","","","","","","","","","","","","","","","","","","","","","","","","","","","","","","","","","","","","",""
"28070001","CHARTRES",48.4605,1.501167,155,1983030721,"","","","",3.,1,40,1,"","","","","","","","","","","","","","","","","","","","","","","","","","","","",3.7,1,2.7,1,"","","","","","","","","","","","","","","","","","","","","","","","","","",94,1,"","","","","","","","","","","","",7.5,1,1030.2,1,"","","","","","","","",5,1,"","","","","","","","","","","","","","","","","","","","","","","","","","","","","","","","","","","","","","","","","","","","","","","","","","","","","","","","","","","","","","","","","","","","","","","","","","","","","","","","","","","","","","","","","","","","","","","","","","","","","","","",""
"28070001","CHARTRES",48.4605,1.501167,155,1983030800,"","","","",2.,1,60,1,"","","","","","","","","","","","","","","","","","","","","","","","","","","","",4.1,1,3.1,1,"","","","","","","","","","","","","","","","","","","","","","","","","","",94,1,"","","","","","","","","","","","",7.7,1,1029.8,1,"","","","","","","","",5,1,"","","","","","","","","","","","","","","","","","","","","","","","","","","","","","","","","","","","","","","","","","","","","","","","","","","","","","","","","","","","","","","","","","","","","","","","","","","","","","","","","","","","","","","","","","","","","","","","","","","","","","","",""
"28070001","CHARTRES",48.4605,1.501167,155,1983030803,"","","","",2.,1,40,1,"","","","","","","","","","","","","","","","","","","","","","","","","","","","",4.8,1,3.4,1,"","","","","","","","","","","","","","","","","","","","","","","","","","",92,1,"","","","","","","","","","","","",7.9,1,1029.4,1,"","","","","","","","",5,1,"","","","","","","","","","","","","","","","","","","","","","","","","","","","","","","","","","","","","","","","","","","","","","","","","","","","","","","","","","","","","","","","","","","","","","","","","","","","","","","","","","","","","","","","","","","","","","","","","","","","","","","",""
"28070001","CHARTRES",48.4605,1.501167,155,1983030806,"","","","",2.,1,100,1,"","","","","","","","","","","","","","","","","","","","","","","","","","","","",2.6,1,2.,1,"","","","","","","","","","","","","","","","","","","","","","","","","","",96,1,"","","","","","","","","","","","",7.1,1,1028.4,1,"","","","","","",0,1,"","",0,1,0,1,0,1,"","","","","","","","","","","","","","","","","","","","","","","","",1600,1,"","",10,1,"","","","",1,1,"","","","","","","","","","","","","","","","","","","","","","","","","","","","","","","","","","","","","","","","","","","","","","","","","","","","","","","","","","","","","",""
"28070001","CHARTRES",48.4605,1.501167,155,1983030809,"","","","",3.,1,120,1,"","","","","","","","","","","","","","","","","","","","","","","","","","","","",6.4,1,4.3,1,"","","","","","","","","","","","","","","","","","","","","","","","","","",88,1,"","","","","","","","","","","","",8.4,1,1028.2,1,"","","","","","",0,1,"","",0,1,0,1,0,1,"","","","","","","","","","","","","","","","","","","","","","","","",4000,1,"","",10,1,0,1,"","","","","","","","","","","","","","","","","","","","","","","","","","","","","","","","","","","","","","","","","","","","","","","","","","","","","","","","","","","","","","","","","",""
"28070001","CHARTRES",48.4605,1.501167,155,1983030812,"","","","",4.,1,140,1,"","","","","","","","","","","","","","","","","","","","","","","","","","","","",12.2,1,7.8,1,"","","","","","","","","","","","","","","","","","","","","","","","","","",76,1,"","","","","","","","","","","","",10.8,1,1026.8,1,"","","","","","",0,1,"","",0,1,0,1,0,1,"","","","","","","","","","","","","","","","","","","","","","","","",10000,1,"","",2,1,0,1,"","","","","","","","","","","","","","","","","","","","","","","","","","","","","","","","","","","","","","","","","","","","","","","","","","","","","","","","","","","","","","","","","",""
"28070001","CHARTRES",48.4605,1.501167,155,1983030815,"","","","",5.,1,140,1,"","","","","","","","","","","","","","","","","","","","","","","","","","","","",14.,1,8.1,1,"","","","","","","","","","","","","","","","","","","","","","","","","","",69,1,"","","","","","","","","","","","",11.,1,1023.9,1,"","","","","","",0,1,"","",0,1,0,1,0,1,"","","","","","","","","","","","","","","","","","","","","","","","",18000,1,"","",2,1,0,1,"","","","","","","","","","","","","","","","","","","","","","","","","","","","","","","","","","","","","","","","","","","","","","","","","","","","","","","","","","","","","","","","","",""
"28070001","CHARTRES",48.4605,1.501167,155,1983030818,"","","","",2.,1,40,1,"","","","","","","","","","","","","","","","","","","","","","","","","","","","",11.6,1,8.7,1,"","","","","","","","","","","","","","","","","","","","","","","","","","",84,1,"","","","","","","","","","","","",11.5,1,1023.6,1,"","","","","","","","","","","","","","","","","","","","","","","","","","","","","","","","","","","","","","","","","","","","","","","","","","","","","","","","","","","","","","","","","","","","","","","","","","","","","","","","","","","","","","","","","","","","","","","","","","","","","","","","","","","","","","","","","",""
"28070001","CHARTRES",48.4605,1.501167,155,1983030821,"","","","",1.,1,80,1,"","","","","","","","","","","","","","","","","","","","","","","","","","","","",7.8,1,6.6,1,"","","","","","","","","","","","","","","","","","","","","","","","","","",94,1,"","","","","","","","","","","","",9.9,1,1023.2,1,"","","","","","","","","","","","","","","","","","","","","","","","","","","","","","","","","","","","","","","","","","","","","","","","","","","","","","","","","","","","","","","","","","","","","","","","","","","","","","","","","","","","","","","","","","","","","","","","","","","","","","","","","","","","","","","","","",""
"28070001","CHARTRES",48.4605,1.501167,155,1983030900,"","","","",1.,1,340,1,"","","","","","","","","","","","","","","","","","","","","","","","","","","","",4.8,1,4.1,1,"","","","","","","","","","","","","","","","","","","","","","","","","","",96,1,"","","","","","","","","","","","",8.3,1,1023.2,1,"","","","","","","","","","","","","","","","","","","","","","","","","","","","","","","","","","","","","","","","","","","","","","","","","","","","","","","","","","","","","","","","","","","","","","","","","","","","","","","","","","","","","","","","","","","","","","","","","","","","","","","","","","","","","","","","","",""
"28070001","CHARTRES",48.4605,1.501167,155,1983030903,"","","","",1.,1,160,1,"","","","","","","","","","","","","","","","","","","","","","","","","","","","",2.4,1,1.8,1,"","","","","","","","","","","","","","","","","","","","","","","","","","",97,1,"","","","","","","","","","","","",7.,1,1023.,1,"","","","","","","","","","","","","","","","","","","","","","","","","","","","","","","","","","","","","","","","","","","","","","","","","","","","","","","","","","","","","","","","","","","","","","","","","","","","","","","","","","","","","","","","","","","","","","","","","","","","","","","","","","","","","","","","","",""
"28070001","CHARTRES",48.4605,1.501167,155,1983030906,"","","","",1.,1,80,1,"","","","","","","","","","","","","","","","","","","","","","","","","","","","",1.1,1,0.8,1,"","","","","","","","","","","","","","","","","","","","","","","","","","",98,1,"","","","","","","","","","","","",6.5,1,1022.9,1,"","","","","","",9,1,"","","","","","","","","","","","","","","","","","","","","","","","","","","","","","","","",20,1,"","",45,1,"","","","",1,1,"","","","","","","","","","","","","","","","","","","","","","","","","","","","","","","","","","","","","","","","","","","","","","","","","","","","","","","","","","","","","",""
"28070001","CHARTRES",48.4605,1.501167,155,1983030909,"","","","",0.,1,0,1,"","","","","","","","","","","","","","","","","","","","","","","","","","","","",6.1,1,5.4,1,"","","","","","","","","","","","","","","","","","","","","","","","","","",97,1,"","","","","","","","","","","","",9.1,1,1023.5,1,"","","","","","",1,1,0,1,0,1,0,1,1,1,"","","","","","","","","","","","","","","","","","","","","","","","",2500,1,"","",10,1,4,1,"","","","","","","","","","","","","","","","","","","","","","","","","","","","","","","","","","","","","","","","","","","","","","","","","","","","","","","","","","","","","","","","","",""
"28070001","CHARTRES",48.4605,1.501167,155,1983030912,"","","","",2.,1,140,1,"","","","","","","","","","","","","","","","","","","","","","","","","","","","",13.9,1,8.2,1,"","","","","","","","","","","","","","","","","","","","","","","","","","",70,1,"","","","","","","","","","","","",11.1,1,1023.4,1,"","","","","","",2,1,0,1,0,1,0,1,1,1,"","","","","","","","","","","","","","","","","","","","","","","","",7000,1,"","",3,1,4,1,"","","","","","","","","","","","","","","","","","","","","","","","","","","","","","","","","","","","","","","","","","","","","","","","","","","","","","","","","","","","","","","","","",""
"28070001","CHARTRES",48.4605,1.501167,155,1983030915,"","","","",1.,1,260,1,"","","","","","","","","","","","","","","","","","","","","","","","","","","","",16.5,1,8.5,1,"","","","","","","","","","","","","","","","","","","","","","","","","","",60,1,"","","","","","","","","","","","",11.3,1,1022.1,1,"","","","","","",5,1,0,1,0,1,3,1,1,1,"","","","","","","","","","","","","","","","","","","","","","","","",15000,1,"","",3,1,1,1,"","","","","","","","","","","","","","","","","","","","","","","","","","","","","","","","","","","","","","","","","","","","","","","","","","","","","","","","","","","","","","","","","",""
"28070001","CHARTRES",48.4605,1.501167,155,1983030918,"","","","",1.,1,60,1,"","","","","","","","","","","","","","","","","","","","","","","","","","","","",13.1,1,8.6,1,"","","","","","","","","","","","","","","","","","","","","","","","","","",76,1,"","","","","","","","","","","","",11.4,1,1022.3,1,"","","","","","","","",0,1,"","","","","","","","","","","","","","","","","","","","","","","","","","","","","","","","","","","","","","","","","","","","","","","","","","","","","","","","","","","","","","","","","","","","","","","","","","","","","","","","","","","","","","","","","","","","","","","","","","","","","","","",""
"28070001","CHARTRES",48.4605,1.501167,155,1983030921,"","","","",5.,1,360,1,"","","","","","","","","","","","","","","","","","","","","","","","","","","","",9.9,1,8.7,1,"","","","","","","","","","","","","","","","","","","","","","","","","","",94,1,"","","","","","","","","","","","",11.5,1,1023.8,1,"","","","","","","","",0,1,"","","","","","","","","","","","","","","","","","","","","","","","","","","","","","","","","","","","","","","","","","","","","","","","","","","","","","","","","","","","","","","","","","","","","","","","","","","","","","","","","","","","","","","","","","","","","","","","","","","","","","","",""
"28070001","CHARTRES",48.4605,1.501167,155,1983031000,"","","","",4.,1,40,1,"","","","","","","","","","","","","","","","","","","","","","","","","","","","",6.7,1,6.,1,"","","","","","","","","","","","","","","","","","","","","","","","","","",97,1,"","","","","","","","","","","","",9.5,1,1024.9,1,"","","","","","","","",0,1,"","","","","","","","","","","","","","","","","","","","","","","","","","","","","","","","","","","","","","","","","","","","","","","","","","","","","","","","","","","","","","","","","","","","","","","","","","","","","","","","","","","","","","","","","","","","","","","","","","","","","","","",""
"28070001","CHARTRES",48.4605,1.501167,155,1983031003,"","","","",3.,1,60,1,"","","","","","","","","","","","","","","","","","","","","","","","","","","","",5.1,1,4.1,1,"","","","","","","","","","","","","","","","","","","","","","","","","","",95,1,"","","","","","","","","","","","",8.3,1,1025.,1,"","","","","","","","",0,1,"","","","","","","","","","","","","","","","","","","","","","","","","","","","","","","","","","","","","","","","","","","","","","","","","","","","","","","","","","","","","","","","","","","","","","","","","","","","","","","","","","","","","","","","","","","","","","","","","","","","","","","",""
"28070001","CHARTRES",48.4605,1.501167,155,1983031006,"","","","",4.,1,20,1,"","","","","","","","","","","","","","","","","","","","","","","","","","","","",3.8,1,2.9,1,"","","","","","","","","","","","","","","","","","","","","","","","","","",95,1,"","","","","","","","","","","","",7.6,1,1025.4,1,"","","","","","",8,1,8,1,6,1,"","","","","","","","","","","","","","","","","","","","","","","","","","","","",1800,1,"","",10,1,"","","","",1,1,"","","","","","","","","","","","","","","","","","","","","","","","","","","","","","","","","","","","","","","","","","","","","","","","","","","","","","","","","","","","","",""
"28070001","CHARTRES",48.4605,1.501167,155,1983031009,"","","","",4.,1,60,1,"","","","","","","","","","","","","","","","","","","","","","","","","","","","",3.,1,2.4,1,"","","","","","","","","","","","","","","","","","","","","","","","","","",96,1,"","","","","","","","","","","","",7.3,1,1026.2,1,"","","","","","",8,1,8,1,6,1,"","","","","","","","","","","","","","","","","","","","","","","","","","","","",1800,1,"","",10,1,2,1,"","","","","","","","","","","","","","","","","","","","","","","","","","","","","","","","","","","","","","","","","","","","","","","","","","","","","","","","","","","","","","","","","",""
"28070001","CHARTRES",48.4605,1.501167,155,1983031012,"","","","",3.,1,20,1,"","","","","","","","","","","","","","","","","","","","","","","","","","","","",5.2,1,2.9,1,"","","","","","","","","","","","","","","","","","","","","","","","","","",86,1,"","","","","","","","","","","","",7.6,1,1026.5,1,"","","","","","",7,1,7,1,6,1,"","","","","","","","","","","","","","","","","","","","","","","","","","","","",4500,1,"","",10,1,2,1,"","","","","","","","","","","","","","","","","","","","","","","","","","","","","","","","","","","","","","","","","","","","","","","","","","","","","","","","","","","","","","","","","",""
"28070001","CHARTRES",48.4605,1.501167,155,1983031015,"","","","",3.,1,360,1,"","","","","","","","","","","","","","","","","","","","","","","","","","","","",8.6,1,4.8,1,"","","","","","","","","","","","","","","","","","","","","","","","","","",78,1,"","","","","","","","","","","","",8.7,1,1024.6,1,"","","","","","",0,1,"","",0,1,0,1,0,1,"","","","","","","","","","","","","","","","","","","","","","","","",5000,1,"","",2,1,1,1,"","","","","","","","","","","","","","","","","","","","","","","","","","","","","","","","","","","","","","","","","","","","","","","","","","","","","","","","","","","","","","","","","",""
"28070001","CHARTRES",48.4605,1.501167,155,1983031018,"","","","",2.,1,20,1,"","","","","","","","","","","","","","","","","","","","","","","","","","","","",6.3,1,5.3,1,"","","","","","","","","","","","","","","","","","","","","","","","","","",94,1,"","","","","","","","","","","","",9.,1,1024.2,1,"","","","","","","","","","","","","","","","","","","","","","","","","","","","","","","","","","","","","","","","","","","","","","","","","","","","","","","","","","","","","","","","","","","","","","","","","","","","","","","","","","","","","","","","","","","","","","","","","","","","","","","","","","","","","","","","","",""
"28070001","CHARTRES",48.4605,1.501167,155,1983031021,"","","","",1.,1,20,1,"","","","","","","","","","","","","","","","","","","","","","","","","","","","",3.3,1,3.3,1,"","","","","","","","","","","","","","","","","","","","","","","","","","",99,1,"","","","","","","","","","","","",7.7,1,1024.9,1,"","","","","","","","","","","","","","","","","","","","","","","","","","","","","","","","","","","","","","","","","","","","","","","","","","","","","","","","","","","","","","","","","","","","","","","","","","","","","","","","","","","","","","","","","","","","","","","","","","","","","","","","","","","","","","","","","",""
"28070001","CHARTRES",48.4605,1.501167,155,1983031100,"","","","",1.,1,260,1,"","","","","","","","","","","","","","","","","","","","","","","","","","","","",1.8,1,1.4,1,"","","","","","","","","","","","","","","","","","","","","","","","","","",98,1,"","","","","","","","","","","","",6.8,1,1024.8,1,"","","","","","","","","","","","","","","","","","","","","","","","","","","","","","","","","","","","","","","","","","","","","","","","","","","","","","","","","","","","","","","","","","","","","","","","","","","","","","","","","","","","","","","","","","","","","","","","","","","","","","","","","","","","","","","","","",""
"28070001","CHARTRES",48.4605,1.501167,155,1983031103,"","","","",2.,1,280,1,"","","","","","","","","","","","","","","","","","","","","","","","","","","","",1.1,1,0.6,1,"","","","","","","","","","","","","","","","","","","","","","","","","","",97,1,"","","","","","","","","","","","",6.4,1,1024.6,1,"","","","","","","","","","","","","","","","","","","","","","","","","","","","","","","","","","","","","","","","","","","","","","","","","","","","","","","","","","","","","","","","","","","","","","","","","","","","","","","","","","","","","","","","","","","","","","","","","","","","","","","","","","","","","","","","","",""
"28070001","CHARTRES",48.4605,1.501167,155,1983031106,"","","","",1.,1,20,1,"","","","","","","","","","","","","","","","","","","","","","","","","","","","",-0.8,1,-1.3,1,"","","","","","","","","","","","","","","","","","","","","","","","","","",95,1,"","","","","","","","","","","","",5.5,1,1025.,1,"","","","","","",9,1,"","","","","","","","","","","","","","","","","","","","","","","","","","","","","","","","",60,1,"","",45,1,"","","","",4,1,"","","","","","","","","","","","","","","","","","","","","","","","","","","","","","","","","","","","","","","","","","","","","","","","","","","","","","","","","","","","","",""
"28070001","CHARTRES",48.4605,1.501167,155,1983031109,"","","","",4.,1,360,1,"","","","","","","","","","","","","","","","","","","","","","","","","","","","",1.7,1,1.4,1,"","","","","","","","","","","","","","","","","","","","","","","","","","",98,1,"","","","","","","","","","","","",6.8,1,1026.6,1,"","","","","","",9,1,"","","","","","","","","","","","","","","","","","","","","","","","","","","","","","","","",200,1,"","",43,1,4,1,"","","","","","","","","","","","","","","","","","","","","","","","","","","","","","","","","","","","","","","","","","","","","","","","","","","","","","","","","","","","","","","","","",""
"28070001","CHARTRES",48.4605,1.501167,155,1983031112,"","","","",2.,1,60,1,"","","","","","","","","","","","","","","","","","","","","","","","","","","","",3.3,1,2.9,1,"","","","","","","","","","","","","","","","","","","","","","","","","","",98,1,"","","","","","","","","","","","",7.6,1,1027.,1,"","","","","","",8,1,8,1,6,1,"","","","","","","","","","","","","","","","","","","","","","","","","","","","",1100,1,"","",28,1,4,1,"","","","","","","","","","","","","","","","","","","","","","","","","","","","","","","","","","","","","","","","","","","","","","","","","","","","","","","","","","","","","","","","","",""
"28070001","CHARTRES",48.4605,1.501167,155,1983031115,"","","","",2.,1,80,1,"","","","","","","","","","","","","","","","","","","","","","","","","","","","",4.3,1,3.4,1,"","","","","","","","","","","","","","","","","","","","","","","","","","",95,1,"","","","","","","","","","","","",7.9,1,1026.4,1,"","","","","","",8,1,8,1,6,1,"","","","","","","","","","","","","","","","","","","","","","","","","","","","",2300,1,"","",10,1,2,1,"","","","","","","","","","","","","","","","","","","","","","","","","","","","","","","","","","","","","","","","","","","","","","","","","","","","","","","","","","","","","","","","","",""
"28070001","CHARTRES",48.4605,1.501167,155,1983031118,"","","","",0.,1,0,1,"","","","","","","","","","","","","","","","","","","","","","","","","","","","",5.3,1,4.,1,"","","","","","","","","","","","","","","","","","","","","","","","","","",92,1,"","","","","","","","","","","","",8.2,1,1026.8,1,"","","","","","","","",8,1,"","","","","","","","","","","","","","","","","","","","","","","","","","","","","","","","","","","","","","","","","","","","","","","","","","","","","","","","","","","","","","","","","","","","","","","","","","","","","","","","","","","","","","","","","","","","","","","","","","","","","","","",""
"28070001","CHARTRES",48.4605,1.501167,155,1983031121,"","","","",0.,1,0,1,"","","","","","","","","","","","","","","","","","","","","","","","","","","","",5.1,1,4.,1,"","","","","","","","","","","","","","","","","","","","","","","","","","",93,1,"","","","","","","","","","","","",8.2,1,1027.1,1,"","","","","","","","",8,1,"","","","","","","","","","","","","","","","","","","","","","","","","","","","","","","","","","","","","","","","","","","","","","","","","","","","","","","","","","","","","","","","","","","","","","","","","","","","","","","","","","","","","","","","","","","","","","","","","","","","","","","",""
"28070001","CHARTRES",48.4605,1.501167,155,1983031200,"","","","",0.,1,0,1,"","","","","","","","","","","","","","","","","","","","","","","","","","","","",4.3,1,3.6,1,"","","","","","","","","","","","","","","","","","","","","","","","","","",96,1,"","","","","","","","","","","","",8.,1,1027.4,1,"","","","","","","","",8,1,"","","","","","","","","","","","","","","","","","","","","","","","","","","","","","","","","","","","","","","","","","","","","","","","","","","","","","","","","","","","","","","","","","","","","","","","","","","","","","","","","","","","","","","","","","","","","","","","","","","","","","","",""
"28070001","CHARTRES",48.4605,1.501167,155,1983031203,"","","","",4.,1,120,1,"","","","","","","","","","","","","","","","","","","","","","","","","","","","",4.8,1,3.3,1,"","","","","","","","","","","","","","","","","","","","","","","","","","",91,1,"","","","","","","","","","","","",7.8,1,1027.1,1,"","","","","","","","",8,1,"","","","","","","","","","","","","","","","","","","","","","","","","","","","","","","","","","","","","","","","","","","","","","","","","","","","","","","","","","","","","","","","","","","","","","","","","","","","","","","","","","","","","","","","","","","","","","","","","","","","","","","",""
"28070001","CHARTRES",48.4605,1.501167,155,1983031206,"","","","",7.,1,140,1,"","","","","","","","","","","","","","","","","","","","","","","","","","","","",4.7,1,3.3,1,"","","","","","","","","","","","","","","","","","","","","","","","","","",92,1,"","","","","","","","","","","","",7.8,1,1026.7,1,"","","","","","",8,1,8,1,6,1,"","","","","","","","","","","","","","","","","","","","","","","","","","","","",1600,1,"","",10,1,"","","","",1,1,"","","","","","","","","","","","","","","","","","","","","","","","","","","","","","","","","","","","","","","","","","","","","","","","","","","","","","","","","","","","","",""
"28070001","CHARTRES",48.4605,1.501167,155,1983031209,"","","","",5.,1,120,1,"","","","","","","","","","","","","","","","","","","","","","","","","","","","",5.3,1,3.8,1,"","","","","","","","","","","","","","","","","","","","","","","","","","",90,1,"","","","","","","","","","","","",8.1,1,1026.8,1,"","","","","","",8,1,8,1,6,1,"","","","","","","","","","","","","","","","","","","","","","","","","","","","",2500,1,"","",10,1,2,1,"","","","","","","","","","","","","","","","","","","","","","","","","","","","","","","","","","","","","","","","","","","","","","","","","","","","","","","","","","","","","","","","","",""
"28070001","CHARTRES",48.4605,1.501167,155,1983031212,"","","","",7.,1,140,1,"","","","","","","","","","","","","","","","","","","","","","","","","","","","",10.,1,5.9,1,"","","","","","","","","","","","","","","","","","","","","","","","","","",77,1,"","","","","","","","","","","","",9.4,1,1025.9,1,"","","","","","",5,1,0,1,6,1,0,1,0,1,"","","","","","","","","","","","","","","","","","","","","","","","",5000,1,"","",1,1,2,1,"","","","","","","","","","","","","","","","","","","","","","","","","","","","","","","","","","","","","","","","","","","","","","","","","","","","","","","","","","","","","","","","","",""
"28070001","CHARTRES",48.4605,1.501167,155,1983031215,"","","","",4.,1,120,1,"","","","","","","","","","","","","","","","","","","","","","","","","","","","",12.4,1,6.4,1,"","","","","","","","","","","","","","","","","","","","","","","","","","",68,1,"","","","","","","","","","","","",9.8,1,1023.7,1,"","","","","","",0,1,"","",0,1,0,1,0,1,"","","","","","","","","","","","","","","","","","","","","","","","",12000,1,"","",2,1,1,1,"","","","","","","","","","","","","","","","","","","","","","","","","","","","","","","","","","","","","","","","","","","","","","","","","","","","","","","","","","","","","","","","","",""
"28070001","CHARTRES",48.4605,1.501167,155,1983031218,"","","","",3.,1,100,1,"","","","","","","","","","","","","","","","","","","","","","","","","","","","",8.4,1,5.3,1,"","","","","","","","","","","","","","","","","","","","","","","","","","",82,1,"","","","","","","","","","","","",9.,1,1023.2,1,"","","","","","","","","","","","","","","","","","","","","","","","","","","","","","","","","","","","","","","","","","","","","","","","","","","","","","","","","","","","","","","","","","","","","","","","","","","","","","","","","","","","","","","","","","","","","","","","","","","","","","","","","","","","","","","","","",""
"28070001","CHARTRES",48.4605,1.501167,155,1983031221,"","","","",2.,1,120,1,"","","","","","","","","","","","","","","","","","","","","","","","","","","","",5.,1,3.8,1,"","","","","","","","","","","","","","","","","","","","","","","","","","",93,1,"","","","","","","","","","","","",8.1,1,1022.7,1,"","","","","","","","","","","","","","","","","","","","","","","","","","","","","","","","","","","","","","","","","","","","","","","","","","","","","","","","","","","","","","","","","","","","","","","","","","","","","","","","","","","","","","","","","","","","","","","","","","","","","","","","","","","","","","","","","",""
"28070001","CHARTRES",48.4605,1.501167,155,1983031300,"","","","",3.,1,120,1,"","","","","","","","","","","","","","","","","","","","","","","","","","","","",4.2,1,2.,1,"","","","","","","","","","","","","","","","","","","","","","","","","","",86,1,"","","","","","","","","","","","",7.1,1,1021.4,1,"","","","","","","","","","","","","","","","","","","","","","","","","","","","","","","","","","","","","","","","","","","","","","","","","","","","","","","","","","","","","","","","","","","","","","","","","","","","","","","","","","","","","","","","","","","","","","","","","","","","","","","","","","","","","","","","","",""
"28070001","CHARTRES",48.4605,1.501167,155,1983031303,"","","","",2.,1,120,1,"","","","","","","","","","","","","","","","","","","","","","","","","","","","",2.4,1,0.6,1,"","","","","","","","","","","","","","","","","","","","","","","","","","",88,1,"","","","","","","","","","","","",6.4,1,1020.4,1,"","","","","","","","","","","","","","","","","","","","","","","","","","","","","","","","","","","","","","","","","","","","","","","","","","","","","","","","","","","","","","","","","","","","","","","","","","","","","","","","","","","","","","","","","","","","","","","","","","","","","","","","","","","","","","","","","",""
"28070001","CHARTRES",48.4605,1.501167,155,1983031306,"","","","",3.,1,120,1,"","","","","","","","","","","","","","","","","","","","","","","","","","","","",1.2,1,-0.2,1,"","","","","","","","","","","","","","","","","","","","","","","","","","",90,1,"","","","","","","","","","","","",6.,1,1019.3,1,"","","","","","",0,1,"","",0,1,0,1,0,1,"","","","","","","","","","","","","","","","","","","","","","","","",6000,1,"","",0,1,"","","","",4,1,"","","","","","","","","","","","","","","","","","","","","","","","","","","","","","","","","","","","","","","","","","","","","","","","","","","","","","","","","","","","","",""
"28070001","CHARTRES",48.4605,1.501167,155,1983031309,"","","","",4.,1,180,1,"","","","","","","","","","","","","","","","","","","","","","","","","","","","",6.2,1,3.6,1,"","","","","","","","","","","","","","","","","","","","","","","","","","",85,1,"","","","","","","","","","","","",8.,1,1019.1,1,"","","","","","",0,1,"","",0,1,0,1,0,1,"","","","","","","","","","","","","","","","","","","","","","","","",4000,1,"","",10,1,0,1,"","","","","","","","","","","","","","","","","","","","","","","","","","","","","","","","","","","","","","","","","","","","","","","","","","","","","","","","","","","","","","","","","",""
"28070001","CHARTRES",48.4605,1.501167,155,1983031312,"","","","",5.,1,240,1,"","","","","","","","","","","","","","","","","","","","","","","","","","","","",13.6,1,7.7,1,"","","","","","","","","","","","","","","","","","","","","","","","","","",69,1,"","","","","","","","","","","","",10.7,1,1017.5,1,"","","","","","",6,1,6,1,0,1,0,1,2,1,"","","","","","","","","","","","","","","","","","","","","","","","",10000,1,"","",3,1,1,1,"","","","","","","","","","","","","","","","","","","","","","","","","","","","","","","","","","","","","","","","","","","","","","","","","","","","","","","","","","","","","","","","","",""
"28070001","CHARTRES",48.4605,1.501167,155,1983031315,"","","","",6.,1,200,1,"","","","","","","","","","","","","","","","","","","","","","","","","","","","",15.8,1,8.1,1,"","","","","","","","","","","","","","","","","","","","","","","","","","",61,1,"","","","","","","","","","","","",11.,1,1015.5,1,"","","","","","",8,1,8,1,0,1,7,1,"","","","","","","","","","","","","","","","","","","","","","","","","","",12000,1,"","",3,1,2,1,"","","","","","","","","","","","","","","","","","","","","","","","","","","","","","","","","","","","","","","","","","","","","","","","","","","","","","","","","","","","","","","","","",""
"28070001","CHARTRES",48.4605,1.501167,155,1983031318,"","","","",4.,1,240,1,"","","","","","","","","","","","","","","","","","","","","","","","","","","","",14.2,1,7.4,1,"","","","","","","","","","","","","","","","","","","","","","","","","","",65,1,"","","","","","","","","","","","",10.5,1,1015.8,1,"","","","","","","","",8,1,"","","","","","","","","","","","","","","","","","","","","","","","","","","","","","","","","","","","","","","","","","","","","","","","","","","","","","","","","","","","","","","","","","","","","","","","","","","","","","","","","","","","","","","","","","","","","","","","","","","","","","","",""
"28070001","CHARTRES",48.4605,1.501167,155,1983031321,"","","","",4.,1,220,1,"","","","","","","","","","","","","","","","","","","","","","","","","","","","",11.9,1,8.2,1,"","","","","","","","","","","","","","","","","","","","","","","","","","",80,1,"","","","","","","","","","","","",11.1,1,1016.3,1,"","","","","","","","",8,1,"","","","","","","","","","","","","","","","","","","","","","","","","","","","","","","","","","","","","","","","","","","","","","","","","","","","","","","","","","","","","","","","","","","","","","","","","","","","","","","","","","","","","","","","","","","","","","","","","","","","","","","",""
"28070001","CHARTRES",48.4605,1.501167,155,1983031400,"","","","",5.,1,220,1,"","","","","","","","","","","","","","","","","","","","","","","","","","","","",9.7,1,7.8,1,"","","","","","","","","","","","","","","","","","","","","","","","","","",90,1,"","","","","","","","","","","","",10.8,1,1017.3,1,"","","","","","","","",8,1,"","","","","","","","","","","","","","","","","","","","","","","","","","","","","","","","","","","","","","","","","","","","","","","","","","","","","","","","","","","","","","","","","","","","","","","","","","","","","","","","","","","","","","","","","","","","","","","","","","","","","","","",""
"28070001","CHARTRES",48.4605,1.501167,155,1983031403,"","","","",6.,1,220,1,"","","","","","","","","","","","","","","","","","","","","","","","","","","","",9.4,1,7.4,1,"","","","","","","","","","","","","","","","","","","","","","","","","","",89,1,"","","","","","","","","","","","",10.5,1,1016.8,1,"","","","","","","","",8,1,"","","","","","","","","","","","","","","","","","","","","","","","","","","","","","","","","","","","","","","","","","","","","","","","","","","","","","","","","","","","","","","","","","","","","","","","","","","","","","","","","","","","","","","","","","","","","","","","","","","","","","","",""
"28070001","CHARTRES",48.4605,1.501167,155,1983031406,"","","","",8.,1,220,1,"","","","","","","","","","","","","","","","","","","","","","","","","","","","",9.4,1,7.4,1,"","","","","","","","","","","","","","","","","","","","","","","","","","",89,1,"","","","","","","","","","","","",10.5,1,1015.8,1,"","","","","","",8,1,8,1,5,1,"","","","","","","","","","","","","","","","","","","","","","","","","","","","",8000,1,"","",0,1,"","","","",1,1,"","","","","","","","","","","","","","","","","","","","","","","","","","","","","","","","","","","","","","","","","","","","","","","","","","","","","","","","","","","","","",""
"28070001","CHARTRES",48.4605,1.501167,155,1983031409,"","","","",8.,1,220,1,"","","","","","","","","","","","","","","","","","","","","","","","","","","","",10.2,1,8.1,1,"","","","","","","","","","","","","","","","","","","","","","","","","","",88,1,"","","","","","","","","","","","",11.,1,1014.8,1,"","","","","","",6,1,0,1,8,1,0,1,0,1,"","","","","","","","","","","","","","","","","","","","","","","","",12000,1,"","",25,1,8,1,"","","","","","","","","","","","","","","","","","","","","","","","","","","","","","","","","","","","","","","","","","","","","","","","","","","","","","","","","","","","","","","","","",""
"28070001","CHARTRES",48.4605,1.501167,155,1983031412,"","","","",8.,1,220,1,"","","","","","","","","","","","","","","","","","","","","","","","","","","","",11.1,1,8.2,1,"","","","","","","","","","","","","","","","","","","","","","","","","","",84,1,"","","","","","","","","","","","",11.1,1,1012.7,1,"","","","","","",8,1,5,1,8,1,"","","","","","","","","","","","","","","","","","","","","","","","","","","","",6000,1,"","",80,1,8,1,"","","","","","","","","","","","","","","","","","","","","","","","","","","","","","","","","","","","","","","","","","","","","","","","","","","","","","","","","","","","","","","","","",""
"28070001","CHARTRES",48.4605,1.501167,155,1983031415,"","","","",7.,1,220,1,"","","","","","","","","","","","","","","","","","","","","","","","","","","","",10.4,1,7.7,1,"","","","","","","","","","","","","","","","","","","","","","","","","","",85,1,"","","","","","","","","","","","",10.7,1,1011.,1,"","","","","","",8,1,5,1,4,1,"","","","","","","","","","","","","","","","","","","","","","","","","","","","",12000,1,"","",25,1,8,1,"","","","","","","","","","","","","","","","","","","","","","","","","","","","","","","","","","","","","","","","","","","","","","","","","","","","","","","","","","","","","","","","","",""
"28070001","CHARTRES",48.4605,1.501167,155,1983031418,"","","","",4.,1,200,1,"","","","","","","","","","","","","","","","","","","","","","","","","","","","",8.9,1,7.7,1,"","","","","","","","","","","","","","","","","","","","","","","","","","",94,1,"","","","","","","","","","","","",10.7,1,1009.8,1,"","","","","","","","",5,1,"","","","","","","","","","","","","","","","","","","","","","","","","","","","","","","","","","","","","","","","","","","","","","","","","","","","","","","","","","","","","","","","","","","","","","","","","","","","","","","","","","","","","","","","","","","","","","","","","","","","","","","",""
"28070001","CHARTRES",48.4605,1.501167,155,1983031421,"","","","",1.,1,260,1,"","","","","","","","","","","","","","","","","","","","","","","","","","","","",7.1,1,6.2,1,"","","","","","","","","","","","","","","","","","","","","","","","","","",95,1,"","","","","","","","","","","","",9.6,1,1009.,1,"","","","","","","","",5,1,"","","","","","","","","","","","","","","","","","","","","","","","","","","","","","","","","","","","","","","","","","","","","","","","","","","","","","","","","","","","","","","","","","","","","","","","","","","","","","","","","","","","","","","","","","","","","","","","","","","","","","","",""
"28070001","CHARTRES",48.4605,1.501167,155,1983031500,"","","","",2.,1,220,1,"","","","","","","","","","","","","","","","","","","","","","","","","","","","",7.2,1,6.2,1,"","","","","","","","","","","","","","","","","","","","","","","","","","",95,1,"","","","","","","","","","","","",9.6,1,1008.,1,"","","","","","","","",5,1,"","","","","","","","","","","","","","","","","","","","","","","","","","","","","","","","","","","","","","","","","","","","","","","","","","","","","","","","","","","","","","","","","","","","","","","","","","","","","","","","","","","","","","","","","","","","","","","","","","","","","","","",""
"28070001","CHARTRES",48.4605,1.501167,155,1983031503,"","","","",2.,1,240,1,"","","","","","","","","","","","","","","","","","","","","","","","","","","","",6.7,1,5.5,1,"","","","","","","","","","","","","","","","","","","","","","","","","","",93,1,"","","","","","","","","","","","",9.1,1,1007.4,1,"","","","","","","","",5,1,"","","","","","","","","","","","","","","","","","","","","","","","","","","","","","","","","","","","","","","","","","","","","","","","","","","","","","","","","","","","","","","","","","","","","","","","","","","","","","","","","","","","","","","","","","","","","","","","","","","","","","","",""
"28070001","CHARTRES",48.4605,1.501167,155,1983031506,"","","","",4.,1,360,1,"","","","","","","","","","","","","","","","","","","","","","","","","","","","",5.5,1,4.2,1,"","","","","","","","","","","","","","","","","","","","","","","","","","",92,1,"","","","","","","","","","","","",8.3,1,1008.,1,"","","","","","",8,1,5,1,8,1,"","","","","","","","","","","","","","","","","","","","","","","","","","","","",15000,1,"","",0,1,"","","","",2,1,"","","","","","","","","","","","","","","","","","","","","","","","","","","","","","","","","","","","","","","","","","","","","","","","","","","","","","","","","","","","","",""
"28070001","CHARTRES",48.4605,1.501167,155,1983031509,"","","","",5.,1,340,1,"","","","","","","","","","","","","","","","","","","","","","","","","","","","",6.2,1,4.,1,"","","","","","","","","","","","","","","","","","","","","","","","","","",86,1,"","","","","","","","","","","","",8.2,1,1010.3,1,"","","","","","",6,1,6,1,8,1,0,1,0,1,"","","","","","","","","","","","","","","","","","","","","","","","",20000,1,"","",1,1,2,1,"","","","","","","","","","","","","","","","","","","","","","","","","","","","","","","","","","","","","","","","","","","","","","","","","","","","","","","","","","","","","","","","","",""
"28070001","CHARTRES",48.4605,1.501167,155,1983031512,"","","","",5.,1,20,1,"","","","","","","","","","","","","","","","","","","","","","","","","","","","",7.5,1,3.8,1,"","","","","","","","","","","","","","","","","","","","","","","","","","",79,1,"","","","","","","","","","","","",8.1,1,1012.3,1,"","","","","","",7,1,5,1,8,1,"","","","","","","","","","","","","","","","","","","","","","","","","","","","",20000,1,"","",3,1,2,1,"","","","","","","","","","","","","","","","","","","","","","","","","","","","","","","","","","","","","","","","","","","","","","","","","","","","","","","","","","","","","","","","","",""
"28070001","CHARTRES",48.4605,1.501167,155,1983031515,"","","","",6.,1,360,1,"","","","","","","","","","","","","","","","","","","","","","","","","","","","",9.4,1,3.8,1,"","","","","","","","","","","","","","","","","","","","","","","","","","",69,1,"","","","","","","","","","","","",8.1,1,1012.9,1,"","","","","","",5,1,0,1,4,1,0,1,0,1,"","","","","","","","","","","","","","","","","","","","","","","","",20000,1,"","",3,1,1,1,"","","","","","","","","","","","","","","","","","","","","","","","","","","","","","","","","","","","","","","","","","","","","","","","","","","","","","","","","","","","","","","","","",""
"28070001","CHARTRES",48.4605,1.501167,155,1983031518,"","","","",6.,1,340,1,"","","","","","","","","","","","","","","","","","","","","","","","","","","","",6.9,1,3.1,1,"","","","","","","","","","","","","","","","","","","","","","","","","","",77,1,"","","","","","","","","","","","",7.7,1,1016.2,1,"","","","","","","","",0,1,"","","","","","","","","","","","","","","","","","","","","","","","","","","","","","","","","","","","","","","","","","","","","","","","","","","","","","","","","","","","","","","","","","","","","","","","","","","","","","","","","","","","","","","","","","","","","","","","","","","","","","","",""
"28070001","CHARTRES",48.4605,1.501167,155,1983031521,"","","","",4.,1,340,1,"","","","","","","","","","","","","","","","","","","","","","","","","","","","",3.9,1,3.1,1,"","","","","","","","","","","","","","","","","","","","","","","","","","",96,1,"","","","","","","","","","","","",7.7,1,1018.9,1,"","","","","","","","",0,1,"","","","","","","","","","","","","","","","","","","","","","","","","","","","","","","","","","","","","","","","","","","","","","","","","","","","","","","","","","","","","","","","","","","","","","","","","","","","","","","","","","","","","","","","","","","","","","","","","","","","","","","",""
"28070001","CHARTRES",48.4605,1.501167,155,1983031600,"","","","",4.,1,340,1,"","","","","","","","","","","","","","","","","","","","","","","","","","","","",2.9,1,2.5,1,"","","","","","","","","","","","","","","","","","","","","","","","","","",98,1,"","","","","","","","","","","","",7.4,1,1019.9,1,"","","","","","","","",0,1,"","","","","","","","","","","","","","","","","","","","","","","","","","","","","","","","","","","","","","","","","","","","","","","","","","","","","","","","","","","","","","","","","","","","","","","","","","","","","","","","","","","","","","","","","","","","","","","","","","","","","","","",""
"28070001","CHARTRES",48.4605,1.501167,155,1983031603,"","","","",3.,1,360,1,"","","","","","","","","","","","","","","","","","","","","","","","","","","","",2.9,1,2.9,1,"","","","","","","","","","","","","","","","","","","","","","","","","","",99,1,"","","","","","","","","","","","",7.4,1,1020.8,1,"","","","","","","","",0,1,"","","","","","","","","","","","","","","","","","","","","","","","","","","","","","","","","","","","","","","","","","","","","","","","","","","","","","","","","","","","","","","","","","","","","","","","","","","","","","","","","","","","","","","","","","","","","","","","","","","","","","","",""
"28070001","CHARTRES",48.4605,1.501167,155,1983031606,"","","","",5.,1,360,1,"","","","","","","","","","","","","","","","","","","","","","","","","","","","",3.,1,3.,1,"","","","","","","","","","","","","","","","","","","","","","","","","","",100,1,"","","","","","","","","","","","",7.6,1,1021.9,1,"","","","","","",8,1,8,1,6,1,"","","","","","","","","","","","","","","","","","","","","","","","","","","","",1200,1,"","",10,1,"","","","",1,1,"","","","","","","","","","","","","","","","","","","","","","","","","","","","","","","","","","","","","","","","","","","","","","","","","","","","","","","","","","","","","",""
"28070001","CHARTRES",48.4605,1.501167,155,1983031609,"","","","",3.,1,360,1,"","","","","","","","","","","","","","","","","","","","","","","","","","","","",3.9,1,3.4,1,"","","","","","","","","","","","","","","","","","","","","","","","","","",98,1,"","","","","","","","","","","","",7.9,1,1023.1,1,"","","","","","",8,1,8,1,6,1,"","","","","","","","","","","","","","","","","","","","","","","","","","","","",1200,1,"","",10,1,2,1,"","","","","","","","","","","","","","","","","","","","","","","","","","","","","","","","","","","","","","","","","","","","","","","","","","","","","","","","","","","","","","","","","",""
"28070001","CHARTRES",48.4605,1.501167,155,1983031612,"","","","",2.,1,40,1,"","","","","","","","","","","","","","","","","","","","","","","","","","","","",10.,1,5.4,1,"","","","","","","","","","","","","","","","","","","","","","","","","","",74,1,"","","","","","","","","","","","",9.1,1,1023.6,1,"","","","","","",1,1,0,1,1,1,0,1,0,1,"","","","","","","","","","","","","","","","","","","","","","","","",8000,1,"","",1,1,1,1,"","","","","","","","","","","","","","","","","","","","","","","","","","","","","","","","","","","","","","","","","","","","","","","","","","","","","","","","","","","","","","","","","",""
"28070001","CHARTRES",48.4605,1.501167,155,1983031615,"","","","",2.,1,300,1,"","","","","","","","","","","","","","","","","","","","","","","","","","","","",11.,1,4.1,1,"","","","","","","","","","","","","","","","","","","","","","","","","","",63,1,"","","","","","","","","","","","",8.3,1,1022.9,1,"","","","","","",4,1,0,1,4,1,0,1,2,1,"","","","","","","","","","","","","","","","","","","","","","","","",20000,1,"","",3,1,0,1,"","","","","","","","","","","","","","","","","","","","","","","","","","","","","","","","","","","","","","","","","","","","","","","","","","","","","","","","","","","","","","","","","",""
"28070001","CHARTRES",48.4605,1.501167,155,1983031618,"","","","",3.,1,280,1,"","","","","","","","","","","","","","","","","","","","","","","","","","","","",10.2,1,4.6,1,"","","","","","","","","","","","","","","","","","","","","","","","","","",69,1,"","","","","","","","","","","","",8.6,1,1023.2,1,"","","","","","","","",0,1,"","","","","","","","","","","","","","","","","","","","","","","","","","","","","","","","","","","","","","","","","","","","","","","","","","","","","","","","","","","","","","","","","","","","","","","","","","","","","","","","","","","","","","","","","","","","","","","","","","","","","","","",""
"28070001","CHARTRES",48.4605,1.501167,155,1983031621,"","","","",2.,1,260,1,"","","","","","","","","","","","","","","","","","","","","","","","","","","","",8.2,1,5.4,1,"","","","","","","","","","","","","","","","","","","","","","","","","","",84,1,"","","","","","","","","","","","",9.1,1,1023.9,1,"","","","","","","","",0,1,"","","","","","","","","","","","","","","","","","","","","","","","","","","","","","","","","","","","","","","","","","","","","","","","","","","","","","","","","","","","","","","","","","","","","","","","","","","","","","","","","","","","","","","","","","","","","","","","","","","","","","","",""
"28070001","CHARTRES",48.4605,1.501167,155,1983031700,"","","","",2.,1,240,1,"","","","","","","","","","","","","","","","","","","","","","","","","","","","",7.6,1,5.9,1,"","","","","","","","","","","","","","","","","","","","","","","","","","",90,1,"","","","","","","","","","","","",9.4,1,1024.3,1,"","","","","","","","",0,1,"","","","","","","","","","","","","","","","","","","","","","","","","","","","","","","","","","","","","","","","","","","","","","","","","","","","","","","","","","","","","","","","","","","","","","","","","","","","","","","","","","","","","","","","","","","","","","","","","","","","","","","",""
"28070001","CHARTRES",48.4605,1.501167,155,1983031703,"","","","",2.,1,240,1,"","","","","","","","","","","","","","","","","","","","","","","","","","","","",7.6,1,6.9,1,"","","","","","","","","","","","","","","","","","","","","","","","","","",97,1,"","","","","","","","","","","","",10.1,1,1023.8,1,"","","","","","","","",0,1,"","","","","","","","","","","","","","","","","","","","","","","","","","","","","","","","","","","","","","","","","","","","","","","","","","","","","","","","","","","","","","","","","","","","","","","","","","","","","","","","","","","","","","","","","","","","","","","","","","","","","","","",""
"28070001","CHARTRES",48.4605,1.501167,155,1983031706,"","","","",1.,1,240,1,"","","","","","","","","","","","","","","","","","","","","","","","","","","","",7.8,1,7.2,1,"","","","","","","","","","","","","","","","","","","","","","","","","","",97,1,"","","","","","","","","","","","",10.3,1,1024.3,1,"","","","","","",8,1,6,1,5,1,"","","","","","","","","","","","","","","","","","","","","","","","","","","","",4000,1,"","",10,1,"","","","",1,1,"","","","","","","","","","","","","","","","","","","","","","","","","","","","","","","","","","","","","","","","","","","","","","","","","","","","","","","","","","","","","",""
"28070001","CHARTRES",48.4605,1.501167,155,1983031709,"","","","",3.,1,240,1,"","","","","","","","","","","","","","","","","","","","","","","","","","","","",8.7,1,7.6,1,"","","","","","","","","","","","","","","","","","","","","","","","","","",94,1,"","","","","","","","","","","","",10.6,1,1025.1,1,"","","","","","",8,1,5,1,5,1,"","","","","","","","","","","","","","","","","","","","","","","","","","","","",4000,1,"","",50,1,5,1,"","","","","","","","","","","","","","","","","","","","","","","","","","","","","","","","","","","","","","","","","","","","","","","","","","","","","","","","","","","","","","","","","",""
"28070001","CHARTRES",48.4605,1.501167,155,1983031712,"","","","",3.,1,260,1,"","","","","","","","","","","","","","","","","","","","","","","","","","","","",10.9,1,9.2,1,"","","","","","","","","","","","","","","","","","","","","","","","","","",91,1,"","","","","","","","","","","","",11.9,1,1025.2,1,"","","","","","",8,1,8,1,5,1,"","","","","","","","","","","","","","","","","","","","","","","","","","","","",10000,1,"","",20,1,5,1,"","","","","","","","","","","","","","","","","","","","","","","","","","","","","","","","","","","","","","","","","","","","","","","","","","","","","","","","","","","","","","","","","",""
"28070001","CHARTRES",48.4605,1.501167,155,1983031715,"","","","",4.,1,280,1,"","","","","","","","","","","","","","","","","","","","","","","","","","","","",12.4,1,9.9,1,"","","","","","","","","","","","","","","","","","","","","","","","","","",87,1,"","","","","","","","","","","","",12.5,1,1024.7,1,"","","","","","",8,1,6,1,8,1,"","","","","","","","","","","","","","","","","","","","","","","","","","","","",15000,1,"","",3,1,2,1,"","","","","","","","","","","","","","","","","","","","","","","","","","","","","","","","","","","","","","","","","","","","","","","","","","","","","","","","","","","","","","","","","",""
"28070001","CHARTRES",48.4605,1.501167,155,1983031718,"","","","",3.,1,260,1,"","","","","","","","","","","","","","","","","","","","","","","","","","","","",12.,1,10.3,1,"","","","","","","","","","","","","","","","","","","","","","","","","","",91,1,"","","","","","","","","","","","",12.8,1,1025.5,1,"","","","","","","","",6,1,"","","","","","","","","","","","","","","","","","","","","","","","","","","","","","","","","","","","","","","","","","","","","","","","","","","","","","","","","","","","","","","","","","","","","","","","","","","","","","","","","","","","","","","","","","","","","","","","","","","","","","","",""
"28070001","CHARTRES",48.4605,1.501167,155,1983031721,"","","","",3.,1,260,1,"","","","","","","","","","","","","","","","","","","","","","","","","","","","",11.5,1,10.5,1,"","","","","","","","","","","","","","","","","","","","","","","","","","",96,1,"","","","","","","","","","","","",13.,1,1026.1,1,"","","","","","","","",6,1,"","","","","","","","","","","","","","","","","","","","","","","","","","","","","","","","","","","","","","","","","","","","","","","","","","","","","","","","","","","","","","","","","","","","","","","","","","","","","","","","","","","","","","","","","","","","","","","","","","","","","","","",""
"28070001","CHARTRES",48.4605,1.501167,155,1983031800,"","","","",3.,1,280,1,"","","","","","","","","","","","","","","","","","","","","","","","","","","","",10.8,1,9.8,1,"","","","","","","","","","","","","","","","","","","","","","","","","","",96,1,"","","","","","","","","","","","",12.4,1,1026.2,1,"","","","","","","","",6,1,"","","","","","","","","","","","","","","","","","","","","","","","","","","","","","","","","","","","","","","","","","","","","","","","","","","","","","","","","","","","","","","","","","","","","","","","","","","","","","","","","","","","","","","","","","","","","","","","","","","","","","","",""
"28070001","CHARTRES",48.4605,1.501167,155,1983031803,"","","","",4.,1,280,1,"","","","","","","","","","","","","","","","","","","","","","","","","","","","",10.6,1,9.5,1,"","","","","","","","","","","","","","","","","","","","","","","","","","",95,1,"","","","","","","","","","","","",12.1,1,1026.4,1,"","","","","","","","",6,1,"","","","","","","","","","","","","","","","","","","","","","","","","","","","","","","","","","","","","","","","","","","","","","","","","","","","","","","","","","","","","","","","","","","","","","","","","","","","","","","","","","","","","","","","","","","","","","","","","","","","","","","",""
"28070001","CHARTRES",48.4605,1.501167,155,1983031806,"","","","",2.,1,300,1,"","","","","","","","","","","","","","","","","","","","","","","","","","","","",9.6,1,8.2,1,"","","","","","","","","","","","","","","","","","","","","","","","","","",93,1,"","","","","","","","","","","","",11.1,1,1026.4,1,"","","","","","",6,1,6,1,6,1,0,1,2,1,"","","","","","","","","","","","","","","","","","","","","","","","",10000,1,"","",0,1,"","","","",2,1,"","","","","","","","","","","","","","","","","","","","","","","","","","","","","","","","","","","","","","","","","","","","","","","","","","","","","","","","","","","","","",""
"28070001","CHARTRES",48.4605,1.501167,155,1983031809,"","","","",4.,1,300,1,"","","","","","","","","","","","","","","","","","","","","","","","","","","","",11.,1,8.9,1,"","","","","","","","","","","","","","","","","","","","","","","","","","",89,1,"","","","","","","","","","","","",11.6,1,1027.5,1,"","","","","","",8,1,6,1,5,1,"","","","","","","","","","","","","","","","","","","","","","","","","","","","",15000,1,"","",3,1,2,1,"","","","","","","","","","","","","","","","","","","","","","","","","","","","","","","","","","","","","","","","","","","","","","","","","","","","","","","","","","","","","","","","","",""
"28070001","CHARTRES",48.4605,1.501167,155,1983031812,"","","","",4.,1,280,1,"","","","","","","","","","","","","","","","","","","","","","","","","","","","",12.2,1,9.7,1,"","","","","","","","","","","","","","","","","","","","","","","","","","",87,1,"","","","","","","","","","","","",12.3,1,1027.9,1,"","","","","","",8,1,6,1,5,1,"","","","","","","","","","","","","","","","","","","","","","","","","","","","",15000,1,"","",3,1,2,1,"","","","","","","","","","","","","","","","","","","","","","","","","","","","","","","","","","","","","","","","","","","","","","","","","","","","","","","","","","","","","","","","","",""
"28070001","CHARTRES",48.4605,1.501167,155,1983031815,"","","","",4.,1,280,1,"","","","","","","","","","","","","","","","","","","","","","","","","","","","",13.9,1,9.9,1,"","","","","","","","","","","","","","","","","","","","","","","","","","",79,1,"","","","","","","","","","","","",12.5,1,1026.6,1,"","","","","","",7,1,7,1,8,1,"","","","","","","","","","","","","","","","","","","","","","","","","","","","",15000,1,"","",3,1,2,1,"","","","","","","","","","","","","","","","","","","","","","","","","","","","","","","","","","","","","","","","","","","","","","","","","","","","","","","","","","","","","","","","","",""
"28070001","CHARTRES",48.4605,1.501167,155,1983031818,"","","","",3.,1,240,1,"","","","","","","","","","","","","","","","","","","","","","","","","","","","",12.9,1,10.6,1,"","","","","","","","","","","","","","","","","","","","","","","","","","",88,1,"","","","","","","","","","","","",13.1,1,1026.3,1,"","","","","","","","",7,1,"","","","","","","","","","","","","","","","","","","","","","","","","","","","","","","","","","","","","","","","","","","","","","","","","","","","","","","","","","","","","","","","","","","","","","","","","","","","","","","","","","","","","","","","","","","","","","","","","","","","","","","",""
"28070001","CHARTRES",48.4605,1.501167,155,1983031821,"","","","",4.,1,240,1,"","","","","","","","","","","","","","","","","","","","","","","","","","","","",12.1,1,10.6,1,"","","","","","","","","","","","","","","","","","","","","","","","","","",93,1,"","","","","","","","","","","","",13.1,1,1025.5,1,"","","","","","","","",7,1,"","","","","","","","","","","","","","","","","","","","","","","","","","","","","","","","","","","","","","","","","","","","","","","","","","","","","","","","","","","","","","","","","","","","","","","","","","","","","","","","","","","","","","","","","","","","","","","","","","","","","","","",""
"28070001","CHARTRES",48.4605,1.501167,155,1983031900,"","","","",4.,1,240,1,"","","","","","","","","","","","","","","","","","","","","","","","","","","","",11.6,1,10.3,1,"","","","","","","","","","","","","","","","","","","","","","","","","","",94,1,"","","","","","","","","","","","",12.8,1,1024.2,1,"","","","","","","","",7,1,"","","","","","","","","","","","","","","","","","","","","","","","","","","","","","","","","","","","","","","","","","","","","","","","","","","","","","","","","","","","","","","","","","","","","","","","","","","","","","","","","","","","","","","","","","","","","","","","","","","","","","","",""
"28070001","CHARTRES",48.4605,1.501167,155,1983031903,"","","","",4.,1,260,1,"","","","","","","","","","","","","","","","","","","","","","","","","","","","",10.5,1,9.6,1,"","","","","","","","","","","","","","","","","","","","","","","","","","",96,1,"","","","","","","","","","","","",12.2,1,1023.3,1,"","","","","","","","",7,1,"","","","","","","","","","","","","","","","","","","","","","","","","","","","","","","","","","","","","","","","","","","","","","","","","","","","","","","","","","","","","","","","","","","","","","","","","","","","","","","","","","","","","","","","","","","","","","","","","","","","","","","",""
"28070001","CHARTRES",48.4605,1.501167,155,1983031906,"","","","",5.,1,240,1,"","","","","","","","","","","","","","","","","","","","","","","","","","","","",9.3,1,8.3,1,"","","","","","","","","","","","","","","","","","","","","","","","","","",96,1,"","","","","","","","","","","","",11.2,1,1022.5,1,"","","","","","",5,1,5,1,6,1,0,1,2,1,"","","","","","","","","","","","","","","","","","","","","","","","",17000,1,"","",0,1,"","","","",1,1,"","","","","","","","","","","","","","","","","","","","","","","","","","","","","","","","","","","","","","","","","","","","","","","","","","","","","","","","","","","","","",""
"28070001","CHARTRES",48.4605,1.501167,155,1983031909,"","","","",7.,1,280,1,"","","","","","","","","","","","","","","","","","","","","","","","","","","","",10.4,1,8.5,1,"","","","","","","","","","","","","","","","","","","","","","","","","","",90,1,"","","","","","","","","","","","",11.3,1,1022.7,1,"","","","","","",8,1,8,1,5,1,"","","","","","","","","","","","","","","","","","","","","","","","","","","","",20000,1,"","",3,1,2,1,"","","","","","","","","","","","","","","","","","","","","","","","","","","","","","","","","","","","","","","","","","","","","","","","","","","","","","","","","","","","","","","","","",""
"28070001","CHARTRES",48.4605,1.501167,155,1983031912,"","","","",7.,1,280,1,"","","","","","","","","","","","","","","","","","","","","","","","","","","","",11.7,1,8.3,1,"","","","","","","","","","","","","","","","","","","","","","","","","","",82,1,"","","","","","","","","","","","",11.2,1,1022.4,1,"","","","","","",8,1,8,1,8,1,"","","","","","","","","","","","","","","","","","","","","","","","","","","","",20000,1,"","",3,1,2,1,"","","","","","","","","","","","","","","","","","","","","","","","","","","","","","","","","","","","","","","","","","","","","","","","","","","","","","","","","","","","","","","","","",""
"28070001","CHARTRES",48.4605,1.501167,155,1983031915,"","","","",4.,1,280,1,"","","","","","","","","","","","","","","","","","","","","","","","","","","","",12.1,1,9.2,1,"","","","","","","","","","","","","","","","","","","","","","","","","","",84,1,"","","","","","","","","","","","",11.9,1,1021.4,1,"","","","","","",7,1,6,1,8,1,"","","","","","","","","","","","","","","","","","","","","","","","","","","","",20000,1,"","",1,1,2,1,"","","","","","","","","","","","","","","","","","","","","","","","","","","","","","","","","","","","","","","","","","","","","","","","","","","","","","","","","","","","","","","","","",""
"28070001","CHARTRES",48.4605,1.501167,155,1983031918,"","","","",2.,1,280,1,"","","","","","","","","","","","","","","","","","","","","","","","","","","","",11.3,1,8.1,1,"","","","","","","","","","","","","","","","","","","","","","","","","","",82,1,"","","","","","","","","","","","",11.,1,1021.3,1,"","","","","","","","",6,1,"","","","","","","","","","","","","","","","","","","","","","","","","","","","","","","","","","","","","","","","","","","","","","","","","","","","","","","","","","","","","","","","","","","","","","","","","","","","","","","","","","","","","","","","","","","","","","","","","","","","","","","",""
"28070001","CHARTRES",48.4605,1.501167,155,1983031921,"","","","",1.,1,260,1,"","","","","","","","","","","","","","","","","","","","","","","","","","","","",10.7,1,8.2,1,"","","","","","","","","","","","","","","","","","","","","","","","","","",86,1,"","","","","","","","","","","","",11.1,1,1021.4,1,"","","","","","","","",6,1,"","","","","","","","","","","","","","","","","","","","","","","","","","","","","","","","","","","","","","","","","","","","","","","","","","","","","","","","","","","","","","","","","","","","","","","","","","","","","","","","","","","","","","","","","","","","","","","","","","","","","","","",""
"28070001","CHARTRES",48.4605,1.501167,155,1983032000,"","","","",1.,1,280,1,"","","","","","","","","","","","","","","","","","","","","","","","","","","","",10.,1,8.6,1,"","","","","","","","","","","","","","","","","","","","","","","","","","",93,1,"","","","","","","","","","","","",11.4,1,1021.,1,"","","","","","","","",6,1,"","","","","","","","","","","","","","","","","","","","","","","","","","","","","","","","","","","","","","","","","","","","","","","","","","","","","","","","","","","","","","","","","","","","","","","","","","","","","","","","","","","","","","","","","","","","","","","","","","","","","","","",""
"28070001","CHARTRES",48.4605,1.501167,155,1983032003,"","","","",1.,1,260,1,"","","","","","","","","","","","","","","","","","","","","","","","","","","","",9.6,1,8.3,1,"","","","","","","","","","","","","","","","","","","","","","","","","","",94,1,"","","","","","","","","","","","",11.2,1,1019.8,1,"","","","","","","","",6,1,"","","","","","","","","","","","","","","","","","","","","","","","","","","","","","","","","","","","","","","","","","","","","","","","","","","","","","","","","","","","","","","","","","","","","","","","","","","","","","","","","","","","","","","","","","","","","","","","","","","","","","","",""
"28070001","CHARTRES",48.4605,1.501167,155,1983032006,"","","","",2.,1,240,1,"","","","","","","","","","","","","","","","","","","","","","","","","","","","",9.5,1,8.3,1,"","","","","","","","","","","","","","","","","","","","","","","","","","",95,1,"","","","","","","","","","","","",11.2,1,1019.3,1,"","","","","","",8,1,8,1,5,1,"","","","","","","","","","","","","","","","","","","","","","","","","","","","",4000,1,"","",10,1,"","","","",1,1,"","","","","","","","","","","","","","","","","","","","","","","","","","","","","","","","","","","","","","","","","","","","","","","","","","","","","","","","","","","","","",""
"28070001","CHARTRES",48.4605,1.501167,155,1983032009,"","","","",5.,1,340,1,"","","","","","","","","","","","","","","","","","","","","","","","","","","","",8.9,1,6.4,1,"","","","","","","","","","","","","","","","","","","","","","","","","","",86,1,"","","","","","","","","","","","",9.8,1,1019.7,1,"","","","","","",8,1,8,1,8,1,"","","","","","","","","","","","","","","","","","","","","","","","","","","","",8000,1,"","",3,1,2,1,"","","","","","","","","","","","","","","","","","","","","","","","","","","","","","","","","","","","","","","","","","","","","","","","","","","","","","","","","","","","","","","","","",""
"28070001","CHARTRES",48.4605,1.501167,155,1983032012,"","","","",3.,1,300,1,"","","","","","","","","","","","","","","","","","","","","","","","","","","","",10.1,1,6.2,1,"","","","","","","","","","","","","","","","","","","","","","","","","","",78,1,"","","","","","","","","","","","",9.6,1,1019.6,1,"","","","","","",8,1,8,1,8,1,"","","","","","","","","","","","","","","","","","","","","","","","","","","","",20000,1,"","",3,1,2,1,"","","","","","","","","","","","","","","","","","","","","","","","","","","","","","","","","","","","","","","","","","","","","","","","","","","","","","","","","","","","","","","","","",""
"28070001","CHARTRES",48.4605,1.501167,155,1983032015,"","","","",3.,1,300,1,"","","","","","","","","","","","","","","","","","","","","","","","","","","","",10.8,1,6.3,1,"","","","","","","","","","","","","","","","","","","","","","","","","","",75,1,"","","","","","","","","","","","",9.7,1,1017.8,1,"","","","","","",8,1,8,1,8,1,"","","","","","","","","","","","","","","","","","","","","","","","","","","","",20000,1,"","",2,1,2,1,"","","","","","","","","","","","","","","","","","","","","","","","","","","","","","","","","","","","","","","","","","","","","","","","","","","","","","","","","","","","","","","","","",""
"28070001","CHARTRES",48.4605,1.501167,155,1983032018,"","","","",4.,1,280,1,"","","","","","","","","","","","","","","","","","","","","","","","","","","","",10.,1,5.7,1,"","","","","","","","","","","","","","","","","","","","","","","","","","",76,1,"","","","","","","","","","","","",9.3,1,1017.8,1,"","","","","","","","",8,1,"","","","","","","","","","","","","","","","","","","","","","","","","","","","","","","","","","","","","","","","","","","","","","","","","","","","","","","","","","","","","","","","","","","","","","","","","","","","","","","","","","","","","","","","","","","","","","","","","","","","","","","",""
"28070001","CHARTRES",48.4605,1.501167,155,1983032021,"","","","",3.,1,240,1,"","","","","","","","","","","","","","","","","","","","","","","","","","","","",8.8,1,5.4,1,"","","","","","","","","","","","","","","","","","","","","","","","","","",80,1,"","","","","","","","","","","","",9.1,1,1017.8,1,"","","","","","","","",8,1,"","","","","","","","","","","","","","","","","","","","","","","","","","","","","","","","","","","","","","","","","","","","","","","","","","","","","","","","","","","","","","","","","","","","","","","","","","","","","","","","","","","","","","","","","","","","","","","","","","","","","","","",""
"28070001","CHARTRES",48.4605,1.501167,155,1983032100,"","","","",3.,1,300,1,"","","","","","","","","","","","","","","","","","","","","","","","","","","","",9.4,1,7.3,1,"","","","","","","","","","","","","","","","","","","","","","","","","","",88,1,"","","","","","","","","","","","",10.4,1,1017.8,1,"","","","","","","","",8,1,"","","","","","","","","","","","","","","","","","","","","","","","","","","","","","","","","","","","","","","","","","","","","","","","","","","","","","","","","","","","","","","","","","","","","","","","","","","","","","","","","","","","","","","","","","","","","","","","","","","","","","","",""
"28070001","CHARTRES",48.4605,1.501167,155,1983032103,"","","","",3.,1,360,1,"","","","","","","","","","","","","","","","","","","","","","","","","","","","",7.8,1,4.8,1,"","","","","","","","","","","","","","","","","","","","","","","","","","",82,1,"","","","","","","","","","","","",8.7,1,1018.1,1,"","","","","","","","",8,1,"","","","","","","","","","","","","","","","","","","","","","","","","","","","","","","","","","","","","","","","","","","","","","","","","","","","","","","","","","","","","","","","","","","","","","","","","","","","","","","","","","","","","","","","","","","","","","","","","","","","","","","",""
"28070001","CHARTRES",48.4605,1.501167,155,1983032106,"","","","",2.,1,300,1,"","","","","","","","","","","","","","","","","","","","","","","","","","","","",4.4,1,3.3,1,"","","","","","","","","","","","","","","","","","","","","","","","","","",93,1,"","","","","","","","","","","","",7.8,1,1018.2,1,"","","","","","",2,1,0,1,5,1,3,1,1,1,"","","","","","","","","","","","","","","","","","","","","","","","",10000,1,"","",0,1,"","","","",1,1,"","","","","","","","","","","","","","","","","","","","","","","","","","","","","","","","","","","","","","","","","","","","","","","","","","","","","","","","","","","","","",""
"28070001","CHARTRES",48.4605,1.501167,155,1983032109,"","","","",4.,1,280,1,"","","","","","","","","","","","","","","","","","","","","","","","","","","","",7.6,1,3.8,1,"","","","","","","","","","","","","","","","","","","","","","","","","","",77,1,"","","","","","","","","","","","",8.1,1,1017.2,1,"","","","","","",2,1,0,1,1,1,0,1,1,1,"","","","","","","","","","","","","","","","","","","","","","","","",15000,1,"","",3,1,0,1,"","","","","","","","","","","","","","","","","","","","","","","","","","","","","","","","","","","","","","","","","","","","","","","","","","","","","","","","","","","","","","","","","",""
"28070001","CHARTRES",48.4605,1.501167,155,1983032112,"","","","",9.,1,260,1,"","","","","","","","","","","","","","","","","","","","","","","","","","","","",10.3,1,3.6,1,"","","","","","","","","","","","","","","","","","","","","","","","","","",64,1,"","","","","","","","","","","","",8.,1,1014.9,1,"","","","","","",5,1,0,1,2,1,0,1,1,1,"","","","","","","","","","","","","","","","","","","","","","","","",20000,1,"","",3,1,1,1,"","","","","","","","","","","","","","","","","","","","","","","","","","","","","","","","","","","","","","","","","","","","","","","","","","","","","","","","","","","","","","","","","",""
"28070001","CHARTRES",48.4605,1.501167,155,1983032115,"","","","",8.,1,280,1,"","","","","","","","","","","","","","","","","","","","","","","","","","","","",9.8,1,4.3,1,"","","","","","","","","","","","","","","","","","","","","","","","","","",69,1,"","","","","","","","","","","","",8.4,1,1012.4,1,"","","","","","",8,1,6,1,4,1,"","","","","","","","","","","","","","","","","","","","","","","","","","","","",20000,1,"","",3,1,2,1,"","","","","","","","","","","","","","","","","","","","","","","","","","","","","","","","","","","","","","","","","","","","","","","","","","","","","","","","","","","","","","","","","",""
"28070001","CHARTRES",48.4605,1.501167,155,1983032118,"","","","",9.,1,260,1,"","","","","","","","","","","","","","","","","","","","","","","","","","","","",8.9,1,4.5,1,"","","","","","","","","","","","","","","","","","","","","","","","","","",75,1,"","","","","","","","","","","","",8.5,1,1009.8,1,"","","","","","","","",6,1,"","","","","","","","","","","","","","","","","","","","","","","","","","","","","","","","","","","","","","","","","","","","","","","","","","","","","","","","","","","","","","","","","","","","","","","","","","","","","","","","","","","","","","","","","","","","","","","","","","","","","","","",""
"28070001","CHARTRES",48.4605,1.501167,155,1983032121,"","","","",9.,1,320,1,"","","","","","","","","","","","","","","","","","","","","","","","","","","","",7.2,1,4.9,1,"","","","","","","","","","","","","","","","","","","","","","","","","","",87,1,"","","","","","","","","","","","",8.8,1,1011.3,1,"","","","","","","","",6,1,"","","","","","","","","","","","","","","","","","","","","","","","","","","","","","","","","","","","","","","","","","","","","","","","","","","","","","","","","","","","","","","","","","","","","","","","","","","","","","","","","","","","","","","","","","","","","","","","","","","","","","","",""
"28070001","CHARTRES",48.4605,1.501167,155,1983032200,"","","","",6.,1,300,1,"","","","","","","","","","","","","","","","","","","","","","","","","","","","",6.,1,1.4,1,"","","","","","","","","","","","","","","","","","","","","","","","","","",73,1,"","","","","","","","","","","","",6.8,1,1012.3,1,"","","","","","","","",6,1,"","","","","","","","","","","","","","","","","","","","","","","","","","","","","","","","","","","","","","","","","","","","","","","","","","","","","","","","","","","","","","","","","","","","","","","","","","","","","","","","","","","","","","","","","","","","","","","","","","","","","","","",""
"28070001","CHARTRES",48.4605,1.501167,155,1983032203,"","","","",5.,1,280,1,"","","","","","","","","","","","","","","","","","","","","","","","","","","","",4.5,1,2.,1,"","","","","","","","","","","","","","","","","","","","","","","","","","",84,1,"","","","","","","","","","","","",7.1,1,1013.,1,"","","","","","","","",6,1,"","","","","","","","","","","","","","","","","","","","","","","","","","","","","","","","","","","","","","","","","","","","","","","","","","","","","","","","","","","","","","","","","","","","","","","","","","","","","","","","","","","","","","","","","","","","","","","","","","","","","","","",""
"28070001","CHARTRES",48.4605,1.501167,155,1983032206,"","","","",7.,1,280,1,"","","","","","","","","","","","","","","","","","","","","","","","","","","","",4.4,1,2.4,1,"","","","","","","","","","","","","","","","","","","","","","","","","","",87,1,"","","","","","","","","","","","",7.3,1,1013.,1,"","","","","","",5,1,5,1,8,1,0,1,0,1,"","","","","","","","","","","","","","","","","","","","","","","","",20000,1,"","",0,1,"","","","",1,1,"","","","","","","","","","","","","","","","","","","","","","","","","","","","","","","","","","","","","","","","","","","","","","","","","","","","","","","","","","","","","",""
"28070001","CHARTRES",48.4605,1.501167,155,1983032209,"","","","",7.,1,320,1,"","","","","","","","","","","","","","","","","","","","","","","","","","","","",6.1,1,3.1,1,"","","","","","","","","","","","","","","","","","","","","","","","","","",82,1,"","","","","","","","","","","","",7.7,1,1013.7,1,"","","","","","",7,1,7,1,8,1,"","","","","","","","","","","","","","","","","","","","","","","","","","","","",20000,1,"","",1,1,8,1,"","","","","","","","","","","","","","","","","","","","","","","","","","","","","","","","","","","","","","","","","","","","","","","","","","","","","","","","","","","","","","","","","",""
"28070001","CHARTRES",48.4605,1.501167,155,1983032212,"","","","",9.,1,300,1,"","","","","","","","","","","","","","","","","","","","","","","","","","","","",7.4,1,1.4,1,"","","","","","","","","","","","","","","","","","","","","","","","","","",66,1,"","","","","","","","","","","","",6.8,1,1014.1,1,"","","","","","",5,1,0,1,8,1,0,1,0,1,"","","","","","","","","","","","","","","","","","","","","","","","",20000,1,"","",2,1,8,1,"","","","","","","","","","","","","","","","","","","","","","","","","","","","","","","","","","","","","","","","","","","","","","","","","","","","","","","","","","","","","","","","","",""
"28070001","CHARTRES",48.4605,1.501167,155,1983032215,"","","","",7.,1,300,1,"","","","","","","","","","","","","","","","","","","","","","","","","","","","",8.7,1,2.2,1,"","","","","","","","","","","","","","","","","","","","","","","","","","",64,1,"","","","","","","","","","","","",7.2,1,1013.2,1,"","","","","","",7,1,0,1,8,1,"","","","","","","","","","","","","","","","","","","","","","","","","","","","",20000,1,"","",27,1,8,1,"","","","","","","","","","","","","","","","","","","","","","","","","","","","","","","","","","","","","","","","","","","","","","","","","","","","","","","","","","","","","","","","","",""
"28070001","CHARTRES",48.4605,1.501167,155,1983032218,"","","","",5.,1,300,1,"","","","","","","","","","","","","","","","","","","","","","","","","","","","",6.8,1,-0.2,1,"","","","","","","","","","","","","","","","","","","","","","","","","","",61,1,"","","","","","","","","","","","",6.,1,1013.6,1,"","","","","","","","",0,1,"","","","","","","","","","","","","","","","","","","","","","","","","","","","","","","","","","","","","","","","","","","","","","","","","","","","","","","","","","","","","","","","","","","","","","","","","","","","","","","","","","","","","","","","","","","","","","","","","","","","","","","",""
"28070001","CHARTRES",48.4605,1.501167,155,1983032221,"","","","",5.,1,280,1,"","","","","","","","","","","","","","","","","","","","","","","","","","","","",5.9,1,3.6,1,"","","","","","","","","","","","","","","","","","","","","","","","","","",86,1,"","","","","","","","","","","","",8.,1,1014.1,1,"","","","","","","","",0,1,"","","","","","","","","","","","","","","","","","","","","","","","","","","","","","","","","","","","","","","","","","","","","","","","","","","","","","","","","","","","","","","","","","","","","","","","","","","","","","","","","","","","","","","","","","","","","","","","","","","","","","","",""
"28070001","CHARTRES",48.4605,1.501167,155,1983032300,"","","","",5.,1,260,1,"","","","","","","","","","","","","","","","","","","","","","","","","","","","",5.8,1,5.3,1,"","","","","","","","","","","","","","","","","","","","","","","","","","",98,1,"","","","","","","","","","","","",9.,1,1013.2,1,"","","","","","","","",0,1,"","","","","","","","","","","","","","","","","","","","","","","","","","","","","","","","","","","","","","","","","","","","","","","","","","","","","","","","","","","","","","","","","","","","","","","","","","","","","","","","","","","","","","","","","","","","","","","","","","","","","","","",""
"28070001","CHARTRES",48.4605,1.501167,155,1983032303,"","","","",2.,1,240,1,"","","","","","","","","","","","","","","","","","","","","","","","","","","","",5.8,1,5.1,1,"","","","","","","","","","","","","","","","","","","","","","","","","","",97,1,"","","","","","","","","","","","",8.9,1,1011.9,1,"","","","","","","","",0,1,"","","","","","","","","","","","","","","","","","","","","","","","","","","","","","","","","","","","","","","","","","","","","","","","","","","","","","","","","","","","","","","","","","","","","","","","","","","","","","","","","","","","","","","","","","","","","","","","","","","","","","","",""
"28070001","CHARTRES",48.4605,1.501167,155,1983032306,"","","","",3.,1,240,1,"","","","","","","","","","","","","","","","","","","","","","","","","","","","",6.9,1,6.9,1,"","","","","","","","","","","","","","","","","","","","","","","","","","",99,1,"","","","","","","","","","","","",9.8,1,1010.2,1,"","","","","","",8,1,8,1,7,1,"","","","","","","","","","","","","","","","","","","","","","","","","","","","",4000,1,"","",50,1,"","","","",2,1,"","","","","","","","","","","","","","","","","","","","","","","","","","","","","","","","","","","","","","","","","","","","","","","","","","","","","","","","","","","","","",""
"28070001","CHARTRES",48.4605,1.501167,155,1983032309,"","","","",6.,1,260,1,"","","","","","","","","","","","","","","","","","","","","","","","","","","","",9.,1,7.7,1,"","","","","","","","","","","","","","","","","","","","","","","","","","",93,1,"","","","","","","","","","","","",10.7,1,1008.3,1,"","","","","","",8,1,8,1,6,1,"","","","","","","","","","","","","","","","","","","","","","","","","","","","",15000,1,"","",2,1,5,1,"","","","","","","","","","","","","","","","","","","","","","","","","","","","","","","","","","","","","","","","","","","","","","","","","","","","","","","","","","","","","","","","","",""
"28070001","CHARTRES",48.4605,1.501167,155,1983032312,"","","","",6.,1,280,1,"","","","","","","","","","","","","","","","","","","","","","","","","","","","",10.9,1,6.9,1,"","","","","","","","","","","","","","","","","","","","","","","","","","",78,1,"","","","","","","","","","","","",10.1,1,1005.8,1,"","","","","","",8,1,8,1,5,1,"","","","","","","","","","","","","","","","","","","","","","","","","","","","",20000,1,"","",1,1,5,1,"","","","","","","","","","","","","","","","","","","","","","","","","","","","","","","","","","","","","","","","","","","","","","","","","","","","","","","","","","","","","","","","","",""
"28070001","CHARTRES",48.4605,1.501167,155,1983032315,"","","","",9.,1,280,1,"","","","","","","","","","","","","","","","","","","","","","","","","","","","",10.9,1,8.2,1,"","","","","","","","","","","","","","","","","","","","","","","","","","",85,1,"","","","","","","","","","","","",11.1,1,1001.5,1,"","","","","","",8,1,8,1,5,1,"","","","","","","","","","","","","","","","","","","","","","","","","","","","",20000,1,"","",3,1,2,1,"","","","","","","","","","","","","","","","","","","","","","","","","","","","","","","","","","","","","","","","","","","","","","","","","","","","","","","","","","","","","","","","","",""
"28070001","CHARTRES",48.4605,1.501167,155,1983032318,"","","","",11.,1,240,1,"","","","","","","","","","","","","","","","","","","","","","","","","","","","",9.5,1,7.3,1,"","","","","","","","","","","","","","","","","","","","","","","","","","",88,1,"","","","","","","","","","","","",10.4,1,997.5,1,"","","","","","","","",8,1,"","","","","","","","","","","","","","","","","","","","","","","","","","","","","","","","","","","","","","","","","","","","","","","","","","","","","","","","","","","","","","","","","","","","","","","","","","","","","","","","","","","","","","","","","","","","","","","","","","","","","","","",""
"28070001","CHARTRES",48.4605,1.501167,155,1983032321,"","","","",11.,1,240,1,"","","","","","","","","","","","","","","","","","","","","","","","","","","","",8.9,1,7.7,1,"","","","","","","","","","","","","","","","","","","","","","","","","","",94,1,"","","","","","","","","","","","",10.7,1,995.6,1,"","","","","","","","",8,1,"","","","","","","","","","","","","","","","","","","","","","","","","","","","","","","","","","","","","","","","","","","","","","","","","","","","","","","","","","","","","","","","","","","","","","","","","","","","","","","","","","","","","","","","","","","","","","","","","","","","","","","",""
"28070001","CHARTRES",48.4605,1.501167,155,1983032400,"","","","",6.,1,260,1,"","","","","","","","","","","","","","","","","","","","","","","","","","","","",8.2,1,5.6,1,"","","","","","","","","","","","","","","","","","","","","","","","","","",85,1,"","","","","","","","","","","","",9.2,1,996.6,1,"","","","","","","","",8,1,"","","","","","","","","","","","","","","","","","","","","","","","","","","","","","","","","","","","","","","","","","","","","","","","","","","","","","","","","","","","","","","","","","","","","","","","","","","","","","","","","","","","","","","","","","","","","","","","","","","","","","","",""
"28070001","CHARTRES",48.4605,1.501167,155,1983032403,"","","","",3.,1,260,1,"","","","","","","","","","","","","","","","","","","","","","","","","","","","",7.6,1,5.7,1,"","","","","","","","","","","","","","","","","","","","","","","","","","",89,1,"","","","","","","","","","","","",9.3,1,996.1,1,"","","","","","","","",8,1,"","","","","","","","","","","","","","","","","","","","","","","","","","","","","","","","","","","","","","","","","","","","","","","","","","","","","","","","","","","","","","","","","","","","","","","","","","","","","","","","","","","","","","","","","","","","","","","","","","","","","","","",""
"28070001","CHARTRES",48.4605,1.501167,155,1983032406,"","","","",5.,1,260,1,"","","","","","","","","","","","","","","","","","","","","","","","","","","","",7.3,1,5.6,1,"","","","","","","","","","","","","","","","","","","","","","","","","","",90,1,"","","","","","","","","","","","",9.2,1,995.3,1,"","","","","","",8,1,8,1,5,1,"","","","","","","","","","","","","","","","","","","","","","","","","","","","",8000,1,"","",0,1,"","","","",1,1,"","","","","","","","","","","","","","","","","","","","","","","","","","","","","","","","","","","","","","","","","","","","","","","","","","","","","","","","","","","","","",""
"28070001","CHARTRES",48.4605,1.501167,155,1983032409,"","","","",6.,1,260,1,"","","","","","","","","","","","","","","","","","","","","","","","","","","","",8.4,1,4.9,1,"","","","","","","","","","","","","","","","","","","","","","","","","","",80,1,"","","","","","","","","","","","",8.8,1,995.,1,"","","","","","",7,1,0,1,8,1,3,1,"","","","","","","","","","","","","","","","","","","","","","","","","","",20000,1,"","",3,1,6,1,"","","","","","","","","","","","","","","","","","","","","","","","","","","","","","","","","","","","","","","","","","","","","","","","","","","","","","","","","","","","","","","","","",""
"28070001","CHARTRES",48.4605,1.501167,155,1983032412,"","","","",4.,1,300,1,"","","","","","","","","","","","","","","","","","","","","","","","","","","","",7.6,1,5.6,1,"","","","","","","","","","","","","","","","","","","","","","","","","","",89,1,"","","","","","","","","","","","",9.2,1,995.1,1,"","","","","","",8,1,7,1,8,1,"","","","","","","","","","","","","","","","","","","","","","","","","","","","",20000,1,"","",61,1,6,1,"","","","","","","","","","","","","","","","","","","","","","","","","","","","","","","","","","","","","","","","","","","","","","","","","","","","","","","","","","","","","","","","","",""
"28070001","CHARTRES",48.4605,1.501167,155,1983032415,"","","","",6.,1,320,1,"","","","","","","","","","","","","","","","","","","","","","","","","","","","",7.4,1,5.4,1,"","","","","","","","","","","","","","","","","","","","","","","","","","",89,1,"","","","","","","","","","","","",9.1,1,995.3,1,"","","","","","",8,1,6,1,8,1,2,1,"","","","","","","","","","","","","","","","","","","","","","","","","","",15000,1,"","",61,1,6,1,"","","","","","","","","","","","","","","","","","","","","","","","","","","","","","","","","","","","","","","","","","","","","","","","","","","","","","","","","","","","","","","","","",""
"28070001","CHARTRES",48.4605,1.501167,155,1983032418,"","","","",9.,1,40,1,"","","","","","","","","","","","","","","","","","","","","","","","","","","","",3.,1,2.2,1,"","","","","","","","","","","","","","","","","","","","","","","","","","",95,1,"","","","","","","","","","","","",7.2,1,998.9,1,"","","","","","","","",6,1,"","","","","","","","","","","","","","","","","","","","","","","","","","","","","","","","","","","","","","","","","","","","","","","","","","","","","","","","","","","","","","","","","","","","","","","","","","","","","","","","","","","","","","","","","","","","","","","","","","","","","","","",""
"28070001","CHARTRES",48.4605,1.501167,155,1983032421,"","","","",8.,1,40,1,"","","","","","","","","","","","","","","","","","","","","","","","","","","","",2.8,1,0.6,1,"","","","","","","","","","","","","","","","","","","","","","","","","","",86,1,"","","","","","","","","","","","",6.4,1,1004.5,1,"","","","","","","","",6,1,"","","","","","","","","","","","","","","","","","","","","","","","","","","","","","","","","","","","","","","","","","","","","","","","","","","","","","","","","","","","","","","","","","","","","","","","","","","","","","","","","","","","","","","","","","","","","","","","","","","","","","","",""
"28070001","CHARTRES",48.4605,1.501167,155,1983032500,"","","","",6.,1,20,1,"","","","","","","","","","","","","","","","","","","","","","","","","","","","",1.6,1,0.6,1,"","","","","","","","","","","","","","","","","","","","","","","","","","",93,1,"","","","","","","","","","","","",6.4,1,1007.4,1,"","","","","","","","",6,1,"","","","","","","","","","","","","","","","","","","","","","","","","","","","","","","","","","","","","","","","","","","","","","","","","","","","","","","","","","","","","","","","","","","","","","","","","","","","","","","","","","","","","","","","","","","","","","","","","","","","","","","",""
"28070001","CHARTRES",48.4605,1.501167,155,1983032503,"","","","",5.,1,360,1,"","","","","","","","","","","","","","","","","","","","","","","","","","","","",0.5,1,-1.1,1,"","","","","","","","","","","","","","","","","","","","","","","","","","",88,1,"","","","","","","","","","","","",5.6,1,1009.5,1,"","","","","","","","",6,1,"","","","","","","","","","","","","","","","","","","","","","","","","","","","","","","","","","","","","","","","","","","","","","","","","","","","","","","","","","","","","","","","","","","","","","","","","","","","","","","","","","","","","","","","","","","","","","","","","","","","","","","",""
"28070001","CHARTRES",48.4605,1.501167,155,1983032506,"","","","",5.,1,360,1,"","","","","","","","","","","","","","","","","","","","","","","","","","","","",0.5,1,-0.6,1,"","","","","","","","","","","","","","","","","","","","","","","","","","",92,1,"","","","","","","","","","","","",5.8,1,1011.4,1,"","","","","","",0,1,"","",0,1,0,1,0,1,"","","","","","","","","","","","","","","","","","","","","","","","",15000,1,"","",0,1,"","","","",4,1,"","","","","","","","","","","","","","","","","","","","","","","","","","","","","","","","","","","","","","","","","","","","","","","","","","","","","","","","","","","","","",""
"28070001","CHARTRES",48.4605,1.501167,155,1983032509,"","","","",7.,1,340,1,"","","","","","","","","","","","","","","","","","","","","","","","","","","","",4.,1,0.6,1,"","","","","","","","","","","","","","","","","","","","","","","","","","",78,1,"","","","","","","","","","","","",6.4,1,1012.8,1,"","","","","","",2,1,0,1,2,1,0,1,0,1,"","","","","","","","","","","","","","","","","","","","","","","","",20000,1,"","",3,1,0,1,"","","","","","","","","","","","","","","","","","","","","","","","","","","","","","","","","","","","","","","","","","","","","","","","","","","","","","","","","","","","","","","","","",""
"28070001","CHARTRES",48.4605,1.501167,155,1983032512,"","","","",7.,1,320,1,"","","","","","","","","","","","","","","","","","","","","","","","","","","","",6.7,1,-0.6,1,"","","","","","","","","","","","","","","","","","","","","","","","","","",59,1,"","","","","","","","","","","","",5.8,1,1012.7,1,"","","","","","",7,1,6,1,2,1,0,1,2,1,"","","","","","","","","","","","","","","","","","","","","","","","",20000,1,"","",2,1,1,1,"","","","","","","","","","","","","","","","","","","","","","","","","","","","","","","","","","","","","","","","","","","","","","","","","","","","","","","","","","","","","","","","","",""
"28070001","CHARTRES",48.4605,1.501167,155,1983032515,"","","","",6.,1,300,1,"","","","","","","","","","","","","","","","","","","","","","","","","","","","",8.3,1,-1.6,1,"","","","","","","","","","","","","","","","","","","","","","","","","","",49,1,"","","","","","","","","","","","",5.4,1,1010.1,1,"","","","","","",7,1,7,1,4,1,0,1,2,1,"","","","","","","","","","","","","","","","","","","","","","","","",20000,1,"","",1,1,2,1,"","","","","","","","","","","","","","","","","","","","","","","","","","","","","","","","","","","","","","","","","","","","","","","","","","","","","","","","","","","","","","","","","",""
"28070001","CHARTRES",48.4605,1.501167,155,1983032518,"","","","",7.,1,260,1,"","","","","","","","","","","","","","","","","","","","","","","","","","","","",6.2,1,-1.1,1,"","","","","","","","","","","","","","","","","","","","","","","","","","",59,1,"","","","","","","","","","","","",5.6,1,1008.1,1,"","","","","","","","",7,1,"","","","","","","","","","","","","","","","","","","","","","","","","","","","","","","","","","","","","","","","","","","","","","","","","","","","","","","","","","","","","","","","","","","","","","","","","","","","","","","","","","","","","","","","","","","","","","","","","","","","","","","",""
"28070001","CHARTRES",48.4605,1.501167,155,1983032521,"","","","",7.,1,280,1,"","","","","","","","","","","","","","","","","","","","","","","","","","","","",5.1,1,4.6,1,"","","","","","","","","","","","","","","","","","","","","","","","","","",98,1,"","","","","","","","","","","","",8.6,1,1005.,1,"","","","","","","","",7,1,"","","","","","","","","","","","","","","","","","","","","","","","","","","","","","","","","","","","","","","","","","","","","","","","","","","","","","","","","","","","","","","","","","","","","","","","","","","","","","","","","","","","","","","","","","","","","","","","","","","","","","","",""
"28070001","CHARTRES",48.4605,1.501167,155,1983032600,"","","","",8.,1,360,1,"","","","","","","","","","","","","","","","","","","","","","","","","","","","",4.6,1,3.3,1,"","","","","","","","","","","","","","","","","","","","","","","","","","",92,1,"","","","","","","","","","","","",7.8,1,1004.2,1,"","","","","","","","",7,1,"","","","","","","","","","","","","","","","","","","","","","","","","","","","","","","","","","","","","","","","","","","","","","","","","","","","","","","","","","","","","","","","","","","","","","","","","","","","","","","","","","","","","","","","","","","","","","","","","","","","","","","",""
"28070001","CHARTRES",48.4605,1.501167,155,1983032603,"","","","",10.,1,360,1,"","","","","","","","","","","","","","","","","","","","","","","","","","","","",2.6,1,-2.1,1,"","","","","","","","","","","","","","","","","","","","","","","","","","",71,1,"","","","","","","","","","","","",5.2,1,1005.8,1,"","","","","","","","",7,1,"","","","","","","","","","","","","","","","","","","","","","","","","","","","","","","","","","","","","","","","","","","","","","","","","","","","","","","","","","","","","","","","","","","","","","","","","","","","","","","","","","","","","","","","","","","","","","","","","","","","","","","",""
"28070001","CHARTRES",48.4605,1.501167,155,1983032606,"","","","",8.,1,340,1,"","","","","","","","","","","","","","","","","","","","","","","","","","","","",2.1,1,-1.8,1,"","","","","","","","","","","","","","","","","","","","","","","","","","",75,1,"","","","","","","","","","","","",5.3,1,1009.6,1,"","","","","","",2,1,0,1,6,1,0,1,0,1,"","","","","","","","","","","","","","","","","","","","","","","","",20000,1,"","",0,1,"","","","",1,1,"","","","","","","","","","","","","","","","","","","","","","","","","","","","","","","","","","","","","","","","","","","","","","","","","","","","","","","","","","","","","",""
"28070001","CHARTRES",48.4605,1.501167,155,1983032609,"","","","",7.,1,340,1,"","","","","","","","","","","","","","","","","","","","","","","","","","","","",3.8,1,-1.1,1,"","","","","","","","","","","","","","","","","","","","","","","","","","",70,1,"","","","","","","","","","","","",5.6,1,1012.7,1,"","","","","","",7,1,7,1,8,1,"","","","","","","","","","","","","","","","","","","","","","","","","","","","",20000,1,"","",3,1,1,1,"","","","","","","","","","","","","","","","","","","","","","","","","","","","","","","","","","","","","","","","","","","","","","","","","","","","","","","","","","","","","","","","","",""
"28070001","CHARTRES",48.4605,1.501167,155,1983032612,"","","","",9.,1,340,1,"","","","","","","","","","","","","","","","","","","","","","","","","","","","",5.9,1,0.1,1,"","","","","","","","","","","","","","","","","","","","","","","","","","",67,1,"","","","","","","","","","","","",6.2,1,1013.5,1,"","","","","","",5,1,0,1,8,1,0,1,1,1,"","","","","","","","","","","","","","","","","","","","","","","","",20000,1,"","",1,1,1,1,"","","","","","","","","","","","","","","","","","","","","","","","","","","","","","","","","","","","","","","","","","","","","","","","","","","","","","","","","","","","","","","","","",""
"28070001","CHARTRES",48.4605,1.501167,155,1983032615,"","","","",7.,1,340,1,"","","","","","","","","","","","","","","","","","","","","","","","","","","","",5.9,1,-2.3,1,"","","","","","","","","","","","","","","","","","","","","","","","","","",55,1,"","","","","","","","","","","","",5.1,1,1013.2,1,"","","","","","",6,1,0,1,4,1,3,1,1,1,"","","","","","","","","","","","","","","","","","","","","","","","",20000,1,"","",1,1,2,1,"","","","","","","","","","","","","","","","","","","","","","","","","","","","","","","","","","","","","","","","","","","","","","","","","","","","","","","","","","","","","","","","","",""
"28070001","CHARTRES",48.4605,1.501167,155,1983032618,"","","","",3.,1,340,1,"","","","","","","","","","","","","","","","","","","","","","","","","","","","",4.8,1,-3.7,1,"","","","","","","","","","","","","","","","","","","","","","","","","","",53,1,"","","","","","","","","","","","",4.6,1,1012.5,1,"","","","","","","","",0,1,"","","","","","","","","","","","","","","","","","","","","","","","","","","","","","","","","","","","","","","","","","","","","","","","","","","","","","","","","","","","","","","","","","","","","","","","","","","","","","","","","","","","","","","","","","","","","","","","","","","","","","","",""
"28070001","CHARTRES",48.4605,1.501167,155,1983032621,"","","","",1.,1,300,1,"","","","","","","","","","","","","","","","","","","","","","","","","","","","",2.1,1,-1.6,1,"","","","","","","","","","","","","","","","","","","","","","","","","","",76,1,"","","","","","","","","","","","",5.4,1,1012.3,1,"","","","","","","","",0,1,"","","","","","","","","","","","","","","","","","","","","","","","","","","","","","","","","","","","","","","","","","","","","","","","","","","","","","","","","","","","","","","","","","","","","","","","","","","","","","","","","","","","","","","","","","","","","","","","","","","","","","","",""
"28070001","CHARTRES",48.4605,1.501167,155,1983032700,"","","","",3.,1,220,1,"","","","","","","","","","","","","","","","","","","","","","","","","","","","",2.8,1,-0.6,1,"","","","","","","","","","","","","","","","","","","","","","","","","","",78,1,"","","","","","","","","","","","",5.8,1,1009.4,1,"","","","","","","","",0,1,"","","","","","","","","","","","","","","","","","","","","","","","","","","","","","","","","","","","","","","","","","","","","","","","","","","","","","","","","","","","","","","","","","","","","","","","","","","","","","","","","","","","","","","","","","","","","","","","","","","","","","","",""
"28070001","CHARTRES",48.4605,1.501167,155,1983032703,"","","","",4.,1,220,1,"","","","","","","","","","","","","","","","","","","","","","","","","","","","",3.1,1,0.6,1,"","","","","","","","","","","","","","","","","","","","","","","","","","",84,1,"","","","","","","","","","","","",6.4,1,1005.,1,"","","","","","","","",0,1,"","","","","","","","","","","","","","","","","","","","","","","","","","","","","","","","","","","","","","","","","","","","","","","","","","","","","","","","","","","","","","","","","","","","","","","","","","","","","","","","","","","","","","","","","","","","","","","","","","","","","","","",""
"28070001","CHARTRES",48.4605,1.501167,155,1983032706,"","","","",7.,1,200,1,"","","","","","","","","","","","","","","","","","","","","","","","","","","","",3.,1,0.8,1,"","","","","","","","","","","","","","","","","","","","","","","","","","",86,1,"","","","","","","","","","","","",6.5,1,1000.,1,"","","","","","",8,1,8,1,7,1,"","","","","","","","","","","","","","","","","","","","","","","","","","","","",10000,1,"","",61,1,"","","","",1,1,"","","","","","","","","","","","","","","","","","","","","","","","","","","","","","","","","","","","","","","","","","","","","","","","","","","","","","","","","","","","","",""
"28070001","CHARTRES",48.4605,1.501167,155,1983032709,"","","","",7.,1,200,1,"","","","","","","","","","","","","","","","","","","","","","","","","","","","",5.,1,4.3,1,"","","","","","","","","","","","","","","","","","","","","","","","","","",97,1,"","","","","","","","","","","","",8.4,1,995.4,1,"","","","","","",8,1,8,1,7,1,"","","","","","","","","","","","","","","","","","","","","","","","","","","","",6000,1,"","",61,1,6,1,"","","","","","","","","","","","","","","","","","","","","","","","","","","","","","","","","","","","","","","","","","","","","","","","","","","","","","","","","","","","","","","","","",""
"28070001","CHARTRES",48.4605,1.501167,155,1983032712,"","","","",2.,1,180,1,"","","","","","","","","","","","","","","","","","","","","","","","","","","","",7.1,1,6.4,1,"","","","","","","","","","","","","","","","","","","","","","","","","","",97,1,"","","","","","","","","","","","",9.8,1,992.3,1,"","","","","","",8,1,8,1,7,1,2,1,"","","","","","","","","","","","","","","","","","","","","","","","","","",8000,1,"","",61,1,6,1,"","","","","","","","","","","","","","","","","","","","","","","","","","","","","","","","","","","","","","","","","","","","","","","","","","","","","","","","","","","","","","","","","",""
"28070001","CHARTRES",48.4605,1.501167,155,1983032715,"","","","",4.,1,300,1,"","","","","","","","","","","","","","","","","","","","","","","","","","","","",7.8,1,5.6,1,"","","","","","","","","","","","","","","","","","","","","","","","","","",87,1,"","","","","","","","","","","","",9.2,1,991.7,1,"","","","","","",8,1,8,1,8,1,"","","","","","","","","","","","","","","","","","","","","","","","","","","","",15000,1,"","",80,1,8,1,"","","","","","","","","","","","","","","","","","","","","","","","","","","","","","","","","","","","","","","","","","","","","","","","","","","","","","","","","","","","","","","","","",""
"28070001","CHARTRES",48.4605,1.501167,155,1983032718,"","","","",2.,1,320,1,"","","","","","","","","","","","","","","","","","","","","","","","","","","","",7.7,1,4.8,1,"","","","","","","","","","","","","","","","","","","","","","","","","","",83,1,"","","","","","","","","","","","",8.7,1,993.,1,"","","","","","","","",8,1,"","","","","","","","","","","","","","","","","","","","","","","","","","","","","","","","","","","","","","","","","","","","","","","","","","","","","","","","","","","","","","","","","","","","","","","","","","","","","","","","","","","","","","","","","","","","","","","","","","","","","","","",""
"28070001","CHARTRES",48.4605,1.501167,155,1983032721,"","","","",3.,1,320,1,"","","","","","","","","","","","","","","","","","","","","","","","","","","","",6.2,1,4.1,1,"","","","","","","","","","","","","","","","","","","","","","","","","","",88,1,"","","","","","","","","","","","",8.3,1,995.1,1,"","","","","","","","",8,1,"","","","","","","","","","","","","","","","","","","","","","","","","","","","","","","","","","","","","","","","","","","","","","","","","","","","","","","","","","","","","","","","","","","","","","","","","","","","","","","","","","","","","","","","","","","","","","","","","","","","","","","",""
"28070001","CHARTRES",48.4605,1.501167,155,1983032800,"","","","",2.,1,20,1,"","","","","","","","","","","","","","","","","","","","","","","","","","","","",6.,1,4.8,1,"","","","","","","","","","","","","","","","","","","","","","","","","","",93,1,"","","","","","","","","","","","",8.7,1,996.5,1,"","","","","","","","",8,1,"","","","","","","","","","","","","","","","","","","","","","","","","","","","","","","","","","","","","","","","","","","","","","","","","","","","","","","","","","","","","","","","","","","","","","","","","","","","","","","","","","","","","","","","","","","","","","","","","","","","","","","",""
"28070001","CHARTRES",48.4605,1.501167,155,1983032803,"","","","",5.,1,40,1,"","","","","","","","","","","","","","","","","","","","","","","","","","","","",5.,1,3.6,1,"","","","","","","","","","","","","","","","","","","","","","","","","","",92,1,"","","","","","","","","","","","",8.,1,998.4,1,"","","","","","","","",8,1,"","","","","","","","","","","","","","","","","","","","","","","","","","","","","","","","","","","","","","","","","","","","","","","","","","","","","","","","","","","","","","","","","","","","","","","","","","","","","","","","","","","","","","","","","","","","","","","","","","","","","","","",""
"28070001","CHARTRES",48.4605,1.501167,155,1983032806,"","","","",5.,1,60,1,"","","","","","","","","","","","","","","","","","","","","","","","","","","","",3.8,1,2.,1,"","","","","","","","","","","","","","","","","","","","","","","","","","",88,1,"","","","","","","","","","","","",7.1,1,1000.8,1,"","","","","","",8,1,8,1,6,1,"","","","","","","","","","","","","","","","","","","","","","","","","","","","",10000,1,"","",21,1,"","","","",2,1,"","","","","","","","","","","","","","","","","","","","","","","","","","","","","","","","","","","","","","","","","","","","","","","","","","","","","","","","","","","","","",""
"28070001","CHARTRES",48.4605,1.501167,155,1983032809,"","","","",8.,1,60,1,"","","","","","","","","","","","","","","","","","","","","","","","","","","","",4.,1,-1.1,1,"","","","","","","","","","","","","","","","","","","","","","","","","","",69,1,"","","","","","","","","","","","",5.6,1,1004.6,1,"","","","","","",6,1,6,1,2,1,0,1,0,1,"","","","","","","","","","","","","","","","","","","","","","","","",15000,1,"","",1,1,2,1,"","","","","","","","","","","","","","","","","","","","","","","","","","","","","","","","","","","","","","","","","","","","","","","","","","","","","","","","","","","","","","","","","",""
"28070001","CHARTRES",48.4605,1.501167,155,1983032812,"","","","",8.,1,60,1,"","","","","","","","","","","","","","","","","","","","","","","","","","","","",6.2,1,0.1,1,"","","","","","","","","","","","","","","","","","","","","","","","","","",66,1,"","","","","","","","","","","","",6.2,1,1006.6,1,"","","","","","",3,1,0,1,2,1,0,1,0,1,"","","","","","","","","","","","","","","","","","","","","","","","",20000,1,"","",2,1,1,1,"","","","","","","","","","","","","","","","","","","","","","","","","","","","","","","","","","","","","","","","","","","","","","","","","","","","","","","","","","","","","","","","","",""
"28070001","CHARTRES",48.4605,1.501167,155,1983032815,"","","","",7.,1,40,1,"","","","","","","","","","","","","","","","","","","","","","","","","","","","",8.,1,-1.3,1,"","","","","","","","","","","","","","","","","","","","","","","","","","",51,1,"","","","","","","","","","","","",5.5,1,1008.2,1,"","","","","","",1,1,0,1,2,1,0,1,0,1,"","","","","","","","","","","","","","","","","","","","","","","","",20000,1,"","",1,1,0,1,"","","","","","","","","","","","","","","","","","","","","","","","","","","","","","","","","","","","","","","","","","","","","","","","","","","","","","","","","","","","","","","","","",""
"28070001","CHARTRES",48.4605,1.501167,155,1983032818,"","","","",4.,1,40,1,"","","","","","","","","","","","","","","","","","","","","","","","","","","","",5.,1,1.,1,"","","","","","","","","","","","","","","","","","","","","","","","","","",76,1,"","","","","","","","","","","","",6.6,1,1010.,1,"","","","","","","","",0,1,"","","","","","","","","","","","","","","","","","","","","","","","","","","","","","","","","","","","","","","","","","","","","","","","","","","","","","","","","","","","","","","","","","","","","","","","","","","","","","","","","","","","","","","","","","","","","","","","","","","","","","","",""
"28070001","CHARTRES",48.4605,1.501167,155,1983032821,"","","","",3.,1,20,1,"","","","","","","","","","","","","","","","","","","","","","","","","","","","",2.,1,-0.4,1,"","","","","","","","","","","","","","","","","","","","","","","","","","",83,1,"","","","","","","","","","","","",5.9,1,1012.7,1,"","","","","","","","",0,1,"","","","","","","","","","","","","","","","","","","","","","","","","","","","","","","","","","","","","","","","","","","","","","","","","","","","","","","","","","","","","","","","","","","","","","","","","","","","","","","","","","","","","","","","","","","","","","","","","","","","","","","",""
"28070001","CHARTRES",48.4605,1.501167,155,1983032900,"","","","",2.,1,360,1,"","","","","","","","","","","","","","","","","","","","","","","","","","","","",0.4,1,-1.3,1,"","","","","","","","","","","","","","","","","","","","","","","","","","",87,1,"","","","","","","","","","","","",5.5,1,1013.2,1,"","","","","","","","",0,1,"","","","","","","","","","","","","","","","","","","","","","","","","","","","","","","","","","","","","","","","","","","","","","","","","","","","","","","","","","","","","","","","","","","","","","","","","","","","","","","","","","","","","","","","","","","","","","","","","","","","","","","",""
"28070001","CHARTRES",48.4605,1.501167,155,1983032903,"","","","",2.,1,340,1,"","","","","","","","","","","","","","","","","","","","","","","","","","","","",0.8,1,-1.1,1,"","","","","","","","","","","","","","","","","","","","","","","","","","",87,1,"","","","","","","","","","","","",5.6,1,1013.1,1,"","","","","","","","",0,1,"","","","","","","","","","","","","","","","","","","","","","","","","","","","","","","","","","","","","","","","","","","","","","","","","","","","","","","","","","","","","","","","","","","","","","","","","","","","","","","","","","","","","","","","","","","","","","","","","","","","","","","",""
"28070001","CHARTRES",48.4605,1.501167,155,1983032906,"","","","",3.,1,360,1,"","","","","","","","","","","","","","","","","","","","","","","","","","","","",0.8,1,-0.9,1,"","","","","","","","","","","","","","","","","","","","","","","","","","",88,1,"","","","","","","","","","","","",5.7,1,1013.7,1,"","","","","","",6,1,6,1,0,1,0,1,2,1,"","","","","","","","","","","","","","","","","","","","","","","","",4000,1,"","",10,1,"","","","",1,1,"","","","","","","","","","","","","","","","","","","","","","","","","","","","","","","","","","","","","","","","","","","","","","","","","","","","","","","","","","","","","",""
"28070001","CHARTRES",48.4605,1.501167,155,1983032909,"","","","",2.,1,360,1,"","","","","","","","","","","","","","","","","","","","","","","","","","","","",5.2,1,2.4,1,"","","","","","","","","","","","","","","","","","","","","","","","","","",83,1,"","","","","","","","","","","","",7.3,1,1014.5,1,"","","","","","",6,1,6,1,1,1,0,1,2,1,"","","","","","","","","","","","","","","","","","","","","","","","",8000,1,"","",3,1,2,1,"","","","","","","","","","","","","","","","","","","","","","","","","","","","","","","","","","","","","","","","","","","","","","","","","","","","","","","","","","","","","","","","","",""
"28070001","CHARTRES",48.4605,1.501167,155,1983032912,"","","","",2.,1,260,1,"","","","","","","","","","","","","","","","","","","","","","","","","","","","",9.4,1,2.2,1,"","","","","","","","","","","","","","","","","","","","","","","","","","",61,1,"","","","","","","","","","","","",7.2,1,1014.,1,"","","","","","",6,1,0,1,4,1,0,1,1,1,"","","","","","","","","","","","","","","","","","","","","","","","",15000,1,"","",3,1,2,1,"","","","","","","","","","","","","","","","","","","","","","","","","","","","","","","","","","","","","","","","","","","","","","","","","","","","","","","","","","","","","","","","","",""
"28070001","CHARTRES",48.4605,1.501167,155,1983032915,"","","","",2.,1,300,1,"","","","","","","","","","","","","","","","","","","","","","","","","","","","",9.2,1,1.4,1,"","","","","","","","","","","","","","","","","","","","","","","","","","",58,1,"","","","","","","","","","","","",6.8,1,1013.,1,"","","","","","",7,1,6,1,4,1,0,1,2,1,"","","","","","","","","","","","","","","","","","","","","","","","",20000,1,"","",1,1,2,1,"","","","","","","","","","","","","","","","","","","","","","","","","","","","","","","","","","","","","","","","","","","","","","","","","","","","","","","","","","","","","","","","","",""
"28070001","CHARTRES",48.4605,1.501167,155,1983032918,"","","","",3.,1,260,1,"","","","","","","","","","","","","","","","","","","","","","","","","","","","",8.,1,1.6,1,"","","","","","","","","","","","","","","","","","","","","","","","","","",64,1,"","","","","","","","","","","","",6.9,1,1012.3,1,"","","","","","","","",6,1,"","","","","","","","","","","","","","","","","","","","","","","","","","","","","","","","","","","","","","","","","","","","","","","","","","","","","","","","","","","","","","","","","","","","","","","","","","","","","","","","","","","","","","","","","","","","","","","","","","","","","","","",""
"28070001","CHARTRES",48.4605,1.501167,155,1983032921,"","","","",6.,1,240,1,"","","","","","","","","","","","","","","","","","","","","","","","","","","","",6.9,1,1.4,1,"","","","","","","","","","","","","","","","","","","","","","","","","","",68,1,"","","","","","","","","","","","",6.8,1,1012.2,1,"","","","","","","","",6,1,"","","","","","","","","","","","","","","","","","","","","","","","","","","","","","","","","","","","","","","","","","","","","","","","","","","","","","","","","","","","","","","","","","","","","","","","","","","","","","","","","","","","","","","","","","","","","","","","","","","","","","","",""
"28070001","CHARTRES",48.4605,1.501167,155,1983033000,"","","","",7.,1,260,1,"","","","","","","","","","","","","","","","","","","","","","","","","","","","",6.1,1,5.1,1,"","","","","","","","","","","","","","","","","","","","","","","","","","",95,1,"","","","","","","","","","","","",8.9,1,1011.,1,"","","","","","","","",6,1,"","","","","","","","","","","","","","","","","","","","","","","","","","","","","","","","","","","","","","","","","","","","","","","","","","","","","","","","","","","","","","","","","","","","","","","","","","","","","","","","","","","","","","","","","","","","","","","","","","","","","","","",""
"28070001","CHARTRES",48.4605,1.501167,155,1983033003,"","","","",6.,1,260,1,"","","","","","","","","","","","","","","","","","","","","","","","","","","","",6.,1,5.4,1,"","","","","","","","","","","","","","","","","","","","","","","","","","",97,1,"","","","","","","","","","","","",9.1,1,1009.2,1,"","","","","","","","",6,1,"","","","","","","","","","","","","","","","","","","","","","","","","","","","","","","","","","","","","","","","","","","","","","","","","","","","","","","","","","","","","","","","","","","","","","","","","","","","","","","","","","","","","","","","","","","","","","","","","","","","","","","",""
"28070001","CHARTRES",48.4605,1.501167,155,1983033006,"","","","",5.,1,260,1,"","","","","","","","","","","","","","","","","","","","","","","","","","","","",6.9,1,6.2,1,"","","","","","","","","","","","","","","","","","","","","","","","","","",97,1,"","","","","","","","","","","","",9.6,1,1008.5,1,"","","","","","",8,1,8,1,7,1,"","","","","","","","","","","","","","","","","","","","","","","","","","","","",3000,1,"","",60,1,"","","","",2,1,"","","","","","","","","","","","","","","","","","","","","","","","","","","","","","","","","","","","","","","","","","","","","","","","","","","","","","","","","","","","","",""
"28070001","CHARTRES",48.4605,1.501167,155,1983033009,"","","","",5.,1,300,1,"","","","","","","","","","","","","","","","","","","","","","","","","","","","",8.4,1,5.1,1,"","","","","","","","","","","","","","","","","","","","","","","","","","",81,1,"","","","","","","","","","","","",8.9,1,1009.6,1,"","","","","","",6,1,5,1,8,1,3,1,2,1,"","","","","","","","","","","","","","","","","","","","","","","","",20000,1,"","",3,1,6,1,"","","","","","","","","","","","","","","","","","","","","","","","","","","","","","","","","","","","","","","","","","","","","","","","","","","","","","","","","","","","","","","","","",""
"28070001","CHARTRES",48.4605,1.501167,155,1983033012,"","","","",5.,1,260,1,"","","","","","","","","","","","","","","","","","","","","","","","","","","","",10.2,1,3.4,1,"","","","","","","","","","","","","","","","","","","","","","","","","","",64,1,"","","","","","","","","","","","",7.9,1,1009.3,1,"","","","","","",6,1,0,1,8,1,0,1,0,1,"","","","","","","","","","","","","","","","","","","","","","","","",20000,1,"","",3,1,6,1,"","","","","","","","","","","","","","","","","","","","","","","","","","","","","","","","","","","","","","","","","","","","","","","","","","","","","","","","","","","","","","","","","",""
"28070001","CHARTRES",48.4605,1.501167,155,1983033015,"","","","",6.,1,300,1,"","","","","","","","","","","","","","","","","","","","","","","","","","","","",10.2,1,2.7,1,"","","","","","","","","","","","","","","","","","","","","","","","","","",60,1,"","","","","","","","","","","","",7.5,1,1008.8,1,"","","","","","",7,1,5,1,8,1,"","","","","","","","","","","","","","","","","","","","","","","","","","","","",20000,1,"","",1,1,2,1,"","","","","","","","","","","","","","","","","","","","","","","","","","","","","","","","","","","","","","","","","","","","","","","","","","","","","","","","","","","","","","","","","",""
"28070001","CHARTRES",48.4605,1.501167,155,1983033018,"","","","",4.,1,280,1,"","","","","","","","","","","","","","","","","","","","","","","","","","","","",8.7,1,2.7,1,"","","","","","","","","","","","","","","","","","","","","","","","","","",67,1,"","","","","","","","","","","","",7.5,1,1008.9,1,"","","","","","","","",5,1,"","","","","","","","","","","","","","","","","","","","","","","","","","","","","","","","","","","","","","","","","","","","","","","","","","","","","","","","","","","","","","","","","","","","","","","","","","","","","","","","","","","","","","","","","","","","","","","","","","","","","","","",""
"28070001","CHARTRES",48.4605,1.501167,155,1983033021,"","","","",4.,1,260,1,"","","","","","","","","","","","","","","","","","","","","","","","","","","","",7.9,1,3.6,1,"","","","","","","","","","","","","","","","","","","","","","","","","","",75,1,"","","","","","","","","","","","",8.,1,1008.9,1,"","","","","","","","",5,1,"","","","","","","","","","","","","","","","","","","","","","","","","","","","","","","","","","","","","","","","","","","","","","","","","","","","","","","","","","","","","","","","","","","","","","","","","","","","","","","","","","","","","","","","","","","","","","","","","","","","","","","",""
"28070001","CHARTRES",48.4605,1.501167,155,1983033100,"","","","",4.,1,260,1,"","","","","","","","","","","","","","","","","","","","","","","","","","","","",7.,1,4.3,1,"","","","","","","","","","","","","","","","","","","","","","","","","","",84,1,"","","","","","","","","","","","",8.4,1,1007.8,1,"","","","","","","","",5,1,"","","","","","","","","","","","","","","","","","","","","","","","","","","","","","","","","","","","","","","","","","","","","","","","","","","","","","","","","","","","","","","","","","","","","","","","","","","","","","","","","","","","","","","","","","","","","","","","","","","","","","","",""
"28070001","CHARTRES",48.4605,1.501167,155,1983033103,"","","","",5.,1,260,1,"","","","","","","","","","","","","","","","","","","","","","","","","","","","",6.6,1,4.3,1,"","","","","","","","","","","","","","","","","","","","","","","","","","",86,1,"","","","","","","","","","","","",8.4,1,1006.,1,"","","","","","","","",5,1,"","","","","","","","","","","","","","","","","","","","","","","","","","","","","","","","","","","","","","","","","","","","","","","","","","","","","","","","","","","","","","","","","","","","","","","","","","","","","","","","","","","","","","","","","","","","","","","","","","","","","","","",""
"28070001","CHARTRES",48.4605,1.501167,155,1983033106,"","","","",5.,1,260,1,"","","","","","","","","","","","","","","","","","","","","","","","","","","","",6.1,1,3.8,1,"","","","","","","","","","","","","","","","","","","","","","","","","","",86,1,"","","","","","","","","","","","",8.1,1,1004.1,1,"","","","","","",7,1,7,1,8,1,"","","","","","","","","","","","","","","","","","","","","","","","","","","","",15000,1,"","",0,1,"","","","",0,1,"","","","","","","","","","","","","","","","","","","","","","","","","","","","","","","","","","","","","","","","","","","","","","","","","","","","","","","","","","","","","",""
"28070001","CHARTRES",48.4605,1.501167,155,1983033109,"","","","",6.,1,240,1,"","","","","","","","","","","","","","","","","","","","","","","","","","","","",8.1,1,5.3,1,"","","","","","","","","","","","","","","","","","","","","","","","","","",83,1,"","","","","","","","","","","","",9.,1,1002.6,1,"","","","","","",7,1,0,1,8,1,"","","","","","","","","","","","","","","","","","","","","","","","","","","","",20000,1,"","",3,1,2,1,"","","","","","","","","","","","","","","","","","","","","","","","","","","","","","","","","","","","","","","","","","","","","","","","","","","","","","","","","","","","","","","","","",""
"28070001","CHARTRES",48.4605,1.501167,155,1983033112,"","","","",7.,1,240,1,"","","","","","","","","","","","","","","","","","","","","","","","","","","","",9.3,1,5.4,1,"","","","","","","","","","","","","","","","","","","","","","","","","","",78,1,"","","","","","","","","","","","",9.1,1,1000.9,1,"","","","","","",7,1,6,1,8,1,"","","","","","","","","","","","","","","","","","","","","","","","","","","","",20000,1,"","",3,1,2,1,"","","","","","","","","","","","","","","","","","","","","","","","","","","","","","","","","","","","","","","","","","","","","","","","","","","","","","","","","","","","","","","","","",""
"28070001","CHARTRES",48.4605,1.501167,155,1983033115,"","","","",7.,1,240,1,"","","","","","","","","","","","","","","","","","","","","","","","","","","","",9.6,1,5.6,1,"","","","","","","","","","","","","","","","","","","","","","","","","","",77,1,"","","","","","","","","","","","",9.2,1,998.,1,"","","","","","",8,1,5,1,8,1,"","","","","","","","","","","","","","","","","","","","","","","","","","","","",20000,1,"","",80,1,8,1,"","","","","","","","","","","","","","","","","","","","","","","","","","","","","","","","","","","","","","","","","","","","","","","","","","","","","","","","","","","","","","","","","",""
"28070001","CHARTRES",48.4605,1.501167,155,1983033118,"","","","",3.,1,260,1,"","","","","","","","","","","","","","","","","","","","","","","","","","","","",7.6,1,6.9,1,"","","","","","","","","","","","","","","","","","","","","","","","","","",97,1,"","","","","","","","","","","","",10.1,1,996.8,1,"","","","","","","","",5,1,"","","","","","","","","","","","","","","","","","","","","","","","","","","","","","","","","","","","","","","","","","","","","","","","","","","","","","","","","","","","","","","","","","","","","","","","","","","","","","","","","","","","","","","","","","","","","","","","","","","","","","","",""
"28070001","CHARTRES",48.4605,1.501167,155,1983033121,"","","","",2.,1,320,1,"","","","","","","","","","","","","","","","","","","","","","","","","","","","",5.7,1,5.1,1,"","","","","","","","","","","","","","","","","","","","","","","","","","",97,1,"","","","","","","","","","","","",8.9,1,996.4,1,"","","","","","","","",5,1,"","","","","","","","","","","","","","","","","","","","","","","","","","","","","","","","","","","","","","","","","","","","","","","","","","","","","","","","","","","","","","","","","","","","","","","","","","","","","","","","","","","","","","","","","","","","","","","","","","","","","","","",""
"28070001","CHARTRES",48.4605,1.501167,155,1983040100,"","","","",2.,1,300,1,"","","","","","","","","","","","","","","","","","","","","","","","","","","","",4.9,1,4.1,1,"","","","","","","","","","","","","","","","","","","","","","","","","","",96,1,"","","","","","","","","","","","",8.3,1,997.8,1,"","","","","","","","","","","","","","","","","","","","","","","","","","","","","","","","","","","","","","","","","","","","","","","","","","","","","","","","","","","","","","","","","","","","","","","","","","","","","","","","","","","","","","","","","","","","","","","","","","","","","","","","","","","","","","","","","",""
"28070001","CHARTRES",48.4605,1.501167,155,1983040103,"","","","",1.,1,320,1,"","","","","","","","","","","","","","","","","","","","","","","","","","","","",4.4,1,3.8,1,"","","","","","","","","","","","","","","","","","","","","","","","","","",97,1,"","","","","","","","","","","","",8.1,1,997.8,1,"","","","","","","","","","","","","","","","","","","","","","","","","","","","","","","","","","","","","","","","","","","","","","","","","","","","","","","","","","","","","","","","","","","","","","","","","","","","","","","","","","","","","","","","","","","","","","","","","","","","","","","","","","","","","","","","","",""
"28070001","CHARTRES",48.4605,1.501167,155,1983040106,"","","","",1.,1,320,1,"","","","","","","","","","","","","","","","","","","","","","","","","","","","",4.,1,3.4,1,"","","","","","","","","","","","","","","","","","","","","","","","","","",97,1,"","","","","","","","","","","","",7.9,1,997.8,1,"","","","","","",6,1,0,1,5,1,3,1,0,1,"","","","","","","","","","","","","","","","","","","","","","","","",12000,1,"","",0,1,"","","","",2,1,"","","","","","","","","","","","","","","","","","","","","","","","","","","","","","","","","","","","","","","","","","","","","","","","","","","","","","","","","","","","","",""
"28070001","CHARTRES",48.4605,1.501167,155,1983040109,"","","","",5.,1,360,1,"","","","","","","","","","","","","","","","","","","","","","","","","","","","",6.2,1,4.,1,"","","","","","","","","","","","","","","","","","","","","","","","","","",86,1,"","","","","","","","","","","","",8.2,1,998.3,1,"","","","","","",6,1,0,1,8,1,0,1,0,1,"","","","","","","","","","","","","","","","","","","","","","","","",15000,1,"","",3,1,2,1,"","","","","","","","","","","","","","","","","","","","","","","","","","","","","","","","","","","","","","","","","","","","","","","","","","","","","","","","","","","","","","","","","",""
"28070001","CHARTRES",48.4605,1.501167,155,1983040112,"","","","",5.,1,20,1,"","","","","","","","","","","","","","","","","","","","","","","","","","","","",8.5,1,3.8,1,"","","","","","","","","","","","","","","","","","","","","","","","","","",73,1,"","","","","","","","","","","","",8.1,1,998.1,1,"","","","","","",5,1,0,1,8,1,0,1,0,1,"","","","","","","","","","","","","","","","","","","","","","","","",20000,1,"","",1,1,2,1,"","","","","","","","","","","","","","","","","","","","","","","","","","","","","","","","","","","","","","","","","","","","","","","","","","","","","","","","","","","","","","","","","",""
"28070001","CHARTRES",48.4605,1.501167,155,1983040115,"","","","",7.,1,20,1,"","","","","","","","","","","","","","","","","","","","","","","","","","","","",6.7,1,3.8,1,"","","","","","","","","","","","","","","","","","","","","","","","","","",82,1,"","","","","","","","","","","","",8.1,1,998.7,1,"","","","","","",7,1,5,1,8,1,"","","","","","","","","","","","","","","","","","","","","","","","","","","","",20000,1,"","",3,1,8,1,"","","","","","","","","","","","","","","","","","","","","","","","","","","","","","","","","","","","","","","","","","","","","","","","","","","","","","","","","","","","","","","","","",""
"28070001","CHARTRES",48.4605,1.501167,155,1983040118,"","","","",7.,1,360,1,"","","","","","","","","","","","","","","","","","","","","","","","","","","","",5.,1,3.1,1,"","","","","","","","","","","","","","","","","","","","","","","","","","",88,1,"","","","","","","","","","","","",7.7,1,1000.1,1,"","","","","","","","",5,1,"","","","","","","","","","","","","","","","","","","","","","","","","","","","","","","","","","","","","","","","","","","","","","","","","","","","","","","","","","","","","","","","","","","","","","","","","","","","","","","","","","","","","","","","","","","","","","","","","","","","","","","",""
"28070001","CHARTRES",48.4605,1.501167,155,1983040121,"","","","",4.,1,340,1,"","","","","","","","","","","","","","","","","","","","","","","","","","","","",4.3,1,2.5,1,"","","","","","","","","","","","","","","","","","","","","","","","","","",89,1,"","","","","","","","","","","","",7.4,1,1001.2,1,"","","","","","","","",5,1,"","","","","","","","","","","","","","","","","","","","","","","","","","","","","","","","","","","","","","","","","","","","","","","","","","","","","","","","","","","","","","","","","","","","","","","","","","","","","","","","","","","","","","","","","","","","","","","","","","","","","","","",""
"28070001","CHARTRES",48.4605,1.501167,155,1983040200,"","","","",2.,1,340,1,"","","","","","","","","","","","","","","","","","","","","","","","","","","","",4.,1,2.9,1,"","","","","","","","","","","","","","","","","","","","","","","","","","",94,1,"","","","","","","","","","","","",7.6,1,1001.8,1,"","","","","","","","",5,1,"","","","","","","","","","","","","","","","","","","","","","","","","","","","","","","","","","","","","","","","","","","","","","","","","","","","","","","","","","","","","","","","","","","","","","","","","","","","","","","","","","","","","","","","","","","","","","","","","","","","","","","",""
"28070001","CHARTRES",48.4605,1.501167,155,1983040203,"","","","",1.,1,20,1,"","","","","","","","","","","","","","","","","","","","","","","","","","","","",3.8,1,2.7,1,"","","","","","","","","","","","","","","","","","","","","","","","","","",93,1,"","","","","","","","","","","","",7.5,1,1002.2,1,"","","","","","","","",5,1,"","","","","","","","","","","","","","","","","","","","","","","","","","","","","","","","","","","","","","","","","","","","","","","","","","","","","","","","","","","","","","","","","","","","","","","","","","","","","","","","","","","","","","","","","","","","","","","","","","","","","","","",""
"28070001","CHARTRES",48.4605,1.501167,155,1983040206,"","","","",3.,1,360,1,"","","","","","","","","","","","","","","","","","","","","","","","","","","","",3.6,1,2.5,1,"","","","","","","","","","","","","","","","","","","","","","","","","","",93,1,"","","","","","","","","","","","",7.4,1,1002.8,1,"","","","","","",8,1,5,1,5,1,"","","","","","","","","","","","","","","","","","","","","","","","","","","","",4000,1,"","",10,1,"","","","",1,1,"","","","","","","","","","","","","","","","","","","","","","","","","","","","","","","","","","","","","","","","","","","","","","","","","","","","","","","","","","","","","",""
"28070001","CHARTRES",48.4605,1.501167,155,1983040209,"","","","",4.,1,20,1,"","","","","","","","","","","","","","","","","","","","","","","","","","","","",5.6,1,4.8,1,"","","","","","","","","","","","","","","","","","","","","","","","","","",95,1,"","","","","","","","","","","","",8.7,1,1003.3,1,"","","","","","",8,1,8,1,6,1,"","","","","","","","","","","","","","","","","","","","","","","","","","","","",1600,1,"","",10,1,2,1,"","","","","","","","","","","","","","","","","","","","","","","","","","","","","","","","","","","","","","","","","","","","","","","","","","","","","","","","","","","","","","","","","",""
"28070001","CHARTRES",48.4605,1.501167,155,1983040212,"","","","",5.,1,40,1,"","","","","","","","","","","","","","","","","","","","","","","","","","","","",7.1,1,5.4,1,"","","","","","","","","","","","","","","","","","","","","","","","","","",90,1,"","","","","","","","","","","","",9.1,1,1005.4,1,"","","","","","",8,1,5,1,5,1,"","","","","","","","","","","","","","","","","","","","","","","","","","","","",3000,1,"","",10,1,6,1,"","","","","","","","","","","","","","","","","","","","","","","","","","","","","","","","","","","","","","","","","","","","","","","","","","","","","","","","","","","","","","","","","",""
"28070001","CHARTRES",48.4605,1.501167,155,1983040215,"","","","",5.,1,40,1,"","","","","","","","","","","","","","","","","","","","","","","","","","","","",7.8,1,4.1,1,"","","","","","","","","","","","","","","","","","","","","","","","","","",79,1,"","","","","","","","","","","","",8.3,1,1006.5,1,"","","","","","",8,1,8,1,5,1,"","","","","","","","","","","","","","","","","","","","","","","","","","","","",6000,1,"","",3,1,2,1,"","","","","","","","","","","","","","","","","","","","","","","","","","","","","","","","","","","","","","","","","","","","","","","","","","","","","","","","","","","","","","","","","",""
"28070001","CHARTRES",48.4605,1.501167,155,1983040218,"","","","",5.,1,20,1,"","","","","","","","","","","","","","","","","","","","","","","","","","","","",5.3,1,2.4,1,"","","","","","","","","","","","","","","","","","","","","","","","","","",82,1,"","","","","","","","","","","","",7.3,1,1008.3,1,"","","","","","","","",8,1,"","","","","","","","","","","","","","","","","","","","","","","","","","","","","","","","","","","","","","","","","","","","","","","","","","","","","","","","","","","","","","","","","","","","","","","","","","","","","","","","","","","","","","","","","","","","","","","","","","","","","","","",""
"28070001","CHARTRES",48.4605,1.501167,155,1983040221,"","","","",2.,1,340,1,"","","","","","","","","","","","","","","","","","","","","","","","","","","","",3.,1,1.8,1,"","","","","","","","","","","","","","","","","","","","","","","","","","",92,1,"","","","","","","","","","","","",7.,1,1009.2,1,"","","","","","","","",8,1,"","","","","","","","","","","","","","","","","","","","","","","","","","","","","","","","","","","","","","","","","","","","","","","","","","","","","","","","","","","","","","","","","","","","","","","","","","","","","","","","","","","","","","","","","","","","","","","","","","","","","","","",""
"28070001","CHARTRES",48.4605,1.501167,155,1983040300,"","","","",3.,1,300,1,"","","","","","","","","","","","","","","","","","","","","","","","","","","","",1.6,1,0.6,1,"","","","","","","","","","","","","","","","","","","","","","","","","","",94,1,"","","","","","","","","","","","",6.4,1,1008.1,1,"","","","","","","","",8,1,"","","","","","","","","","","","","","","","","","","","","","","","","","","","","","","","","","","","","","","","","","","","","","","","","","","","","","","","","","","","","","","","","","","","","","","","","","","","","","","","","","","","","","","","","","","","","","","","","","","","","","","",""
"28070001","CHARTRES",48.4605,1.501167,155,1983040303,"","","","",4.,1,300,1,"","","","","","","","","","","","","","","","","","","","","","","","","","","","",1.,1,0.6,1,"","","","","","","","","","","","","","","","","","","","","","","","","","",98,1,"","","","","","","","","","","","",6.4,1,1006.2,1,"","","","","","","","",8,1,"","","","","","","","","","","","","","","","","","","","","","","","","","","","","","","","","","","","","","","","","","","","","","","","","","","","","","","","","","","","","","","","","","","","","","","","","","","","","","","","","","","","","","","","","","","","","","","","","","","","","","","",""
"28070001","CHARTRES",48.4605,1.501167,155,1983040306,"","","","",2.,1,300,1,"","","","","","","","","","","","","","","","","","","","","","","","","","","","",0.8,1,0.1,1,"","","","","","","","","","","","","","","","","","","","","","","","","","",96,1,"","","","","","","","","","","","",6.2,1,1005.,1,"","","","","","",6,1,6,1,5,1,0,1,0,1,"","","","","","","","","","","","","","","","","","","","","","","","",6000,1,"","",3,1,"","","","",1,1,"","","","","","","","","","","","","","","","","","","","","","","","","","","","","","","","","","","","","","","","","","","","","","","","","","","","","","","","","","","","","",""
"28070001","CHARTRES",48.4605,1.501167,155,1983040309,"","","","",5.,1,20,1,"","","","","","","","","","","","","","","","","","","","","","","","","","","","",0.4,1,-0.2,1,"","","","","","","","","","","","","","","","","","","","","","","","","","",96,1,"","","","","","","","","","","","",6.,1,1005.1,1,"","","","","","",8,1,8,1,"","","","","","","","","","","","","","","","","","","","","","","","","","","","","","",300,1,"","",71,1,7,1,"","","","","","","","","","","","","","","","","","","","","","","","","","","","","","","","","","","","","","","","","","","","","","","","","","","","","","","","","","","","","","","","","",""
"28070001","CHARTRES",48.4605,1.501167,155,1983040312,"","","","",6.,1,360,1,"","","","","","","","","","","","","","","","","","","","","","","","","","","","",4.2,1,1.,1,"","","","","","","","","","","","","","","","","","","","","","","","","","",80,1,"","","","","","","","","","","","",6.6,1,1005.5,1,"","","","","","",7,1,5,1,8,1,"","","","","","","","","","","","","","","","","","","","","","","","","","","","",10000,1,"","",3,1,7,1,"","","","","","","","","","","","","","","","","","","","","","","","","","","","","","","","","","","","","","","","","","","","","","","","","","","","","","","","","","","","","","","","","",""
"28070001","CHARTRES",48.4605,1.501167,155,1983040315,"","","","",6.,1,20,1,"","","","","","","","","","","","","","","","","","","","","","","","","","","","",6.2,1,1.2,1,"","","","","","","","","","","","","","","","","","","","","","","","","","",70,1,"","","","","","","","","","","","",6.7,1,1005.8,1,"","","","","","",5,1,0,1,8,1,0,1,0,1,"","","","","","","","","","","","","","","","","","","","","","","","",15000,1,"","",1,1,2,1,"","","","","","","","","","","","","","","","","","","","","","","","","","","","","","","","","","","","","","","","","","","","","","","","","","","","","","","","","","","","","","","","","",""
"28070001","CHARTRES",48.4605,1.501167,155,1983040318,"","","","",2.,1,20,1,"","","","","","","","","","","","","","","","","","","","","","","","","","","","",5.,1,-0.4,1,"","","","","","","","","","","","","","","","","","","","","","","","","","",68,1,"","","","","","","","","","","","",5.9,1,1007.1,1,"","","","","","","","",0,1,"","","","","","","","","","","","","","","","","","","","","","","","","","","","","","","","","","","","","","","","","","","","","","","","","","","","","","","","","","","","","","","","","","","","","","","","","","","","","","","","","","","","","","","","","","","","","","","","","","","","","","","",""
"28070001","CHARTRES",48.4605,1.501167,155,1983040321,"","","","",1.,1,280,1,"","","","","","","","","","","","","","","","","","","","","","","","","","","","",1.4,1,0.4,1,"","","","","","","","","","","","","","","","","","","","","","","","","","",93,1,"","","","","","","","","","","","",6.3,1,1009.,1,"","","","","","","","",0,1,"","","","","","","","","","","","","","","","","","","","","","","","","","","","","","","","","","","","","","","","","","","","","","","","","","","","","","","","","","","","","","","","","","","","","","","","","","","","","","","","","","","","","","","","","","","","","","","","","","","","","","","",""
"28070001","CHARTRES",48.4605,1.501167,155,1983040400,"","","","",2.,1,260,1,"","","","","","","","","","","","","","","","","","","","","","","","","","","","",1.,1,0.1,1,"","","","","","","","","","","","","","","","","","","","","","","","","","",94,1,"","","","","","","","","","","","",6.2,1,1007.7,1,"","","","","","","","",0,1,"","","","","","","","","","","","","","","","","","","","","","","","","","","","","","","","","","","","","","","","","","","","","","","","","","","","","","","","","","","","","","","","","","","","","","","","","","","","","","","","","","","","","","","","","","","","","","","","","","","","","","","",""
"28070001","CHARTRES",48.4605,1.501167,155,1983040403,"","","","",4.,1,220,1,"","","","","","","","","","","","","","","","","","","","","","","","","","","","",1.2,1,0.,1,"","","","","","","","","","","","","","","","","","","","","","","","","","",92,1,"","","","","","","","","","","","",6.1,1,1004.7,1,"","","","","","","","",0,1,"","","","","","","","","","","","","","","","","","","","","","","","","","","","","","","","","","","","","","","","","","","","","","","","","","","","","","","","","","","","","","","","","","","","","","","","","","","","","","","","","","","","","","","","","","","","","","","","","","","","","","","",""
"28070001","CHARTRES",48.4605,1.501167,155,1983040406,"","","","",6.,1,220,1,"","","","","","","","","","","","","","","","","","","","","","","","","","","","",0.6,1,0.,1,"","","","","","","","","","","","","","","","","","","","","","","","","","",96,1,"","","","","","","","","","","","",6.1,1,1002.3,1,"","","","","","",7,1,7,1,7,1,"","","","","","","","","","","","","","","","","","","","","","","","","","","","",900,1,"","",71,1,"","","","",4,1,"","","","","","","","","","","","","","","","","","","","","","","","","","","","","","","","","","","","","","","","","","","","","","","","","","","","","","","","","","","","","",""
"28070001","CHARTRES",48.4605,1.501167,155,1983040409,"","","","",7.,1,240,1,"","","","","","","","","","","","","","","","","","","","","","","","","","","","",0.9,1,0.,1,"","","","","","","","","","","","","","","","","","","","","","","","","","",94,1,"","","","","","","","","","","","",6.1,1,1001.5,1,"","","","","","",8,1,8,1,7,1,"","","","","","","","","","","","","","","","","","","","","","","","","","","","",4000,1,"","",10,1,7,1,"","","","","","","","","","","","","","","","","","","","","","","","","","","","","","","","","","","","","","","","","","","","","","","","","","","","","","","","","","","","","","","","","",""
"28070001","CHARTRES",48.4605,1.501167,155,1983040412,"","","","",5.,1,280,1,"","","","","","","","","","","","","","","","","","","","","","","","","","","","",6.6,1,2.4,1,"","","","","","","","","","","","","","","","","","","","","","","","","","",75,1,"","","","","","","","","","","","",7.3,1,1000.9,1,"","","","","","",6,1,6,1,2,1,0,1,0,1,"","","","","","","","","","","","","","","","","","","","","","","","",12000,1,"","",1,1,7,1,"","","","","","","","","","","","","","","","","","","","","","","","","","","","","","","","","","","","","","","","","","","","","","","","","","","","","","","","","","","","","","","","","",""
"28070001","CHARTRES",48.4605,1.501167,155,1983040415,"","","","",3.,1,300,1,"","","","","","","","","","","","","","","","","","","","","","","","","","","","",7.4,1,2.2,1,"","","","","","","","","","","","","","","","","","","","","","","","","","",70,1,"","","","","","","","","","","","",7.2,1,1000.9,1,"","","","","","",4,1,0,1,9,1,0,1,0,1,"","","","","","","","","","","","","","","","","","","","","","","","",15000,1,"","",25,1,8,1,"","","","","","","","","","","","","","","","","","","","","","","","","","","","","","","","","","","","","","","","","","","","","","","","","","","","","","","","","","","","","","","","","",""
"28070001","CHARTRES",48.4605,1.501167,155,1983040418,"","","","",1.,1,360,1,"","","","","","","","","","","","","","","","","","","","","","","","","","","","",3.5,1,0.,1,"","","","","","","","","","","","","","","","","","","","","","","","","","",78,1,"","","","","","","","","","","","",6.1,1,1002.7,1,"","","","","","","","",0,1,"","","","","","","","","","","","","","","","","","","","","","","","","","","","","","","","","","","","","","","","","","","","","","","","","","","","","","","","","","","","","","","","","","","","","","","","","","","","","","","","","","","","","","","","","","","","","","","","","","","","","","","",""
"28070001","CHARTRES",48.4605,1.501167,155,1983040421,"","","","",3.,1,260,1,"","","","","","","","","","","","","","","","","","","","","","","","","","","","",4.6,1,3.3,1,"","","","","","","","","","","","","","","","","","","","","","","","","","",92,1,"","","","","","","","","","","","",7.8,1,1003.8,1,"","","","","","","","",0,1,"","","","","","","","","","","","","","","","","","","","","","","","","","","","","","","","","","","","","","","","","","","","","","","","","","","","","","","","","","","","","","","","","","","","","","","","","","","","","","","","","","","","","","","","","","","","","","","","","","","","","","","",""
"28070001","CHARTRES",48.4605,1.501167,155,1983040500,"","","","",4.,1,260,1,"","","","","","","","","","","","","","","","","","","","","","","","","","","","",4.,1,2.9,1,"","","","","","","","","","","","","","","","","","","","","","","","","","",94,1,"","","","","","","","","","","","",7.6,1,1004.,1,"","","","","","","","",0,1,"","","","","","","","","","","","","","","","","","","","","","","","","","","","","","","","","","","","","","","","","","","","","","","","","","","","","","","","","","","","","","","","","","","","","","","","","","","","","","","","","","","","","","","","","","","","","","","","","","","","","","","",""
"28070001","CHARTRES",48.4605,1.501167,155,1983040503,"","","","",4.,1,280,1,"","","","","","","","","","","","","","","","","","","","","","","","","","","","",4.,1,2.9,1,"","","","","","","","","","","","","","","","","","","","","","","","","","",93,1,"","","","","","","","","","","","",7.6,1,1003.6,1,"","","","","","","","",0,1,"","","","","","","","","","","","","","","","","","","","","","","","","","","","","","","","","","","","","","","","","","","","","","","","","","","","","","","","","","","","","","","","","","","","","","","","","","","","","","","","","","","","","","","","","","","","","","","","","","","","","","","",""
"28070001","CHARTRES",48.4605,1.501167,155,1983040506,"","","","",3.,1,280,1,"","","","","","","","","","","","","","","","","","","","","","","","","","","","",3.6,1,2.,1,"","","","","","","","","","","","","","","","","","","","","","","","","","",90,1,"","","","","","","","","","","","",7.1,1,1004.1,1,"","","","","","",2,1,0,1,8,1,0,1,1,1,"","","","","","","","","","","","","","","","","","","","","","","","",20000,1,"","",0,1,"","","","",2,1,"","","","","","","","","","","","","","","","","","","","","","","","","","","","","","","","","","","","","","","","","","","","","","","","","","","","","","","","","","","","","",""
"28070001","CHARTRES",48.4605,1.501167,155,1983040509,"","","","",4.,1,280,1,"","","","","","","","","","","","","","","","","","","","","","","","","","","","",6.3,1,3.3,1,"","","","","","","","","","","","","","","","","","","","","","","","","","",82,1,"","","","","","","","","","","","",7.8,1,1005.1,1,"","","","","","",7,1,5,1,2,1,3,1,2,1,"","","","","","","","","","","","","","","","","","","","","","","","",20000,1,"","",3,1,1,1,"","","","","","","","","","","","","","","","","","","","","","","","","","","","","","","","","","","","","","","","","","","","","","","","","","","","","","","","","","","","","","","","","",""
"28070001","CHARTRES",48.4605,1.501167,155,1983040512,"","","","",7.,1,280,1,"","","","","","","","","","","","","","","","","","","","","","","","","","","","",9.3,1,3.4,1,"","","","","","","","","","","","","","","","","","","","","","","","","","",67,1,"","","","","","","","","","","","",7.9,1,1004.4,1,"","","","","","",7,1,5,1,4,1,0,1,2,1,"","","","","","","","","","","","","","","","","","","","","","","","",20000,1,"","",1,1,1,1,"","","","","","","","","","","","","","","","","","","","","","","","","","","","","","","","","","","","","","","","","","","","","","","","","","","","","","","","","","","","","","","","","",""
"28070001","CHARTRES",48.4605,1.501167,155,1983040515,"","","","",7.,1,240,1,"","","","","","","","","","","","","","","","","","","","","","","","","","","","",7.7,1,5.7,1,"","","","","","","","","","","","","","","","","","","","","","","","","","",89,1,"","","","","","","","","","","","",9.3,1,1001.8,1,"","","","","","",8,1,8,1,5,1,2,1,"","","","","","","","","","","","","","","","","","","","","","","","","","",12000,1,"","",61,1,6,1,"","","","","","","","","","","","","","","","","","","","","","","","","","","","","","","","","","","","","","","","","","","","","","","","","","","","","","","","","","","","","","","","","",""
"28070001","CHARTRES",48.4605,1.501167,155,1983040518,"","","","",12.,1,240,1,"","","","","","","","","","","","","","","","","","","","","","","","","","","","",8.3,1,6.9,1,"","","","","","","","","","","","","","","","","","","","","","","","","","",92,1,"","","","","","","","","","","","",10.1,1,995.8,1,"","","","","","","","",8,1,"","","","","","","","","","","","","","","","","","","","","","","","","","","","","","","","","","","","","","","","","","","","","","","","","","","","","","","","","","","","","","","","","","","","","","","","","","","","","","","","","","","","","","","","","","","","","","","","","","","","","","","",""
"28070001","CHARTRES",48.4605,1.501167,155,1983040521,"","","","",9.,1,300,1,"","","","","","","","","","","","","","","","","","","","","","","","","","","","",8.7,1,4.9,1,"","","","","","","","","","","","","","","","","","","","","","","","","","",78,1,"","","","","","","","","","","","",8.8,1,996.,1,"","","","","","","","",8,1,"","","","","","","","","","","","","","","","","","","","","","","","","","","","","","","","","","","","","","","","","","","","","","","","","","","","","","","","","","","","","","","","","","","","","","","","","","","","","","","","","","","","","","","","","","","","","","","","","","","","","","","",""
"28070001","CHARTRES",48.4605,1.501167,155,1983040600,"","","","",7.,1,300,1,"","","","","","","","","","","","","","","","","","","","","","","","","","","","",6.4,1,3.6,1,"","","","","","","","","","","","","","","","","","","","","","","","","","",83,1,"","","","","","","","","","","","",8.,1,998.1,1,"","","","","","","","",8,1,"","","","","","","","","","","","","","","","","","","","","","","","","","","","","","","","","","","","","","","","","","","","","","","","","","","","","","","","","","","","","","","","","","","","","","","","","","","","","","","","","","","","","","","","","","","","","","","","","","","","","","","",""
"28070001","CHARTRES",48.4605,1.501167,155,1983040603,"","","","",2.,1,280,1,"","","","","","","","","","","","","","","","","","","","","","","","","","","","",5.,1,3.4,1,"","","","","","","","","","","","","","","","","","","","","","","","","","",91,1,"","","","","","","","","","","","",7.9,1,998.3,1,"","","","","","","","",8,1,"","","","","","","","","","","","","","","","","","","","","","","","","","","","","","","","","","","","","","","","","","","","","","","","","","","","","","","","","","","","","","","","","","","","","","","","","","","","","","","","","","","","","","","","","","","","","","","","","","","","","","","",""
"28070001","CHARTRES",48.4605,1.501167,155,1983040606,"","","","",5.,1,300,1,"","","","","","","","","","","","","","","","","","","","","","","","","","","","",5.,1,2.7,1,"","","","","","","","","","","","","","","","","","","","","","","","","","",86,1,"","","","","","","","","","","","",7.5,1,999.2,1,"","","","","","",2,1,0,1,2,1,0,1,0,1,"","","","","","","","","","","","","","","","","","","","","","","","",15000,1,"","",0,1,"","","","",1,1,"","","","","","","","","","","","","","","","","","","","","","","","","","","","","","","","","","","","","","","","","","","","","","","","","","","","","","","","","","","","","",""
"28070001","CHARTRES",48.4605,1.501167,155,1983040609,"","","","",6.,1,300,1,"","","","","","","","","","","","","","","","","","","","","","","","","","","","",7.7,1,2.5,1,"","","","","","","","","","","","","","","","","","","","","","","","","","",71,1,"","","","","","","","","","","","",7.4,1,1000.9,1,"","","","","","",4,1,0,1,2,1,0,1,0,1,"","","","","","","","","","","","","","","","","","","","","","","","",20000,1,"","",1,1,0,1,"","","","","","","","","","","","","","","","","","","","","","","","","","","","","","","","","","","","","","","","","","","","","","","","","","","","","","","","","","","","","","","","","",""
"28070001","CHARTRES",48.4605,1.501167,155,1983040612,"","","","",6.,1,300,1,"","","","","","","","","","","","","","","","","","","","","","","","","","","","",9.6,1,0.8,1,"","","","","","","","","","","","","","","","","","","","","","","","","","",54,1,"","","","","","","","","","","","",6.5,1,1001.6,1,"","","","","","",4,1,0,1,8,1,0,1,0,1,"","","","","","","","","","","","","","","","","","","","","","","","",20000,1,"","",1,1,1,1,"","","","","","","","","","","","","","","","","","","","","","","","","","","","","","","","","","","","","","","","","","","","","","","","","","","","","","","","","","","","","","","","","",""
"28070001","CHARTRES",48.4605,1.501167,155,1983040615,"","","","",6.,1,320,1,"","","","","","","","","","","","","","","","","","","","","","","","","","","","",7.8,1,4.5,1,"","","","","","","","","","","","","","","","","","","","","","","","","","",80,1,"","","","","","","","","","","","",8.5,1,1001.9,1,"","","","","","",5,1,0,1,9,1,0,1,0,1,"","","","","","","","","","","","","","","","","","","","","","","","",15000,1,"","",25,1,8,1,"","","","","","","","","","","","","","","","","","","","","","","","","","","","","","","","","","","","","","","","","","","","","","","","","","","","","","","","","","","","","","","","","",""
"28070001","CHARTRES",48.4605,1.501167,155,1983040618,"","","","",5.,1,260,1,"","","","","","","","","","","","","","","","","","","","","","","","","","","","",6.2,1,3.8,1,"","","","","","","","","","","","","","","","","","","","","","","","","","",85,1,"","","","","","","","","","","","",8.1,1,1003.3,1,"","","","","","","","",0,1,"","","","","","","","","","","","","","","","","","","","","","","","","","","","","","","","","","","","","","","","","","","","","","","","","","","","","","","","","","","","","","","","","","","","","","","","","","","","","","","","","","","","","","","","","","","","","","","","","","","","","","","",""
"28070001","CHARTRES",48.4605,1.501167,155,1983040621,"","","","",5.,1,280,1,"","","","","","","","","","","","","","","","","","","","","","","","","","","","",5.1,1,3.3,1,"","","","","","","","","","","","","","","","","","","","","","","","","","",89,1,"","","","","","","","","","","","",7.8,1,1004.6,1,"","","","","","","","",0,1,"","","","","","","","","","","","","","","","","","","","","","","","","","","","","","","","","","","","","","","","","","","","","","","","","","","","","","","","","","","","","","","","","","","","","","","","","","","","","","","","","","","","","","","","","","","","","","","","","","","","","","","",""
"28070001","CHARTRES",48.4605,1.501167,155,1983040700,"","","","",5.,1,240,1,"","","","","","","","","","","","","","","","","","","","","","","","","","","","",4.6,1,3.4,1,"","","","","","","","","","","","","","","","","","","","","","","","","","",93,1,"","","","","","","","","","","","",7.9,1,1004.5,1,"","","","","","","","",0,1,"","","","","","","","","","","","","","","","","","","","","","","","","","","","","","","","","","","","","","","","","","","","","","","","","","","","","","","","","","","","","","","","","","","","","","","","","","","","","","","","","","","","","","","","","","","","","","","","","","","","","","","",""
"28070001","CHARTRES",48.4605,1.501167,155,1983040703,"","","","",4.,1,260,1,"","","","","","","","","","","","","","","","","","","","","","","","","","","","",5.3,1,4.,1,"","","","","","","","","","","","","","","","","","","","","","","","","","",92,1,"","","","","","","","","","","","",8.2,1,1004.,1,"","","","","","","","",0,1,"","","","","","","","","","","","","","","","","","","","","","","","","","","","","","","","","","","","","","","","","","","","","","","","","","","","","","","","","","","","","","","","","","","","","","","","","","","","","","","","","","","","","","","","","","","","","","","","","","","","","","","",""
"28070001","CHARTRES",48.4605,1.501167,155,1983040706,"","","","",4.,1,260,1,"","","","","","","","","","","","","","","","","","","","","","","","","","","","",5.1,1,2.7,1,"","","","","","","","","","","","","","","","","","","","","","","","","","",86,1,"","","","","","","","","","","","",7.5,1,1004.6,1,"","","","","","",2,1,0,1,5,1,0,1,0,1,"","","","","","","","","","","","","","","","","","","","","","","","",20000,1,"","",0,1,"","","","",1,1,"","","","","","","","","","","","","","","","","","","","","","","","","","","","","","","","","","","","","","","","","","","","","","","","","","","","","","","","","","","","","",""
"28070001","CHARTRES",48.4605,1.501167,155,1983040709,"","","","",5.,1,260,1,"","","","","","","","","","","","","","","","","","","","","","","","","","","","",7.8,1,3.4,1,"","","","","","","","","","","","","","","","","","","","","","","","","","",75,1,"","","","","","","","","","","","",7.9,1,1004.9,1,"","","","","","",7,1,5,1,8,1,7,1,2,1,"","","","","","","","","","","","","","","","","","","","","","","","",20000,1,"","",3,1,1,1,"","","","","","","","","","","","","","","","","","","","","","","","","","","","","","","","","","","","","","","","","","","","","","","","","","","","","","","","","","","","","","","","","",""
"28070001","CHARTRES",48.4605,1.501167,155,1983040712,"","","","",5.,1,240,1,"","","","","","","","","","","","","","","","","","","","","","","","","","","","",8.9,1,4.3,1,"","","","","","","","","","","","","","","","","","","","","","","","","","","","","","","","","","","","","","","","",8.4,1,1004.9,1,"","","","","","",8,1,8,1,7,1,2,1,"","","","","","","","","","","","","","","","","","","","","","","","","","",20000,1,"","",3,1,1,1,"","","","","","","","","","","","","","","","","","","","","","","","","","","","","","","","","","","","","","","","","","","","","","","","","","","","","","","","","","","","","","","","","",""
"28070001","CHARTRES",48.4605,1.501167,155,1983040715,"","","","",4.,1,220,1,"","","","","","","","","","","","","","","","","","","","","","","","","","","","",8.3,1,7.,1,"","","","","","","","","","","","","","","","","","","","","","","","","","",93,1,"","","","","","","","","","","","",10.2,1,1004.2,1,"","","","","","",8,1,8,1,7,1,2,1,"","","","","","","","","","","","","","","","","","","","","","","","","","",15000,1,"","",61,1,6,1,"","","","","","","","","","","","","","","","","","","","","","","","","","","","","","","","","","","","","","","","","","","","","","","","","","","","","","","","","","","","","","","","","",""
"28070001","CHARTRES",48.4605,1.501167,155,1983040718,"","","","",3.,1,220,1,"","","","","","","","","","","","","","","","","","","","","","","","","","","","",8.4,1,7.4,1,"","","","","","","","","","","","","","","","","","","","","","","","","","",95,1,"","","","","","","","","","","","",10.5,1,1004.2,1,"","","","","","","","",8,1,"","","","","","","","","","","","","","","","","","","","","","","","","","","","","","","","","","","","","","","","","","","","","","","","","","","","","","","","","","","","","","","","","","","","","","","","","","","","","","","","","","","","","","","","","","","","","","","","","","","","","","","",""
"28070001","CHARTRES",48.4605,1.501167,155,1983040721,"","","","",2.,1,220,1,"","","","","","","","","","","","","","","","","","","","","","","","","","","","",8.,1,7.3,1,"","","","","","","","","","","","","","","","","","","","","","","","","","",97,1,"","","","","","","","","","","","",10.4,1,1004.5,1,"","","","","","","","",8,1,"","","","","","","","","","","","","","","","","","","","","","","","","","","","","","","","","","","","","","","","","","","","","","","","","","","","","","","","","","","","","","","","","","","","","","","","","","","","","","","","","","","","","","","","","","","","","","","","","","","","","","","",""
"28070001","CHARTRES",48.4605,1.501167,155,1983040800,"","","","",2.,1,220,1,"","","","","","","","","","","","","","","","","","","","","","","","","","","","",8.8,1,8.1,1,"","","","","","","","","","","","","","","","","","","","","","","","","","",97,1,"","","","","","","","","","","","",11.,1,1004.,1,"","","","","","","","",8,1,"","","","","","","","","","","","","","","","","","","","","","","","","","","","","","","","","","","","","","","","","","","","","","","","","","","","","","","","","","","","","","","","","","","","","","","","","","","","","","","","","","","","","","","","","","","","","","","","","","","","","","","",""
"28070001","CHARTRES",48.4605,1.501167,155,1983040803,"","","","",5.,1,260,1,"","","","","","","","","","","","","","","","","","","","","","","","","","","","",10.7,1,9.6,1,"","","","","","","","","","","","","","","","","","","","","","","","","","",95,1,"","","","","","","","","","","","",12.2,1,1003.,1,"","","","","","","","",8,1,"","","","","","","","","","","","","","","","","","","","","","","","","","","","","","","","","","","","","","","","","","","","","","","","","","","","","","","","","","","","","","","","","","","","","","","","","","","","","","","","","","","","","","","","","","","","","","","","","","","","","","","",""
"28070001","CHARTRES",48.4605,1.501167,155,1983040806,"","","","",7.,1,240,1,"","","","","","","","","","","","","","","","","","","","","","","","","","","","",10.9,1,9.8,1,"","","","","","","","","","","","","","","","","","","","","","","","","","",95,1,"","","","","","","","","","","","",12.4,1,1002.7,1,"","","","","","",8,1,5,1,5,1,"","","","","","","","","","","","","","","","","","","","","","","","","","","","",6000,1,"","",61,1,"","","","",2,1,"","","","","","","","","","","","","","","","","","","","","","","","","","","","","","","","","","","","","","","","","","","","","","","","","","","","","","","","","","","","","",""
"28070001","CHARTRES",48.4605,1.501167,155,1983040809,"","","","",9.,1,240,1,"","","","","","","","","","","","","","","","","","","","","","","","","","","","",12.,1,11.1,1,"","","","","","","","","","","","","","","","","","","","","","","","","","",96,1,"","","","","","","","","","","","",13.5,1,1002.8,1,"","","","","","",8,1,6,1,5,1,"","","","","","","","","","","","","","","","","","","","","","","","","","","","",7000,1,"","",51,1,6,1,"","","","","","","","","","","","","","","","","","","","","","","","","","","","","","","","","","","","","","","","","","","","","","","","","","","","","","","","","","","","","","","","","",""
"28070001","CHARTRES",48.4605,1.501167,155,1983040812,"","","","",4.,1,300,1,"","","","","","","","","","","","","","","","","","","","","","","","","","","","",11.4,1,9.9,1,"","","","","","","","","","","","","","","","","","","","","","","","","","",93,1,"","","","","","","","","","","","",12.5,1,1005.4,1,"","","","","","",8,1,6,1,8,1,2,1,"","","","","","","","","","","","","","","","","","","","","","","","","","",12000,1,"","",61,1,6,1,"","","","","","","","","","","","","","","","","","","","","","","","","","","","","","","","","","","","","","","","","","","","","","","","","","","","","","","","","","","","","","","","","",""
"28070001","CHARTRES",48.4605,1.501167,155,1983040815,"","","","",4.,1,360,1,"","","","","","","","","","","","","","","","","","","","","","","","","","","","",9.5,1,8.3,1,"","","","","","","","","","","","","","","","","","","","","","","","","","",95,1,"","","","","","","","","","","","",11.2,1,1005.5,1,"","","","","","",8,1,8,1,5,1,2,1,"","","","","","","","","","","","","","","","","","","","","","","","","","",8000,1,"","",63,1,6,1,"","","","","","","","","","","","","","","","","","","","","","","","","","","","","","","","","","","","","","","","","","","","","","","","","","","","","","","","","","","","","","","","","",""
"28070001","CHARTRES",48.4605,1.501167,155,1983040818,"","","","",3.,1,40,1,"","","","","","","","","","","","","","","","","","","","","","","","","","","","",6.3,1,5.7,1,"","","","","","","","","","","","","","","","","","","","","","","","","","",97,1,"","","","","","","","","","","","",9.3,1,1008.2,1,"","","","","","","","",8,1,"","","","","","","","","","","","","","","","","","","","","","","","","","","","","","","","","","","","","","","","","","","","","","","","","","","","","","","","","","","","","","","","","","","","","","","","","","","","","","","","","","","","","","","","","","","","","","","","","","","","","","","",""
"28070001","CHARTRES",48.4605,1.501167,155,1983040821,"","","","",1.,1,160,1,"","","","","","","","","","","","","","","","","","","","","","","","","","","","",6.3,1,5.9,1,"","","","","","","","","","","","","","","","","","","","","","","","","","",98,1,"","","","","","","","","","","","",9.4,1,1010.1,1,"","","","","","","","",8,1,"","","","","","","","","","","","","","","","","","","","","","","","","","","","","","","","","","","","","","","","","","","","","","","","","","","","","","","","","","","","","","","","","","","","","","","","","","","","","","","","","","","","","","","","","","","","","","","","","","","","","","","",""
"28070001","CHARTRES",48.4605,1.501167,155,1983040900,"","","","",0.,1,0,1,"","","","","","","","","","","","","","","","","","","","","","","","","","","","",6.8,1,6.3,1,"","","","","","","","","","","","","","","","","","","","","","","","","","",98,1,"","","","","","","","","","","","",9.7,1,1010.9,1,"","","","","","","","",8,1,"","","","","","","","","","","","","","","","","","","","","","","","","","","","","","","","","","","","","","","","","","","","","","","","","","","","","","","","","","","","","","","","","","","","","","","","","","","","","","","","","","","","","","","","","","","","","","","","","","","","","","","",""
"28070001","CHARTRES",48.4605,1.501167,155,1983040903,"","","","",3.,1,40,1,"","","","","","","","","","","","","","","","","","","","","","","","","","","","",6.8,1,6.3,1,"","","","","","","","","","","","","","","","","","","","","","","","","","",98,1,"","","","","","","","","","","","",9.7,1,1011.2,1,"","","","","","","","",8,1,"","","","","","","","","","","","","","","","","","","","","","","","","","","","","","","","","","","","","","","","","","","","","","","","","","","","","","","","","","","","","","","","","","","","","","","","","","","","","","","","","","","","","","","","","","","","","","","","","","","","","","","",""
"28070001","CHARTRES",48.4605,1.501167,155,1983040906,"","","","",3.,1,100,1,"","","","","","","","","","","","","","","","","","","","","","","","","","","","",6.,1,5.6,1,"","","","","","","","","","","","","","","","","","","","","","","","","","",98,1,"","","","","","","","","","","","",9.2,1,1011.7,1,"","","","","","",8,1,8,1,7,1,2,1,"","","","","","","","","","","","","","","","","","","","","","","","","","",10000,1,"","",61,1,"","","","",2,1,"","","","","","","","","","","","","","","","","","","","","","","","","","","","","","","","","","","","","","","","","","","","","","","","","","","","","","","","","","","","","",""
"28070001","CHARTRES",48.4605,1.501167,155,1983040909,"","","","",4.,1,100,1,"","","","","","","","","","","","","","","","","","","","","","","","","","","","",6.4,1,5.7,1,"","","","","","","","","","","","","","","","","","","","","","","","","","",97,1,"","","","","","","","","","","","",9.3,1,1012.8,1,"","","","","","",8,1,8,1,7,1,"","","","","","","","","","","","","","","","","","","","","","","","","","","","",4500,1,"","",61,1,6,1,"","","","","","","","","","","","","","","","","","","","","","","","","","","","","","","","","","","","","","","","","","","","","","","","","","","","","","","","","","","","","","","","","",""
"28070001","CHARTRES",48.4605,1.501167,155,1983040912,"","","","",4.,1,100,1,"","","","","","","","","","","","","","","","","","","","","","","","","","","","",7.,1,6.3,1,"","","","","","","","","","","","","","","","","","","","","","","","","","",97,1,"","","","","","","","","","","","",9.7,1,1012.7,1,"","","","","","",8,1,8,1,7,1,"","","","","","","","","","","","","","","","","","","","","","","","","","","","",4500,1,"","",61,1,6,1,"","","","","","","","","","","","","","","","","","","","","","","","","","","","","","","","","","","","","","","","","","","","","","","","","","","","","","","","","","","","","","","","","",""
"28070001","CHARTRES",48.4605,1.501167,155,1983040915,"","","","",3.,1,120,1,"","","","","","","","","","","","","","","","","","","","","","","","","","","","",8.8,1,7.7,1,"","","","","","","","","","","","","","","","","","","","","","","","","","",95,1,"","","","","","","","","","","","",10.7,1,1012.2,1,"","","","","","",8,1,8,1,7,1,"","","","","","","","","","","","","","","","","","","","","","","","","","","","",5000,1,"","",61,1,6,1,"","","","","","","","","","","","","","","","","","","","","","","","","","","","","","","","","","","","","","","","","","","","","","","","","","","","","","","","","","","","","","","","","",""
"28070001","CHARTRES",48.4605,1.501167,155,1983040918,"","","","",5.,1,260,1,"","","","","","","","","","","","","","","","","","","","","","","","","","","","",11.9,1,11.1,1,"","","","","","","","","","","","","","","","","","","","","","","","","","",97,1,"","","","","","","","","","","","",13.5,1,1011.2,1,"","","","","","","","",8,1,"","","","","","","","","","","","","","","","","","","","","","","","","","","","","","","","","","","","","","","","","","","","","","","","","","","","","","","","","","","","","","","","","","","","","","","","","","","","","","","","","","","","","","","","","","","","","","","","","","","","","","","",""
"28070001","CHARTRES",48.4605,1.501167,155,1983040921,"","","","",5.,1,260,1,"","","","","","","","","","","","","","","","","","","","","","","","","","","","",11.9,1,11.1,1,"","","","","","","","","","","","","","","","","","","","","","","","","","",97,1,"","","","","","","","","","","","",13.5,1,1011.8,1,"","","","","","","","",8,1,"","","","","","","","","","","","","","","","","","","","","","","","","","","","","","","","","","","","","","","","","","","","","","","","","","","","","","","","","","","","","","","","","","","","","","","","","","","","","","","","","","","","","","","","","","","","","","","","","","","","","","","",""
"28070001","CHARTRES",48.4605,1.501167,155,1983041000,"","","","",4.,1,240,1,"","","","","","","","","","","","","","","","","","","","","","","","","","","","",11.7,1,10.8,1,"","","","","","","","","","","","","","","","","","","","","","","","","","",97,1,"","","","","","","","","","","","",13.3,1,1011.,1,"","","","","","","","",8,1,"","","","","","","","","","","","","","","","","","","","","","","","","","","","","","","","","","","","","","","","","","","","","","","","","","","","","","","","","","","","","","","","","","","","","","","","","","","","","","","","","","","","","","","","","","","","","","","","","","","","","","","",""
"28070001","CHARTRES",48.4605,1.501167,155,1983041003,"","","","",5.,1,240,1,"","","","","","","","","","","","","","","","","","","","","","","","","","","","",11.7,1,10.8,1,"","","","","","","","","","","","","","","","","","","","","","","","","","",97,1,"","","","","","","","","","","","",13.3,1,1010.,1,"","","","","","","","",8,1,"","","","","","","","","","","","","","","","","","","","","","","","","","","","","","","","","","","","","","","","","","","","","","","","","","","","","","","","","","","","","","","","","","","","","","","","","","","","","","","","","","","","","","","","","","","","","","","","","","","","","","","",""
"28070001","CHARTRES",48.4605,1.501167,155,1983041006,"","","","",4.,1,240,1,"","","","","","","","","","","","","","","","","","","","","","","","","","","","",11.3,1,9.9,1,"","","","","","","","","","","","","","","","","","","","","","","","","","",94,1,"","","","","","","","","","","","",12.5,1,1009.9,1,"","","","","","",7,1,7,1,6,1,7,1,2,1,"","","","","","","","","","","","","","","","","","","","","","","","",15000,1,"","",0,1,"","","","",2,1,"","","","","","","","","","","","","","","","","","","","","","","","","","","","","","","","","","","","","","","","","","","","","","","","","","","","","","","","","","","","","",""
"28070001","CHARTRES",48.4605,1.501167,155,1983041009,"","","","",7.,1,220,1,"","","","","","","","","","","","","","","","","","","","","","","","","","","","",12.8,1,10.9,1,"","","","","","","","","","","","","","","","","","","","","","","","","","",91,1,"","","","","","","","","","","","",13.4,1,1009.5,1,"","","","","","",7,1,5,1,6,1,3,1,2,1,"","","","","","","","","","","","","","","","","","","","","","","","",15000,1,"","",1,1,2,1,"","","","","","","","","","","","","","","","","","","","","","","","","","","","","","","","","","","","","","","","","","","","","","","","","","","","","","","","","","","","","","","","","",""
"28070001","CHARTRES",48.4605,1.501167,155,1983041012,"","","","",9.,1,240,1,"","","","","","","","","","","","","","","","","","","","","","","","","","","","",16.8,1,10.5,1,"","","","","","","","","","","","","","","","","","","","","","","","","","",68,1,"","","","","","","","","","","","",13.,1,1008.4,1,"","","","","","",7,1,7,1,8,1,0,1,2,1,"","","","","","","","","","","","","","","","","","","","","","","","",15000,1,"","",1,1,2,1,"","","","","","","","","","","","","","","","","","","","","","","","","","","","","","","","","","","","","","","","","","","","","","","","","","","","","","","","","","","","","","","","","",""
"28070001","CHARTRES",48.4605,1.501167,155,1983041015,"","","","",12.,1,260,1,"","","","","","","","","","","","","","","","","","","","","","","","","","","","",16.9,1,6.9,1,"","","","","","","","","","","","","","","","","","","","","","","","","","",53,1,"","","","","","","","","","","","",10.1,1,1007.6,1,"","","","","","",7,1,7,1,8,1,0,1,2,1,"","","","","","","","","","","","","","","","","","","","","","","","",15000,1,"","",2,1,2,1,"","","","","","","","","","","","","","","","","","","","","","","","","","","","","","","","","","","","","","","","","","","","","","","","","","","","","","","","","","","","","","","","","",""
"28070001","CHARTRES",48.4605,1.501167,155,1983041018,"","","","",8.,1,240,1,"","","","","","","","","","","","","","","","","","","","","","","","","","","","",13.2,1,4.9,1,"","","","","","","","","","","","","","","","","","","","","","","","","","",58,1,"","","","","","","","","","","","",8.8,1,1007.9,1,"","","","","","","","",7,1,"","","","","","","","","","","","","","","","","","","","","","","","","","","","","","","","","","","","","","","","","","","","","","","","","","","","","","","","","","","","","","","","","","","","","","","","","","","","","","","","","","","","","","","","","","","","","","","","","","","","","","","",""
"28070001","CHARTRES",48.4605,1.501167,155,1983041021,"","","","",8.,1,260,1,"","","","","","","","","","","","","","","","","","","","","","","","","","","","",10.3,1,7.4,1,"","","","","","","","","","","","","","","","","","","","","","","","","","",84,1,"","","","","","","","","","","","",10.5,1,1008.6,1,"","","","","","","","",7,1,"","","","","","","","","","","","","","","","","","","","","","","","","","","","","","","","","","","","","","","","","","","","","","","","","","","","","","","","","","","","","","","","","","","","","","","","","","","","","","","","","","","","","","","","","","","","","","","","","","","","","","","",""
"28070001","CHARTRES",48.4605,1.501167,155,1983041100,"","","","",5.,1,260,1,"","","","","","","","","","","","","","","","","","","","","","","","","","","","",9.6,1,6.6,1,"","","","","","","","","","","","","","","","","","","","","","","","","","",83,1,"","","","","","","","","","","","",9.9,1,1008.6,1,"","","","","","","","",7,1,"","","","","","","","","","","","","","","","","","","","","","","","","","","","","","","","","","","","","","","","","","","","","","","","","","","","","","","","","","","","","","","","","","","","","","","","","","","","","","","","","","","","","","","","","","","","","","","","","","","","","","","",""
"28070001","CHARTRES",48.4605,1.501167,155,1983041103,"","","","",4.,1,260,1,"","","","","","","","","","","","","","","","","","","","","","","","","","","","",8.9,1,6.2,1,"","","","","","","","","","","","","","","","","","","","","","","","","","",84,1,"","","","","","","","","","","","",9.6,1,1007.5,1,"","","","","","","","",7,1,"","","","","","","","","","","","","","","","","","","","","","","","","","","","","","","","","","","","","","","","","","","","","","","","","","","","","","","","","","","","","","","","","","","","","","","","","","","","","","","","","","","","","","","","","","","","","","","","","","","","","","","",""
"28070001","CHARTRES",48.4605,1.501167,155,1983041106,"","","","",4.,1,280,1,"","","","","","","","","","","","","","","","","","","","","","","","","","","","",8.1,1,5.4,1,"","","","","","","","","","","","","","","","","","","","","","","","","","",85,1,"","","","","","","","","","","","",9.1,1,1006.4,1,"","","","","","",8,1,8,1,1,1,7,1,"","","","","","","","","","","","","","","","","","","","","","","","","","",15000,1,"","",0,1,"","","","",0,1,"","","","","","","","","","","","","","","","","","","","","","","","","","","","","","","","","","","","","","","","","","","","","","","","","","","","","","","","","","","","","",""
"28070001","CHARTRES",48.4605,1.501167,155,1983041109,"","","","",6.,1,280,1,"","","","","","","","","","","","","","","","","","","","","","","","","","","","",8.5,1,2.9,1,"","","","","","","","","","","","","","","","","","","","","","","","","","",69,1,"","","","","","","","","","","","",7.6,1,1006.7,1,"","","","","","",7,1,5,1,8,1,3,1,"","","","","","","","","","","","","","","","","","","","","","","","","","",20000,1,"","",3,1,2,1,"","","","","","","","","","","","","","","","","","","","","","","","","","","","","","","","","","","","","","","","","","","","","","","","","","","","","","","","","","","","","","","","","",""
"28070001","CHARTRES",48.4605,1.501167,155,1983041112,"","","","",8.,1,280,1,"","","","","","","","","","","","","","","","","","","","","","","","","","","","",9.3,1,3.1,1,"","","","","","","","","","","","","","","","","","","","","","","","","","",66,1,"","","","","","","","","","","","",7.7,1,1007.,1,"","","","","","",6,1,6,1,8,1,0,1,0,1,"","","","","","","","","","","","","","","","","","","","","","","","",20000,1,"","",1,1,2,1,"","","","","","","","","","","","","","","","","","","","","","","","","","","","","","","","","","","","","","","","","","","","","","","","","","","","","","","","","","","","","","","","","",""
"28070001","CHARTRES",48.4605,1.501167,155,1983041115,"","","","",8.,1,280,1,"","","","","","","","","","","","","","","","","","","","","","","","","","","","",7.8,1,5.4,1,"","","","","","","","","","","","","","","","","","","","","","","","","","",86,1,"","","","","","","","","","","","",9.1,1,1007.,1,"","","","","","",7,1,5,1,8,1,0,1,3,1,"","","","","","","","","","","","","","","","","","","","","","","","",15000,1,"","",25,1,8,1,"","","","","","","","","","","","","","","","","","","","","","","","","","","","","","","","","","","","","","","","","","","","","","","","","","","","","","","","","","","","","","","","","",""
"28070001","CHARTRES",48.4605,1.501167,155,1983041118,"","","","",7.,1,300,1,"","","","","","","","","","","","","","","","","","","","","","","","","","","","",5.9,1,4.5,1,"","","","","","","","","","","","","","","","","","","","","","","","","","",92,1,"","","","","","","","","","","","",8.5,1,1008.5,1,"","","","","","","","",5,1,"","","","","","","","","","","","","","","","","","","","","","","","","","","","","","","","","","","","","","","","","","","","","","","","","","","","","","","","","","","","","","","","","","","","","","","","","","","","","","","","","","","","","","","","","","","","","","","","","","","","","","","",""
"28070001","CHARTRES",48.4605,1.501167,155,1983041121,"","","","",9.,1,340,1,"","","","","","","","","","","","","","","","","","","","","","","","","","","","",5.2,1,4.,1,"","","","","","","","","","","","","","","","","","","","","","","","","","",93,1,"","","","","","","","","","","","",8.2,1,1012.1,1,"","","","","","","","",5,1,"","","","","","","","","","","","","","","","","","","","","","","","","","","","","","","","","","","","","","","","","","","","","","","","","","","","","","","","","","","","","","","","","","","","","","","","","","","","","","","","","","","","","","","","","","","","","","","","","","","","","","","",""
"28070001","CHARTRES",48.4605,1.501167,155,1983041200,"","","","",9.,1,360,1,"","","","","","","","","","","","","","","","","","","","","","","","","","","","",4.5,1,3.1,1,"","","","","","","","","","","","","","","","","","","","","","","","","","",92,1,"","","","","","","","","","","","",7.7,1,1015.6,1,"","","","","","","","",5,1,"","","","","","","","","","","","","","","","","","","","","","","","","","","","","","","","","","","","","","","","","","","","","","","","","","","","","","","","","","","","","","","","","","","","","","","","","","","","","","","","","","","","","","","","","","","","","","","","","","","","","","","",""
"28070001","CHARTRES",48.4605,1.501167,155,1983041203,"","","","",8.,1,340,1,"","","","","","","","","","","","","","","","","","","","","","","","","","","","",3.8,1,0.6,1,"","","","","","","","","","","","","","","","","","","","","","","","","","",80,1,"","","","","","","","","","","","",6.4,1,1017.6,1,"","","","","","","","",5,1,"","","","","","","","","","","","","","","","","","","","","","","","","","","","","","","","","","","","","","","","","","","","","","","","","","","","","","","","","","","","","","","","","","","","","","","","","","","","","","","","","","","","","","","","","","","","","","","","","","","","","","","",""
"28070001","CHARTRES",48.4605,1.501167,155,1983041206,"","","","",8.,1,360,1,"","","","","","","","","","","","","","","","","","","","","","","","","","","","",3.4,1,0.1,1,"","","","","","","","","","","","","","","","","","","","","","","","","","",79,1,"","","","","","","","","","","","",6.2,1,1020.2,1,"","","","","","",5,1,5,1,5,1,0,1,0,1,"","","","","","","","","","","","","","","","","","","","","","","","",20000,1,"","",0,1,"","","","",1,1,"","","","","","","","","","","","","","","","","","","","","","","","","","","","","","","","","","","","","","","","","","","","","","","","","","","","","","","","","","","","","",""
"28070001","CHARTRES",48.4605,1.501167,155,1983041209,"","","","",9.,1,360,1,"","","","","","","","","","","","","","","","","","","","","","","","","","","","",5.1,1,1.8,1,"","","","","","","","","","","","","","","","","","","","","","","","","","",79,1,"","","","","","","","","","","","",7.,1,1022.9,1,"","","","","","",7,1,6,1,8,1,"","","","","","","","","","","","","","","","","","","","","","","","","","","","",20000,1,"","",3,1,2,1,"","","","","","","","","","","","","","","","","","","","","","","","","","","","","","","","","","","","","","","","","","","","","","","","","","","","","","","","","","","","","","","","","",""
"28070001","CHARTRES",48.4605,1.501167,155,1983041212,"","","","",9.,1,360,1,"","","","","","","","","","","","","","","","","","","","","","","","","","","","",7.,1,2.,1,"","","","","","","","","","","","","","","","","","","","","","","","","","",71,1,"","","","","","","","","","","","",7.1,1,1025.,1,"","","","","","",6,1,6,1,2,1,0,1,0,1,"","","","","","","","","","","","","","","","","","","","","","","","",20000,1,"","",25,1,8,1,"","","","","","","","","","","","","","","","","","","","","","","","","","","","","","","","","","","","","","","","","","","","","","","","","","","","","","","","","","","","","","","","","",""
"28070001","CHARTRES",48.4605,1.501167,155,1983041215,"","","","",9.,1,360,1,"","","","","","","","","","","","","","","","","","","","","","","","","","","","",7.8,1,0.1,1,"","","","","","","","","","","","","","","","","","","","","","","","","","",58,1,"","","","","","","","","","","","",6.2,1,1026.3,1,"","","","","","",4,1,0,1,9,1,0,1,0,1,"","","","","","","","","","","","","","","","","","","","","","","","",20000,1,"","",1,1,8,1,"","","","","","","","","","","","","","","","","","","","","","","","","","","","","","","","","","","","","","","","","","","","","","","","","","","","","","","","","","","","","","","","","",""
"28070001","CHARTRES",48.4605,1.501167,155,1983041218,"","","","",7.,1,360,1,"","","","","","","","","","","","","","","","","","","","","","","","","","","","",5.3,1,0.,1,"","","","","","","","","","","","","","","","","","","","","","","","","","",69,1,"","","","","","","","","","","","",6.1,1,1027.4,1,"","","","","","","","",0,1,"","","","","","","","","","","","","","","","","","","","","","","","","","","","","","","","","","","","","","","","","","","","","","","","","","","","","","","","","","","","","","","","","","","","","","","","","","","","","","","","","","","","","","","","","","","","","","","","","","","","","","","",""
"28070001","CHARTRES",48.4605,1.501167,155,1983041221,"","","","",6.,1,340,1,"","","","","","","","","","","","","","","","","","","","","","","","","","","","",2.6,1,0.,1,"","","","","","","","","","","","","","","","","","","","","","","","","","",83,1,"","","","","","","","","","","","",6.1,1,1029.6,1,"","","","","","","","",0,1,"","","","","","","","","","","","","","","","","","","","","","","","","","","","","","","","","","","","","","","","","","","","","","","","","","","","","","","","","","","","","","","","","","","","","","","","","","","","","","","","","","","","","","","","","","","","","","","","","","","","","","","",""
"28070001","CHARTRES",48.4605,1.501167,155,1983041300,"","","","",5.,1,360,1,"","","","","","","","","","","","","","","","","","","","","","","","","","","","",2.3,1,0.,1,"","","","","","","","","","","","","","","","","","","","","","","","","","",85,1,"","","","","","","","","","","","",6.1,1,1030.6,1,"","","","","","","","",0,1,"","","","","","","","","","","","","","","","","","","","","","","","","","","","","","","","","","","","","","","","","","","","","","","","","","","","","","","","","","","","","","","","","","","","","","","","","","","","","","","","","","","","","","","","","","","","","","","","","","","","","","","",""
"28070001","CHARTRES",48.4605,1.501167,155,1983041303,"","","","",3.,1,360,1,"","","","","","","","","","","","","","","","","","","","","","","","","","","","",1.2,1,-0.4,1,"","","","","","","","","","","","","","","","","","","","","","","","","","",89,1,"","","","","","","","","","","","",5.9,1,1031.,1,"","","","","","","","",0,1,"","","","","","","","","","","","","","","","","","","","","","","","","","","","","","","","","","","","","","","","","","","","","","","","","","","","","","","","","","","","","","","","","","","","","","","","","","","","","","","","","","","","","","","","","","","","","","","","","","","","","","","",""
"28070001","CHARTRES",48.4605,1.501167,155,1983041306,"","","","",2.,1,320,1,"","","","","","","","","","","","","","","","","","","","","","","","","","","","",0.5,1,-0.9,1,"","","","","","","","","","","","","","","","","","","","","","","","","","",90,1,"","","","","","","","","","","","",5.7,1,1032.,1,"","","","","","",1,1,0,1,0,1,0,1,1,1,"","","","","","","","","","","","","","","","","","","","","","","","",12000,1,"","",0,1,"","","","",4,1,"","","","","","","","","","","","","","","","","","","","","","","","","","","","","","","","","","","","","","","","","","","","","","","","","","","","","","","","","","","","","",""
"28070001","CHARTRES",48.4605,1.501167,155,1983041309,"","","","",5.,1,20,1,"","","","","","","","","","","","","","","","","","","","","","","","","","","","",7.,1,1.4,1,"","","","","","","","","","","","","","","","","","","","","","","","","","",68,1,"","","","","","","","","","","","",6.8,1,1032.2,1,"","","","","","",3,1,0,1,1,1,0,1,1,1,"","","","","","","","","","","","","","","","","","","","","","","","",17000,1,"","",3,1,0,1,"","","","","","","","","","","","","","","","","","","","","","","","","","","","","","","","","","","","","","","","","","","","","","","","","","","","","","","","","","","","","","","","","",""
"28070001","CHARTRES",48.4605,1.501167,155,1983041312,"","","","",5.,1,360,1,"","","","","","","","","","","","","","","","","","","","","","","","","","","","",9.,1,-0.4,1,"","","","","","","","","","","","","","","","","","","","","","","","","","",51,1,"","","","","","","","","","","","",5.9,1,1032.1,1,"","","","","","",7,1,7,1,1,1,0,1,4,1,"","","","","","","","","","","","","","","","","","","","","","","","",20000,1,"","",1,1,1,1,"","","","","","","","","","","","","","","","","","","","","","","","","","","","","","","","","","","","","","","","","","","","","","","","","","","","","","","","","","","","","","","","","",""
"28070001","CHARTRES",48.4605,1.501167,155,1983041315,"","","","",4.,1,360,1,"","","","","","","","","","","","","","","","","","","","","","","","","","","","",10.2,1,-0.6,1,"","","","","","","","","","","","","","","","","","","","","","","","","","",46,1,"","","","","","","","","","","","",5.8,1,1031.3,1,"","","","","","",3,1,0,1,1,1,0,1,2,1,"","","","","","","","","","","","","","","","","","","","","","","","",20000,1,"","",3,1,1,1,"","","","","","","","","","","","","","","","","","","","","","","","","","","","","","","","","","","","","","","","","","","","","","","","","","","","","","","","","","","","","","","","","",""
"28070001","CHARTRES",48.4605,1.501167,155,1983041318,"","","","",3.,1,360,1,"","","","","","","","","","","","","","","","","","","","","","","","","","","","",8.2,1,-2.6,1,"","","","","","","","","","","","","","","","","","","","","","","","","","",46,1,"","","","","","","","","","","","",5.,1,1030.9,1,"","","","","","","","",0,1,"","","","","","","","","","","","","","","","","","","","","","","","","","","","","","","","","","","","","","","","","","","","","","","","","","","","","","","","","","","","","","","","","","","","","","","","","","","","","","","","","","","","","","","","","","","","","","","","","","","","","","","",""
"28070001","CHARTRES",48.4605,1.501167,155,1983041321,"","","","",1.,1,260,1,"","","","","","","","","","","","","","","","","","","","","","","","","","","","",5.,1,0.4,1,"","","","","","","","","","","","","","","","","","","","","","","","","","",72,1,"","","","","","","","","","","","",6.3,1,1031.2,1,"","","","","","","","",0,1,"","","","","","","","","","","","","","","","","","","","","","","","","","","","","","","","","","","","","","","","","","","","","","","","","","","","","","","","","","","","","","","","","","","","","","","","","","","","","","","","","","","","","","","","","","","","","","","","","","","","","","","",""
"28070001","CHARTRES",48.4605,1.501167,155,1983041400,"","","","",2.,1,360,1,"","","","","","","","","","","","","","","","","","","","","","","","","","","","",3.1,1,1.,1,"","","","","","","","","","","","","","","","","","","","","","","","","","",87,1,"","","","","","","","","","","","",6.6,1,1031.4,1,"","","","","","","","",0,1,"","","","","","","","","","","","","","","","","","","","","","","","","","","","","","","","","","","","","","","","","","","","","","","","","","","","","","","","","","","","","","","","","","","","","","","","","","","","","","","","","","","","","","","","","","","","","","","","","","","","","","","",""
"28070001","CHARTRES",48.4605,1.501167,155,1983041403,"","","","",2.,1,320,1,"","","","","","","","","","","","","","","","","","","","","","","","","","","","",3.,1,1.2,1,"","","","","","","","","","","","","","","","","","","","","","","","","","",88,1,"","","","","","","","","","","","",6.7,1,1031.2,1,"","","","","","","","",0,1,"","","","","","","","","","","","","","","","","","","","","","","","","","","","","","","","","","","","","","","","","","","","","","","","","","","","","","","","","","","","","","","","","","","","","","","","","","","","","","","","","","","","","","","","","","","","","","","","","","","","","","","",""
"28070001","CHARTRES",48.4605,1.501167,155,1983041406,"","","","",2.,1,280,1,"","","","","","","","","","","","","","","","","","","","","","","","","","","","",2.6,1,0.6,1,"","","","","","","","","","","","","","","","","","","","","","","","","","",87,1,"","","","","","","","","","","","",6.4,1,1031.1,1,"","","","","","",3,1,0,1,5,1,0,1,0,1,"","","","","","","","","","","","","","","","","","","","","","","","",8000,1,"","",0,1,"","","","",4,1,"","","","","","","","","","","","","","","","","","","","","","","","","","","","","","","","","","","","","","","","","","","","","","","","","","","","","","","","","","","","","",""
"28070001","CHARTRES",48.4605,1.501167,155,1983041409,"","","","",2.,1,320,1,"","","","","","","","","","","","","","","","","","","","","","","","","","","","",7.,1,4.5,1,"","","","","","","","","","","","","","","","","","","","","","","","","","",85,1,"","","","","","","","","","","","",8.5,1,1031.1,1,"","","","","","",7,1,7,1,8,1,"","","","","","","","","","","","","","","","","","","","","","","","","","","","",15000,1,"","",3,1,2,1,"","","","","","","","","","","","","","","","","","","","","","","","","","","","","","","","","","","","","","","","","","","","","","","","","","","","","","","","","","","","","","","","","",""
"28070001","CHARTRES",48.4605,1.501167,155,1983041412,"","","","",5.,1,320,1,"","","","","","","","","","","","","","","","","","","","","","","","","","","","",10.4,1,4.9,1,"","","","","","","","","","","","","","","","","","","","","","","","","","",70,1,"","","","","","","","","","","","",8.8,1,1030.5,1,"","","","","","",7,1,6,1,8,1,"","","","","","","","","","","","","","","","","","","","","","","","","","","","",15000,1,"","",3,1,2,1,"","","","","","","","","","","","","","","","","","","","","","","","","","","","","","","","","","","","","","","","","","","","","","","","","","","","","","","","","","","","","","","","","",""
"28070001","CHARTRES",48.4605,1.501167,155,1983041415,"","","","",5.,1,340,1,"","","","","","","","","","","","","","","","","","","","","","","","","","","","",12.3,1,4.9,1,"","","","","","","","","","","","","","","","","","","","","","","","","","",61,1,"","","","","","","","","","","","",8.8,1,1029.7,1,"","","","","","",6,1,0,1,8,1,0,1,1,1,"","","","","","","","","","","","","","","","","","","","","","","","",15000,1,"","",1,1,2,1,"","","","","","","","","","","","","","","","","","","","","","","","","","","","","","","","","","","","","","","","","","","","","","","","","","","","","","","","","","","","","","","","","",""
"28070001","CHARTRES",48.4605,1.501167,155,1983041418,"","","","",6.,1,20,1,"","","","","","","","","","","","","","","","","","","","","","","","","","","","",9.6,1,4.6,1,"","","","","","","","","","","","","","","","","","","","","","","","","","",72,1,"","","","","","","","","","","","",8.6,1,1029.8,1,"","","","","","","","",0,1,"","","","","","","","","","","","","","","","","","","","","","","","","","","","","","","","","","","","","","","","","","","","","","","","","","","","","","","","","","","","","","","","","","","","","","","","","","","","","","","","","","","","","","","","","","","","","","","","","","","","","","","",""
"28070001","CHARTRES",48.4605,1.501167,155,1983041421,"","","","",2.,1,320,1,"","","","","","","","","","","","","","","","","","","","","","","","","","","","",5.8,1,4.5,1,"","","","","","","","","","","","","","","","","","","","","","","","","","",92,1,"","","","","","","","","","","","",8.5,1,1031.1,1,"","","","","","","","",0,1,"","","","","","","","","","","","","","","","","","","","","","","","","","","","","","","","","","","","","","","","","","","","","","","","","","","","","","","","","","","","","","","","","","","","","","","","","","","","","","","","","","","","","","","","","","","","","","","","","","","","","","","",""
"28070001","CHARTRES",48.4605,1.501167,155,1983041500,"","","","",2.,1,360,1,"","","","","","","","","","","","","","","","","","","","","","","","","","","","",3.3,1,2.9,1,"","","","","","","","","","","","","","","","","","","","","","","","","","",98,1,"","","","","","","","","","","","",7.6,1,1031.4,1,"","","","","","","","",0,1,"","","","","","","","","","","","","","","","","","","","","","","","","","","","","","","","","","","","","","","","","","","","","","","","","","","","","","","","","","","","","","","","","","","","","","","","","","","","","","","","","","","","","","","","","","","","","","","","","","","","","","","",""
"28070001","CHARTRES",48.4605,1.501167,155,1983041503,"","","","",3.,1,320,1,"","","","","","","","","","","","","","","","","","","","","","","","","","","","",2.1,1,1.8,1,"","","","","","","","","","","","","","","","","","","","","","","","","","",98,1,"","","","","","","","","","","","",7.,1,1031.2,1,"","","","","","","","",0,1,"","","","","","","","","","","","","","","","","","","","","","","","","","","","","","","","","","","","","","","","","","","","","","","","","","","","","","","","","","","","","","","","","","","","","","","","","","","","","","","","","","","","","","","","","","","","","","","","","","","","","","","",""
"28070001","CHARTRES",48.4605,1.501167,155,1983041506,"","","","",2.,1,320,1,"","","","","","","","","","","","","","","","","","","","","","","","","","","","",2.3,1,1.6,1,"","","","","","","","","","","","","","","","","","","","","","","","","","",96,1,"","","","","","","","","","","","",6.9,1,1031.1,1,"","","","","","",1,1,0,1,0,1,0,1,1,1,"","","","","","","","","","","","","","","","","","","","","","","","",5000,1,"","",0,1,"","","","",1,1,"","","","","","","","","","","","","","","","","","","","","","","","","","","","","","","","","","","","","","","","","","","","","","","","","","","","","","","","","","","","","",""
"28070001","CHARTRES",48.4605,1.501167,155,1983041509,"","","","",3.,1,40,1,"","","","","","","","","","","","","","","","","","","","","","","","","","","","",8.3,1,6.3,1,"","","","","","","","","","","","","","","","","","","","","","","","","","",89,1,"","","","","","","","","","","","",9.7,1,1030.8,1,"","","","","","",1,1,0,1,6,1,0,1,1,1,"","","","","","","","","","","","","","","","","","","","","","","","",5000,1,"","",3,1,0,1,"","","","","","","","","","","","","","","","","","","","","","","","","","","","","","","","","","","","","","","","","","","","","","","","","","","","","","","","","","","","","","","","","",""
"28070001","CHARTRES",48.4605,1.501167,155,1983041512,"","","","",1.,1,140,1,"","","","","","","","","","","","","","","","","","","","","","","","","","","","",13.1,1,5.9,1,"","","","","","","","","","","","","","","","","","","","","","","","","","",63,1,"","","","","","","","","","","","",9.4,1,1029.6,1,"","","","","","",1,1,0,1,1,1,0,1,1,1,"","","","","","","","","","","","","","","","","","","","","","","","",20000,1,"","",1,1,0,1,"","","","","","","","","","","","","","","","","","","","","","","","","","","","","","","","","","","","","","","","","","","","","","","","","","","","","","","","","","","","","","","","","",""
"28070001","CHARTRES",48.4605,1.501167,155,1983041515,"","","","",2.,1,140,1,"","","","","","","","","","","","","","","","","","","","","","","","","","","","",15.,1,6.,1,"","","","","","","","","","","","","","","","","","","","","","","","","","",56,1,"","","","","","","","","","","","",9.5,1,1027.,1,"","","","","","",1,1,0,1,0,1,0,1,1,1,"","","","","","","","","","","","","","","","","","","","","","","","",20000,1,"","",1,1,0,1,"","","","","","","","","","","","","","","","","","","","","","","","","","","","","","","","","","","","","","","","","","","","","","","","","","","","","","","","","","","","","","","","","",""
"28070001","CHARTRES",48.4605,1.501167,155,1983041518,"","","","",2.,1,160,1,"","","","","","","","","","","","","","","","","","","","","","","","","","","","",12.6,1,4.5,1,"","","","","","","","","","","","","","","","","","","","","","","","","","",58,1,"","","","","","","","","","","","",8.5,1,1025.6,1,"","","","","","","","",0,1,"","","","","","","","","","","","","","","","","","","","","","","","","","","","","","","","","","","","","","","","","","","","","","","","","","","","","","","","","","","","","","","","","","","","","","","","","","","","","","","","","","","","","","","","","","","","","","","","","","","","","","","",""
"28070001","CHARTRES",48.4605,1.501167,155,1983041521,"","","","",1.,1,160,1,"","","","","","","","","","","","","","","","","","","","","","","","","","","","",8.3,1,5.6,1,"","","","","","","","","","","","","","","","","","","","","","","","","","",84,1,"","","","","","","","","","","","",9.2,1,1025.2,1,"","","","","","","","",0,1,"","","","","","","","","","","","","","","","","","","","","","","","","","","","","","","","","","","","","","","","","","","","","","","","","","","","","","","","","","","","","","","","","","","","","","","","","","","","","","","","","","","","","","","","","","","","","","","","","","","","","","","",""
"28070001","CHARTRES",48.4605,1.501167,155,1983041600,"","","","",2.,1,160,1,"","","","","","","","","","","","","","","","","","","","","","","","","","","","",5.3,1,4.1,1,"","","","","","","","","","","","","","","","","","","","","","","","","","",93,1,"","","","","","","","","","","","",8.3,1,1023.6,1,"","","","","","","","",0,1,"","","","","","","","","","","","","","","","","","","","","","","","","","","","","","","","","","","","","","","","","","","","","","","","","","","","","","","","","","","","","","","","","","","","","","","","","","","","","","","","","","","","","","","","","","","","","","","","","","","","","","","",""
"28070001","CHARTRES",48.4605,1.501167,155,1983041603,"","","","",3.,1,160,1,"","","","","","","","","","","","","","","","","","","","","","","","","","","","",5.2,1,3.3,1,"","","","","","","","","","","","","","","","","","","","","","","","","","",88,1,"","","","","","","","","","","","",7.8,1,1021.5,1,"","","","","","","","",0,1,"","","","","","","","","","","","","","","","","","","","","","","","","","","","","","","","","","","","","","","","","","","","","","","","","","","","","","","","","","","","","","","","","","","","","","","","","","","","","","","","","","","","","","","","","","","","","","","","","","","","","","","",""
"28070001","CHARTRES",48.4605,1.501167,155,1983041606,"","","","",3.,1,140,1,"","","","","","","","","","","","","","","","","","","","","","","","","","","","",3.2,1,2.4,1,"","","","","","","","","","","","","","","","","","","","","","","","","","",95,1,"","","","","","","","","","","","",7.3,1,1019.8,1,"","","","","","",1,1,0,1,0,1,0,1,1,1,"","","","","","","","","","","","","","","","","","","","","","","","",6000,1,"","",0,1,"","","","",1,1,"","","","","","","","","","","","","","","","","","","","","","","","","","","","","","","","","","","","","","","","","","","","","","","","","","","","","","","","","","","","","",""
"28070001","CHARTRES",48.4605,1.501167,155,1983041609,"","","","",6.,1,160,1,"","","","","","","","","","","","","","","","","","","","","","","","","","","","",12.5,1,5.3,1,"","","","","","","","","","","","","","","","","","","","","","","","","","",62,1,"","","","","","","","","","","","",9.,1,1017.1,1,"","","","","","",4,1,0,1,0,1,0,1,4,1,"","","","","","","","","","","","","","","","","","","","","","","","",15000,1,"","",3,1,0,1,"","","","","","","","","","","","","","","","","","","","","","","","","","","","","","","","","","","","","","","","","","","","","","","","","","","","","","","","","","","","","","","","","",""
"28070001","CHARTRES",48.4605,1.501167,155,1983041612,"","","","",6.,1,180,1,"","","","","","","","","","","","","","","","","","","","","","","","","","","","",17.9,1,6.,1,"","","","","","","","","","","","","","","","","","","","","","","","","","",46,1,"","","","","","","","","","","","",9.5,1,1013.8,1,"","","","","","",6,1,6,1,0,1,0,1,2,1,"","","","","","","","","","","","","","","","","","","","","","","","",20000,1,"","",2,1,1,1,"","","","","","","","","","","","","","","","","","","","","","","","","","","","","","","","","","","","","","","","","","","","","","","","","","","","","","","","","","","","","","","","","",""
"28070001","CHARTRES",48.4605,1.501167,155,1983041615,"","","","",7.,1,180,1,"","","","","","","","","","","","","","","","","","","","","","","","","","","","",18.3,1,5.3,1,"","","","","","","","","","","","","","","","","","","","","","","","","","",43,1,"","","","","","","","","","","","",9.,1,1009.3,1,"","","","","","",7,1,7,1,0,1,8,1,2,1,"","","","","","","","","","","","","","","","","","","","","","","","",20000,1,"","",2,1,2,1,"","","","","","","","","","","","","","","","","","","","","","","","","","","","","","","","","","","","","","","","","","","","","","","","","","","","","","","","","","","","","","","","","",""
"28070001","CHARTRES",48.4605,1.501167,155,1983041618,"","","","",5.,1,200,1,"","","","","","","","","","","","","","","","","","","","","","","","","","","","",16.2,1,3.8,1,"","","","","","","","","","","","","","","","","","","","","","","","","","",44,1,"","","","","","","","","","","","",8.1,1,1006.7,1,"","","","","","","","",7,1,"","","","","","","","","","","","","","","","","","","","","","","","","","","","","","","","","","","","","","","","","","","","","","","","","","","","","","","","","","","","","","","","","","","","","","","","","","","","","","","","","","","","","","","","","","","","","","","","","","","","","","","",""
"28070001","CHARTRES",48.4605,1.501167,155,1983041621,"","","","",4.,1,220,1,"","","","","","","","","","","","","","","","","","","","","","","","","","","","",13.4,1,5.9,1,"","","","","","","","","","","","","","","","","","","","","","","","","","",61,1,"","","","","","","","","","","","",9.4,1,1005.5,1,"","","","","","","","",7,1,"","","","","","","","","","","","","","","","","","","","","","","","","","","","","","","","","","","","","","","","","","","","","","","","","","","","","","","","","","","","","","","","","","","","","","","","","","","","","","","","","","","","","","","","","","","","","","","","","","","","","","","",""
"28070001","CHARTRES",48.4605,1.501167,155,1983041700,"","","","",5.,1,220,1,"","","","","","","","","","","","","","","","","","","","","","","","","","","","",12.8,1,8.3,1,"","","","","","","","","","","","","","","","","","","","","","","","","","",76,1,"","","","","","","","","","","","",11.2,1,1004.5,1,"","","","","","","","",7,1,"","","","","","","","","","","","","","","","","","","","","","","","","","","","","","","","","","","","","","","","","","","","","","","","","","","","","","","","","","","","","","","","","","","","","","","","","","","","","","","","","","","","","","","","","","","","","","","","","","","","","","","",""
"28070001","CHARTRES",48.4605,1.501167,155,1983041703,"","","","",6.,1,240,1,"","","","","","","","","","","","","","","","","","","","","","","","","","","","",12.2,1,7.4,1,"","","","","","","","","","","","","","","","","","","","","","","","","","",74,1,"","","","","","","","","","","","",10.5,1,1003.8,1,"","","","","","","","",7,1,"","","","","","","","","","","","","","","","","","","","","","","","","","","","","","","","","","","","","","","","","","","","","","","","","","","","","","","","","","","","","","","","","","","","","","","","","","","","","","","","","","","","","","","","","","","","","","","","","","","","","","","",""
"28070001","CHARTRES",48.4605,1.501167,155,1983041706,"","","","",6.,1,220,1,"","","","","","","","","","","","","","","","","","","","","","","","","","","","",9.6,1,8.1,1,"","","","","","","","","","","","","","","","","","","","","","","","","","",92,1,"","","","","","","","","","","","",11.,1,1003.2,1,"","","","","","",8,1,8,1,5,1,7,1,"","","","","","","","","","","","","","","","","","","","","","","","","","",10000,1,"","",60,1,"","","","",2,1,"","","","","","","","","","","","","","","","","","","","","","","","","","","","","","","","","","","","","","","","","","","","","","","","","","","","","","","","","","","","","",""
"28070001","CHARTRES",48.4605,1.501167,155,1983041709,"","","","",7.,1,220,1,"","","","","","","","","","","","","","","","","","","","","","","","","","","","",11.3,1,8.3,1,"","","","","","","","","","","","","","","","","","","","","","","","","","",84,1,"","","","","","","","","","","","",11.2,1,1002.8,1,"","","","","","",7,1,7,1,5,1,7,1,"","","","","","","","","","","","","","","","","","","","","","","","","","",15000,1,"","",21,1,6,1,"","","","","","","","","","","","","","","","","","","","","","","","","","","","","","","","","","","","","","","","","","","","","","","","","","","","","","","","","","","","","","","","","",""
"28070001","CHARTRES",48.4605,1.501167,155,1983041712,"","","","",7.,1,240,1,"","","","","","","","","","","","","","","","","","","","","","","","","","","","",14.5,1,8.1,1,"","","","","","","","","","","","","","","","","","","","","","","","","","",67,1,"","","","","","","","","","","","",11.,1,1001.8,1,"","","","","","",8,1,8,1,5,1,7,1,"","","","","","","","","","","","","","","","","","","","","","","","","","",20000,1,"","",1,1,6,1,"","","","","","","","","","","","","","","","","","","","","","","","","","","","","","","","","","","","","","","","","","","","","","","","","","","","","","","","","","","","","","","","","",""
"28070001","CHARTRES",48.4605,1.501167,155,1983041715,"","","","",6.,1,220,1,"","","","","","","","","","","","","","","","","","","","","","","","","","","","",15.5,1,8.2,1,"","","","","","","","","","","","","","","","","","","","","","","","","","",63,1,"","","","","","","","","","","","",11.1,1,1000.4,1,"","","","","","",8,1,5,1,5,1,7,1,"","","","","","","","","","","","","","","","","","","","","","","","","","",20000,1,"","",3,1,2,1,"","","","","","","","","","","","","","","","","","","","","","","","","","","","","","","","","","","","","","","","","","","","","","","","","","","","","","","","","","","","","","","","","",""
"28070001","CHARTRES",48.4605,1.501167,155,1983041718,"","","","",6.,1,240,1,"","","","","","","","","","","","","","","","","","","","","","","","","","","","",15.3,1,7.3,1,"","","","","","","","","","","","","","","","","","","","","","","","","","",60,1,"","","","","","","","","","","","",10.4,1,1000.,1,"","","","","","","","",5,1,"","","","","","","","","","","","","","","","","","","","","","","","","","","","","","","","","","","","","","","","","","","","","","","","","","","","","","","","","","","","","","","","","","","","","","","","","","","","","","","","","","","","","","","","","","","","","","","","","","","","","","","",""
"28070001","CHARTRES",48.4605,1.501167,155,1983041721,"","","","",4.,1,220,1,"","","","","","","","","","","","","","","","","","","","","","","","","","","","",12.,1,5.3,1,"","","","","","","","","","","","","","","","","","","","","","","","","","",64,1,"","","","","","","","","","","","",9.,1,1000.2,1,"","","","","","","","",5,1,"","","","","","","","","","","","","","","","","","","","","","","","","","","","","","","","","","","","","","","","","","","","","","","","","","","","","","","","","","","","","","","","","","","","","","","","","","","","","","","","","","","","","","","","","","","","","","","","","","","","","","","",""
"28070001","CHARTRES",48.4605,1.501167,155,1983041800,"","","","",3.,1,220,1,"","","","","","","","","","","","","","","","","","","","","","","","","","","","",9.,1,6.9,1,"","","","","","","","","","","","","","","","","","","","","","","","","","",88,1,"","","","","","","","","","","","",10.1,1,999.4,1,"","","","","","","","",5,1,"","","","","","","","","","","","","","","","","","","","","","","","","","","","","","","","","","","","","","","","","","","","","","","","","","","","","","","","","","","","","","","","","","","","","","","","","","","","","","","","","","","","","","","","","","","","","","","","","","","","","","","",""
"28070001","CHARTRES",48.4605,1.501167,155,1983041803,"","","","",4.,1,200,1,"","","","","","","","","","","","","","","","","","","","","","","","","","","","",8.8,1,7.6,1,"","","","","","","","","","","","","","","","","","","","","","","","","","",94,1,"","","","","","","","","","","","",10.6,1,998.1,1,"","","","","","","","",5,1,"","","","","","","","","","","","","","","","","","","","","","","","","","","","","","","","","","","","","","","","","","","","","","","","","","","","","","","","","","","","","","","","","","","","","","","","","","","","","","","","","","","","","","","","","","","","","","","","","","","","","","","",""
"28070001","CHARTRES",48.4605,1.501167,155,1983041806,"","","","",3.,1,180,1,"","","","","","","","","","","","","","","","","","","","","","","","","","","","",8.8,1,7.3,1,"","","","","","","","","","","","","","","","","","","","","","","","","","",92,1,"","","","","","","","","","","","",10.4,1,997.2,1,"","","","","","",7,1,7,1,5,1,"","","","","","","","","","","","","","","","","","","","","","","","","","","","",8000,1,"","",0,1,"","","","",0,1,"","","","","","","","","","","","","","","","","","","","","","","","","","","","","","","","","","","","","","","","","","","","","","","","","","","","","","","","","","","","","",""
"28070001","CHARTRES",48.4605,1.501167,155,1983041809,"","","","",3.,1,200,1,"","","","","","","","","","","","","","","","","","","","","","","","","","","","",9.2,1,7.3,1,"","","","","","","","","","","","","","","","","","","","","","","","","","",89,1,"","","","","","","","","","","","",10.4,1,996.8,1,"","","","","","",8,1,5,1,5,1,2,1,"","","","","","","","","","","","","","","","","","","","","","","","","","",10000,1,"","",61,1,6,1,"","","","","","","","","","","","","","","","","","","","","","","","","","","","","","","","","","","","","","","","","","","","","","","","","","","","","","","","","","","","","","","","","",""
"28070001","CHARTRES",48.4605,1.501167,155,1983041812,"","","","",4.,1,200,1,"","","","","","","","","","","","","","","","","","","","","","","","","","","","",10.8,1,8.9,1,"","","","","","","","","","","","","","","","","","","","","","","","","","",90,1,"","","","","","","","","","","","",11.6,1,996.5,1,"","","","","","",8,1,5,1,5,1,2,1,"","","","","","","","","","","","","","","","","","","","","","","","","","",6000,1,"","",61,1,6,1,"","","","","","","","","","","","","","","","","","","","","","","","","","","","","","","","","","","","","","","","","","","","","","","","","","","","","","","","","","","","","","","","","",""
"28070001","CHARTRES",48.4605,1.501167,155,1983041815,"","","","",3.,1,260,1,"","","","","","","","","","","","","","","","","","","","","","","","","","","","",12.9,1,10.1,1,"","","","","","","","","","","","","","","","","","","","","","","","","","",85,1,"","","","","","","","","","","","",12.6,1,995.5,1,"","","","","","",8,1,7,1,8,1,"","","","","","","","","","","","","","","","","","","","","","","","","","","","",15000,1,"","",3,1,6,1,"","","","","","","","","","","","","","","","","","","","","","","","","","","","","","","","","","","","","","","","","","","","","","","","","","","","","","","","","","","","","","","","","",""
"28070001","CHARTRES",48.4605,1.501167,155,1983041818,"","","","",5.,1,340,1,"","","","","","","","","","","","","","","","","","","","","","","","","","","","",10.2,1,8.9,1,"","","","","","","","","","","","","","","","","","","","","","","","","","",93,1,"","","","","","","","","","","","",11.6,1,996.9,1,"","","","","","","","",7,1,"","","","","","","","","","","","","","","","","","","","","","","","","","","","","","","","","","","","","","","","","","","","","","","","","","","","","","","","","","","","","","","","","","","","","","","","","","","","","","","","","","","","","","","","","","","","","","","","","","","","","","","",""
"28070001","CHARTRES",48.4605,1.501167,155,1983041821,"","","","",5.,1,340,1,"","","","","","","","","","","","","","","","","","","","","","","","","","","","",7.5,1,6.,1,"","","","","","","","","","","","","","","","","","","","","","","","","","",92,1,"","","","","","","","","","","","",9.5,1,998.1,1,"","","","","","","","",7,1,"","","","","","","","","","","","","","","","","","","","","","","","","","","","","","","","","","","","","","","","","","","","","","","","","","","","","","","","","","","","","","","","","","","","","","","","","","","","","","","","","","","","","","","","","","","","","","","","","","","","","","","",""
"28070001","CHARTRES",48.4605,1.501167,155,1983041900,"","","","",3.,1,320,1,"","","","","","","","","","","","","","","","","","","","","","","","","","","","",6.1,1,4.5,1,"","","","","","","","","","","","","","","","","","","","","","","","","","",90,1,"","","","","","","","","","","","",8.5,1,1000.3,1,"","","","","","","","",7,1,"","","","","","","","","","","","","","","","","","","","","","","","","","","","","","","","","","","","","","","","","","","","","","","","","","","","","","","","","","","","","","","","","","","","","","","","","","","","","","","","","","","","","","","","","","","","","","","","","","","","","","","",""
"28070001","CHARTRES",48.4605,1.501167,155,1983041903,"","","","",3.,1,280,1,"","","","","","","","","","","","","","","","","","","","","","","","","","","","",4.9,1,2.7,1,"","","","","","","","","","","","","","","","","","","","","","","","","","",87,1,"","","","","","","","","","","","",7.5,1,1001.9,1,"","","","","","","","",7,1,"","","","","","","","","","","","","","","","","","","","","","","","","","","","","","","","","","","","","","","","","","","","","","","","","","","","","","","","","","","","","","","","","","","","","","","","","","","","","","","","","","","","","","","","","","","","","","","","","","","","","","","",""
"28070001","CHARTRES",48.4605,1.501167,155,1983041906,"","","","",3.,1,280,1,"","","","","","","","","","","","","","","","","","","","","","","","","","","","",4.,1,2.2,1,"","","","","","","","","","","","","","","","","","","","","","","","","","",88,1,"","","","","","","","","","","","",7.2,1,1003.7,1,"","","","","","",1,1,0,1,0,1,0,1,2,1,"","","","","","","","","","","","","","","","","","","","","","","","",9000,1,"","",0,1,"","","","",1,1,"","","","","","","","","","","","","","","","","","","","","","","","","","","","","","","","","","","","","","","","","","","","","","","","","","","","","","","","","","","","","",""
"28070001","CHARTRES",48.4605,1.501167,155,1983041909,"","","","",2.,1,280,1,"","","","","","","","","","","","","","","","","","","","","","","","","","","","",7.9,1,3.3,1,"","","","","","","","","","","","","","","","","","","","","","","","","","",74,1,"","","","","","","","","","","","",7.8,1,1005.,1,"","","","","","",2,1,0,1,2,1,0,1,1,1,"","","","","","","","","","","","","","","","","","","","","","","","",15000,1,"","",3,1,0,1,"","","","","","","","","","","","","","","","","","","","","","","","","","","","","","","","","","","","","","","","","","","","","","","","","","","","","","","","","","","","","","","","","",""
"28070001","CHARTRES",48.4605,1.501167,155,1983041912,"","","","",3.,1,280,1,"","","","","","","","","","","","","","","","","","","","","","","","","","","","",11.1,1,3.3,1,"","","","","","","","","","","","","","","","","","","","","","","","","","",59,1,"","","","","","","","","","","","",7.8,1,1005.4,1,"","","","","","",3,1,0,1,2,1,0,1,0,1,"","","","","","","","","","","","","","","","","","","","","","","","",20000,1,"","",1,1,0,1,"","","","","","","","","","","","","","","","","","","","","","","","","","","","","","","","","","","","","","","","","","","","","","","","","","","","","","","","","","","","","","","","","",""
"28070001","CHARTRES",48.4605,1.501167,155,1983041915,"","","","",2.,1,240,1,"","","","","","","","","","","","","","","","","","","","","","","","","","","","",11.5,1,3.4,1,"","","","","","","","","","","","","","","","","","","","","","","","","","",59,1,"","","","","","","","","","","","",7.9,1,1006.,1,"","","","","","",6,1,0,1,8,1,0,1,0,1,"","","","","","","","","","","","","","","","","","","","","","","","",20000,1,"","",3,1,1,1,"","","","","","","","","","","","","","","","","","","","","","","","","","","","","","","","","","","","","","","","","","","","","","","","","","","","","","","","","","","","","","","","","",""
"28070001","CHARTRES",48.4605,1.501167,155,1983041918,"","","","",2.,1,260,1,"","","","","","","","","","","","","","","","","","","","","","","","","","","","",11.,1,3.8,1,"","","","","","","","","","","","","","","","","","","","","","","","","","",62,1,"","","","","","","","","","","","",8.1,1,1007.3,1,"","","","","","","","",0,1,"","","","","","","","","","","","","","","","","","","","","","","","","","","","","","","","","","","","","","","","","","","","","","","","","","","","","","","","","","","","","","","","","","","","","","","","","","","","","","","","","","","","","","","","","","","","","","","","","","","","","","","",""
"28070001","CHARTRES",48.4605,1.501167,155,1983041921,"","","","",1.,1,260,1,"","","","","","","","","","","","","","","","","","","","","","","","","","","","",7.8,1,6.7,1,"","","","","","","","","","","","","","","","","","","","","","","","","","",95,1,"","","","","","","","","","","","",10.,1,1010.3,1,"","","","","","","","",0,1,"","","","","","","","","","","","","","","","","","","","","","","","","","","","","","","","","","","","","","","","","","","","","","","","","","","","","","","","","","","","","","","","","","","","","","","","","","","","","","","","","","","","","","","","","","","","","","","","","","","","","","","",""
"28070001","CHARTRES",48.4605,1.501167,155,1983042000,"","","","",2.,1,180,1,"","","","","","","","","","","","","","","","","","","","","","","","","","","","",5.,1,4.5,1,"","","","","","","","","","","","","","","","","","","","","","","","","","",98,1,"","","","","","","","","","","","",8.5,1,1010.9,1,"","","","","","","","",0,1,"","","","","","","","","","","","","","","","","","","","","","","","","","","","","","","","","","","","","","","","","","","","","","","","","","","","","","","","","","","","","","","","","","","","","","","","","","","","","","","","","","","","","","","","","","","","","","","","","","","","","","","",""
"28070001","CHARTRES",48.4605,1.501167,155,1983042003,"","","","",4.,1,200,1,"","","","","","","","","","","","","","","","","","","","","","","","","","","","",4.6,1,4.1,1,"","","","","","","","","","","","","","","","","","","","","","","","","","",98,1,"","","","","","","","","","","","",8.3,1,1011.1,1,"","","","","","","","",0,1,"","","","","","","","","","","","","","","","","","","","","","","","","","","","","","","","","","","","","","","","","","","","","","","","","","","","","","","","","","","","","","","","","","","","","","","","","","","","","","","","","","","","","","","","","","","","","","","","","","","","","","","",""
"28070001","CHARTRES",48.4605,1.501167,155,1983042006,"","","","",4.,1,140,1,"","","","","","","","","","","","","","","","","","","","","","","","","","","","",5.2,1,4.6,1,"","","","","","","","","","","","","","","","","","","","","","","","","","",97,1,"","","","","","","","","","","","",8.6,1,1009.9,1,"","","","","","",7,1,7,1,5,1,2,1,"","","","","","","","","","","","","","","","","","","","","","","","","","",10000,1,"","",0,1,"","","","",1,1,"","","","","","","","","","","","","","","","","","","","","","","","","","","","","","","","","","","","","","","","","","","","","","","","","","","","","","","","","","","","","",""
"28070001","CHARTRES",48.4605,1.501167,155,1983042009,"","","","",6.,1,100,1,"","","","","","","","","","","","","","","","","","","","","","","","","","","","",9.6,1,6.6,1,"","","","","","","","","","","","","","","","","","","","","","","","","","",83,1,"","","","","","","","","","","","",9.9,1,1008.1,1,"","","","","","",7,1,5,1,1,1,7,1,"","","","","","","","","","","","","","","","","","","","","","","","","","",15000,1,"","",3,1,6,1,"","","","","","","","","","","","","","","","","","","","","","","","","","","","","","","","","","","","","","","","","","","","","","","","","","","","","","","","","","","","","","","","","",""
"28070001","CHARTRES",48.4605,1.501167,155,1983042012,"","","","",6.,1,200,1,"","","","","","","","","","","","","","","","","","","","","","","","","","","","",14.3,1,7.2,1,"","","","","","","","","","","","","","","","","","","","","","","","","","",63,1,"","","","","","","","","","","","",10.3,1,1005.8,1,"","","","","","",8,1,6,1,5,1,2,1,"","","","","","","","","","","","","","","","","","","","","","","","","","",15000,1,"","",3,1,6,1,"","","","","","","","","","","","","","","","","","","","","","","","","","","","","","","","","","","","","","","","","","","","","","","","","","","","","","","","","","","","","","","","","",""
"28070001","CHARTRES",48.4605,1.501167,155,1983042015,"","","","",3.,1,260,1,"","","","","","","","","","","","","","","","","","","","","","","","","","","","",16.4,1,8.,1,"","","","","","","","","","","","","","","","","","","","","","","","","","",58,1,"","","","","","","","","","","","",10.9,1,1004.,1,"","","","","","",7,1,5,1,8,1,"","","","","","","","","","","","","","","","","","","","","","","","","","","","",15000,1,"","",3,1,2,1,"","","","","","","","","","","","","","","","","","","","","","","","","","","","","","","","","","","","","","","","","","","","","","","","","","","","","","","","","","","","","","","","","",""
"28070001","CHARTRES",48.4605,1.501167,155,1983042018,"","","","",6.,1,240,1,"","","","","","","","","","","","","","","","","","","","","","","","","","","","",10.1,1,7.7,1,"","","","","","","","","","","","","","","","","","","","","","","","","","",87,1,"","","","","","","","","","","","",10.7,1,1006.,1,"","","","","","","","",5,1,"","","","","","","","","","","","","","","","","","","","","","","","","","","","","","","","","","","","","","","","","","","","","","","","","","","","","","","","","","","","","","","","","","","","","","","","","","","","","","","","","","","","","","","","","","","","","","","","","","","","","","","",""
"28070001","CHARTRES",48.4605,1.501167,155,1983042021,"","","","",7.,1,220,1,"","","","","","","","","","","","","","","","","","","","","","","","","","","","",8.7,1,6.2,1,"","","","","","","","","","","","","","","","","","","","","","","","","","",85,1,"","","","","","","","","","","","",9.6,1,1007.7,1,"","","","","","","","",5,1,"","","","","","","","","","","","","","","","","","","","","","","","","","","","","","","","","","","","","","","","","","","","","","","","","","","","","","","","","","","","","","","","","","","","","","","","","","","","","","","","","","","","","","","","","","","","","","","","","","","","","","","",""
"28070001","CHARTRES",48.4605,1.501167,155,1983042100,"","","","",7.,1,220,1,"","","","","","","","","","","","","","","","","","","","","","","","","","","","",7.9,1,6.6,1,"","","","","","","","","","","","","","","","","","","","","","","","","","",93,1,"","","","","","","","","","","","",9.9,1,1008.2,1,"","","","","","","","",5,1,"","","","","","","","","","","","","","","","","","","","","","","","","","","","","","","","","","","","","","","","","","","","","","","","","","","","","","","","","","","","","","","","","","","","","","","","","","","","","","","","","","","","","","","","","","","","","","","","","","","","","","","",""
"28070001","CHARTRES",48.4605,1.501167,155,1983042103,"","","","",6.,1,220,1,"","","","","","","","","","","","","","","","","","","","","","","","","","","","",7.3,1,5.6,1,"","","","","","","","","","","","","","","","","","","","","","","","","","",90,1,"","","","","","","","","","","","",9.2,1,1008.2,1,"","","","","","","","",5,1,"","","","","","","","","","","","","","","","","","","","","","","","","","","","","","","","","","","","","","","","","","","","","","","","","","","","","","","","","","","","","","","","","","","","","","","","","","","","","","","","","","","","","","","","","","","","","","","","","","","","","","","",""
"28070001","CHARTRES",48.4605,1.501167,155,1983042106,"","","","",5.,1,240,1,"","","","","","","","","","","","","","","","","","","","","","","","","","","","",6.9,1,4.9,1,"","","","","","","","","","","","","","","","","","","","","","","","","","",88,1,"","","","","","","","","","","","",8.8,1,1008.2,1,"","","","","","",8,1,8,1,5,1,7,1,"","","","","","","","","","","","","","","","","","","","","","","","","","",15000,1,"","",0,1,"","","","",1,1,"","","","","","","","","","","","","","","","","","","","","","","","","","","","","","","","","","","","","","","","","","","","","","","","","","","","","","","","","","","","","",""
"28070001","CHARTRES",48.4605,1.501167,155,1983042109,"","","","",4.,1,240,1,"","","","","","","","","","","","","","","","","","","","","","","","","","","","",7.,1,5.4,1,"","","","","","","","","","","","","","","","","","","","","","","","","","",91,1,"","","","","","","","","","","","",9.1,1,1008.6,1,"","","","","","",8,1,8,1,7,1,7,1,"","","","","","","","","","","","","","","","","","","","","","","","","","",15000,1,"","",21,1,6,1,"","","","","","","","","","","","","","","","","","","","","","","","","","","","","","","","","","","","","","","","","","","","","","","","","","","","","","","","","","","","","","","","","",""
"28070001","CHARTRES",48.4605,1.501167,155,1983042112,"","","","",3.,1,280,1,"","","","","","","","","","","","","","","","","","","","","","","","","","","","",9.1,1,6.,1,"","","","","","","","","","","","","","","","","","","","","","","","","","",83,1,"","","","","","","","","","","","",9.5,1,1007.9,1,"","","","","","",8,1,5,1,5,1,2,1,"","","","","","","","","","","","","","","","","","","","","","","","","","",20000,1,"","",3,1,6,1,"","","","","","","","","","","","","","","","","","","","","","","","","","","","","","","","","","","","","","","","","","","","","","","","","","","","","","","","","","","","","","","","","",""
"28070001","CHARTRES",48.4605,1.501167,155,1983042115,"","","","",3.,1,220,1,"","","","","","","","","","","","","","","","","","","","","","","","","","","","",10.4,1,5.3,1,"","","","","","","","","","","","","","","","","","","","","","","","","","",71,1,"","","","","","","","","","","","",9.,1,1008.,1,"","","","","","",7,1,6,1,8,1,0,1,2,1,"","","","","","","","","","","","","","","","","","","","","","","","",20000,1,"","",3,1,2,1,"","","","","","","","","","","","","","","","","","","","","","","","","","","","","","","","","","","","","","","","","","","","","","","","","","","","","","","","","","","","","","","","","",""
"28070001","CHARTRES",48.4605,1.501167,155,1983042118,"","","","",5.,1,200,1,"","","","","","","","","","","","","","","","","","","","","","","","","","","","",9.9,1,7.3,1,"","","","","","","","","","","","","","","","","","","","","","","","","","",85,1,"","","","","","","","","","","","",10.4,1,1008.4,1,"","","","","","","","",6,1,"","","","","","","","","","","","","","","","","","","","","","","","","","","","","","","","","","","","","","","","","","","","","","","","","","","","","","","","","","","","","","","","","","","","","","","","","","","","","","","","","","","","","","","","","","","","","","","","","","","","","","","",""
"28070001","CHARTRES",48.4605,1.501167,155,1983042121,"","","","",4.,1,200,1,"","","","","","","","","","","","","","","","","","","","","","","","","","","","",6.9,1,5.4,1,"","","","","","","","","","","","","","","","","","","","","","","","","","",92,1,"","","","","","","","","","","","",9.1,1,1010.6,1,"","","","","","","","",6,1,"","","","","","","","","","","","","","","","","","","","","","","","","","","","","","","","","","","","","","","","","","","","","","","","","","","","","","","","","","","","","","","","","","","","","","","","","","","","","","","","","","","","","","","","","","","","","","","","","","","","","","","",""
"28070001","CHARTRES",48.4605,1.501167,155,1983042200,"","","","",4.,1,180,1,"","","","","","","","","","","","","","","","","","","","","","","","","","","","",5.2,1,4.1,1,"","","","","","","","","","","","","","","","","","","","","","","","","","",94,1,"","","","","","","","","","","","",8.3,1,1010.6,1,"","","","","","","","",6,1,"","","","","","","","","","","","","","","","","","","","","","","","","","","","","","","","","","","","","","","","","","","","","","","","","","","","","","","","","","","","","","","","","","","","","","","","","","","","","","","","","","","","","","","","","","","","","","","","","","","","","","","",""
"28070001","CHARTRES",48.4605,1.501167,155,1983042203,"","","","",5.,1,160,1,"","","","","","","","","","","","","","","","","","","","","","","","","","","","",5.9,1,4.3,1,"","","","","","","","","","","","","","","","","","","","","","","","","","",90,1,"","","","","","","","","","","","",8.4,1,1009.3,1,"","","","","","","","",6,1,"","","","","","","","","","","","","","","","","","","","","","","","","","","","","","","","","","","","","","","","","","","","","","","","","","","","","","","","","","","","","","","","","","","","","","","","","","","","","","","","","","","","","","","","","","","","","","","","","","","","","","","",""
"28070001","CHARTRES",48.4605,1.501167,155,1983042206,"","","","",6.,1,160,1,"","","","","","","","","","","","","","","","","","","","","","","","","","","","",6.1,1,4.1,1,"","","","","","","","","","","","","","","","","","","","","","","","","","",88,1,"","","","","","","","","","","","",8.3,1,1009.,1,"","","","","","",7,1,7,1,5,1,"","","","","","","","","","","","","","","","","","","","","","","","","","","","",20000,1,"","",0,1,"","","","",2,1,"","","","","","","","","","","","","","","","","","","","","","","","","","","","","","","","","","","","","","","","","","","","","","","","","","","","","","","","","","","","","",""
"28070001","CHARTRES",48.4605,1.501167,155,1983042209,"","","","",6.,1,200,1,"","","","","","","","","","","","","","","","","","","","","","","","","","","","",9.8,1,5.7,1,"","","","","","","","","","","","","","","","","","","","","","","","","","",77,1,"","","","","","","","","","","","",9.3,1,1007.7,1,"","","","","","",8,1,5,1,5,1,1,1,"","","","","","","","","","","","","","","","","","","","","","","","","","",20000,1,"","",2,1,8,1,"","","","","","","","","","","","","","","","","","","","","","","","","","","","","","","","","","","","","","","","","","","","","","","","","","","","","","","","","","","","","","","","","",""
"28070001","CHARTRES",48.4605,1.501167,155,1983042212,"","","","",8.,1,240,1,"","","","","","","","","","","","","","","","","","","","","","","","","","","","",14.7,1,6.7,1,"","","","","","","","","","","","","","","","","","","","","","","","","","",60,1,"","","","","","","","","","","","",10.,1,1006.4,1,"","","","","","",7,1,7,1,5,1,1,1,"","","","","","","","","","","","","","","","","","","","","","","","","","",25000,1,"","",1,1,8,1,"","","","","","","","","","","","","","","","","","","","","","","","","","","","","","","","","","","","","","","","","","","","","","","","","","","","","","","","","","","","","","","","","",""
"28070001","CHARTRES",48.4605,1.501167,155,1983042215,"","","","",8.,1,220,1,"","","","","","","","","","","","","","","","","","","","","","","","","","","","",16.1,1,5.9,1,"","","","","","","","","","","","","","","","","","","","","","","","","","",51,1,"","","","","","","","","","","","",9.4,1,1004.4,1,"","","","","","",7,1,7,1,8,1,"","","","","","","","","","","","","","","","","","","","","","","","","","","","",25000,1,"","",3,1,2,1,"","","","","","","","","","","","","","","","","","","","","","","","","","","","","","","","","","","","","","","","","","","","","","","","","","","","","","","","","","","","","","","","","",""
"28070001","CHARTRES",48.4605,1.501167,155,1983042218,"","","","",3.,1,240,1,"","","","","","","","","","","","","","","","","","","","","","","","","","","","",12.5,1,8.,1,"","","","","","","","","","","","","","","","","","","","","","","","","","",75,1,"","","","","","","","","","","","",10.9,1,1003.8,1,"","","","","","","","",7,1,"","","","","","","","","","","","","","","","","","","","","","","","","","","","","","","","","","","","","","","","","","","","","","","","","","","","","","","","","","","","","","","","","","","","","","","","","","","","","","","","","","","","","","","","","","","","","","","","","","","","","","","",""
"28070001","CHARTRES",48.4605,1.501167,155,1983042221,"","","","",6.,1,240,1,"","","","","","","","","","","","","","","","","","","","","","","","","","","","",10.2,1,9.,1,"","","","","","","","","","","","","","","","","","","","","","","","","","",94,1,"","","","","","","","","","","","",11.7,1,1005.1,1,"","","","","","","","",7,1,"","","","","","","","","","","","","","","","","","","","","","","","","","","","","","","","","","","","","","","","","","","","","","","","","","","","","","","","","","","","","","","","","","","","","","","","","","","","","","","","","","","","","","","","","","","","","","","","","","","","","","","",""
"28070001","CHARTRES",48.4605,1.501167,155,1983042300,"","","","",6.,1,220,1,"","","","","","","","","","","","","","","","","","","","","","","","","","","","",9.3,1,8.2,1,"","","","","","","","","","","","","","","","","","","","","","","","","","",95,1,"","","","","","","","","","","","",11.1,1,1004.3,1,"","","","","","","","",7,1,"","","","","","","","","","","","","","","","","","","","","","","","","","","","","","","","","","","","","","","","","","","","","","","","","","","","","","","","","","","","","","","","","","","","","","","","","","","","","","","","","","","","","","","","","","","","","","","","","","","","","","","",""
"28070001","CHARTRES",48.4605,1.501167,155,1983042303,"","","","",6.,1,220,1,"","","","","","","","","","","","","","","","","","","","","","","","","","","","",9.2,1,8.1,1,"","","","","","","","","","","","","","","","","","","","","","","","","","",95,1,"","","","","","","","","","","","",11.,1,1004.,1,"","","","","","","","",7,1,"","","","","","","","","","","","","","","","","","","","","","","","","","","","","","","","","","","","","","","","","","","","","","","","","","","","","","","","","","","","","","","","","","","","","","","","","","","","","","","","","","","","","","","","","","","","","","","","","","","","","","","",""
"28070001","CHARTRES",48.4605,1.501167,155,1983042306,"","","","",5.,1,220,1,"","","","","","","","","","","","","","","","","","","","","","","","","","","","",8.7,1,7.6,1,"","","","","","","","","","","","","","","","","","","","","","","","","","",95,1,"","","","","","","","","","","","",10.6,1,1004.1,1,"","","","","","",8,1,8,1,7,1,"","","","","","","","","","","","","","","","","","","","","","","","","","","","",12000,1,"","",0,1,"","","","",1,1,"","","","","","","","","","","","","","","","","","","","","","","","","","","","","","","","","","","","","","","","","","","","","","","","","","","","","","","","","","","","","",""
"28070001","CHARTRES",48.4605,1.501167,155,1983042309,"","","","",5.,1,220,1,"","","","","","","","","","","","","","","","","","","","","","","","","","","","",9.6,1,7.8,1,"","","","","","","","","","","","","","","","","","","","","","","","","","",91,1,"","","","","","","","","","","","",10.8,1,1004.4,1,"","","","","","",8,1,5,1,7,1,2,1,"","","","","","","","","","","","","","","","","","","","","","","","","","",15000,1,"","",1,1,2,1,"","","","","","","","","","","","","","","","","","","","","","","","","","","","","","","","","","","","","","","","","","","","","","","","","","","","","","","","","","","","","","","","","",""
"28070001","CHARTRES",48.4605,1.501167,155,1983042312,"","","","",8.,1,220,1,"","","","","","","","","","","","","","","","","","","","","","","","","","","","",11.1,1,7.2,1,"","","","","","","","","","","","","","","","","","","","","","","","","","",78,1,"","","","","","","","","","","","",10.3,1,1004.1,1,"","","","","","",8,1,6,1,1,1,7,1,"","","","","","","","","","","","","","","","","","","","","","","","","","",15000,1,"","",1,1,6,1,"","","","","","","","","","","","","","","","","","","","","","","","","","","","","","","","","","","","","","","","","","","","","","","","","","","","","","","","","","","","","","","","","",""
"28070001","CHARTRES",48.4605,1.501167,155,1983042315,"","","","",7.,1,240,1,"","","","","","","","","","","","","","","","","","","","","","","","","","","","",10.8,1,6.7,1,"","","","","","","","","","","","","","","","","","","","","","","","","","",78,1,"","","","","","","","","","","","",10.,1,1004.9,1,"","","","","","",8,1,0,1,8,1,7,1,2,1,"","","","","","","","","","","","","","","","","","","","","","","","",12000,1,"","",3,1,8,1,"","","","","","","","","","","","","","","","","","","","","","","","","","","","","","","","","","","","","","","","","","","","","","","","","","","","","","","","","","","","","","","","","",""
"28070001","CHARTRES",48.4605,1.501167,155,1983042318,"","","","",2.,1,240,1,"","","","","","","","","","","","","","","","","","","","","","","","","","","","",9.8,1,5.3,1,"","","","","","","","","","","","","","","","","","","","","","","","","","",74,1,"","","","","","","","","","","","",9.,1,1006.8,1,"","","","","","","","",0,1,"","","","","","","","","","","","","","","","","","","","","","","","","","","","","","","","","","","","","","","","","","","","","","","","","","","","","","","","","","","","","","","","","","","","","","","","","","","","","","","","","","","","","","","","","","","","","","","","","","","","","","","",""
"28070001","CHARTRES",48.4605,1.501167,155,1983042321,"","","","",2.,1,240,1,"","","","","","","","","","","","","","","","","","","","","","","","","","","","",5.9,1,4.,1,"","","","","","","","","","","","","","","","","","","","","","","","","","",88,1,"","","","","","","","","","","","",8.2,1,1008.,1,"","","","","","","","",0,1,"","","","","","","","","","","","","","","","","","","","","","","","","","","","","","","","","","","","","","","","","","","","","","","","","","","","","","","","","","","","","","","","","","","","","","","","","","","","","","","","","","","","","","","","","","","","","","","","","","","","","","","",""
"28070001","CHARTRES",48.4605,1.501167,155,1983042400,"","","","",3.,1,220,1,"","","","","","","","","","","","","","","","","","","","","","","","","","","","",4.5,1,2.2,1,"","","","","","","","","","","","","","","","","","","","","","","","","","",86,1,"","","","","","","","","","","","",7.2,1,1008.6,1,"","","","","","","","",0,1,"","","","","","","","","","","","","","","","","","","","","","","","","","","","","","","","","","","","","","","","","","","","","","","","","","","","","","","","","","","","","","","","","","","","","","","","","","","","","","","","","","","","","","","","","","","","","","","","","","","","","","","",""
"28070001","CHARTRES",48.4605,1.501167,155,1983042403,"","","","",2.,1,160,1,"","","","","","","","","","","","","","","","","","","","","","","","","","","","",1.4,1,0.8,1,"","","","","","","","","","","","","","","","","","","","","","","","","","",96,1,"","","","","","","","","","","","",6.5,1,1008.8,1,"","","","","","","","",0,1,"","","","","","","","","","","","","","","","","","","","","","","","","","","","","","","","","","","","","","","","","","","","","","","","","","","","","","","","","","","","","","","","","","","","","","","","","","","","","","","","","","","","","","","","","","","","","","","","","","","","","","","",""
"28070001","CHARTRES",48.4605,1.501167,155,1983042406,"","","","",4.,1,180,1,"","","","","","","","","","","","","","","","","","","","","","","","","","","","",3.,1,1.8,1,"","","","","","","","","","","","","","","","","","","","","","","","","","",93,1,"","","","","","","","","","","","",7.,1,1008.7,1,"","","","","","",0,1,"","",0,1,0,1,0,1,"","","","","","","","","","","","","","","","","","","","","","","","",20000,1,"","",0,1,"","","","",4,1,"","","","","","","","","","","","","","","","","","","","","","","","","","","","","","","","","","","","","","","","","","","","","","","","","","","","","","","","","","","","","",""
"28070001","CHARTRES",48.4605,1.501167,155,1983042409,"","","","",6.,1,160,1,"","","","","","","","","","","","","","","","","","","","","","","","","","","","",10.4,1,5.9,1,"","","","","","","","","","","","","","","","","","","","","","","","","","",75,1,"","","","","","","","","","","","",9.4,1,1008.1,1,"","","","","","",1,1,0,1,0,1,0,1,1,1,"","","","","","","","","","","","","","","","","","","","","","","","",20000,1,"","",1,1,0,1,"","","","","","","","","","","","","","","","","","","","","","","","","","","","","","","","","","","","","","","","","","","","","","","","","","","","","","","","","","","","","","","","","",""
"28070001","CHARTRES",48.4605,1.501167,155,1983042412,"","","","",8.,1,180,1,"","","","","","","","","","","","","","","","","","","","","","","","","","","","",14.2,1,4.6,1,"","","","","","","","","","","","","","","","","","","","","","","","","","",53,1,"","","","","","","","","","","","",8.6,1,1006.4,1,"","","","","","",3,1,0,1,1,1,0,1,1,1,"","","","","","","","","","","","","","","","","","","","","","","","",20000,1,"","",3,1,0,1,"","","","","","","","","","","","","","","","","","","","","","","","","","","","","","","","","","","","","","","","","","","","","","","","","","","","","","","","","","","","","","","","","",""
"28070001","CHARTRES",48.4605,1.501167,155,1983042415,"","","","",8.,1,160,1,"","","","","","","","","","","","","","","","","","","","","","","","","","","","",16.,1,4.,1,"","","","","","","","","","","","","","","","","","","","","","","","","","",45,1,"","","","","","","","","","","","",8.2,1,1003.7,1,"","","","","","",7,1,6,1,1,1,7,1,"","","","","","","","","","","","","","","","","","","","","","","","","","",18000,1,"","",3,1,1,1,"","","","","","","","","","","","","","","","","","","","","","","","","","","","","","","","","","","","","","","","","","","","","","","","","","","","","","","","","","","","","","","","","",""
"28070001","CHARTRES",48.4605,1.501167,155,1983042418,"","","","",7.,1,260,1,"","","","","","","","","","","","","","","","","","","","","","","","","","","","",9.5,1,1.6,1,"","","","","","","","","","","","","","","","","","","","","","","","","","",58,1,"","","","","","","","","","","","",6.9,1,1003.7,1,"","","","","","","","",6,1,"","","","","","","","","","","","","","","","","","","","","","","","","","","","","","","","","","","","","","","","","","","","","","","","","","","","","","","","","","","","","","","","","","","","","","","","","","","","","","","","","","","","","","","","","","","","","","","","","","","","","","","",""
"28070001","CHARTRES",48.4605,1.501167,155,1983042421,"","","","",4.,1,140,1,"","","","","","","","","","","","","","","","","","","","","","","","","","","","",8.8,1,7.3,1,"","","","","","","","","","","","","","","","","","","","","","","","","","",92,1,"","","","","","","","","","","","",10.4,1,1002.2,1,"","","","","","","","",6,1,"","","","","","","","","","","","","","","","","","","","","","","","","","","","","","","","","","","","","","","","","","","","","","","","","","","","","","","","","","","","","","","","","","","","","","","","","","","","","","","","","","","","","","","","","","","","","","","","","","","","","","","",""
"28070001","CHARTRES",48.4605,1.501167,155,1983042500,"","","","",3.,1,260,1,"","","","","","","","","","","","","","","","","","","","","","","","","","","","",8.4,1,6.9,1,"","","","","","","","","","","","","","","","","","","","","","","","","","",92,1,"","","","","","","","","","","","",10.1,1,1003.3,1,"","","","","","","","",6,1,"","","","","","","","","","","","","","","","","","","","","","","","","","","","","","","","","","","","","","","","","","","","","","","","","","","","","","","","","","","","","","","","","","","","","","","","","","","","","","","","","","","","","","","","","","","","","","","","","","","","","","","",""
"28070001","CHARTRES",48.4605,1.501167,155,1983042503,"","","","",5.,1,240,1,"","","","","","","","","","","","","","","","","","","","","","","","","","","","",8.,1,6.9,1,"","","","","","","","","","","","","","","","","","","","","","","","","","",94,1,"","","","","","","","","","","","",10.1,1,1003.8,1,"","","","","","","","",6,1,"","","","","","","","","","","","","","","","","","","","","","","","","","","","","","","","","","","","","","","","","","","","","","","","","","","","","","","","","","","","","","","","","","","","","","","","","","","","","","","","","","","","","","","","","","","","","","","","","","","","","","","",""
"28070001","CHARTRES",48.4605,1.501167,155,1983042506,"","","","",3.,1,220,1,"","","","","","","","","","","","","","","","","","","","","","","","","","","","",7.,1,5.7,1,"","","","","","","","","","","","","","","","","","","","","","","","","","",93,1,"","","","","","","","","","","","",9.3,1,1005.,1,"","","","","","",6,1,5,1,8,1,0,1,0,1,"","","","","","","","","","","","","","","","","","","","","","","","",20000,1,"","",0,1,"","","","",2,1,"","","","","","","","","","","","","","","","","","","","","","","","","","","","","","","","","","","","","","","","","","","","","","","","","","","","","","","","","","","","","",""
"28070001","CHARTRES",48.4605,1.501167,155,1983042509,"","","","",4.,1,220,1,"","","","","","","","","","","","","","","","","","","","","","","","","","","","",9.9,1,5.9,1,"","","","","","","","","","","","","","","","","","","","","","","","","","",77,1,"","","","","","","","","","","","",9.4,1,1005.8,1,"","","","","","",3,1,0,1,2,1,0,1,0,1,"","","","","","","","","","","","","","","","","","","","","","","","",20000,1,"","",1,1,1,1,"","","","","","","","","","","","","","","","","","","","","","","","","","","","","","","","","","","","","","","","","","","","","","","","","","","","","","","","","","","","","","","","","",""
"28070001","CHARTRES",48.4605,1.501167,155,1983042512,"","","","",5.,1,220,1,"","","","","","","","","","","","","","","","","","","","","","","","","","","","",12.7,1,4.9,1,"","","","","","","","","","","","","","","","","","","","","","","","","","",60,1,"","","","","","","","","","","","",8.8,1,1006.6,1,"","","","","","",7,1,0,1,2,1,0,1,2,1,"","","","","","","","","","","","","","","","","","","","","","","","",25000,1,"","",3,1,1,1,"","","","","","","","","","","","","","","","","","","","","","","","","","","","","","","","","","","","","","","","","","","","","","","","","","","","","","","","","","","","","","","","","",""
"28070001","CHARTRES",48.4605,1.501167,155,1983042515,"","","","",6.,1,220,1,"","","","","","","","","","","","","","","","","","","","","","","","","","","","",14.8,1,4.5,1,"","","","","","","","","","","","","","","","","","","","","","","","","","",50,1,"","","","","","","","","","","","",8.5,1,1006.,1,"","","","","","",5,1,0,1,8,1,0,1,1,1,"","","","","","","","","","","","","","","","","","","","","","","","",25000,1,"","",1,1,2,1,"","","","","","","","","","","","","","","","","","","","","","","","","","","","","","","","","","","","","","","","","","","","","","","","","","","","","","","","","","","","","","","","","",""
"28070001","CHARTRES",48.4605,1.501167,155,1983042518,"","","","",6.,1,280,1,"","","","","","","","","","","","","","","","","","","","","","","","","","","","",12.,1,5.7,1,"","","","","","","","","","","","","","","","","","","","","","","","","","",66,1,"","","","","","","","","","","","",9.3,1,1006.3,1,"","","","","","","","",0,1,"","","","","","","","","","","","","","","","","","","","","","","","","","","","","","","","","","","","","","","","","","","","","","","","","","","","","","","","","","","","","","","","","","","","","","","","","","","","","","","","","","","","","","","","","","","","","","","","","","","","","","","",""
"28070001","CHARTRES",48.4605,1.501167,155,1983042521,"","","","",3.,1,160,1,"","","","","","","","","","","","","","","","","","","","","","","","","","","","",7.2,1,6.2,1,"","","","","","","","","","","","","","","","","","","","","","","","","","",95,1,"","","","","","","","","","","","",9.6,1,1008.7,1,"","","","","","","","",0,1,"","","","","","","","","","","","","","","","","","","","","","","","","","","","","","","","","","","","","","","","","","","","","","","","","","","","","","","","","","","","","","","","","","","","","","","","","","","","","","","","","","","","","","","","","","","","","","","","","","","","","","","",""
"28070001","CHARTRES",48.4605,1.501167,155,1983042600,"","","","",3.,1,160,1,"","","","","","","","","","","","","","","","","","","","","","","","","","","","",6.8,1,6.,1,"","","","","","","","","","","","","","","","","","","","","","","","","","",96,1,"","","","","","","","","","","","",9.5,1,1009.4,1,"","","","","","","","",0,1,"","","","","","","","","","","","","","","","","","","","","","","","","","","","","","","","","","","","","","","","","","","","","","","","","","","","","","","","","","","","","","","","","","","","","","","","","","","","","","","","","","","","","","","","","","","","","","","","","","","","","","","",""
"28070001","CHARTRES",48.4605,1.501167,155,1983042603,"","","","",3.,1,140,1,"","","","","","","","","","","","","","","","","","","","","","","","","","","","",5.4,1,4.8,1,"","","","","","","","","","","","","","","","","","","","","","","","","","",97,1,"","","","","","","","","","","","",8.7,1,1008.9,1,"","","","","","","","",0,1,"","","","","","","","","","","","","","","","","","","","","","","","","","","","","","","","","","","","","","","","","","","","","","","","","","","","","","","","","","","","","","","","","","","","","","","","","","","","","","","","","","","","","","","","","","","","","","","","","","","","","","","",""
"28070001","CHARTRES",48.4605,1.501167,155,1983042606,"","","","",1.,1,140,1,"","","","","","","","","","","","","","","","","","","","","","","","","","","","",5.5,1,4.6,1,"","","","","","","","","","","","","","","","","","","","","","","","","","",95,1,"","","","","","","","","","","","",8.6,1,1008.9,1,"","","","","","",6,1,0,1,5,1,7,1,2,1,"","","","","","","","","","","","","","","","","","","","","","","","",10000,1,"","",0,1,"","","","",1,1,"","","","","","","","","","","","","","","","","","","","","","","","","","","","","","","","","","","","","","","","","","","","","","","","","","","","","","","","","","","","","",""
"28070001","CHARTRES",48.4605,1.501167,155,1983042609,"","","","",4.,1,160,1,"","","","","","","","","","","","","","","","","","","","","","","","","","","","",8.9,1,7.4,1,"","","","","","","","","","","","","","","","","","","","","","","","","","",92,1,"","","","","","","","","","","","",10.5,1,1009.1,1,"","","","","","",7,1,5,1,8,1,3,1,"","","","","","","","","","","","","","","","","","","","","","","","","","",12000,1,"","",61,1,6,1,"","","","","","","","","","","","","","","","","","","","","","","","","","","","","","","","","","","","","","","","","","","","","","","","","","","","","","","","","","","","","","","","","",""
"28070001","CHARTRES",48.4605,1.501167,155,1983042612,"","","","",2.,1,200,1,"","","","","","","","","","","","","","","","","","","","","","","","","","","","",14.3,1,7.8,1,"","","","","","","","","","","","","","","","","","","","","","","","","","",66,1,"","","","","","","","","","","","",10.8,1,1007.9,1,"","","","","","",6,1,0,1,8,1,0,1,2,1,"","","","","","","","","","","","","","","","","","","","","","","","",20000,1,"","",3,1,6,1,"","","","","","","","","","","","","","","","","","","","","","","","","","","","","","","","","","","","","","","","","","","","","","","","","","","","","","","","","","","","","","","","","",""
"28070001","CHARTRES",48.4605,1.501167,155,1983042615,"","","","",4.,1,140,1,"","","","","","","","","","","","","","","","","","","","","","","","","","","","",15.4,1,7.4,1,"","","","","","","","","","","","","","","","","","","","","","","","","","",60,1,"","","","","","","","","","","","",10.5,1,1006.7,1,"","","","","","",6,1,0,1,2,1,0,1,2,1,"","","","","","","","","","","","","","","","","","","","","","","","",20000,1,"","",1,1,2,1,"","","","","","","","","","","","","","","","","","","","","","","","","","","","","","","","","","","","","","","","","","","","","","","","","","","","","","","","","","","","","","","","","",""
"28070001","CHARTRES",48.4605,1.501167,155,1983042618,"","","","",2.,1,80,1,"","","","","","","","","","","","","","","","","","","","","","","","","","","","",7.9,1,6.9,1,"","","","","","","","","","","","","","","","","","","","","","","","","","",95,1,"","","","","","","","","","","","",10.1,1,1009.3,1,"","","","","","","","",0,1,"","","","","","","","","","","","","","","","","","","","","","","","","","","","","","","","","","","","","","","","","","","","","","","","","","","","","","","","","","","","","","","","","","","","","","","","","","","","","","","","","","","","","","","","","","","","","","","","","","","","","","","",""
"28070001","CHARTRES",48.4605,1.501167,155,1983042621,"","","","",2.,1,240,1,"","","","","","","","","","","","","","","","","","","","","","","","","","","","",7.7,1,7.,1,"","","","","","","","","","","","","","","","","","","","","","","","","","",97,1,"","","","","","","","","","","","",10.2,1,1010.,1,"","","","","","","","",0,1,"","","","","","","","","","","","","","","","","","","","","","","","","","","","","","","","","","","","","","","","","","","","","","","","","","","","","","","","","","","","","","","","","","","","","","","","","","","","","","","","","","","","","","","","","","","","","","","","","","","","","","","",""
"28070001","CHARTRES",48.4605,1.501167,155,1983042700,"","","","",2.,1,240,1,"","","","","","","","","","","","","","","","","","","","","","","","","","","","",5.9,1,5.3,1,"","","","","","","","","","","","","","","","","","","","","","","","","","",97,1,"","","","","","","","","","","","",9.,1,1010.2,1,"","","","","","","","",0,1,"","","","","","","","","","","","","","","","","","","","","","","","","","","","","","","","","","","","","","","","","","","","","","","","","","","","","","","","","","","","","","","","","","","","","","","","","","","","","","","","","","","","","","","","","","","","","","","","","","","","","","","",""
"28070001","CHARTRES",48.4605,1.501167,155,1983042703,"","","","",2.,1,220,1,"","","","","","","","","","","","","","","","","","","","","","","","","","","","",5.6,1,5.1,1,"","","","","","","","","","","","","","","","","","","","","","","","","","",98,1,"","","","","","","","","","","","",8.9,1,1010.2,1,"","","","","","","","",0,1,"","","","","","","","","","","","","","","","","","","","","","","","","","","","","","","","","","","","","","","","","","","","","","","","","","","","","","","","","","","","","","","","","","","","","","","","","","","","","","","","","","","","","","","","","","","","","","","","","","","","","","","",""
"28070001","CHARTRES",48.4605,1.501167,155,1983042706,"","","","",1.,1,220,1,"","","","","","","","","","","","","","","","","","","","","","","","","","","","",5.1,1,4.6,1,"","","","","","","","","","","","","","","","","","","","","","","","","","",98,1,"","","","","","","","","","","","",8.6,1,1010.9,1,"","","","","","",9,1,"","","","","","","","","","","","","","","","","","","","","","","","","","","","","","","","",300,1,"","",45,1,"","","","",1,1,"","","","","","","","","","","","","","","","","","","","","","","","","","","","","","","","","","","","","","","","","","","","","","","","","","","","","","","","","","","","","",""
"28070001","CHARTRES",48.4605,1.501167,155,1983042709,"","","","",2.,1,180,1,"","","","","","","","","","","","","","","","","","","","","","","","","","","","",9.3,1,8.6,1,"","","","","","","","","","","","","","","","","","","","","","","","","","",97,1,"","","","","","","","","","","","",11.4,1,1010.8,1,"","","","","","",7,1,5,1,6,1,0,1,2,1,"","","","","","","","","","","","","","","","","","","","","","","","",10000,1,"","",28,1,4,1,"","","","","","","","","","","","","","","","","","","","","","","","","","","","","","","","","","","","","","","","","","","","","","","","","","","","","","","","","","","","","","","","","",""
"28070001","CHARTRES",48.4605,1.501167,155,1983042712,"","","","",3.,1,220,1,"","","","","","","","","","","","","","","","","","","","","","","","","","","","",8.8,1,7.3,1,"","","","","","","","","","","","","","","","","","","","","","","","","","",92,1,"","","","","","","","","","","","",10.4,1,1011.3,1,"","","","","","",8,1,8,1,6,1,7,1,"","","","","","","","","","","","","","","","","","","","","","","","","","",10000,1,"","",61,1,6,1,"","","","","","","","","","","","","","","","","","","","","","","","","","","","","","","","","","","","","","","","","","","","","","","","","","","","","","","","","","","","","","","","","",""
"28070001","CHARTRES",48.4605,1.501167,155,1983042715,"","","","",4.,1,220,1,"","","","","","","","","","","","","","","","","","","","","","","","","","","","",10.,1,7.7,1,"","","","","","","","","","","","","","","","","","","","","","","","","","",87,1,"","","","","","","","","","","","",10.7,1,1010.8,1,"","","","","","",6,1,5,1,9,1,0,1,3,1,"","","","","","","","","","","","","","","","","","","","","","","","",20000,1,"","",25,1,8,1,"","","","","","","","","","","","","","","","","","","","","","","","","","","","","","","","","","","","","","","","","","","","","","","","","","","","","","","","","","","","","","","","","",""
"28070001","CHARTRES",48.4605,1.501167,155,1983042718,"","","","",4.,1,240,1,"","","","","","","","","","","","","","","","","","","","","","","","","","","","",9.8,1,7.7,1,"","","","","","","","","","","","","","","","","","","","","","","","","","",88,1,"","","","","","","","","","","","",10.7,1,1012.1,1,"","","","","","","","",5,1,"","","","","","","","","","","","","","","","","","","","","","","","","","","","","","","","","","","","","","","","","","","","","","","","","","","","","","","","","","","","","","","","","","","","","","","","","","","","","","","","","","","","","","","","","","","","","","","","","","","","","","","",""
"28070001","CHARTRES",48.4605,1.501167,155,1983042721,"","","","",3.,1,240,1,"","","","","","","","","","","","","","","","","","","","","","","","","","","","",8.6,1,7.2,1,"","","","","","","","","","","","","","","","","","","","","","","","","","",92,1,"","","","","","","","","","","","",10.3,1,1012.8,1,"","","","","","","","",5,1,"","","","","","","","","","","","","","","","","","","","","","","","","","","","","","","","","","","","","","","","","","","","","","","","","","","","","","","","","","","","","","","","","","","","","","","","","","","","","","","","","","","","","","","","","","","","","","","","","","","","","","","",""
"28070001","CHARTRES",48.4605,1.501167,155,1983042800,"","","","",3.,1,240,1,"","","","","","","","","","","","","","","","","","","","","","","","","","","","",6.6,1,5.9,1,"","","","","","","","","","","","","","","","","","","","","","","","","","",97,1,"","","","","","","","","","","","",9.4,1,1013.6,1,"","","","","","","","",5,1,"","","","","","","","","","","","","","","","","","","","","","","","","","","","","","","","","","","","","","","","","","","","","","","","","","","","","","","","","","","","","","","","","","","","","","","","","","","","","","","","","","","","","","","","","","","","","","","","","","","","","","","",""
"28070001","CHARTRES",48.4605,1.501167,155,1983042803,"","","","",3.,1,220,1,"","","","","","","","","","","","","","","","","","","","","","","","","","","","",4.8,1,4.1,1,"","","","","","","","","","","","","","","","","","","","","","","","","","",97,1,"","","","","","","","","","","","",8.3,1,1013.8,1,"","","","","","","","",5,1,"","","","","","","","","","","","","","","","","","","","","","","","","","","","","","","","","","","","","","","","","","","","","","","","","","","","","","","","","","","","","","","","","","","","","","","","","","","","","","","","","","","","","","","","","","","","","","","","","","","","","","","",""
"28070001","CHARTRES",48.4605,1.501167,155,1983042806,"","","","",2.,1,200,1,"","","","","","","","","","","","","","","","","","","","","","","","","","","","",4.4,1,3.8,1,"","","","","","","","","","","","","","","","","","","","","","","","","","",97,1,"","","","","","","","","","","","",8.1,1,1014.3,1,"","","","","","",1,1,0,1,0,1,3,1,0,1,"","","","","","","","","","","","","","","","","","","","","","","","",3000,1,"","",10,1,0,1,"","",1,1,"","","","","","","","","","","","","","","","","","","","","","","","","","","","","","","","","","","","","","","","","","","","","","","","","","","","","","","","","","","","","",""
"28070001","CHARTRES",48.4605,1.501167,155,1983042809,"","","","",1.,1,60,1,"","","","","","","","","","","","","","","","","","","","","","","","","","","","",10.2,1,7.8,1,"","","","","","","","","","","","","","","","","","","","","","","","","","",87,1,"","","","","","","","","","","","",10.8,1,1013.7,1,"","","","","","",6,1,6,1,1,1,3,1,2,1,"","","","","","","","","","","","","","","","","","","","","","","","",10000,1,"","",3,1,1,1,"","","","","","","","","","","","","","","","","","","","","","","","","","","","","","","","","","","","","","","","","","","","","","","","","","","","","","","","","","","","","","","","","",""
"28070001","CHARTRES",48.4605,1.501167,155,1983042812,"","","","",3.,1,200,1,"","","","","","","","","","","","","","","","","","","","","","","","","","","","",12.6,1,7.7,1,"","","","","","","","","","","","","","","","","","","","","","","","","","",73,1,"","","","","","","","","","","","",10.7,1,1013.4,1,"","","","","","",8,1,7,1,8,1,2,1,"","","","","","","","","","","","","","","","","","","","","","","","","","",15000,1,"","",3,1,1,1,"","","","","","","","","","","","","","","","","","","","","","","","","","","","","","","","","","","","","","","","","","","","","","","","","","","","","","","","","","","","","","","","","",""
"28070001","CHARTRES",48.4605,1.501167,155,1983042815,"","","","",3.,1,320,1,"","","","","","","","","","","","","","","","","","","","","","","","","","","","",9.6,1,8.1,1,"","","","","","","","","","","","","","","","","","","","","","","","","","",92,1,"","","","","","","","","","","","",11.,1,1013.5,1,"","","","","","",8,1,7,1,8,1,2,1,"","","","","","","","","","","","","","","","","","","","","","","","","","",15000,1,"","",61,1,6,1,"","","","","","","","","","","","","","","","","","","","","","","","","","","","","","","","","","","","","","","","","","","","","","","","","","","","","","","","","","","","","","","","","",""
"28070001","CHARTRES",48.4605,1.501167,155,1983042818,"","","","",0.,1,0,1,"","","","","","","","","","","","","","","","","","","","","","","","","","","","",9.9,1,7.4,1,"","","","","","","","","","","","","","","","","","","","","","","","","","",86,1,"","","","","","","","","","","","",10.5,1,1013.4,1,"","","","","","","","",7,1,"","","","","","","","","","","","","","","","","","","","","","","","","","","","","","","","","","","","","","","","","","","","","","","","","","","","","","","","","","","","","","","","","","","","","","","","","","","","","","","","","","","","","","","","","","","","","","","","","","","","","","","",""
"28070001","CHARTRES",48.4605,1.501167,155,1983042821,"","","","",0.,1,0,1,"","","","","","","","","","","","","","","","","","","","","","","","","","","","",7.4,1,6.6,1,"","","","","","","","","","","","","","","","","","","","","","","","","","",96,1,"","","","","","","","","","","","",9.9,1,1014.4,1,"","","","","","","","",7,1,"","","","","","","","","","","","","","","","","","","","","","","","","","","","","","","","","","","","","","","","","","","","","","","","","","","","","","","","","","","","","","","","","","","","","","","","","","","","","","","","","","","","","","","","","","","","","","","","","","","","","","","",""
"28070001","CHARTRES",48.4605,1.501167,155,1983042900,"","","","",2.,1,260,1,"","","","","","","","","","","","","","","","","","","","","","","","","","","","",5.8,1,4.9,1,"","","","","","","","","","","","","","","","","","","","","","","","","","",96,1,"","","","","","","","","","","","",8.8,1,1015.1,1,"","","","","","","","",7,1,"","","","","","","","","","","","","","","","","","","","","","","","","","","","","","","","","","","","","","","","","","","","","","","","","","","","","","","","","","","","","","","","","","","","","","","","","","","","","","","","","","","","","","","","","","","","","","","","","","","","","","","",""
"28070001","CHARTRES",48.4605,1.501167,155,1983042903,"","","","",2.,1,260,1,"","","","","","","","","","","","","","","","","","","","","","","","","","","","",4.7,1,4.,1,"","","","","","","","","","","","","","","","","","","","","","","","","","",96,1,"","","","","","","","","","","","",8.2,1,1015.6,1,"","","","","","","","",7,1,"","","","","","","","","","","","","","","","","","","","","","","","","","","","","","","","","","","","","","","","","","","","","","","","","","","","","","","","","","","","","","","","","","","","","","","","","","","","","","","","","","","","","","","","","","","","","","","","","","","","","","","",""
"28070001","CHARTRES",48.4605,1.501167,155,1983042906,"","","","",1.,1,180,1,"","","","","","","","","","","","","","","","","","","","","","","","","","","","",3.5,1,2.4,1,"","","","","","","","","","","","","","","","","","","","","","","","","","",93,1,"","","","","","","","","","","","",7.3,1,1016.6,1,"","","","","","",1,1,0,1,0,1,0,1,1,1,"","","","","","","","","","","","","","","","","","","","","","","","",5000,1,"","",0,1,"","","","",1,1,"","","","","","","","","","","","","","","","","","","","","","","","","","","","","","","","","","","","","","","","","","","","","","","","","","","","","","","","","","","","","",""
"28070001","CHARTRES",48.4605,1.501167,155,1983042909,"","","","",1.,1,240,1,"","","","","","","","","","","","","","","","","","","","","","","","","","","","",12.,1,7.7,1,"","","","","","","","","","","","","","","","","","","","","","","","","","",76,1,"","","","","","","","","","","","",10.7,1,1017.,1,"","","","","","",6,1,6,1,1,1,0,1,4,1,"","","","","","","","","","","","","","","","","","","","","","","","",10000,1,"","",3,1,1,1,"","","","","","","","","","","","","","","","","","","","","","","","","","","","","","","","","","","","","","","","","","","","","","","","","","","","","","","","","","","","","","","","","",""
"28070001","CHARTRES",48.4605,1.501167,155,1983042912,"","","","",2.,1,240,1,"","","","","","","","","","","","","","","","","","","","","","","","","","","","",15.,1,6.2,1,"","","","","","","","","","","","","","","","","","","","","","","","","","",56,1,"","","","","","","","","","","","",9.6,1,1016.9,1,"","","","","","",6,1,6,1,2,1,0,1,1,1,"","","","","","","","","","","","","","","","","","","","","","","","",20000,1,"","",1,1,1,1,"","","","","","","","","","","","","","","","","","","","","","","","","","","","","","","","","","","","","","","","","","","","","","","","","","","","","","","","","","","","","","","","","",""
"28070001","CHARTRES",48.4605,1.501167,155,1983042915,"","","","",2.,1,200,1,"","","","","","","","","","","","","","","","","","","","","","","","","","","","",16.,1,6.2,1,"","","","","","","","","","","","","","","","","","","","","","","","","","",53,1,"","","","","","","","","","","","",9.6,1,1015.7,1,"","","","","","",6,1,6,1,2,1,0,1,1,1,"","","","","","","","","","","","","","","","","","","","","","","","",20000,1,"","",2,1,2,1,"","","","","","","","","","","","","","","","","","","","","","","","","","","","","","","","","","","","","","","","","","","","","","","","","","","","","","","","","","","","","","","","","",""
"28070001","CHARTRES",48.4605,1.501167,155,1983042918,"","","","",2.,1,140,1,"","","","","","","","","","","","","","","","","","","","","","","","","","","","",13.,1,4.,1,"","","","","","","","","","","","","","","","","","","","","","","","","","",55,1,"","","","","","","","","","","","",8.2,1,1014.9,1,"","","","","","","","",6,1,"","","","","","","","","","","","","","","","","","","","","","","","","","","","","","","","","","","","","","","","","","","","","","","","","","","","","","","","","","","","","","","","","","","","","","","","","","","","","","","","","","","","","","","","","","","","","","","","","","","","","","","",""
"28070001","CHARTRES",48.4605,1.501167,155,1983042921,"","","","",2.,1,100,1,"","","","","","","","","","","","","","","","","","","","","","","","","","","","",8.5,1,4.8,1,"","","","","","","","","","","","","","","","","","","","","","","","","","",78,1,"","","","","","","","","","","","",8.7,1,1014.7,1,"","","","","","","","",6,1,"","","","","","","","","","","","","","","","","","","","","","","","","","","","","","","","","","","","","","","","","","","","","","","","","","","","","","","","","","","","","","","","","","","","","","","","","","","","","","","","","","","","","","","","","","","","","","","","","","","","","","","",""
"28070001","CHARTRES",48.4605,1.501167,155,1983043000,"","","","",3.,1,120,1,"","","","","","","","","","","","","","","","","","","","","","","","","","","","",8.1,1,6.6,1,"","","","","","","","","","","","","","","","","","","","","","","","","","",92,1,"","","","","","","","","","","","",9.9,1,1013.7,1,"","","","","","","","",6,1,"","","","","","","","","","","","","","","","","","","","","","","","","","","","","","","","","","","","","","","","","","","","","","","","","","","","","","","","","","","","","","","","","","","","","","","","","","","","","","","","","","","","","","","","","","","","","","","","","","","","","","","",""
"28070001","CHARTRES",48.4605,1.501167,155,1983043003,"","","","",1.,1,240,1,"","","","","","","","","","","","","","","","","","","","","","","","","","","","",8.8,1,7.8,1,"","","","","","","","","","","","","","","","","","","","","","","","","","",95,1,"","","","","","","","","","","","",10.8,1,1012.1,1,"","","","","","","","",6,1,"","","","","","","","","","","","","","","","","","","","","","","","","","","","","","","","","","","","","","","","","","","","","","","","","","","","","","","","","","","","","","","","","","","","","","","","","","","","","","","","","","","","","","","","","","","","","","","","","","","","","","","",""
"28070001","CHARTRES",48.4605,1.501167,155,1983043006,"","","","",3.,1,60,1,"","","","","","","","","","","","","","","","","","","","","","","","","","","","",8.2,1,7.2,1,"","","","","","","","","","","","","","","","","","","","","","","","","","",94,1,"","","","","","","","","","","","",10.3,1,1010.1,1,"","","","","","",7,1,7,1,5,1,"","","","","","","","","","","","","","","","","","","","","","","","","","","","",15000,1,"","",0,1,"","","","",1,1,"","","","","","","","","","","","","","","","","","","","","","","","","","","","","","","","","","","","","","","","","","","","","","","","","","","","","","","","","","","","","",""
"28070001","CHARTRES",48.4605,1.501167,155,1983043009,"","","","",4.,1,80,1,"","","","","","","","","","","","","","","","","","","","","","","","","","","","",11.,1,7.3,1,"","","","","","","","","","","","","","","","","","","","","","","","","","",79,1,"","","","","","","","","","","","",10.4,1,1007.9,1,"","","","","","",7,1,7,1,5,1,7,1,"","","","","","","","","","","","","","","","","","","","","","","","","","",20000,1,"","",2,1,2,1,"","","","","","","","","","","","","","","","","","","","","","","","","","","","","","","","","","","","","","","","","","","","","","","","","","","","","","","","","","","","","","","","","",""
"28070001","CHARTRES",48.4605,1.501167,155,1983043012,"","","","",4.,1,140,1,"","","","","","","","","","","","","","","","","","","","","","","","","","","","",17.,1,10.2,1,"","","","","","","","","","","","","","","","","","","","","","","","","","","","","","","","","","","","","","","","",12.7,1,1005.6,1,"","","","","","",6,1,0,1,1,1,8,1,2,1,"","","","","","","","","","","","","","","","","","","","","","","","",25000,1,"","",3,1,2,1,"","","","","","","","","","","","","","","","","","","","","","","","","","","","","","","","","","","","","","","","","","","","","","","","","","","","","","","","","","","","","","","","","",""
"28070001","CHARTRES",48.4605,1.501167,155,1983043015,"","","","",6.,1,240,1,"","","","","","","","","","","","","","","","","","","","","","","","","","","","",13.1,1,11.6,1,"","","","","","","","","","","","","","","","","","","","","","","","","","",93,1,"","","","","","","","","","","","",14.,1,1004.3,1,"","","","","","",8,1,8,1,5,1,2,1,"","","","","","","","","","","","","","","","","","","","","","","","","","",15000,1,"","",60,1,6,1,"","","","","","","","","","","","","","","","","","","","","","","","","","","","","","","","","","","","","","","","","","","","","","","","","","","","","","","","","","","","","","","","","",""
"28070001","CHARTRES",48.4605,1.501167,155,1983043018,"","","","",4.,1,200,1,"","","","","","","","","","","","","","","","","","","","","","","","","","","","",12.9,1,11.7,1,"","","","","","","","","","","","","","","","","","","","","","","","","","",95,1,"","","","","","","","","","","","",14.1,1,1001.7,1,"","","","","","","","",8,1,"","","","","","","","","","","","","","","","","","","","","","","","","","","","","","","","","","","","","","","","","","","","","","","","","","","","","","","","","","","","","","","","","","","","","","","","","","","","","","","","","","","","","","","","","","","","","","","","","","","","","","","",""
"28070001","CHARTRES",48.4605,1.501167,155,1983043021,"","","","",5.,1,220,1,"","","","","","","","","","","","","","","","","","","","","","","","","","","","",11.,1,9.2,1,"","","","","","","","","","","","","","","","","","","","","","","","","","",91,1,"","","","","","","","","","","","",11.9,1,1001.2,1,"","","","","","","","",8,1,"","","","","","","","","","","","","","","","","","","","","","","","","","","","","","","","","","","","","","","","","","","","","","","","","","","","","","","","","","","","","","","","","","","","","","","","","","","","","","","","","","","","","","","","","","","","","","","","","","","","","","","",""
"28070001","CHARTRES",48.4605,1.501167,155,1983050100,"","","","",4.,1,220,1,"","","","","","","","","","","","","","","","","","","","","","","","","","","","",10.8,1,10.1,1,"","","","","","","","","","","","","","","","","","","","","","","","","","",97,1,"","","","","","","","","","","","",12.6,1,999.6,1,"","","","","","","","","","","","","","","","","","","","","","","","","","","","","","","","","","","","","","","","","","","","","","","","","","","","","","","","","","","","","","","","","","","","","","","","","","","","","","","","","","","","","","","","","","","","","","","","","","","","","","","","","","","","","","","","","",""
"28070001","CHARTRES",48.4605,1.501167,155,1983050103,"","","","",5.,1,220,1,"","","","","","","","","","","","","","","","","","","","","","","","","","","","",9.2,1,8.5,1,"","","","","","","","","","","","","","","","","","","","","","","","","","",97,1,"","","","","","","","","","","","",11.3,1,997.5,1,"","","","","","","","","","","","","","","","","","","","","","","","","","","","","","","","","","","","","","","","","","","","","","","","","","","","","","","","","","","","","","","","","","","","","","","","","","","","","","","","","","","","","","","","","","","","","","","","","","","","","","","","","","","","","","","","","",""
"28070001","CHARTRES",48.4605,1.501167,155,1983050106,"","","","",6.,1,240,1,"","","","","","","","","","","","","","","","","","","","","","","","","","","","",9.2,1,8.3,1,"","","","","","","","","","","","","","","","","","","","","","","","","","",96,1,"","","","","","","","","","","","",11.2,1,996.8,1,"","","","","","",6,1,0,1,6,1,3,1,0,1,"","","","","","","","","","","","","","","","","","","","","","","","",15000,1,"","",0,1,"","","","",1,1,"","","","","","","","","","","","","","","","","","","","","","","","","","","","","","","","","","","","","","","","","","","","","","","","","","","","","","","","","","","","","",""
"28070001","CHARTRES",48.4605,1.501167,155,1983050109,"","","","",8.,1,240,1,"","","","","","","","","","","","","","","","","","","","","","","","","","","","",11.1,1,8.3,1,"","","","","","","","","","","","","","","","","","","","","","","","","","",85,1,"","","","","","","","","","","","",11.2,1,997.,1,"","","","","","",7,1,7,1,5,1,"","","","","","","","","","","","","","","","","","","","","","","","","","","","",20000,1,"","",1,1,2,1,"","","","","","","","","","","","","","","","","","","","","","","","","","","","","","","","","","","","","","","","","","","","","","","","","","","","","","","","","","","","","","","","","",""
"28070001","CHARTRES",48.4605,1.501167,155,1983050112,"","","","",9.,1,280,1,"","","","","","","","","","","","","","","","","","","","","","","","","","","","",10.2,1,7.4,1,"","","","","","","","","","","","","","","","","","","","","","","","","","",85,1,"","","","","","","","","","","","",10.5,1,998.9,1,"","","","","","",8,1,6,1,8,1,"","","","","","","","","","","","","","","","","","","","","","","","","","","","",20000,1,"","",3,1,8,1,"","","","","","","","","","","","","","","","","","","","","","","","","","","","","","","","","","","","","","","","","","","","","","","","","","","","","","","","","","","","","","","","","",""
"28070001","CHARTRES",48.4605,1.501167,155,1983050115,"","","","",6.,1,280,1,"","","","","","","","","","","","","","","","","","","","","","","","","","","","",13.,1,8.3,1,"","","","","","","","","","","","","","","","","","","","","","","","","","",75,1,"","","","","","","","","","","","",11.2,1,1000.,1,"","","","","","",6,1,0,1,8,1,0,1,0,1,"","","","","","","","","","","","","","","","","","","","","","","","",20000,1,"","",1,1,8,1,"","","","","","","","","","","","","","","","","","","","","","","","","","","","","","","","","","","","","","","","","","","","","","","","","","","","","","","","","","","","","","","","","",""
"28070001","CHARTRES",48.4605,1.501167,155,1983050118,"","","","",3.,1,280,1,"","","","","","","","","","","","","","","","","","","","","","","","","","","","",9.5,1,7.,1,"","","","","","","","","","","","","","","","","","","","","","","","","","",86,1,"","","","","","","","","","","","",10.2,1,1004.4,1,"","","","","","","","",0,1,"","","","","","","","","","","","","","","","","","","","","","","","","","","","","","","","","","","","","","","","","","","","","","","","","","","","","","","","","","","","","","","","","","","","","","","","","","","","","","","","","","","","","","","","","","","","","","","","","","","","","","","",""
"28070001","CHARTRES",48.4605,1.501167,155,1983050121,"","","","",6.,1,260,1,"","","","","","","","","","","","","","","","","","","","","","","","","","","","",7.5,1,5.1,1,"","","","","","","","","","","","","","","","","","","","","","","","","","",86,1,"","","","","","","","","","","","",8.9,1,1004.8,1,"","","","","","","","",0,1,"","","","","","","","","","","","","","","","","","","","","","","","","","","","","","","","","","","","","","","","","","","","","","","","","","","","","","","","","","","","","","","","","","","","","","","","","","","","","","","","","","","","","","","","","","","","","","","","","","","","","","","",""
"28070001","CHARTRES",48.4605,1.501167,155,1983050200,"","","","",7.,1,240,1,"","","","","","","","","","","","","","","","","","","","","","","","","","","","",7.9,1,6.3,1,"","","","","","","","","","","","","","","","","","","","","","","","","","",91,1,"","","","","","","","","","","","",9.7,1,1005.,1,"","","","","","","","",0,1,"","","","","","","","","","","","","","","","","","","","","","","","","","","","","","","","","","","","","","","","","","","","","","","","","","","","","","","","","","","","","","","","","","","","","","","","","","","","","","","","","","","","","","","","","","","","","","","","","","","","","","","",""
"28070001","CHARTRES",48.4605,1.501167,155,1983050203,"","","","",6.,1,260,1,"","","","","","","","","","","","","","","","","","","","","","","","","","","","",7.,1,5.3,1,"","","","","","","","","","","","","","","","","","","","","","","","","","",90,1,"","","","","","","","","","","","",9.,1,1005.2,1,"","","","","","","","",0,1,"","","","","","","","","","","","","","","","","","","","","","","","","","","","","","","","","","","","","","","","","","","","","","","","","","","","","","","","","","","","","","","","","","","","","","","","","","","","","","","","","","","","","","","","","","","","","","","","","","","","","","","",""
"28070001","CHARTRES",48.4605,1.501167,155,1983050206,"","","","",6.,1,220,1,"","","","","","","","","","","","","","","","","","","","","","","","","","","","",7.2,1,5.9,1,"","","","","","","","","","","","","","","","","","","","","","","","","","",93,1,"","","","","","","","","","","","",9.4,1,1005.4,1,"","","","","","",8,1,6,1,5,1,"","","","","","","","","","","","","","","","","","","","","","","","","","","","",8000,1,"","",61,1,"","","","",1,1,"","","","","","","","","","","","","","","","","","","","","","","","","","","","","","","","","","","","","","","","","","","","","","","","","","","","","","","","","","","","","",""
"28070001","CHARTRES",48.4605,1.501167,155,1983050209,"","","","",7.,1,260,1,"","","","","","","","","","","","","","","","","","","","","","","","","","","","",9.4,1,5.7,1,"","","","","","","","","","","","","","","","","","","","","","","","","","",79,1,"","","","","","","","","","","","",9.3,1,1005.5,1,"","","","","","",7,1,5,1,8,1,3,1,"","","","","","","","","","","","","","","","","","","","","","","","","","",12000,1,"","",1,1,6,1,"","","","","","","","","","","","","","","","","","","","","","","","","","","","","","","","","","","","","","","","","","","","","","","","","","","","","","","","","","","","","","","","","",""
"28070001","CHARTRES",48.4605,1.501167,155,1983050212,"","","","",7.,1,260,1,"","","","","","","","","","","","","","","","","","","","","","","","","","","","",10.,1,7.3,1,"","","","","","","","","","","","","","","","","","","","","","","","","","",84,1,"","","","","","","","","","","","",10.4,1,1005.6,1,"","","","","","",6,1,6,1,2,1,0,1,0,1,"","","","","","","","","","","","","","","","","","","","","","","","",12000,1,"","",80,1,8,1,"","","","","","","","","","","","","","","","","","","","","","","","","","","","","","","","","","","","","","","","","","","","","","","","","","","","","","","","","","","","","","","","","",""
"28070001","CHARTRES",48.4605,1.501167,155,1983050215,"","","","",4.,1,260,1,"","","","","","","","","","","","","","","","","","","","","","","","","","","","",10.,1,8.1,1,"","","","","","","","","","","","","","","","","","","","","","","","","","",90,1,"","","","","","","","","","","","",11.,1,1005.6,1,"","","","","","",7,1,0,1,9,1,"","","","","","","","","","","","","","","","","","","","","","","","","","","","",20000,1,"","",25,1,8,1,"","","","","","","","","","","","","","","","","","","","","","","","","","","","","","","","","","","","","","","","","","","","","","","","","","","","","","","","","","","","","","","","","",""
"28070001","CHARTRES",48.4605,1.501167,155,1983050218,"","","","",7.,1,340,1,"","","","","","","","","","","","","","","","","","","","","","","","","","","","",8.3,1,6.3,1,"","","","","","","","","","","","","","","","","","","","","","","","","","",89,1,"","","","","","","","","","","","",9.7,1,1006.8,1,"","","","","","","","",0,1,"","","","","","","","","","","","","","","","","","","","","","","","","","","","","","","","","","","","","","","","","","","","","","","","","","","","","","","","","","","","","","","","","","","","","","","","","","","","","","","","","","","","","","","","","","","","","","","","","","","","","","","",""
"28070001","CHARTRES",48.4605,1.501167,155,1983050221,"","","","",5.,1,280,1,"","","","","","","","","","","","","","","","","","","","","","","","","","","","",7.5,1,4.8,1,"","","","","","","","","","","","","","","","","","","","","","","","","","",84,1,"","","","","","","","","","","","",8.7,1,1009.4,1,"","","","","","","","",0,1,"","","","","","","","","","","","","","","","","","","","","","","","","","","","","","","","","","","","","","","","","","","","","","","","","","","","","","","","","","","","","","","","","","","","","","","","","","","","","","","","","","","","","","","","","","","","","","","","","","","","","","","",""
"28070001","CHARTRES",48.4605,1.501167,155,1983050300,"","","","",4.,1,260,1,"","","","","","","","","","","","","","","","","","","","","","","","","","","","",6.1,1,4.6,1,"","","","","","","","","","","","","","","","","","","","","","","","","","",91,1,"","","","","","","","","","","","",8.6,1,1010.3,1,"","","","","","","","",0,1,"","","","","","","","","","","","","","","","","","","","","","","","","","","","","","","","","","","","","","","","","","","","","","","","","","","","","","","","","","","","","","","","","","","","","","","","","","","","","","","","","","","","","","","","","","","","","","","","","","","","","","","",""
"28070001","CHARTRES",48.4605,1.501167,155,1983050303,"","","","",5.,1,260,1,"","","","","","","","","","","","","","","","","","","","","","","","","","","","",5.8,1,4.3,1,"","","","","","","","","","","","","","","","","","","","","","","","","","",91,1,"","","","","","","","","","","","",8.4,1,1011.2,1,"","","","","","","","",0,1,"","","","","","","","","","","","","","","","","","","","","","","","","","","","","","","","","","","","","","","","","","","","","","","","","","","","","","","","","","","","","","","","","","","","","","","","","","","","","","","","","","","","","","","","","","","","","","","","","","","","","","","",""
"28070001","CHARTRES",48.4605,1.501167,155,1983050306,"","","","",5.,1,260,1,"","","","","","","","","","","","","","","","","","","","","","","","","","","","",6.,1,4.1,1,"","","","","","","","","","","","","","","","","","","","","","","","","","",89,1,"","","","","","","","","","","","",8.3,1,1012.9,1,"","","","","","",6,1,6,1,5,1,0,1,0,1,"","","","","","","","","","","","","","","","","","","","","","","","",20000,1,"","",0,1,"","","","",1,1,"","","","","","","","","","","","","","","","","","","","","","","","","","","","","","","","","","","","","","","","","","","","","","","","","","","","","","","","","","","","","",""
"28070001","CHARTRES",48.4605,1.501167,155,1983050309,"","","","",7.,1,280,1,"","","","","","","","","","","","","","","","","","","","","","","","","","","","",10.1,1,5.6,1,"","","","","","","","","","","","","","","","","","","","","","","","","","",74,1,"","","","","","","","","","","","",9.2,1,1014.9,1,"","","","","","",6,1,5,1,8,1,0,1,0,1,"","","","","","","","","","","","","","","","","","","","","","","","",20000,1,"","",3,1,2,1,"","","","","","","","","","","","","","","","","","","","","","","","","","","","","","","","","","","","","","","","","","","","","","","","","","","","","","","","","","","","","","","","","",""
"28070001","CHARTRES",48.4605,1.501167,155,1983050312,"","","","",6.,1,280,1,"","","","","","","","","","","","","","","","","","","","","","","","","","","","",12.7,1,4.5,1,"","","","","","","","","","","","","","","","","","","","","","","","","","",58,1,"","","","","","","","","","","","",8.5,1,1013.7,1,"","","","","","",6,1,0,1,8,1,0,1,2,1,"","","","","","","","","","","","","","","","","","","","","","","","",25000,1,"","",3,1,2,1,"","","","","","","","","","","","","","","","","","","","","","","","","","","","","","","","","","","","","","","","","","","","","","","","","","","","","","","","","","","","","","","","","",""
"28070001","CHARTRES",48.4605,1.501167,155,1983050315,"","","","",6.,1,280,1,"","","","","","","","","","","","","","","","","","","","","","","","","","","","",14.,1,5.4,1,"","","","","","","","","","","","","","","","","","","","","","","","","","",57,1,"","","","","","","","","","","","",9.1,1,1013.3,1,"","","","","","",7,1,7,1,8,1,0,1,2,1,"","","","","","","","","","","","","","","","","","","","","","","","",20000,1,"","",3,1,2,1,"","","","","","","","","","","","","","","","","","","","","","","","","","","","","","","","","","","","","","","","","","","","","","","","","","","","","","","","","","","","","","","","","",""
"28070001","CHARTRES",48.4605,1.501167,155,1983050318,"","","","",4.,1,240,1,"","","","","","","","","","","","","","","","","","","","","","","","","","","","",12.7,1,6.4,1,"","","","","","","","","","","","","","","","","","","","","","","","","","",67,1,"","","","","","","","","","","","",9.8,1,1012.7,1,"","","","","","","","",7,1,"","","","","","","","","","","","","","","","","","","","","","","","","","","","","","","","","","","","","","","","","","","","","","","","","","","","","","","","","","","","","","","","","","","","","","","","","","","","","","","","","","","","","","","","","","","","","","","","","","","","","","","",""
"28070001","CHARTRES",48.4605,1.501167,155,1983050321,"","","","",4.,1,240,1,"","","","","","","","","","","","","","","","","","","","","","","","","","","","",10.1,1,8.6,1,"","","","","","","","","","","","","","","","","","","","","","","","","","",92,1,"","","","","","","","","","","","",11.4,1,1013.1,1,"","","","","","","","",7,1,"","","","","","","","","","","","","","","","","","","","","","","","","","","","","","","","","","","","","","","","","","","","","","","","","","","","","","","","","","","","","","","","","","","","","","","","","","","","","","","","","","","","","","","","","","","","","","","","","","","","","","","",""
"28070001","CHARTRES",48.4605,1.501167,155,1983050400,"","","","",3.,1,220,1,"","","","","","","","","","","","","","","","","","","","","","","","","","","","",10.3,1,8.7,1,"","","","","","","","","","","","","","","","","","","","","","","","","","",92,1,"","","","","","","","","","","","",11.5,1,1011.8,1,"","","","","","","","",7,1,"","","","","","","","","","","","","","","","","","","","","","","","","","","","","","","","","","","","","","","","","","","","","","","","","","","","","","","","","","","","","","","","","","","","","","","","","","","","","","","","","","","","","","","","","","","","","","","","","","","","","","","",""
"28070001","CHARTRES",48.4605,1.501167,155,1983050403,"","","","",5.,1,260,1,"","","","","","","","","","","","","","","","","","","","","","","","","","","","",10.7,1,9.,1,"","","","","","","","","","","","","","","","","","","","","","","","","","",91,1,"","","","","","","","","","","","",11.7,1,1010.6,1,"","","","","","","","",7,1,"","","","","","","","","","","","","","","","","","","","","","","","","","","","","","","","","","","","","","","","","","","","","","","","","","","","","","","","","","","","","","","","","","","","","","","","","","","","","","","","","","","","","","","","","","","","","","","","","","","","","","","",""
"28070001","CHARTRES",48.4605,1.501167,155,1983050406,"","","","",4.,1,280,1,"","","","","","","","","","","","","","","","","","","","","","","","","","","","",10.,1,8.1,1,"","","","","","","","","","","","","","","","","","","","","","","","","","",90,1,"","","","","","","","","","","","",11.,1,1011.4,1,"","","","","","",4,1,0,1,5,1,3,1,0,1,"","","","","","","","","","","","","","","","","","","","","","","","",20000,1,"","",0,1,"","","","",2,1,"","","","","","","","","","","","","","","","","","","","","","","","","","","","","","","","","","","","","","","","","","","","","","","","","","","","","","","","","","","","","",""
"28070001","CHARTRES",48.4605,1.501167,155,1983050409,"","","","",6.,1,300,1,"","","","","","","","","","","","","","","","","","","","","","","","","","","","",13.5,1,8.5,1,"","","","","","","","","","","","","","","","","","","","","","","","","","",73,1,"","","","","","","","","","","","",11.3,1,1013.6,1,"","","","","","",6,1,5,1,2,1,0,1,2,1,"","","","","","","","","","","","","","","","","","","","","","","","",20000,1,"","",3,1,1,1,"","","","","","","","","","","","","","","","","","","","","","","","","","","","","","","","","","","","","","","","","","","","","","","","","","","","","","","","","","","","","","","","","",""
"28070001","CHARTRES",48.4605,1.501167,155,1983050412,"","","","",4.,1,300,1,"","","","","","","","","","","","","","","","","","","","","","","","","","","","",15.7,1,9.,1,"","","","","","","","","","","","","","","","","","","","","","","","","","",66,1,"","","","","","","","","","","","",11.7,1,1015.,1,"","","","","","",6,1,0,1,8,1,0,1,2,1,"","","","","","","","","","","","","","","","","","","","","","","","",25000,1,"","",1,1,1,1,"","","","","","","","","","","","","","","","","","","","","","","","","","","","","","","","","","","","","","","","","","","","","","","","","","","","","","","","","","","","","","","","","",""
"28070001","CHARTRES",48.4605,1.501167,155,1983050415,"","","","",4.,1,280,1,"","","","","","","","","","","","","","","","","","","","","","","","","","","","",16.2,1,8.5,1,"","","","","","","","","","","","","","","","","","","","","","","","","","",62,1,"","","","","","","","","","","","",11.3,1,1015.5,1,"","","","","","",7,1,5,1,8,1,0,1,2,1,"","","","","","","","","","","","","","","","","","","","","","","","",25000,1,"","",1,1,2,1,"","","","","","","","","","","","","","","","","","","","","","","","","","","","","","","","","","","","","","","","","","","","","","","","","","","","","","","","","","","","","","","","","",""
"28070001","CHARTRES",48.4605,1.501167,155,1983050418,"","","","",3.,1,240,1,"","","","","","","","","","","","","","","","","","","","","","","","","","","","",14.5,1,7.6,1,"","","","","","","","","","","","","","","","","","","","","","","","","","",64,1,"","","","","","","","","","","","",10.6,1,1015.8,1,"","","","","","","","",5,1,"","","","","","","","","","","","","","","","","","","","","","","","","","","","","","","","","","","","","","","","","","","","","","","","","","","","","","","","","","","","","","","","","","","","","","","","","","","","","","","","","","","","","","","","","","","","","","","","","","","","","","","",""
"28070001","CHARTRES",48.4605,1.501167,155,1983050421,"","","","",1.,1,220,1,"","","","","","","","","","","","","","","","","","","","","","","","","","","","",10.4,1,9.1,1,"","","","","","","","","","","","","","","","","","","","","","","","","","",94,1,"","","","","","","","","","","","",11.8,1,1017.4,1,"","","","","","","","",5,1,"","","","","","","","","","","","","","","","","","","","","","","","","","","","","","","","","","","","","","","","","","","","","","","","","","","","","","","","","","","","","","","","","","","","","","","","","","","","","","","","","","","","","","","","","","","","","","","","","","","","","","","",""
"28070001","CHARTRES",48.4605,1.501167,155,1983050500,"","","","",1.,1,240,1,"","","","","","","","","","","","","","","","","","","","","","","","","","","","",8.3,1,7.6,1,"","","","","","","","","","","","","","","","","","","","","","","","","","",97,1,"","","","","","","","","","","","",10.6,1,1017.8,1,"","","","","","","","",5,1,"","","","","","","","","","","","","","","","","","","","","","","","","","","","","","","","","","","","","","","","","","","","","","","","","","","","","","","","","","","","","","","","","","","","","","","","","","","","","","","","","","","","","","","","","","","","","","","","","","","","","","","",""
"28070001","CHARTRES",48.4605,1.501167,155,1983050503,"","","","",1.,1,180,1,"","","","","","","","","","","","","","","","","","","","","","","","","","","","",6.4,1,5.8,1,"","","","","","","","","","","","","","","","","","","","","","","","","","",97,1,"","","","","","","","","","","","",9.3,1,1017.7,1,"","","","","","","","",5,1,"","","","","","","","","","","","","","","","","","","","","","","","","","","","","","","","","","","","","","","","","","","","","","","","","","","","","","","","","","","","","","","","","","","","","","","","","","","","","","","","","","","","","","","","","","","","","","","","","","","","","","","",""
"28070001","CHARTRES",48.4605,1.501167,155,1983050506,"","","","",0.,1,0,1,"","","","","","","","","","","","","","","","","","","","","","","","","","","","",6.6,1,5.6,1,"","","","","","","","","","","","","","","","","","","","","","","","","","",94,1,"","","","","","","","","","","","",9.2,1,1017.3,1,"","","","","","",3,1,0,1,0,1,0,1,2,1,"","","","","","","","","","","","","","","","","","","","","","","","",1200,1,"","",10,1,"","","","",1,1,"","","","","","","","","","","","","","","","","","","","","","","","","","","","","","","","","","","","","","","","","","","","","","","","","","","","","","","","","","","","","",""
"28070001","CHARTRES",48.4605,1.501167,155,1983050509,"","","","",4.,1,160,1,"","","","","","","","","","","","","","","","","","","","","","","","","","","","",15.6,1,10.2,1,"","","","","","","","","","","","","","","","","","","","","","","","","","",72,1,"","","","","","","","","","","","",12.7,1,1016.5,1,"","","","","","",4,1,0,1,0,1,0,1,2,1,"","","","","","","","","","","","","","","","","","","","","","","","",20000,1,"","",3,1,0,1,"","","","","","","","","","","","","","","","","","","","","","","","","","","","","","","","","","","","","","","","","","","","","","","","","","","","","","","","","","","","","","","","","",""
"28070001","CHARTRES",48.4605,1.501167,155,1983050512,"","","","",6.,1,180,1,"","","","","","","","","","","","","","","","","","","","","","","","","","","","",18.2,1,10.9,1,"","","","","","","","","","","","","","","","","","","","","","","","","","",64,1,"","","","","","","","","","","","",13.3,1,1015.7,1,"","","","","","",4,1,0,1,2,1,0,1,9,1,"","","","","","","","","","","","","","","","","","","","","","","","",20000,1,"","",3,1,1,1,"","","","","","","","","","","","","","","","","","","","","","","","","","","","","","","","","","","","","","","","","","","","","","","","","","","","","","","","","","","","","","","","","",""
"28070001","CHARTRES",48.4605,1.501167,155,1983050515,"","","","",4.,1,140,1,"","","","","","","","","","","","","","","","","","","","","","","","","","","","",19.8,1,11.2,1,"","","","","","","","","","","","","","","","","","","","","","","","","","",59,1,"","","","","","","","","","","","",13.6,1,1014.1,1,"","","","","","",4,1,0,1,2,1,0,1,2,1,"","","","","","","","","","","","","","","","","","","","","","","","",20000,1,"","",1,1,0,1,"","","","","","","","","","","","","","","","","","","","","","","","","","","","","","","","","","","","","","","","","","","","","","","","","","","","","","","","","","","","","","","","","",""
"28070001","CHARTRES",48.4605,1.501167,155,1983050518,"","","","",3.,1,120,1,"","","","","","","","","","","","","","","","","","","","","","","","","","","","",17.6,1,10.9,1,"","","","","","","","","","","","","","","","","","","","","","","","","","",66,1,"","","","","","","","","","","","",13.3,1,1012.5,1,"","","","","","","","",0,1,"","","","","","","","","","","","","","","","","","","","","","","","","","","","","","","","","","","","","","","","","","","","","","","","","","","","","","","","","","","","","","","","","","","","","","","","","","","","","","","","","","","","","","","","","","","","","","","","","","","","","","","",""
"28070001","CHARTRES",48.4605,1.501167,155,1983050521,"","","","",5.,1,140,1,"","","","","","","","","","","","","","","","","","","","","","","","","","","","",14.6,1,11.5,1,"","","","","","","","","","","","","","","","","","","","","","","","","","",84,1,"","","","","","","","","","","","",13.9,1,1012.7,1,"","","","","","","","",0,1,"","","","","","","","","","","","","","","","","","","","","","","","","","","","","","","","","","","","","","","","","","","","","","","","","","","","","","","","","","","","","","","","","","","","","","","","","","","","","","","","","","","","","","","","","","","","","","","","","","","","","","","",""
"28070001","CHARTRES",48.4605,1.501167,155,1983050600,"","","","",2.,1,200,1,"","","","","","","","","","","","","","","","","","","","","","","","","","","","",12.8,1,11.2,1,"","","","","","","","","","","","","","","","","","","","","","","","","","",92,1,"","","","","","","","","","","","",13.6,1,1012.8,1,"","","","","","","","",0,1,"","","","","","","","","","","","","","","","","","","","","","","","","","","","","","","","","","","","","","","","","","","","","","","","","","","","","","","","","","","","","","","","","","","","","","","","","","","","","","","","","","","","","","","","","","","","","","","","","","","","","","","",""
"28070001","CHARTRES",48.4605,1.501167,155,1983050603,"","","","",2.,1,240,1,"","","","","","","","","","","","","","","","","","","","","","","","","","","","",13.4,1,11.9,1,"","","","","","","","","","","","","","","","","","","","","","","","","","",93,1,"","","","","","","","","","","","",14.3,1,1012.3,1,"","","","","","","","",0,1,"","","","","","","","","","","","","","","","","","","","","","","","","","","","","","","","","","","","","","","","","","","","","","","","","","","","","","","","","","","","","","","","","","","","","","","","","","","","","","","","","","","","","","","","","","","","","","","","","","","","","","","",""
"28070001","CHARTRES",48.4605,1.501167,155,1983050606,"","","","",1.,1,280,1,"","","","","","","","","","","","","","","","","","","","","","","","","","","","",13.1,1,11.3,1,"","","","","","","","","","","","","","","","","","","","","","","","","","",91,1,"","","","","","","","","","","","",13.7,1,1014.1,1,"","","","","","",8,1,7,1,0,1,7,1,"","","","","","","","","","","","","","","","","","","","","","","","","","",12000,1,"","",0,1,"","","","",2,1,"","","","","","","","","","","","","","","","","","","","","","","","","","","","","","","","","","","","","","","","","","","","","","","","","","","","","","","","","","","","","",""
"28070001","CHARTRES",48.4605,1.501167,155,1983050609,"","","","",1.,1,320,1,"","","","","","","","","","","","","","","","","","","","","","","","","","","","",16.1,1,11.3,1,"","","","","","","","","","","","","","","","","","","","","","","","","","",75,1,"","","","","","","","","","","","",13.7,1,1014.8,1,"","","","","","",7,1,7,1,0,1,8,1,2,1,"","","","","","","","","","","","","","","","","","","","","","","","",15000,1,"","",1,1,2,1,"","","","","","","","","","","","","","","","","","","","","","","","","","","","","","","","","","","","","","","","","","","","","","","","","","","","","","","","","","","","","","","","","",""
"28070001","CHARTRES",48.4605,1.501167,155,1983050612,"","","","",4.,1,260,1,"","","","","","","","","","","","","","","","","","","","","","","","","","","","",16.5,1,11.6,1,"","","","","","","","","","","","","","","","","","","","","","","","","","",74,1,"","","","","","","","","","","","",14.,1,1015.,1,"","","","","","",8,1,5,1,8,1,"","","","","","","","","","","","","","","","","","","","","","","","","","","","",20000,1,"","",25,1,8,1,"","","","","","","","","","","","","","","","","","","","","","","","","","","","","","","","","","","","","","","","","","","","","","","","","","","","","","","","","","","","","","","","","",""
"28070001","CHARTRES",48.4605,1.501167,155,1983050615,"","","","",2.,1,320,1,"","","","","","","","","","","","","","","","","","","","","","","","","","","","",15.1,1,11.1,1,"","","","","","","","","","","","","","","","","","","","","","","","","","",78,1,"","","","","","","","","","","","",13.5,1,1014.8,1,"","","","","","",8,1,8,1,5,1,"","","","","","","","","","","","","","","","","","","","","","","","","","","","",20000,1,"","",3,1,6,1,"","","","","","","","","","","","","","","","","","","","","","","","","","","","","","","","","","","","","","","","","","","","","","","","","","","","","","","","","","","","","","","","","",""
"28070001","CHARTRES",48.4605,1.501167,155,1983050618,"","","","",3.,1,240,1,"","","","","","","","","","","","","","","","","","","","","","","","","","","","",15.1,1,11.8,1,"","","","","","","","","","","","","","","","","","","","","","","","","","",83,1,"","","","","","","","","","","","",14.2,1,1014.4,1,"","","","","","","","",8,1,"","","","","","","","","","","","","","","","","","","","","","","","","","","","","","","","","","","","","","","","","","","","","","","","","","","","","","","","","","","","","","","","","","","","","","","","","","","","","","","","","","","","","","","","","","","","","","","","","","","","","","","",""
"28070001","CHARTRES",48.4605,1.501167,155,1983050621,"","","","",3.,1,260,1,"","","","","","","","","","","","","","","","","","","","","","","","","","","","",13.5,1,11.7,1,"","","","","","","","","","","","","","","","","","","","","","","","","","",91,1,"","","","","","","","","","","","",14.1,1,1013.9,1,"","","","","","","","",8,1,"","","","","","","","","","","","","","","","","","","","","","","","","","","","","","","","","","","","","","","","","","","","","","","","","","","","","","","","","","","","","","","","","","","","","","","","","","","","","","","","","","","","","","","","","","","","","","","","","","","","","","","",""
"28070001","CHARTRES",48.4605,1.501167,155,1983050700,"","","","",3.,1,260,1,"","","","","","","","","","","","","","","","","","","","","","","","","","","","",12.6,1,10.8,1,"","","","","","","","","","","","","","","","","","","","","","","","","","",91,1,"","","","","","","","","","","","",13.3,1,1013.9,1,"","","","","","","","",8,1,"","","","","","","","","","","","","","","","","","","","","","","","","","","","","","","","","","","","","","","","","","","","","","","","","","","","","","","","","","","","","","","","","","","","","","","","","","","","","","","","","","","","","","","","","","","","","","","","","","","","","","","",""
"28070001","CHARTRES",48.4605,1.501167,155,1983050703,"","","","",3.,1,260,1,"","","","","","","","","","","","","","","","","","","","","","","","","","","","",10.5,1,9.6,1,"","","","","","","","","","","","","","","","","","","","","","","","","","",96,1,"","","","","","","","","","","","",12.2,1,1013.1,1,"","","","","","","","",8,1,"","","","","","","","","","","","","","","","","","","","","","","","","","","","","","","","","","","","","","","","","","","","","","","","","","","","","","","","","","","","","","","","","","","","","","","","","","","","","","","","","","","","","","","","","","","","","","","","","","","","","","","",""
"28070001","CHARTRES",48.4605,1.501167,155,1983050706,"","","","",3.,1,240,1,"","","","","","","","","","","","","","","","","","","","","","","","","","","","",9.8,1,8.7,1,"","","","","","","","","","","","","","","","","","","","","","","","","","",95,1,"","","","","","","","","","","","",11.5,1,1012.7,1,"","","","","","",7,1,7,1,5,1,"","","","","","","","","","","","","","","","","","","","","","","","","","","","",6000,1,"","",0,1,"","","","",1,1,"","","","","","","","","","","","","","","","","","","","","","","","","","","","","","","","","","","","","","","","","","","","","","","","","","","","","","","","","","","","","",""
"28070001","CHARTRES",48.4605,1.501167,155,1983050709,"","","","",5.,1,240,1,"","","","","","","","","","","","","","","","","","","","","","","","","","","","",12.1,1,7.6,1,"","","","","","","","","","","","","","","","","","","","","","","","","","",75,1,"","","","","","","","","","","","",10.6,1,1012.4,1,"","","","","","",8,1,5,1,6,1,0,1,7,1,"","","","","","","","","","","","","","","","","","","","","","","","",15000,1,"","",3,1,2,1,"","","","","","","","","","","","","","","","","","","","","","","","","","","","","","","","","","","","","","","","","","","","","","","","","","","","","","","","","","","","","","","","","",""
"28070001","CHARTRES",48.4605,1.501167,155,1983050712,"","","","",7.,1,240,1,"","","","","","","","","","","","","","","","","","","","","","","","","","","","",13.,1,8.6,1,"","","","","","","","","","","","","","","","","","","","","","","","","","",76,1,"","","","","","","","","","","","",11.4,1,1011.1,1,"","","","","","",8,1,6,1,8,1,0,1,7,1,"","","","","","","","","","","","","","","","","","","","","","","","",20000,1,"","",1,1,2,1,"","","","","","","","","","","","","","","","","","","","","","","","","","","","","","","","","","","","","","","","","","","","","","","","","","","","","","","","","","","","","","","","","",""
"28070001","CHARTRES",48.4605,1.501167,155,1983050715,"","","","",7.,1,260,1,"","","","","","","","","","","","","","","","","","","","","","","","","","","","",12.9,1,9.7,1,"","","","","","","","","","","","","","","","","","","","","","","","","","",83,1,"","","","","","","","","","","","",12.3,1,1010.3,1,"","","","","","",7,1,6,1,9,1,0,1,2,1,"","","","","","","","","","","","","","","","","","","","","","","","",20000,1,"","",25,1,8,1,"","","","","","","","","","","","","","","","","","","","","","","","","","","","","","","","","","","","","","","","","","","","","","","","","","","","","","","","","","","","","","","","","",""
"28070001","CHARTRES",48.4605,1.501167,155,1983050718,"","","","",4.,1,260,1,"","","","","","","","","","","","","","","","","","","","","","","","","","","","",12.6,1,8.,1,"","","","","","","","","","","","","","","","","","","","","","","","","","",75,1,"","","","","","","","","","","","",10.9,1,1009.3,1,"","","","","","","","",6,1,"","","","","","","","","","","","","","","","","","","","","","","","","","","","","","","","","","","","","","","","","","","","","","","","","","","","","","","","","","","","","","","","","","","","","","","","","","","","","","","","","","","","","","","","","","","","","","","","","","","","","","","",""
"28070001","CHARTRES",48.4605,1.501167,155,1983050721,"","","","",4.,1,260,1,"","","","","","","","","","","","","","","","","","","","","","","","","","","","",10.2,1,8.6,1,"","","","","","","","","","","","","","","","","","","","","","","","","","",92,1,"","","","","","","","","","","","",11.4,1,1010.1,1,"","","","","","","","",6,1,"","","","","","","","","","","","","","","","","","","","","","","","","","","","","","","","","","","","","","","","","","","","","","","","","","","","","","","","","","","","","","","","","","","","","","","","","","","","","","","","","","","","","","","","","","","","","","","","","","","","","","","",""
"28070001","CHARTRES",48.4605,1.501167,155,1983050800,"","","","",3.,1,280,1,"","","","","","","","","","","","","","","","","","","","","","","","","","","","",9.5,1,8.6,1,"","","","","","","","","","","","","","","","","","","","","","","","","","",96,1,"","","","","","","","","","","","",11.4,1,1010.1,1,"","","","","","","","",6,1,"","","","","","","","","","","","","","","","","","","","","","","","","","","","","","","","","","","","","","","","","","","","","","","","","","","","","","","","","","","","","","","","","","","","","","","","","","","","","","","","","","","","","","","","","","","","","","","","","","","","","","","",""
"28070001","CHARTRES",48.4605,1.501167,155,1983050803,"","","","",5.,1,260,1,"","","","","","","","","","","","","","","","","","","","","","","","","","","","",9.2,1,7.6,1,"","","","","","","","","","","","","","","","","","","","","","","","","","",91,1,"","","","","","","","","","","","",10.6,1,1010.1,1,"","","","","","","","",6,1,"","","","","","","","","","","","","","","","","","","","","","","","","","","","","","","","","","","","","","","","","","","","","","","","","","","","","","","","","","","","","","","","","","","","","","","","","","","","","","","","","","","","","","","","","","","","","","","","","","","","","","","",""
"28070001","CHARTRES",48.4605,1.501167,155,1983050806,"","","","",4.,1,280,1,"","","","","","","","","","","","","","","","","","","","","","","","","","","","",9.1,1,7.4,1,"","","","","","","","","","","","","","","","","","","","","","","","","","",91,1,"","","","","","","","","","","","",10.5,1,1009.6,1,"","","","","","",8,1,8,1,5,1,"","","","","","","","","","","","","","","","","","","","","","","","","","","","",10000,1,"","",0,1,"","","","",1,1,"","","","","","","","","","","","","","","","","","","","","","","","","","","","","","","","","","","","","","","","","","","","","","","","","","","","","","","","","","","","","",""
"28070001","CHARTRES",48.4605,1.501167,155,1983050809,"","","","",4.,1,300,1,"","","","","","","","","","","","","","","","","","","","","","","","","","","","",11.8,1,7.4,1,"","","","","","","","","","","","","","","","","","","","","","","","","","",76,1,"","","","","","","","","","","","",10.5,1,1009.5,1,"","","","","","",6,1,0,1,8,1,0,1,0,1,"","","","","","","","","","","","","","","","","","","","","","","","",20000,1,"","",1,1,2,1,"","","","","","","","","","","","","","","","","","","","","","","","","","","","","","","","","","","","","","","","","","","","","","","","","","","","","","","","","","","","","","","","","",""
"28070001","CHARTRES",48.4605,1.501167,155,1983050812,"","","","",7.,1,260,1,"","","","","","","","","","","","","","","","","","","","","","","","","","","","",13.9,1,5.7,1,"","","","","","","","","","","","","","","","","","","","","","","","","","",59,1,"","","","","","","","","","","","",9.3,1,1008.8,1,"","","","","","",6,1,0,1,3,1,0,1,0,1,"","","","","","","","","","","","","","","","","","","","","","","","",20000,1,"","",1,1,2,1,"","","","","","","","","","","","","","","","","","","","","","","","","","","","","","","","","","","","","","","","","","","","","","","","","","","","","","","","","","","","","","","","","",""
"28070001","CHARTRES",48.4605,1.501167,155,1983050815,"","","","",7.,1,300,1,"","","","","","","","","","","","","","","","","","","","","","","","","","","","",15.1,1,6.3,1,"","","","","","","","","","","","","","","","","","","","","","","","","","","","","","","","","","","","","","","","",9.7,1,1008.4,1,"","","","","","",6,1,5,1,8,1,0,1,0,1,"","","","","","","","","","","","","","","","","","","","","","","","",20000,1,"","",2,1,2,1,"","","","","","","","","","","","","","","","","","","","","","","","","","","","","","","","","","","","","","","","","","","","","","","","","","","","","","","","","","","","","","","","","",""
"28070001","CHARTRES",48.4605,1.501167,155,1983050818,"","","","",3.,1,340,1,"","","","","","","","","","","","","","","","","","","","","","","","","","","","",12.8,1,5.7,1,"","","","","","","","","","","","","","","","","","","","","","","","","","",63,1,"","","","","","","","","","","","",9.3,1,1008.6,1,"","","","","","","","",5,1,"","","","","","","","","","","","","","","","","","","","","","","","","","","","","","","","","","","","","","","","","","","","","","","","","","","","","","","","","","","","","","","","","","","","","","","","","","","","","","","","","","","","","","","","","","","","","","","","","","","","","","","",""
"28070001","CHARTRES",48.4605,1.501167,155,1983050821,"","","","",2.,1,280,1,"","","","","","","","","","","","","","","","","","","","","","","","","","","","",10.5,1,8.5,1,"","","","","","","","","","","","","","","","","","","","","","","","","","",89,1,"","","","","","","","","","","","",11.3,1,1009.7,1,"","","","","","","","",5,1,"","","","","","","","","","","","","","","","","","","","","","","","","","","","","","","","","","","","","","","","","","","","","","","","","","","","","","","","","","","","","","","","","","","","","","","","","","","","","","","","","","","","","","","","","","","","","","","","","","","","","","","",""
"28070001","CHARTRES",48.4605,1.501167,155,1983050900,"","","","",2.,1,260,1,"","","","","","","","","","","","","","","","","","","","","","","","","","","","",8.6,1,7.4,1,"","","","","","","","","","","","","","","","","","","","","","","","","","",94,1,"","","","","","","","","","","","",10.5,1,1010.,1,"","","","","","","","",5,1,"","","","","","","","","","","","","","","","","","","","","","","","","","","","","","","","","","","","","","","","","","","","","","","","","","","","","","","","","","","","","","","","","","","","","","","","","","","","","","","","","","","","","","","","","","","","","","","","","","","","","","","",""
"28070001","CHARTRES",48.4605,1.501167,155,1983050903,"","","","",2.,1,240,1,"","","","","","","","","","","","","","","","","","","","","","","","","","","","",7.8,1,6.6,1,"","","","","","","","","","","","","","","","","","","","","","","","","","",94,1,"","","","","","","","","","","","",9.9,1,1009.3,1,"","","","","","","","",5,1,"","","","","","","","","","","","","","","","","","","","","","","","","","","","","","","","","","","","","","","","","","","","","","","","","","","","","","","","","","","","","","","","","","","","","","","","","","","","","","","","","","","","","","","","","","","","","","","","","","","","","","","",""
"28070001","CHARTRES",48.4605,1.501167,155,1983050906,"","","","",4.,1,240,1,"","","","","","","","","","","","","","","","","","","","","","","","","","","","",8.7,1,7.4,1,"","","","","","","","","","","","","","","","","","","","","","","","","","",93,1,"","","","","","","","","","","","",10.5,1,1009.1,1,"","","","","","",7,1,7,1,5,1,"","","","","","","","","","","","","","","","","","","","","","","","","","","","",8000,1,"","",0,1,"","","","",1,1,"","","","","","","","","","","","","","","","","","","","","","","","","","","","","","","","","","","","","","","","","","","","","","","","","","","","","","","","","","","","","",""
"28070001","CHARTRES",48.4605,1.501167,155,1983050909,"","","","",6.,1,220,1,"","","","","","","","","","","","","","","","","","","","","","","","","","","","",11.9,1,8.6,1,"","","","","","","","","","","","","","","","","","","","","","","","","","",82,1,"","","","","","","","","","","","",11.4,1,1007.9,1,"","","","","","",7,1,7,1,8,1,"","","","","","","","","","","","","","","","","","","","","","","","","","","","",20000,1,"","",3,1,2,1,"","","","","","","","","","","","","","","","","","","","","","","","","","","","","","","","","","","","","","","","","","","","","","","","","","","","","","","","","","","","","","","","","",""
"28070001","CHARTRES",48.4605,1.501167,155,1983050912,"","","","",6.,1,240,1,"","","","","","","","","","","","","","","","","","","","","","","","","","","","",12.5,1,9.8,1,"","","","","","","","","","","","","","","","","","","","","","","","","","",86,1,"","","","","","","","","","","","",12.4,1,1006.,1,"","","","","","",8,1,6,1,5,1,"","","","","","","","","","","","","","","","","","","","","","","","","","","","",20000,1,"","",1,1,5,1,"","","","","","","","","","","","","","","","","","","","","","","","","","","","","","","","","","","","","","","","","","","","","","","","","","","","","","","","","","","","","","","","","",""
"28070001","CHARTRES",48.4605,1.501167,155,1983050915,"","","","",8.,1,240,1,"","","","","","","","","","","","","","","","","","","","","","","","","","","","",13.7,1,10.5,1,"","","","","","","","","","","","","","","","","","","","","","","","","","",83,1,"","","","","","","","","","","","",13.,1,1004.2,1,"","","","","","",8,1,8,1,5,1,"","","","","","","","","","","","","","","","","","","","","","","","","","","","",20000,1,"","",3,1,6,1,"","","","","","","","","","","","","","","","","","","","","","","","","","","","","","","","","","","","","","","","","","","","","","","","","","","","","","","","","","","","","","","","","",""
"28070001","CHARTRES",48.4605,1.501167,155,1983050918,"","","","",4.,1,340,1,"","","","","","","","","","","","","","","","","","","","","","","","","","","","",11.4,1,9.5,1,"","","","","","","","","","","","","","","","","","","","","","","","","","",90,1,"","","","","","","","","","","","",12.1,1,1003.6,1,"","","","","","","","",8,1,"","","","","","","","","","","","","","","","","","","","","","","","","","","","","","","","","","","","","","","","","","","","","","","","","","","","","","","","","","","","","","","","","","","","","","","","","","","","","","","","","","","","","","","","","","","","","","","","","","","","","","","",""
"28070001","CHARTRES",48.4605,1.501167,155,1983050921,"","","","",3.,1,300,1,"","","","","","","","","","","","","","","","","","","","","","","","","","","","",9.7,1,6.9,1,"","","","","","","","","","","","","","","","","","","","","","","","","","",84,1,"","","","","","","","","","","","",10.1,1,1005.6,1,"","","","","","","","",8,1,"","","","","","","","","","","","","","","","","","","","","","","","","","","","","","","","","","","","","","","","","","","","","","","","","","","","","","","","","","","","","","","","","","","","","","","","","","","","","","","","","","","","","","","","","","","","","","","","","","","","","","","",""
"28070001","CHARTRES",48.4605,1.501167,155,1983051000,"","","","",3.,1,300,1,"","","","","","","","","","","","","","","","","","","","","","","","","","","","",7.8,1,4.5,1,"","","","","","","","","","","","","","","","","","","","","","","","","","",80,1,"","","","","","","","","","","","",8.5,1,1005.8,1,"","","","","","","","",8,1,"","","","","","","","","","","","","","","","","","","","","","","","","","","","","","","","","","","","","","","","","","","","","","","","","","","","","","","","","","","","","","","","","","","","","","","","","","","","","","","","","","","","","","","","","","","","","","","","","","","","","","","",""
"28070001","CHARTRES",48.4605,1.501167,155,1983051003,"","","","",2.,1,240,1,"","","","","","","","","","","","","","","","","","","","","","","","","","","","",5.9,1,4.8,1,"","","","","","","","","","","","","","","","","","","","","","","","","","",94,1,"","","","","","","","","","","","",8.7,1,1005.4,1,"","","","","","","","",8,1,"","","","","","","","","","","","","","","","","","","","","","","","","","","","","","","","","","","","","","","","","","","","","","","","","","","","","","","","","","","","","","","","","","","","","","","","","","","","","","","","","","","","","","","","","","","","","","","","","","","","","","","",""
"28070001","CHARTRES",48.4605,1.501167,155,1983051006,"","","","",5.,1,220,1,"","","","","","","","","","","","","","","","","","","","","","","","","","","","",6.1,1,5.3,1,"","","","","","","","","","","","","","","","","","","","","","","","","","",95,1,"","","","","","","","","","","","",9.,1,1004.7,1,"","","","","","",4,1,0,1,8,1,0,1,2,1,"","","","","","","","","","","","","","","","","","","","","","","","",20000,1,"","",0,1,"","","","",1,1,"","","","","","","","","","","","","","","","","","","","","","","","","","","","","","","","","","","","","","","","","","","","","","","","","","","","","","","","","","","","","",""
"28070001","CHARTRES",48.4605,1.501167,155,1983051009,"","","","",8.,1,220,1,"","","","","","","","","","","","","","","","","","","","","","","","","","","","",10.,1,4.9,1,"","","","","","","","","","","","","","","","","","","","","","","","","","",72,1,"","","","","","","","","","","","",8.8,1,1002.7,1,"","","","","","",6,1,6,1,2,1,0,1,0,1,"","","","","","","","","","","","","","","","","","","","","","","","",20000,1,"","",3,1,1,1,"","","","","","","","","","","","","","","","","","","","","","","","","","","","","","","","","","","","","","","","","","","","","","","","","","","","","","","","","","","","","","","","","",""
"28070001","CHARTRES",48.4605,1.501167,155,1983051012,"","","","",9.,1,240,1,"","","","","","","","","","","","","","","","","","","","","","","","","","","","",8.9,1,4.9,1,"","","","","","","","","","","","","","","","","","","","","","","","","","",77,1,"","","","","","","","","","","","",8.8,1,1001.9,1,"","","","","","",7,1,5,1,9,1,"","","","","","","","","","","","","","","","","","","","","","","","","","","","",20000,1,"","",3,1,8,1,"","","","","","","","","","","","","","","","","","","","","","","","","","","","","","","","","","","","","","","","","","","","","","","","","","","","","","","","","","","","","","","","","",""
"28070001","CHARTRES",48.4605,1.501167,155,1983051015,"","","","",6.,1,260,1,"","","","","","","","","","","","","","","","","","","","","","","","","","","","",11.9,1,5.3,1,"","","","","","","","","","","","","","","","","","","","","","","","","","",65,1,"","","","","","","","","","","","",9.,1,999.2,1,"","","","","","",5,1,0,1,8,1,0,1,0,1,"","","","","","","","","","","","","","","","","","","","","","","","",20000,1,"","",3,1,1,1,"","","","","","","","","","","","","","","","","","","","","","","","","","","","","","","","","","","","","","","","","","","","","","","","","","","","","","","","","","","","","","","","","",""
"28070001","CHARTRES",48.4605,1.501167,155,1983051018,"","","","",5.,1,240,1,"","","","","","","","","","","","","","","","","","","","","","","","","","","","",10.1,1,6.,1,"","","","","","","","","","","","","","","","","","","","","","","","","","",77,1,"","","","","","","","","","","","",9.5,1,998.1,1,"","","","","","","","",0,1,"","","","","","","","","","","","","","","","","","","","","","","","","","","","","","","","","","","","","","","","","","","","","","","","","","","","","","","","","","","","","","","","","","","","","","","","","","","","","","","","","","","","","","","","","","","","","","","","","","","","","","","",""
"28070001","CHARTRES",48.4605,1.501167,155,1983051021,"","","","",6.,1,240,1,"","","","","","","","","","","","","","","","","","","","","","","","","","","","",7.7,1,6.3,1,"","","","","","","","","","","","","","","","","","","","","","","","","","",92,1,"","","","","","","","","","","","",9.7,1,998.4,1,"","","","","","","","",0,1,"","","","","","","","","","","","","","","","","","","","","","","","","","","","","","","","","","","","","","","","","","","","","","","","","","","","","","","","","","","","","","","","","","","","","","","","","","","","","","","","","","","","","","","","","","","","","","","","","","","","","","","",""
"28070001","CHARTRES",48.4605,1.501167,155,1983051100,"","","","",6.,1,220,1,"","","","","","","","","","","","","","","","","","","","","","","","","","","","",6.7,1,6.,1,"","","","","","","","","","","","","","","","","","","","","","","","","","",97,1,"","","","","","","","","","","","",9.5,1,997.1,1,"","","","","","","","",0,1,"","","","","","","","","","","","","","","","","","","","","","","","","","","","","","","","","","","","","","","","","","","","","","","","","","","","","","","","","","","","","","","","","","","","","","","","","","","","","","","","","","","","","","","","","","","","","","","","","","","","","","","",""
"28070001","CHARTRES",48.4605,1.501167,155,1983051103,"","","","",8.,1,220,1,"","","","","","","","","","","","","","","","","","","","","","","","","","","","",7.5,1,6.4,1,"","","","","","","","","","","","","","","","","","","","","","","","","","",95,1,"","","","","","","","","","","","",9.8,1,994.,1,"","","","","","","","",0,1,"","","","","","","","","","","","","","","","","","","","","","","","","","","","","","","","","","","","","","","","","","","","","","","","","","","","","","","","","","","","","","","","","","","","","","","","","","","","","","","","","","","","","","","","","","","","","","","","","","","","","","","",""
"28070001","CHARTRES",48.4605,1.501167,155,1983051106,"","","","",8.,1,220,1,"","","","","","","","","","","","","","","","","","","","","","","","","","","","",7.5,1,6.4,1,"","","","","","","","","","","","","","","","","","","","","","","","","","",94,1,"","","","","","","","","","","","",9.8,1,992.4,1,"","","","","","",8,1,8,1,7,1,"","","","","","","","","","","","","","","","","","","","","","","","","","","","",15000,1,"","",61,1,"","","","","","","","","","","","","","","","","","","","","","","","","","","","","","","","","","","","","","","","","","","","","","","","","","","","","","","","","","","","","","","","","","","",""
"28070001","CHARTRES",48.4605,1.501167,155,1983051109,"","","","",8.,1,220,1,"","","","","","","","","","","","","","","","","","","","","","","","","","","","",8.1,1,6.6,1,"","","","","","","","","","","","","","","","","","","","","","","","","","",92,1,"","","","","","","","","","","","",9.9,1,990.9,1,"","","","","","",8,1,8,1,6,1,"","","","","","","","","","","","","","","","","","","","","","","","","","","","",20000,1,"","",21,1,6,1,"","","","","","","","","","","","","","","","","","","","","","","","","","","","","","","","","","","","","","","","","","","","","","","","","","","","","","","","","","","","","","","","","",""
"28070001","CHARTRES",48.4605,1.501167,155,1983051112,"","","","",9.,1,280,1,"","","","","","","","","","","","","","","","","","","","","","","","","","","","",12.2,1,5.4,1,"","","","","","","","","","","","","","","","","","","","","","","","","","",64,1,"","","","","","","","","","","","",9.1,1,993.5,1,"","","","","","",6,1,6,1,2,1,0,1,0,1,"","","","","","","","","","","","","","","","","","","","","","","","",20000,1,"","",1,1,8,1,"","","","","","","","","","","","","","","","","","","","","","","","","","","","","","","","","","","","","","","","","","","","","","","","","","","","","","","","","","","","","","","","","",""
"28070001","CHARTRES",48.4605,1.501167,155,1983051115,"","","","",10.,1,260,1,"","","","","","","","","","","","","","","","","","","","","","","","","","","","",13.2,1,6.6,1,"","","","","","","","","","","","","","","","","","","","","","","","","","",65,1,"","","","","","","","","","","","",9.9,1,995.3,1,"","","","","","",6,1,0,1,9,1,0,1,3,1,"","","","","","","","","","","","","","","","","","","","","","","","",20000,1,"","",1,1,8,1,"","","","","","","","","","","","","","","","","","","","","","","","","","","","","","","","","","","","","","","","","","","","","","","","","","","","","","","","","","","","","","","","","",""
"28070001","CHARTRES",48.4605,1.501167,155,1983051118,"","","","",7.,1,240,1,"","","","","","","","","","","","","","","","","","","","","","","","","","","","",10.8,1,6.9,1,"","","","","","","","","","","","","","","","","","","","","","","","","","",78,1,"","","","","","","","","","","","",10.1,1,997.5,1,"","","","","","","","",0,1,"","","","","","","","","","","","","","","","","","","","","","","","","","","","","","","","","","","","","","","","","","","","","","","","","","","","","","","","","","","","","","","","","","","","","","","","","","","","","","","","","","","","","","","","","","","","","","","","","","","","","","","",""
"28070001","CHARTRES",48.4605,1.501167,155,1983051121,"","","","",5.,1,220,1,"","","","","","","","","","","","","","","","","","","","","","","","","","","","",8.8,1,7.3,1,"","","","","","","","","","","","","","","","","","","","","","","","","","",92,1,"","","","","","","","","","","","",10.4,1,999.3,1,"","","","","","","","",0,1,"","","","","","","","","","","","","","","","","","","","","","","","","","","","","","","","","","","","","","","","","","","","","","","","","","","","","","","","","","","","","","","","","","","","","","","","","","","","","","","","","","","","","","","","","","","","","","","","","","","","","","","",""
"28070001","CHARTRES",48.4605,1.501167,155,1983051200,"","","","",4.,1,200,1,"","","","","","","","","","","","","","","","","","","","","","","","","","","","",8.,1,6.9,1,"","","","","","","","","","","","","","","","","","","","","","","","","","",94,1,"","","","","","","","","","","","",10.1,1,997.6,1,"","","","","","","","",0,1,"","","","","","","","","","","","","","","","","","","","","","","","","","","","","","","","","","","","","","","","","","","","","","","","","","","","","","","","","","","","","","","","","","","","","","","","","","","","","","","","","","","","","","","","","","","","","","","","","","","","","","","",""
"28070001","CHARTRES",48.4605,1.501167,155,1983051203,"","","","",5.,1,180,1,"","","","","","","","","","","","","","","","","","","","","","","","","","","","",7.6,1,6.7,1,"","","","","","","","","","","","","","","","","","","","","","","","","","",96,1,"","","","","","","","","","","","",10.,1,994.6,1,"","","","","","","","",0,1,"","","","","","","","","","","","","","","","","","","","","","","","","","","","","","","","","","","","","","","","","","","","","","","","","","","","","","","","","","","","","","","","","","","","","","","","","","","","","","","","","","","","","","","","","","","","","","","","","","","","","","","",""
"28070001","CHARTRES",48.4605,1.501167,155,1983051206,"","","","",10.,1,220,1,"","","","","","","","","","","","","","","","","","","","","","","","","","","","",9.4,1,7.8,1,"","","","","","","","","","","","","","","","","","","","","","","","","","",92,1,"","","","","","","","","","","","",10.8,1,991.2,1,"","","","","","",8,1,5,1,5,1,2,1,"","","","","","","","","","","","","","","","","","","","","","","","","","",10000,1,"","",61,1,"","","","",2,1,"","","","","","","","","","","","","","","","","","","","","","","","","","","","","","","","","","","","","","","","","","","","","","","","","","","","","","","","","","","","","",""
"28070001","CHARTRES",48.4605,1.501167,155,1983051209,"","","","",7.,1,280,1,"","","","","","","","","","","","","","","","","","","","","","","","","","","","",10.,1,6.,1,"","","","","","","","","","","","","","","","","","","","","","","","","","",77,1,"","","","","","","","","","","","",9.5,1,995.2,1,"","","","","","",8,1,8,1,8,1,2,1,"","","","","","","","","","","","","","","","","","","","","","","","","","",15000,1,"","",1,1,6,1,"","","","","","","","","","","","","","","","","","","","","","","","","","","","","","","","","","","","","","","","","","","","","","","","","","","","","","","","","","","","","","","","","",""
"28070001","CHARTRES",48.4605,1.501167,155,1983051212,"","","","",7.,1,260,1,"","","","","","","","","","","","","","","","","","","","","","","","","","","","",11.2,1,5.7,1,"","","","","","","","","","","","","","","","","","","","","","","","","","",70,1,"","","","","","","","","","","","",9.3,1,998.3,1,"","","","","","",8,1,8,1,2,1,2,1,"","","","","","","","","","","","","","","","","","","","","","","","","","",20000,1,"","",2,1,6,1,"","","","","","","","","","","","","","","","","","","","","","","","","","","","","","","","","","","","","","","","","","","","","","","","","","","","","","","","","","","","","","","","","",""
"28070001","CHARTRES",48.4605,1.501167,155,1983051215,"","","","",10.,1,240,1,"","","","","","","","","","","","","","","","","","","","","","","","","","","","",14.3,1,6.6,1,"","","","","","","","","","","","","","","","","","","","","","","","","","",60,1,"","","","","","","","","","","","",9.9,1,999.5,1,"","","","","","",4,1,0,1,2,1,3,1,0,1,"","","","","","","","","","","","","","","","","","","","","","","","",20000,1,"","",1,1,1,1,"","","","","","","","","","","","","","","","","","","","","","","","","","","","","","","","","","","","","","","","","","","","","","","","","","","","","","","","","","","","","","","","","",""
"28070001","CHARTRES",48.4605,1.501167,155,1983051218,"","","","",7.,1,240,1,"","","","","","","","","","","","","","","","","","","","","","","","","","","","",13.,1,5.7,1,"","","","","","","","","","","","","","","","","","","","","","","","","","",62,1,"","","","","","","","","","","","",9.3,1,1001.3,1,"","","","","","","","",0,1,"","","","","","","","","","","","","","","","","","","","","","","","","","","","","","","","","","","","","","","","","","","","","","","","","","","","","","","","","","","","","","","","","","","","","","","","","","","","","","","","","","","","","","","","","","","","","","","","","","","","","","","",""
"28070001","CHARTRES",48.4605,1.501167,155,1983051221,"","","","",5.,1,240,1,"","","","","","","","","","","","","","","","","","","","","","","","","","","","",9.8,1,6.6,1,"","","","","","","","","","","","","","","","","","","","","","","","","","",82,1,"","","","","","","","","","","","",9.9,1,1004.1,1,"","","","","","","","",0,1,"","","","","","","","","","","","","","","","","","","","","","","","","","","","","","","","","","","","","","","","","","","","","","","","","","","","","","","","","","","","","","","","","","","","","","","","","","","","","","","","","","","","","","","","","","","","","","","","","","","","","","","",""
"28070001","CHARTRES",48.4605,1.501167,155,1983051300,"","","","",4.,1,220,1,"","","","","","","","","","","","","","","","","","","","","","","","","","","","",7.4,1,6.4,1,"","","","","","","","","","","","","","","","","","","","","","","","","","",95,1,"","","","","","","","","","","","",9.8,1,1005.9,1,"","","","","","","","",0,1,"","","","","","","","","","","","","","","","","","","","","","","","","","","","","","","","","","","","","","","","","","","","","","","","","","","","","","","","","","","","","","","","","","","","","","","","","","","","","","","","","","","","","","","","","","","","","","","","","","","","","","","",""
"28070001","CHARTRES",48.4605,1.501167,155,1983051303,"","","","",5.,1,240,1,"","","","","","","","","","","","","","","","","","","","","","","","","","","","",7.6,1,6.7,1,"","","","","","","","","","","","","","","","","","","","","","","","","","",96,1,"","","","","","","","","","","","",10.,1,1006.3,1,"","","","","","","","",0,1,"","","","","","","","","","","","","","","","","","","","","","","","","","","","","","","","","","","","","","","","","","","","","","","","","","","","","","","","","","","","","","","","","","","","","","","","","","","","","","","","","","","","","","","","","","","","","","","","","","","","","","","",""
"28070001","CHARTRES",48.4605,1.501167,155,1983051306,"","","","",4.,1,220,1,"","","","","","","","","","","","","","","","","","","","","","","","","","","","",8.2,1,6.7,1,"","","","","","","","","","","","","","","","","","","","","","","","","","",92,1,"","","","","","","","","","","","",10.,1,1007.1,1,"","","","","","",7,1,5,1,5,1,"","","","","","","","","","","","","","","","","","","","","","","","","","","","",10000,1,"","",0,1,"","","","",1,1,"","","","","","","","","","","","","","","","","","","","","","","","","","","","","","","","","","","","","","","","","","","","","","","","","","","","","","","","","","","","","",""
"28070001","CHARTRES",48.4605,1.501167,155,1983051309,"","","","",4.,1,240,1,"","","","","","","","","","","","","","","","","","","","","","","","","","","","",12.2,1,7.8,1,"","","","","","","","","","","","","","","","","","","","","","","","","","",76,1,"","","","","","","","","","","","",10.8,1,1007.7,1,"","","","","","",5,1,5,1,2,1,3,1,0,1,"","","","","","","","","","","","","","","","","","","","","","","","",15000,1,"","",1,1,2,1,"","","","","","","","","","","","","","","","","","","","","","","","","","","","","","","","","","","","","","","","","","","","","","","","","","","","","","","","","","","","","","","","","",""
"28070001","CHARTRES",48.4605,1.501167,155,1983051312,"","","","",8.,1,240,1,"","","","","","","","","","","","","","","","","","","","","","","","","","","","",14.7,1,7.7,1,"","","","","","","","","","","","","","","","","","","","","","","","","","",64,1,"","","","","","","","","","","","",10.7,1,1007.5,1,"","","","","","",7,1,5,1,9,1,"","","","","","","","","","","","","","","","","","","","","","","","","","","","",12000,1,"","",3,1,2,1,"","","","","","","","","","","","","","","","","","","","","","","","","","","","","","","","","","","","","","","","","","","","","","","","","","","","","","","","","","","","","","","","","",""
"28070001","CHARTRES",48.4605,1.501167,155,1983051315,"","","","",5.,1,280,1,"","","","","","","","","","","","","","","","","","","","","","","","","","","","",12.2,1,6.7,1,"","","","","","","","","","","","","","","","","","","","","","","","","","",71,1,"","","","","","","","","","","","",10.,1,1008.3,1,"","","","","","",7,1,0,1,9,1,"","","","","","","","","","","","","","","","","","","","","","","","","","","","",15000,1,"","",25,1,8,1,"","","","","","","","","","","","","","","","","","","","","","","","","","","","","","","","","","","","","","","","","","","","","","","","","","","","","","","","","","","","","","","","","",""
"28070001","CHARTRES",48.4605,1.501167,155,1983051318,"","","","",5.,1,260,1,"","","","","","","","","","","","","","","","","","","","","","","","","","","","",12.,1,8.7,1,"","","","","","","","","","","","","","","","","","","","","","","","","","",82,1,"","","","","","","","","","","","",11.5,1,1008.7,1,"","","","","","","","",0,1,"","","","","","","","","","","","","","","","","","","","","","","","","","","","","","","","","","","","","","","","","","","","","","","","","","","","","","","","","","","","","","","","","","","","","","","","","","","","","","","","","","","","","","","","","","","","","","","","","","","","","","","",""
"28070001","CHARTRES",48.4605,1.501167,155,1983051321,"","","","",3.,1,240,1,"","","","","","","","","","","","","","","","","","","","","","","","","","","","",9.4,1,8.1,1,"","","","","","","","","","","","","","","","","","","","","","","","","","",93,1,"","","","","","","","","","","","",11.,1,1009.8,1,"","","","","","","","",0,1,"","","","","","","","","","","","","","","","","","","","","","","","","","","","","","","","","","","","","","","","","","","","","","","","","","","","","","","","","","","","","","","","","","","","","","","","","","","","","","","","","","","","","","","","","","","","","","","","","","","","","","","",""
"28070001","CHARTRES",48.4605,1.501167,155,1983051400,"","","","",2.,1,220,1,"","","","","","","","","","","","","","","","","","","","","","","","","","","","",6.8,1,5.4,1,"","","","","","","","","","","","","","","","","","","","","","","","","","",92,1,"","","","","","","","","","","","",9.1,1,1010.4,1,"","","","","","","","",0,1,"","","","","","","","","","","","","","","","","","","","","","","","","","","","","","","","","","","","","","","","","","","","","","","","","","","","","","","","","","","","","","","","","","","","","","","","","","","","","","","","","","","","","","","","","","","","","","","","","","","","","","","",""
"28070001","CHARTRES",48.4605,1.501167,155,1983051403,"","","","",2.,1,200,1,"","","","","","","","","","","","","","","","","","","","","","","","","","","","",6.4,1,5.6,1,"","","","","","","","","","","","","","","","","","","","","","","","","","",96,1,"","","","","","","","","","","","",9.2,1,1010.9,1,"","","","","","","","",0,1,"","","","","","","","","","","","","","","","","","","","","","","","","","","","","","","","","","","","","","","","","","","","","","","","","","","","","","","","","","","","","","","","","","","","","","","","","","","","","","","","","","","","","","","","","","","","","","","","","","","","","","","",""
"28070001","CHARTRES",48.4605,1.501167,155,1983051406,"","","","",1.,1,140,1,"","","","","","","","","","","","","","","","","","","","","","","","","","","","",7.2,1,6.2,1,"","","","","","","","","","","","","","","","","","","","","","","","","","",94,1,"","","","","","","","","","","","",9.6,1,1010.6,1,"","","","","","",6,1,6,1,5,1,0,1,0,1,"","","","","","","","","","","","","","","","","","","","","","","","",6000,1,"","",0,1,"","","","",1,1,"","","","","","","","","","","","","","","","","","","","","","","","","","","","","","","","","","","","","","","","","","","","","","","","","","","","","","","","","","","","","",""
"28070001","CHARTRES",48.4605,1.501167,155,1983051409,"","","","",1.,1,220,1,"","","","","","","","","","","","","","","","","","","","","","","","","","","","",9.8,1,8.2,1,"","","","","","","","","","","","","","","","","","","","","","","","","","",92,1,"","","","","","","","","","","","",11.1,1,1010.3,1,"","","","","","",8,1,8,1,5,1,7,1,"","","","","","","","","","","","","","","","","","","","","","","","","","",12000,1,"","",2,1,2,1,"","","","","","","","","","","","","","","","","","","","","","","","","","","","","","","","","","","","","","","","","","","","","","","","","","","","","","","","","","","","","","","","","",""
"28070001","CHARTRES",48.4605,1.501167,155,1983051412,"","","","",1.,1,40,1,"","","","","","","","","","","","","","","","","","","","","","","","","","","","",12.,1,8.5,1,"","","","","","","","","","","","","","","","","","","","","","","","","","",81,1,"","","","","","","","","","","","",11.3,1,1009.8,1,"","","","","","",8,1,8,1,5,1,2,1,"","","","","","","","","","","","","","","","","","","","","","","","","","",15000,1,"","",61,1,6,1,"","","","","","","","","","","","","","","","","","","","","","","","","","","","","","","","","","","","","","","","","","","","","","","","","","","","","","","","","","","","","","","","","",""
"28070001","CHARTRES",48.4605,1.501167,155,1983051415,"","","","",2.,1,140,1,"","","","","","","","","","","","","","","","","","","","","","","","","","","","",15.3,1,9.5,1,"","","","","","","","","","","","","","","","","","","","","","","","","","",70,1,"","","","","","","","","","","","",12.1,1,1008.,1,"","","","","","",6,1,5,1,8,1,0,1,0,1,"","","","","","","","","","","","","","","","","","","","","","","","",20000,1,"","",3,1,6,1,"","","","","","","","","","","","","","","","","","","","","","","","","","","","","","","","","","","","","","","","","","","","","","","","","","","","","","","","","","","","","","","","","",""
"28070001","CHARTRES",48.4605,1.501167,155,1983051418,"","","","",2.,1,200,1,"","","","","","","","","","","","","","","","","","","","","","","","","","","","",15.4,1,8.3,1,"","","","","","","","","","","","","","","","","","","","","","","","","","",64,1,"","","","","","","","","","","","",11.2,1,1007.6,1,"","","","","","","","",5,1,"","","","","","","","","","","","","","","","","","","","","","","","","","","","","","","","","","","","","","","","","","","","","","","","","","","","","","","","","","","","","","","","","","","","","","","","","","","","","","","","","","","","","","","","","","","","","","","","","","","","","","","",""
"28070001","CHARTRES",48.4605,1.501167,155,1983051421,"","","","",1.,1,80,1,"","","","","","","","","","","","","","","","","","","","","","","","","","","","",9.4,1,7.8,1,"","","","","","","","","","","","","","","","","","","","","","","","","","",92,1,"","","","","","","","","","","","",10.8,1,1007.9,1,"","","","","","","","",5,1,"","","","","","","","","","","","","","","","","","","","","","","","","","","","","","","","","","","","","","","","","","","","","","","","","","","","","","","","","","","","","","","","","","","","","","","","","","","","","","","","","","","","","","","","","","","","","","","","","","","","","","","",""
"28070001","CHARTRES",48.4605,1.501167,155,1983051500,"","","","",2.,1,160,1,"","","","","","","","","","","","","","","","","","","","","","","","","","","","",9.8,1,8.9,1,"","","","","","","","","","","","","","","","","","","","","","","","","","",96,1,"","","","","","","","","","","","",11.6,1,1006.8,1,"","","","","","","","",5,1,"","","","","","","","","","","","","","","","","","","","","","","","","","","","","","","","","","","","","","","","","","","","","","","","","","","","","","","","","","","","","","","","","","","","","","","","","","","","","","","","","","","","","","","","","","","","","","","","","","","","","","","",""
"28070001","CHARTRES",48.4605,1.501167,155,1983051503,"","","","",2.,1,200,1,"","","","","","","","","","","","","","","","","","","","","","","","","","","","",9.8,1,8.9,1,"","","","","","","","","","","","","","","","","","","","","","","","","","",96,1,"","","","","","","","","","","","",11.6,1,1004.9,1,"","","","","","","","",5,1,"","","","","","","","","","","","","","","","","","","","","","","","","","","","","","","","","","","","","","","","","","","","","","","","","","","","","","","","","","","","","","","","","","","","","","","","","","","","","","","","","","","","","","","","","","","","","","","","","","","","","","","",""
"28070001","CHARTRES",48.4605,1.501167,155,1983051506,"","","","",3.,1,220,1,"","","","","","","","","","","","","","","","","","","","","","","","","","","","",10.8,1,9.7,1,"","","","","","","","","","","","","","","","","","","","","","","","","","",95,1,"","","","","","","","","","","","",12.3,1,1003.8,1,"","","","","","",8,1,8,1,7,1,"","","","","","","","","","","","","","","","","","","","","","","","","","","","",6000,1,"","",61,1,"","","","",1,1,"","","","","","","","","","","","","","","","","","","","","","","","","","","","","","","","","","","","","","","","","","","","","","","","","","","","","","","","","","","","","",""
"28070001","CHARTRES",48.4605,1.501167,155,1983051509,"","","","",5.,1,300,1,"","","","","","","","","","","","","","","","","","","","","","","","","","","","",10.6,1,7.8,1,"","","","","","","","","","","","","","","","","","","","","","","","","","",85,1,"","","","","","","","","","","","",10.8,1,1005.2,1,"","","","","","",7,1,5,1,8,1,"","","","","","","","","","","","","","","","","","","","","","","","","","","","",12000,1,"","",21,1,6,1,"","","","","","","","","","","","","","","","","","","","","","","","","","","","","","","","","","","","","","","","","","","","","","","","","","","","","","","","","","","","","","","","","",""
"28070001","CHARTRES",48.4605,1.501167,155,1983051512,"","","","",7.,1,260,1,"","","","","","","","","","","","","","","","","","","","","","","","","","","","",12.3,1,6.9,1,"","","","","","","","","","","","","","","","","","","","","","","","","","",71,1,"","","","","","","","","","","","",10.1,1,1007.1,1,"","","","","","",5,1,5,1,2,1,0,1,0,1,"","","","","","","","","","","","","","","","","","","","","","","","",15000,1,"","",1,1,6,1,"","","","","","","","","","","","","","","","","","","","","","","","","","","","","","","","","","","","","","","","","","","","","","","","","","","","","","","","","","","","","","","","","",""
"28070001","CHARTRES",48.4605,1.501167,155,1983051515,"","","","",6.,1,240,1,"","","","","","","","","","","","","","","","","","","","","","","","","","","","",14.8,1,7.6,1,"","","","","","","","","","","","","","","","","","","","","","","","","","",63,1,"","","","","","","","","","","","",10.6,1,1006.5,1,"","","","","","",6,1,0,1,9,1,0,1,0,1,"","","","","","","","","","","","","","","","","","","","","","","","",20000,1,"","",1,1,1,1,"","","","","","","","","","","","","","","","","","","","","","","","","","","","","","","","","","","","","","","","","","","","","","","","","","","","","","","","","","","","","","","","","",""
"28070001","CHARTRES",48.4605,1.501167,155,1983051518,"","","","",4.,1,240,1,"","","","","","","","","","","","","","","","","","","","","","","","","","","","",14.8,1,7.8,1,"","","","","","","","","","","","","","","","","","","","","","","","","","",64,1,"","","","","","","","","","","","",10.8,1,1005.9,1,"","","","","","","","",0,1,"","","","","","","","","","","","","","","","","","","","","","","","","","","","","","","","","","","","","","","","","","","","","","","","","","","","","","","","","","","","","","","","","","","","","","","","","","","","","","","","","","","","","","","","","","","","","","","","","","","","","","","",""
"28070001","CHARTRES",48.4605,1.501167,155,1983051521,"","","","",2.,1,200,1,"","","","","","","","","","","","","","","","","","","","","","","","","","","","",9.6,1,6.7,1,"","","","","","","","","","","","","","","","","","","","","","","","","","",84,1,"","","","","","","","","","","","",10.,1,1007.,1,"","","","","","","","",0,1,"","","","","","","","","","","","","","","","","","","","","","","","","","","","","","","","","","","","","","","","","","","","","","","","","","","","","","","","","","","","","","","","","","","","","","","","","","","","","","","","","","","","","","","","","","","","","","","","","","","","","","","",""
"28070001","CHARTRES",48.4605,1.501167,155,1983051600,"","","","",2.,1,140,1,"","","","","","","","","","","","","","","","","","","","","","","","","","","","",6.2,1,5.1,1,"","","","","","","","","","","","","","","","","","","","","","","","","","",94,1,"","","","","","","","","","","","",8.9,1,1006.1,1,"","","","","","","","",0,1,"","","","","","","","","","","","","","","","","","","","","","","","","","","","","","","","","","","","","","","","","","","","","","","","","","","","","","","","","","","","","","","","","","","","","","","","","","","","","","","","","","","","","","","","","","","","","","","","","","","","","","","",""
"28070001","CHARTRES",48.4605,1.501167,155,1983051603,"","","","",3.,1,160,1,"","","","","","","","","","","","","","","","","","","","","","","","","","","","",6.4,1,4.9,1,"","","","","","","","","","","","","","","","","","","","","","","","","","",92,1,"","","","","","","","","","","","",8.8,1,1005.1,1,"","","","","","","","",0,1,"","","","","","","","","","","","","","","","","","","","","","","","","","","","","","","","","","","","","","","","","","","","","","","","","","","","","","","","","","","","","","","","","","","","","","","","","","","","","","","","","","","","","","","","","","","","","","","","","","","","","","","",""
"28070001","CHARTRES",48.4605,1.501167,155,1983051606,"","","","",3.,1,180,1,"","","","","","","","","","","","","","","","","","","","","","","","","","","","",8.6,1,7.6,1,"","","","","","","","","","","","","","","","","","","","","","","","","","",94,1,"","","","","","","","","","","","",10.6,1,1002.7,1,"","","","","","",2,1,0,1,8,1,0,1,0,1,"","","","","","","","","","","","","","","","","","","","","","","","",12000,1,"","",0,1,"","","","",0,1,"","","","","","","","","","","","","","","","","","","","","","","","","","","","","","","","","","","","","","","","","","","","","","","","","","","","","","","","","","","","","",""
"28070001","CHARTRES",48.4605,1.501167,155,1983051609,"","","","",7.,1,200,1,"","","","","","","","","","","","","","","","","","","","","","","","","","","","",15.3,1,10.3,1,"","","","","","","","","","","","","","","","","","","","","","","","","","",74,1,"","","","","","","","","","","","",12.8,1,1001.6,1,"","","","","","",3,1,0,1,8,1,0,1,2,1,"","","","","","","","","","","","","","","","","","","","","","","","",20000,1,"","",1,1,1,1,"","","","","","","","","","","","","","","","","","","","","","","","","","","","","","","","","","","","","","","","","","","","","","","","","","","","","","","","","","","","","","","","","",""
"28070001","CHARTRES",48.4605,1.501167,155,1983051612,"","","","",8.,1,260,1,"","","","","","","","","","","","","","","","","","","","","","","","","","","","",14.6,1,7.8,1,"","","","","","","","","","","","","","","","","","","","","","","","","","",65,1,"","","","","","","","","","","","",10.8,1,1002.,1,"","","","","","",7,1,7,1,8,1,"","","","","","","","","","","","","","","","","","","","","","","","","","","","",20000,1,"","",3,1,1,1,"","","","","","","","","","","","","","","","","","","","","","","","","","","","","","","","","","","","","","","","","","","","","","","","","","","","","","","","","","","","","","","","","",""
"28070001","CHARTRES",48.4605,1.501167,155,1983051615,"","","","",7.,1,240,1,"","","","","","","","","","","","","","","","","","","","","","","","","","","","",11.6,1,6.7,1,"","","","","","","","","","","","","","","","","","","","","","","","","","",74,1,"","","","","","","","","","","","",10.,1,1004.8,1,"","","","","","",8,1,7,1,8,1,2,1,"","","","","","","","","","","","","","","","","","","","","","","","","","",15000,1,"","",61,1,8,1,"","","","","","","","","","","","","","","","","","","","","","","","","","","","","","","","","","","","","","","","","","","","","","","","","","","","","","","","","","","","","","","","","",""
"28070001","CHARTRES",48.4605,1.501167,155,1983051618,"","","","",7.,1,220,1,"","","","","","","","","","","","","","","","","","","","","","","","","","","","",12.2,1,6.6,1,"","","","","","","","","","","","","","","","","","","","","","","","","","",70,1,"","","","","","","","","","","","",9.9,1,1005.,1,"","","","","","","","",7,1,"","","","","","","","","","","","","","","","","","","","","","","","","","","","","","","","","","","","","","","","","","","","","","","","","","","","","","","","","","","","","","","","","","","","","","","","","","","","","","","","","","","","","","","","","","","","","","","","","","","","","","","",""
"28070001","CHARTRES",48.4605,1.501167,155,1983051621,"","","","",4.,1,200,1,"","","","","","","","","","","","","","","","","","","","","","","","","","","","",8.8,1,7.2,1,"","","","","","","","","","","","","","","","","","","","","","","","","","",91,1,"","","","","","","","","","","","",10.3,1,1007.6,1,"","","","","","","","",7,1,"","","","","","","","","","","","","","","","","","","","","","","","","","","","","","","","","","","","","","","","","","","","","","","","","","","","","","","","","","","","","","","","","","","","","","","","","","","","","","","","","","","","","","","","","","","","","","","","","","","","","","","",""
"28070001","CHARTRES",48.4605,1.501167,155,1983051700,"","","","",4.,1,200,1,"","","","","","","","","","","","","","","","","","","","","","","","","","","","",7.9,1,7.,1,"","","","","","","","","","","","","","","","","","","","","","","","","","",96,1,"","","","","","","","","","","","",10.2,1,1008.3,1,"","","","","","","","",7,1,"","","","","","","","","","","","","","","","","","","","","","","","","","","","","","","","","","","","","","","","","","","","","","","","","","","","","","","","","","","","","","","","","","","","","","","","","","","","","","","","","","","","","","","","","","","","","","","","","","","","","","","",""
"28070001","CHARTRES",48.4605,1.501167,155,1983051703,"","","","",3.,1,180,1,"","","","","","","","","","","","","","","","","","","","","","","","","","","","",6.5,1,5.6,1,"","","","","","","","","","","","","","","","","","","","","","","","","","",95,1,"","","","","","","","","","","","",9.2,1,1009.3,1,"","","","","","","","",7,1,"","","","","","","","","","","","","","","","","","","","","","","","","","","","","","","","","","","","","","","","","","","","","","","","","","","","","","","","","","","","","","","","","","","","","","","","","","","","","","","","","","","","","","","","","","","","","","","","","","","","","","","",""
"28070001","CHARTRES",48.4605,1.501167,155,1983051706,"","","","",5.,1,180,1,"","","","","","","","","","","","","","","","","","","","","","","","","","","","",7.3,1,6.2,1,"","","","","","","","","","","","","","","","","","","","","","","","","","",94,1,"","","","","","","","","","","","",9.6,1,1009.1,1,"","","","","","",3,1,0,1,5,1,0,1,1,1,"","","","","","","","","","","","","","","","","","","","","","","","",15000,1,"","",0,1,"","","","",1,1,"","","","","","","","","","","","","","","","","","","","","","","","","","","","","","","","","","","","","","","","","","","","","","","","","","","","","","","","","","","","","",""
"28070001","CHARTRES",48.4605,1.501167,155,1983051709,"","","","",6.,1,220,1,"","","","","","","","","","","","","","","","","","","","","","","","","","","","",11.8,1,7.,1,"","","","","","","","","","","","","","","","","","","","","","","","","","",74,1,"","","","","","","","","","","","",10.2,1,1009.1,1,"","","","","","",7,1,6,1,8,1,8,1,4,1,"","","","","","","","","","","","","","","","","","","","","","","","",20000,1,"","",3,1,1,1,"","","","","","","","","","","","","","","","","","","","","","","","","","","","","","","","","","","","","","","","","","","","","","","","","","","","","","","","","","","","","","","","","",""
"28070001","CHARTRES",48.4605,1.501167,155,1983051712,"","","","",5.,1,220,1,"","","","","","","","","","","","","","","","","","","","","","","","","","","","",14.,1,7.,1,"","","","","","","","","","","","","","","","","","","","","","","","","","",64,1,"","","","","","","","","","","","",10.2,1,1009.2,1,"","","","","","",7,1,0,1,9,1,8,1,2,1,"","","","","","","","","","","","","","","","","","","","","","","","",20000,1,"","",3,1,1,1,"","","","","","","","","","","","","","","","","","","","","","","","","","","","","","","","","","","","","","","","","","","","","","","","","","","","","","","","","","","","","","","","","",""
"28070001","CHARTRES",48.4605,1.501167,155,1983051715,"","","","",5.,1,240,1,"","","","","","","","","","","","","","","","","","","","","","","","","","","","",14.8,1,7.8,1,"","","","","","","","","","","","","","","","","","","","","","","","","","",64,1,"","","","","","","","","","","","",10.8,1,1008.9,1,"","","","","","",8,1,5,1,9,1,0,1,3,1,"","","","","","","","","","","","","","","","","","","","","","","","",15000,1,"","",15,1,1,1,"","","","","","","","","","","","","","","","","","","","","","","","","","","","","","","","","","","","","","","","","","","","","","","","","","","","","","","","","","","","","","","","","",""
"28070001","CHARTRES",48.4605,1.501167,155,1983051718,"","","","",7.,1,240,1,"","","","","","","","","","","","","","","","","","","","","","","","","","","","",13.8,1,9.1,1,"","","","","","","","","","","","","","","","","","","","","","","","","","",75,1,"","","","","","","","","","","","",11.8,1,1010.1,1,"","","","","","","","",5,1,"","","","","","","","","","","","","","","","","","","","","","","","","","","","","","","","","","","","","","","","","","","","","","","","","","","","","","","","","","","","","","","","","","","","","","","","","","","","","","","","","","","","","","","","","","","","","","","","","","","","","","","",""
"28070001","CHARTRES",48.4605,1.501167,155,1983051721,"","","","",4.,1,200,1,"","","","","","","","","","","","","","","","","","","","","","","","","","","","",9.2,1,7.6,1,"","","","","","","","","","","","","","","","","","","","","","","","","","",91,1,"","","","","","","","","","","","",10.6,1,1012.1,1,"","","","","","","","",5,1,"","","","","","","","","","","","","","","","","","","","","","","","","","","","","","","","","","","","","","","","","","","","","","","","","","","","","","","","","","","","","","","","","","","","","","","","","","","","","","","","","","","","","","","","","","","","","","","","","","","","","","","",""
"28070001","CHARTRES",48.4605,1.501167,155,1983051800,"","","","",5.,1,200,1,"","","","","","","","","","","","","","","","","","","","","","","","","","","","",7.6,1,6.2,1,"","","","","","","","","","","","","","","","","","","","","","","","","","",92,1,"","","","","","","","","","","","",9.6,1,1012.,1,"","","","","","","","",5,1,"","","","","","","","","","","","","","","","","","","","","","","","","","","","","","","","","","","","","","","","","","","","","","","","","","","","","","","","","","","","","","","","","","","","","","","","","","","","","","","","","","","","","","","","","","","","","","","","","","","","","","","",""
"28070001","CHARTRES",48.4605,1.501167,155,1983051803,"","","","",7.,1,200,1,"","","","","","","","","","","","","","","","","","","","","","","","","","","","",7.8,1,5.4,1,"","","","","","","","","","","","","","","","","","","","","","","","","","",86,1,"","","","","","","","","","","","",9.1,1,1011.,1,"","","","","","","","",5,1,"","","","","","","","","","","","","","","","","","","","","","","","","","","","","","","","","","","","","","","","","","","","","","","","","","","","","","","","","","","","","","","","","","","","","","","","","","","","","","","","","","","","","","","","","","","","","","","","","","","","","","","",""
"28070001","CHARTRES",48.4605,1.501167,155,1983051806,"","","","",8.,1,240,1,"","","","","","","","","","","","","","","","","","","","","","","","","","","","",8.6,1,6.2,1,"","","","","","","","","","","","","","","","","","","","","","","","","","",86,1,"","","","","","","","","","","","",9.6,1,1011.3,1,"","","","","","",2,1,0,1,5,1,3,1,2,1,"","","","","","","","","","","","","","","","","","","","","","","","",15000,1,"","",0,1,"","","","",0,1,"","","","","","","","","","","","","","","","","","","","","","","","","","","","","","","","","","","","","","","","","","","","","","","","","","","","","","","","","","","","","",""
"28070001","CHARTRES",48.4605,1.501167,155,1983051809,"","","","",5.,1,240,1,"","","","","","","","","","","","","","","","","","","","","","","","","","","","",11.4,1,6.6,1,"","","","","","","","","","","","","","","","","","","","","","","","","","",73,1,"","","","","","","","","","","","",9.9,1,1011.6,1,"","","","","","",6,1,5,1,2,1,3,1,2,1,"","","","","","","","","","","","","","","","","","","","","","","","",20000,1,"","",3,1,1,1,"","","","","","","","","","","","","","","","","","","","","","","","","","","","","","","","","","","","","","","","","","","","","","","","","","","","","","","","","","","","","","","","","",""
"28070001","CHARTRES",48.4605,1.501167,155,1983051812,"","","","",6.,1,220,1,"","","","","","","","","","","","","","","","","","","","","","","","","","","","",13.8,1,6.3,1,"","","","","","","","","","","","","","","","","","","","","","","","","","",62,1,"","","","","","","","","","","","",9.7,1,1010.8,1,"","","","","","",7,1,5,1,8,1,"","","","","","","","","","","","","","","","","","","","","","","","","","","","",20000,1,"","",3,1,1,1,"","","","","","","","","","","","","","","","","","","","","","","","","","","","","","","","","","","","","","","","","","","","","","","","","","","","","","","","","","","","","","","","","",""
"28070001","CHARTRES",48.4605,1.501167,155,1983051815,"","","","",7.,1,240,1,"","","","","","","","","","","","","","","","","","","","","","","","","","","","",12.3,1,9.8,1,"","","","","","","","","","","","","","","","","","","","","","","","","","",87,1,"","","","","","","","","","","","",12.4,1,1009.5,1,"","","","","","",7,1,0,1,9,1,0,1,3,1,"","","","","","","","","","","","","","","","","","","","","","","","",12000,1,"","",29,1,9,1,"","","","","","","","","","","","","","","","","","","","","","","","","","","","","","","","","","","","","","","","","","","","","","","","","","","","","","","","","","","","","","","","","",""
"28070001","CHARTRES",48.4605,1.501167,155,1983051818,"","","","",8.,1,240,1,"","","","","","","","","","","","","","","","","","","","","","","","","","","","",12.3,1,7.7,1,"","","","","","","","","","","","","","","","","","","","","","","","","","",75,1,"","","","","","","","","","","","",10.7,1,1009.9,1,"","","","","","","","",0,1,"","","","","","","","","","","","","","","","","","","","","","","","","","","","","","","","","","","","","","","","","","","","","","","","","","","","","","","","","","","","","","","","","","","","","","","","","","","","","","","","","","","","","","","","","","","","","","","","","","","","","","","",""
"28070001","CHARTRES",48.4605,1.501167,155,1983051821,"","","","",5.,1,220,1,"","","","","","","","","","","","","","","","","","","","","","","","","","","","",9.4,1,7.6,1,"","","","","","","","","","","","","","","","","","","","","","","","","","",90,1,"","","","","","","","","","","","",10.6,1,1011.2,1,"","","","","","","","",0,1,"","","","","","","","","","","","","","","","","","","","","","","","","","","","","","","","","","","","","","","","","","","","","","","","","","","","","","","","","","","","","","","","","","","","","","","","","","","","","","","","","","","","","","","","","","","","","","","","","","","","","","","",""
"28070001","CHARTRES",48.4605,1.501167,155,1983051900,"","","","",6.,1,240,1,"","","","","","","","","","","","","","","","","","","","","","","","","","","","",9.3,1,7.8,1,"","","","","","","","","","","","","","","","","","","","","","","","","","",92,1,"","","","","","","","","","","","",10.8,1,1011.9,1,"","","","","","","","",0,1,"","","","","","","","","","","","","","","","","","","","","","","","","","","","","","","","","","","","","","","","","","","","","","","","","","","","","","","","","","","","","","","","","","","","","","","","","","","","","","","","","","","","","","","","","","","","","","","","","","","","","","","",""
"28070001","CHARTRES",48.4605,1.501167,155,1983051903,"","","","",5.,1,240,1,"","","","","","","","","","","","","","","","","","","","","","","","","","","","",7.8,1,6.,1,"","","","","","","","","","","","","","","","","","","","","","","","","","",90,1,"","","","","","","","","","","","",9.5,1,1012.1,1,"","","","","","","","",0,1,"","","","","","","","","","","","","","","","","","","","","","","","","","","","","","","","","","","","","","","","","","","","","","","","","","","","","","","","","","","","","","","","","","","","","","","","","","","","","","","","","","","","","","","","","","","","","","","","","","","","","","","",""
"28070001","CHARTRES",48.4605,1.501167,155,1983051906,"","","","",7.,1,220,1,"","","","","","","","","","","","","","","","","","","","","","","","","","","","",9.,1,6.9,1,"","","","","","","","","","","","","","","","","","","","","","","","","","",88,1,"","","","","","","","","","","","",10.1,1,1012.9,1,"","","","","","",8,1,8,1,5,1,"","","","","","","","","","","","","","","","","","","","","","","","","","","","",12000,1,"","",0,1,"","","","",1,1,"","","","","","","","","","","","","","","","","","","","","","","","","","","","","","","","","","","","","","","","","","","","","","","","","","","","","","","","","","","","","",""
"28070001","CHARTRES",48.4605,1.501167,155,1983051909,"","","","",6.,1,240,1,"","","","","","","","","","","","","","","","","","","","","","","","","","","","",10.3,1,7.6,1,"","","","","","","","","","","","","","","","","","","","","","","","","","",85,1,"","","","","","","","","","","","",10.6,1,1013.2,1,"","","","","","",6,1,6,1,2,1,0,1,0,1,"","","","","","","","","","","","","","","","","","","","","","","","",20000,1,"","",3,1,6,1,"","","","","","","","","","","","","","","","","","","","","","","","","","","","","","","","","","","","","","","","","","","","","","","","","","","","","","","","","","","","","","","","","",""
"28070001","CHARTRES",48.4605,1.501167,155,1983051912,"","","","",9.,1,220,1,"","","","","","","","","","","","","","","","","","","","","","","","","","","","",11.2,1,8.7,1,"","","","","","","","","","","","","","","","","","","","","","","","","","",86,1,"","","","","","","","","","","","",11.5,1,1013.1,1,"","","","","","",7,1,5,1,9,1,"","","","","","","","","","","","","","","","","","","","","","","","","","","","",20000,1,"","",29,1,9,1,"","","","","","","","","","","","","","","","","","","","","","","","","","","","","","","","","","","","","","","","","","","","","","","","","","","","","","","","","","","","","","","","","",""
"28070001","CHARTRES",48.4605,1.501167,155,1983051915,"","","","",8.,1,260,1,"","","","","","","","","","","","","","","","","","","","","","","","","","","","",10.4,1,7.7,1,"","","","","","","","","","","","","","","","","","","","","","","","","","",85,1,"","","","","","","","","","","","",10.7,1,1012.7,1,"","","","","","",7,1,0,1,9,1,"","","","","","","","","","","","","","","","","","","","","","","","","","","","",15000,1,"","",29,1,9,1,"","","","","","","","","","","","","","","","","","","","","","","","","","","","","","","","","","","","","","","","","","","","","","","","","","","","","","","","","","","","","","","","","",""
"28070001","CHARTRES",48.4605,1.501167,155,1983051918,"","","","",3.,1,220,1,"","","","","","","","","","","","","","","","","","","","","","","","","","","","",9.3,1,7.8,1,"","","","","","","","","","","","","","","","","","","","","","","","","","",92,1,"","","","","","","","","","","","",10.8,1,1012.5,1,"","","","","","","","",0,1,"","","","","","","","","","","","","","","","","","","","","","","","","","","","","","","","","","","","","","","","","","","","","","","","","","","","","","","","","","","","","","","","","","","","","","","","","","","","","","","","","","","","","","","","","","","","","","","","","","","","","","","",""
"28070001","CHARTRES",48.4605,1.501167,155,1983051921,"","","","",2.,1,180,1,"","","","","","","","","","","","","","","","","","","","","","","","","","","","",8.6,1,7.8,1,"","","","","","","","","","","","","","","","","","","","","","","","","","",97,1,"","","","","","","","","","","","",10.8,1,1013.4,1,"","","","","","","","",0,1,"","","","","","","","","","","","","","","","","","","","","","","","","","","","","","","","","","","","","","","","","","","","","","","","","","","","","","","","","","","","","","","","","","","","","","","","","","","","","","","","","","","","","","","","","","","","","","","","","","","","","","","",""
"28070001","CHARTRES",48.4605,1.501167,155,1983052000,"","","","",2.,1,200,1,"","","","","","","","","","","","","","","","","","","","","","","","","","","","",7.1,1,6.4,1,"","","","","","","","","","","","","","","","","","","","","","","","","","",97,1,"","","","","","","","","","","","",9.8,1,1012.7,1,"","","","","","","","",0,1,"","","","","","","","","","","","","","","","","","","","","","","","","","","","","","","","","","","","","","","","","","","","","","","","","","","","","","","","","","","","","","","","","","","","","","","","","","","","","","","","","","","","","","","","","","","","","","","","","","","","","","","",""
"28070001","CHARTRES",48.4605,1.501167,155,1983052003,"","","","",0.,1,0,1,"","","","","","","","","","","","","","","","","","","","","","","","","","","","",5.5,1,4.9,1,"","","","","","","","","","","","","","","","","","","","","","","","","","",97,1,"","","","","","","","","","","","",8.8,1,1011.8,1,"","","","","","","","",0,1,"","","","","","","","","","","","","","","","","","","","","","","","","","","","","","","","","","","","","","","","","","","","","","","","","","","","","","","","","","","","","","","","","","","","","","","","","","","","","","","","","","","","","","","","","","","","","","","","","","","","","","","",""
"28070001","CHARTRES",48.4605,1.501167,155,1983052006,"","","","",0.,1,0,1,"","","","","","","","","","","","","","","","","","","","","","","","","","","","",7.2,1,6.6,1,"","","","","","","","","","","","","","","","","","","","","","","","","","",97,1,"","","","","","","","","","","","",9.9,1,1010.6,1,"","","","","","",8,1,8,1,0,1,2,1,"","","","","","","","","","","","","","","","","","","","","","","","","","",8000,1,"","",0,1,"","","","",2,1,"","","","","","","","","","","","","","","","","","","","","","","","","","","","","","","","","","","","","","","","","","","","","","","","","","","","","","","","","","","","","",""
"28070001","CHARTRES",48.4605,1.501167,155,1983052009,"","","","",2.,1,160,1,"","","","","","","","","","","","","","","","","","","","","","","","","","","","",8.8,1,8.,1,"","","","","","","","","","","","","","","","","","","","","","","","","","",96,1,"","","","","","","","","","","","",10.9,1,1010.5,1,"","","","","","",8,1,8,1,5,1,2,1,"","","","","","","","","","","","","","","","","","","","","","","","","","",8000,1,"","",21,1,6,1,"","","","","","","","","","","","","","","","","","","","","","","","","","","","","","","","","","","","","","","","","","","","","","","","","","","","","","","","","","","","","","","","","",""
"28070001","CHARTRES",48.4605,1.501167,155,1983052012,"","","","",1.,1,280,1,"","","","","","","","","","","","","","","","","","","","","","","","","","","","",10.1,1,7.3,1,"","","","","","","","","","","","","","","","","","","","","","","","","","",84,1,"","","","","","","","","","","","",10.4,1,1009.8,1,"","","","","","",8,1,8,1,8,1,2,1,"","","","","","","","","","","","","","","","","","","","","","","","","","",20000,1,"","",3,1,6,1,"","","","","","","","","","","","","","","","","","","","","","","","","","","","","","","","","","","","","","","","","","","","","","","","","","","","","","","","","","","","","","","","","",""
"28070001","CHARTRES",48.4605,1.501167,155,1983052015,"","","","",1.,1,120,1,"","","","","","","","","","","","","","","","","","","","","","","","","","","","",12.7,1,7.2,1,"","","","","","","","","","","","","","","","","","","","","","","","","","",70,1,"","","","","","","","","","","","",10.3,1,1008.6,1,"","","","","","",6,1,5,1,2,1,0,1,2,1,"","","","","","","","","","","","","","","","","","","","","","","","",20000,1,"","",3,1,2,1,"","","","","","","","","","","","","","","","","","","","","","","","","","","","","","","","","","","","","","","","","","","","","","","","","","","","","","","","","","","","","","","","","",""
"28070001","CHARTRES",48.4605,1.501167,155,1983052018,"","","","",1.,1,160,1,"","","","","","","","","","","","","","","","","","","","","","","","","","","","",10.1,1,7.2,1,"","","","","","","","","","","","","","","","","","","","","","","","","","",83,1,"","","","","","","","","","","","",10.3,1,1007.2,1,"","","","","","","","",5,1,"","","","","","","","","","","","","","","","","","","","","","","","","","","","","","","","","","","","","","","","","","","","","","","","","","","","","","","","","","","","","","","","","","","","","","","","","","","","","","","","","","","","","","","","","","","","","","","","","","","","","","","",""
"28070001","CHARTRES",48.4605,1.501167,155,1983052021,"","","","",1.,1,200,1,"","","","","","","","","","","","","","","","","","","","","","","","","","","","",9.6,1,8.5,1,"","","","","","","","","","","","","","","","","","","","","","","","","","",95,1,"","","","","","","","","","","","",11.3,1,1007.3,1,"","","","","","","","",5,1,"","","","","","","","","","","","","","","","","","","","","","","","","","","","","","","","","","","","","","","","","","","","","","","","","","","","","","","","","","","","","","","","","","","","","","","","","","","","","","","","","","","","","","","","","","","","","","","","","","","","","","","",""
"28070001","CHARTRES",48.4605,1.501167,155,1983052100,"","","","",2.,1,180,1,"","","","","","","","","","","","","","","","","","","","","","","","","","","","",8.7,1,7.8,1,"","","","","","","","","","","","","","","","","","","","","","","","","","",96,1,"","","","","","","","","","","","",10.8,1,1006.1,1,"","","","","","","","",5,1,"","","","","","","","","","","","","","","","","","","","","","","","","","","","","","","","","","","","","","","","","","","","","","","","","","","","","","","","","","","","","","","","","","","","","","","","","","","","","","","","","","","","","","","","","","","","","","","","","","","","","","","",""
"28070001","CHARTRES",48.4605,1.501167,155,1983052103,"","","","",2.,1,300,1,"","","","","","","","","","","","","","","","","","","","","","","","","","","","",8.7,1,8.,1,"","","","","","","","","","","","","","","","","","","","","","","","","","",97,1,"","","","","","","","","","","","",10.9,1,1005.9,1,"","","","","","","","",5,1,"","","","","","","","","","","","","","","","","","","","","","","","","","","","","","","","","","","","","","","","","","","","","","","","","","","","","","","","","","","","","","","","","","","","","","","","","","","","","","","","","","","","","","","","","","","","","","","","","","","","","","","",""
"28070001","CHARTRES",48.4605,1.501167,155,1983052106,"","","","",0.,1,0,1,"","","","","","","","","","","","","","","","","","","","","","","","","","","","",8.6,1,7.7,1,"","","","","","","","","","","","","","","","","","","","","","","","","","",96,1,"","","","","","","","","","","","",10.7,1,1005.4,1,"","","","","","",8,1,7,1,7,1,"","","","","","","","","","","","","","","","","","","","","","","","","","","","",6000,1,"","",0,1,"","","","",2,1,"","","","","","","","","","","","","","","","","","","","","","","","","","","","","","","","","","","","","","","","","","","","","","","","","","","","","","","","","","","","","",""
"28070001","CHARTRES",48.4605,1.501167,155,1983052109,"","","","",3.,1,280,1,"","","","","","","","","","","","","","","","","","","","","","","","","","","","",10.1,1,7.8,1,"","","","","","","","","","","","","","","","","","","","","","","","","","",87,1,"","","","","","","","","","","","",10.8,1,1004.9,1,"","","","","","",8,1,5,1,2,1,2,1,"","","","","","","","","","","","","","","","","","","","","","","","","","",12000,1,"","",3,1,6,1,"","","","","","","","","","","","","","","","","","","","","","","","","","","","","","","","","","","","","","","","","","","","","","","","","","","","","","","","","","","","","","","","","",""
"28070001","CHARTRES",48.4605,1.501167,155,1983052112,"","","","",6.,1,360,1,"","","","","","","","","","","","","","","","","","","","","","","","","","","","",11.5,1,8.2,1,"","","","","","","","","","","","","","","","","","","","","","","","","","",82,1,"","","","","","","","","","","","",11.1,1,1005.5,1,"","","","","","",7,1,0,1,9,1,"","","","","","","","","","","","","","","","","","","","","","","","","","","","",20000,1,"","",81,1,8,1,"","","","","","","","","","","","","","","","","","","","","","","","","","","","","","","","","","","","","","","","","","","","","","","","","","","","","","","","","","","","","","","","","",""
"28070001","CHARTRES",48.4605,1.501167,155,1983052115,"","","","",3.,1,300,1,"","","","","","","","","","","","","","","","","","","","","","","","","","","","",11.3,1,8.2,1,"","","","","","","","","","","","","","","","","","","","","","","","","","",83,1,"","","","","","","","","","","","",11.1,1,1006.6,1,"","","","","","",7,1,0,1,9,1,"","","","","","","","","","","","","","","","","","","","","","","","","","","","",20000,1,"","",25,1,8,1,"","","","","","","","","","","","","","","","","","","","","","","","","","","","","","","","","","","","","","","","","","","","","","","","","","","","","","","","","","","","","","","","","",""
"28070001","CHARTRES",48.4605,1.501167,155,1983052118,"","","","",1.,1,260,1,"","","","","","","","","","","","","","","","","","","","","","","","","","","","",11.5,1,7.7,1,"","","","","","","","","","","","","","","","","","","","","","","","","","",79,1,"","","","","","","","","","","","",10.7,1,1008.2,1,"","","","","","","","",0,1,"","","","","","","","","","","","","","","","","","","","","","","","","","","","","","","","","","","","","","","","","","","","","","","","","","","","","","","","","","","","","","","","","","","","","","","","","","","","","","","","","","","","","","","","","","","","","","","","","","","","","","","",""
"28070001","CHARTRES",48.4605,1.501167,155,1983052121,"","","","",3.,1,220,1,"","","","","","","","","","","","","","","","","","","","","","","","","","","","",8.7,1,8.,1,"","","","","","","","","","","","","","","","","","","","","","","","","","",97,1,"","","","","","","","","","","","",10.9,1,1010.2,1,"","","","","","","","",0,1,"","","","","","","","","","","","","","","","","","","","","","","","","","","","","","","","","","","","","","","","","","","","","","","","","","","","","","","","","","","","","","","","","","","","","","","","","","","","","","","","","","","","","","","","","","","","","","","","","","","","","","","",""
"28070001","CHARTRES",48.4605,1.501167,155,1983052200,"","","","",2.,1,240,1,"","","","","","","","","","","","","","","","","","","","","","","","","","","","",8.3,1,7.2,1,"","","","","","","","","","","","","","","","","","","","","","","","","","",94,1,"","","","","","","","","","","","",10.3,1,1010.8,1,"","","","","","","","",0,1,"","","","","","","","","","","","","","","","","","","","","","","","","","","","","","","","","","","","","","","","","","","","","","","","","","","","","","","","","","","","","","","","","","","","","","","","","","","","","","","","","","","","","","","","","","","","","","","","","","","","","","","",""
"28070001","CHARTRES",48.4605,1.501167,155,1983052203,"","","","",2.,1,280,1,"","","","","","","","","","","","","","","","","","","","","","","","","","","","",5.5,1,4.9,1,"","","","","","","","","","","","","","","","","","","","","","","","","","",98,1,"","","","","","","","","","","","",8.8,1,1011.7,1,"","","","","","","","",0,1,"","","","","","","","","","","","","","","","","","","","","","","","","","","","","","","","","","","","","","","","","","","","","","","","","","","","","","","","","","","","","","","","","","","","","","","","","","","","","","","","","","","","","","","","","","","","","","","","","","","","","","","",""
"28070001","CHARTRES",48.4605,1.501167,155,1983052206,"","","","",3.,1,280,1,"","","","","","","","","","","","","","","","","","","","","","","","","","","","",6.,1,5.4,1,"","","","","","","","","","","","","","","","","","","","","","","","","","",97,1,"","","","","","","","","","","","",9.1,1,1012.8,1,"","","","","","",7,1,7,1,6,1,"","","","","","","","","","","","","","","","","","","","","","","","","","","","",400,1,"","",42,1,"","","","",0,1,"","","","","","","","","","","","","","","","","","","","","","","","","","","","","","","","","","","","","","","","","","","","","","","","","","","","","","","","","","","","","",""
"28070001","CHARTRES",48.4605,1.501167,155,1983052209,"","","","",3.,1,300,1,"","","","","","","","","","","","","","","","","","","","","","","","","","","","",9.1,1,6.4,1,"","","","","","","","","","","","","","","","","","","","","","","","","","",85,1,"","","","","","","","","","","","",9.8,1,1014.,1,"","","","","","",7,1,7,1,1,1,"","","","","","","","","","","","","","","","","","","","","","","","","","","","",12000,1,"","",3,1,4,1,"","","","","","","","","","","","","","","","","","","","","","","","","","","","","","","","","","","","","","","","","","","","","","","","","","","","","","","","","","","","","","","","","",""
"28070001","CHARTRES",48.4605,1.501167,155,1983052212,"","","","",3.,1,220,1,"","","","","","","","","","","","","","","","","","","","","","","","","","","","",13.5,1,6.7,1,"","","","","","","","","","","","","","","","","","","","","","","","","","",64,1,"","","","","","","","","","","","",10.,1,1014.1,1,"","","","","","",4,1,0,1,2,1,0,1,0,1,"","","","","","","","","","","","","","","","","","","","","","","","",20000,1,"","",1,1,4,1,"","","","","","","","","","","","","","","","","","","","","","","","","","","","","","","","","","","","","","","","","","","","","","","","","","","","","","","","","","","","","","","","","",""
"28070001","CHARTRES",48.4605,1.501167,155,1983052215,"","","","",5.,1,260,1,"","","","","","","","","","","","","","","","","","","","","","","","","","","","",14.5,1,6.7,1,"","","","","","","","","","","","","","","","","","","","","","","","","","",60,1,"","","","","","","","","","","","",10.,1,1014.,1,"","","","","","",6,1,6,1,2,1,0,1,0,1,"","","","","","","","","","","","","","","","","","","","","","","","",20000,1,"","",3,1,1,1,"","","","","","","","","","","","","","","","","","","","","","","","","","","","","","","","","","","","","","","","","","","","","","","","","","","","","","","","","","","","","","","","","",""
"28070001","CHARTRES",48.4605,1.501167,155,1983052218,"","","","",1.,1,300,1,"","","","","","","","","","","","","","","","","","","","","","","","","","","","",12.9,1,7.6,1,"","","","","","","","","","","","","","","","","","","","","","","","","","",71,1,"","","","","","","","","","","","",10.6,1,1014.9,1,"","","","","","","","",6,1,"","","","","","","","","","","","","","","","","","","","","","","","","","","","","","","","","","","","","","","","","","","","","","","","","","","","","","","","","","","","","","","","","","","","","","","","","","","","","","","","","","","","","","","","","","","","","","","","","","","","","","","",""
"28070001","CHARTRES",48.4605,1.501167,155,1983052221,"","","","",1.,1,240,1,"","","","","","","","","","","","","","","","","","","","","","","","","","","","",9.,1,6.4,1,"","","","","","","","","","","","","","","","","","","","","","","","","","",85,1,"","","","","","","","","","","","",9.8,1,1015.7,1,"","","","","","","","",6,1,"","","","","","","","","","","","","","","","","","","","","","","","","","","","","","","","","","","","","","","","","","","","","","","","","","","","","","","","","","","","","","","","","","","","","","","","","","","","","","","","","","","","","","","","","","","","","","","","","","","","","","","",""
"28070001","CHARTRES",48.4605,1.501167,155,1983052300,"","","","",1.,1,260,1,"","","","","","","","","","","","","","","","","","","","","","","","","","","","",7.7,1,6.6,1,"","","","","","","","","","","","","","","","","","","","","","","","","","",94,1,"","","","","","","","","","","","",9.9,1,1015.6,1,"","","","","","","","",6,1,"","","","","","","","","","","","","","","","","","","","","","","","","","","","","","","","","","","","","","","","","","","","","","","","","","","","","","","","","","","","","","","","","","","","","","","","","","","","","","","","","","","","","","","","","","","","","","","","","","","","","","","",""
"28070001","CHARTRES",48.4605,1.501167,155,1983052303,"","","","",3.,1,300,1,"","","","","","","","","","","","","","","","","","","","","","","","","","","","",6.4,1,4.9,1,"","","","","","","","","","","","","","","","","","","","","","","","","","",92,1,"","","","","","","","","","","","",8.8,1,1015.4,1,"","","","","","","","",6,1,"","","","","","","","","","","","","","","","","","","","","","","","","","","","","","","","","","","","","","","","","","","","","","","","","","","","","","","","","","","","","","","","","","","","","","","","","","","","","","","","","","","","","","","","","","","","","","","","","","","","","","","",""
"28070001","CHARTRES",48.4605,1.501167,155,1983052306,"","","","",2.,1,260,1,"","","","","","","","","","","","","","","","","","","","","","","","","","","","",7.1,1,6.,1,"","","","","","","","","","","","","","","","","","","","","","","","","","",94,1,"","","","","","","","","","","","",9.5,1,1015.5,1,"","","","","","",4,1,0,1,5,1,0,1,2,1,"","","","","","","","","","","","","","","","","","","","","","","","",7000,1,"","",0,1,"","","","",1,1,"","","","","","","","","","","","","","","","","","","","","","","","","","","","","","","","","","","","","","","","","","","","","","","","","","","","","","","","","","","","","",""
"28070001","CHARTRES",48.4605,1.501167,155,1983052309,"","","","",3.,1,260,1,"","","","","","","","","","","","","","","","","","","","","","","","","","","","",11.8,1,6.,1,"","","","","","","","","","","","","","","","","","","","","","","","","","",69,1,"","","","","","","","","","","","",9.5,1,1015.4,1,"","","","","","",6,1,6,1,2,1,5,1,0,1,"","","","","","","","","","","","","","","","","","","","","","","","",20000,1,"","",3,1,1,1,"","","","","","","","","","","","","","","","","","","","","","","","","","","","","","","","","","","","","","","","","","","","","","","","","","","","","","","","","","","","","","","","","",""
"28070001","CHARTRES",48.4605,1.501167,155,1983052312,"","","","",4.,1,200,1,"","","","","","","","","","","","","","","","","","","","","","","","","","","","",14.1,1,7.4,1,"","","","","","","","","","","","","","","","","","","","","","","","","","",65,1,"","","","","","","","","","","","",10.5,1,1014.6,1,"","","","","","",7,1,5,1,2,1,3,1,"","","","","","","","","","","","","","","","","","","","","","","","","","",25000,1,"","",3,1,1,1,"","","","","","","","","","","","","","","","","","","","","","","","","","","","","","","","","","","","","","","","","","","","","","","","","","","","","","","","","","","","","","","","","",""
"28070001","CHARTRES",48.4605,1.501167,155,1983052315,"","","","",5.,1,240,1,"","","","","","","","","","","","","","","","","","","","","","","","","","","","",15.,1,6.2,1,"","","","","","","","","","","","","","","","","","","","","","","","","","",56,1,"","","","","","","","","","","","",9.6,1,1014.,1,"","","","","","",7,1,5,1,2,1,5,1,2,1,"","","","","","","","","","","","","","","","","","","","","","","","",25000,1,"","",3,1,2,1,"","","","","","","","","","","","","","","","","","","","","","","","","","","","","","","","","","","","","","","","","","","","","","","","","","","","","","","","","","","","","","","","","",""
"28070001","CHARTRES",48.4605,1.501167,155,1983052318,"","","","",3.,1,240,1,"","","","","","","","","","","","","","","","","","","","","","","","","","","","",11.8,1,6.4,1,"","","","","","","","","","","","","","","","","","","","","","","","","","",71,1,"","","","","","","","","","","","",9.8,1,1014.6,1,"","","","","","","","",5,1,"","","","","","","","","","","","","","","","","","","","","","","","","","","","","","","","","","","","","","","","","","","","","","","","","","","","","","","","","","","","","","","","","","","","","","","","","","","","","","","","","","","","","","","","","","","","","","","","","","","","","","","",""
"28070001","CHARTRES",48.4605,1.501167,155,1983052321,"","","","",1.,1,280,1,"","","","","","","","","","","","","","","","","","","","","","","","","","","","",8.1,1,7.3,1,"","","","","","","","","","","","","","","","","","","","","","","","","","",96,1,"","","","","","","","","","","","",10.4,1,1015.4,1,"","","","","","","","",5,1,"","","","","","","","","","","","","","","","","","","","","","","","","","","","","","","","","","","","","","","","","","","","","","","","","","","","","","","","","","","","","","","","","","","","","","","","","","","","","","","","","","","","","","","","","","","","","","","","","","","","","","","",""
"28070001","CHARTRES",48.4605,1.501167,155,1983052400,"","","","",1.,1,320,1,"","","","","","","","","","","","","","","","","","","","","","","","","","","","",7.7,1,6.9,1,"","","","","","","","","","","","","","","","","","","","","","","","","","",96,1,"","","","","","","","","","","","",10.1,1,1015.7,1,"","","","","","","","",5,1,"","","","","","","","","","","","","","","","","","","","","","","","","","","","","","","","","","","","","","","","","","","","","","","","","","","","","","","","","","","","","","","","","","","","","","","","","","","","","","","","","","","","","","","","","","","","","","","","","","","","","","","",""
"28070001","CHARTRES",48.4605,1.501167,155,1983052403,"","","","",2.,1,340,1,"","","","","","","","","","","","","","","","","","","","","","","","","","","","",5.9,1,5.3,1,"","","","","","","","","","","","","","","","","","","","","","","","","","",97,1,"","","","","","","","","","","","",9.,1,1015.3,1,"","","","","","","","",5,1,"","","","","","","","","","","","","","","","","","","","","","","","","","","","","","","","","","","","","","","","","","","","","","","","","","","","","","","","","","","","","","","","","","","","","","","","","","","","","","","","","","","","","","","","","","","","","","","","","","","","","","","",""
"28070001","CHARTRES",48.4605,1.501167,155,1983052406,"","","","",3.,1,340,1,"","","","","","","","","","","","","","","","","","","","","","","","","","","","",8.,1,7.3,1,"","","","","","","","","","","","","","","","","","","","","","","","","","",97,1,"","","","","","","","","","","","",10.4,1,1015.4,1,"","","","","","",7,1,5,1,0,1,3,1,2,1,"","","","","","","","","","","","","","","","","","","","","","","","",6000,1,"","",0,1,"","","","",1,1,"","","","","","","","","","","","","","","","","","","","","","","","","","","","","","","","","","","","","","","","","","","","","","","","","","","","","","","","","","","","","",""
"28070001","CHARTRES",48.4605,1.501167,155,1983052409,"","","","",5.,1,20,1,"","","","","","","","","","","","","","","","","","","","","","","","","","","","",12.,1,9.3,1,"","","","","","","","","","","","","","","","","","","","","","","","","","",85,1,"","","","","","","","","","","","",12.,1,1015.9,1,"","","","","","",8,1,5,1,6,1,7,1,"","","","","","","","","","","","","","","","","","","","","","","","","","",6000,1,"","",3,1,2,1,"","","","","","","","","","","","","","","","","","","","","","","","","","","","","","","","","","","","","","","","","","","","","","","","","","","","","","","","","","","","","","","","","",""
"28070001","CHARTRES",48.4605,1.501167,155,1983052412,"","","","",6.,1,20,1,"","","","","","","","","","","","","","","","","","","","","","","","","","","","",16.,1,8.1,1,"","","","","","","","","","","","","","","","","","","","","","","","","","",60,1,"","","","","","","","","","","","",11.,1,1015.7,1,"","","","","","",6,1,5,1,2,1,0,1,2,1,"","","","","","","","","","","","","","","","","","","","","","","","",20000,1,"","",1,1,2,1,"","","","","","","","","","","","","","","","","","","","","","","","","","","","","","","","","","","","","","","","","","","","","","","","","","","","","","","","","","","","","","","","","",""
"28070001","CHARTRES",48.4605,1.501167,155,1983052415,"","","","",9.,1,360,1,"","","","","","","","","","","","","","","","","","","","","","","","","","","","",14.2,1,6.6,1,"","","","","","","","","","","","","","","","","","","","","","","","","","",61,1,"","","","","","","","","","","","",9.9,1,1016.2,1,"","","","","","",6,1,0,1,2,1,5,1,2,1,"","","","","","","","","","","","","","","","","","","","","","","","",20000,1,"","",1,1,2,1,"","","","","","","","","","","","","","","","","","","","","","","","","","","","","","","","","","","","","","","","","","","","","","","","","","","","","","","","","","","","","","","","","",""
"28070001","CHARTRES",48.4605,1.501167,155,1983052418,"","","","",7.,1,360,1,"","","","","","","","","","","","","","","","","","","","","","","","","","","","",12.5,1,4.5,1,"","","","","","","","","","","","","","","","","","","","","","","","","","",59,1,"","","","","","","","","","","","",8.5,1,1017.5,1,"","","","","","","","",0,1,"","","","","","","","","","","","","","","","","","","","","","","","","","","","","","","","","","","","","","","","","","","","","","","","","","","","","","","","","","","","","","","","","","","","","","","","","","","","","","","","","","","","","","","","","","","","","","","","","","","","","","","",""
"28070001","CHARTRES",48.4605,1.501167,155,1983052421,"","","","",4.,1,360,1,"","","","","","","","","","","","","","","","","","","","","","","","","","","","",8.5,1,6.4,1,"","","","","","","","","","","","","","","","","","","","","","","","","","",88,1,"","","","","","","","","","","","",9.8,1,1018.7,1,"","","","","","","","",0,1,"","","","","","","","","","","","","","","","","","","","","","","","","","","","","","","","","","","","","","","","","","","","","","","","","","","","","","","","","","","","","","","","","","","","","","","","","","","","","","","","","","","","","","","","","","","","","","","","","","","","","","","",""
"28070001","CHARTRES",48.4605,1.501167,155,1983052500,"","","","",5.,1,340,1,"","","","","","","","","","","","","","","","","","","","","","","","","","","","",8.9,1,7.6,1,"","","","","","","","","","","","","","","","","","","","","","","","","","",93,1,"","","","","","","","","","","","",10.6,1,1018.7,1,"","","","","","","","",0,1,"","","","","","","","","","","","","","","","","","","","","","","","","","","","","","","","","","","","","","","","","","","","","","","","","","","","","","","","","","","","","","","","","","","","","","","","","","","","","","","","","","","","","","","","","","","","","","","","","","","","","","","",""
"28070001","CHARTRES",48.4605,1.501167,155,1983052503,"","","","",5.,1,360,1,"","","","","","","","","","","","","","","","","","","","","","","","","","","","",9.6,1,8.,1,"","","","","","","","","","","","","","","","","","","","","","","","","","",91,1,"","","","","","","","","","","","",10.9,1,1018.5,1,"","","","","","","","",0,1,"","","","","","","","","","","","","","","","","","","","","","","","","","","","","","","","","","","","","","","","","","","","","","","","","","","","","","","","","","","","","","","","","","","","","","","","","","","","","","","","","","","","","","","","","","","","","","","","","","","","","","","",""
"28070001","CHARTRES",48.4605,1.501167,155,1983052506,"","","","",4.,1,340,1,"","","","","","","","","","","","","","","","","","","","","","","","","","","","",9.6,1,8.1,1,"","","","","","","","","","","","","","","","","","","","","","","","","","",92,1,"","","","","","","","","","","","",11.,1,1018.5,1,"","","","","","",3,1,0,1,1,1,0,1,1,1,"","","","","","","","","","","","","","","","","","","","","","","","",8000,1,"","",0,1,"","","","",1,1,"","","","","","","","","","","","","","","","","","","","","","","","","","","","","","","","","","","","","","","","","","","","","","","","","","","","","","","","","","","","","",""
"28070001","CHARTRES",48.4605,1.501167,155,1983052509,"","","","",8.,1,20,1,"","","","","","","","","","","","","","","","","","","","","","","","","","","","",13.9,1,7.8,1,"","","","","","","","","","","","","","","","","","","","","","","","","","",68,1,"","","","","","","","","","","","",10.8,1,1018.3,1,"","","","","","",6,1,5,1,2,1,0,1,1,1,"","","","","","","","","","","","","","","","","","","","","","","","",20000,1,"","",3,1,2,1,"","","","","","","","","","","","","","","","","","","","","","","","","","","","","","","","","","","","","","","","","","","","","","","","","","","","","","","","","","","","","","","","","",""
"28070001","CHARTRES",48.4605,1.501167,155,1983052512,"","","","",8.,1,360,1,"","","","","","","","","","","","","","","","","","","","","","","","","","","","",15.9,1,6.6,1,"","","","","","","","","","","","","","","","","","","","","","","","","","",55,1,"","","","","","","","","","","","",9.9,1,1018.1,1,"","","","","","",6,1,6,1,2,1,3,1,1,1,"","","","","","","","","","","","","","","","","","","","","","","","",20000,1,"","",1,1,2,1,"","","","","","","","","","","","","","","","","","","","","","","","","","","","","","","","","","","","","","","","","","","","","","","","","","","","","","","","","","","","","","","","","",""
"28070001","CHARTRES",48.4605,1.501167,155,1983052515,"","","","",8.,1,40,1,"","","","","","","","","","","","","","","","","","","","","","","","","","","","",16.9,1,4.8,1,"","","","","","","","","","","","","","","","","","","","","","","","","","",45,1,"","","","","","","","","","","","",8.7,1,1017.9,1,"","","","","","",6,1,6,1,1,1,3,1,2,1,"","","","","","","","","","","","","","","","","","","","","","","","",20000,1,"","",2,1,2,1,"","","","","","","","","","","","","","","","","","","","","","","","","","","","","","","","","","","","","","","","","","","","","","","","","","","","","","","","","","","","","","","","","",""
"28070001","CHARTRES",48.4605,1.501167,155,1983052518,"","","","",5.,1,60,1,"","","","","","","","","","","","","","","","","","","","","","","","","","","","",13.7,1,4.5,1,"","","","","","","","","","","","","","","","","","","","","","","","","","",54,1,"","","","","","","","","","","","",8.5,1,1019.3,1,"","","","","","","","",6,1,"","","","","","","","","","","","","","","","","","","","","","","","","","","","","","","","","","","","","","","","","","","","","","","","","","","","","","","","","","","","","","","","","","","","","","","","","","","","","","","","","","","","","","","","","","","","","","","","","","","","","","","",""
"28070001","CHARTRES",48.4605,1.501167,155,1983052521,"","","","",4.,1,360,1,"","","","","","","","","","","","","","","","","","","","","","","","","","","","",11.1,1,7.3,1,"","","","","","","","","","","","","","","","","","","","","","","","","","",79,1,"","","","","","","","","","","","",10.4,1,1020.1,1,"","","","","","","","",6,1,"","","","","","","","","","","","","","","","","","","","","","","","","","","","","","","","","","","","","","","","","","","","","","","","","","","","","","","","","","","","","","","","","","","","","","","","","","","","","","","","","","","","","","","","","","","","","","","","","","","","","","","",""
"28070001","CHARTRES",48.4605,1.501167,155,1983052600,"","","","",4.,1,360,1,"","","","","","","","","","","","","","","","","","","","","","","","","","","","",8.2,1,7.2,1,"","","","","","","","","","","","","","","","","","","","","","","","","","",95,1,"","","","","","","","","","","","",10.3,1,1020.3,1,"","","","","","","","",6,1,"","","","","","","","","","","","","","","","","","","","","","","","","","","","","","","","","","","","","","","","","","","","","","","","","","","","","","","","","","","","","","","","","","","","","","","","","","","","","","","","","","","","","","","","","","","","","","","","","","","","","","","",""
"28070001","CHARTRES",48.4605,1.501167,155,1983052603,"","","","",4.,1,340,1,"","","","","","","","","","","","","","","","","","","","","","","","","","","","",7.6,1,6.3,1,"","","","","","","","","","","","","","","","","","","","","","","","","","",93,1,"","","","","","","","","","","","",9.7,1,1020.3,1,"","","","","","","","",6,1,"","","","","","","","","","","","","","","","","","","","","","","","","","","","","","","","","","","","","","","","","","","","","","","","","","","","","","","","","","","","","","","","","","","","","","","","","","","","","","","","","","","","","","","","","","","","","","","","","","","","","","","",""
"28070001","CHARTRES",48.4605,1.501167,155,1983052606,"","","","",4.,1,360,1,"","","","","","","","","","","","","","","","","","","","","","","","","","","","",8.9,1,6.7,1,"","","","","","","","","","","","","","","","","","","","","","","","","","",88,1,"","","","","","","","","","","","",10.,1,1020.4,1,"","","","","","",3,1,0,1,0,1,0,1,2,1,"","","","","","","","","","","","","","","","","","","","","","","","",8000,1,"","",0,1,"","","","",1,1,"","","","","","","","","","","","","","","","","","","","","","","","","","","","","","","","","","","","","","","","","","","","","","","","","","","","","","","","","","","","","",""
"28070001","CHARTRES",48.4605,1.501167,155,1983052609,"","","","",7.,1,20,1,"","","","","","","","","","","","","","","","","","","","","","","","","","","","",13.,1,6.6,1,"","","","","","","","","","","","","","","","","","","","","","","","","","",66,1,"","","","","","","","","","","","",9.9,1,1020.2,1,"","","","","","",6,1,6,1,1,1,0,1,2,1,"","","","","","","","","","","","","","","","","","","","","","","","",20000,1,"","",3,1,1,1,"","","","","","","","","","","","","","","","","","","","","","","","","","","","","","","","","","","","","","","","","","","","","","","","","","","","","","","","","","","","","","","","","",""
"28070001","CHARTRES",48.4605,1.501167,155,1983052612,"","","","",8.,1,20,1,"","","","","","","","","","","","","","","","","","","","","","","","","","","","",15.7,1,6.3,1,"","","","","","","","","","","","","","","","","","","","","","","","","","",54,1,"","","","","","","","","","","","",9.7,1,1019.7,1,"","","","","","",6,1,6,1,8,1,0,1,2,1,"","","","","","","","","","","","","","","","","","","","","","","","",25000,1,"","",3,1,1,1,"","","","","","","","","","","","","","","","","","","","","","","","","","","","","","","","","","","","","","","","","","","","","","","","","","","","","","","","","","","","","","","","","",""
"28070001","CHARTRES",48.4605,1.501167,155,1983052615,"","","","",8.,1,20,1,"","","","","","","","","","","","","","","","","","","","","","","","","","","","",15.3,1,7.,1,"","","","","","","","","","","","","","","","","","","","","","","","","","",58,1,"","","","","","","","","","","","",10.2,1,1019.8,1,"","","","","","",3,1,0,1,2,1,0,1,2,1,"","","","","","","","","","","","","","","","","","","","","","","","",25000,1,"","",3,1,1,1,"","","","","","","","","","","","","","","","","","","","","","","","","","","","","","","","","","","","","","","","","","","","","","","","","","","","","","","","","","","","","","","","","",""
"28070001","CHARTRES",48.4605,1.501167,155,1983052618,"","","","",7.,1,60,1,"","","","","","","","","","","","","","","","","","","","","","","","","","","","",10.7,1,4.6,1,"","","","","","","","","","","","","","","","","","","","","","","","","","",67,1,"","","","","","","","","","","","",8.6,1,1021.4,1,"","","","","","","","",0,1,"","","","","","","","","","","","","","","","","","","","","","","","","","","","","","","","","","","","","","","","","","","","","","","","","","","","","","","","","","","","","","","","","","","","","","","","","","","","","","","","","","","","","","","","","","","","","","","","","","","","","","","",""
"28070001","CHARTRES",48.4605,1.501167,155,1983052621,"","","","",2.,1,20,1,"","","","","","","","","","","","","","","","","","","","","","","","","","","","",7.3,1,5.6,1,"","","","","","","","","","","","","","","","","","","","","","","","","","",90,1,"","","","","","","","","","","","",9.2,1,1022.1,1,"","","","","","","","",0,1,"","","","","","","","","","","","","","","","","","","","","","","","","","","","","","","","","","","","","","","","","","","","","","","","","","","","","","","","","","","","","","","","","","","","","","","","","","","","","","","","","","","","","","","","","","","","","","","","","","","","","","","",""
"28070001","CHARTRES",48.4605,1.501167,155,1983052700,"","","","",2.,1,20,1,"","","","","","","","","","","","","","","","","","","","","","","","","","","","",5.,1,3.8,1,"","","","","","","","","","","","","","","","","","","","","","","","","","",93,1,"","","","","","","","","","","","",8.1,1,1022.2,1,"","","","","","","","",0,1,"","","","","","","","","","","","","","","","","","","","","","","","","","","","","","","","","","","","","","","","","","","","","","","","","","","","","","","","","","","","","","","","","","","","","","","","","","","","","","","","","","","","","","","","","","","","","","","","","","","","","","","",""
"28070001","CHARTRES",48.4605,1.501167,155,1983052703,"","","","",2.,1,340,1,"","","","","","","","","","","","","","","","","","","","","","","","","","","","",4.1,1,2.7,1,"","","","","","","","","","","","","","","","","","","","","","","","","","",92,1,"","","","","","","","","","","","",7.5,1,1022.3,1,"","","","","","","","",0,1,"","","","","","","","","","","","","","","","","","","","","","","","","","","","","","","","","","","","","","","","","","","","","","","","","","","","","","","","","","","","","","","","","","","","","","","","","","","","","","","","","","","","","","","","","","","","","","","","","","","","","","","",""
"28070001","CHARTRES",48.4605,1.501167,155,1983052706,"","","","",2.,1,320,1,"","","","","","","","","","","","","","","","","","","","","","","","","","","","",6.9,1,5.4,1,"","","","","","","","","","","","","","","","","","","","","","","","","","",91,1,"","","","","","","","","","","","",9.1,1,1021.8,1,"","","","","","",7,1,7,1,5,1,"","","","","","","","","","","","","","","","","","","","","","","","","","","","",5500,1,"","",0,1,"","","","",1,1,"","","","","","","","","","","","","","","","","","","","","","","","","","","","","","","","","","","","","","","","","","","","","","","","","","","","","","","","","","","","","",""
"28070001","CHARTRES",48.4605,1.501167,155,1983052709,"","","","",6.,1,60,1,"","","","","","","","","","","","","","","","","","","","","","","","","","","","",10.1,1,5.6,1,"","","","","","","","","","","","","","","","","","","","","","","","","","",74,1,"","","","","","","","","","","","",9.2,1,1021.3,1,"","","","","","",3,1,0,1,2,1,0,1,1,1,"","","","","","","","","","","","","","","","","","","","","","","","",20000,1,"","",3,1,1,1,"","","","","","","","","","","","","","","","","","","","","","","","","","","","","","","","","","","","","","","","","","","","","","","","","","","","","","","","","","","","","","","","","",""
"28070001","CHARTRES",48.4605,1.501167,155,1983052712,"","","","",4.,1,360,1,"","","","","","","","","","","","","","","","","","","","","","","","","","","","",13.,1,5.1,1,"","","","","","","","","","","","","","","","","","","","","","","","","","",59,1,"","","","","","","","","","","","",8.9,1,1020.6,1,"","","","","","",7,1,0,1,8,1,"","","","","","","","","","","","","","","","","","","","","","","","","","","","",25000,1,"","",1,1,1,1,"","","","","","","","","","","","","","","","","","","","","","","","","","","","","","","","","","","","","","","","","","","","","","","","","","","","","","","","","","","","","","","","","",""
"28070001","CHARTRES",48.4605,1.501167,155,1983052715,"","","","",3.,1,300,1,"","","","","","","","","","","","","","","","","","","","","","","","","","","","",13.9,1,5.7,1,"","","","","","","","","","","","","","","","","","","","","","","","","","",59,1,"","","","","","","","","","","","",9.3,1,1019.2,1,"","","","","","",7,1,5,1,8,1,"","","","","","","","","","","","","","","","","","","","","","","","","","","","",25000,1,"","",1,1,2,1,"","","","","","","","","","","","","","","","","","","","","","","","","","","","","","","","","","","","","","","","","","","","","","","","","","","","","","","","","","","","","","","","","",""
"28070001","CHARTRES",48.4605,1.501167,155,1983052718,"","","","",4.,1,240,1,"","","","","","","","","","","","","","","","","","","","","","","","","","","","",13.3,1,4.8,1,"","","","","","","","","","","","","","","","","","","","","","","","","","",57,1,"","","","","","","","","","","","",8.7,1,1018.1,1,"","","","","","","","",5,1,"","","","","","","","","","","","","","","","","","","","","","","","","","","","","","","","","","","","","","","","","","","","","","","","","","","","","","","","","","","","","","","","","","","","","","","","","","","","","","","","","","","","","","","","","","","","","","","","","","","","","","","",""
"28070001","CHARTRES",48.4605,1.501167,155,1983052721,"","","","",4.,1,240,1,"","","","","","","","","","","","","","","","","","","","","","","","","","","","",11.7,1,8.6,1,"","","","","","","","","","","","","","","","","","","","","","","","","","",83,1,"","","","","","","","","","","","",11.4,1,1017.1,1,"","","","","","","","",5,1,"","","","","","","","","","","","","","","","","","","","","","","","","","","","","","","","","","","","","","","","","","","","","","","","","","","","","","","","","","","","","","","","","","","","","","","","","","","","","","","","","","","","","","","","","","","","","","","","","","","","","","","",""
"28070001","CHARTRES",48.4605,1.501167,155,1983052800,"","","","",5.,1,240,1,"","","","","","","","","","","","","","","","","","","","","","","","","","","","",10.6,1,7.4,1,"","","","","","","","","","","","","","","","","","","","","","","","","","",82,1,"","","","","","","","","","","","",10.5,1,1015.2,1,"","","","","","","","",5,1,"","","","","","","","","","","","","","","","","","","","","","","","","","","","","","","","","","","","","","","","","","","","","","","","","","","","","","","","","","","","","","","","","","","","","","","","","","","","","","","","","","","","","","","","","","","","","","","","","","","","","","","",""
"28070001","CHARTRES",48.4605,1.501167,155,1983052803,"","","","",5.,1,260,1,"","","","","","","","","","","","","","","","","","","","","","","","","","","","",9.7,1,6.9,1,"","","","","","","","","","","","","","","","","","","","","","","","","","",84,1,"","","","","","","","","","","","",10.1,1,1013.9,1,"","","","","","","","",5,1,"","","","","","","","","","","","","","","","","","","","","","","","","","","","","","","","","","","","","","","","","","","","","","","","","","","","","","","","","","","","","","","","","","","","","","","","","","","","","","","","","","","","","","","","","","","","","","","","","","","","","","","",""
"28070001","CHARTRES",48.4605,1.501167,155,1983052806,"","","","",3.,1,280,1,"","","","","","","","","","","","","","","","","","","","","","","","","","","","",9.3,1,6.7,1,"","","","","","","","","","","","","","","","","","","","","","","","","","",85,1,"","","","","","","","","","","","",10.,1,1013.7,1,"","","","","","",3,1,0,1,5,1,7,1,1,1,"","","","","","","","","","","","","","","","","","","","","","","","",8000,1,"","",0,1,"","","","",1,1,"","","","","","","","","","","","","","","","","","","","","","","","","","","","","","","","","","","","","","","","","","","","","","","","","","","","","","","","","","","","","",""
"28070001","CHARTRES",48.4605,1.501167,155,1983052809,"","","","",6.,1,280,1,"","","","","","","","","","","","","","","","","","","","","","","","","","","","",12.2,1,7.,1,"","","","","","","","","","","","","","","","","","","","","","","","","","",72,1,"","","","","","","","","","","","",10.2,1,1013.4,1,"","","","","","",5,1,0,1,8,1,0,1,0,1,"","","","","","","","","","","","","","","","","","","","","","","","",20000,1,"","",1,1,1,1,"","","","","","","","","","","","","","","","","","","","","","","","","","","","","","","","","","","","","","","","","","","","","","","","","","","","","","","","","","","","","","","","","",""
"28070001","CHARTRES",48.4605,1.501167,155,1983052812,"","","","",7.,1,280,1,"","","","","","","","","","","","","","","","","","","","","","","","","","","","",15.3,1,5.6,1,"","","","","","","","","","","","","","","","","","","","","","","","","","",53,1,"","","","","","","","","","","","",9.2,1,1012.9,1,"","","","","","",5,1,0,1,9,1,0,1,1,1,"","","","","","","","","","","","","","","","","","","","","","","","",20000,1,"","",1,1,2,1,"","","","","","","","","","","","","","","","","","","","","","","","","","","","","","","","","","","","","","","","","","","","","","","","","","","","","","","","","","","","","","","","","",""
"28070001","CHARTRES",48.4605,1.501167,155,1983052815,"","","","",6.,1,280,1,"","","","","","","","","","","","","","","","","","","","","","","","","","","","",15.1,1,4.5,1,"","","","","","","","","","","","","","","","","","","","","","","","","","",50,1,"","","","","","","","","","","","",8.5,1,1012.4,1,"","","","","","",6,1,5,1,4,1,0,1,2,1,"","","","","","","","","","","","","","","","","","","","","","","","",20000,1,"","",3,1,2,1,"","","","","","","","","","","","","","","","","","","","","","","","","","","","","","","","","","","","","","","","","","","","","","","","","","","","","","","","","","","","","","","","","",""
"28070001","CHARTRES",48.4605,1.501167,155,1983052818,"","","","",7.,1,320,1,"","","","","","","","","","","","","","","","","","","","","","","","","","","","",12.3,1,4.1,1,"","","","","","","","","","","","","","","","","","","","","","","","","","",58,1,"","","","","","","","","","","","",8.3,1,1012.4,1,"","","","","","","","",5,1,"","","","","","","","","","","","","","","","","","","","","","","","","","","","","","","","","","","","","","","","","","","","","","","","","","","","","","","","","","","","","","","","","","","","","","","","","","","","","","","","","","","","","","","","","","","","","","","","","","","","","","","",""
"28070001","CHARTRES",48.4605,1.501167,155,1983052821,"","","","",3.,1,320,1,"","","","","","","","","","","","","","","","","","","","","","","","","","","","",10.5,1,7.,1,"","","","","","","","","","","","","","","","","","","","","","","","","","",80,1,"","","","","","","","","","","","",10.2,1,1012.8,1,"","","","","","","","",5,1,"","","","","","","","","","","","","","","","","","","","","","","","","","","","","","","","","","","","","","","","","","","","","","","","","","","","","","","","","","","","","","","","","","","","","","","","","","","","","","","","","","","","","","","","","","","","","","","","","","","","","","","",""
"28070001","CHARTRES",48.4605,1.501167,155,1983052900,"","","","",3.,1,300,1,"","","","","","","","","","","","","","","","","","","","","","","","","","","","",10.8,1,7.3,1,"","","","","","","","","","","","","","","","","","","","","","","","","","",80,1,"","","","","","","","","","","","",10.4,1,1012.6,1,"","","","","","","","",5,1,"","","","","","","","","","","","","","","","","","","","","","","","","","","","","","","","","","","","","","","","","","","","","","","","","","","","","","","","","","","","","","","","","","","","","","","","","","","","","","","","","","","","","","","","","","","","","","","","","","","","","","","",""
"28070001","CHARTRES",48.4605,1.501167,155,1983052903,"","","","",3.,1,300,1,"","","","","","","","","","","","","","","","","","","","","","","","","","","","",9.3,1,7.3,1,"","","","","","","","","","","","","","","","","","","","","","","","","","",89,1,"","","","","","","","","","","","",10.4,1,1011.9,1,"","","","","","","","",5,1,"","","","","","","","","","","","","","","","","","","","","","","","","","","","","","","","","","","","","","","","","","","","","","","","","","","","","","","","","","","","","","","","","","","","","","","","","","","","","","","","","","","","","","","","","","","","","","","","","","","","","","","",""
"28070001","CHARTRES",48.4605,1.501167,155,1983052906,"","","","",4.,1,300,1,"","","","","","","","","","","","","","","","","","","","","","","","","","","","",9.,1,6.6,1,"","","","","","","","","","","","","","","","","","","","","","","","","","",86,1,"","","","","","","","","","","","",9.9,1,1012.3,1,"","","","","","",7,1,5,1,0,1,3,1,2,1,"","","","","","","","","","","","","","","","","","","","","","","","",15000,1,"","",0,1,"","","","",0,1,"","","","","","","","","","","","","","","","","","","","","","","","","","","","","","","","","","","","","","","","","","","","","","","","","","","","","","","","","","","","","",""
"28070001","CHARTRES",48.4605,1.501167,155,1983052909,"","","","",4.,1,300,1,"","","","","","","","","","","","","","","","","","","","","","","","","","","","",12.,1,7.7,1,"","","","","","","","","","","","","","","","","","","","","","","","","","",76,1,"","","","","","","","","","","","",10.7,1,1012.4,1,"","","","","","",6,1,5,1,8,1,3,1,2,1,"","","","","","","","","","","","","","","","","","","","","","","","",20000,1,"","",1,1,2,1,"","","","","","","","","","","","","","","","","","","","","","","","","","","","","","","","","","","","","","","","","","","","","","","","","","","","","","","","","","","","","","","","","",""
"28070001","CHARTRES",48.4605,1.501167,155,1983052912,"","","","",5.,1,300,1,"","","","","","","","","","","","","","","","","","","","","","","","","","","","",14.3,1,6.2,1,"","","","","","","","","","","","","","","","","","","","","","","","","","",59,1,"","","","","","","","","","","","",9.6,1,1012.3,1,"","","","","","",7,1,5,1,4,1,"","","","","","","","","","","","","","","","","","","","","","","","","","","","",20000,1,"","",3,1,2,1,"","","","","","","","","","","","","","","","","","","","","","","","","","","","","","","","","","","","","","","","","","","","","","","","","","","","","","","","","","","","","","","","","",""
"28070001","CHARTRES",48.4605,1.501167,155,1983052915,"","","","",5.,1,280,1,"","","","","","","","","","","","","","","","","","","","","","","","","","","","",14.6,1,6.2,1,"","","","","","","","","","","","","","","","","","","","","","","","","","",58,1,"","","","","","","","","","","","",9.6,1,1012.2,1,"","","","","","",7,1,7,1,4,1,"","","","","","","","","","","","","","","","","","","","","","","","","","","","",20000,1,"","",1,1,2,1,"","","","","","","","","","","","","","","","","","","","","","","","","","","","","","","","","","","","","","","","","","","","","","","","","","","","","","","","","","","","","","","","","",""
"28070001","CHARTRES",48.4605,1.501167,155,1983052918,"","","","",3.,1,260,1,"","","","","","","","","","","","","","","","","","","","","","","","","","","","",13.8,1,7.7,1,"","","","","","","","","","","","","","","","","","","","","","","","","","",68,1,"","","","","","","","","","","","",10.7,1,1011.7,1,"","","","","","","","",7,1,"","","","","","","","","","","","","","","","","","","","","","","","","","","","","","","","","","","","","","","","","","","","","","","","","","","","","","","","","","","","","","","","","","","","","","","","","","","","","","","","","","","","","","","","","","","","","","","","","","","","","","","",""
"28070001","CHARTRES",48.4605,1.501167,155,1983052921,"","","","",1.,1,280,1,"","","","","","","","","","","","","","","","","","","","","","","","","","","","",10.8,1,6.2,1,"","","","","","","","","","","","","","","","","","","","","","","","","","",74,1,"","","","","","","","","","","","",9.6,1,1012.5,1,"","","","","","","","",7,1,"","","","","","","","","","","","","","","","","","","","","","","","","","","","","","","","","","","","","","","","","","","","","","","","","","","","","","","","","","","","","","","","","","","","","","","","","","","","","","","","","","","","","","","","","","","","","","","","","","","","","","","",""
"28070001","CHARTRES",48.4605,1.501167,155,1983053000,"","","","",2.,1,220,1,"","","","","","","","","","","","","","","","","","","","","","","","","","","","",10.,1,7.,1,"","","","","","","","","","","","","","","","","","","","","","","","","","",83,1,"","","","","","","","","","","","",10.2,1,1012.4,1,"","","","","","","","",7,1,"","","","","","","","","","","","","","","","","","","","","","","","","","","","","","","","","","","","","","","","","","","","","","","","","","","","","","","","","","","","","","","","","","","","","","","","","","","","","","","","","","","","","","","","","","","","","","","","","","","","","","","",""
"28070001","CHARTRES",48.4605,1.501167,155,1983053003,"","","","",2.,1,200,1,"","","","","","","","","","","","","","","","","","","","","","","","","","","","",9.2,1,7.7,1,"","","","","","","","","","","","","","","","","","","","","","","","","","",92,1,"","","","","","","","","","","","",10.7,1,1011.8,1,"","","","","","","","",7,1,"","","","","","","","","","","","","","","","","","","","","","","","","","","","","","","","","","","","","","","","","","","","","","","","","","","","","","","","","","","","","","","","","","","","","","","","","","","","","","","","","","","","","","","","","","","","","","","","","","","","","","","",""
"28070001","CHARTRES",48.4605,1.501167,155,1983053006,"","","","",3.,1,200,1,"","","","","","","","","","","","","","","","","","","","","","","","","","","","",10.4,1,7.8,1,"","","","","","","","","","","","","","","","","","","","","","","","","","",86,1,"","","","","","","","","","","","",10.8,1,1011.7,1,"","","","","","",2,1,0,1,0,1,3,1,1,1,"","","","","","","","","","","","","","","","","","","","","","","","",12000,1,"","",0,1,"","","","",0,1,"","","","","","","","","","","","","","","","","","","","","","","","","","","","","","","","","","","","","","","","","","","","","","","","","","","","","","","","","","","","","",""
"28070001","CHARTRES",48.4605,1.501167,155,1983053009,"","","","",4.,1,220,1,"","","","","","","","","","","","","","","","","","","","","","","","","","","","",15.6,1,9.,1,"","","","","","","","","","","","","","","","","","","","","","","","","","",66,1,"","","","","","","","","","","","",11.7,1,1011.3,1,"","","","","","",7,1,6,1,8,1,"","","","","","","","","","","","","","","","","","","","","","","","","","","","",18000,1,"","",3,1,1,1,"","","","","","","","","","","","","","","","","","","","","","","","","","","","","","","","","","","","","","","","","","","","","","","","","","","","","","","","","","","","","","","","","",""
"28070001","CHARTRES",48.4605,1.501167,155,1983053012,"","","","",5.,1,220,1,"","","","","","","","","","","","","","","","","","","","","","","","","","","","",17.4,1,8.7,1,"","","","","","","","","","","","","","","","","","","","","","","","","","",58,1,"","","","","","","","","","","","",11.5,1,1011.2,1,"","","","","","",8,1,7,1,8,1,"","","","","","","","","","","","","","","","","","","","","","","","","","","","",20000,1,"","",1,1,1,1,"","","","","","","","","","","","","","","","","","","","","","","","","","","","","","","","","","","","","","","","","","","","","","","","","","","","","","","","","","","","","","","","","",""
"28070001","CHARTRES",48.4605,1.501167,155,1983053015,"","","","",6.,1,220,1,"","","","","","","","","","","","","","","","","","","","","","","","","","","","",20.2,1,9.1,1,"","","","","","","","","","","","","","","","","","","","","","","","","","",50,1,"","","","","","","","","","","","",11.8,1,1011.2,1,"","","","","","",5,1,0,1,2,1,3,1,0,1,"","","","","","","","","","","","","","","","","","","","","","","","",20000,1,"","",1,1,2,1,"","","","","","","","","","","","","","","","","","","","","","","","","","","","","","","","","","","","","","","","","","","","","","","","","","","","","","","","","","","","","","","","","",""
"28070001","CHARTRES",48.4605,1.501167,155,1983053018,"","","","",3.,1,180,1,"","","","","","","","","","","","","","","","","","","","","","","","","","","","",18.6,1,9.6,1,"","","","","","","","","","","","","","","","","","","","","","","","","","",57,1,"","","","","","","","","","","","",12.2,1,1011.3,1,"","","","","","","","",0,1,"","","","","","","","","","","","","","","","","","","","","","","","","","","","","","","","","","","","","","","","","","","","","","","","","","","","","","","","","","","","","","","","","","","","","","","","","","","","","","","","","","","","","","","","","","","","","","","","","","","","","","","",""
"28070001","CHARTRES",48.4605,1.501167,155,1983053021,"","","","",3.,1,140,1,"","","","","","","","","","","","","","","","","","","","","","","","","","","","",12.7,1,10.1,1,"","","","","","","","","","","","","","","","","","","","","","","","","","",86,1,"","","","","","","","","","","","",12.6,1,1012.5,1,"","","","","","","","",0,1,"","","","","","","","","","","","","","","","","","","","","","","","","","","","","","","","","","","","","","","","","","","","","","","","","","","","","","","","","","","","","","","","","","","","","","","","","","","","","","","","","","","","","","","","","","","","","","","","","","","","","","","",""
"28070001","CHARTRES",48.4605,1.501167,155,1983053100,"","","","",2.,1,140,1,"","","","","","","","","","","","","","","","","","","","","","","","","","","","",12.1,1,9.7,1,"","","","","","","","","","","","","","","","","","","","","","","","","","",87,1,"","","","","","","","","","","","",12.3,1,1012.3,1,"","","","","","","","",0,1,"","","","","","","","","","","","","","","","","","","","","","","","","","","","","","","","","","","","","","","","","","","","","","","","","","","","","","","","","","","","","","","","","","","","","","","","","","","","","","","","","","","","","","","","","","","","","","","","","","","","","","","",""
"28070001","CHARTRES",48.4605,1.501167,155,1983053103,"","","","",2.,1,120,1,"","","","","","","","","","","","","","","","","","","","","","","","","","","","",11.,1,9.,1,"","","","","","","","","","","","","","","","","","","","","","","","","","",89,1,"","","","","","","","","","","","",11.7,1,1011.6,1,"","","","","","","","",0,1,"","","","","","","","","","","","","","","","","","","","","","","","","","","","","","","","","","","","","","","","","","","","","","","","","","","","","","","","","","","","","","","","","","","","","","","","","","","","","","","","","","","","","","","","","","","","","","","","","","","","","","","",""
"28070001","CHARTRES",48.4605,1.501167,155,1983053106,"","","","",2.,1,160,1,"","","","","","","","","","","","","","","","","","","","","","","","","","","","",12.8,1,9.1,1,"","","","","","","","","","","","","","","","","","","","","","","","","","",80,1,"","","","","","","","","","","","",11.8,1,1011.7,1,"","","","","","",8,1,5,1,5,1,7,1,2,1,"","","","","","","","","","","","","","","","","","","","","","","","",20000,1,"","",0,1,"","","","",0,1,"","","","","","","","","","","","","","","","","","","","","","","","","","","","","","","","","","","","","","","","","","","","","","","","","","","","","","","","","","","","","",""
"28070001","CHARTRES",48.4605,1.501167,155,1983053109,"","","","",1.,1,320,1,"","","","","","","","","","","","","","","","","","","","","","","","","","","","",18.6,1,13.3,1,"","","","","","","","","","","","","","","","","","","","","","","","","","",73,1,"","","","","","","","","","","","",15.7,1,1011.3,1,"","","","","","",7,1,7,1,0,1,3,1,2,1,"","","","","","","","","","","","","","","","","","","","","","","","",20000,1,"","",3,1,2,1,"","","","","","","","","","","","","","","","","","","","","","","","","","","","","","","","","","","","","","","","","","","","","","","","","","","","","","","","","","","","","","","","","",""
"28070001","CHARTRES",48.4605,1.501167,155,1983053112,"","","","",4.,1,180,1,"","","","","","","","","","","","","","","","","","","","","","","","","","","","",19.2,1,14.8,1,"","","","","","","","","","","","","","","","","","","","","","","","","","",78,1,"","","","","","","","","","","","",17.4,1,1011.7,1,"","","","","","",6,1,5,1,5,1,3,1,2,1,"","","","","","","","","","","","","","","","","","","","","","","","",20000,1,"","",1,1,8,1,"","","","","","","","","","","","","","","","","","","","","","","","","","","","","","","","","","","","","","","","","","","","","","","","","","","","","","","","","","","","","","","","","",""
"28070001","CHARTRES",48.4605,1.501167,155,1983053115,"","","","",5.,1,140,1,"","","","","","","","","","","","","","","","","","","","","","","","","","","","",22.5,1,13.9,1,"","","","","","","","","","","","","","","","","","","","","","","","","","",60,1,"","","","","","","","","","","","",16.4,1,1010.6,1,"","","","","","",3,1,0,1,5,1,8,1,2,1,"","","","","","","","","","","","","","","","","","","","","","","","",25000,1,"","",3,1,1,1,"","","","","","","","","","","","","","","","","","","","","","","","","","","","","","","","","","","","","","","","","","","","","","","","","","","","","","","","","","","","","","","","","",""
"28070001","CHARTRES",48.4605,1.501167,155,1983053118,"","","","",3.,1,100,1,"","","","","","","","","","","","","","","","","","","","","","","","","","","","",21.7,1,14.8,1,"","","","","","","","","","","","","","","","","","","","","","","","","","",67,1,"","","","","","","","","","","","",17.4,1,1009.1,1,"","","","","","","","",0,1,"","","","","","","","","","","","","","","","","","","","","","","","","","","","","","","","","","","","","","","","","","","","","","","","","","","","","","","","","","","","","","","","","","","","","","","","","","","","","","","","","","","","","","","","","","","","","","","","","","","","","","","",""
"28070001","CHARTRES",48.4605,1.501167,155,1983053121,"","","","",3.,1,120,1,"","","","","","","","","","","","","","","","","","","","","","","","","","","","",18.5,1,16.3,1,"","","","","","","","","","","","","","","","","","","","","","","","","","",90,1,"","","","","","","","","","","","",19.2,1,1008.5,1,"","","","","","","","",0,1,"","","","","","","","","","","","","","","","","","","","","","","","","","","","","","","","","","","","","","","","","","","","","","","","","","","","","","","","","","","","","","","","","","","","","","","","","","","","","","","","","","","","","","","","","","","","","","","","","","","","","","","",""
"28070001","CHARTRES",48.4605,1.501167,155,1983060100,"","","","",6.,1,240,1,"","","","","","","","","","","","","","","","","","","","","","","","","","","","",17.4,1,15.3,1,"","","","","","","","","","","","","","","","","","","","","","","","","","",90,1,"","","","","","","","","","","","",17.9,1,1008.6,1,"","","","","","","","","","","","","","","","","","","","","","","","","","","","","","","","","","","","","","","","","","","","","","","","","","","","","","","","","","","","","","","","","","","","","","","","","","","","","","","","","","","","","","","","","","","","","","","","","","","","","","","","","","","","","","","","","",""
"28070001","CHARTRES",48.4605,1.501167,155,1983060103,"","","","",4.,1,220,1,"","","","","","","","","","","","","","","","","","","","","","","","","","","","",14.6,1,12.9,1,"","","","","","","","","","","","","","","","","","","","","","","","","","",92,1,"","","","","","","","","","","","",15.3,1,1009.,1,"","","","","","","","","","","","","","","","","","","","","","","","","","","","","","","","","","","","","","","","","","","","","","","","","","","","","","","","","","","","","","","","","","","","","","","","","","","","","","","","","","","","","","","","","","","","","","","","","","","","","","","","","","","","","","","","","",""
"28070001","CHARTRES",48.4605,1.501167,155,1983060106,"","","","",5.,1,240,1,"","","","","","","","","","","","","","","","","","","","","","","","","","","","",15.,1,13.,1,"","","","","","","","","","","","","","","","","","","","","","","","","","",90,1,"","","","","","","","","","","","",15.4,1,1009.4,1,"","","","","","",7,1,7,1,0,1,7,1,"","","","","","","","","","","","","","","","","","","","","","","","","","",20000,1,"","",0,1,"","","","",1,1,"","","","","","","","","","","","","","","","","","","","","","","","","","","","","","","","","","","","","","","","","","","","","","","","","","","","","","","","","","","","","",""
"28070001","CHARTRES",48.4605,1.501167,155,1983060109,"","","","",6.,1,220,1,"","","","","","","","","","","","","","","","","","","","","","","","","","","","",17.8,1,13.9,1,"","","","","","","","","","","","","","","","","","","","","","","","","","",80,1,"","","","","","","","","","","","",16.3,1,1011.3,1,"","","","","","",7,1,7,1,1,1,7,1,2,1,"","","","","","","","","","","","","","","","","","","","","","","","",20000,1,"","",3,1,2,1,"","","","","","","","","","","","","","","","","","","","","","","","","","","","","","","","","","","","","","","","","","","","","","","","","","","","","","","","","","","","","","","","","",""
"28070001","CHARTRES",48.4605,1.501167,155,1983060112,"","","","",6.,1,260,1,"","","","","","","","","","","","","","","","","","","","","","","","","","","","",19.8,1,14.2,1,"","","","","","","","","","","","","","","","","","","","","","","","","","",72,1,"","","","","","","","","","","","",16.7,1,1011.,1,"","","","","","",7,1,5,1,2,1,0,1,2,1,"","","","","","","","","","","","","","","","","","","","","","","","",20000,1,"","",3,1,2,1,"","","","","","","","","","","","","","","","","","","","","","","","","","","","","","","","","","","","","","","","","","","","","","","","","","","","","","","","","","","","","","","","","",""
"28070001","CHARTRES",48.4605,1.501167,155,1983060115,"","","","",6.,1,200,1,"","","","","","","","","","","","","","","","","","","","","","","","","","","","",17.,1,14.7,1,"","","","","","","","","","","","","","","","","","","","","","","","","","",89,1,"","","","","","","","","","","","",17.2,1,1011.7,1,"","","","","","",7,1,6,1,8,1,0,1,2,1,"","","","","","","","","","","","","","","","","","","","","","","","",20000,1,"","",1,1,9,1,"","","","","","","","","","","","","","","","","","","","","","","","","","","","","","","","","","","","","","","","","","","","","","","","","","","","","","","","","","","","","","","","","",""
"28070001","CHARTRES",48.4605,1.501167,155,1983060118,"","","","",8.,1,180,1,"","","","","","","","","","","","","","","","","","","","","","","","","","","","",12.5,1,10.5,1,"","","","","","","","","","","","","","","","","","","","","","","","","","",90,1,"","","","","","","","","","","","",13.,1,1012.7,1,"","","","","","","","",6,1,"","","","","","","","","","","","","","","","","","","","","","","","","","","","","","","","","","","","","","","","","","","","","","","","","","","","","","","","","","","","","","","","","","","","","","","","","","","","","","","","","","","","","","","","","","","","","","","","","","","","","","","",""
"28070001","CHARTRES",48.4605,1.501167,155,1983060121,"","","","",5.,1,220,1,"","","","","","","","","","","","","","","","","","","","","","","","","","","","",13.6,1,12.2,1,"","","","","","","","","","","","","","","","","","","","","","","","","","",94,1,"","","","","","","","","","","","",14.6,1,1014.4,1,"","","","","","","","",6,1,"","","","","","","","","","","","","","","","","","","","","","","","","","","","","","","","","","","","","","","","","","","","","","","","","","","","","","","","","","","","","","","","","","","","","","","","","","","","","","","","","","","","","","","","","","","","","","","","","","","","","","","",""
"28070001","CHARTRES",48.4605,1.501167,155,1983060200,"","","","",5.,1,240,1,"","","","","","","","","","","","","","","","","","","","","","","","","","","","",12.,1,10.4,1,"","","","","","","","","","","","","","","","","","","","","","","","","","",92,1,"","","","","","","","","","","","",12.9,1,1015.8,1,"","","","","","","","",6,1,"","","","","","","","","","","","","","","","","","","","","","","","","","","","","","","","","","","","","","","","","","","","","","","","","","","","","","","","","","","","","","","","","","","","","","","","","","","","","","","","","","","","","","","","","","","","","","","","","","","","","","","",""
"28070001","CHARTRES",48.4605,1.501167,155,1983060203,"","","","",5.,1,240,1,"","","","","","","","","","","","","","","","","","","","","","","","","","","","",11.6,1,10.2,1,"","","","","","","","","","","","","","","","","","","","","","","","","","",93,1,"","","","","","","","","","","","",12.7,1,1017.,1,"","","","","","","","",6,1,"","","","","","","","","","","","","","","","","","","","","","","","","","","","","","","","","","","","","","","","","","","","","","","","","","","","","","","","","","","","","","","","","","","","","","","","","","","","","","","","","","","","","","","","","","","","","","","","","","","","","","","",""
"28070001","CHARTRES",48.4605,1.501167,155,1983060206,"","","","",6.,1,240,1,"","","","","","","","","","","","","","","","","","","","","","","","","","","","",12.,1,9.9,1,"","","","","","","","","","","","","","","","","","","","","","","","","","",89,1,"","","","","","","","","","","","",12.5,1,1019.,1,"","","","","","",7,1,5,1,5,1,2,1,2,1,"","","","","","","","","","","","","","","","","","","","","","","","",15000,1,"","",0,1,"","","","",1,1,"","","","","","","","","","","","","","","","","","","","","","","","","","","","","","","","","","","","","","","","","","","","","","","","","","","","","","","","","","","","","",""
"28070001","CHARTRES",48.4605,1.501167,155,1983060209,"","","","",7.,1,240,1,"","","","","","","","","","","","","","","","","","","","","","","","","","","","",15.8,1,10.2,1,"","","","","","","","","","","","","","","","","","","","","","","","","","",71,1,"","","","","","","","","","","","",12.7,1,1019.9,1,"","","","","","",4,1,0,1,8,1,0,1,0,1,"","","","","","","","","","","","","","","","","","","","","","","","",25000,1,"","",3,1,1,1,"","","","","","","","","","","","","","","","","","","","","","","","","","","","","","","","","","","","","","","","","","","","","","","","","","","","","","","","","","","","","","","","","",""
"28070001","CHARTRES",48.4605,1.501167,155,1983060212,"","","","",7.,1,240,1,"","","","","","","","","","","","","","","","","","","","","","","","","","","","",17.2,1,9.2,1,"","","","","","","","","","","","","","","","","","","","","","","","","","",61,1,"","","","","","","","","","","","",11.9,1,1019.9,1,"","","","","","",7,1,7,1,8,1,"","","","","","","","","","","","","","","","","","","","","","","","","","","","",25000,1,"","",3,1,1,1,"","","","","","","","","","","","","","","","","","","","","","","","","","","","","","","","","","","","","","","","","","","","","","","","","","","","","","","","","","","","","","","","","",""
"28070001","CHARTRES",48.4605,1.501167,155,1983060215,"","","","",6.,1,260,1,"","","","","","","","","","","","","","","","","","","","","","","","","","","","",19.8,1,10.3,1,"","","","","","","","","","","","","","","","","","","","","","","","","","",55,1,"","","","","","","","","","","","",12.8,1,1019.8,1,"","","","","","",6,1,0,1,8,1,0,1,2,1,"","","","","","","","","","","","","","","","","","","","","","","","",25000,1,"","",1,1,2,1,"","","","","","","","","","","","","","","","","","","","","","","","","","","","","","","","","","","","","","","","","","","","","","","","","","","","","","","","","","","","","","","","","",""
"28070001","CHARTRES",48.4605,1.501167,155,1983060218,"","","","",3.,1,300,1,"","","","","","","","","","","","","","","","","","","","","","","","","","","","",19.6,1,9.9,1,"","","","","","","","","","","","","","","","","","","","","","","","","","",55,1,"","","","","","","","","","","","",12.5,1,1020.9,1,"","","","","","","","",0,1,"","","","","","","","","","","","","","","","","","","","","","","","","","","","","","","","","","","","","","","","","","","","","","","","","","","","","","","","","","","","","","","","","","","","","","","","","","","","","","","","","","","","","","","","","","","","","","","","","","","","","","","",""
"28070001","CHARTRES",48.4605,1.501167,155,1983060221,"","","","",1.,1,340,1,"","","","","","","","","","","","","","","","","","","","","","","","","","","","",14.6,1,8.5,1,"","","","","","","","","","","","","","","","","","","","","","","","","","",68,1,"","","","","","","","","","","","",11.3,1,1021.5,1,"","","","","","","","",0,1,"","","","","","","","","","","","","","","","","","","","","","","","","","","","","","","","","","","","","","","","","","","","","","","","","","","","","","","","","","","","","","","","","","","","","","","","","","","","","","","","","","","","","","","","","","","","","","","","","","","","","","","",""
"28070001","CHARTRES",48.4605,1.501167,155,1983060300,"","","","",1.,1,120,1,"","","","","","","","","","","","","","","","","","","","","","","","","","","","",13.6,1,11.8,1,"","","","","","","","","","","","","","","","","","","","","","","","","","",91,1,"","","","","","","","","","","","",14.2,1,1021.6,1,"","","","","","","","",0,1,"","","","","","","","","","","","","","","","","","","","","","","","","","","","","","","","","","","","","","","","","","","","","","","","","","","","","","","","","","","","","","","","","","","","","","","","","","","","","","","","","","","","","","","","","","","","","","","","","","","","","","","",""
"28070001","CHARTRES",48.4605,1.501167,155,1983060303,"","","","",1.,1,100,1,"","","","","","","","","","","","","","","","","","","","","","","","","","","","",13.3,1,11.6,1,"","","","","","","","","","","","","","","","","","","","","","","","","","",92,1,"","","","","","","","","","","","",14.,1,1021.6,1,"","","","","","","","",0,1,"","","","","","","","","","","","","","","","","","","","","","","","","","","","","","","","","","","","","","","","","","","","","","","","","","","","","","","","","","","","","","","","","","","","","","","","","","","","","","","","","","","","","","","","","","","","","","","","","","","","","","","",""
"28070001","CHARTRES",48.4605,1.501167,155,1983060306,"","","","",1.,1,120,1,"","","","","","","","","","","","","","","","","","","","","","","","","","","","",13.9,1,11.8,1,"","","","","","","","","","","","","","","","","","","","","","","","","","",90,1,"","","","","","","","","","","","",14.2,1,1021.6,1,"","","","","","",7,1,6,1,1,1,3,1,2,1,"","","","","","","","","","","","","","","","","","","","","","","","",20000,1,"","",0,1,"","","","",0,1,"","","","","","","","","","","","","","","","","","","","","","","","","","","","","","","","","","","","","","","","","","","","","","","","","","","","","","","","","","","","","",""
"28070001","CHARTRES",48.4605,1.501167,155,1983060309,"","","","",5.,1,160,1,"","","","","","","","","","","","","","","","","","","","","","","","","","","","",18.6,1,13.1,1,"","","","","","","","","","","","","","","","","","","","","","","","","","",72,1,"","","","","","","","","","","","",15.5,1,1021.3,1,"","","","","","",7,1,7,1,0,1,3,1,"","","","","","","","","","","","","","","","","","","","","","","","","","",20000,1,"","",2,1,2,1,"","","","","","","","","","","","","","","","","","","","","","","","","","","","","","","","","","","","","","","","","","","","","","","","","","","","","","","","","","","","","","","","","",""
"28070001","CHARTRES",48.4605,1.501167,155,1983060312,"","","","",3.,1,220,1,"","","","","","","","","","","","","","","","","","","","","","","","","","","","",23.,1,14.5,1,"","","","","","","","","","","","","","","","","","","","","","","","","","",61,1,"","","","","","","","","","","","",17.,1,1021.1,1,"","","","","","",6,1,6,1,0,1,3,1,2,1,"","","","","","","","","","","","","","","","","","","","","","","","",20000,1,"","",3,1,2,1,"","","","","","","","","","","","","","","","","","","","","","","","","","","","","","","","","","","","","","","","","","","","","","","","","","","","","","","","","","","","","","","","","",""
"28070001","CHARTRES",48.4605,1.501167,155,1983060315,"","","","",3.,1,160,1,"","","","","","","","","","","","","","","","","","","","","","","","","","","","",25.1,1,14.5,1,"","","","","","","","","","","","","","","","","","","","","","","","","","",54,1,"","","","","","","","","","","","",17.,1,1019.9,1,"","","","","","",2,1,0,1,1,1,0,1,2,1,"","","","","","","","","","","","","","","","","","","","","","","","",20000,1,"","",1,1,1,1,"","","","","","","","","","","","","","","","","","","","","","","","","","","","","","","","","","","","","","","","","","","","","","","","","","","","","","","","","","","","","","","","","",""
"28070001","CHARTRES",48.4605,1.501167,155,1983060318,"","","","",1.,1,140,1,"","","","","","","","","","","","","","","","","","","","","","","","","","","","",23.4,1,12.,1,"","","","","","","","","","","","","","","","","","","","","","","","","","",50,1,"","","","","","","","","","","","",14.4,1,1019.6,1,"","","","","","","","",0,1,"","","","","","","","","","","","","","","","","","","","","","","","","","","","","","","","","","","","","","","","","","","","","","","","","","","","","","","","","","","","","","","","","","","","","","","","","","","","","","","","","","","","","","","","","","","","","","","","","","","","","","","",""
"28070001","CHARTRES",48.4605,1.501167,155,1983060321,"","","","",1.,1,140,1,"","","","","","","","","","","","","","","","","","","","","","","","","","","","",18.4,1,15.5,1,"","","","","","","","","","","","","","","","","","","","","","","","","","",86,1,"","","","","","","","","","","","",18.2,1,1020.6,1,"","","","","","","","",0,1,"","","","","","","","","","","","","","","","","","","","","","","","","","","","","","","","","","","","","","","","","","","","","","","","","","","","","","","","","","","","","","","","","","","","","","","","","","","","","","","","","","","","","","","","","","","","","","","","","","","","","","","",""
"28070001","CHARTRES",48.4605,1.501167,155,1983060400,"","","","",2.,1,200,1,"","","","","","","","","","","","","","","","","","","","","","","","","","","","",16.6,1,15.1,1,"","","","","","","","","","","","","","","","","","","","","","","","","","",94,1,"","","","","","","","","","","","",17.7,1,1020.7,1,"","","","","","","","",0,1,"","","","","","","","","","","","","","","","","","","","","","","","","","","","","","","","","","","","","","","","","","","","","","","","","","","","","","","","","","","","","","","","","","","","","","","","","","","","","","","","","","","","","","","","","","","","","","","","","","","","","","","",""
"28070001","CHARTRES",48.4605,1.501167,155,1983060403,"","","","",1.,1,340,1,"","","","","","","","","","","","","","","","","","","","","","","","","","","","",14.,1,12.9,1,"","","","","","","","","","","","","","","","","","","","","","","","","","",96,1,"","","","","","","","","","","","",15.3,1,1021.2,1,"","","","","","","","",0,1,"","","","","","","","","","","","","","","","","","","","","","","","","","","","","","","","","","","","","","","","","","","","","","","","","","","","","","","","","","","","","","","","","","","","","","","","","","","","","","","","","","","","","","","","","","","","","","","","","","","","","","","",""
"28070001","CHARTRES",48.4605,1.501167,155,1983060406,"","","","",0.,1,0,1,"","","","","","","","","","","","","","","","","","","","","","","","","","","","",15.8,1,14.3,1,"","","","","","","","","","","","","","","","","","","","","","","","","","",94,1,"","","","","","","","","","","","",16.8,1,1021.5,1,"","","","","","",2,1,0,1,0,1,3,1,2,1,"","","","","","","","","","","","","","","","","","","","","","","","",20000,1,"","",0,1,"","","","",1,1,"","","","","","","","","","","","","","","","","","","","","","","","","","","","","","","","","","","","","","","","","","","","","","","","","","","","","","","","","","","","","",""
"28070001","CHARTRES",48.4605,1.501167,155,1983060409,"","","","",3.,1,40,1,"","","","","","","","","","","","","","","","","","","","","","","","","","","","",22.,1,15.2,1,"","","","","","","","","","","","","","","","","","","","","","","","","","",67,1,"","","","","","","","","","","","",17.8,1,1021.9,1,"","","","","","",6,1,6,1,0,1,0,1,2,1,"","","","","","","","","","","","","","","","","","","","","","","","",20000,1,"","",3,1,1,1,"","","","","","","","","","","","","","","","","","","","","","","","","","","","","","","","","","","","","","","","","","","","","","","","","","","","","","","","","","","","","","","","","",""
"28070001","CHARTRES",48.4605,1.501167,155,1983060412,"","","","",3.,1,80,1,"","","","","","","","","","","","","","","","","","","","","","","","","","","","",26.2,1,17.1,1,"","","","","","","","","","","","","","","","","","","","","","","","","","",59,1,"","","","","","","","","","","","",20.2,1,1021.4,1,"","","","","","",5,1,5,1,0,1,0,1,2,1,"","","","","","","","","","","","","","","","","","","","","","","","",20000,1,"","",2,1,1,1,"","","","","","","","","","","","","","","","","","","","","","","","","","","","","","","","","","","","","","","","","","","","","","","","","","","","","","","","","","","","","","","","","",""
"28070001","CHARTRES",48.4605,1.501167,155,1983060415,"","","","",1.,1,80,1,"","","","","","","","","","","","","","","","","","","","","","","","","","","","",27.4,1,18.5,1,"","","","","","","","","","","","","","","","","","","","","","","","","","",60,1,"","","","","","","","","","","","",22.1,1,1020.5,1,"","","","","","",6,1,6,1,0,1,0,1,2,1,"","","","","","","","","","","","","","","","","","","","","","","","",20000,1,"","",1,1,2,1,"","","","","","","","","","","","","","","","","","","","","","","","","","","","","","","","","","","","","","","","","","","","","","","","","","","","","","","","","","","","","","","","","",""
"28070001","CHARTRES",48.4605,1.501167,155,1983060418,"","","","",2.,1,80,1,"","","","","","","","","","","","","","","","","","","","","","","","","","","","",25.2,1,15.3,1,"","","","","","","","","","","","","","","","","","","","","","","","","","",56,1,"","","","","","","","","","","","",17.9,1,1020.1,1,"","","","","","","","",6,1,"","","","","","","","","","","","","","","","","","","","","","","","","","","","","","","","","","","","","","","","","","","","","","","","","","","","","","","","","","","","","","","","","","","","","","","","","","","","","","","","","","","","","","","","","","","","","","","","","","","","","","","",""
"28070001","CHARTRES",48.4605,1.501167,155,1983060421,"","","","",2.,1,60,1,"","","","","","","","","","","","","","","","","","","","","","","","","","","","",20.,1,15.5,1,"","","","","","","","","","","","","","","","","","","","","","","","","","",78,1,"","","","","","","","","","","","",18.2,1,1019.8,1,"","","","","","","","",6,1,"","","","","","","","","","","","","","","","","","","","","","","","","","","","","","","","","","","","","","","","","","","","","","","","","","","","","","","","","","","","","","","","","","","","","","","","","","","","","","","","","","","","","","","","","","","","","","","","","","","","","","","",""
"28070001","CHARTRES",48.4605,1.501167,155,1983060500,"","","","",2.,1,20,1,"","","","","","","","","","","","","","","","","","","","","","","","","","","","",17.1,1,15.9,1,"","","","","","","","","","","","","","","","","","","","","","","","","","",96,1,"","","","","","","","","","","","",18.7,1,1020.,1,"","","","","","","","",6,1,"","","","","","","","","","","","","","","","","","","","","","","","","","","","","","","","","","","","","","","","","","","","","","","","","","","","","","","","","","","","","","","","","","","","","","","","","","","","","","","","","","","","","","","","","","","","","","","","","","","","","","","",""
"28070001","CHARTRES",48.4605,1.501167,155,1983060503,"","","","",1.,1,40,1,"","","","","","","","","","","","","","","","","","","","","","","","","","","","",14.7,1,13.8,1,"","","","","","","","","","","","","","","","","","","","","","","","","","",97,1,"","","","","","","","","","","","",16.2,1,1018.3,1,"","","","","","","","",6,1,"","","","","","","","","","","","","","","","","","","","","","","","","","","","","","","","","","","","","","","","","","","","","","","","","","","","","","","","","","","","","","","","","","","","","","","","","","","","","","","","","","","","","","","","","","","","","","","","","","","","","","","",""
"28070001","CHARTRES",48.4605,1.501167,155,1983060506,"","","","",2.,1,20,1,"","","","","","","","","","","","","","","","","","","","","","","","","","","","",16.6,1,15.6,1,"","","","","","","","","","","","","","","","","","","","","","","","","","",97,1,"","","","","","","","","","","","",18.3,1,1018.6,1,"","","","","","",6,1,5,1,2,1,8,1,2,1,"","","","","","","","","","","","","","","","","","","","","","","","",6000,1,"","",0,1,"","","","",0,1,"","","","","","","","","","","","","","","","","","","","","","","","","","","","","","","","","","","","","","","","","","","","","","","","","","","","","","","","","","","","","",""
"28070001","CHARTRES",48.4605,1.501167,155,1983060509,"","","","",3.,1,80,1,"","","","","","","","","","","","","","","","","","","","","","","","","","","","",22.6,1,17.9,1,"","","","","","","","","","","","","","","","","","","","","","","","","","",78,1,"","","","","","","","","","","","",21.3,1,1018.3,1,"","","","","","",2,1,0,1,0,1,8,1,2,1,"","","","","","","","","","","","","","","","","","","","","","","","",15000,1,"","",1,1,1,1,"","","","","","","","","","","","","","","","","","","","","","","","","","","","","","","","","","","","","","","","","","","","","","","","","","","","","","","","","","","","","","","","","",""
"28070001","CHARTRES",48.4605,1.501167,155,1983060512,"","","","",5.,1,100,1,"","","","","","","","","","","","","","","","","","","","","","","","","","","","",24.4,1,18.5,1,"","","","","","","","","","","","","","","","","","","","","","","","","","",72,1,"","","","","","","","","","","","",22.1,1,1017.6,1,"","","","","","",6,1,5,1,2,1,8,1,2,1,"","","","","","","","","","","","","","","","","","","","","","","","",15000,1,"","",3,1,1,1,"","","","","","","","","","","","","","","","","","","","","","","","","","","","","","","","","","","","","","","","","","","","","","","","","","","","","","","","","","","","","","","","","",""
"28070001","CHARTRES",48.4605,1.501167,155,1983060515,"","","","",4.,1,100,1,"","","","","","","","","","","","","","","","","","","","","","","","","","","","",27.4,1,20.5,1,"","","","","","","","","","","","","","","","","","","","","","","","","","",69,1,"","","","","","","","","","","","",25.1,1,1015.9,1,"","","","","","",3,1,0,1,2,1,8,1,0,1,"","","","","","","","","","","","","","","","","","","","","","","","",15000,1,"","",1,1,1,1,"","","","","","","","","","","","","","","","","","","","","","","","","","","","","","","","","","","","","","","","","","","","","","","","","","","","","","","","","","","","","","","","","",""
"28070001","CHARTRES",48.4605,1.501167,155,1983060518,"","","","",3.,1,120,1,"","","","","","","","","","","","","","","","","","","","","","","","","","","","",26.2,1,19.2,1,"","","","","","","","","","","","","","","","","","","","","","","","","","",68,1,"","","","","","","","","","","","",23.1,1,1014.6,1,"","","","","","","","",0,1,"","","","","","","","","","","","","","","","","","","","","","","","","","","","","","","","","","","","","","","","","","","","","","","","","","","","","","","","","","","","","","","","","","","","","","","","","","","","","","","","","","","","","","","","","","","","","","","","","","","","","","","",""
"28070001","CHARTRES",48.4605,1.501167,155,1983060521,"","","","",4.,1,40,1,"","","","","","","","","","","","","","","","","","","","","","","","","","","","",22.4,1,20.1,1,"","","","","","","","","","","","","","","","","","","","","","","","","","",90,1,"","","","","","","","","","","","",24.4,1,1015.8,1,"","","","","","","","",0,1,"","","","","","","","","","","","","","","","","","","","","","","","","","","","","","","","","","","","","","","","","","","","","","","","","","","","","","","","","","","","","","","","","","","","","","","","","","","","","","","","","","","","","","","","","","","","","","","","","","","","","","","",""
"28070001","CHARTRES",48.4605,1.501167,155,1983060600,"","","","",4.,1,100,1,"","","","","","","","","","","","","","","","","","","","","","","","","","","","",19.,1,17.3,1,"","","","","","","","","","","","","","","","","","","","","","","","","","",93,1,"","","","","","","","","","","","",20.4,1,1015.8,1,"","","","","","","","",0,1,"","","","","","","","","","","","","","","","","","","","","","","","","","","","","","","","","","","","","","","","","","","","","","","","","","","","","","","","","","","","","","","","","","","","","","","","","","","","","","","","","","","","","","","","","","","","","","","","","","","","","","","",""
"28070001","CHARTRES",48.4605,1.501167,155,1983060603,"","","","",4.,1,60,1,"","","","","","","","","","","","","","","","","","","","","","","","","","","","",16.4,1,15.4,1,"","","","","","","","","","","","","","","","","","","","","","","","","","",97,1,"","","","","","","","","","","","",18.1,1,1016.,1,"","","","","","","","",0,1,"","","","","","","","","","","","","","","","","","","","","","","","","","","","","","","","","","","","","","","","","","","","","","","","","","","","","","","","","","","","","","","","","","","","","","","","","","","","","","","","","","","","","","","","","","","","","","","","","","","","","","","",""
"28070001","CHARTRES",48.4605,1.501167,155,1983060606,"","","","",5.,1,60,1,"","","","","","","","","","","","","","","","","","","","","","","","","","","","",16.2,1,14.7,1,"","","","","","","","","","","","","","","","","","","","","","","","","","",94,1,"","","","","","","","","","","","",17.2,1,1016.8,1,"","","","","","",5,1,0,1,6,1,3,1,0,1,"","","","","","","","","","","","","","","","","","","","","","","","",4000,1,"","",10,1,"","","","",0,1,"","","","","","","","","","","","","","","","","","","","","","","","","","","","","","","","","","","","","","","","","","","","","","","","","","","","","","","","","","","","","",""
"28070001","CHARTRES",48.4605,1.501167,155,1983060609,"","","","",5.,1,80,1,"","","","","","","","","","","","","","","","","","","","","","","","","","","","",20.,1,15.8,1,"","","","","","","","","","","","","","","","","","","","","","","","","","",80,1,"","","","","","","","","","","","",18.6,1,1016.7,1,"","","","","","",3,1,0,1,5,1,0,1,0,1,"","","","","","","","","","","","","","","","","","","","","","","","",10000,1,"","",3,1,1,1,"","","","","","","","","","","","","","","","","","","","","","","","","","","","","","","","","","","","","","","","","","","","","","","","","","","","","","","","","","","","","","","","","",""
"28070001","CHARTRES",48.4605,1.501167,155,1983060612,"","","","",6.,1,100,1,"","","","","","","","","","","","","","","","","","","","","","","","","","","","",24.4,1,18.2,1,"","","","","","","","","","","","","","","","","","","","","","","","","","",71,1,"","","","","","","","","","","","",21.7,1,1016.2,1,"","","","","","",1,1,0,1,1,1,0,1,0,1,"","","","","","","","","","","","","","","","","","","","","","","","",15000,1,"","",3,1,1,1,"","","","","","","","","","","","","","","","","","","","","","","","","","","","","","","","","","","","","","","","","","","","","","","","","","","","","","","","","","","","","","","","","",""
"28070001","CHARTRES",48.4605,1.501167,155,1983060615,"","","","",4.,1,100,1,"","","","","","","","","","","","","","","","","","","","","","","","","","","","",26.6,1,19.9,1,"","","","","","","","","","","","","","","","","","","","","","","","","","",70,1,"","","","","","","","","","","","",24.2,1,1015.9,1,"","","","","","",3,1,0,1,1,1,0,1,2,1,"","","","","","","","","","","","","","","","","","","","","","","","",20000,1,"","",3,1,0,1,"","","","","","","","","","","","","","","","","","","","","","","","","","","","","","","","","","","","","","","","","","","","","","","","","","","","","","","","","","","","","","","","","",""
"28070001","CHARTRES",48.4605,1.501167,155,1983060618,"","","","",3.,1,100,1,"","","","","","","","","","","","","","","","","","","","","","","","","","","","",24.5,1,20.2,1,"","","","","","","","","","","","","","","","","","","","","","","","","","",80,1,"","","","","","","","","","","","",24.6,1,1016.1,1,"","","","","","","","",0,1,"","","","","","","","","","","","","","","","","","","","","","","","","","","","","","","","","","","","","","","","","","","","","","","","","","","","","","","","","","","","","","","","","","","","","","","","","","","","","","","","","","","","","","","","","","","","","","","","","","","","","","","",""
"28070001","CHARTRES",48.4605,1.501167,155,1983060621,"","","","",5.,1,120,1,"","","","","","","","","","","","","","","","","","","","","","","","","","","","",21.3,1,19.,1,"","","","","","","","","","","","","","","","","","","","","","","","","","",90,1,"","","","","","","","","","","","",22.8,1,1016.7,1,"","","","","","","","",0,1,"","","","","","","","","","","","","","","","","","","","","","","","","","","","","","","","","","","","","","","","","","","","","","","","","","","","","","","","","","","","","","","","","","","","","","","","","","","","","","","","","","","","","","","","","","","","","","","","","","","","","","","",""
"28070001","CHARTRES",48.4605,1.501167,155,1983060700,"","","","",3.,1,120,1,"","","","","","","","","","","","","","","","","","","","","","","","","","","","",18.,1,16.2,1,"","","","","","","","","","","","","","","","","","","","","","","","","","",92,1,"","","","","","","","","","","","",19.,1,1017.2,1,"","","","","","","","",0,1,"","","","","","","","","","","","","","","","","","","","","","","","","","","","","","","","","","","","","","","","","","","","","","","","","","","","","","","","","","","","","","","","","","","","","","","","","","","","","","","","","","","","","","","","","","","","","","","","","","","","","","","",""
"28070001","CHARTRES",48.4605,1.501167,155,1983060703,"","","","",2.,1,80,1,"","","","","","","","","","","","","","","","","","","","","","","","","","","","",15.5,1,14.,1,"","","","","","","","","","","","","","","","","","","","","","","","","","",94,1,"","","","","","","","","","","","",16.5,1,1017.4,1,"","","","","","","","",0,1,"","","","","","","","","","","","","","","","","","","","","","","","","","","","","","","","","","","","","","","","","","","","","","","","","","","","","","","","","","","","","","","","","","","","","","","","","","","","","","","","","","","","","","","","","","","","","","","","","","","","","","","",""
"28070001","CHARTRES",48.4605,1.501167,155,1983060706,"","","","",3.,1,120,1,"","","","","","","","","","","","","","","","","","","","","","","","","","","","",16.8,1,14.2,1,"","","","","","","","","","","","","","","","","","","","","","","","","","",88,1,"","","","","","","","","","","","",16.7,1,1017.3,1,"","","","","","",0,1,"","",0,1,0,1,0,1,"","","","","","","","","","","","","","","","","","","","","","","","",6000,1,"","",0,1,"","","","",1,1,"","","","","","","","","","","","","","","","","","","","","","","","","","","","","","","","","","","","","","","","","","","","","","","","","","","","","","","","","","","","","",""
"28070001","CHARTRES",48.4605,1.501167,155,1983060709,"","","","",4.,1,140,1,"","","","","","","","","","","","","","","","","","","","","","","","","","","","",22.2,1,17.2,1,"","","","","","","","","","","","","","","","","","","","","","","","","","",76,1,"","","","","","","","","","","","",20.3,1,1016.6,1,"","","","","","",1,1,0,1,0,1,0,1,1,1,"","","","","","","","","","","","","","","","","","","","","","","","",8000,1,"","",1,1,0,1,"","","","","","","","","","","","","","","","","","","","","","","","","","","","","","","","","","","","","","","","","","","","","","","","","","","","","","","","","","","","","","","","","",""
"28070001","CHARTRES",48.4605,1.501167,155,1983060712,"","","","",5.,1,140,1,"","","","","","","","","","","","","","","","","","","","","","","","","","","","",27.2,1,20.1,1,"","","","","","","","","","","","","","","","","","","","","","","","","","",68,1,"","","","","","","","","","","","",24.5,1,1015.7,1,"","","","","","",2,1,0,1,0,1,0,1,2,1,"","","","","","","","","","","","","","","","","","","","","","","","",15000,1,"","",3,1,0,1,"","","","","","","","","","","","","","","","","","","","","","","","","","","","","","","","","","","","","","","","","","","","","","","","","","","","","","","","","","","","","","","","","",""
"28070001","CHARTRES",48.4605,1.501167,155,1983060715,"","","","",3.,1,120,1,"","","","","","","","","","","","","","","","","","","","","","","","","","","","",27.5,1,19.5,1,"","","","","","","","","","","","","","","","","","","","","","","","","","",64,1,"","","","","","","","","","","","",23.5,1,1016.,1,"","","","","","",7,1,6,1,0,1,8,1,2,1,"","","","","","","","","","","","","","","","","","","","","","","","",20000,1,"","",3,1,1,1,"","","","","","","","","","","","","","","","","","","","","","","","","","","","","","","","","","","","","","","","","","","","","","","","","","","","","","","","","","","","","","","","","",""
"28070001","CHARTRES",48.4605,1.501167,155,1983060718,"","","","",4.,1,120,1,"","","","","","","","","","","","","","","","","","","","","","","","","","","","",25.3,1,19.3,1,"","","","","","","","","","","","","","","","","","","","","","","","","","",72,1,"","","","","","","","","","","","",23.2,1,1014.7,1,"","","","","","","","",6,1,"","","","","","","","","","","","","","","","","","","","","","","","","","","","","","","","","","","","","","","","","","","","","","","","","","","","","","","","","","","","","","","","","","","","","","","","","","","","","","","","","","","","","","","","","","","","","","","","","","","","","","","",""
"28070001","CHARTRES",48.4605,1.501167,155,1983060721,"","","","",2.,1,180,1,"","","","","","","","","","","","","","","","","","","","","","","","","","","","",21.3,1,17.9,1,"","","","","","","","","","","","","","","","","","","","","","","","","","",84,1,"","","","","","","","","","","","",21.3,1,1016.,1,"","","","","","","","",6,1,"","","","","","","","","","","","","","","","","","","","","","","","","","","","","","","","","","","","","","","","","","","","","","","","","","","","","","","","","","","","","","","","","","","","","","","","","","","","","","","","","","","","","","","","","","","","","","","","","","","","","","","",""
"28070001","CHARTRES",48.4605,1.501167,155,1983060800,"","","","",3.,1,180,1,"","","","","","","","","","","","","","","","","","","","","","","","","","","","",20.2,1,17.6,1,"","","","","","","","","","","","","","","","","","","","","","","","","","",88,1,"","","","","","","","","","","","",20.8,1,1015.7,1,"","","","","","","","",6,1,"","","","","","","","","","","","","","","","","","","","","","","","","","","","","","","","","","","","","","","","","","","","","","","","","","","","","","","","","","","","","","","","","","","","","","","","","","","","","","","","","","","","","","","","","","","","","","","","","","","","","","","",""
"28070001","CHARTRES",48.4605,1.501167,155,1983060803,"","","","",6.,1,260,1,"","","","","","","","","","","","","","","","","","","","","","","","","","","","",19.,1,18.1,1,"","","","","","","","","","","","","","","","","","","","","","","","","","",98,1,"","","","","","","","","","","","",21.5,1,1016.4,1,"","","","","","","","",6,1,"","","","","","","","","","","","","","","","","","","","","","","","","","","","","","","","","","","","","","","","","","","","","","","","","","","","","","","","","","","","","","","","","","","","","","","","","","","","","","","","","","","","","","","","","","","","","","","","","","","","","","","",""
"28070001","CHARTRES",48.4605,1.501167,155,1983060806,"","","","",2.,1,240,1,"","","","","","","","","","","","","","","","","","","","","","","","","","","","",19.6,1,17.7,1,"","","","","","","","","","","","","","","","","","","","","","","","","","",92,1,"","","","","","","","","","","","",21.,1,1017.2,1,"","","","","","",6,1,0,1,9,1,0,1,0,1,"","","","","","","","","","","","","","","","","","","","","","","","",12000,1,"","",17,1,"","","","",2,1,"","","","","","","","","","","","","","","","","","","","","","","","","","","","","","","","","","","","","","","","","","","","","","","","","","","","","","","","","","","","","",""
"28070001","CHARTRES",48.4605,1.501167,155,1983060809,"","","","",2.,1,280,1,"","","","","","","","","","","","","","","","","","","","","","","","","","","","",20.2,1,18.,1,"","","","","","","","","","","","","","","","","","","","","","","","","","",91,1,"","","","","","","","","","","","",21.4,1,1019.7,1,"","","","","","",7,1,7,1,5,1,"","","","","","","","","","","","","","","","","","","","","","","","","","","","",12000,1,"","",29,1,9,1,"","","","","","","","","","","","","","","","","","","","","","","","","","","","","","","","","","","","","","","","","","","","","","","","","","","","","","","","","","","","","","","","","",""
"28070001","CHARTRES",48.4605,1.501167,155,1983060812,"","","","",2.,1,20,1,"","","","","","","","","","","","","","","","","","","","","","","","","","","","",23.4,1,19.1,1,"","","","","","","","","","","","","","","","","","","","","","","","","","",80,1,"","","","","","","","","","","","",22.9,1,1019.1,1,"","","","","","",6,1,0,1,8,1,3,1,0,1,"","","","","","","","","","","","","","","","","","","","","","","","",15000,1,"","",3,1,9,1,"","","","","","","","","","","","","","","","","","","","","","","","","","","","","","","","","","","","","","","","","","","","","","","","","","","","","","","","","","","","","","","","","",""
"28070001","CHARTRES",48.4605,1.501167,155,1983060815,"","","","",3.,1,40,1,"","","","","","","","","","","","","","","","","","","","","","","","","","","","",22.,1,18.7,1,"","","","","","","","","","","","","","","","","","","","","","","","","","",85,1,"","","","","","","","","","","","",22.4,1,1019.5,1,"","","","","","",8,1,7,1,5,1,2,1,"","","","","","","","","","","","","","","","","","","","","","","","","","",5000,1,"","",1,1,2,1,"","","","","","","","","","","","","","","","","","","","","","","","","","","","","","","","","","","","","","","","","","","","","","","","","","","","","","","","","","","","","","","","","",""
"28070001","CHARTRES",48.4605,1.501167,155,1983060818,"","","","",4.,1,20,1,"","","","","","","","","","","","","","","","","","","","","","","","","","","","",19.4,1,16.6,1,"","","","","","","","","","","","","","","","","","","","","","","","","","",87,1,"","","","","","","","","","","","",19.6,1,1021.5,1,"","","","","","","","",7,1,"","","","","","","","","","","","","","","","","","","","","","","","","","","","","","","","","","","","","","","","","","","","","","","","","","","","","","","","","","","","","","","","","","","","","","","","","","","","","","","","","","","","","","","","","","","","","","","","","","","","","","","",""
"28070001","CHARTRES",48.4605,1.501167,155,1983060821,"","","","",3.,1,60,1,"","","","","","","","","","","","","","","","","","","","","","","","","","","","",16.4,1,14.6,1,"","","","","","","","","","","","","","","","","","","","","","","","","","",92,1,"","","","","","","","","","","","",17.1,1,1022.5,1,"","","","","","","","",7,1,"","","","","","","","","","","","","","","","","","","","","","","","","","","","","","","","","","","","","","","","","","","","","","","","","","","","","","","","","","","","","","","","","","","","","","","","","","","","","","","","","","","","","","","","","","","","","","","","","","","","","","","",""
"28070001","CHARTRES",48.4605,1.501167,155,1983060900,"","","","",1.,1,80,1,"","","","","","","","","","","","","","","","","","","","","","","","","","","","",15.3,1,14.5,1,"","","","","","","","","","","","","","","","","","","","","","","","","","",98,1,"","","","","","","","","","","","",17.,1,1023.6,1,"","","","","","","","",7,1,"","","","","","","","","","","","","","","","","","","","","","","","","","","","","","","","","","","","","","","","","","","","","","","","","","","","","","","","","","","","","","","","","","","","","","","","","","","","","","","","","","","","","","","","","","","","","","","","","","","","","","","",""
"28070001","CHARTRES",48.4605,1.501167,155,1983060903,"","","","",1.,1,60,1,"","","","","","","","","","","","","","","","","","","","","","","","","","","","",13.,1,12.3,1,"","","","","","","","","","","","","","","","","","","","","","","","","","",98,1,"","","","","","","","","","","","",14.7,1,1024.6,1,"","","","","","","","",7,1,"","","","","","","","","","","","","","","","","","","","","","","","","","","","","","","","","","","","","","","","","","","","","","","","","","","","","","","","","","","","","","","","","","","","","","","","","","","","","","","","","","","","","","","","","","","","","","","","","","","","","","","",""
"28070001","CHARTRES",48.4605,1.501167,155,1983060906,"","","","",2.,1,360,1,"","","","","","","","","","","","","","","","","","","","","","","","","","","","",15.,1,14.2,1,"","","","","","","","","","","","","","","","","","","","","","","","","","",98,1,"","","","","","","","","","","","",16.7,1,1024.8,1,"","","","","","",6,1,6,1,5,1,0,1,0,1,"","","","","","","","","","","","","","","","","","","","","","","","",8000,1,"","",0,1,"","","","",2,1,"","","","","","","","","","","","","","","","","","","","","","","","","","","","","","","","","","","","","","","","","","","","","","","","","","","","","","","","","","","","","",""
"28070001","CHARTRES",48.4605,1.501167,155,1983060909,"","","","",3.,1,300,1,"","","","","","","","","","","","","","","","","","","","","","","","","","","","",19.5,1,14.6,1,"","","","","","","","","","","","","","","","","","","","","","","","","","",76,1,"","","","","","","","","","","","",17.1,1,1024.6,1,"","","","","","",1,1,0,1,1,1,0,1,0,1,"","","","","","","","","","","","","","","","","","","","","","","","",20000,1,"","",3,1,1,1,"","","","","","","","","","","","","","","","","","","","","","","","","","","","","","","","","","","","","","","","","","","","","","","","","","","","","","","","","","","","","","","","","",""
"28070001","CHARTRES",48.4605,1.501167,155,1983060912,"","","","",4.,1,320,1,"","","","","","","","","","","","","","","","","","","","","","","","","","","","",22.2,1,14.7,1,"","","","","","","","","","","","","","","","","","","","","","","","","","",64,1,"","","","","","","","","","","","",17.2,1,1024.4,1,"","","","","","",3,1,0,1,8,1,0,1,0,1,"","","","","","","","","","","","","","","","","","","","","","","","",25000,1,"","",1,1,1,1,"","","","","","","","","","","","","","","","","","","","","","","","","","","","","","","","","","","","","","","","","","","","","","","","","","","","","","","","","","","","","","","","","",""
"28070001","CHARTRES",48.4605,1.501167,155,1983060915,"","","","",5.,1,300,1,"","","","","","","","","","","","","","","","","","","","","","","","","","","","",22.9,1,14.6,1,"","","","","","","","","","","","","","","","","","","","","","","","","","",61,1,"","","","","","","","","","","","",17.1,1,1024.,1,"","","","","","",2,1,0,1,1,1,0,1,0,1,"","","","","","","","","","","","","","","","","","","","","","","","",25000,1,"","",1,1,0,1,"","","","","","","","","","","","","","","","","","","","","","","","","","","","","","","","","","","","","","","","","","","","","","","","","","","","","","","","","","","","","","","","","",""
"28070001","CHARTRES",48.4605,1.501167,155,1983060918,"","","","",4.,1,20,1,"","","","","","","","","","","","","","","","","","","","","","","","","","","","",19.1,1,12.4,1,"","","","","","","","","","","","","","","","","","","","","","","","","","",67,1,"","","","","","","","","","","","",14.8,1,1024.5,1,"","","","","","","","",0,1,"","","","","","","","","","","","","","","","","","","","","","","","","","","","","","","","","","","","","","","","","","","","","","","","","","","","","","","","","","","","","","","","","","","","","","","","","","","","","","","","","","","","","","","","","","","","","","","","","","","","","","","",""
"28070001","CHARTRES",48.4605,1.501167,155,1983060921,"","","","",2.,1,20,1,"","","","","","","","","","","","","","","","","","","","","","","","","","","","",14.1,1,12.7,1,"","","","","","","","","","","","","","","","","","","","","","","","","","",94,1,"","","","","","","","","","","","",15.1,1,1025.5,1,"","","","","","","","",0,1,"","","","","","","","","","","","","","","","","","","","","","","","","","","","","","","","","","","","","","","","","","","","","","","","","","","","","","","","","","","","","","","","","","","","","","","","","","","","","","","","","","","","","","","","","","","","","","","","","","","","","","","",""
"28070001","CHARTRES",48.4605,1.501167,155,1983061000,"","","","",1.,1,360,1,"","","","","","","","","","","","","","","","","","","","","","","","","","","","",11.3,1,10.3,1,"","","","","","","","","","","","","","","","","","","","","","","","","","",96,1,"","","","","","","","","","","","",12.8,1,1025.6,1,"","","","","","","","",0,1,"","","","","","","","","","","","","","","","","","","","","","","","","","","","","","","","","","","","","","","","","","","","","","","","","","","","","","","","","","","","","","","","","","","","","","","","","","","","","","","","","","","","","","","","","","","","","","","","","","","","","","","",""
"28070001","CHARTRES",48.4605,1.501167,155,1983061003,"","","","",1.,1,360,1,"","","","","","","","","","","","","","","","","","","","","","","","","","","","",11.5,1,10.4,1,"","","","","","","","","","","","","","","","","","","","","","","","","","",95,1,"","","","","","","","","","","","",12.9,1,1024.9,1,"","","","","","","","",0,1,"","","","","","","","","","","","","","","","","","","","","","","","","","","","","","","","","","","","","","","","","","","","","","","","","","","","","","","","","","","","","","","","","","","","","","","","","","","","","","","","","","","","","","","","","","","","","","","","","","","","","","","",""
"28070001","CHARTRES",48.4605,1.501167,155,1983061006,"","","","",3.,1,40,1,"","","","","","","","","","","","","","","","","","","","","","","","","","","","",13.,1,11.5,1,"","","","","","","","","","","","","","","","","","","","","","","","","","",93,1,"","","","","","","","","","","","",13.9,1,1024.6,1,"","","","","","",7,1,7,1,5,1,"","","","","","","","","","","","","","","","","","","","","","","","","","","","",20000,1,"","",0,1,"","","","",1,1,"","","","","","","","","","","","","","","","","","","","","","","","","","","","","","","","","","","","","","","","","","","","","","","","","","","","","","","","","","","","","",""
"28070001","CHARTRES",48.4605,1.501167,155,1983061009,"","","","",3.,1,20,1,"","","","","","","","","","","","","","","","","","","","","","","","","","","","",14.6,1,11.5,1,"","","","","","","","","","","","","","","","","","","","","","","","","","",83,1,"","","","","","","","","","","","",13.9,1,1024.3,1,"","","","","","",7,1,5,1,8,1,"","","","","","","","","","","","","","","","","","","","","","","","","","","","",20000,1,"","",3,1,2,1,"","","","","","","","","","","","","","","","","","","","","","","","","","","","","","","","","","","","","","","","","","","","","","","","","","","","","","","","","","","","","","","","","",""
"28070001","CHARTRES",48.4605,1.501167,155,1983061012,"","","","",2.,1,20,1,"","","","","","","","","","","","","","","","","","","","","","","","","","","","",18.,1,12.2,1,"","","","","","","","","","","","","","","","","","","","","","","","","","",71,1,"","","","","","","","","","","","",14.6,1,1023.1,1,"","","","","","",6,1,0,1,4,1,0,1,0,1,"","","","","","","","","","","","","","","","","","","","","","","","",20000,1,"","",1,1,1,1,"","","","","","","","","","","","","","","","","","","","","","","","","","","","","","","","","","","","","","","","","","","","","","","","","","","","","","","","","","","","","","","","","",""
"28070001","CHARTRES",48.4605,1.501167,155,1983061015,"","","","",2.,1,20,1,"","","","","","","","","","","","","","","","","","","","","","","","","","","","",19.2,1,11.8,1,"","","","","","","","","","","","","","","","","","","","","","","","","","",64,1,"","","","","","","","","","","","",14.2,1,1021.4,1,"","","","","","",7,1,5,1,4,1,"","","","","","","","","","","","","","","","","","","","","","","","","","","","",20000,1,"","",1,1,2,1,"","","","","","","","","","","","","","","","","","","","","","","","","","","","","","","","","","","","","","","","","","","","","","","","","","","","","","","","","","","","","","","","","",""
"28070001","CHARTRES",48.4605,1.501167,155,1983061018,"","","","",2.,1,60,1,"","","","","","","","","","","","","","","","","","","","","","","","","","","","",17.8,1,11.7,1,"","","","","","","","","","","","","","","","","","","","","","","","","","",69,1,"","","","","","","","","","","","",14.1,1,1020.,1,"","","","","","","","",5,1,"","","","","","","","","","","","","","","","","","","","","","","","","","","","","","","","","","","","","","","","","","","","","","","","","","","","","","","","","","","","","","","","","","","","","","","","","","","","","","","","","","","","","","","","","","","","","","","","","","","","","","","",""
"28070001","CHARTRES",48.4605,1.501167,155,1983061021,"","","","",2.,1,40,1,"","","","","","","","","","","","","","","","","","","","","","","","","","","","",14.1,1,12.1,1,"","","","","","","","","","","","","","","","","","","","","","","","","","",90,1,"","","","","","","","","","","","",14.5,1,1020.2,1,"","","","","","","","",5,1,"","","","","","","","","","","","","","","","","","","","","","","","","","","","","","","","","","","","","","","","","","","","","","","","","","","","","","","","","","","","","","","","","","","","","","","","","","","","","","","","","","","","","","","","","","","","","","","","","","","","","","","",""
"28070001","CHARTRES",48.4605,1.501167,155,1983061100,"","","","",2.,1,40,1,"","","","","","","","","","","","","","","","","","","","","","","","","","","","",12.7,1,11.1,1,"","","","","","","","","","","","","","","","","","","","","","","","","","",92,1,"","","","","","","","","","","","",13.5,1,1019.5,1,"","","","","","","","",5,1,"","","","","","","","","","","","","","","","","","","","","","","","","","","","","","","","","","","","","","","","","","","","","","","","","","","","","","","","","","","","","","","","","","","","","","","","","","","","","","","","","","","","","","","","","","","","","","","","","","","","","","","",""
"28070001","CHARTRES",48.4605,1.501167,155,1983061103,"","","","",2.,1,40,1,"","","","","","","","","","","","","","","","","","","","","","","","","","","","",12.1,1,10.2,1,"","","","","","","","","","","","","","","","","","","","","","","","","","",90,1,"","","","","","","","","","","","",12.7,1,1018.5,1,"","","","","","","","",5,1,"","","","","","","","","","","","","","","","","","","","","","","","","","","","","","","","","","","","","","","","","","","","","","","","","","","","","","","","","","","","","","","","","","","","","","","","","","","","","","","","","","","","","","","","","","","","","","","","","","","","","","","",""
"28070001","CHARTRES",48.4605,1.501167,155,1983061106,"","","","",1.,1,60,1,"","","","","","","","","","","","","","","","","","","","","","","","","","","","",13.3,1,11.1,1,"","","","","","","","","","","","","","","","","","","","","","","","","","",88,1,"","","","","","","","","","","","",13.5,1,1017.9,1,"","","","","","",7,1,7,1,5,1,"","","","","","","","","","","","","","","","","","","","","","","","","","","","",10000,1,"","",0,1,"","","","",0,1,"","","","","","","","","","","","","","","","","","","","","","","","","","","","","","","","","","","","","","","","","","","","","","","","","","","","","","","","","","","","","",""
"28070001","CHARTRES",48.4605,1.501167,155,1983061109,"","","","",1.,1,80,1,"","","","","","","","","","","","","","","","","","","","","","","","","","","","",17.,1,12.3,1,"","","","","","","","","","","","","","","","","","","","","","","","","","",76,1,"","","","","","","","","","","","",14.7,1,1017.4,1,"","","","","","",7,1,6,1,5,1,0,1,2,1,"","","","","","","","","","","","","","","","","","","","","","","","",20000,1,"","",1,1,2,1,"","","","","","","","","","","","","","","","","","","","","","","","","","","","","","","","","","","","","","","","","","","","","","","","","","","","","","","","","","","","","","","","","",""
"28070001","CHARTRES",48.4605,1.501167,155,1983061112,"","","","",2.,1,360,1,"","","","","","","","","","","","","","","","","","","","","","","","","","","","",20.,1,13.,1,"","","","","","","","","","","","","","","","","","","","","","","","","","",66,1,"","","","","","","","","","","","",15.4,1,1016.7,1,"","","","","","",7,1,0,1,8,1,0,1,2,1,"","","","","","","","","","","","","","","","","","","","","","","","",20000,1,"","",3,1,2,1,"","","","","","","","","","","","","","","","","","","","","","","","","","","","","","","","","","","","","","","","","","","","","","","","","","","","","","","","","","","","","","","","","",""
"28070001","CHARTRES",48.4605,1.501167,155,1983061115,"","","","",1.,1,320,1,"","","","","","","","","","","","","","","","","","","","","","","","","","","","",21.2,1,13.6,1,"","","","","","","","","","","","","","","","","","","","","","","","","","",64,1,"","","","","","","","","","","","",16.,1,1015.9,1,"","","","","","",7,1,7,1,1,1,3,1,2,1,"","","","","","","","","","","","","","","","","","","","","","","","",20000,1,"","",1,1,2,1,"","","","","","","","","","","","","","","","","","","","","","","","","","","","","","","","","","","","","","","","","","","","","","","","","","","","","","","","","","","","","","","","","",""
"28070001","CHARTRES",48.4605,1.501167,155,1983061118,"","","","",1.,1,140,1,"","","","","","","","","","","","","","","","","","","","","","","","","","","","",20.6,1,12.9,1,"","","","","","","","","","","","","","","","","","","","","","","","","","",63,1,"","","","","","","","","","","","",15.3,1,1014.8,1,"","","","","","","","",7,1,"","","","","","","","","","","","","","","","","","","","","","","","","","","","","","","","","","","","","","","","","","","","","","","","","","","","","","","","","","","","","","","","","","","","","","","","","","","","","","","","","","","","","","","","","","","","","","","","","","","","","","","",""
"28070001","CHARTRES",48.4605,1.501167,155,1983061121,"","","","",1.,1,140,1,"","","","","","","","","","","","","","","","","","","","","","","","","","","","",14.5,1,10.7,1,"","","","","","","","","","","","","","","","","","","","","","","","","","",80,1,"","","","","","","","","","","","",13.2,1,1016.1,1,"","","","","","","","",7,1,"","","","","","","","","","","","","","","","","","","","","","","","","","","","","","","","","","","","","","","","","","","","","","","","","","","","","","","","","","","","","","","","","","","","","","","","","","","","","","","","","","","","","","","","","","","","","","","","","","","","","","","",""
"28070001","CHARTRES",48.4605,1.501167,155,1983061200,"","","","",1.,1,360,1,"","","","","","","","","","","","","","","","","","","","","","","","","","","","",13.2,1,11.9,1,"","","","","","","","","","","","","","","","","","","","","","","","","","",94,1,"","","","","","","","","","","","",14.3,1,1016.1,1,"","","","","","","","",7,1,"","","","","","","","","","","","","","","","","","","","","","","","","","","","","","","","","","","","","","","","","","","","","","","","","","","","","","","","","","","","","","","","","","","","","","","","","","","","","","","","","","","","","","","","","","","","","","","","","","","","","","","",""
"28070001","CHARTRES",48.4605,1.501167,155,1983061203,"","","","",2.,1,20,1,"","","","","","","","","","","","","","","","","","","","","","","","","","","","",10.8,1,9.6,1,"","","","","","","","","","","","","","","","","","","","","","","","","","",94,1,"","","","","","","","","","","","",12.2,1,1016.4,1,"","","","","","","","",7,1,"","","","","","","","","","","","","","","","","","","","","","","","","","","","","","","","","","","","","","","","","","","","","","","","","","","","","","","","","","","","","","","","","","","","","","","","","","","","","","","","","","","","","","","","","","","","","","","","","","","","","","","",""
"28070001","CHARTRES",48.4605,1.501167,155,1983061206,"","","","",1.,1,340,1,"","","","","","","","","","","","","","","","","","","","","","","","","","","","",12.,1,10.7,1,"","","","","","","","","","","","","","","","","","","","","","","","","","",94,1,"","","","","","","","","","","","",13.2,1,1016.6,1,"","","","","","",4,1,0,1,5,1,0,1,0,1,"","","","","","","","","","","","","","","","","","","","","","","","",10000,1,"","",0,1,"","","","",0,1,"","","","","","","","","","","","","","","","","","","","","","","","","","","","","","","","","","","","","","","","","","","","","","","","","","","","","","","","","","","","","",""
"28070001","CHARTRES",48.4605,1.501167,155,1983061209,"","","","",1.,1,300,1,"","","","","","","","","","","","","","","","","","","","","","","","","","","","",18.1,1,13.9,1,"","","","","","","","","","","","","","","","","","","","","","","","","","",78,1,"","","","","","","","","","","","",16.3,1,1017.,1,"","","","","","",2,1,0,1,5,1,0,1,0,1,"","","","","","","","","","","","","","","","","","","","","","","","",20000,1,"","",2,1,0,1,"","","","","","","","","","","","","","","","","","","","","","","","","","","","","","","","","","","","","","","","","","","","","","","","","","","","","","","","","","","","","","","","","",""
"28070001","CHARTRES",48.4605,1.501167,155,1983061212,"","","","",3.,1,280,1,"","","","","","","","","","","","","","","","","","","","","","","","","","","","",23.1,1,14.,1,"","","","","","","","","","","","","","","","","","","","","","","","","","",59,1,"","","","","","","","","","","","",16.5,1,1016.3,1,"","","","","","",4,1,0,1,2,1,0,1,0,1,"","","","","","","","","","","","","","","","","","","","","","","","",25000,1,"","",3,1,0,1,"","","","","","","","","","","","","","","","","","","","","","","","","","","","","","","","","","","","","","","","","","","","","","","","","","","","","","","","","","","","","","","","","",""
"28070001","CHARTRES",48.4605,1.501167,155,1983061215,"","","","",4.,1,260,1,"","","","","","","","","","","","","","","","","","","","","","","","","","","","",23.8,1,13.2,1,"","","","","","","","","","","","","","","","","","","","","","","","","","",53,1,"","","","","","","","","","","","",15.6,1,1015.8,1,"","","","","","",3,1,0,1,2,1,0,1,0,1,"","","","","","","","","","","","","","","","","","","","","","","","",25000,1,"","",1,1,0,1,"","","","","","","","","","","","","","","","","","","","","","","","","","","","","","","","","","","","","","","","","","","","","","","","","","","","","","","","","","","","","","","","","",""
"28070001","CHARTRES",48.4605,1.501167,155,1983061218,"","","","",5.,1,360,1,"","","","","","","","","","","","","","","","","","","","","","","","","","","","",16.2,1,6.2,1,"","","","","","","","","","","","","","","","","","","","","","","","","","",52,1,"","","","","","","","","","","","",9.6,1,1017.5,1,"","","","","","","","",0,1,"","","","","","","","","","","","","","","","","","","","","","","","","","","","","","","","","","","","","","","","","","","","","","","","","","","","","","","","","","","","","","","","","","","","","","","","","","","","","","","","","","","","","","","","","","","","","","","","","","","","","","","",""
"28070001","CHARTRES",48.4605,1.501167,155,1983061221,"","","","",4.,1,360,1,"","","","","","","","","","","","","","","","","","","","","","","","","","","","",14.,1,11.8,1,"","","","","","","","","","","","","","","","","","","","","","","","","","",89,1,"","","","","","","","","","","","",14.2,1,1019.8,1,"","","","","","","","",0,1,"","","","","","","","","","","","","","","","","","","","","","","","","","","","","","","","","","","","","","","","","","","","","","","","","","","","","","","","","","","","","","","","","","","","","","","","","","","","","","","","","","","","","","","","","","","","","","","","","","","","","","","",""
"28070001","CHARTRES",48.4605,1.501167,155,1983061300,"","","","",4.,1,340,1,"","","","","","","","","","","","","","","","","","","","","","","","","","","","",9.8,1,7.7,1,"","","","","","","","","","","","","","","","","","","","","","","","","","",88,1,"","","","","","","","","","","","",10.7,1,1021.4,1,"","","","","","","","",0,1,"","","","","","","","","","","","","","","","","","","","","","","","","","","","","","","","","","","","","","","","","","","","","","","","","","","","","","","","","","","","","","","","","","","","","","","","","","","","","","","","","","","","","","","","","","","","","","","","","","","","","","","",""
"28070001","CHARTRES",48.4605,1.501167,155,1983061303,"","","","",3.,1,340,1,"","","","","","","","","","","","","","","","","","","","","","","","","","","","",8.2,1,7.4,1,"","","","","","","","","","","","","","","","","","","","","","","","","","",97,1,"","","","","","","","","","","","",10.5,1,1022.2,1,"","","","","","","","",0,1,"","","","","","","","","","","","","","","","","","","","","","","","","","","","","","","","","","","","","","","","","","","","","","","","","","","","","","","","","","","","","","","","","","","","","","","","","","","","","","","","","","","","","","","","","","","","","","","","","","","","","","","",""
"28070001","CHARTRES",48.4605,1.501167,155,1983061306,"","","","",3.,1,340,1,"","","","","","","","","","","","","","","","","","","","","","","","","","","","",10.,1,9.1,1,"","","","","","","","","","","","","","","","","","","","","","","","","","",96,1,"","","","","","","","","","","","",11.8,1,1023.7,1,"","","","","","",7,1,7,1,6,1,"","","","","","","","","","","","","","","","","","","","","","","","","","","","",4500,1,"","",10,1,"","","","",0,1,"","","","","","","","","","","","","","","","","","","","","","","","","","","","","","","","","","","","","","","","","","","","","","","","","","","","","","","","","","","","","",""
"28070001","CHARTRES",48.4605,1.501167,155,1983061309,"","","","",4.,1,20,1,"","","","","","","","","","","","","","","","","","","","","","","","","","","","",13.9,1,10.2,1,"","","","","","","","","","","","","","","","","","","","","","","","","","",80,1,"","","","","","","","","","","","",12.7,1,1024.9,1,"","","","","","",5,1,5,1,5,1,0,1,0,1,"","","","","","","","","","","","","","","","","","","","","","","","",15000,1,"","",1,1,2,1,"","","","","","","","","","","","","","","","","","","","","","","","","","","","","","","","","","","","","","","","","","","","","","","","","","","","","","","","","","","","","","","","","",""
"28070001","CHARTRES",48.4605,1.501167,155,1983061312,"","","","",4.,1,360,1,"","","","","","","","","","","","","","","","","","","","","","","","","","","","",17.1,1,8.9,1,"","","","","","","","","","","","","","","","","","","","","","","","","","",60,1,"","","","","","","","","","","","",11.6,1,1025.,1,"","","","","","",4,1,0,1,2,1,0,1,0,1,"","","","","","","","","","","","","","","","","","","","","","","","",20000,1,"","",1,1,1,1,"","","","","","","","","","","","","","","","","","","","","","","","","","","","","","","","","","","","","","","","","","","","","","","","","","","","","","","","","","","","","","","","","",""
"28070001","CHARTRES",48.4605,1.501167,155,1983061315,"","","","",4.,1,320,1,"","","","","","","","","","","","","","","","","","","","","","","","","","","","",18.7,1,8.,1,"","","","","","","","","","","","","","","","","","","","","","","","","","",51,1,"","","","","","","","","","","","",10.9,1,1024.4,1,"","","","","","",3,1,0,1,2,1,0,1,0,1,"","","","","","","","","","","","","","","","","","","","","","","","",20000,1,"","",1,1,0,1,"","","","","","","","","","","","","","","","","","","","","","","","","","","","","","","","","","","","","","","","","","","","","","","","","","","","","","","","","","","","","","","","","",""
"28070001","CHARTRES",48.4605,1.501167,155,1983061318,"","","","",3.,1,320,1,"","","","","","","","","","","","","","","","","","","","","","","","","","","","",18.4,1,8.3,1,"","","","","","","","","","","","","","","","","","","","","","","","","","",53,1,"","","","","","","","","","","","",11.2,1,1024.2,1,"","","","","","","","",0,1,"","","","","","","","","","","","","","","","","","","","","","","","","","","","","","","","","","","","","","","","","","","","","","","","","","","","","","","","","","","","","","","","","","","","","","","","","","","","","","","","","","","","","","","","","","","","","","","","","","","","","","","",""
"28070001","CHARTRES",48.4605,1.501167,155,1983061321,"","","","",2.,1,280,1,"","","","","","","","","","","","","","","","","","","","","","","","","","","","",15.1,1,9.7,1,"","","","","","","","","","","","","","","","","","","","","","","","","","",72,1,"","","","","","","","","","","","",12.3,1,1025.3,1,"","","","","","","","",0,1,"","","","","","","","","","","","","","","","","","","","","","","","","","","","","","","","","","","","","","","","","","","","","","","","","","","","","","","","","","","","","","","","","","","","","","","","","","","","","","","","","","","","","","","","","","","","","","","","","","","","","","","",""
"28070001","CHARTRES",48.4605,1.501167,155,1983061400,"","","","",2.,1,280,1,"","","","","","","","","","","","","","","","","","","","","","","","","","","","",13.5,1,10.2,1,"","","","","","","","","","","","","","","","","","","","","","","","","","",82,1,"","","","","","","","","","","","",12.7,1,1025.3,1,"","","","","","","","",0,1,"","","","","","","","","","","","","","","","","","","","","","","","","","","","","","","","","","","","","","","","","","","","","","","","","","","","","","","","","","","","","","","","","","","","","","","","","","","","","","","","","","","","","","","","","","","","","","","","","","","","","","","",""
"28070001","CHARTRES",48.4605,1.501167,155,1983061403,"","","","",3.,1,280,1,"","","","","","","","","","","","","","","","","","","","","","","","","","","","",10.7,1,8.6,1,"","","","","","","","","","","","","","","","","","","","","","","","","","",89,1,"","","","","","","","","","","","",11.4,1,1025.1,1,"","","","","","","","",0,1,"","","","","","","","","","","","","","","","","","","","","","","","","","","","","","","","","","","","","","","","","","","","","","","","","","","","","","","","","","","","","","","","","","","","","","","","","","","","","","","","","","","","","","","","","","","","","","","","","","","","","","","",""
"28070001","CHARTRES",48.4605,1.501167,155,1983061406,"","","","",3.,1,280,1,"","","","","","","","","","","","","","","","","","","","","","","","","","","","",12.,1,9.5,1,"","","","","","","","","","","","","","","","","","","","","","","","","","",87,1,"","","","","","","","","","","","",12.1,1,1024.7,1,"","","","","","",4,1,0,1,5,1,3,1,0,1,"","","","","","","","","","","","","","","","","","","","","","","","",20000,1,"","",0,1,"","","","",0,1,"","","","","","","","","","","","","","","","","","","","","","","","","","","","","","","","","","","","","","","","","","","","","","","","","","","","","","","","","","","","","",""
"28070001","CHARTRES",48.4605,1.501167,155,1983061409,"","","","",4.,1,280,1,"","","","","","","","","","","","","","","","","","","","","","","","","","","","",15.,1,9.5,1,"","","","","","","","","","","","","","","","","","","","","","","","","","",71,1,"","","","","","","","","","","","",12.1,1,1025.5,1,"","","","","","",8,1,8,1,8,1,"","","","","","","","","","","","","","","","","","","","","","","","","","","","",20000,1,"","",3,1,1,1,"","","","","","","","","","","","","","","","","","","","","","","","","","","","","","","","","","","","","","","","","","","","","","","","","","","","","","","","","","","","","","","","","",""
"28070001","CHARTRES",48.4605,1.501167,155,1983061412,"","","","",4.,1,320,1,"","","","","","","","","","","","","","","","","","","","","","","","","","","","",18.2,1,10.1,1,"","","","","","","","","","","","","","","","","","","","","","","","","","",60,1,"","","","","","","","","","","","",12.6,1,1025.4,1,"","","","","","",5,1,0,1,8,1,0,1,9,1,"","","","","","","","","","","","","","","","","","","","","","","","",20000,1,"","",3,1,1,1,"","","","","","","","","","","","","","","","","","","","","","","","","","","","","","","","","","","","","","","","","","","","","","","","","","","","","","","","","","","","","","","","","",""
"28070001","CHARTRES",48.4605,1.501167,155,1983061415,"","","","",5.,1,360,1,"","","","","","","","","","","","","","","","","","","","","","","","","","","","",20.1,1,8.6,1,"","","","","","","","","","","","","","","","","","","","","","","","","","","","","","","","","","","","","","","","",11.4,1,1025.4,1,"","","","","","",2,1,0,1,2,1,0,1,0,1,"","","","","","","","","","","","","","","","","","","","","","","","",25000,1,"","",1,1,1,1,"","","","","","","","","","","","","","","","","","","","","","","","","","","","","","","","","","","","","","","","","","","","","","","","","","","","","","","","","","","","","","","","","",""
"28070001","CHARTRES",48.4605,1.501167,155,1983061418,"","","","",6.,1,20,1,"","","","","","","","","","","","","","","","","","","","","","","","","","","","",16.6,1,7.6,1,"","","","","","","","","","","","","","","","","","","","","","","","","","",56,1,"","","","","","","","","","","","",10.6,1,1026.6,1,"","","","","","","","",0,1,"","","","","","","","","","","","","","","","","","","","","","","","","","","","","","","","","","","","","","","","","","","","","","","","","","","","","","","","","","","","","","","","","","","","","","","","","","","","","","","","","","","","","","","","","","","","","","","","","","","","","","","",""
"28070001","CHARTRES",48.4605,1.501167,155,1983061421,"","","","",3.,1,20,1,"","","","","","","","","","","","","","","","","","","","","","","","","","","","",10.6,1,6.,1,"","","","","","","","","","","","","","","","","","","","","","","","","","",74,1,"","","","","","","","","","","","",9.5,1,1028.6,1,"","","","","","","","",0,1,"","","","","","","","","","","","","","","","","","","","","","","","","","","","","","","","","","","","","","","","","","","","","","","","","","","","","","","","","","","","","","","","","","","","","","","","","","","","","","","","","","","","","","","","","","","","","","","","","","","","","","","",""
"28070001","CHARTRES",48.4605,1.501167,155,1983061500,"","","","",2.,1,320,1,"","","","","","","","","","","","","","","","","","","","","","","","","","","","",8.7,1,7.,1,"","","","","","","","","","","","","","","","","","","","","","","","","","",91,1,"","","","","","","","","","","","",10.2,1,1028.7,1,"","","","","","","","",0,1,"","","","","","","","","","","","","","","","","","","","","","","","","","","","","","","","","","","","","","","","","","","","","","","","","","","","","","","","","","","","","","","","","","","","","","","","","","","","","","","","","","","","","","","","","","","","","","","","","","","","","","","",""
"28070001","CHARTRES",48.4605,1.501167,155,1983061503,"","","","",3.,1,320,1,"","","","","","","","","","","","","","","","","","","","","","","","","","","","",8.1,1,6.6,1,"","","","","","","","","","","","","","","","","","","","","","","","","","",92,1,"","","","","","","","","","","","",9.9,1,1029.2,1,"","","","","","","","",0,1,"","","","","","","","","","","","","","","","","","","","","","","","","","","","","","","","","","","","","","","","","","","","","","","","","","","","","","","","","","","","","","","","","","","","","","","","","","","","","","","","","","","","","","","","","","","","","","","","","","","","","","","",""
"28070001","CHARTRES",48.4605,1.501167,155,1983061506,"","","","",4.,1,360,1,"","","","","","","","","","","","","","","","","","","","","","","","","","","","",9.7,1,7.7,1,"","","","","","","","","","","","","","","","","","","","","","","","","","",89,1,"","","","","","","","","","","","",10.7,1,1030.4,1,"","","","","","",0,1,"","",0,1,0,1,0,1,"","","","","","","","","","","","","","","","","","","","","","","","",15000,1,"","",0,1,"","","","",0,1,"","","","","","","","","","","","","","","","","","","","","","","","","","","","","","","","","","","","","","","","","","","","","","","","","","","","","","","","","","","","","",""
"28070001","CHARTRES",48.4605,1.501167,155,1983061509,"","","","",4.,1,360,1,"","","","","","","","","","","","","","","","","","","","","","","","","","","","",13.8,1,6.4,1,"","","","","","","","","","","","","","","","","","","","","","","","","","",62,1,"","","","","","","","","","","","",9.8,1,1031.2,1,"","","","","","",5,1,5,1,2,1,0,1,0,1,"","","","","","","","","","","","","","","","","","","","","","","","",20000,1,"","",3,1,1,1,"","","","","","","","","","","","","","","","","","","","","","","","","","","","","","","","","","","","","","","","","","","","","","","","","","","","","","","","","","","","","","","","","",""
"28070001","CHARTRES",48.4605,1.501167,155,1983061512,"","","","",5.,1,360,1,"","","","","","","","","","","","","","","","","","","","","","","","","","","","",16.,1,7.6,1,"","","","","","","","","","","","","","","","","","","","","","","","","","",58,1,"","","","","","","","","","","","",10.6,1,1031.2,1,"","","","","","",5,1,5,1,2,1,0,1,0,1,"","","","","","","","","","","","","","","","","","","","","","","","",20000,1,"","",3,1,1,1,"","","","","","","","","","","","","","","","","","","","","","","","","","","","","","","","","","","","","","","","","","","","","","","","","","","","","","","","","","","","","","","","","",""
"28070001","CHARTRES",48.4605,1.501167,155,1983061515,"","","","",6.,1,360,1,"","","","","","","","","","","","","","","","","","","","","","","","","","","","",16.3,1,6.,1,"","","","","","","","","","","","","","","","","","","","","","","","","","",51,1,"","","","","","","","","","","","",9.5,1,1030.8,1,"","","","","","",4,1,0,1,2,1,0,1,0,1,"","","","","","","","","","","","","","","","","","","","","","","","",20000,1,"","",1,1,1,1,"","","","","","","","","","","","","","","","","","","","","","","","","","","","","","","","","","","","","","","","","","","","","","","","","","","","","","","","","","","","","","","","","",""
"28070001","CHARTRES",48.4605,1.501167,155,1983061518,"","","","",5.,1,20,1,"","","","","","","","","","","","","","","","","","","","","","","","","","","","",15.1,1,5.4,1,"","","","","","","","","","","","","","","","","","","","","","","","","","",53,1,"","","","","","","","","","","","",9.1,1,1031.2,1,"","","","","","","","",0,1,"","","","","","","","","","","","","","","","","","","","","","","","","","","","","","","","","","","","","","","","","","","","","","","","","","","","","","","","","","","","","","","","","","","","","","","","","","","","","","","","","","","","","","","","","","","","","","","","","","","","","","","",""
"28070001","CHARTRES",48.4605,1.501167,155,1983061521,"","","","",3.,1,360,1,"","","","","","","","","","","","","","","","","","","","","","","","","","","","",9.8,1,5.7,1,"","","","","","","","","","","","","","","","","","","","","","","","","","",77,1,"","","","","","","","","","","","",9.3,1,1031.8,1,"","","","","","","","",0,1,"","","","","","","","","","","","","","","","","","","","","","","","","","","","","","","","","","","","","","","","","","","","","","","","","","","","","","","","","","","","","","","","","","","","","","","","","","","","","","","","","","","","","","","","","","","","","","","","","","","","","","","",""
"28070001","CHARTRES",48.4605,1.501167,155,1983061600,"","","","",3.,1,20,1,"","","","","","","","","","","","","","","","","","","","","","","","","","","","",7.6,1,5.9,1,"","","","","","","","","","","","","","","","","","","","","","","","","","",90,1,"","","","","","","","","","","","",9.4,1,1032.3,1,"","","","","","","","",0,1,"","","","","","","","","","","","","","","","","","","","","","","","","","","","","","","","","","","","","","","","","","","","","","","","","","","","","","","","","","","","","","","","","","","","","","","","","","","","","","","","","","","","","","","","","","","","","","","","","","","","","","","",""
"28070001","CHARTRES",48.4605,1.501167,155,1983061603,"","","","",2.,1,20,1,"","","","","","","","","","","","","","","","","","","","","","","","","","","","",5.5,1,4.6,1,"","","","","","","","","","","","","","","","","","","","","","","","","","",95,1,"","","","","","","","","","","","",8.6,1,1032.2,1,"","","","","","","","",0,1,"","","","","","","","","","","","","","","","","","","","","","","","","","","","","","","","","","","","","","","","","","","","","","","","","","","","","","","","","","","","","","","","","","","","","","","","","","","","","","","","","","","","","","","","","","","","","","","","","","","","","","","",""
"28070001","CHARTRES",48.4605,1.501167,155,1983061606,"","","","",1.,1,20,1,"","","","","","","","","","","","","","","","","","","","","","","","","","","","",7.4,1,6.3,1,"","","","","","","","","","","","","","","","","","","","","","","","","","",94,1,"","","","","","","","","","","","",9.7,1,1032.,1,"","","","","","",3,1,0,1,0,1,0,1,2,1,"","","","","","","","","","","","","","","","","","","","","","","","",12000,1,"","",0,1,"","","","",0,1,"","","","","","","","","","","","","","","","","","","","","","","","","","","","","","","","","","","","","","","","","","","","","","","","","","","","","","","","","","","","","",""
"28070001","CHARTRES",48.4605,1.501167,155,1983061609,"","","","",3.,1,120,1,"","","","","","","","","","","","","","","","","","","","","","","","","","","","",14.7,1,8.9,1,"","","","","","","","","","","","","","","","","","","","","","","","","","",70,1,"","","","","","","","","","","","",11.6,1,1031.1,1,"","","","","","",2,1,0,1,1,1,0,1,1,1,"","","","","","","","","","","","","","","","","","","","","","","","",20000,1,"","",3,1,0,1,"","","","","","","","","","","","","","","","","","","","","","","","","","","","","","","","","","","","","","","","","","","","","","","","","","","","","","","","","","","","","","","","","",""
"28070001","CHARTRES",48.4605,1.501167,155,1983061612,"","","","",2.,1,80,1,"","","","","","","","","","","","","","","","","","","","","","","","","","","","",15.8,1,8.,1,"","","","","","","","","","","","","","","","","","","","","","","","","","",61,1,"","","","","","","","","","","","",10.9,1,1030.3,1,"","","","","","",7,1,0,1,4,1,"","","","","","","","","","","","","","","","","","","","","","","","","","","","",25000,1,"","",1,1,1,1,"","","","","","","","","","","","","","","","","","","","","","","","","","","","","","","","","","","","","","","","","","","","","","","","","","","","","","","","","","","","","","","","","",""
"28070001","CHARTRES",48.4605,1.501167,155,1983061615,"","","","",3.,1,80,1,"","","","","","","","","","","","","","","","","","","","","","","","","","","","",16.7,1,7.3,1,"","","","","","","","","","","","","","","","","","","","","","","","","","",55,1,"","","","","","","","","","","","",10.4,1,1028.8,1,"","","","","","",6,1,0,1,4,1,0,1,0,1,"","","","","","","","","","","","","","","","","","","","","","","","",25000,1,"","",1,1,2,1,"","","","","","","","","","","","","","","","","","","","","","","","","","","","","","","","","","","","","","","","","","","","","","","","","","","","","","","","","","","","","","","","","",""
"28070001","CHARTRES",48.4605,1.501167,155,1983061618,"","","","",3.,1,80,1,"","","","","","","","","","","","","","","","","","","","","","","","","","","","",14.8,1,4.8,1,"","","","","","","","","","","","","","","","","","","","","","","","","","",52,1,"","","","","","","","","","","","",8.7,1,1027.2,1,"","","","","","","","",0,1,"","","","","","","","","","","","","","","","","","","","","","","","","","","","","","","","","","","","","","","","","","","","","","","","","","","","","","","","","","","","","","","","","","","","","","","","","","","","","","","","","","","","","","","","","","","","","","","","","","","","","","","",""
"28070001","CHARTRES",48.4605,1.501167,155,1983061621,"","","","",3.,1,60,1,"","","","","","","","","","","","","","","","","","","","","","","","","","","","",13.3,1,7.8,1,"","","","","","","","","","","","","","","","","","","","","","","","","","",71,1,"","","","","","","","","","","","",10.8,1,1027.3,1,"","","","","","","","",0,1,"","","","","","","","","","","","","","","","","","","","","","","","","","","","","","","","","","","","","","","","","","","","","","","","","","","","","","","","","","","","","","","","","","","","","","","","","","","","","","","","","","","","","","","","","","","","","","","","","","","","","","","",""
"28070001","CHARTRES",48.4605,1.501167,155,1983061700,"","","","",3.,1,40,1,"","","","","","","","","","","","","","","","","","","","","","","","","","","","",10.3,1,5.4,1,"","","","","","","","","","","","","","","","","","","","","","","","","","",73,1,"","","","","","","","","","","","",9.1,1,1027.2,1,"","","","","","","","",0,1,"","","","","","","","","","","","","","","","","","","","","","","","","","","","","","","","","","","","","","","","","","","","","","","","","","","","","","","","","","","","","","","","","","","","","","","","","","","","","","","","","","","","","","","","","","","","","","","","","","","","","","","",""
"28070001","CHARTRES",48.4605,1.501167,155,1983061703,"","","","",3.,1,20,1,"","","","","","","","","","","","","","","","","","","","","","","","","","","","",7.5,1,4.1,1,"","","","","","","","","","","","","","","","","","","","","","","","","","",80,1,"","","","","","","","","","","","",8.3,1,1026.9,1,"","","","","","","","",0,1,"","","","","","","","","","","","","","","","","","","","","","","","","","","","","","","","","","","","","","","","","","","","","","","","","","","","","","","","","","","","","","","","","","","","","","","","","","","","","","","","","","","","","","","","","","","","","","","","","","","","","","","",""
"28070001","CHARTRES",48.4605,1.501167,155,1983061706,"","","","",4.,1,20,1,"","","","","","","","","","","","","","","","","","","","","","","","","","","","",8.4,1,4.6,1,"","","","","","","","","","","","","","","","","","","","","","","","","","",78,1,"","","","","","","","","","","","",8.6,1,1027.5,1,"","","","","","",2,1,0,1,0,1,3,1,1,1,"","","","","","","","","","","","","","","","","","","","","","","","",15000,1,"","",0,1,"","","","",0,1,"","","","","","","","","","","","","","","","","","","","","","","","","","","","","","","","","","","","","","","","","","","","","","","","","","","","","","","","","","","","","",""
"28070001","CHARTRES",48.4605,1.501167,155,1983061709,"","","","",5.,1,40,1,"","","","","","","","","","","","","","","","","","","","","","","","","","","","",14.6,1,6.6,1,"","","","","","","","","","","","","","","","","","","","","","","","","","",59,1,"","","","","","","","","","","","",9.9,1,1027.3,1,"","","","","","",4,1,0,1,0,1,3,1,1,1,"","","","","","","","","","","","","","","","","","","","","","","","",20000,1,"","",1,1,1,1,"","","","","","","","","","","","","","","","","","","","","","","","","","","","","","","","","","","","","","","","","","","","","","","","","","","","","","","","","","","","","","","","","",""
"28070001","CHARTRES",48.4605,1.501167,155,1983061712,"","","","",6.,1,40,1,"","","","","","","","","","","","","","","","","","","","","","","","","","","","",16.8,1,4.6,1,"","","","","","","","","","","","","","","","","","","","","","","","","","",45,1,"","","","","","","","","","","","",8.6,1,1027.4,1,"","","","","","",6,1,6,1,0,1,3,1,1,1,"","","","","","","","","","","","","","","","","","","","","","","","",25000,1,"","",3,1,1,1,"","","","","","","","","","","","","","","","","","","","","","","","","","","","","","","","","","","","","","","","","","","","","","","","","","","","","","","","","","","","","","","","","",""
"28070001","CHARTRES",48.4605,1.501167,155,1983061715,"","","","",7.,1,60,1,"","","","","","","","","","","","","","","","","","","","","","","","","","","","",17.7,1,5.6,1,"","","","","","","","","","","","","","","","","","","","","","","","","","",46,1,"","","","","","","","","","","","",9.2,1,1026.8,1,"","","","","","",1,1,0,1,1,1,0,1,0,1,"","","","","","","","","","","","","","","","","","","","","","","","",25000,1,"","",3,1,1,1,"","","","","","","","","","","","","","","","","","","","","","","","","","","","","","","","","","","","","","","","","","","","","","","","","","","","","","","","","","","","","","","","","",""
"28070001","CHARTRES",48.4605,1.501167,155,1983061718,"","","","",6.,1,60,1,"","","","","","","","","","","","","","","","","","","","","","","","","","","","",14.6,1,3.6,1,"","","","","","","","","","","","","","","","","","","","","","","","","","",48,1,"","","","","","","","","","","","",8.,1,1027.1,1,"","","","","","","","",0,1,"","","","","","","","","","","","","","","","","","","","","","","","","","","","","","","","","","","","","","","","","","","","","","","","","","","","","","","","","","","","","","","","","","","","","","","","","","","","","","","","","","","","","","","","","","","","","","","","","","","","","","","",""
"28070001","CHARTRES",48.4605,1.501167,155,1983061721,"","","","",2.,1,20,1,"","","","","","","","","","","","","","","","","","","","","","","","","","","","",10.6,1,5.1,1,"","","","","","","","","","","","","","","","","","","","","","","","","","",70,1,"","","","","","","","","","","","",8.9,1,1028.,1,"","","","","","","","",0,1,"","","","","","","","","","","","","","","","","","","","","","","","","","","","","","","","","","","","","","","","","","","","","","","","","","","","","","","","","","","","","","","","","","","","","","","","","","","","","","","","","","","","","","","","","","","","","","","","","","","","","","","",""
"28070001","CHARTRES",48.4605,1.501167,155,1983061800,"","","","",4.,1,40,1,"","","","","","","","","","","","","","","","","","","","","","","","","","","","",8.2,1,6.2,1,"","","","","","","","","","","","","","","","","","","","","","","","","","",88,1,"","","","","","","","","","","","",9.6,1,1028.6,1,"","","","","","","","",0,1,"","","","","","","","","","","","","","","","","","","","","","","","","","","","","","","","","","","","","","","","","","","","","","","","","","","","","","","","","","","","","","","","","","","","","","","","","","","","","","","","","","","","","","","","","","","","","","","","","","","","","","","",""
"28070001","CHARTRES",48.4605,1.501167,155,1983061803,"","","","",3.,1,40,1,"","","","","","","","","","","","","","","","","","","","","","","","","","","","",6.,1,4.6,1,"","","","","","","","","","","","","","","","","","","","","","","","","","",92,1,"","","","","","","","","","","","",8.6,1,1028.7,1,"","","","","","","","",0,1,"","","","","","","","","","","","","","","","","","","","","","","","","","","","","","","","","","","","","","","","","","","","","","","","","","","","","","","","","","","","","","","","","","","","","","","","","","","","","","","","","","","","","","","","","","","","","","","","","","","","","","","",""
"28070001","CHARTRES",48.4605,1.501167,155,1983061806,"","","","",4.,1,40,1,"","","","","","","","","","","","","","","","","","","","","","","","","","","","",7.6,1,5.1,1,"","","","","","","","","","","","","","","","","","","","","","","","","","",86,1,"","","","","","","","","","","","",8.9,1,1029.,1,"","","","","","",0,1,"","",0,1,0,1,0,1,"","","","","","","","","","","","","","","","","","","","","","","","",10000,1,"","",0,1,"","","","",0,1,"","","","","","","","","","","","","","","","","","","","","","","","","","","","","","","","","","","","","","","","","","","","","","","","","","","","","","","","","","","","","",""
"28070001","CHARTRES",48.4605,1.501167,155,1983061809,"","","","",7.,1,80,1,"","","","","","","","","","","","","","","","","","","","","","","","","","","","",13.2,1,6.3,1,"","","","","","","","","","","","","","","","","","","","","","","","","","",64,1,"","","","","","","","","","","","",9.7,1,1028.3,1,"","","","","","",5,1,0,1,8,1,3,1,0,1,"","","","","","","","","","","","","","","","","","","","","","","","",20000,1,"","",3,1,1,1,"","","","","","","","","","","","","","","","","","","","","","","","","","","","","","","","","","","","","","","","","","","","","","","","","","","","","","","","","","","","","","","","","",""
"28070001","CHARTRES",48.4605,1.501167,155,1983061812,"","","","",7.,1,80,1,"","","","","","","","","","","","","","","","","","","","","","","","","","","","",13.4,1,7.8,1,"","","","","","","","","","","","","","","","","","","","","","","","","","",70,1,"","","","","","","","","","","","",10.8,1,1027.6,1,"","","","","","","","",0,1,"","","","","","","","","","","","","","","","","","","","","","","","","","","","","","","","","","","","","","","","","","","","","","","","","","","","","","","","","","","","","","","","","","","","","","","","","","","","","","","","","","","","","","","","","","","","","","","","","","","","","","","",""
"28070001","CHARTRES",48.4605,1.501167,155,1983061815,"","","","",7.,1,60,1,"","","","","","","","","","","","","","","","","","","","","","","","","","","","",15.8,1,8.2,1,"","","","","","","","","","","","","","","","","","","","","","","","","","",62,1,"","","","","","","","","","","","",11.1,1,1026.4,1,"","","","","","","","",0,1,"","","","","","","","","","","","","","","","","","","","","","","","","","","","","","","","","","","","","","","","","","","","","","","","","","","","","","","","","","","","","","","","","","","","","","","","","","","","","","","","","","","","","","","","","","","","","","","","","","","","","","","",""
"28070001","CHARTRES",48.4605,1.501167,155,1983061818,"","","","",6.,1,60,1,"","","","","","","","","","","","","","","","","","","","","","","","","","","","",15.6,1,6.6,1,"","","","","","","","","","","","","","","","","","","","","","","","","","",56,1,"","","","","","","","","","","","",9.9,1,1026.2,1,"","","","","","","","",0,1,"","","","","","","","","","","","","","","","","","","","","","","","","","","","","","","","","","","","","","","","","","","","","","","","","","","","","","","","","","","","","","","","","","","","","","","","","","","","","","","","","","","","","","","","","","","","","","","","","","","","","","","",""
"28070001","CHARTRES",48.4605,1.501167,155,1983061821,"","","","",3.,1,60,1,"","","","","","","","","","","","","","","","","","","","","","","","","","","","",11.,1,6.3,1,"","","","","","","","","","","","","","","","","","","","","","","","","","",74,1,"","","","","","","","","","","","",9.7,1,1027.,1,"","","","","","","","",0,1,"","","","","","","","","","","","","","","","","","","","","","","","","","","","","","","","","","","","","","","","","","","","","","","","","","","","","","","","","","","","","","","","","","","","","","","","","","","","","","","","","","","","","","","","","","","","","","","","","","","","","","","",""
"28070001","CHARTRES",48.4605,1.501167,155,1983061900,"","","","",5.,1,60,1,"","","","","","","","","","","","","","","","","","","","","","","","","","","","",10.7,1,7.4,1,"","","","","","","","","","","","","","","","","","","","","","","","","","",82,1,"","","","","","","","","","","","",10.5,1,1026.,1,"","","","","","","","",0,1,"","","","","","","","","","","","","","","","","","","","","","","","","","","","","","","","","","","","","","","","","","","","","","","","","","","","","","","","","","","","","","","","","","","","","","","","","","","","","","","","","","","","","","","","","","","","","","","","","","","","","","","",""
"28070001","CHARTRES",48.4605,1.501167,155,1983061903,"","","","",5.,1,40,1,"","","","","","","","","","","","","","","","","","","","","","","","","","","","",9.6,1,7.6,1,"","","","","","","","","","","","","","","","","","","","","","","","","","",89,1,"","","","","","","","","","","","",10.6,1,1025.3,1,"","","","","","","","",0,1,"","","","","","","","","","","","","","","","","","","","","","","","","","","","","","","","","","","","","","","","","","","","","","","","","","","","","","","","","","","","","","","","","","","","","","","","","","","","","","","","","","","","","","","","","","","","","","","","","","","","","","","",""
"28070001","CHARTRES",48.4605,1.501167,155,1983061906,"","","","",4.,1,40,1,"","","","","","","","","","","","","","","","","","","","","","","","","","","","",11.2,1,9.1,1,"","","","","","","","","","","","","","","","","","","","","","","","","","",89,1,"","","","","","","","","","","","",11.8,1,1024.8,1,"","","","","","",2,1,0,1,0,1,3,1,0,1,"","","","","","","","","","","","","","","","","","","","","","","","",10000,1,"","",0,1,"","","","",0,1,"","","","","","","","","","","","","","","","","","","","","","","","","","","","","","","","","","","","","","","","","","","","","","","","","","","","","","","","","","","","","",""
"28070001","CHARTRES",48.4605,1.501167,155,1983061909,"","","","",6.,1,100,1,"","","","","","","","","","","","","","","","","","","","","","","","","","","","",17.7,1,11.7,1,"","","","","","","","","","","","","","","","","","","","","","","","","","",70,1,"","","","","","","","","","","","",14.1,1,1023.2,1,"","","","","","",1,1,0,1,1,1,0,1,0,1,"","","","","","","","","","","","","","","","","","","","","","","","",12000,1,"","",3,1,0,1,"","","","","","","","","","","","","","","","","","","","","","","","","","","","","","","","","","","","","","","","","","","","","","","","","","","","","","","","","","","","","","","","","",""
"28070001","CHARTRES",48.4605,1.501167,155,1983061912,"","","","",9.,1,80,1,"","","","","","","","","","","","","","","","","","","","","","","","","","","","",21.7,1,11.6,1,"","","","","","","","","","","","","","","","","","","","","","","","","","",54,1,"","","","","","","","","","","","",14.,1,1020.6,1,"","","","","","","","",0,1,"","","","","","","","","","","","","","","","","","","","","","","","","","","","","","","","","","","","","","","","","","","","","","","","","","","","","","","","","","","","","","","","","","","","","","","","","","","","","","","","","","","","","","","","","","","","","","","","","","","","","","","",""
"28070001","CHARTRES",48.4605,1.501167,155,1983061915,"","","","",7.,1,100,1,"","","","","","","","","","","","","","","","","","","","","","","","","","","","",21.9,1,8.5,1,"","","","","","","","","","","","","","","","","","","","","","","","","","",43,1,"","","","","","","","","","","","",11.3,1,1019.7,1,"","","","","","","","",0,1,"","","","","","","","","","","","","","","","","","","","","","","","","","","","","","","","","","","","","","","","","","","","","","","","","","","","","","","","","","","","","","","","","","","","","","","","","","","","","","","","","","","","","","","","","","","","","","","","","","","","","","","",""
"28070001","CHARTRES",48.4605,1.501167,155,1983061918,"","","","",6.,1,80,1,"","","","","","","","","","","","","","","","","","","","","","","","","","","","",21.1,1,8.1,1,"","","","","","","","","","","","","","","","","","","","","","","","","","",44,1,"","","","","","","","","","","","",11.,1,1019.,1,"","","","","","","","",0,1,"","","","","","","","","","","","","","","","","","","","","","","","","","","","","","","","","","","","","","","","","","","","","","","","","","","","","","","","","","","","","","","","","","","","","","","","","","","","","","","","","","","","","","","","","","","","","","","","","","","","","","","",""
"28070001","CHARTRES",48.4605,1.501167,155,1983061921,"","","","",4.,1,60,1,"","","","","","","","","","","","","","","","","","","","","","","","","","","","",16.2,1,6.2,1,"","","","","","","","","","","","","","","","","","","","","","","","","","",52,1,"","","","","","","","","","","","",9.6,1,1020.,1,"","","","","","","","",0,1,"","","","","","","","","","","","","","","","","","","","","","","","","","","","","","","","","","","","","","","","","","","","","","","","","","","","","","","","","","","","","","","","","","","","","","","","","","","","","","","","","","","","","","","","","","","","","","","","","","","","","","","",""
"28070001","CHARTRES",48.4605,1.501167,155,1983062000,"","","","",4.,1,60,1,"","","","","","","","","","","","","","","","","","","","","","","","","","","","",13.4,1,9.7,1,"","","","","","","","","","","","","","","","","","","","","","","","","","",80,1,"","","","","","","","","","","","",12.3,1,1019.7,1,"","","","","","","","",0,1,"","","","","","","","","","","","","","","","","","","","","","","","","","","","","","","","","","","","","","","","","","","","","","","","","","","","","","","","","","","","","","","","","","","","","","","","","","","","","","","","","","","","","","","","","","","","","","","","","","","","","","","",""
"28070001","CHARTRES",48.4605,1.501167,155,1983062003,"","","","",3.,1,60,1,"","","","","","","","","","","","","","","","","","","","","","","","","","","","",13.4,1,10.7,1,"","","","","","","","","","","","","","","","","","","","","","","","","","",86,1,"","","","","","","","","","","","",13.2,1,1019.3,1,"","","","","","","","",0,1,"","","","","","","","","","","","","","","","","","","","","","","","","","","","","","","","","","","","","","","","","","","","","","","","","","","","","","","","","","","","","","","","","","","","","","","","","","","","","","","","","","","","","","","","","","","","","","","","","","","","","","","",""
"28070001","CHARTRES",48.4605,1.501167,155,1983062006,"","","","",4.,1,60,1,"","","","","","","","","","","","","","","","","","","","","","","","","","","","",13.8,1,11.2,1,"","","","","","","","","","","","","","","","","","","","","","","","","","",86,1,"","","","","","","","","","","","",13.6,1,1019.,1,"","","","","","",1,1,0,1,0,1,3,1,1,1,"","","","","","","","","","","","","","","","","","","","","","","","",8000,1,"","",0,1,"","","","",0,1,"","","","","","","","","","","","","","","","","","","","","","","","","","","","","","","","","","","","","","","","","","","","","","","","","","","","","","","","","","","","","",""
"28070001","CHARTRES",48.4605,1.501167,155,1983062009,"","","","",5.,1,80,1,"","","","","","","","","","","","","","","","","","","","","","","","","","","","",19.4,1,12.3,1,"","","","","","","","","","","","","","","","","","","","","","","","","","",65,1,"","","","","","","","","","","","",14.7,1,1018.9,1,"","","","","","",1,1,0,1,0,1,0,1,1,1,"","","","","","","","","","","","","","","","","","","","","","","","",15000,1,"","",2,1,0,1,"","","","","","","","","","","","","","","","","","","","","","","","","","","","","","","","","","","","","","","","","","","","","","","","","","","","","","","","","","","","","","","","","",""
"28070001","CHARTRES",48.4605,1.501167,155,1983062012,"","","","",5.,1,80,1,"","","","","","","","","","","","","","","","","","","","","","","","","","","","",23.8,1,12.7,1,"","","","","","","","","","","","","","","","","","","","","","","","","","",51,1,"","","","","","","","","","","","",15.1,1,1018.,1,"","","","","","",3,1,0,1,2,1,0,1,0,1,"","","","","","","","","","","","","","","","","","","","","","","","",20000,1,"","",3,1,0,1,"","","","","","","","","","","","","","","","","","","","","","","","","","","","","","","","","","","","","","","","","","","","","","","","","","","","","","","","","","","","","","","","","",""
"28070001","CHARTRES",48.4605,1.501167,155,1983062015,"","","","",5.,1,80,1,"","","","","","","","","","","","","","","","","","","","","","","","","","","","",24.2,1,10.9,1,"","","","","","","","","","","","","","","","","","","","","","","","","","",44,1,"","","","","","","","","","","","",13.4,1,1016.9,1,"","","","","","",4,1,0,1,2,1,8,1,0,1,"","","","","","","","","","","","","","","","","","","","","","","","",20000,1,"","",3,1,0,1,"","","","","","","","","","","","","","","","","","","","","","","","","","","","","","","","","","","","","","","","","","","","","","","","","","","","","","","","","","","","","","","","","",""
"28070001","CHARTRES",48.4605,1.501167,155,1983062018,"","","","",3.,1,60,1,"","","","","","","","","","","","","","","","","","","","","","","","","","","","",22.2,1,12.6,1,"","","","","","","","","","","","","","","","","","","","","","","","","","",56,1,"","","","","","","","","","","","",15.,1,1016.5,1,"","","","","","","","",0,1,"","","","","","","","","","","","","","","","","","","","","","","","","","","","","","","","","","","","","","","","","","","","","","","","","","","","","","","","","","","","","","","","","","","","","","","","","","","","","","","","","","","","","","","","","","","","","","","","","","","","","","","",""
"28070001","CHARTRES",48.4605,1.501167,155,1983062021,"","","","",3.,1,40,1,"","","","","","","","","","","","","","","","","","","","","","","","","","","","",17.5,1,13.6,1,"","","","","","","","","","","","","","","","","","","","","","","","","","",80,1,"","","","","","","","","","","","",16.,1,1017.6,1,"","","","","","","","",0,1,"","","","","","","","","","","","","","","","","","","","","","","","","","","","","","","","","","","","","","","","","","","","","","","","","","","","","","","","","","","","","","","","","","","","","","","","","","","","","","","","","","","","","","","","","","","","","","","","","","","","","","","",""
"28070001","CHARTRES",48.4605,1.501167,155,1983062100,"","","","",4.,1,20,1,"","","","","","","","","","","","","","","","","","","","","","","","","","","","",15.6,1,13.5,1,"","","","","","","","","","","","","","","","","","","","","","","","","","",90,1,"","","","","","","","","","","","",15.9,1,1017.3,1,"","","","","","","","",0,1,"","","","","","","","","","","","","","","","","","","","","","","","","","","","","","","","","","","","","","","","","","","","","","","","","","","","","","","","","","","","","","","","","","","","","","","","","","","","","","","","","","","","","","","","","","","","","","","","","","","","","","","",""
"28070001","CHARTRES",48.4605,1.501167,155,1983062103,"","","","",3.,1,20,1,"","","","","","","","","","","","","","","","","","","","","","","","","","","","",14.3,1,12.6,1,"","","","","","","","","","","","","","","","","","","","","","","","","","",92,1,"","","","","","","","","","","","",15.,1,1016.4,1,"","","","","","","","",0,1,"","","","","","","","","","","","","","","","","","","","","","","","","","","","","","","","","","","","","","","","","","","","","","","","","","","","","","","","","","","","","","","","","","","","","","","","","","","","","","","","","","","","","","","","","","","","","","","","","","","","","","","",""
"28070001","CHARTRES",48.4605,1.501167,155,1983062106,"","","","",3.,1,20,1,"","","","","","","","","","","","","","","","","","","","","","","","","","","","",15.2,1,12.2,1,"","","","","","","","","","","","","","","","","","","","","","","","","","",85,1,"","","","","","","","","","","","",14.6,1,1016.7,1,"","","","","","",1,1,0,1,0,1,0,1,1,1,"","","","","","","","","","","","","","","","","","","","","","","","",8000,1,"","",0,1,"","","","",0,1,"","","","","","","","","","","","","","","","","","","","","","","","","","","","","","","","","","","","","","","","","","","","","","","","","","","","","","","","","","","","","",""
"28070001","CHARTRES",48.4605,1.501167,155,1983062109,"","","","",4.,1,60,1,"","","","","","","","","","","","","","","","","","","","","","","","","","","","",20.4,1,14.1,1,"","","","","","","","","","","","","","","","","","","","","","","","","","",69,1,"","","","","","","","","","","","",16.6,1,1016.5,1,"","","","","","",4,1,0,1,0,1,3,1,2,1,"","","","","","","","","","","","","","","","","","","","","","","","",12000,1,"","",3,1,0,1,"","","","","","","","","","","","","","","","","","","","","","","","","","","","","","","","","","","","","","","","","","","","","","","","","","","","","","","","","","","","","","","","","",""
"28070001","CHARTRES",48.4605,1.501167,155,1983062112,"","","","",3.,1,60,1,"","","","","","","","","","","","","","","","","","","","","","","","","","","","",23.7,1,15.5,1,"","","","","","","","","","","","","","","","","","","","","","","","","","",62,1,"","","","","","","","","","","","",18.2,1,1015.9,1,"","","","","","",6,1,6,1,2,1,3,1,0,1,"","","","","","","","","","","","","","","","","","","","","","","","",15000,1,"","",1,1,1,1,"","","","","","","","","","","","","","","","","","","","","","","","","","","","","","","","","","","","","","","","","","","","","","","","","","","","","","","","","","","","","","","","","",""
"28070001","CHARTRES",48.4605,1.501167,155,1983062115,"","","","",4.,1,120,1,"","","","","","","","","","","","","","","","","","","","","","","","","","","","",23.2,1,15.5,1,"","","","","","","","","","","","","","","","","","","","","","","","","","",64,1,"","","","","","","","","","","","",18.2,1,1015.6,1,"","","","","","",8,1,6,1,9,1,3,1,"","","","","","","","","","","","","","","","","","","","","","","","","","",8000,1,"","",95,1,9,1,"","","","","","","","","","","","","","","","","","","","","","","","","","","","","","","","","","","","","","","","","","","","","","","","","","","","","","","","","","","","","","","","","",""
"28070001","CHARTRES",48.4605,1.501167,155,1983062118,"","","","",3.,1,40,1,"","","","","","","","","","","","","","","","","","","","","","","","","","","","",18.,1,18.,1,"","","","","","","","","","","","","","","","","","","","","","","","","","",99,1,"","","","","","","","","","","","",20.4,1,1016.6,1,"","","","","","","","",6,1,"","","","","","","","","","","","","","","","","","","","","","","","","","","","","","","","","","","","","","","","","","","","","","","","","","","","","","","","","","","","","","","","","","","","","","","","","","","","","","","","","","","","","","","","","","","","","","","","","","","","","","","",""
"28070001","CHARTRES",48.4605,1.501167,155,1983062121,"","","","",3.,1,40,1,"","","","","","","","","","","","","","","","","","","","","","","","","","","","",16.6,1,16.6,1,"","","","","","","","","","","","","","","","","","","","","","","","","","",99,1,"","","","","","","","","","","","",18.7,1,1017.2,1,"","","","","","","","",6,1,"","","","","","","","","","","","","","","","","","","","","","","","","","","","","","","","","","","","","","","","","","","","","","","","","","","","","","","","","","","","","","","","","","","","","","","","","","","","","","","","","","","","","","","","","","","","","","","","","","","","","","","",""
"28070001","CHARTRES",48.4605,1.501167,155,1983062200,"","","","",1.,1,40,1,"","","","","","","","","","","","","","","","","","","","","","","","","","","","",15.6,1,14.8,1,"","","","","","","","","","","","","","","","","","","","","","","","","","",98,1,"","","","","","","","","","","","",17.4,1,1017.2,1,"","","","","","","","",6,1,"","","","","","","","","","","","","","","","","","","","","","","","","","","","","","","","","","","","","","","","","","","","","","","","","","","","","","","","","","","","","","","","","","","","","","","","","","","","","","","","","","","","","","","","","","","","","","","","","","","","","","","",""
"28070001","CHARTRES",48.4605,1.501167,155,1983062203,"","","","",1.,1,40,1,"","","","","","","","","","","","","","","","","","","","","","","","","","","","",14.2,1,13.5,1,"","","","","","","","","","","","","","","","","","","","","","","","","","",98,1,"","","","","","","","","","","","",15.9,1,1016.9,1,"","","","","","","","",6,1,"","","","","","","","","","","","","","","","","","","","","","","","","","","","","","","","","","","","","","","","","","","","","","","","","","","","","","","","","","","","","","","","","","","","","","","","","","","","","","","","","","","","","","","","","","","","","","","","","","","","","","","",""
"28070001","CHARTRES",48.4605,1.501167,155,1983062206,"","","","",0.,1,0,1,"","","","","","","","","","","","","","","","","","","","","","","","","","","","",14.4,1,14.4,1,"","","","","","","","","","","","","","","","","","","","","","","","","","",99,1,"","","","","","","","","","","","",16.2,1,1017.3,1,"","","","","","",9,1,"","","","","","","","","","","","","","","","","","","","","","","","","","","","","","","","",300,1,"","",43,1,"","","","",1,1,"","","","","","","","","","","","","","","","","","","","","","","","","","","","","","","","","","","","","","","","","","","","","","","","","","","","","","","","","","","","","",""
"28070001","CHARTRES",48.4605,1.501167,155,1983062209,"","","","",1.,1,140,1,"","","","","","","","","","","","","","","","","","","","","","","","","","","","",17.,1,16.,1,"","","","","","","","","","","","","","","","","","","","","","","","","","",97,1,"","","","","","","","","","","","",18.8,1,1017.3,1,"","","","","","",7,1,7,1,6,1,"","","","","","","","","","","","","","","","","","","","","","","","","","","","",6000,1,"","",28,1,4,1,"","","","","","","","","","","","","","","","","","","","","","","","","","","","","","","","","","","","","","","","","","","","","","","","","","","","","","","","","","","","","","","","","",""
"28070001","CHARTRES",48.4605,1.501167,155,1983062212,"","","","",4.,1,140,1,"","","","","","","","","","","","","","","","","","","","","","","","","","","","",22.,1,16.6,1,"","","","","","","","","","","","","","","","","","","","","","","","","","",74,1,"","","","","","","","","","","","",19.6,1,1016.6,1,"","","","","","",4,1,0,1,2,1,0,1,2,1,"","","","","","","","","","","","","","","","","","","","","","","","",10000,1,"","",1,1,4,1,"","","","","","","","","","","","","","","","","","","","","","","","","","","","","","","","","","","","","","","","","","","","","","","","","","","","","","","","","","","","","","","","","",""
"28070001","CHARTRES",48.4605,1.501167,155,1983062215,"","","","",5.,1,180,1,"","","","","","","","","","","","","","","","","","","","","","","","","","","","",22.9,1,16.,1,"","","","","","","","","","","","","","","","","","","","","","","","","","",67,1,"","","","","","","","","","","","",18.8,1,1015.4,1,"","","","","","",5,1,0,1,2,1,0,1,2,1,"","","","","","","","","","","","","","","","","","","","","","","","",12000,1,"","",1,1,1,1,"","","","","","","","","","","","","","","","","","","","","","","","","","","","","","","","","","","","","","","","","","","","","","","","","","","","","","","","","","","","","","","","","",""
"28070001","CHARTRES",48.4605,1.501167,155,1983062218,"","","","",2.,1,200,1,"","","","","","","","","","","","","","","","","","","","","","","","","","","","",16.8,1,10.3,1,"","","","","","","","","","","","","","","","","","","","","","","","","","",67,1,"","","","","","","","","","","","",12.8,1,1015.4,1,"","","","","","","","",0,1,"","","","","","","","","","","","","","","","","","","","","","","","","","","","","","","","","","","","","","","","","","","","","","","","","","","","","","","","","","","","","","","","","","","","","","","","","","","","","","","","","","","","","","","","","","","","","","","","","","","","","","","",""
"28070001","CHARTRES",48.4605,1.501167,155,1983062221,"","","","",2.,1,180,1,"","","","","","","","","","","","","","","","","","","","","","","","","","","","",12.6,1,11.7,1,"","","","","","","","","","","","","","","","","","","","","","","","","","",97,1,"","","","","","","","","","","","",14.1,1,1016.3,1,"","","","","","","","",0,1,"","","","","","","","","","","","","","","","","","","","","","","","","","","","","","","","","","","","","","","","","","","","","","","","","","","","","","","","","","","","","","","","","","","","","","","","","","","","","","","","","","","","","","","","","","","","","","","","","","","","","","","",""
"28070001","CHARTRES",48.4605,1.501167,155,1983062300,"","","","",2.,1,300,1,"","","","","","","","","","","","","","","","","","","","","","","","","","","","",16.1,1,15.3,1,"","","","","","","","","","","","","","","","","","","","","","","","","","",98,1,"","","","","","","","","","","","",17.9,1,1015.5,1,"","","","","","","","",0,1,"","","","","","","","","","","","","","","","","","","","","","","","","","","","","","","","","","","","","","","","","","","","","","","","","","","","","","","","","","","","","","","","","","","","","","","","","","","","","","","","","","","","","","","","","","","","","","","","","","","","","","","",""
"28070001","CHARTRES",48.4605,1.501167,155,1983062303,"","","","",2.,1,20,1,"","","","","","","","","","","","","","","","","","","","","","","","","","","","",13.,1,12.3,1,"","","","","","","","","","","","","","","","","","","","","","","","","","",98,1,"","","","","","","","","","","","",14.7,1,1015.2,1,"","","","","","","","",0,1,"","","","","","","","","","","","","","","","","","","","","","","","","","","","","","","","","","","","","","","","","","","","","","","","","","","","","","","","","","","","","","","","","","","","","","","","","","","","","","","","","","","","","","","","","","","","","","","","","","","","","","","",""
"28070001","CHARTRES",48.4605,1.501167,155,1983062306,"","","","",1.,1,40,1,"","","","","","","","","","","","","","","","","","","","","","","","","","","","",14.,1,13.2,1,"","","","","","","","","","","","","","","","","","","","","","","","","","",98,1,"","","","","","","","","","","","",15.6,1,1015.6,1,"","","","","","",9,1,"","","","","","","","","","","","","","","","","","","","","","","","","","","","","","","","",50,1,"","",45,1,"","","","",2,1,"","","","","","","","","","","","","","","","","","","","","","","","","","","","","","","","","","","","","","","","","","","","","","","","","","","","","","","","","","","","","",""
"28070001","CHARTRES",48.4605,1.501167,155,1983062309,"","","","",1.,1,20,1,"","","","","","","","","","","","","","","","","","","","","","","","","","","","",19.2,1,17.2,1,"","","","","","","","","","","","","","","","","","","","","","","","","","",91,1,"","","","","","","","","","","","",20.3,1,1015.3,1,"","","","","","",0,1,"","",0,1,0,1,0,1,"","","","","","","","","","","","","","","","","","","","","","","","",10000,1,"","",1,1,4,1,"","","","","","","","","","","","","","","","","","","","","","","","","","","","","","","","","","","","","","","","","","","","","","","","","","","","","","","","","","","","","","","","","",""
"28070001","CHARTRES",48.4605,1.501167,155,1983062312,"","","","",4.,1,180,1,"","","","","","","","","","","","","","","","","","","","","","","","","","","","",25.,1,16.3,1,"","","","","","","","","","","","","","","","","","","","","","","","","","",60,1,"","","","","","","","","","","","",19.1,1,1014.5,1,"","","","","","",4,1,0,1,2,1,0,1,0,1,"","","","","","","","","","","","","","","","","","","","","","","","",20000,1,"","",3,1,4,1,"","","","","","","","","","","","","","","","","","","","","","","","","","","","","","","","","","","","","","","","","","","","","","","","","","","","","","","","","","","","","","","","","",""
"28070001","CHARTRES",48.4605,1.501167,155,1983062315,"","","","",3.,1,360,1,"","","","","","","","","","","","","","","","","","","","","","","","","","","","",24.3,1,16.9,1,"","","","","","","","","","","","","","","","","","","","","","","","","","",66,1,"","","","","","","","","","","","",19.9,1,1013.4,1,"","","","","","",6,1,6,1,2,1,0,1,0,1,"","","","","","","","","","","","","","","","","","","","","","","","",20000,1,"","",3,1,1,1,"","","","","","","","","","","","","","","","","","","","","","","","","","","","","","","","","","","","","","","","","","","","","","","","","","","","","","","","","","","","","","","","","",""
"28070001","CHARTRES",48.4605,1.501167,155,1983062318,"","","","",3.,1,80,1,"","","","","","","","","","","","","","","","","","","","","","","","","","","","",19.5,1,13.2,1,"","","","","","","","","","","","","","","","","","","","","","","","","","",69,1,"","","","","","","","","","","","",15.6,1,1014.8,1,"","","","","","","","",6,1,"","","","","","","","","","","","","","","","","","","","","","","","","","","","","","","","","","","","","","","","","","","","","","","","","","","","","","","","","","","","","","","","","","","","","","","","","","","","","","","","","","","","","","","","","","","","","","","","","","","","","","","",""
"28070001","CHARTRES",48.4605,1.501167,155,1983062321,"","","","",2.,1,220,1,"","","","","","","","","","","","","","","","","","","","","","","","","","","","",17.4,1,15.3,1,"","","","","","","","","","","","","","","","","","","","","","","","","","",90,1,"","","","","","","","","","","","",17.9,1,1015.5,1,"","","","","","","","",6,1,"","","","","","","","","","","","","","","","","","","","","","","","","","","","","","","","","","","","","","","","","","","","","","","","","","","","","","","","","","","","","","","","","","","","","","","","","","","","","","","","","","","","","","","","","","","","","","","","","","","","","","","",""
"28070001","CHARTRES",48.4605,1.501167,155,1983062400,"","","","",1.,1,60,1,"","","","","","","","","","","","","","","","","","","","","","","","","","","","",13.7,1,12.8,1,"","","","","","","","","","","","","","","","","","","","","","","","","","",97,1,"","","","","","","","","","","","",15.2,1,1016.2,1,"","","","","","","","",6,1,"","","","","","","","","","","","","","","","","","","","","","","","","","","","","","","","","","","","","","","","","","","","","","","","","","","","","","","","","","","","","","","","","","","","","","","","","","","","","","","","","","","","","","","","","","","","","","","","","","","","","","","",""
"28070001","CHARTRES",48.4605,1.501167,155,1983062403,"","","","",0.,1,0,1,"","","","","","","","","","","","","","","","","","","","","","","","","","","","",12.8,1,12.1,1,"","","","","","","","","","","","","","","","","","","","","","","","","","",98,1,"","","","","","","","","","","","",14.5,1,1016.2,1,"","","","","","","","",6,1,"","","","","","","","","","","","","","","","","","","","","","","","","","","","","","","","","","","","","","","","","","","","","","","","","","","","","","","","","","","","","","","","","","","","","","","","","","","","","","","","","","","","","","","","","","","","","","","","","","","","","","","",""
"28070001","CHARTRES",48.4605,1.501167,155,1983062406,"","","","",0.,1,0,1,"","","","","","","","","","","","","","","","","","","","","","","","","","","","",14.,1,13.2,1,"","","","","","","","","","","","","","","","","","","","","","","","","","",98,1,"","","","","","","","","","","","",15.6,1,1016.2,1,"","","","","","",1,1,0,1,0,1,0,1,1,1,"","","","","","","","","","","","","","","","","","","","","","","","",4500,1,"","",10,1,"","","","",1,1,"","","","","","","","","","","","","","","","","","","","","","","","","","","","","","","","","","","","","","","","","","","","","","","","","","","","","","","","","","","","","",""
"28070001","CHARTRES",48.4605,1.501167,155,1983062409,"","","","",3.,1,220,1,"","","","","","","","","","","","","","","","","","","","","","","","","","","","",20.4,1,15.9,1,"","","","","","","","","","","","","","","","","","","","","","","","","","",78,1,"","","","","","","","","","","","",18.7,1,1016.6,1,"","","","","","",3,1,0,1,2,1,0,1,0,1,"","","","","","","","","","","","","","","","","","","","","","","","",12000,1,"","",3,1,0,1,"","","","","","","","","","","","","","","","","","","","","","","","","","","","","","","","","","","","","","","","","","","","","","","","","","","","","","","","","","","","","","","","","",""
"28070001","CHARTRES",48.4605,1.501167,155,1983062412,"","","","",4.,1,260,1,"","","","","","","","","","","","","","","","","","","","","","","","","","","","",24.1,1,13.9,1,"","","","","","","","","","","","","","","","","","","","","","","","","","",55,1,"","","","","","","","","","","","",16.4,1,1016.3,1,"","","","","","",3,1,0,1,2,1,0,1,0,1,"","","","","","","","","","","","","","","","","","","","","","","","",15000,1,"","",1,1,0,1,"","","","","","","","","","","","","","","","","","","","","","","","","","","","","","","","","","","","","","","","","","","","","","","","","","","","","","","","","","","","","","","","","",""
"28070001","CHARTRES",48.4605,1.501167,155,1983062415,"","","","",3.,1,320,1,"","","","","","","","","","","","","","","","","","","","","","","","","","","","",26.9,1,12.4,1,"","","","","","","","","","","","","","","","","","","","","","","","","","",42,1,"","","","","","","","","","","","",14.8,1,1015.2,1,"","","","","","",2,1,0,1,1,1,0,1,0,1,"","","","","","","","","","","","","","","","","","","","","","","","",15000,1,"","",1,1,0,1,"","","","","","","","","","","","","","","","","","","","","","","","","","","","","","","","","","","","","","","","","","","","","","","","","","","","","","","","","","","","","","","","","",""
"28070001","CHARTRES",48.4605,1.501167,155,1983062418,"","","","",3.,1,20,1,"","","","","","","","","","","","","","","","","","","","","","","","","","","","",24.9,1,15.,1,"","","","","","","","","","","","","","","","","","","","","","","","","","",56,1,"","","","","","","","","","","","",17.6,1,1015.4,1,"","","","","","","","",0,1,"","","","","","","","","","","","","","","","","","","","","","","","","","","","","","","","","","","","","","","","","","","","","","","","","","","","","","","","","","","","","","","","","","","","","","","","","","","","","","","","","","","","","","","","","","","","","","","","","","","","","","","",""
"28070001","CHARTRES",48.4605,1.501167,155,1983062421,"","","","",2.,1,60,1,"","","","","","","","","","","","","","","","","","","","","","","","","","","","",19.7,1,17.9,1,"","","","","","","","","","","","","","","","","","","","","","","","","","",93,1,"","","","","","","","","","","","",21.3,1,1016.7,1,"","","","","","","","",0,1,"","","","","","","","","","","","","","","","","","","","","","","","","","","","","","","","","","","","","","","","","","","","","","","","","","","","","","","","","","","","","","","","","","","","","","","","","","","","","","","","","","","","","","","","","","","","","","","","","","","","","","","",""
"28070001","CHARTRES",48.4605,1.501167,155,1983062500,"","","","",2.,1,20,1,"","","","","","","","","","","","","","","","","","","","","","","","","","","","",16.4,1,16.4,1,"","","","","","","","","","","","","","","","","","","","","","","","","","",99,1,"","","","","","","","","","","","",18.5,1,1017.1,1,"","","","","","","","",0,1,"","","","","","","","","","","","","","","","","","","","","","","","","","","","","","","","","","","","","","","","","","","","","","","","","","","","","","","","","","","","","","","","","","","","","","","","","","","","","","","","","","","","","","","","","","","","","","","","","","","","","","","",""
"28070001","CHARTRES",48.4605,1.501167,155,1983062503,"","","","",4.,1,40,1,"","","","","","","","","","","","","","","","","","","","","","","","","","","","",15.2,1,15.2,1,"","","","","","","","","","","","","","","","","","","","","","","","","","",99,1,"","","","","","","","","","","","",17.1,1,1017.,1,"","","","","","","","",0,1,"","","","","","","","","","","","","","","","","","","","","","","","","","","","","","","","","","","","","","","","","","","","","","","","","","","","","","","","","","","","","","","","","","","","","","","","","","","","","","","","","","","","","","","","","","","","","","","","","","","","","","","",""
"28070001","CHARTRES",48.4605,1.501167,155,1983062506,"","","","",3.,1,60,1,"","","","","","","","","","","","","","","","","","","","","","","","","","","","",15.2,1,15.2,1,"","","","","","","","","","","","","","","","","","","","","","","","","","",99,1,"","","","","","","","","","","","",17.1,1,1017.3,1,"","","","","","",8,1,8,1,6,1,"","","","","","","","","","","","","","","","","","","","","","","","","","","","",500,1,"","",44,1,4,1,"","",2,1,"","","","","","","","","","","","","","","","","","","","","","","","","","","","","","","","","","","","","","","","","","","","","","","","","","","","","","","","","","","","","",""
"28070001","CHARTRES",48.4605,1.501167,155,1983062509,"","","","",2.,1,300,1,"","","","","","","","","","","","","","","","","","","","","","","","","","","","",16.2,1,15.4,1,"","","","","","","","","","","","","","","","","","","","","","","","","","",98,1,"","","","","","","","","","","","",18.,1,1018.2,1,"","","","","","",8,1,8,1,7,1,"","","","","","","","","","","","","","","","","","","","","","","","","","","","",3000,1,"","",61,1,6,1,"","","","","","","","","","","","","","","","","","","","","","","","","","","","","","","","","","","","","","","","","","","","","","","","","","","","","","","","","","","","","","","","","",""
"28070001","CHARTRES",48.4605,1.501167,155,1983062512,"","","","",4.,1,60,1,"","","","","","","","","","","","","","","","","","","","","","","","","","","","",17.2,1,16.3,1,"","","","","","","","","","","","","","","","","","","","","","","","","","",98,1,"","","","","","","","","","","","",19.2,1,1018.,1,"","","","","","","","",8,1,"","","","","","","","","","","","","","","","","","","","","","","","","","","","","","","","","","","","","","","","","","","","","","","","","","","","","","","","","","","","","","","","","","","","","","","","","","","","","","","","","","","","","","","","","","","","","","","","","","","","","","","",""
"28070001","CHARTRES",48.4605,1.501167,155,1983062515,"","","","",2.,1,40,1,"","","","","","","","","","","","","","","","","","","","","","","","","","","","",18.8,1,17.1,1,"","","","","","","","","","","","","","","","","","","","","","","","","","",93,1,"","","","","","","","","","","","",20.2,1,1017.8,1,"","","","","","","","",8,1,"","","","","","","","","","","","","","","","","","","","","","","","","","","","","","","","","","","","","","","","","","","","","","","","","","","","","","","","","","","","","","","","","","","","","","","","","","","","","","","","","","","","","","","","","","","","","","","","","","","","","","","",""
"28070001","CHARTRES",48.4605,1.501167,155,1983062518,"","","","",3.,1,40,1,"","","","","","","","","","","","","","","","","","","","","","","","","","","","",19.1,1,17.6,1,"","","","","","","","","","","","","","","","","","","","","","","","","","",94,1,"","","","","","","","","","","","",20.8,1,1018.,1,"","","","","","","","",8,1,"","","","","","","","","","","","","","","","","","","","","","","","","","","","","","","","","","","","","","","","","","","","","","","","","","","","","","","","","","","","","","","","","","","","","","","","","","","","","","","","","","","","","","","","","","","","","","","","","","","","","","","",""
"28070001","CHARTRES",48.4605,1.501167,155,1983062521,"","","","",3.,1,40,1,"","","","","","","","","","","","","","","","","","","","","","","","","","","","",17.1,1,16.3,1,"","","","","","","","","","","","","","","","","","","","","","","","","","",98,1,"","","","","","","","","","","","",19.1,1,1018.6,1,"","","","","","","","",8,1,"","","","","","","","","","","","","","","","","","","","","","","","","","","","","","","","","","","","","","","","","","","","","","","","","","","","","","","","","","","","","","","","","","","","","","","","","","","","","","","","","","","","","","","","","","","","","","","","","","","","","","","",""
"28070001","CHARTRES",48.4605,1.501167,155,1983062600,"","","","",0.,1,0,1,"","","","","","","","","","","","","","","","","","","","","","","","","","","","",15.1,1,14.3,1,"","","","","","","","","","","","","","","","","","","","","","","","","","",98,1,"","","","","","","","","","","","",16.8,1,1018.3,1,"","","","","","","","",8,1,"","","","","","","","","","","","","","","","","","","","","","","","","","","","","","","","","","","","","","","","","","","","","","","","","","","","","","","","","","","","","","","","","","","","","","","","","","","","","","","","","","","","","","","","","","","","","","","","","","","","","","","",""
"28070001","CHARTRES",48.4605,1.501167,155,1983062603,"","","","",1.,1,20,1,"","","","","","","","","","","","","","","","","","","","","","","","","","","","",14.4,1,13.7,1,"","","","","","","","","","","","","","","","","","","","","","","","","","",98,1,"","","","","","","","","","","","",16.1,1,1018.2,1,"","","","","","","","",8,1,"","","","","","","","","","","","","","","","","","","","","","","","","","","","","","","","","","","","","","","","","","","","","","","","","","","","","","","","","","","","","","","","","","","","","","","","","","","","","","","","","","","","","","","","","","","","","","","","","","","","","","","",""
"28070001","CHARTRES",48.4605,1.501167,155,1983062606,"","","","",0.,1,0,1,"","","","","","","","","","","","","","","","","","","","","","","","","","","","",16.,1,15.2,1,"","","","","","","","","","","","","","","","","","","","","","","","","","",98,1,"","","","","","","","","","","","",17.8,1,1018.1,1,"","","","","","",9,1,"","","","","","","","","","","","","","","","","","","","","","","","","","","","","","","","",300,1,"","",45,1,4,1,"","",2,1,"","","","","","","","","","","","","","","","","","","","","","","","","","","","","","","","","","","","","","","","","","","","","","","","","","","","","","","","","","","","","",""
"28070001","CHARTRES",48.4605,1.501167,155,1983062609,"","","","",1.,1,340,1,"","","","","","","","","","","","","","","","","","","","","","","","","","","","",17.4,1,16.,1,"","","","","","","","","","","","","","","","","","","","","","","","","","",95,1,"","","","","","","","","","","","",18.8,1,1018.2,1,"","","","","","",8,1,6,1,5,1,"","","","","","","","","","","","","","","","","","","","","","","","","","","","",3000,1,"","",10,1,4,1,"","","","","","","","","","","","","","","","","","","","","","","","","","","","","","","","","","","","","","","","","","","","","","","","","","","","","","","","","","","","","","","","","",""
"28070001","CHARTRES",48.4605,1.501167,155,1983062612,"","","","",3.,1,240,1,"","","","","","","","","","","","","","","","","","","","","","","","","","","","",19.3,1,16.3,1,"","","","","","","","","","","","","","","","","","","","","","","","","","",86,1,"","","","","","","","","","","","",19.2,1,1017.8,1,"","","","","","","","",6,1,"","","","","","","","","","","","","","","","","","","","","","","","","","","","","","","","","","","","","","","","","","","","","","","","","","","","","","","","","","","","","","","","","","","","","","","","","","","","","","","","","","","","","","","","","","","","","","","","","","","","","","","",""
"28070001","CHARTRES",48.4605,1.501167,155,1983062615,"","","","",3.,1,280,1,"","","","","","","","","","","","","","","","","","","","","","","","","","","","",22.7,1,16.9,1,"","","","","","","","","","","","","","","","","","","","","","","","","","",72,1,"","","","","","","","","","","","",19.9,1,1016.4,1,"","","","","","","","",6,1,"","","","","","","","","","","","","","","","","","","","","","","","","","","","","","","","","","","","","","","","","","","","","","","","","","","","","","","","","","","","","","","","","","","","","","","","","","","","","","","","","","","","","","","","","","","","","","","","","","","","","","","",""
"28070001","CHARTRES",48.4605,1.501167,155,1983062618,"","","","",3.,1,360,1,"","","","","","","","","","","","","","","","","","","","","","","","","","","","",20.5,1,13.9,1,"","","","","","","","","","","","","","","","","","","","","","","","","","",68,1,"","","","","","","","","","","","",16.4,1,1016.3,1,"","","","","","","","",6,1,"","","","","","","","","","","","","","","","","","","","","","","","","","","","","","","","","","","","","","","","","","","","","","","","","","","","","","","","","","","","","","","","","","","","","","","","","","","","","","","","","","","","","","","","","","","","","","","","","","","","","","","",""
"28070001","CHARTRES",48.4605,1.501167,155,1983062621,"","","","",1.,1,300,1,"","","","","","","","","","","","","","","","","","","","","","","","","","","","",17.4,1,16.1,1,"","","","","","","","","","","","","","","","","","","","","","","","","","",95,1,"","","","","","","","","","","","",18.9,1,1017.,1,"","","","","","","","",6,1,"","","","","","","","","","","","","","","","","","","","","","","","","","","","","","","","","","","","","","","","","","","","","","","","","","","","","","","","","","","","","","","","","","","","","","","","","","","","","","","","","","","","","","","","","","","","","","","","","","","","","","","",""
"28070001","CHARTRES",48.4605,1.501167,155,1983062700,"","","","",3.,1,360,1,"","","","","","","","","","","","","","","","","","","","","","","","","","","","",15.8,1,14.5,1,"","","","","","","","","","","","","","","","","","","","","","","","","","",95,1,"","","","","","","","","","","","",17.,1,1016.3,1,"","","","","","","","",6,1,"","","","","","","","","","","","","","","","","","","","","","","","","","","","","","","","","","","","","","","","","","","","","","","","","","","","","","","","","","","","","","","","","","","","","","","","","","","","","","","","","","","","","","","","","","","","","","","","","","","","","","","",""
"28070001","CHARTRES",48.4605,1.501167,155,1983062703,"","","","",1.,1,360,1,"","","","","","","","","","","","","","","","","","","","","","","","","","","","",13.8,1,12.6,1,"","","","","","","","","","","","","","","","","","","","","","","","","","",95,1,"","","","","","","","","","","","",15.,1,1015.6,1,"","","","","","","","",6,1,"","","","","","","","","","","","","","","","","","","","","","","","","","","","","","","","","","","","","","","","","","","","","","","","","","","","","","","","","","","","","","","","","","","","","","","","","","","","","","","","","","","","","","","","","","","","","","","","","","","","","","","",""
"28070001","CHARTRES",48.4605,1.501167,155,1983062706,"","","","",2.,1,340,1,"","","","","","","","","","","","","","","","","","","","","","","","","","","","",14.,1,12.1,1,"","","","","","","","","","","","","","","","","","","","","","","","","","",91,1,"","","","","","","","","","","","",14.5,1,1015.4,1,"","","","","","",4,1,0,1,0,1,3,1,2,1,"","","","","","","","","","","","","","","","","","","","","","","","",4000,1,"","",10,1,"","","","",1,1,"","","","","","","","","","","","","","","","","","","","","","","","","","","","","","","","","","","","","","","","","","","","","","","","","","","","","","","","","","","","","",""
"28070001","CHARTRES",48.4605,1.501167,155,1983062709,"","","","",4.,1,360,1,"","","","","","","","","","","","","","","","","","","","","","","","","","","","",18.2,1,13.6,1,"","","","","","","","","","","","","","","","","","","","","","","","","","",77,1,"","","","","","","","","","","","",16.,1,1015.2,1,"","","","","","",8,1,6,1,8,1,7,1,"","","","","","","","","","","","","","","","","","","","","","","","","","",10000,1,"","",3,1,1,1,"","","","","","","","","","","","","","","","","","","","","","","","","","","","","","","","","","","","","","","","","","","","","","","","","","","","","","","","","","","","","","","","","",""
"28070001","CHARTRES",48.4605,1.501167,155,1983062712,"","","","",6.,1,360,1,"","","","","","","","","","","","","","","","","","","","","","","","","","","","",20.,1,13.,1,"","","","","","","","","","","","","","","","","","","","","","","","","","",66,1,"","","","","","","","","","","","",15.4,1,1015.,1,"","","","","","",8,1,6,1,8,1,3,1,"","","","","","","","","","","","","","","","","","","","","","","","","","",12000,1,"","",3,1,1,1,"","","","","","","","","","","","","","","","","","","","","","","","","","","","","","","","","","","","","","","","","","","","","","","","","","","","","","","","","","","","","","","","","",""
"28070001","CHARTRES",48.4605,1.501167,155,1983062715,"","","","",5.,1,360,1,"","","","","","","","","","","","","","","","","","","","","","","","","","","","",20.,1,12.6,1,"","","","","","","","","","","","","","","","","","","","","","","","","","",64,1,"","","","","","","","","","","","",15.,1,1014.4,1,"","","","","","",7,1,0,1,8,1,3,1,"","","","","","","","","","","","","","","","","","","","","","","","","","",10000,1,"","",1,1,2,1,"","","","","","","","","","","","","","","","","","","","","","","","","","","","","","","","","","","","","","","","","","","","","","","","","","","","","","","","","","","","","","","","","",""
"28070001","CHARTRES",48.4605,1.501167,155,1983062718,"","","","",4.,1,20,1,"","","","","","","","","","","","","","","","","","","","","","","","","","","","",19.2,1,10.8,1,"","","","","","","","","","","","","","","","","","","","","","","","","","",60,1,"","","","","","","","","","","","",13.3,1,1014.6,1,"","","","","","","","",0,1,"","","","","","","","","","","","","","","","","","","","","","","","","","","","","","","","","","","","","","","","","","","","","","","","","","","","","","","","","","","","","","","","","","","","","","","","","","","","","","","","","","","","","","","","","","","","","","","","","","","","","","","",""
"28070001","CHARTRES",48.4605,1.501167,155,1983062721,"","","","",4.,1,20,1,"","","","","","","","","","","","","","","","","","","","","","","","","","","","",14.3,1,11.3,1,"","","","","","","","","","","","","","","","","","","","","","","","","","",84,1,"","","","","","","","","","","","",13.7,1,1015.9,1,"","","","","","","","",0,1,"","","","","","","","","","","","","","","","","","","","","","","","","","","","","","","","","","","","","","","","","","","","","","","","","","","","","","","","","","","","","","","","","","","","","","","","","","","","","","","","","","","","","","","","","","","","","","","","","","","","","","","",""
"28070001","CHARTRES",48.4605,1.501167,155,1983062800,"","","","",3.,1,20,1,"","","","","","","","","","","","","","","","","","","","","","","","","","","","",11.5,1,10.1,1,"","","","","","","","","","","","","","","","","","","","","","","","","","",93,1,"","","","","","","","","","","","",12.6,1,1017.7,1,"","","","","","","","",0,1,"","","","","","","","","","","","","","","","","","","","","","","","","","","","","","","","","","","","","","","","","","","","","","","","","","","","","","","","","","","","","","","","","","","","","","","","","","","","","","","","","","","","","","","","","","","","","","","","","","","","","","","",""
"28070001","CHARTRES",48.4605,1.501167,155,1983062803,"","","","",2.,1,360,1,"","","","","","","","","","","","","","","","","","","","","","","","","","","","",8.4,1,7.,1,"","","","","","","","","","","","","","","","","","","","","","","","","","",93,1,"","","","","","","","","","","","",10.2,1,1018.2,1,"","","","","","","","",0,1,"","","","","","","","","","","","","","","","","","","","","","","","","","","","","","","","","","","","","","","","","","","","","","","","","","","","","","","","","","","","","","","","","","","","","","","","","","","","","","","","","","","","","","","","","","","","","","","","","","","","","","","",""
"28070001","CHARTRES",48.4605,1.501167,155,1983062806,"","","","",3.,1,20,1,"","","","","","","","","","","","","","","","","","","","","","","","","","","","",10.,1,8.5,1,"","","","","","","","","","","","","","","","","","","","","","","","","","",92,1,"","","","","","","","","","","","",11.3,1,1019.,1,"","","","","","",0,1,"","",0,1,0,1,0,1,"","","","","","","","","","","","","","","","","","","","","","","","",4000,1,"","",10,1,"","","","",0,1,"","","","","","","","","","","","","","","","","","","","","","","","","","","","","","","","","","","","","","","","","","","","","","","","","","","","","","","","","","","","","",""
"28070001","CHARTRES",48.4605,1.501167,155,1983062809,"","","","",4.,1,60,1,"","","","","","","","","","","","","","","","","","","","","","","","","","","","",15.6,1,8.9,1,"","","","","","","","","","","","","","","","","","","","","","","","","","",66,1,"","","","","","","","","","","","",11.6,1,1019.2,1,"","","","","","",5,1,5,1,2,1,0,1,0,1,"","","","","","","","","","","","","","","","","","","","","","","","",15000,1,"","",3,1,1,1,"","","","","","","","","","","","","","","","","","","","","","","","","","","","","","","","","","","","","","","","","","","","","","","","","","","","","","","","","","","","","","","","","",""
"28070001","CHARTRES",48.4605,1.501167,155,1983062812,"","","","",4.,1,340,1,"","","","","","","","","","","","","","","","","","","","","","","","","","","","",16.6,1,8.7,1,"","","","","","","","","","","","","","","","","","","","","","","","","","",61,1,"","","","","","","","","","","","",11.5,1,1019.7,1,"","","","","","",6,1,6,1,4,1,0,1,0,1,"","","","","","","","","","","","","","","","","","","","","","","","",15000,1,"","",1,1,1,1,"","","","","","","","","","","","","","","","","","","","","","","","","","","","","","","","","","","","","","","","","","","","","","","","","","","","","","","","","","","","","","","","","",""
"28070001","CHARTRES",48.4605,1.501167,155,1983062815,"","","","",3.,1,360,1,"","","","","","","","","","","","","","","","","","","","","","","","","","","","",17.2,1,8.2,1,"","","","","","","","","","","","","","","","","","","","","","","","","","",56,1,"","","","","","","","","","","","",11.1,1,1019.6,1,"","","","","","",7,1,7,1,5,1,"","","","","","","","","","","","","","","","","","","","","","","","","","","","",12000,1,"","",3,1,2,1,"","","","","","","","","","","","","","","","","","","","","","","","","","","","","","","","","","","","","","","","","","","","","","","","","","","","","","","","","","","","","","","","","",""
"28070001","CHARTRES",48.4605,1.501167,155,1983062818,"","","","",3.,1,340,1,"","","","","","","","","","","","","","","","","","","","","","","","","","","","",16.8,1,10.1,1,"","","","","","","","","","","","","","","","","","","","","","","","","","",66,1,"","","","","","","","","","","","",12.6,1,1019.5,1,"","","","","","","","",7,1,"","","","","","","","","","","","","","","","","","","","","","","","","","","","","","","","","","","","","","","","","","","","","","","","","","","","","","","","","","","","","","","","","","","","","","","","","","","","","","","","","","","","","","","","","","","","","","","","","","","","","","","",""
"28070001","CHARTRES",48.4605,1.501167,155,1983062821,"","","","",2.,1,360,1,"","","","","","","","","","","","","","","","","","","","","","","","","","","","",11.9,1,9.3,1,"","","","","","","","","","","","","","","","","","","","","","","","","","",86,1,"","","","","","","","","","","","",12.,1,1020.5,1,"","","","","","","","",7,1,"","","","","","","","","","","","","","","","","","","","","","","","","","","","","","","","","","","","","","","","","","","","","","","","","","","","","","","","","","","","","","","","","","","","","","","","","","","","","","","","","","","","","","","","","","","","","","","","","","","","","","","",""
"28070001","CHARTRES",48.4605,1.501167,155,1983062900,"","","","",1.,1,340,1,"","","","","","","","","","","","","","","","","","","","","","","","","","","","",8.8,1,7.3,1,"","","","","","","","","","","","","","","","","","","","","","","","","","",92,1,"","","","","","","","","","","","",10.4,1,1020.7,1,"","","","","","","","",7,1,"","","","","","","","","","","","","","","","","","","","","","","","","","","","","","","","","","","","","","","","","","","","","","","","","","","","","","","","","","","","","","","","","","","","","","","","","","","","","","","","","","","","","","","","","","","","","","","","","","","","","","","",""
"28070001","CHARTRES",48.4605,1.501167,155,1983062903,"","","","",2.,1,300,1,"","","","","","","","","","","","","","","","","","","","","","","","","","","","",7.6,1,6.2,1,"","","","","","","","","","","","","","","","","","","","","","","","","","",92,1,"","","","","","","","","","","","",9.6,1,1020.5,1,"","","","","","","","",7,1,"","","","","","","","","","","","","","","","","","","","","","","","","","","","","","","","","","","","","","","","","","","","","","","","","","","","","","","","","","","","","","","","","","","","","","","","","","","","","","","","","","","","","","","","","","","","","","","","","","","","","","","",""
"28070001","CHARTRES",48.4605,1.501167,155,1983062906,"","","","",2.,1,280,1,"","","","","","","","","","","","","","","","","","","","","","","","","","","","",10.2,1,8.1,1,"","","","","","","","","","","","","","","","","","","","","","","","","","",88,1,"","","","","","","","","","","","",11.,1,1020.,1,"","","","","","",5,1,5,1,0,1,0,1,2,1,"","","","","","","","","","","","","","","","","","","","","","","","",12000,1,"","",0,1,"","","","",1,1,"","","","","","","","","","","","","","","","","","","","","","","","","","","","","","","","","","","","","","","","","","","","","","","","","","","","","","","","","","","","","",""
"28070001","CHARTRES",48.4605,1.501167,155,1983062909,"","","","",4.,1,300,1,"","","","","","","","","","","","","","","","","","","","","","","","","","","","",17.1,1,9.3,1,"","","","","","","","","","","","","","","","","","","","","","","","","","",62,1,"","","","","","","","","","","","",12.,1,1018.9,1,"","","","","","",6,1,0,1,5,1,0,1,2,1,"","","","","","","","","","","","","","","","","","","","","","","","",15000,1,"","",3,1,2,1,"","","","","","","","","","","","","","","","","","","","","","","","","","","","","","","","","","","","","","","","","","","","","","","","","","","","","","","","","","","","","","","","","",""
"28070001","CHARTRES",48.4605,1.501167,155,1983062912,"","","","",4.,1,280,1,"","","","","","","","","","","","","","","","","","","","","","","","","","","","",20.6,1,10.4,1,"","","","","","","","","","","","","","","","","","","","","","","","","","",53,1,"","","","","","","","","","","","",12.9,1,1017.1,1,"","","","","","",6,1,0,1,1,1,0,1,2,1,"","","","","","","","","","","","","","","","","","","","","","","","",20000,1,"","",3,1,2,1,"","","","","","","","","","","","","","","","","","","","","","","","","","","","","","","","","","","","","","","","","","","","","","","","","","","","","","","","","","","","","","","","","",""
"28070001","CHARTRES",48.4605,1.501167,155,1983062915,"","","","",3.,1,300,1,"","","","","","","","","","","","","","","","","","","","","","","","","","","","",20.2,1,12.4,1,"","","","","","","","","","","","","","","","","","","","","","","","","","",63,1,"","","","","","","","","","","","",14.8,1,1016.7,1,"","","","","","",7,1,5,1,4,1,"","","","","","","","","","","","","","","","","","","","","","","","","","","","",20000,1,"","",3,1,2,1,"","","","","","","","","","","","","","","","","","","","","","","","","","","","","","","","","","","","","","","","","","","","","","","","","","","","","","","","","","","","","","","","","",""
"28070001","CHARTRES",48.4605,1.501167,155,1983062918,"","","","",3.,1,300,1,"","","","","","","","","","","","","","","","","","","","","","","","","","","","",18.9,1,12.9,1,"","","","","","","","","","","","","","","","","","","","","","","","","","",70,1,"","","","","","","","","","","","",15.3,1,1015.9,1,"","","","","","","","",5,1,"","","","","","","","","","","","","","","","","","","","","","","","","","","","","","","","","","","","","","","","","","","","","","","","","","","","","","","","","","","","","","","","","","","","","","","","","","","","","","","","","","","","","","","","","","","","","","","","","","","","","","","",""
"28070001","CHARTRES",48.4605,1.501167,155,1983062921,"","","","",2.,1,300,1,"","","","","","","","","","","","","","","","","","","","","","","","","","","","",15.1,1,10.5,1,"","","","","","","","","","","","","","","","","","","","","","","","","","",76,1,"","","","","","","","","","","","",13.,1,1016.2,1,"","","","","","","","",5,1,"","","","","","","","","","","","","","","","","","","","","","","","","","","","","","","","","","","","","","","","","","","","","","","","","","","","","","","","","","","","","","","","","","","","","","","","","","","","","","","","","","","","","","","","","","","","","","","","","","","","","","","",""
"28070001","CHARTRES",48.4605,1.501167,155,1983063000,"","","","",3.,1,280,1,"","","","","","","","","","","","","","","","","","","","","","","","","","","","",15.6,1,10.8,1,"","","","","","","","","","","","","","","","","","","","","","","","","","",75,1,"","","","","","","","","","","","",13.3,1,1015.3,1,"","","","","","","","",5,1,"","","","","","","","","","","","","","","","","","","","","","","","","","","","","","","","","","","","","","","","","","","","","","","","","","","","","","","","","","","","","","","","","","","","","","","","","","","","","","","","","","","","","","","","","","","","","","","","","","","","","","","",""
"28070001","CHARTRES",48.4605,1.501167,155,1983063003,"","","","",3.,1,260,1,"","","","","","","","","","","","","","","","","","","","","","","","","","","","",15.4,1,13.3,1,"","","","","","","","","","","","","","","","","","","","","","","","","","",90,1,"","","","","","","","","","","","",15.7,1,1014.2,1,"","","","","","","","",5,1,"","","","","","","","","","","","","","","","","","","","","","","","","","","","","","","","","","","","","","","","","","","","","","","","","","","","","","","","","","","","","","","","","","","","","","","","","","","","","","","","","","","","","","","","","","","","","","","","","","","","","","","",""
"28070001","CHARTRES",48.4605,1.501167,155,1983063006,"","","","",4.,1,280,1,"","","","","","","","","","","","","","","","","","","","","","","","","","","","",15.1,1,12.9,1,"","","","","","","","","","","","","","","","","","","","","","","","","","",89,1,"","","","","","","","","","","","",15.3,1,1013.3,1,"","","","","","",8,1,6,1,5,1,"","","","","","","","","","","","","","","","","","","","","","","","","","","","",15000,1,"","",0,1,"","","","",0,1,"","","","","","","","","","","","","","","","","","","","","","","","","","","","","","","","","","","","","","","","","","","","","","","","","","","","","","","","","","","","","",""
"28070001","CHARTRES",48.4605,1.501167,155,1983063009,"","","","",5.,1,280,1,"","","","","","","","","","","","","","","","","","","","","","","","","","","","",16.1,1,12.8,1,"","","","","","","","","","","","","","","","","","","","","","","","","","",83,1,"","","","","","","","","","","","",15.2,1,1013.1,1,"","","","","","",8,1,8,1,5,1,"","","","","","","","","","","","","","","","","","","","","","","","","","","","",20000,1,"","",1,1,2,1,"","","","","","","","","","","","","","","","","","","","","","","","","","","","","","","","","","","","","","","","","","","","","","","","","","","","","","","","","","","","","","","","","",""
"28070001","CHARTRES",48.4605,1.501167,155,1983063012,"","","","",5.,1,260,1,"","","","","","","","","","","","","","","","","","","","","","","","","","","","",16.5,1,13.8,1,"","","","","","","","","","","","","","","","","","","","","","","","","","",86,1,"","","","","","","","","","","","",16.2,1,1013.,1,"","","","","","",8,1,8,1,5,1,"","","","","","","","","","","","","","","","","","","","","","","","","","","","",15000,1,"","",21,1,6,1,"","","","","","","","","","","","","","","","","","","","","","","","","","","","","","","","","","","","","","","","","","","","","","","","","","","","","","","","","","","","","","","","","",""
"28070001","CHARTRES",48.4605,1.501167,155,1983063015,"","","","",5.,1,240,1,"","","","","","","","","","","","","","","","","","","","","","","","","","","","",17.,1,15.2,1,"","","","","","","","","","","","","","","","","","","","","","","","","","",92,1,"","","","","","","","","","","","",17.8,1,1012.3,1,"","","","","","",8,1,8,1,7,1,7,1,"","","","","","","","","","","","","","","","","","","","","","","","","","",15000,1,"","",60,1,6,1,"","","","","","","","","","","","","","","","","","","","","","","","","","","","","","","","","","","","","","","","","","","","","","","","","","","","","","","","","","","","","","","","","",""
"28070001","CHARTRES",48.4605,1.501167,155,1983063018,"","","","",5.,1,340,1,"","","","","","","","","","","","","","","","","","","","","","","","","","","","",15.5,1,14.,1,"","","","","","","","","","","","","","","","","","","","","","","","","","",94,1,"","","","","","","","","","","","",16.5,1,1013.1,1,"","","","","","","","",8,1,"","","","","","","","","","","","","","","","","","","","","","","","","","","","","","","","","","","","","","","","","","","","","","","","","","","","","","","","","","","","","","","","","","","","","","","","","","","","","","","","","","","","","","","","","","","","","","","","","","","","","","","",""
"28070001","CHARTRES",48.4605,1.501167,155,1983063021,"","","","",3.,1,320,1,"","","","","","","","","","","","","","","","","","","","","","","","","","","","",13.4,1,12.3,1,"","","","","","","","","","","","","","","","","","","","","","","","","","",96,1,"","","","","","","","","","","","",14.7,1,1015.,1,"","","","","","","","",8,1,"","","","","","","","","","","","","","","","","","","","","","","","","","","","","","","","","","","","","","","","","","","","","","","","","","","","","","","","","","","","","","","","","","","","","","","","","","","","","","","","","","","","","","","","","","","","","","","","","","","","","","","",""
"28070001","CHARTRES",48.4605,1.501167,155,1983070100,"","","","",2.,1,340,1,"","","","","","","","","","","","","","","","","","","","","","","","","","","","",10.9,1,9.9,1,"","","","","","","","","","","","","","","","","","","","","","","","","","",96,1,"","","","","","","","","","","","",12.5,1,1017.2,1,"","","","","","","","","","","","","","","","","","","","","","","","","","","","","","","","","","","","","","","","","","","","","","","","","","","","","","","","","","","","","","","","","","","","","","","","","","","","","","","","","","","","","","","","","","","","","","","","","","","","","","","","","","","","","","","","","",""
"28070001","CHARTRES",48.4605,1.501167,155,1983070103,"","","","",2.,1,360,1,"","","","","","","","","","","","","","","","","","","","","","","","","","","","",11.2,1,10.4,1,"","","","","","","","","","","","","","","","","","","","","","","","","","",97,1,"","","","","","","","","","","","",12.9,1,1018.,1,"","","","","","","","","","","","","","","","","","","","","","","","","","","","","","","","","","","","","","","","","","","","","","","","","","","","","","","","","","","","","","","","","","","","","","","","","","","","","","","","","","","","","","","","","","","","","","","","","","","","","","","","","","","","","","","","","",""
"28070001","CHARTRES",48.4605,1.501167,155,1983070106,"","","","",1.,1,320,1,"","","","","","","","","","","","","","","","","","","","","","","","","","","","",10.8,1,10.1,1,"","","","","","","","","","","","","","","","","","","","","","","","","","",97,1,"","","","","","","","","","","","",12.6,1,1019.8,1,"","","","","","",6,1,6,1,5,1,0,1,0,1,"","","","","","","","","","","","","","","","","","","","","","","","",500,1,"","",42,1,"","","","",1,1,"","","","","","","","","","","","","","","","","","","","","","","","","","","","","","","","","","","","","","","","","","","","","","","","","","","","","","","","","","","","","",""
"28070001","CHARTRES",48.4605,1.501167,155,1983070109,"","","","",0.,1,0,1,"","","","","","","","","","","","","","","","","","","","","","","","","","","","",14.2,1,12.,1,"","","","","","","","","","","","","","","","","","","","","","","","","","",89,1,"","","","","","","","","","","","",14.4,1,1021.2,1,"","","","","","",6,1,6,1,1,1,0,1,0,1,"","","","","","","","","","","","","","","","","","","","","","","","",15000,1,"","",3,1,4,1,"","","","","","","","","","","","","","","","","","","","","","","","","","","","","","","","","","","","","","","","","","","","","","","","","","","","","","","","","","","","","","","","","",""
"28070001","CHARTRES",48.4605,1.501167,155,1983070112,"","","","",2.,1,300,1,"","","","","","","","","","","","","","","","","","","","","","","","","","","","",17.6,1,11.2,1,"","","","","","","","","","","","","","","","","","","","","","","","","","",68,1,"","","","","","","","","","","","",13.6,1,1021.9,1,"","","","","","",7,1,0,1,4,1,"","","","","","","","","","","","","","","","","","","","","","","","","","","","",20000,1,"","",1,1,4,1,"","","","","","","","","","","","","","","","","","","","","","","","","","","","","","","","","","","","","","","","","","","","","","","","","","","","","","","","","","","","","","","","","",""
"28070001","CHARTRES",48.4605,1.501167,155,1983070115,"","","","",2.,1,340,1,"","","","","","","","","","","","","","","","","","","","","","","","","","","","",19.5,1,11.4,1,"","","","","","","","","","","","","","","","","","","","","","","","","","",61,1,"","","","","","","","","","","","",13.8,1,1021.8,1,"","","","","","",5,1,0,1,4,1,0,1,0,1,"","","","","","","","","","","","","","","","","","","","","","","","",20000,1,"","",3,1,2,1,"","","","","","","","","","","","","","","","","","","","","","","","","","","","","","","","","","","","","","","","","","","","","","","","","","","","","","","","","","","","","","","","","",""
"28070001","CHARTRES",48.4605,1.501167,155,1983070118,"","","","",1.,1,120,1,"","","","","","","","","","","","","","","","","","","","","","","","","","","","",18.9,1,12.4,1,"","","","","","","","","","","","","","","","","","","","","","","","","","",68,1,"","","","","","","","","","","","",14.8,1,1022.3,1,"","","","","","","","",0,1,"","","","","","","","","","","","","","","","","","","","","","","","","","","","","","","","","","","","","","","","","","","","","","","","","","","","","","","","","","","","","","","","","","","","","","","","","","","","","","","","","","","","","","","","","","","","","","","","","","","","","","","",""
"28070001","CHARTRES",48.4605,1.501167,155,1983070121,"","","","",1.,1,180,1,"","","","","","","","","","","","","","","","","","","","","","","","","","","","",14.8,1,12.7,1,"","","","","","","","","","","","","","","","","","","","","","","","","","",90,1,"","","","","","","","","","","","",15.1,1,1023.,1,"","","","","","","","",0,1,"","","","","","","","","","","","","","","","","","","","","","","","","","","","","","","","","","","","","","","","","","","","","","","","","","","","","","","","","","","","","","","","","","","","","","","","","","","","","","","","","","","","","","","","","","","","","","","","","","","","","","","",""
"28070001","CHARTRES",48.4605,1.501167,155,1983070200,"","","","",1.,1,280,1,"","","","","","","","","","","","","","","","","","","","","","","","","","","","",12.2,1,11.1,1,"","","","","","","","","","","","","","","","","","","","","","","","","","",95,1,"","","","","","","","","","","","",13.5,1,1023.4,1,"","","","","","","","",0,1,"","","","","","","","","","","","","","","","","","","","","","","","","","","","","","","","","","","","","","","","","","","","","","","","","","","","","","","","","","","","","","","","","","","","","","","","","","","","","","","","","","","","","","","","","","","","","","","","","","","","","","","",""
"28070001","CHARTRES",48.4605,1.501167,155,1983070203,"","","","",0.,1,0,1,"","","","","","","","","","","","","","","","","","","","","","","","","","","","",8.9,1,8.,1,"","","","","","","","","","","","","","","","","","","","","","","","","","",96,1,"","","","","","","","","","","","",10.9,1,1023.2,1,"","","","","","","","",0,1,"","","","","","","","","","","","","","","","","","","","","","","","","","","","","","","","","","","","","","","","","","","","","","","","","","","","","","","","","","","","","","","","","","","","","","","","","","","","","","","","","","","","","","","","","","","","","","","","","","","","","","","",""
"28070001","CHARTRES",48.4605,1.501167,155,1983070206,"","","","",1.,1,220,1,"","","","","","","","","","","","","","","","","","","","","","","","","","","","",12.3,1,11.4,1,"","","","","","","","","","","","","","","","","","","","","","","","","","",96,1,"","","","","","","","","","","","",13.8,1,1023.2,1,"","","","","","",2,1,0,1,0,1,3,1,0,1,"","","","","","","","","","","","","","","","","","","","","","","","",8000,1,"","",0,1,"","","","",1,1,"","","","","","","","","","","","","","","","","","","","","","","","","","","","","","","","","","","","","","","","","","","","","","","","","","","","","","","","","","","","","",""
"28070001","CHARTRES",48.4605,1.501167,155,1983070209,"","","","",1.,1,280,1,"","","","","","","","","","","","","","","","","","","","","","","","","","","","",19.8,1,11.3,1,"","","","","","","","","","","","","","","","","","","","","","","","","","",60,1,"","","","","","","","","","","","",13.7,1,1022.8,1,"","","","","","",3,1,0,1,1,1,3,1,1,1,"","","","","","","","","","","","","","","","","","","","","","","","",20000,1,"","",3,1,0,1,"","","","","","","","","","","","","","","","","","","","","","","","","","","","","","","","","","","","","","","","","","","","","","","","","","","","","","","","","","","","","","","","","",""
"28070001","CHARTRES",48.4605,1.501167,155,1983070212,"","","","",2.,1,160,1,"","","","","","","","","","","","","","","","","","","","","","","","","","","","",22.6,1,11.9,1,"","","","","","","","","","","","","","","","","","","","","","","","","","",52,1,"","","","","","","","","","","","",14.3,1,1022.,1,"","","","","","","","",0,1,"","","","","","","","","","","","","","","","","","","","","","","","","","","","","","","","","","","","","","","","","","","","","","","","","","","","","","","","","","","","","","","","","","","","","","","","","","","","","","","","","","","","","","","","","","","","","","","","","","","","","","","",""
"28070001","CHARTRES",48.4605,1.501167,155,1983070215,"","","","",2.,1,40,1,"","","","","","","","","","","","","","","","","","","","","","","","","","","","",23.2,1,10.6,1,"","","","","","","","","","","","","","","","","","","","","","","","","","",46,1,"","","","","","","","","","","","",13.1,1,1021.6,1,"","","","","","","","",0,1,"","","","","","","","","","","","","","","","","","","","","","","","","","","","","","","","","","","","","","","","","","","","","","","","","","","","","","","","","","","","","","","","","","","","","","","","","","","","","","","","","","","","","","","","","","","","","","","","","","","","","","","",""
"28070001","CHARTRES",48.4605,1.501167,155,1983070218,"","","","",3.,1,60,1,"","","","","","","","","","","","","","","","","","","","","","","","","","","","",22.,1,11.9,1,"","","","","","","","","","","","","","","","","","","","","","","","","","",54,1,"","","","","","","","","","","","",14.3,1,1021.5,1,"","","","","","","","",0,1,"","","","","","","","","","","","","","","","","","","","","","","","","","","","","","","","","","","","","","","","","","","","","","","","","","","","","","","","","","","","","","","","","","","","","","","","","","","","","","","","","","","","","","","","","","","","","","","","","","","","","","","",""
"28070001","CHARTRES",48.4605,1.501167,155,1983070221,"","","","",2.,1,40,1,"","","","","","","","","","","","","","","","","","","","","","","","","","","","",16.4,1,13.9,1,"","","","","","","","","","","","","","","","","","","","","","","","","","",88,1,"","","","","","","","","","","","",16.4,1,1022.7,1,"","","","","","","","",0,1,"","","","","","","","","","","","","","","","","","","","","","","","","","","","","","","","","","","","","","","","","","","","","","","","","","","","","","","","","","","","","","","","","","","","","","","","","","","","","","","","","","","","","","","","","","","","","","","","","","","","","","","",""
"28070001","CHARTRES",48.4605,1.501167,155,1983070300,"","","","",2.,1,40,1,"","","","","","","","","","","","","","","","","","","","","","","","","","","","",14.2,1,12.8,1,"","","","","","","","","","","","","","","","","","","","","","","","","","",94,1,"","","","","","","","","","","","",15.2,1,1022.9,1,"","","","","","","","",0,1,"","","","","","","","","","","","","","","","","","","","","","","","","","","","","","","","","","","","","","","","","","","","","","","","","","","","","","","","","","","","","","","","","","","","","","","","","","","","","","","","","","","","","","","","","","","","","","","","","","","","","","","",""
"28070001","CHARTRES",48.4605,1.501167,155,1983070303,"","","","",3.,1,20,1,"","","","","","","","","","","","","","","","","","","","","","","","","","","","",12.2,1,11.1,1,"","","","","","","","","","","","","","","","","","","","","","","","","","",95,1,"","","","","","","","","","","","",13.5,1,1022.5,1,"","","","","","","","",0,1,"","","","","","","","","","","","","","","","","","","","","","","","","","","","","","","","","","","","","","","","","","","","","","","","","","","","","","","","","","","","","","","","","","","","","","","","","","","","","","","","","","","","","","","","","","","","","","","","","","","","","","","",""
"28070001","CHARTRES",48.4605,1.501167,155,1983070306,"","","","",3.,1,40,1,"","","","","","","","","","","","","","","","","","","","","","","","","","","","",13.4,1,12.2,1,"","","","","","","","","","","","","","","","","","","","","","","","","","",95,1,"","","","","","","","","","","","",14.6,1,1022.6,1,"","","","","","",2,1,0,1,0,1,0,1,1,1,"","","","","","","","","","","","","","","","","","","","","","","","",8000,1,"","",0,1,"","","","",1,1,"","","","","","","","","","","","","","","","","","","","","","","","","","","","","","","","","","","","","","","","","","","","","","","","","","","","","","","","","","","","","",""
"28070001","CHARTRES",48.4605,1.501167,155,1983070309,"","","","",3.,1,60,1,"","","","","","","","","","","","","","","","","","","","","","","","","","","","",19.7,1,14.7,1,"","","","","","","","","","","","","","","","","","","","","","","","","","",75,1,"","","","","","","","","","","","",17.2,1,1022.3,1,"","","","","","",1,1,0,1,0,1,0,1,1,1,"","","","","","","","","","","","","","","","","","","","","","","","",12000,1,"","",2,1,0,1,"","","","","","","","","","","","","","","","","","","","","","","","","","","","","","","","","","","","","","","","","","","","","","","","","","","","","","","","","","","","","","","","","",""
"28070001","CHARTRES",48.4605,1.501167,155,1983070312,"","","","",5.,1,80,1,"","","","","","","","","","","","","","","","","","","","","","","","","","","","",23.3,1,13.6,1,"","","","","","","","","","","","","","","","","","","","","","","","","","",56,1,"","","","","","","","","","","","",16.,1,1020.6,1,"","","","","","","","",0,1,"","","","","","","","","","","","","","","","","","","","","","","","","","","","","","","","","","","","","","","","","","","","","","","","","","","","","","","","","","","","","","","","","","","","","","","","","","","","","","","","","","","","","","","","","","","","","","","","","","","","","","","",""
"28070001","CHARTRES",48.4605,1.501167,155,1983070315,"","","","",5.,1,60,1,"","","","","","","","","","","","","","","","","","","","","","","","","","","","",23.9,1,14.1,1,"","","","","","","","","","","","","","","","","","","","","","","","","","",56,1,"","","","","","","","","","","","",16.6,1,1020.2,1,"","","","","","","","",0,1,"","","","","","","","","","","","","","","","","","","","","","","","","","","","","","","","","","","","","","","","","","","","","","","","","","","","","","","","","","","","","","","","","","","","","","","","","","","","","","","","","","","","","","","","","","","","","","","","","","","","","","","",""
"28070001","CHARTRES",48.4605,1.501167,155,1983070318,"","","","",3.,1,60,1,"","","","","","","","","","","","","","","","","","","","","","","","","","","","",22.7,1,18.5,1,"","","","","","","","","","","","","","","","","","","","","","","","","","",80,1,"","","","","","","","","","","","",22.1,1,1019.4,1,"","","","","","","","",0,1,"","","","","","","","","","","","","","","","","","","","","","","","","","","","","","","","","","","","","","","","","","","","","","","","","","","","","","","","","","","","","","","","","","","","","","","","","","","","","","","","","","","","","","","","","","","","","","","","","","","","","","","",""
"28070001","CHARTRES",48.4605,1.501167,155,1983070321,"","","","",3.,1,60,1,"","","","","","","","","","","","","","","","","","","","","","","","","","","","",18.8,1,16.6,1,"","","","","","","","","","","","","","","","","","","","","","","","","","",90,1,"","","","","","","","","","","","",19.5,1,1020.,1,"","","","","","","","",0,1,"","","","","","","","","","","","","","","","","","","","","","","","","","","","","","","","","","","","","","","","","","","","","","","","","","","","","","","","","","","","","","","","","","","","","","","","","","","","","","","","","","","","","","","","","","","","","","","","","","","","","","","",""
"28070001","CHARTRES",48.4605,1.501167,155,1983070400,"","","","",4.,1,40,1,"","","","","","","","","","","","","","","","","","","","","","","","","","","","",16.6,1,15.4,1,"","","","","","","","","","","","","","","","","","","","","","","","","","",96,1,"","","","","","","","","","","","",18.1,1,1020.2,1,"","","","","","","","",0,1,"","","","","","","","","","","","","","","","","","","","","","","","","","","","","","","","","","","","","","","","","","","","","","","","","","","","","","","","","","","","","","","","","","","","","","","","","","","","","","","","","","","","","","","","","","","","","","","","","","","","","","","",""
"28070001","CHARTRES",48.4605,1.501167,155,1983070403,"","","","",3.,1,40,1,"","","","","","","","","","","","","","","","","","","","","","","","","","","","",14.6,1,13.9,1,"","","","","","","","","","","","","","","","","","","","","","","","","","",98,1,"","","","","","","","","","","","",16.3,1,1020.,1,"","","","","","","","",0,1,"","","","","","","","","","","","","","","","","","","","","","","","","","","","","","","","","","","","","","","","","","","","","","","","","","","","","","","","","","","","","","","","","","","","","","","","","","","","","","","","","","","","","","","","","","","","","","","","","","","","","","","",""
"28070001","CHARTRES",48.4605,1.501167,155,1983070406,"","","","",4.,1,40,1,"","","","","","","","","","","","","","","","","","","","","","","","","","","","",15.6,1,14.6,1,"","","","","","","","","","","","","","","","","","","","","","","","","","",97,1,"","","","","","","","","","","","",17.1,1,1019.9,1,"","","","","","",3,1,0,1,0,1,0,1,2,1,"","","","","","","","","","","","","","","","","","","","","","","","",4000,1,"","",10,1,"","","","",0,1,"","","","","","","","","","","","","","","","","","","","","","","","","","","","","","","","","","","","","","","","","","","","","","","","","","","","","","","","","","","","","",""
"28070001","CHARTRES",48.4605,1.501167,155,1983070409,"","","","",4.,1,60,1,"","","","","","","","","","","","","","","","","","","","","","","","","","","","",21.6,1,16.3,1,"","","","","","","","","","","","","","","","","","","","","","","","","","",75,1,"","","","","","","","","","","","",19.2,1,1019.5,1,"","","","","","",2,1,0,1,0,1,0,1,2,1,"","","","","","","","","","","","","","","","","","","","","","","","",10000,1,"","",3,1,0,1,"","","","","","","","","","","","","","","","","","","","","","","","","","","","","","","","","","","","","","","","","","","","","","","","","","","","","","","","","","","","","","","","","",""
"28070001","CHARTRES",48.4605,1.501167,155,1983070412,"","","","",7.,1,80,1,"","","","","","","","","","","","","","","","","","","","","","","","","","","","",25.,1,15.8,1,"","","","","","","","","","","","","","","","","","","","","","","","","","",58,1,"","","","","","","","","","","","",18.5,1,1018.8,1,"","","","","","",7,1,7,1,0,1,0,1,2,1,"","","","","","","","","","","","","","","","","","","","","","","","",8000,1,"","",2,1,1,1,"","","","","","","","","","","","","","","","","","","","","","","","","","","","","","","","","","","","","","","","","","","","","","","","","","","","","","","","","","","","","","","","","",""
"28070001","CHARTRES",48.4605,1.501167,155,1983070415,"","","","",6.,1,120,1,"","","","","","","","","","","","","","","","","","","","","","","","","","","","",26.1,1,16.1,1,"","","","","","","","","","","","","","","","","","","","","","","","","","",56,1,"","","","","","","","","","","","",18.9,1,1017.8,1,"","","","","","",4,1,0,1,2,1,0,1,1,1,"","","","","","","","","","","","","","","","","","","","","","","","",15000,1,"","",1,1,1,1,"","","","","","","","","","","","","","","","","","","","","","","","","","","","","","","","","","","","","","","","","","","","","","","","","","","","","","","","","","","","","","","","","",""
"28070001","CHARTRES",48.4605,1.501167,155,1983070418,"","","","",7.,1,40,1,"","","","","","","","","","","","","","","","","","","","","","","","","","","","",24.8,1,21.6,1,"","","","","","","","","","","","","","","","","","","","","","","","","","",86,1,"","","","","","","","","","","","",26.9,1,1016.9,1,"","","","","","","","",0,1,"","","","","","","","","","","","","","","","","","","","","","","","","","","","","","","","","","","","","","","","","","","","","","","","","","","","","","","","","","","","","","","","","","","","","","","","","","","","","","","","","","","","","","","","","","","","","","","","","","","","","","","",""
"28070001","CHARTRES",48.4605,1.501167,155,1983070421,"","","","",1.,1,320,1,"","","","","","","","","","","","","","","","","","","","","","","","","","","","",20.5,1,18.1,1,"","","","","","","","","","","","","","","","","","","","","","","","","","",89,1,"","","","","","","","","","","","",21.5,1,1018.1,1,"","","","","","","","",0,1,"","","","","","","","","","","","","","","","","","","","","","","","","","","","","","","","","","","","","","","","","","","","","","","","","","","","","","","","","","","","","","","","","","","","","","","","","","","","","","","","","","","","","","","","","","","","","","","","","","","","","","","",""
"28070001","CHARTRES",48.4605,1.501167,155,1983070500,"","","","",3.,1,40,1,"","","","","","","","","","","","","","","","","","","","","","","","","","","","",17.2,1,17.2,1,"","","","","","","","","","","","","","","","","","","","","","","","","","",99,1,"","","","","","","","","","","","",19.4,1,1017.6,1,"","","","","","","","",0,1,"","","","","","","","","","","","","","","","","","","","","","","","","","","","","","","","","","","","","","","","","","","","","","","","","","","","","","","","","","","","","","","","","","","","","","","","","","","","","","","","","","","","","","","","","","","","","","","","","","","","","","","",""
"28070001","CHARTRES",48.4605,1.501167,155,1983070503,"","","","",2.,1,320,1,"","","","","","","","","","","","","","","","","","","","","","","","","","","","",16.6,1,15.4,1,"","","","","","","","","","","","","","","","","","","","","","","","","","",96,1,"","","","","","","","","","","","",18.1,1,1017.5,1,"","","","","","","","",0,1,"","","","","","","","","","","","","","","","","","","","","","","","","","","","","","","","","","","","","","","","","","","","","","","","","","","","","","","","","","","","","","","","","","","","","","","","","","","","","","","","","","","","","","","","","","","","","","","","","","","","","","","",""
"28070001","CHARTRES",48.4605,1.501167,155,1983070506,"","","","",3.,1,40,1,"","","","","","","","","","","","","","","","","","","","","","","","","","","","",16.5,1,15.2,1,"","","","","","","","","","","","","","","","","","","","","","","","","","",95,1,"","","","","","","","","","","","",17.8,1,1017.5,1,"","","","","","",2,1,0,1,0,1,8,1,1,1,"","","","","","","","","","","","","","","","","","","","","","","","",4000,1,"","",10,1,"","","","",1,1,"","","","","","","","","","","","","","","","","","","","","","","","","","","","","","","","","","","","","","","","","","","","","","","","","","","","","","","","","","","","","",""
"28070001","CHARTRES",48.4605,1.501167,155,1983070509,"","","","",2.,1,140,1,"","","","","","","","","","","","","","","","","","","","","","","","","","","","",21.9,1,17.2,1,"","","","","","","","","","","","","","","","","","","","","","","","","","",77,1,"","","","","","","","","","","","",20.3,1,1017.,1,"","","","","","",4,1,0,1,0,1,0,1,2,1,"","","","","","","","","","","","","","","","","","","","","","","","",7000,1,"","",1,1,0,1,"","","","","","","","","","","","","","","","","","","","","","","","","","","","","","","","","","","","","","","","","","","","","","","","","","","","","","","","","","","","","","","","","",""
"28070001","CHARTRES",48.4605,1.501167,155,1983070512,"","","","",3.,1,140,1,"","","","","","","","","","","","","","","","","","","","","","","","","","","","",26.5,1,18.9,1,"","","","","","","","","","","","","","","","","","","","","","","","","","",65,1,"","","","","","","","","","","","",22.6,1,1016.5,1,"","","","","","",3,1,0,1,2,1,0,1,2,1,"","","","","","","","","","","","","","","","","","","","","","","","",15000,1,"","",3,1,0,1,"","","","","","","","","","","","","","","","","","","","","","","","","","","","","","","","","","","","","","","","","","","","","","","","","","","","","","","","","","","","","","","","","",""
"28070001","CHARTRES",48.4605,1.501167,155,1983070515,"","","","",5.,1,180,1,"","","","","","","","","","","","","","","","","","","","","","","","","","","","",27.,1,17.,1,"","","","","","","","","","","","","","","","","","","","","","","","","","",56,1,"","","","","","","","","","","","",20.,1,1015.1,1,"","","","","","",4,1,0,1,9,1,0,1,1,1,"","","","","","","","","","","","","","","","","","","","","","","","",20000,1,"","",3,1,0,1,"","","","","","","","","","","","","","","","","","","","","","","","","","","","","","","","","","","","","","","","","","","","","","","","","","","","","","","","","","","","","","","","","",""
"28070001","CHARTRES",48.4605,1.501167,155,1983070518,"","","","",3.,1,120,1,"","","","","","","","","","","","","","","","","","","","","","","","","","","","",19.9,1,15.3,1,"","","","","","","","","","","","","","","","","","","","","","","","","","",77,1,"","","","","","","","","","","","",17.9,1,1015.8,1,"","","","","","","","",0,1,"","","","","","","","","","","","","","","","","","","","","","","","","","","","","","","","","","","","","","","","","","","","","","","","","","","","","","","","","","","","","","","","","","","","","","","","","","","","","","","","","","","","","","","","","","","","","","","","","","","","","","","",""
"28070001","CHARTRES",48.4605,1.501167,155,1983070521,"","","","",1.,1,80,1,"","","","","","","","","","","","","","","","","","","","","","","","","","","","",17.9,1,16.6,1,"","","","","","","","","","","","","","","","","","","","","","","","","","",95,1,"","","","","","","","","","","","",19.5,1,1016.6,1,"","","","","","","","",0,1,"","","","","","","","","","","","","","","","","","","","","","","","","","","","","","","","","","","","","","","","","","","","","","","","","","","","","","","","","","","","","","","","","","","","","","","","","","","","","","","","","","","","","","","","","","","","","","","","","","","","","","","",""
"28070001","CHARTRES",48.4605,1.501167,155,1983070600,"","","","",2.,1,80,1,"","","","","","","","","","","","","","","","","","","","","","","","","","","","",15.6,1,14.8,1,"","","","","","","","","","","","","","","","","","","","","","","","","","",98,1,"","","","","","","","","","","","",17.4,1,1016.1,1,"","","","","","","","",0,1,"","","","","","","","","","","","","","","","","","","","","","","","","","","","","","","","","","","","","","","","","","","","","","","","","","","","","","","","","","","","","","","","","","","","","","","","","","","","","","","","","","","","","","","","","","","","","","","","","","","","","","","",""
"28070001","CHARTRES",48.4605,1.501167,155,1983070603,"","","","",0.,1,0,1,"","","","","","","","","","","","","","","","","","","","","","","","","","","","",14.5,1,13.8,1,"","","","","","","","","","","","","","","","","","","","","","","","","","",98,1,"","","","","","","","","","","","",16.2,1,1016.,1,"","","","","","","","",0,1,"","","","","","","","","","","","","","","","","","","","","","","","","","","","","","","","","","","","","","","","","","","","","","","","","","","","","","","","","","","","","","","","","","","","","","","","","","","","","","","","","","","","","","","","","","","","","","","","","","","","","","","",""
"28070001","CHARTRES",48.4605,1.501167,155,1983070606,"","","","",2.,1,300,1,"","","","","","","","","","","","","","","","","","","","","","","","","","","","",16.1,1,15.3,1,"","","","","","","","","","","","","","","","","","","","","","","","","","",98,1,"","","","","","","","","","","","",17.9,1,1015.8,1,"","","","","","",1,1,0,1,0,1,8,1,0,1,"","","","","","","","","","","","","","","","","","","","","","","","",4000,1,"","",10,1,"","","","",1,1,"","","","","","","","","","","","","","","","","","","","","","","","","","","","","","","","","","","","","","","","","","","","","","","","","","","","","","","","","","","","","",""
"28070001","CHARTRES",48.4605,1.501167,155,1983070609,"","","","",2.,1,220,1,"","","","","","","","","","","","","","","","","","","","","","","","","","","","",21.9,1,16.5,1,"","","","","","","","","","","","","","","","","","","","","","","","","","",74,1,"","","","","","","","","","","","",19.4,1,1015.3,1,"","","","","","",3,1,0,1,1,1,8,1,1,1,"","","","","","","","","","","","","","","","","","","","","","","","",10000,1,"","",3,1,0,1,"","","","","","","","","","","","","","","","","","","","","","","","","","","","","","","","","","","","","","","","","","","","","","","","","","","","","","","","","","","","","","","","","",""
"28070001","CHARTRES",48.4605,1.501167,155,1983070612,"","","","",5.,1,200,1,"","","","","","","","","","","","","","","","","","","","","","","","","","","","",25.2,1,16.2,1,"","","","","","","","","","","","","","","","","","","","","","","","","","",59,1,"","","","","","","","","","","","",19.,1,1014.9,1,"","","","","","",5,1,5,1,2,1,8,1,0,1,"","","","","","","","","","","","","","","","","","","","","","","","",20000,1,"","",3,1,1,1,"","","","","","","","","","","","","","","","","","","","","","","","","","","","","","","","","","","","","","","","","","","","","","","","","","","","","","","","","","","","","","","","","",""
"28070001","CHARTRES",48.4605,1.501167,155,1983070615,"","","","",2.,1,280,1,"","","","","","","","","","","","","","","","","","","","","","","","","","","","",20.5,1,16.,1,"","","","","","","","","","","","","","","","","","","","","","","","","","",78,1,"","","","","","","","","","","","",18.8,1,1014.9,1,"","","","","","",6,1,0,1,9,1,0,1,3,1,"","","","","","","","","","","","","","","","","","","","","","","","",15000,1,"","",29,1,9,1,"","","","","","","","","","","","","","","","","","","","","","","","","","","","","","","","","","","","","","","","","","","","","","","","","","","","","","","","","","","","","","","","","",""
"28070001","CHARTRES",48.4605,1.501167,155,1983070618,"","","","",2.,1,260,1,"","","","","","","","","","","","","","","","","","","","","","","","","","","","",22.9,1,14.8,1,"","","","","","","","","","","","","","","","","","","","","","","","","","",62,1,"","","","","","","","","","","","",17.3,1,1013.9,1,"","","","","","","","",0,1,"","","","","","","","","","","","","","","","","","","","","","","","","","","","","","","","","","","","","","","","","","","","","","","","","","","","","","","","","","","","","","","","","","","","","","","","","","","","","","","","","","","","","","","","","","","","","","","","","","","","","","","",""
"28070001","CHARTRES",48.4605,1.501167,155,1983070621,"","","","",2.,1,220,1,"","","","","","","","","","","","","","","","","","","","","","","","","","","","",19.6,1,17.3,1,"","","","","","","","","","","","","","","","","","","","","","","","","","",90,1,"","","","","","","","","","","","",20.5,1,1015.,1,"","","","","","","","",0,1,"","","","","","","","","","","","","","","","","","","","","","","","","","","","","","","","","","","","","","","","","","","","","","","","","","","","","","","","","","","","","","","","","","","","","","","","","","","","","","","","","","","","","","","","","","","","","","","","","","","","","","","",""
"28070001","CHARTRES",48.4605,1.501167,155,1983070700,"","","","",2.,1,200,1,"","","","","","","","","","","","","","","","","","","","","","","","","","","","",17.8,1,16.6,1,"","","","","","","","","","","","","","","","","","","","","","","","","","",96,1,"","","","","","","","","","","","",19.6,1,1015.1,1,"","","","","","","","",0,1,"","","","","","","","","","","","","","","","","","","","","","","","","","","","","","","","","","","","","","","","","","","","","","","","","","","","","","","","","","","","","","","","","","","","","","","","","","","","","","","","","","","","","","","","","","","","","","","","","","","","","","","",""
"28070001","CHARTRES",48.4605,1.501167,155,1983070703,"","","","",2.,1,220,1,"","","","","","","","","","","","","","","","","","","","","","","","","","","","",16.,1,15.,1,"","","","","","","","","","","","","","","","","","","","","","","","","","",97,1,"","","","","","","","","","","","",17.6,1,1015.4,1,"","","","","","","","",0,1,"","","","","","","","","","","","","","","","","","","","","","","","","","","","","","","","","","","","","","","","","","","","","","","","","","","","","","","","","","","","","","","","","","","","","","","","","","","","","","","","","","","","","","","","","","","","","","","","","","","","","","","",""
"28070001","CHARTRES",48.4605,1.501167,155,1983070706,"","","","",1.,1,200,1,"","","","","","","","","","","","","","","","","","","","","","","","","","","","",16.,1,15.,1,"","","","","","","","","","","","","","","","","","","","","","","","","","",97,1,"","","","","","","","","","","","",17.6,1,1015.6,1,"","","","","","",0,1,"","",0,1,0,1,0,1,"","","","","","","","","","","","","","","","","","","","","","","","",4000,1,"","",10,1,"","","","",1,1,"","","","","","","","","","","","","","","","","","","","","","","","","","","","","","","","","","","","","","","","","","","","","","","","","","","","","","","","","","","","","",""
"28070001","CHARTRES",48.4605,1.501167,155,1983070709,"","","","",4.,1,260,1,"","","","","","","","","","","","","","","","","","","","","","","","","","","","",21.2,1,16.1,1,"","","","","","","","","","","","","","","","","","","","","","","","","","",75,1,"","","","","","","","","","","","",18.9,1,1015.5,1,"","","","","","",5,1,5,1,2,1,0,1,0,1,"","","","","","","","","","","","","","","","","","","","","","","","",8000,1,"","",3,1,1,1,"","","","","","","","","","","","","","","","","","","","","","","","","","","","","","","","","","","","","","","","","","","","","","","","","","","","","","","","","","","","","","","","","",""
"28070001","CHARTRES",48.4605,1.501167,155,1983070712,"","","","",4.,1,300,1,"","","","","","","","","","","","","","","","","","","","","","","","","","","","",23.,1,16.5,1,"","","","","","","","","","","","","","","","","","","","","","","","","","",69,1,"","","","","","","","","","","","",19.4,1,1015.6,1,"","","","","","",6,1,6,1,2,1,0,1,0,1,"","","","","","","","","","","","","","","","","","","","","","","","",9000,1,"","",3,1,1,1,"","","","","","","","","","","","","","","","","","","","","","","","","","","","","","","","","","","","","","","","","","","","","","","","","","","","","","","","","","","","","","","","","",""
"28070001","CHARTRES",48.4605,1.501167,155,1983070715,"","","","",3.,1,320,1,"","","","","","","","","","","","","","","","","","","","","","","","","","","","",24.,1,16.4,1,"","","","","","","","","","","","","","","","","","","","","","","","","","",65,1,"","","","","","","","","","","","",19.3,1,1015.6,1,"","","","","","",5,1,0,1,3,1,0,1,0,1,"","","","","","","","","","","","","","","","","","","","","","","","",12000,1,"","",3,1,2,1,"","","","","","","","","","","","","","","","","","","","","","","","","","","","","","","","","","","","","","","","","","","","","","","","","","","","","","","","","","","","","","","","","",""
"28070001","CHARTRES",48.4605,1.501167,155,1983070718,"","","","",3.,1,320,1,"","","","","","","","","","","","","","","","","","","","","","","","","","","","",23.8,1,15.1,1,"","","","","","","","","","","","","","","","","","","","","","","","","","",60,1,"","","","","","","","","","","","",17.7,1,1015.4,1,"","","","","","","","",0,1,"","","","","","","","","","","","","","","","","","","","","","","","","","","","","","","","","","","","","","","","","","","","","","","","","","","","","","","","","","","","","","","","","","","","","","","","","","","","","","","","","","","","","","","","","","","","","","","","","","","","","","","",""
"28070001","CHARTRES",48.4605,1.501167,155,1983070721,"","","","",1.,1,320,1,"","","","","","","","","","","","","","","","","","","","","","","","","","","","",19.8,1,17.6,1,"","","","","","","","","","","","","","","","","","","","","","","","","","",90,1,"","","","","","","","","","","","",20.8,1,1016.1,1,"","","","","","","","",0,1,"","","","","","","","","","","","","","","","","","","","","","","","","","","","","","","","","","","","","","","","","","","","","","","","","","","","","","","","","","","","","","","","","","","","","","","","","","","","","","","","","","","","","","","","","","","","","","","","","","","","","","","",""
"28070001","CHARTRES",48.4605,1.501167,155,1983070800,"","","","",1.,1,320,1,"","","","","","","","","","","","","","","","","","","","","","","","","","","","",16.5,1,15.5,1,"","","","","","","","","","","","","","","","","","","","","","","","","","",97,1,"","","","","","","","","","","","",18.2,1,1016.8,1,"","","","","","","","",0,1,"","","","","","","","","","","","","","","","","","","","","","","","","","","","","","","","","","","","","","","","","","","","","","","","","","","","","","","","","","","","","","","","","","","","","","","","","","","","","","","","","","","","","","","","","","","","","","","","","","","","","","","",""
"28070001","CHARTRES",48.4605,1.501167,155,1983070803,"","","","",1.,1,360,1,"","","","","","","","","","","","","","","","","","","","","","","","","","","","",15.1,1,14.1,1,"","","","","","","","","","","","","","","","","","","","","","","","","","",97,1,"","","","","","","","","","","","",16.6,1,1016.3,1,"","","","","","","","",0,1,"","","","","","","","","","","","","","","","","","","","","","","","","","","","","","","","","","","","","","","","","","","","","","","","","","","","","","","","","","","","","","","","","","","","","","","","","","","","","","","","","","","","","","","","","","","","","","","","","","","","","","","",""
"28070001","CHARTRES",48.4605,1.501167,155,1983070806,"","","","",1.,1,20,1,"","","","","","","","","","","","","","","","","","","","","","","","","","","","",15.7,1,14.7,1,"","","","","","","","","","","","","","","","","","","","","","","","","","",97,1,"","","","","","","","","","","","",17.2,1,1016.4,1,"","","","","","",9,1,"","","","","","","","","","","","","","","","","","","","","","","","","","","","","","","","",300,1,"","",43,1,"","","","",1,1,"","","","","","","","","","","","","","","","","","","","","","","","","","","","","","","","","","","","","","","","","","","","","","","","","","","","","","","","","","","","","",""
"28070001","CHARTRES",48.4605,1.501167,155,1983070809,"","","","",2.,1,100,1,"","","","","","","","","","","","","","","","","","","","","","","","","","","","",23.,1,18.4,1,"","","","","","","","","","","","","","","","","","","","","","","","","","",78,1,"","","","","","","","","","","","",21.9,1,1016.,1,"","","","","","",2,1,0,1,2,1,0,1,0,1,"","","","","","","","","","","","","","","","","","","","","","","","",6000,1,"","",1,1,4,1,"","","","","","","","","","","","","","","","","","","","","","","","","","","","","","","","","","","","","","","","","","","","","","","","","","","","","","","","","","","","","","","","","",""
"28070001","CHARTRES",48.4605,1.501167,155,1983070812,"","","","",2.,1,120,1,"","","","","","","","","","","","","","","","","","","","","","","","","","","","",26.3,1,17.,1,"","","","","","","","","","","","","","","","","","","","","","","","","","",59,1,"","","","","","","","","","","","",20.1,1,1015.6,1,"","","","","","",3,1,0,1,2,1,0,1,0,1,"","","","","","","","","","","","","","","","","","","","","","","","",9000,1,"","",1,1,4,1,"","","","","","","","","","","","","","","","","","","","","","","","","","","","","","","","","","","","","","","","","","","","","","","","","","","","","","","","","","","","","","","","","",""
"28070001","CHARTRES",48.4605,1.501167,155,1983070815,"","","","",3.,1,140,1,"","","","","","","","","","","","","","","","","","","","","","","","","","","","",28.2,1,17.,1,"","","","","","","","","","","","","","","","","","","","","","","","","","",52,1,"","","","","","","","","","","","",20.,1,1015.4,1,"","","","","","",3,1,0,1,2,1,0,1,0,1,"","","","","","","","","","","","","","","","","","","","","","","","",15000,1,"","",2,1,0,1,"","","","","","","","","","","","","","","","","","","","","","","","","","","","","","","","","","","","","","","","","","","","","","","","","","","","","","","","","","","","","","","","","",""
"28070001","CHARTRES",48.4605,1.501167,155,1983070818,"","","","",4.,1,80,1,"","","","","","","","","","","","","","","","","","","","","","","","","","","","",26.5,1,15.6,1,"","","","","","","","","","","","","","","","","","","","","","","","","","",53,1,"","","","","","","","","","","","",18.3,1,1015.6,1,"","","","","","","","",0,1,"","","","","","","","","","","","","","","","","","","","","","","","","","","","","","","","","","","","","","","","","","","","","","","","","","","","","","","","","","","","","","","","","","","","","","","","","","","","","","","","","","","","","","","","","","","","","","","","","","","","","","","",""
"28070001","CHARTRES",48.4605,1.501167,155,1983070821,"","","","",2.,1,60,1,"","","","","","","","","","","","","","","","","","","","","","","","","","","","",21.1,1,18.3,1,"","","","","","","","","","","","","","","","","","","","","","","","","","",87,1,"","","","","","","","","","","","",21.8,1,1017.2,1,"","","","","","","","",0,1,"","","","","","","","","","","","","","","","","","","","","","","","","","","","","","","","","","","","","","","","","","","","","","","","","","","","","","","","","","","","","","","","","","","","","","","","","","","","","","","","","","","","","","","","","","","","","","","","","","","","","","","",""
"28070001","CHARTRES",48.4605,1.501167,155,1983070900,"","","","",2.,1,40,1,"","","","","","","","","","","","","","","","","","","","","","","","","","","","",18.8,1,17.7,1,"","","","","","","","","","","","","","","","","","","","","","","","","","",97,1,"","","","","","","","","","","","",21.,1,1017.6,1,"","","","","","","","",0,1,"","","","","","","","","","","","","","","","","","","","","","","","","","","","","","","","","","","","","","","","","","","","","","","","","","","","","","","","","","","","","","","","","","","","","","","","","","","","","","","","","","","","","","","","","","","","","","","","","","","","","","","",""
"28070001","CHARTRES",48.4605,1.501167,155,1983070903,"","","","",2.,1,20,1,"","","","","","","","","","","","","","","","","","","","","","","","","","","","",17.1,1,16.3,1,"","","","","","","","","","","","","","","","","","","","","","","","","","",98,1,"","","","","","","","","","","","",19.1,1,1017.6,1,"","","","","","","","",0,1,"","","","","","","","","","","","","","","","","","","","","","","","","","","","","","","","","","","","","","","","","","","","","","","","","","","","","","","","","","","","","","","","","","","","","","","","","","","","","","","","","","","","","","","","","","","","","","","","","","","","","","","",""
"28070001","CHARTRES",48.4605,1.501167,155,1983070906,"","","","",2.,1,20,1,"","","","","","","","","","","","","","","","","","","","","","","","","","","","",18.2,1,17.3,1,"","","","","","","","","","","","","","","","","","","","","","","","","","",98,1,"","","","","","","","","","","","",20.5,1,1018.1,1,"","","","","","",1,1,0,1,0,1,0,1,1,1,"","","","","","","","","","","","","","","","","","","","","","","","",3000,1,"","",10,1,"","","","",1,1,"","","","","","","","","","","","","","","","","","","","","","","","","","","","","","","","","","","","","","","","","","","","","","","","","","","","","","","","","","","","","",""
"28070001","CHARTRES",48.4605,1.501167,155,1983070909,"","","","",3.,1,80,1,"","","","","","","","","","","","","","","","","","","","","","","","","","","","",25.1,1,19.7,1,"","","","","","","","","","","","","","","","","","","","","","","","","","",75,1,"","","","","","","","","","","","",23.9,1,1017.9,1,"","","","","","",0,1,"","",0,1,0,1,0,1,"","","","","","","","","","","","","","","","","","","","","","","","",4500,1,"","",10,1,0,1,"","","","","","","","","","","","","","","","","","","","","","","","","","","","","","","","","","","","","","","","","","","","","","","","","","","","","","","","","","","","","","","","","",""
"28070001","CHARTRES",48.4605,1.501167,155,1983070912,"","","","",5.,1,100,1,"","","","","","","","","","","","","","","","","","","","","","","","","","","","",27.8,1,20.,1,"","","","","","","","","","","","","","","","","","","","","","","","","","",65,1,"","","","","","","","","","","","",24.3,1,1017.7,1,"","","","","","","","","","","","","","","","","","","","","","","","","","","","","","","","","","","","","","","","","","","","","","","","","","","","","","","","","","","","","","","","","","","","","","","","","","","","","","","","","","","","","","","","","","","","","","","","","","","","","","","","","","","","","","","","","",""
"28070001","CHARTRES",48.4605,1.501167,155,1983070915,"","","","",4.,1,100,1,"","","","","","","","","","","","","","","","","","","","","","","","","","","","",29.3,1,18.7,1,"","","","","","","","","","","","","","","","","","","","","","","","","","",55,1,"","","","","","","","","","","","",22.4,1,1017.3,1,"","","","","","","","","","","","","","","","","","","","","","","","","","","","","","","","","","","","","","","","","","","","","","","","","","","","","","","","","","","","","","","","","","","","","","","","","","","","","","","","","","","","","","","","","","","","","","","","","","","","","","","","","","","","","","","","","",""
"28070001","CHARTRES",48.4605,1.501167,155,1983070918,"","","","",3.,1,80,1,"","","","","","","","","","","","","","","","","","","","","","","","","","","","",28.5,1,17.4,1,"","","","","","","","","","","","","","","","","","","","","","","","","","",53,1,"","","","","","","","","","","","",20.6,1,1016.7,1,"","","","","","","","","","","","","","","","","","","","","","","","","","","","","","","","","","","","","","","","","","","","","","","","","","","","","","","","","","","","","","","","","","","","","","","","","","","","","","","","","","","","","","","","","","","","","","","","","","","","","","","","","","","","","","","","","",""
"28070001","CHARTRES",48.4605,1.501167,155,1983070921,"","","","",3.,1,60,1,"","","","","","","","","","","","","","","","","","","","","","","","","","","","",22.1,1,19.1,1,"","","","","","","","","","","","","","","","","","","","","","","","","","",86,1,"","","","","","","","","","","","",22.9,1,1017.9,1,"","","","","","","","","","","","","","","","","","","","","","","","","","","","","","","","","","","","","","","","","","","","","","","","","","","","","","","","","","","","","","","","","","","","","","","","","","","","","","","","","","","","","","","","","","","","","","","","","","","","","","","","","","","","","","","","","",""
"28070001","CHARTRES",48.4605,1.501167,155,1983071000,"","","","",3.,1,60,1,"","","","","","","","","","","","","","","","","","","","","","","","","","","","",19.9,1,18.8,1,"","","","","","","","","","","","","","","","","","","","","","","","","","",97,1,"","","","","","","","","","","","",22.5,1,1017.8,1,"","","","","","","","","","","","","","","","","","","","","","","","","","","","","","","","","","","","","","","","","","","","","","","","","","","","","","","","","","","","","","","","","","","","","","","","","","","","","","","","","","","","","","","","","","","","","","","","","","","","","","","","","","","","","","","","","",""
"28070001","CHARTRES",48.4605,1.501167,155,1983071003,"","","","",2.,1,20,1,"","","","","","","","","","","","","","","","","","","","","","","","","","","","",18.9,1,18.,1,"","","","","","","","","","","","","","","","","","","","","","","","","","",98,1,"","","","","","","","","","","","",21.4,1,1017.6,1,"","","","","","","","","","","","","","","","","","","","","","","","","","","","","","","","","","","","","","","","","","","","","","","","","","","","","","","","","","","","","","","","","","","","","","","","","","","","","","","","","","","","","","","","","","","","","","","","","","","","","","","","","","","","","","","","","",""
"28070001","CHARTRES",48.4605,1.501167,155,1983071006,"","","","",2.,1,40,1,"","","","","","","","","","","","","","","","","","","","","","","","","","","","",19.2,1,18.3,1,"","","","","","","","","","","","","","","","","","","","","","","","","","",98,1,"","","","","","","","","","","","",21.8,1,1017.8,1,"","","","","","",0,1,"","",0,1,0,1,0,1,"","","","","","","","","","","","","","","","","","","","","","","","",1000,1,"","",10,1,"","","","",1,1,"","","","","","","","","","","","","","","","","","","","","","","","","","","","","","","","","","","","","","","","","","","","","","","","","","","","","","","","","","","","","",""
"28070001","CHARTRES",48.4605,1.501167,155,1983071009,"","","","",3.,1,60,1,"","","","","","","","","","","","","","","","","","","","","","","","","","","","",25.7,1,20.7,1,"","","","","","","","","","","","","","","","","","","","","","","","","","",77,1,"","","","","","","","","","","","",25.4,1,1017.2,1,"","","","","","",0,1,"","",0,1,0,1,0,1,"","","","","","","","","","","","","","","","","","","","","","","","",4000,1,"","",10,1,0,1,"","","","","","","","","","","","","","","","","","","","","","","","","","","","","","","","","","","","","","","","","","","","","","","","","","","","","","","","","","","","","","","","","",""
"28070001","CHARTRES",48.4605,1.501167,155,1983071012,"","","","",4.,1,120,1,"","","","","","","","","","","","","","","","","","","","","","","","","","","","",29.9,1,22.4,1,"","","","","","","","","","","","","","","","","","","","","","","","","","",67,1,"","","","","","","","","","","","",28.3,1,1016.8,1,"","","","","","","","","","","","","","","","","","","","","","","","","","","","","","","","","","","","","","","","","","","","","","","","","","","","","","","","","","","","","","","","","","","","","","","","","","","","","","","","","","","","","","","","","","","","","","","","","","","","","","","","","","","","","","","","","",""
"28070001","CHARTRES",48.4605,1.501167,155,1983071015,"","","","",4.,1,80,1,"","","","","","","","","","","","","","","","","","","","","","","","","","","","",30.7,1,20.8,1,"","","","","","","","","","","","","","","","","","","","","","","","","","",58,1,"","","","","","","","","","","","",25.6,1,1016.7,1,"","","","","","","","","","","","","","","","","","","","","","","","","","","","","","","","","","","","","","","","","","","","","","","","","","","","","","","","","","","","","","","","","","","","","","","","","","","","","","","","","","","","","","","","","","","","","","","","","","","","","","","","","","","","","","","","","",""
"28070001","CHARTRES",48.4605,1.501167,155,1983071018,"","","","",3.,1,80,1,"","","","","","","","","","","","","","","","","","","","","","","","","","","","",29.4,1,19.4,1,"","","","","","","","","","","","","","","","","","","","","","","","","","",57,1,"","","","","","","","","","","","",23.4,1,1017.1,1,"","","","","","","","","","","","","","","","","","","","","","","","","","","","","","","","","","","","","","","","","","","","","","","","","","","","","","","","","","","","","","","","","","","","","","","","","","","","","","","","","","","","","","","","","","","","","","","","","","","","","","","","","","","","","","","","","",""
"28070001","CHARTRES",48.4605,1.501167,155,1983071021,"","","","",2.,1,40,1,"","","","","","","","","","","","","","","","","","","","","","","","","","","","",23.7,1,18.9,1,"","","","","","","","","","","","","","","","","","","","","","","","","","",77,1,"","","","","","","","","","","","",22.6,1,1018.4,1,"","","","","","","","","","","","","","","","","","","","","","","","","","","","","","","","","","","","","","","","","","","","","","","","","","","","","","","","","","","","","","","","","","","","","","","","","","","","","","","","","","","","","","","","","","","","","","","","","","","","","","","","","","","","","","","","","",""
"28070001","CHARTRES",48.4605,1.501167,155,1983071100,"","","","",2.,1,360,1,"","","","","","","","","","","","","","","","","","","","","","","","","","","","",20.9,1,19.3,1,"","","","","","","","","","","","","","","","","","","","","","","","","","",94,1,"","","","","","","","","","","","",23.2,1,1018.6,1,"","","","","","","","","","","","","","","","","","","","","","","","","","","","","","","","","","","","","","","","","","","","","","","","","","","","","","","","","","","","","","","","","","","","","","","","","","","","","","","","","","","","","","","","","","","","","","","","","","","","","","","","","","","","","","","","","",""
"28070001","CHARTRES",48.4605,1.501167,155,1983071103,"","","","",2.,1,40,1,"","","","","","","","","","","","","","","","","","","","","","","","","","","","",19.7,1,18.3,1,"","","","","","","","","","","","","","","","","","","","","","","","","","",95,1,"","","","","","","","","","","","",21.8,1,1018.7,1,"","","","","","","","","","","","","","","","","","","","","","","","","","","","","","","","","","","","","","","","","","","","","","","","","","","","","","","","","","","","","","","","","","","","","","","","","","","","","","","","","","","","","","","","","","","","","","","","","","","","","","","","","","","","","","","","","",""
"28070001","CHARTRES",48.4605,1.501167,155,1983071106,"","","","",2.,1,40,1,"","","","","","","","","","","","","","","","","","","","","","","","","","","","",20.6,1,19.1,1,"","","","","","","","","","","","","","","","","","","","","","","","","","",94,1,"","","","","","","","","","","","",22.9,1,1018.9,1,"","","","","","",0,1,"","",0,1,0,1,0,1,"","","","","","","","","","","","","","","","","","","","","","","","",3000,1,"","",10,1,"","","","",1,1,"","","","","","","","","","","","","","","","","","","","","","","","","","","","","","","","","","","","","","","","","","","","","","","","","","","","","","","","","","","","","",""
"28070001","CHARTRES",48.4605,1.501167,155,1983071109,"","","","",3.,1,100,1,"","","","","","","","","","","","","","","","","","","","","","","","","","","","",28.3,1,19.7,1,"","","","","","","","","","","","","","","","","","","","","","","","","","",62,1,"","","","","","","","","","","","",23.8,1,1018.9,1,"","","","","","",0,1,"","",0,1,0,1,0,1,"","","","","","","","","","","","","","","","","","","","","","","","",10000,1,"","",2,1,0,1,"","","","","","","","","","","","","","","","","","","","","","","","","","","","","","","","","","","","","","","","","","","","","","","","","","","","","","","","","","","","","","","","","",""
"28070001","CHARTRES",48.4605,1.501167,155,1983071112,"","","","",5.,1,140,1,"","","","","","","","","","","","","","","","","","","","","","","","","","","","",32.3,1,13.8,1,"","","","","","","","","","","","","","","","","","","","","","","","","","",34,1,"","","","","","","","","","","","",16.2,1,1018.4,1,"","","","","","",0,1,"","",0,1,0,1,0,1,"","","","","","","","","","","","","","","","","","","","","","","","",15000,1,"","",2,1,0,1,"","","","","","","","","","","","","","","","","","","","","","","","","","","","","","","","","","","","","","","","","","","","","","","","","","","","","","","","","","","","","","","","","",""
"28070001","CHARTRES",48.4605,1.501167,155,1983071115,"","","","",5.,1,100,1,"","","","","","","","","","","","","","","","","","","","","","","","","","","","",33.,1,16.4,1,"","","","","","","","","","","","","","","","","","","","","","","","","","",38,1,"","","","","","","","","","","","",19.3,1,1018.,1,"","","","","","",0,1,"","",0,1,0,1,0,1,"","","","","","","","","","","","","","","","","","","","","","","","",20000,1,"","",2,1,0,1,"","","","","","","","","","","","","","","","","","","","","","","","","","","","","","","","","","","","","","","","","","","","","","","","","","","","","","","","","","","","","","","","","",""
"28070001","CHARTRES",48.4605,1.501167,155,1983071118,"","","","",3.,1,80,1,"","","","","","","","","","","","","","","","","","","","","","","","","","","","",30.6,1,15.7,1,"","","","","","","","","","","","","","","","","","","","","","","","","","",42,1,"","","","","","","","","","","","",18.4,1,1018.,1,"","","","","","","","","","","","","","","","","","","","","","","","","","","","","","","","","","","","","","","","","","","","","","","","","","","","","","","","","","","","","","","","","","","","","","","","","","","","","","","","","","","","","","","","","","","","","","","","","","","","","","","","","","","","","","","","","",""
"28070001","CHARTRES",48.4605,1.501167,155,1983071121,"","","","",3.,1,60,1,"","","","","","","","","","","","","","","","","","","","","","","","","","","","",23.5,1,18.4,1,"","","","","","","","","","","","","","","","","","","","","","","","","","",76,1,"","","","","","","","","","","","",22.,1,1019.5,1,"","","","","","","","","","","","","","","","","","","","","","","","","","","","","","","","","","","","","","","","","","","","","","","","","","","","","","","","","","","","","","","","","","","","","","","","","","","","","","","","","","","","","","","","","","","","","","","","","","","","","","","","","","","","","","","","","",""
"28070001","CHARTRES",48.4605,1.501167,155,1983071200,"","","","",3.,1,40,1,"","","","","","","","","","","","","","","","","","","","","","","","","","","","",20.5,1,17.9,1,"","","","","","","","","","","","","","","","","","","","","","","","","","",88,1,"","","","","","","","","","","","",21.2,1,1020.,1,"","","","","","","","","","","","","","","","","","","","","","","","","","","","","","","","","","","","","","","","","","","","","","","","","","","","","","","","","","","","","","","","","","","","","","","","","","","","","","","","","","","","","","","","","","","","","","","","","","","","","","","","","","","","","","","","","",""
"28070001","CHARTRES",48.4605,1.501167,155,1983071203,"","","","",3.,1,20,1,"","","","","","","","","","","","","","","","","","","","","","","","","","","","",19.3,1,18.2,1,"","","","","","","","","","","","","","","","","","","","","","","","","","",97,1,"","","","","","","","","","","","",21.7,1,1020.,1,"","","","","","","","","","","","","","","","","","","","","","","","","","","","","","","","","","","","","","","","","","","","","","","","","","","","","","","","","","","","","","","","","","","","","","","","","","","","","","","","","","","","","","","","","","","","","","","","","","","","","","","","","","","","","","","","","",""
"28070001","CHARTRES",48.4605,1.501167,155,1983071206,"","","","",3.,1,20,1,"","","","","","","","","","","","","","","","","","","","","","","","","","","","",20.,1,18.1,1,"","","","","","","","","","","","","","","","","","","","","","","","","","",92,1,"","","","","","","","","","","","",21.6,1,1020.3,1,"","","","","","",0,1,"","",0,1,0,1,0,1,"","","","","","","","","","","","","","","","","","","","","","","","",3500,1,"","",10,1,"","","","",1,1,"","","","","","","","","","","","","","","","","","","","","","","","","","","","","","","","","","","","","","","","","","","","","","","","","","","","","","","","","","","","","",""
"28070001","CHARTRES",48.4605,1.501167,155,1983071209,"","","","",5.,1,40,1,"","","","","","","","","","","","","","","","","","","","","","","","","","","","",26.2,1,19.5,1,"","","","","","","","","","","","","","","","","","","","","","","","","","",69,1,"","","","","","","","","","","","",23.5,1,1020.1,1,"","","","","","",0,1,"","",0,1,0,1,0,1,"","","","","","","","","","","","","","","","","","","","","","","","",5000,1,"","",2,1,0,1,"","","","","","","","","","","","","","","","","","","","","","","","","","","","","","","","","","","","","","","","","","","","","","","","","","","","","","","","","","","","","","","","","",""
"28070001","CHARTRES",48.4605,1.501167,155,1983071212,"","","","",5.,1,80,1,"","","","","","","","","","","","","","","","","","","","","","","","","","","","",31.3,1,17.6,1,"","","","","","","","","","","","","","","","","","","","","","","","","","",46,1,"","","","","","","","","","","","",20.9,1,1019.6,1,"","","","","","",0,1,"","",0,1,0,1,0,1,"","","","","","","","","","","","","","","","","","","","","","","","",15000,1,"","",2,1,0,1,"","","","","","","","","","","","","","","","","","","","","","","","","","","","","","","","","","","","","","","","","","","","","","","","","","","","","","","","","","","","","","","","","",""
"28070001","CHARTRES",48.4605,1.501167,155,1983071215,"","","","",5.,1,80,1,"","","","","","","","","","","","","","","","","","","","","","","","","","","","",31.8,1,17.7,1,"","","","","","","","","","","","","","","","","","","","","","","","","","",45,1,"","","","","","","","","","","","",21.,1,1019.3,1,"","","","","","",1,1,0,1,1,1,0,1,0,1,"","","","","","","","","","","","","","","","","","","","","","","","",15000,1,"","",1,1,0,1,"","","","","","","","","","","","","","","","","","","","","","","","","","","","","","","","","","","","","","","","","","","","","","","","","","","","","","","","","","","","","","","","","",""
"28070001","CHARTRES",48.4605,1.501167,155,1983071218,"","","","",5.,1,60,1,"","","","","","","","","","","","","","","","","","","","","","","","","","","","",29.2,1,16.2,1,"","","","","","","","","","","","","","","","","","","","","","","","","","",47,1,"","","","","","","","","","","","",19.,1,1019.6,1,"","","","","","","","",0,1,"","","","","","","","","","","","","","","","","","","","","","","","","","","","","","","","","","","","","","","","","","","","","","","","","","","","","","","","","","","","","","","","","","","","","","","","","","","","","","","","","","","","","","","","","","","","","","","","","","","","","","","",""
"28070001","CHARTRES",48.4605,1.501167,155,1983071221,"","","","",4.,1,40,1,"","","","","","","","","","","","","","","","","","","","","","","","","","","","",23.7,1,16.9,1,"","","","","","","","","","","","","","","","","","","","","","","","","","",68,1,"","","","","","","","","","","","",19.9,1,1021.1,1,"","","","","","","","",0,1,"","","","","","","","","","","","","","","","","","","","","","","","","","","","","","","","","","","","","","","","","","","","","","","","","","","","","","","","","","","","","","","","","","","","","","","","","","","","","","","","","","","","","","","","","","","","","","","","","","","","","","","",""
"28070001","CHARTRES",48.4605,1.501167,155,1983071300,"","","","",3.,1,360,1,"","","","","","","","","","","","","","","","","","","","","","","","","","","","",19.7,1,17.4,1,"","","","","","","","","","","","","","","","","","","","","","","","","","",90,1,"","","","","","","","","","","","",20.6,1,1022.,1,"","","","","","","","",0,1,"","","","","","","","","","","","","","","","","","","","","","","","","","","","","","","","","","","","","","","","","","","","","","","","","","","","","","","","","","","","","","","","","","","","","","","","","","","","","","","","","","","","","","","","","","","","","","","","","","","","","","","",""
"28070001","CHARTRES",48.4605,1.501167,155,1983071303,"","","","",3.,1,360,1,"","","","","","","","","","","","","","","","","","","","","","","","","","","","",17.1,1,15.3,1,"","","","","","","","","","","","","","","","","","","","","","","","","","",92,1,"","","","","","","","","","","","",17.9,1,1022.5,1,"","","","","","","","",0,1,"","","","","","","","","","","","","","","","","","","","","","","","","","","","","","","","","","","","","","","","","","","","","","","","","","","","","","","","","","","","","","","","","","","","","","","","","","","","","","","","","","","","","","","","","","","","","","","","","","","","","","","",""
"28070001","CHARTRES",48.4605,1.501167,155,1983071306,"","","","",4.,1,20,1,"","","","","","","","","","","","","","","","","","","","","","","","","","","","",17.4,1,14.1,1,"","","","","","","","","","","","","","","","","","","","","","","","","","",84,1,"","","","","","","","","","","","",16.6,1,1022.7,1,"","","","","","",0,1,"","",0,1,0,1,0,1,"","","","","","","","","","","","","","","","","","","","","","","","",12000,1,"","",0,1,"","","","",0,1,"","","","","","","","","","","","","","","","","","","","","","","","","","","","","","","","","","","","","","","","","","","","","","","","","","","","","","","","","","","","","",""
"28070001","CHARTRES",48.4605,1.501167,155,1983071309,"","","","",5.,1,40,1,"","","","","","","","","","","","","","","","","","","","","","","","","","","","",24.,1,14.6,1,"","","","","","","","","","","","","","","","","","","","","","","","","","",57,1,"","","","","","","","","","","","",17.1,1,1022.2,1,"","","","","","",1,1,0,1,0,1,0,1,1,1,"","","","","","","","","","","","","","","","","","","","","","","","",20000,1,"","",2,1,0,1,"","","","","","","","","","","","","","","","","","","","","","","","","","","","","","","","","","","","","","","","","","","","","","","","","","","","","","","","","","","","","","","","","",""
"28070001","CHARTRES",48.4605,1.501167,155,1983071312,"","","","",6.,1,80,1,"","","","","","","","","","","","","","","","","","","","","","","","","","","","",28.7,1,13.7,1,"","","","","","","","","","","","","","","","","","","","","","","","","","",41,1,"","","","","","","","","","","","",16.1,1,1021.3,1,"","","","","","",0,1,"","",0,1,0,1,0,1,"","","","","","","","","","","","","","","","","","","","","","","","",25000,1,"","",1,1,0,1,"","","","","","","","","","","","","","","","","","","","","","","","","","","","","","","","","","","","","","","","","","","","","","","","","","","","","","","","","","","","","","","","","",""
"28070001","CHARTRES",48.4605,1.501167,155,1983071315,"","","","",6.,1,60,1,"","","","","","","","","","","","","","","","","","","","","","","","","","","","",29.3,1,14.1,1,"","","","","","","","","","","","","","","","","","","","","","","","","","",41,1,"","","","","","","","","","","","",16.6,1,1020.8,1,"","","","","","",0,1,"","",0,1,0,1,0,1,"","","","","","","","","","","","","","","","","","","","","","","","",25000,1,"","",2,1,0,1,"","","","","","","","","","","","","","","","","","","","","","","","","","","","","","","","","","","","","","","","","","","","","","","","","","","","","","","","","","","","","","","","","",""
"28070001","CHARTRES",48.4605,1.501167,155,1983071318,"","","","",5.,1,80,1,"","","","","","","","","","","","","","","","","","","","","","","","","","","","",27.3,1,13.9,1,"","","","","","","","","","","","","","","","","","","","","","","","","","",45,1,"","","","","","","","","","","","",16.3,1,1020.6,1,"","","","","","","","","","","","","","","","","","","","","","","","","","","","","","","","","","","","","","","","","","","","","","","","","","","","","","","","","","","","","","","","","","","","","","","","","","","","","","","","","","","","","","","","","","","","","","","","","","","","","","","","","","","","","","","","","",""
"28070001","CHARTRES",48.4605,1.501167,155,1983071321,"","","","",3.,1,40,1,"","","","","","","","","","","","","","","","","","","","","","","","","","","","",21.9,1,15.3,1,"","","","","","","","","","","","","","","","","","","","","","","","","","",68,1,"","","","","","","","","","","","",17.9,1,1021.1,1,"","","","","","","","","","","","","","","","","","","","","","","","","","","","","","","","","","","","","","","","","","","","","","","","","","","","","","","","","","","","","","","","","","","","","","","","","","","","","","","","","","","","","","","","","","","","","","","","","","","","","","","","","","","","","","","","","",""
"28070001","CHARTRES",48.4605,1.501167,155,1983071400,"","","","",4.,1,20,1,"","","","","","","","","","","","","","","","","","","","","","","","","","","","",19.3,1,16.,1,"","","","","","","","","","","","","","","","","","","","","","","","","","",84,1,"","","","","","","","","","","","",18.8,1,1021.7,1,"","","","","","","","","","","","","","","","","","","","","","","","","","","","","","","","","","","","","","","","","","","","","","","","","","","","","","","","","","","","","","","","","","","","","","","","","","","","","","","","","","","","","","","","","","","","","","","","","","","","","","","","","","","","","","","","","",""
"28070001","CHARTRES",48.4605,1.501167,155,1983071403,"","","","",2.,1,20,1,"","","","","","","","","","","","","","","","","","","","","","","","","","","","",17.1,1,16.3,1,"","","","","","","","","","","","","","","","","","","","","","","","","","",98,1,"","","","","","","","","","","","",19.1,1,1021.6,1,"","","","","","","","","","","","","","","","","","","","","","","","","","","","","","","","","","","","","","","","","","","","","","","","","","","","","","","","","","","","","","","","","","","","","","","","","","","","","","","","","","","","","","","","","","","","","","","","","","","","","","","","","","","","","","","","","",""
"28070001","CHARTRES",48.4605,1.501167,155,1983071406,"","","","",2.,1,20,1,"","","","","","","","","","","","","","","","","","","","","","","","","","","","",17.1,1,16.1,1,"","","","","","","","","","","","","","","","","","","","","","","","","","",97,1,"","","","","","","","","","","","",18.9,1,1021.9,1,"","","","","","",0,1,"","",0,1,0,1,0,1,"","","","","","","","","","","","","","","","","","","","","","","","",4000,1,"","",10,1,"","","","",1,1,"","","","","","","","","","","","","","","","","","","","","","","","","","","","","","","","","","","","","","","","","","","","","","","","","","","","","","","","","","","","","",""
"28070001","CHARTRES",48.4605,1.501167,155,1983071409,"","","","",4.,1,40,1,"","","","","","","","","","","","","","","","","","","","","","","","","","","","",23.,1,15.9,1,"","","","","","","","","","","","","","","","","","","","","","","","","","",67,1,"","","","","","","","","","","","",18.7,1,1021.2,1,"","","","","","",0,1,"","",0,1,0,1,0,1,"","","","","","","","","","","","","","","","","","","","","","","","",8000,1,"","",2,1,0,1,"","","","","","","","","","","","","","","","","","","","","","","","","","","","","","","","","","","","","","","","","","","","","","","","","","","","","","","","","","","","","","","","","",""
"28070001","CHARTRES",48.4605,1.501167,155,1983071412,"","","","",6.,1,40,1,"","","","","","","","","","","","","","","","","","","","","","","","","","","","",26.7,1,16.4,1,"","","","","","","","","","","","","","","","","","","","","","","","","","",55,1,"","","","","","","","","","","","",19.3,1,1020.6,1,"","","","","","","","","","","","","","","","","","","","","","","","","","","","","","","","","","","","","","","","","","","","","","","","","","","","","","","","","","","","","","","","","","","","","","","","","","","","","","","","","","","","","","","","","","","","","","","","","","","","","","","","","","","","","","","","","",""
"28070001","CHARTRES",48.4605,1.501167,155,1983071415,"","","","",6.,1,60,1,"","","","","","","","","","","","","","","","","","","","","","","","","","","","",28.1,1,13.9,1,"","","","","","","","","","","","","","","","","","","","","","","","","","",43,1,"","","","","","","","","","","","",16.3,1,1019.9,1,"","","","","","","","","","","","","","","","","","","","","","","","","","","","","","","","","","","","","","","","","","","","","","","","","","","","","","","","","","","","","","","","","","","","","","","","","","","","","","","","","","","","","","","","","","","","","","","","","","","","","","","","","","","","","","","","","",""
"28070001","CHARTRES",48.4605,1.501167,155,1983071418,"","","","",5.,1,80,1,"","","","","","","","","","","","","","","","","","","","","","","","","","","","",25.4,1,10.1,1,"","","","","","","","","","","","","","","","","","","","","","","","","","",39,1,"","","","","","","","","","","","",12.6,1,1019.6,1,"","","","","","","","","","","","","","","","","","","","","","","","","","","","","","","","","","","","","","","","","","","","","","","","","","","","","","","","","","","","","","","","","","","","","","","","","","","","","","","","","","","","","","","","","","","","","","","","","","","","","","","","","","","","","","","","","",""
"28070001","CHARTRES",48.4605,1.501167,155,1983071421,"","","","",2.,1,60,1,"","","","","","","","","","","","","","","","","","","","","","","","","","","","",18.8,1,9.,1,"","","","","","","","","","","","","","","","","","","","","","","","","","",54,1,"","","","","","","","","","","","",11.7,1,1020.3,1,"","","","","","","","","","","","","","","","","","","","","","","","","","","","","","","","","","","","","","","","","","","","","","","","","","","","","","","","","","","","","","","","","","","","","","","","","","","","","","","","","","","","","","","","","","","","","","","","","","","","","","","","","","","","","","","","","",""
"28070001","CHARTRES",48.4605,1.501167,155,1983071500,"","","","",2.,1,40,1,"","","","","","","","","","","","","","","","","","","","","","","","","","","","",15.8,1,12.,1,"","","","","","","","","","","","","","","","","","","","","","","","","","",80,1,"","","","","","","","","","","","",14.4,1,1020.5,1,"","","","","","","","","","","","","","","","","","","","","","","","","","","","","","","","","","","","","","","","","","","","","","","","","","","","","","","","","","","","","","","","","","","","","","","","","","","","","","","","","","","","","","","","","","","","","","","","","","","","","","","","","","","","","","","","","",""
"28070001","CHARTRES",48.4605,1.501167,155,1983071503,"","","","",2.,1,20,1,"","","","","","","","","","","","","","","","","","","","","","","","","","","","",13.,1,10.8,1,"","","","","","","","","","","","","","","","","","","","","","","","","","",89,1,"","","","","","","","","","","","",13.3,1,1020.1,1,"","","","","","","","","","","","","","","","","","","","","","","","","","","","","","","","","","","","","","","","","","","","","","","","","","","","","","","","","","","","","","","","","","","","","","","","","","","","","","","","","","","","","","","","","","","","","","","","","","","","","","","","","","","","","","","","","",""
"28070001","CHARTRES",48.4605,1.501167,155,1983071506,"","","","",2.,1,40,1,"","","","","","","","","","","","","","","","","","","","","","","","","","","","",14.8,1,12.7,1,"","","","","","","","","","","","","","","","","","","","","","","","","","",90,1,"","","","","","","","","","","","",15.1,1,1019.9,1,"","","","","","",0,1,"","",0,1,0,1,0,1,"","","","","","","","","","","","","","","","","","","","","","","","",10000,1,"","",0,1,"","","","",0,1,"","","","","","","","","","","","","","","","","","","","","","","","","","","","","","","","","","","","","","","","","","","","","","","","","","","","","","","","","","","","","",""
"28070001","CHARTRES",48.4605,1.501167,155,1983071509,"","","","",2.,1,120,1,"","","","","","","","","","","","","","","","","","","","","","","","","","","","",23.2,1,13.4,1,"","","","","","","","","","","","","","","","","","","","","","","","","","",56,1,"","","","","","","","","","","","",15.8,1,1018.8,1,"","","","","","",0,1,"","",0,1,0,1,0,1,"","","","","","","","","","","","","","","","","","","","","","","","",15000,1,"","",2,1,0,1,"","","","","","","","","","","","","","","","","","","","","","","","","","","","","","","","","","","","","","","","","","","","","","","","","","","","","","","","","","","","","","","","","",""
"28070001","CHARTRES",48.4605,1.501167,155,1983071512,"","","","",3.,1,60,1,"","","","","","","","","","","","","","","","","","","","","","","","","","","","",28.1,1,12.5,1,"","","","","","","","","","","","","","","","","","","","","","","","","","",39,1,"","","","","","","","","","","","",14.9,1,1017.7,1,"","","","","","",0,1,"","",0,1,0,1,0,1,"","","","","","","","","","","","","","","","","","","","","","","","",20000,1,"","",2,1,0,1,"","","","","","","","","","","","","","","","","","","","","","","","","","","","","","","","","","","","","","","","","","","","","","","","","","","","","","","","","","","","","","","","","",""
"28070001","CHARTRES",48.4605,1.501167,155,1983071515,"","","","",4.,1,120,1,"","","","","","","","","","","","","","","","","","","","","","","","","","","","",30.2,1,13.5,1,"","","","","","","","","","","","","","","","","","","","","","","","","","",37,1,"","","","","","","","","","","","",15.9,1,1016.1,1,"","","","","","",0,1,"","",0,1,0,1,0,1,"","","","","","","","","","","","","","","","","","","","","","","","",25000,1,"","",2,1,0,1,"","","","","","","","","","","","","","","","","","","","","","","","","","","","","","","","","","","","","","","","","","","","","","","","","","","","","","","","","","","","","","","","","",""
"28070001","CHARTRES",48.4605,1.501167,155,1983071518,"","","","",4.,1,100,1,"","","","","","","","","","","","","","","","","","","","","","","","","","","","",28.8,1,12.6,1,"","","","","","","","","","","","","","","","","","","","","","","","","","",38,1,"","","","","","","","","","","","",15.,1,1015.2,1,"","","","","","","","","","","","","","","","","","","","","","","","","","","","","","","","","","","","","","","","","","","","","","","","","","","","","","","","","","","","","","","","","","","","","","","","","","","","","","","","","","","","","","","","","","","","","","","","","","","","","","","","","","","","","","","","","",""
"28070001","CHARTRES",48.4605,1.501167,155,1983071521,"","","","",2.,1,120,1,"","","","","","","","","","","","","","","","","","","","","","","","","","","","",22.1,1,12.8,1,"","","","","","","","","","","","","","","","","","","","","","","","","","",57,1,"","","","","","","","","","","","",15.2,1,1015.8,1,"","","","","","","","","","","","","","","","","","","","","","","","","","","","","","","","","","","","","","","","","","","","","","","","","","","","","","","","","","","","","","","","","","","","","","","","","","","","","","","","","","","","","","","","","","","","","","","","","","","","","","","","","","","","","","","","","",""
"28070001","CHARTRES",48.4605,1.501167,155,1983071600,"","","","",2.,1,100,1,"","","","","","","","","","","","","","","","","","","","","","","","","","","","",18.1,1,12.3,1,"","","","","","","","","","","","","","","","","","","","","","","","","","",71,1,"","","","","","","","","","","","",14.7,1,1015.9,1,"","","","","","","","","","","","","","","","","","","","","","","","","","","","","","","","","","","","","","","","","","","","","","","","","","","","","","","","","","","","","","","","","","","","","","","","","","","","","","","","","","","","","","","","","","","","","","","","","","","","","","","","","","","","","","","","","",""
"28070001","CHARTRES",48.4605,1.501167,155,1983071603,"","","","",2.,1,60,1,"","","","","","","","","","","","","","","","","","","","","","","","","","","","",15.4,1,11.4,1,"","","","","","","","","","","","","","","","","","","","","","","","","","",79,1,"","","","","","","","","","","","",13.8,1,1015.2,1,"","","","","","","","","","","","","","","","","","","","","","","","","","","","","","","","","","","","","","","","","","","","","","","","","","","","","","","","","","","","","","","","","","","","","","","","","","","","","","","","","","","","","","","","","","","","","","","","","","","","","","","","","","","","","","","","","",""
"28070001","CHARTRES",48.4605,1.501167,155,1983071606,"","","","",2.,1,100,1,"","","","","","","","","","","","","","","","","","","","","","","","","","","","",17.1,1,12.8,1,"","","","","","","","","","","","","","","","","","","","","","","","","","",78,1,"","","","","","","","","","","","",15.2,1,1015.,1,"","","","","","",2,1,0,1,0,1,0,1,2,1,"","","","","","","","","","","","","","","","","","","","","","","","",15000,1,"","",0,1,"","","","",0,1,"","","","","","","","","","","","","","","","","","","","","","","","","","","","","","","","","","","","","","","","","","","","","","","","","","","","","","","","","","","","","",""
"28070001","CHARTRES",48.4605,1.501167,155,1983071609,"","","","",4.,1,140,1,"","","","","","","","","","","","","","","","","","","","","","","","","","","","",26.9,1,13.7,1,"","","","","","","","","","","","","","","","","","","","","","","","","","",45,1,"","","","","","","","","","","","",16.1,1,1014.4,1,"","","","","","",2,1,0,1,0,1,0,1,2,1,"","","","","","","","","","","","","","","","","","","","","","","","",20000,1,"","",1,1,0,1,"","","","","","","","","","","","","","","","","","","","","","","","","","","","","","","","","","","","","","","","","","","","","","","","","","","","","","","","","","","","","","","","","",""
"28070001","CHARTRES",48.4605,1.501167,155,1983071612,"","","","",5.,1,160,1,"","","","","","","","","","","","","","","","","","","","","","","","","","","","",30.9,1,14.,1,"","","","","","","","","","","","","","","","","","","","","","","","","","",37,1,"","","","","","","","","","","","",16.5,1,1013.3,1,"","","","","","","","",0,1,"","","","","","","","","","","","","","","","","","","","","","","","","","","","","","","","","","","","","","","","","","","","","","","","","","","","","","","","","","","","","","","","","","","","","","","","","","","","","","","","","","","","","","","","","","","","","","","","","","","","","","","",""
"28070001","CHARTRES",48.4605,1.501167,155,1983071615,"","","","",4.,1,200,1,"","","","","","","","","","","","","","","","","","","","","","","","","","","","",32.7,1,12.4,1,"","","","","","","","","","","","","","","","","","","","","","","","","","",30,1,"","","","","","","","","","","","",14.8,1,1011.9,1,"","","","","","","","",0,1,"","","","","","","","","","","","","","","","","","","","","","","","","","","","","","","","","","","","","","","","","","","","","","","","","","","","","","","","","","","","","","","","","","","","","","","","","","","","","","","","","","","","","","","","","","","","","","","","","","","","","","","",""
"28070001","CHARTRES",48.4605,1.501167,155,1983071618,"","","","",3.,1,180,1,"","","","","","","","","","","","","","","","","","","","","","","","","","","","",31.5,1,10.4,1,"","","","","","","","","","","","","","","","","","","","","","","","","","",28,1,"","","","","","","","","","","","",12.9,1,1011.1,1,"","","","","","","","",0,1,"","","","","","","","","","","","","","","","","","","","","","","","","","","","","","","","","","","","","","","","","","","","","","","","","","","","","","","","","","","","","","","","","","","","","","","","","","","","","","","","","","","","","","","","","","","","","","","","","","","","","","","",""
"28070001","CHARTRES",48.4605,1.501167,155,1983071621,"","","","",2.,1,200,1,"","","","","","","","","","","","","","","","","","","","","","","","","","","","",23.8,1,4.5,1,"","","","","","","","","","","","","","","","","","","","","","","","","","",29,1,"","","","","","","","","","","","",8.5,1,1012.6,1,"","","","","","","","",0,1,"","","","","","","","","","","","","","","","","","","","","","","","","","","","","","","","","","","","","","","","","","","","","","","","","","","","","","","","","","","","","","","","","","","","","","","","","","","","","","","","","","","","","","","","","","","","","","","","","","","","","","","",""
"28070001","CHARTRES",48.4605,1.501167,155,1983071700,"","","","",3.,1,320,1,"","","","","","","","","","","","","","","","","","","","","","","","","","","","",21.1,1,12.6,1,"","","","","","","","","","","","","","","","","","","","","","","","","","",60,1,"","","","","","","","","","","","",15.,1,1012.9,1,"","","","","","","","",0,1,"","","","","","","","","","","","","","","","","","","","","","","","","","","","","","","","","","","","","","","","","","","","","","","","","","","","","","","","","","","","","","","","","","","","","","","","","","","","","","","","","","","","","","","","","","","","","","","","","","","","","","","",""
"28070001","CHARTRES",48.4605,1.501167,155,1983071703,"","","","",2.,1,280,1,"","","","","","","","","","","","","","","","","","","","","","","","","","","","",20.,1,16.6,1,"","","","","","","","","","","","","","","","","","","","","","","","","","",84,1,"","","","","","","","","","","","",19.6,1,1013.,1,"","","","","","","","",0,1,"","","","","","","","","","","","","","","","","","","","","","","","","","","","","","","","","","","","","","","","","","","","","","","","","","","","","","","","","","","","","","","","","","","","","","","","","","","","","","","","","","","","","","","","","","","","","","","","","","","","","","","",""
"28070001","CHARTRES",48.4605,1.501167,155,1983071706,"","","","",4.,1,260,1,"","","","","","","","","","","","","","","","","","","","","","","","","","","","",19.5,1,15.5,1,"","","","","","","","","","","","","","","","","","","","","","","","","","",80,1,"","","","","","","","","","","","",18.2,1,1014.5,1,"","","","","","",7,1,6,1,0,1,8,1,2,1,"","","","","","","","","","","","","","","","","","","","","","","","",9000,1,"","",0,1,"","","","",1,1,"","","","","","","","","","","","","","","","","","","","","","","","","","","","","","","","","","","","","","","","","","","","","","","","","","","","","","","","","","","","","",""
"28070001","CHARTRES",48.4605,1.501167,155,1983071709,"","","","",5.,1,280,1,"","","","","","","","","","","","","","","","","","","","","","","","","","","","",21.7,1,15.3,1,"","","","","","","","","","","","","","","","","","","","","","","","","","",69,1,"","","","","","","","","","","","",17.9,1,1014.6,1,"","","","","","",7,1,6,1,5,1,7,1,"","","","","","","","","","","","","","","","","","","","","","","","","","",15000,1,"","",1,1,2,1,"","","","","","","","","","","","","","","","","","","","","","","","","","","","","","","","","","","","","","","","","","","","","","","","","","","","","","","","","","","","","","","","","",""
"28070001","CHARTRES",48.4605,1.501167,155,1983071712,"","","","",1.,1,260,1,"","","","","","","","","","","","","","","","","","","","","","","","","","","","",23.3,1,14.7,1,"","","","","","","","","","","","","","","","","","","","","","","","","","",60,1,"","","","","","","","","","","","",17.2,1,1013.6,1,"","","","","","","","",6,1,"","","","","","","","","","","","","","","","","","","","","","","","","","","","","","","","","","","","","","","","","","","","","","","","","","","","","","","","","","","","","","","","","","","","","","","","","","","","","","","","","","","","","","","","","","","","","","","","","","","","","","","",""
"28070001","CHARTRES",48.4605,1.501167,155,1983071715,"","","","",4.,1,300,1,"","","","","","","","","","","","","","","","","","","","","","","","","","","","",28.9,1,20.2,1,"","","","","","","","","","","","","","","","","","","","","","","","","","",62,1,"","","","","","","","","","","","",24.7,1,1013.3,1,"","","","","","","","",6,1,"","","","","","","","","","","","","","","","","","","","","","","","","","","","","","","","","","","","","","","","","","","","","","","","","","","","","","","","","","","","","","","","","","","","","","","","","","","","","","","","","","","","","","","","","","","","","","","","","","","","","","","",""
"28070001","CHARTRES",48.4605,1.501167,155,1983071718,"","","","",2.,1,320,1,"","","","","","","","","","","","","","","","","","","","","","","","","","","","",27.6,1,12.4,1,"","","","","","","","","","","","","","","","","","","","","","","","","","",40,1,"","","","","","","","","","","","",14.8,1,1013.4,1,"","","","","","","","",6,1,"","","","","","","","","","","","","","","","","","","","","","","","","","","","","","","","","","","","","","","","","","","","","","","","","","","","","","","","","","","","","","","","","","","","","","","","","","","","","","","","","","","","","","","","","","","","","","","","","","","","","","","",""
"28070001","CHARTRES",48.4605,1.501167,155,1983071721,"","","","",0.,1,0,1,"","","","","","","","","","","","","","","","","","","","","","","","","","","","",21.2,1,11.7,1,"","","","","","","","","","","","","","","","","","","","","","","","","","",56,1,"","","","","","","","","","","","",14.1,1,1014.7,1,"","","","","","","","",6,1,"","","","","","","","","","","","","","","","","","","","","","","","","","","","","","","","","","","","","","","","","","","","","","","","","","","","","","","","","","","","","","","","","","","","","","","","","","","","","","","","","","","","","","","","","","","","","","","","","","","","","","","",""
"28070001","CHARTRES",48.4605,1.501167,155,1983071800,"","","","",3.,1,20,1,"","","","","","","","","","","","","","","","","","","","","","","","","","","","",19.6,1,16.6,1,"","","","","","","","","","","","","","","","","","","","","","","","","","",86,1,"","","","","","","","","","","","",19.6,1,1015.3,1,"","","","","","","","",6,1,"","","","","","","","","","","","","","","","","","","","","","","","","","","","","","","","","","","","","","","","","","","","","","","","","","","","","","","","","","","","","","","","","","","","","","","","","","","","","","","","","","","","","","","","","","","","","","","","","","","","","","","",""
"28070001","CHARTRES",48.4605,1.501167,155,1983071803,"","","","",3.,1,20,1,"","","","","","","","","","","","","","","","","","","","","","","","","","","","",18.2,1,17.2,1,"","","","","","","","","","","","","","","","","","","","","","","","","","",97,1,"","","","","","","","","","","","",20.3,1,1015.7,1,"","","","","","","","",6,1,"","","","","","","","","","","","","","","","","","","","","","","","","","","","","","","","","","","","","","","","","","","","","","","","","","","","","","","","","","","","","","","","","","","","","","","","","","","","","","","","","","","","","","","","","","","","","","","","","","","","","","","",""
"28070001","CHARTRES",48.4605,1.501167,155,1983071806,"","","","",3.,1,20,1,"","","","","","","","","","","","","","","","","","","","","","","","","","","","",17.,1,16.2,1,"","","","","","","","","","","","","","","","","","","","","","","","","","",98,1,"","","","","","","","","","","","",19.,1,1016.2,1,"","","","","","",7,1,5,1,9,1,0,1,3,1,"","","","","","","","","","","","","","","","","","","","","","","","",6000,1,"","",91,1,"","","","",2,1,"","","","","","","","","","","","","","","","","","","","","","","","","","","","","","","","","","","","","","","","","","","","","","","","","","","","","","","","","","","","","",""
"28070001","CHARTRES",48.4605,1.501167,155,1983071809,"","","","",3.,1,80,1,"","","","","","","","","","","","","","","","","","","","","","","","","","","","",20.4,1,16.6,1,"","","","","","","","","","","","","","","","","","","","","","","","","","",82,1,"","","","","","","","","","","","",19.5,1,1016.7,1,"","","","","","",2,1,0,1,0,1,0,1,2,1,"","","","","","","","","","","","","","","","","","","","","","","","",10000,1,"","",1,1,6,1,"","","","","","","","","","","","","","","","","","","","","","","","","","","","","","","","","","","","","","","","","","","","","","","","","","","","","","","","","","","","","","","","","",""
"28070001","CHARTRES",48.4605,1.501167,155,1983071812,"","","","",2.,1,340,1,"","","","","","","","","","","","","","","","","","","","","","","","","","","","",25.8,1,16.6,1,"","","","","","","","","","","","","","","","","","","","","","","","","","",59,1,"","","","","","","","","","","","",19.6,1,1016.6,1,"","","","","","",2,1,0,1,2,1,0,1,0,1,"","","","","","","","","","","","","","","","","","","","","","","","",15000,1,"","",3,1,6,1,"","","","","","","","","","","","","","","","","","","","","","","","","","","","","","","","","","","","","","","","","","","","","","","","","","","","","","","","","","","","","","","","","",""
"28070001","CHARTRES",48.4605,1.501167,155,1983071815,"","","","",2.,1,60,1,"","","","","","","","","","","","","","","","","","","","","","","","","","","","",29.,1,15.7,1,"","","","","","","","","","","","","","","","","","","","","","","","","","",46,1,"","","","","","","","","","","","",18.4,1,1015.6,1,"","","","","","",2,1,0,1,2,1,0,1,0,1,"","","","","","","","","","","","","","","","","","","","","","","","",15000,1,"","",2,1,0,1,"","","","","","","","","","","","","","","","","","","","","","","","","","","","","","","","","","","","","","","","","","","","","","","","","","","","","","","","","","","","","","","","","",""
"28070001","CHARTRES",48.4605,1.501167,155,1983071818,"","","","",5.,1,60,1,"","","","","","","","","","","","","","","","","","","","","","","","","","","","",21.7,1,11.1,1,"","","","","","","","","","","","","","","","","","","","","","","","","","",52,1,"","","","","","","","","","","","",13.5,1,1015.5,1,"","","","","","","","",0,1,"","","","","","","","","","","","","","","","","","","","","","","","","","","","","","","","","","","","","","","","","","","","","","","","","","","","","","","","","","","","","","","","","","","","","","","","","","","","","","","","","","","","","","","","","","","","","","","","","","","","","","","",""
"28070001","CHARTRES",48.4605,1.501167,155,1983071821,"","","","",2.,1,60,1,"","","","","","","","","","","","","","","","","","","","","","","","","","","","",22.6,1,21.1,1,"","","","","","","","","","","","","","","","","","","","","","","","","","",95,1,"","","","","","","","","","","","",26.,1,1015.5,1,"","","","","","","","",0,1,"","","","","","","","","","","","","","","","","","","","","","","","","","","","","","","","","","","","","","","","","","","","","","","","","","","","","","","","","","","","","","","","","","","","","","","","","","","","","","","","","","","","","","","","","","","","","","","","","","","","","","","",""
"28070001","CHARTRES",48.4605,1.501167,155,1983071900,"","","","",5.,1,120,1,"","","","","","","","","","","","","","","","","","","","","","","","","","","","",16.5,1,15.5,1,"","","","","","","","","","","","","","","","","","","","","","","","","","",97,1,"","","","","","","","","","","","",18.2,1,1017.7,1,"","","","","","","","",0,1,"","","","","","","","","","","","","","","","","","","","","","","","","","","","","","","","","","","","","","","","","","","","","","","","","","","","","","","","","","","","","","","","","","","","","","","","","","","","","","","","","","","","","","","","","","","","","","","","","","","","","","","",""
"28070001","CHARTRES",48.4605,1.501167,155,1983071903,"","","","",1.,1,280,1,"","","","","","","","","","","","","","","","","","","","","","","","","","","","",16.4,1,15.4,1,"","","","","","","","","","","","","","","","","","","","","","","","","","",97,1,"","","","","","","","","","","","",18.1,1,1017.6,1,"","","","","","","","",0,1,"","","","","","","","","","","","","","","","","","","","","","","","","","","","","","","","","","","","","","","","","","","","","","","","","","","","","","","","","","","","","","","","","","","","","","","","","","","","","","","","","","","","","","","","","","","","","","","","","","","","","","","",""
"28070001","CHARTRES",48.4605,1.501167,155,1983071906,"","","","",0.,1,0,1,"","","","","","","","","","","","","","","","","","","","","","","","","","","","",16.6,1,15.4,1,"","","","","","","","","","","","","","","","","","","","","","","","","","",96,1,"","","","","","","","","","","","",18.1,1,1019.5,1,"","","","","","",8,1,8,1,6,1,"","","","","","","","","","","","","","","","","","","","","","","","","","","","",8000,1,"","",0,1,"","","","",1,1,"","","","","","","","","","","","","","","","","","","","","","","","","","","","","","","","","","","","","","","","","","","","","","","","","","","","","","","","","","","","","",""
"28070001","CHARTRES",48.4605,1.501167,155,1983071909,"","","","",1.,1,100,1,"","","","","","","","","","","","","","","","","","","","","","","","","","","","",20.,1,17.5,1,"","","","","","","","","","","","","","","","","","","","","","","","","","",89,1,"","","","","","","","","","","","",20.7,1,1019.6,1,"","","","","","",3,1,0,1,1,1,0,1,0,1,"","","","","","","","","","","","","","","","","","","","","","","","",20000,1,"","",3,1,1,1,"","","","","","","","","","","","","","","","","","","","","","","","","","","","","","","","","","","","","","","","","","","","","","","","","","","","","","","","","","","","","","","","","",""
"28070001","CHARTRES",48.4605,1.501167,155,1983071912,"","","","",2.,1,40,1,"","","","","","","","","","","","","","","","","","","","","","","","","","","","",24.7,1,18.5,1,"","","","","","","","","","","","","","","","","","","","","","","","","","",71,1,"","","","","","","","","","","","",22.1,1,1019.3,1,"","","","","","",2,1,0,1,2,1,0,1,0,1,"","","","","","","","","","","","","","","","","","","","","","","","",25000,1,"","",1,1,1,1,"","","","","","","","","","","","","","","","","","","","","","","","","","","","","","","","","","","","","","","","","","","","","","","","","","","","","","","","","","","","","","","","","",""
"28070001","CHARTRES",48.4605,1.501167,155,1983071915,"","","","",2.,1,60,1,"","","","","","","","","","","","","","","","","","","","","","","","","","","","",28.4,1,17.9,1,"","","","","","","","","","","","","","","","","","","","","","","","","","",55,1,"","","","","","","","","","","","",21.3,1,1018.4,1,"","","","","","",1,1,0,1,2,1,0,1,0,1,"","","","","","","","","","","","","","","","","","","","","","","","",25000,1,"","",3,1,0,1,"","","","","","","","","","","","","","","","","","","","","","","","","","","","","","","","","","","","","","","","","","","","","","","","","","","","","","","","","","","","","","","","","",""
"28070001","CHARTRES",48.4605,1.501167,155,1983071918,"","","","",3.,1,60,1,"","","","","","","","","","","","","","","","","","","","","","","","","","","","",27.5,1,16.8,1,"","","","","","","","","","","","","","","","","","","","","","","","","","",54,1,"","","","","","","","","","","","",19.8,1,1018.4,1,"","","","","","","","",0,1,"","","","","","","","","","","","","","","","","","","","","","","","","","","","","","","","","","","","","","","","","","","","","","","","","","","","","","","","","","","","","","","","","","","","","","","","","","","","","","","","","","","","","","","","","","","","","","","","","","","","","","","",""
"28070001","CHARTRES",48.4605,1.501167,155,1983071921,"","","","",3.,1,80,1,"","","","","","","","","","","","","","","","","","","","","","","","","","","","",21.5,1,18.9,1,"","","","","","","","","","","","","","","","","","","","","","","","","","",88,1,"","","","","","","","","","","","",22.6,1,1019.6,1,"","","","","","","","",0,1,"","","","","","","","","","","","","","","","","","","","","","","","","","","","","","","","","","","","","","","","","","","","","","","","","","","","","","","","","","","","","","","","","","","","","","","","","","","","","","","","","","","","","","","","","","","","","","","","","","","","","","","",""
"28070001","CHARTRES",48.4605,1.501167,155,1983072000,"","","","",1.,1,360,1,"","","","","","","","","","","","","","","","","","","","","","","","","","","","",19.7,1,18.4,1,"","","","","","","","","","","","","","","","","","","","","","","","","","",96,1,"","","","","","","","","","","","",22.,1,1019.9,1,"","","","","","","","",0,1,"","","","","","","","","","","","","","","","","","","","","","","","","","","","","","","","","","","","","","","","","","","","","","","","","","","","","","","","","","","","","","","","","","","","","","","","","","","","","","","","","","","","","","","","","","","","","","","","","","","","","","","",""
"28070001","CHARTRES",48.4605,1.501167,155,1983072003,"","","","",1.,1,20,1,"","","","","","","","","","","","","","","","","","","","","","","","","","","","",18.,1,16.8,1,"","","","","","","","","","","","","","","","","","","","","","","","","","",96,1,"","","","","","","","","","","","",19.8,1,1020.3,1,"","","","","","","","",0,1,"","","","","","","","","","","","","","","","","","","","","","","","","","","","","","","","","","","","","","","","","","","","","","","","","","","","","","","","","","","","","","","","","","","","","","","","","","","","","","","","","","","","","","","","","","","","","","","","","","","","","","","",""
"28070001","CHARTRES",48.4605,1.501167,155,1983072006,"","","","",4.,1,40,1,"","","","","","","","","","","","","","","","","","","","","","","","","","","","",18.4,1,17.2,1,"","","","","","","","","","","","","","","","","","","","","","","","","","",96,1,"","","","","","","","","","","","",20.3,1,1020.9,1,"","","","","","",7,1,7,1,5,1,"","","","","","","","","","","","","","","","","","","","","","","","","","","","",1200,1,"","",10,1,"","","","",0,1,"","","","","","","","","","","","","","","","","","","","","","","","","","","","","","","","","","","","","","","","","","","","","","","","","","","","","","","","","","","","","",""
"28070001","CHARTRES",48.4605,1.501167,155,1983072009,"","","","",5.,1,60,1,"","","","","","","","","","","","","","","","","","","","","","","","","","","","",21.6,1,18.5,1,"","","","","","","","","","","","","","","","","","","","","","","","","","",86,1,"","","","","","","","","","","","",22.1,1,1021.6,1,"","","","","","",3,1,0,1,6,1,0,1,0,1,"","","","","","","","","","","","","","","","","","","","","","","","",1000,1,"","",28,1,4,1,"","","","","","","","","","","","","","","","","","","","","","","","","","","","","","","","","","","","","","","","","","","","","","","","","","","","","","","","","","","","","","","","","",""
"28070001","CHARTRES",48.4605,1.501167,155,1983072012,"","","","",5.,1,100,1,"","","","","","","","","","","","","","","","","","","","","","","","","","","","",25.6,1,18.9,1,"","","","","","","","","","","","","","","","","","","","","","","","","","",69,1,"","","","","","","","","","","","",22.6,1,1021.3,1,"","","","","","",2,1,0,1,1,1,0,1,1,1,"","","","","","","","","","","","","","","","","","","","","","","","",4000,1,"","",10,1,4,1,"","","","","","","","","","","","","","","","","","","","","","","","","","","","","","","","","","","","","","","","","","","","","","","","","","","","","","","","","","","","","","","","","",""
"28070001","CHARTRES",48.4605,1.501167,155,1983072015,"","","","",5.,1,80,1,"","","","","","","","","","","","","","","","","","","","","","","","","","","","",26.4,1,18.6,1,"","","","","","","","","","","","","","","","","","","","","","","","","","",64,1,"","","","","","","","","","","","",22.2,1,1020.8,1,"","","","","","",6,1,6,1,1,1,0,1,2,1,"","","","","","","","","","","","","","","","","","","","","","","","",8000,1,"","",3,1,1,1,"","","","","","","","","","","","","","","","","","","","","","","","","","","","","","","","","","","","","","","","","","","","","","","","","","","","","","","","","","","","","","","","","",""
"28070001","CHARTRES",48.4605,1.501167,155,1983072018,"","","","",5.,1,80,1,"","","","","","","","","","","","","","","","","","","","","","","","","","","","",24.2,1,15.2,1,"","","","","","","","","","","","","","","","","","","","","","","","","","",59,1,"","","","","","","","","","","","",17.8,1,1021.3,1,"","","","","","","","",6,1,"","","","","","","","","","","","","","","","","","","","","","","","","","","","","","","","","","","","","","","","","","","","","","","","","","","","","","","","","","","","","","","","","","","","","","","","","","","","","","","","","","","","","","","","","","","","","","","","","","","","","","","",""
"28070001","CHARTRES",48.4605,1.501167,155,1983072021,"","","","",5.,1,80,1,"","","","","","","","","","","","","","","","","","","","","","","","","","","","",19.3,1,12.8,1,"","","","","","","","","","","","","","","","","","","","","","","","","","",68,1,"","","","","","","","","","","","",15.2,1,1022.8,1,"","","","","","","","",6,1,"","","","","","","","","","","","","","","","","","","","","","","","","","","","","","","","","","","","","","","","","","","","","","","","","","","","","","","","","","","","","","","","","","","","","","","","","","","","","","","","","","","","","","","","","","","","","","","","","","","","","","","",""
"28070001","CHARTRES",48.4605,1.501167,155,1983072100,"","","","",3.,1,100,1,"","","","","","","","","","","","","","","","","","","","","","","","","","","","",15.8,1,13.,1,"","","","","","","","","","","","","","","","","","","","","","","","","","",86,1,"","","","","","","","","","","","",15.4,1,1023.5,1,"","","","","","","","",6,1,"","","","","","","","","","","","","","","","","","","","","","","","","","","","","","","","","","","","","","","","","","","","","","","","","","","","","","","","","","","","","","","","","","","","","","","","","","","","","","","","","","","","","","","","","","","","","","","","","","","","","","","",""
"28070001","CHARTRES",48.4605,1.501167,155,1983072103,"","","","",4.,1,80,1,"","","","","","","","","","","","","","","","","","","","","","","","","","","","",13.5,1,11.7,1,"","","","","","","","","","","","","","","","","","","","","","","","","","",91,1,"","","","","","","","","","","","",14.1,1,1023.9,1,"","","","","","","","",6,1,"","","","","","","","","","","","","","","","","","","","","","","","","","","","","","","","","","","","","","","","","","","","","","","","","","","","","","","","","","","","","","","","","","","","","","","","","","","","","","","","","","","","","","","","","","","","","","","","","","","","","","","",""
"28070001","CHARTRES",48.4605,1.501167,155,1983072106,"","","","",4.,1,80,1,"","","","","","","","","","","","","","","","","","","","","","","","","","","","",13.1,1,10.5,1,"","","","","","","","","","","","","","","","","","","","","","","","","","",86,1,"","","","","","","","","","","","",13.,1,1023.7,1,"","","","","","",0,1,"","",0,1,0,1,0,1,"","","","","","","","","","","","","","","","","","","","","","","","",15000,1,"","",0,1,"","","","",0,1,"","","","","","","","","","","","","","","","","","","","","","","","","","","","","","","","","","","","","","","","","","","","","","","","","","","","","","","","","","","","","",""
"28070001","CHARTRES",48.4605,1.501167,155,1983072109,"","","","",7.,1,100,1,"","","","","","","","","","","","","","","","","","","","","","","","","","","","",19.8,1,11.1,1,"","","","","","","","","","","","","","","","","","","","","","","","","","",59,1,"","","","","","","","","","","","",13.5,1,1022.2,1,"","","","","","",0,1,"","",0,1,0,1,0,1,"","","","","","","","","","","","","","","","","","","","","","","","",15000,1,"","",2,1,0,1,"","","","","","","","","","","","","","","","","","","","","","","","","","","","","","","","","","","","","","","","","","","","","","","","","","","","","","","","","","","","","","","","","",""
"28070001","CHARTRES",48.4605,1.501167,155,1983072112,"","","","",7.,1,100,1,"","","","","","","","","","","","","","","","","","","","","","","","","","","","",24.,1,11.9,1,"","","","","","","","","","","","","","","","","","","","","","","","","","",48,1,"","","","","","","","","","","","",14.3,1,1020.5,1,"","","","","","",2,1,0,1,0,1,0,1,1,1,"","","","","","","","","","","","","","","","","","","","","","","","",20000,1,"","",3,1,0,1,"","","","","","","","","","","","","","","","","","","","","","","","","","","","","","","","","","","","","","","","","","","","","","","","","","","","","","","","","","","","","","","","","",""
"28070001","CHARTRES",48.4605,1.501167,155,1983072115,"","","","",7.,1,100,1,"","","","","","","","","","","","","","","","","","","","","","","","","","","","",26.4,1,11.5,1,"","","","","","","","","","","","","","","","","","","","","","","","","","",40,1,"","","","","","","","","","","","",13.9,1,1018.9,1,"","","","","","",3,1,0,1,0,1,0,1,1,1,"","","","","","","","","","","","","","","","","","","","","","","","",20000,1,"","",3,1,0,1,"","","","","","","","","","","","","","","","","","","","","","","","","","","","","","","","","","","","","","","","","","","","","","","","","","","","","","","","","","","","","","","","","",""
"28070001","CHARTRES",48.4605,1.501167,155,1983072118,"","","","",7.,1,100,1,"","","","","","","","","","","","","","","","","","","","","","","","","","","","",24.5,1,10.7,1,"","","","","","","","","","","","","","","","","","","","","","","","","","",43,1,"","","","","","","","","","","","",13.2,1,1017.2,1,"","","","","","","","",0,1,"","","","","","","","","","","","","","","","","","","","","","","","","","","","","","","","","","","","","","","","","","","","","","","","","","","","","","","","","","","","","","","","","","","","","","","","","","","","","","","","","","","","","","","","","","","","","","","","","","","","","","","",""
"28070001","CHARTRES",48.4605,1.501167,155,1983072121,"","","","",4.,1,80,1,"","","","","","","","","","","","","","","","","","","","","","","","","","","","",18.9,1,11.8,1,"","","","","","","","","","","","","","","","","","","","","","","","","","",65,1,"","","","","","","","","","","","",14.2,1,1017.8,1,"","","","","","","","",0,1,"","","","","","","","","","","","","","","","","","","","","","","","","","","","","","","","","","","","","","","","","","","","","","","","","","","","","","","","","","","","","","","","","","","","","","","","","","","","","","","","","","","","","","","","","","","","","","","","","","","","","","","",""
"28070001","CHARTRES",48.4605,1.501167,155,1983072200,"","","","",6.,1,100,1,"","","","","","","","","","","","","","","","","","","","","","","","","","","","",19.6,1,11.3,1,"","","","","","","","","","","","","","","","","","","","","","","","","","",60,1,"","","","","","","","","","","","",13.7,1,1015.2,1,"","","","","","","","",0,1,"","","","","","","","","","","","","","","","","","","","","","","","","","","","","","","","","","","","","","","","","","","","","","","","","","","","","","","","","","","","","","","","","","","","","","","","","","","","","","","","","","","","","","","","","","","","","","","","","","","","","","","",""
"28070001","CHARTRES",48.4605,1.501167,155,1983072203,"","","","",2.,1,100,1,"","","","","","","","","","","","","","","","","","","","","","","","","","","","",15.8,1,10.2,1,"","","","","","","","","","","","","","","","","","","","","","","","","","",71,1,"","","","","","","","","","","","",12.7,1,1015.1,1,"","","","","","","","",0,1,"","","","","","","","","","","","","","","","","","","","","","","","","","","","","","","","","","","","","","","","","","","","","","","","","","","","","","","","","","","","","","","","","","","","","","","","","","","","","","","","","","","","","","","","","","","","","","","","","","","","","","","",""
"28070001","CHARTRES",48.4605,1.501167,155,1983072206,"","","","",2.,1,120,1,"","","","","","","","","","","","","","","","","","","","","","","","","","","","",16.9,1,10.8,1,"","","","","","","","","","","","","","","","","","","","","","","","","","",69,1,"","","","","","","","","","","","",13.3,1,1014.9,1,"","","","","","",5,1,0,1,5,1,8,1,0,1,"","","","","","","","","","","","","","","","","","","","","","","","",20000,1,"","",0,1,"","","","",0,1,"","","","","","","","","","","","","","","","","","","","","","","","","","","","","","","","","","","","","","","","","","","","","","","","","","","","","","","","","","","","","",""
"28070001","CHARTRES",48.4605,1.501167,155,1983072209,"","","","",3.,1,80,1,"","","","","","","","","","","","","","","","","","","","","","","","","","","","",21.,1,13.6,1,"","","","","","","","","","","","","","","","","","","","","","","","","","",64,1,"","","","","","","","","","","","",16.,1,1012.7,1,"","","","","","",7,1,6,1,2,1,7,1,"","","","","","","","","","","","","","","","","","","","","","","","","","",20000,1,"","",1,1,2,1,"","","","","","","","","","","","","","","","","","","","","","","","","","","","","","","","","","","","","","","","","","","","","","","","","","","","","","","","","","","","","","","","","",""
"28070001","CHARTRES",48.4605,1.501167,155,1983072212,"","","","",3.,1,80,1,"","","","","","","","","","","","","","","","","","","","","","","","","","","","",27.8,1,16.5,1,"","","","","","","","","","","","","","","","","","","","","","","","","","",52,1,"","","","","","","","","","","","",19.4,1,1012.6,1,"","","","","","",5,1,5,1,0,1,0,1,2,1,"","","","","","","","","","","","","","","","","","","","","","","","",20000,1,"","",1,1,9,1,"","","","","","","","","","","","","","","","","","","","","","","","","","","","","","","","","","","","","","","","","","","","","","","","","","","","","","","","","","","","","","","","","",""
"28070001","CHARTRES",48.4605,1.501167,155,1983072215,"","","","",3.,1,160,1,"","","","","","","","","","","","","","","","","","","","","","","","","","","","",30.4,1,17.3,1,"","","","","","","","","","","","","","","","","","","","","","","","","","",47,1,"","","","","","","","","","","","",20.4,1,1011.8,1,"","","","","","",1,1,0,1,9,1,0,1,0,1,"","","","","","","","","","","","","","","","","","","","","","","","",20000,1,"","",3,1,1,1,"","","","","","","","","","","","","","","","","","","","","","","","","","","","","","","","","","","","","","","","","","","","","","","","","","","","","","","","","","","","","","","","","",""
"28070001","CHARTRES",48.4605,1.501167,155,1983072218,"","","","",2.,1,100,1,"","","","","","","","","","","","","","","","","","","","","","","","","","","","",30.2,1,16.1,1,"","","","","","","","","","","","","","","","","","","","","","","","","","",44,1,"","","","","","","","","","","","",18.9,1,1010.8,1,"","","","","","","","",0,1,"","","","","","","","","","","","","","","","","","","","","","","","","","","","","","","","","","","","","","","","","","","","","","","","","","","","","","","","","","","","","","","","","","","","","","","","","","","","","","","","","","","","","","","","","","","","","","","","","","","","","","","",""
"28070001","CHARTRES",48.4605,1.501167,155,1983072221,"","","","",3.,1,300,1,"","","","","","","","","","","","","","","","","","","","","","","","","","","","",24.4,1,21.2,1,"","","","","","","","","","","","","","","","","","","","","","","","","","",86,1,"","","","","","","","","","","","",26.3,1,1012.7,1,"","","","","","","","",0,1,"","","","","","","","","","","","","","","","","","","","","","","","","","","","","","","","","","","","","","","","","","","","","","","","","","","","","","","","","","","","","","","","","","","","","","","","","","","","","","","","","","","","","","","","","","","","","","","","","","","","","","","",""
"28070001","CHARTRES",48.4605,1.501167,155,1983072300,"","","","",2.,1,320,1,"","","","","","","","","","","","","","","","","","","","","","","","","","","","",19.1,1,16.9,1,"","","","","","","","","","","","","","","","","","","","","","","","","","",90,1,"","","","","","","","","","","","",19.9,1,1013.7,1,"","","","","","","","",0,1,"","","","","","","","","","","","","","","","","","","","","","","","","","","","","","","","","","","","","","","","","","","","","","","","","","","","","","","","","","","","","","","","","","","","","","","","","","","","","","","","","","","","","","","","","","","","","","","","","","","","","","","",""
"28070001","CHARTRES",48.4605,1.501167,155,1983072303,"","","","",2.,1,260,1,"","","","","","","","","","","","","","","","","","","","","","","","","","","","",18.,1,15.8,1,"","","","","","","","","","","","","","","","","","","","","","","","","","",90,1,"","","","","","","","","","","","",18.6,1,1015.,1,"","","","","","","","",0,1,"","","","","","","","","","","","","","","","","","","","","","","","","","","","","","","","","","","","","","","","","","","","","","","","","","","","","","","","","","","","","","","","","","","","","","","","","","","","","","","","","","","","","","","","","","","","","","","","","","","","","","","",""
"28070001","CHARTRES",48.4605,1.501167,155,1983072306,"","","","",2.,1,340,1,"","","","","","","","","","","","","","","","","","","","","","","","","","","","",16.8,1,15.3,1,"","","","","","","","","","","","","","","","","","","","","","","","","","",94,1,"","","","","","","","","","","","",17.9,1,1015.1,1,"","","","","","",6,1,6,1,0,1,3,1,2,1,"","","","","","","","","","","","","","","","","","","","","","","","",8000,1,"","",0,1,"","","","",2,1,"","","","","","","","","","","","","","","","","","","","","","","","","","","","","","","","","","","","","","","","","","","","","","","","","","","","","","","","","","","","","",""
"28070001","CHARTRES",48.4605,1.501167,155,1983072309,"","","","",4.,1,300,1,"","","","","","","","","","","","","","","","","","","","","","","","","","","","",21.3,1,14.6,1,"","","","","","","","","","","","","","","","","","","","","","","","","","",68,1,"","","","","","","","","","","","",17.1,1,1014.6,1,"","","","","","",2,1,0,1,1,1,0,1,2,1,"","","","","","","","","","","","","","","","","","","","","","","","",15000,1,"","",3,1,1,1,"","","","","","","","","","","","","","","","","","","","","","","","","","","","","","","","","","","","","","","","","","","","","","","","","","","","","","","","","","","","","","","","","",""
"28070001","CHARTRES",48.4605,1.501167,155,1983072312,"","","","",4.,1,260,1,"","","","","","","","","","","","","","","","","","","","","","","","","","","","",24.6,1,14.2,1,"","","","","","","","","","","","","","","","","","","","","","","","","","",54,1,"","","","","","","","","","","","",16.7,1,1014.,1,"","","","","","","","",0,1,"","","","","","","","","","","","","","","","","","","","","","","","","","","","","","","","","","","","","","","","","","","","","","","","","","","","","","","","","","","","","","","","","","","","","","","","","","","","","","","","","","","","","","","","","","","","","","","","","","","","","","","",""
"28070001","CHARTRES",48.4605,1.501167,155,1983072315,"","","","",3.,1,300,1,"","","","","","","","","","","","","","","","","","","","","","","","","","","","",26.4,1,14.,1,"","","","","","","","","","","","","","","","","","","","","","","","","","",48,1,"","","","","","","","","","","","",16.5,1,1013.1,1,"","","","","","","","",0,1,"","","","","","","","","","","","","","","","","","","","","","","","","","","","","","","","","","","","","","","","","","","","","","","","","","","","","","","","","","","","","","","","","","","","","","","","","","","","","","","","","","","","","","","","","","","","","","","","","","","","","","","",""
"28070001","CHARTRES",48.4605,1.501167,155,1983072318,"","","","",4.,1,300,1,"","","","","","","","","","","","","","","","","","","","","","","","","","","","",23.6,1,13.3,1,"","","","","","","","","","","","","","","","","","","","","","","","","","",54,1,"","","","","","","","","","","","",15.7,1,1012.5,1,"","","","","","","","",0,1,"","","","","","","","","","","","","","","","","","","","","","","","","","","","","","","","","","","","","","","","","","","","","","","","","","","","","","","","","","","","","","","","","","","","","","","","","","","","","","","","","","","","","","","","","","","","","","","","","","","","","","","",""
"28070001","CHARTRES",48.4605,1.501167,155,1983072321,"","","","",2.,1,300,1,"","","","","","","","","","","","","","","","","","","","","","","","","","","","",20.6,1,14.5,1,"","","","","","","","","","","","","","","","","","","","","","","","","","",70,1,"","","","","","","","","","","","",17.,1,1013.2,1,"","","","","","","","",0,1,"","","","","","","","","","","","","","","","","","","","","","","","","","","","","","","","","","","","","","","","","","","","","","","","","","","","","","","","","","","","","","","","","","","","","","","","","","","","","","","","","","","","","","","","","","","","","","","","","","","","","","","",""
"28070001","CHARTRES",48.4605,1.501167,155,1983072400,"","","","",3.,1,300,1,"","","","","","","","","","","","","","","","","","","","","","","","","","","","",18.4,1,14.4,1,"","","","","","","","","","","","","","","","","","","","","","","","","","",80,1,"","","","","","","","","","","","",16.9,1,1012.9,1,"","","","","","","","",0,1,"","","","","","","","","","","","","","","","","","","","","","","","","","","","","","","","","","","","","","","","","","","","","","","","","","","","","","","","","","","","","","","","","","","","","","","","","","","","","","","","","","","","","","","","","","","","","","","","","","","","","","","",""
"28070001","CHARTRES",48.4605,1.501167,155,1983072403,"","","","",1.,1,340,1,"","","","","","","","","","","","","","","","","","","","","","","","","","","","",15.6,1,13.7,1,"","","","","","","","","","","","","","","","","","","","","","","","","","",91,1,"","","","","","","","","","","","",16.1,1,1012.5,1,"","","","","","","","",0,1,"","","","","","","","","","","","","","","","","","","","","","","","","","","","","","","","","","","","","","","","","","","","","","","","","","","","","","","","","","","","","","","","","","","","","","","","","","","","","","","","","","","","","","","","","","","","","","","","","","","","","","","",""
"28070001","CHARTRES",48.4605,1.501167,155,1983072406,"","","","",1.,1,220,1,"","","","","","","","","","","","","","","","","","","","","","","","","","","","",16.4,1,14.6,1,"","","","","","","","","","","","","","","","","","","","","","","","","","",92,1,"","","","","","","","","","","","",17.1,1,1012.6,1,"","","","","","",7,1,5,1,5,1,3,1,"","","","","","","","","","","","","","","","","","","","","","","","","","",12000,1,"","",0,1,"","","","",1,1,"","","","","","","","","","","","","","","","","","","","","","","","","","","","","","","","","","","","","","","","","","","","","","","","","","","","","","","","","","","","","",""
"28070001","CHARTRES",48.4605,1.501167,155,1983072409,"","","","",4.,1,240,1,"","","","","","","","","","","","","","","","","","","","","","","","","","","","",18.4,1,14.5,1,"","","","","","","","","","","","","","","","","","","","","","","","","","",81,1,"","","","","","","","","","","","",17.,1,1012.8,1,"","","","","","",8,1,8,1,5,1,"","","","","","","","","","","","","","","","","","","","","","","","","","","","",20000,1,"","",3,1,2,1,"","","","","","","","","","","","","","","","","","","","","","","","","","","","","","","","","","","","","","","","","","","","","","","","","","","","","","","","","","","","","","","","","",""
"28070001","CHARTRES",48.4605,1.501167,155,1983072412,"","","","",3.,1,240,1,"","","","","","","","","","","","","","","","","","","","","","","","","","","","",23.8,1,18.3,1,"","","","","","","","","","","","","","","","","","","","","","","","","","",74,1,"","","","","","","","","","","","",21.8,1,1012.,1,"","","","","","","","",8,1,"","","","","","","","","","","","","","","","","","","","","","","","","","","","","","","","","","","","","","","","","","","","","","","","","","","","","","","","","","","","","","","","","","","","","","","","","","","","","","","","","","","","","","","","","","","","","","","","","","","","","","","",""
"28070001","CHARTRES",48.4605,1.501167,155,1983072415,"","","","",5.,1,240,1,"","","","","","","","","","","","","","","","","","","","","","","","","","","","",25.,1,14.6,1,"","","","","","","","","","","","","","","","","","","","","","","","","","",54,1,"","","","","","","","","","","","",17.1,1,1011.5,1,"","","","","","","","",8,1,"","","","","","","","","","","","","","","","","","","","","","","","","","","","","","","","","","","","","","","","","","","","","","","","","","","","","","","","","","","","","","","","","","","","","","","","","","","","","","","","","","","","","","","","","","","","","","","","","","","","","","","",""
"28070001","CHARTRES",48.4605,1.501167,155,1983072418,"","","","",2.,1,300,1,"","","","","","","","","","","","","","","","","","","","","","","","","","","","",24.5,1,13.,1,"","","","","","","","","","","","","","","","","","","","","","","","","","",50,1,"","","","","","","","","","","","",15.4,1,1011.3,1,"","","","","","","","",8,1,"","","","","","","","","","","","","","","","","","","","","","","","","","","","","","","","","","","","","","","","","","","","","","","","","","","","","","","","","","","","","","","","","","","","","","","","","","","","","","","","","","","","","","","","","","","","","","","","","","","","","","","",""
"28070001","CHARTRES",48.4605,1.501167,155,1983072421,"","","","",1.,1,360,1,"","","","","","","","","","","","","","","","","","","","","","","","","","","","",19.1,1,15.1,1,"","","","","","","","","","","","","","","","","","","","","","","","","","",80,1,"","","","","","","","","","","","",17.7,1,1012.4,1,"","","","","","","","",8,1,"","","","","","","","","","","","","","","","","","","","","","","","","","","","","","","","","","","","","","","","","","","","","","","","","","","","","","","","","","","","","","","","","","","","","","","","","","","","","","","","","","","","","","","","","","","","","","","","","","","","","","","",""
"28070001","CHARTRES",48.4605,1.501167,155,1983072500,"","","","",1.,1,360,1,"","","","","","","","","","","","","","","","","","","","","","","","","","","","",16.,1,14.4,1,"","","","","","","","","","","","","","","","","","","","","","","","","","",93,1,"","","","","","","","","","","","",16.9,1,1013.,1,"","","","","","","","",8,1,"","","","","","","","","","","","","","","","","","","","","","","","","","","","","","","","","","","","","","","","","","","","","","","","","","","","","","","","","","","","","","","","","","","","","","","","","","","","","","","","","","","","","","","","","","","","","","","","","","","","","","","",""
"28070001","CHARTRES",48.4605,1.501167,155,1983072503,"","","","",1.,1,40,1,"","","","","","","","","","","","","","","","","","","","","","","","","","","","",14.6,1,13.,1,"","","","","","","","","","","","","","","","","","","","","","","","","","",93,1,"","","","","","","","","","","","",15.4,1,1012.8,1,"","","","","","","","",8,1,"","","","","","","","","","","","","","","","","","","","","","","","","","","","","","","","","","","","","","","","","","","","","","","","","","","","","","","","","","","","","","","","","","","","","","","","","","","","","","","","","","","","","","","","","","","","","","","","","","","","","","","",""
"28070001","CHARTRES",48.4605,1.501167,155,1983072506,"","","","",2.,1,80,1,"","","","","","","","","","","","","","","","","","","","","","","","","","","","",15.8,1,13.9,1,"","","","","","","","","","","","","","","","","","","","","","","","","","",91,1,"","","","","","","","","","","","",16.4,1,1012.7,1,"","","","","","",6,1,6,1,0,1,0,1,2,1,"","","","","","","","","","","","","","","","","","","","","","","","",6000,1,"","",0,1,"","","","",0,1,"","","","","","","","","","","","","","","","","","","","","","","","","","","","","","","","","","","","","","","","","","","","","","","","","","","","","","","","","","","","","",""
"28070001","CHARTRES",48.4605,1.501167,155,1983072509,"","","","",5.,1,100,1,"","","","","","","","","","","","","","","","","","","","","","","","","","","","",25.,1,14.2,1,"","","","","","","","","","","","","","","","","","","","","","","","","","",53,1,"","","","","","","","","","","","",16.7,1,1011.8,1,"","","","","","",7,1,5,1,9,1,8,1,2,1,"","","","","","","","","","","","","","","","","","","","","","","","",10000,1,"","",3,1,2,1,"","","","","","","","","","","","","","","","","","","","","","","","","","","","","","","","","","","","","","","","","","","","","","","","","","","","","","","","","","","","","","","","","",""
"28070001","CHARTRES",48.4605,1.501167,155,1983072512,"","","","",7.,1,100,1,"","","","","","","","","","","","","","","","","","","","","","","","","","","","",23.6,1,18.,1,"","","","","","","","","","","","","","","","","","","","","","","","","","",73,1,"","","","","","","","","","","","",21.4,1,1010.9,1,"","","","","","",5,1,0,1,0,1,7,1,3,1,"","","","","","","","","","","","","","","","","","","","","","","","",12000,1,"","",1,1,9,1,"","","","","","","","","","","","","","","","","","","","","","","","","","","","","","","","","","","","","","","","","","","","","","","","","","","","","","","","","","","","","","","","","",""
"28070001","CHARTRES",48.4605,1.501167,155,1983072515,"","","","",6.,1,120,1,"","","","","","","","","","","","","","","","","","","","","","","","","","","","",27.8,1,15.8,1,"","","","","","","","","","","","","","","","","","","","","","","","","","",50,1,"","","","","","","","","","","","",18.5,1,1010.5,1,"","","","","","",3,1,0,1,0,1,0,1,2,1,"","","","","","","","","","","","","","","","","","","","","","","","",20000,1,"","",1,1,1,1,"","","","","","","","","","","","","","","","","","","","","","","","","","","","","","","","","","","","","","","","","","","","","","","","","","","","","","","","","","","","","","","","","",""
"28070001","CHARTRES",48.4605,1.501167,155,1983072518,"","","","",4.,1,100,1,"","","","","","","","","","","","","","","","","","","","","","","","","","","","",27.,1,17.,1,"","","","","","","","","","","","","","","","","","","","","","","","","","",56,1,"","","","","","","","","","","","",20.,1,1010.1,1,"","","","","","","","",0,1,"","","","","","","","","","","","","","","","","","","","","","","","","","","","","","","","","","","","","","","","","","","","","","","","","","","","","","","","","","","","","","","","","","","","","","","","","","","","","","","","","","","","","","","","","","","","","","","","","","","","","","","",""
"28070001","CHARTRES",48.4605,1.501167,155,1983072521,"","","","",3.,1,20,1,"","","","","","","","","","","","","","","","","","","","","","","","","","","","",22.6,1,16.7,1,"","","","","","","","","","","","","","","","","","","","","","","","","","",72,1,"","","","","","","","","","","","",19.7,1,1010.3,1,"","","","","","","","",0,1,"","","","","","","","","","","","","","","","","","","","","","","","","","","","","","","","","","","","","","","","","","","","","","","","","","","","","","","","","","","","","","","","","","","","","","","","","","","","","","","","","","","","","","","","","","","","","","","","","","","","","","","",""
"28070001","CHARTRES",48.4605,1.501167,155,1983072600,"","","","",4.,1,40,1,"","","","","","","","","","","","","","","","","","","","","","","","","","","","",21.5,1,17.9,1,"","","","","","","","","","","","","","","","","","","","","","","","","","",83,1,"","","","","","","","","","","","",21.3,1,1009.4,1,"","","","","","","","",0,1,"","","","","","","","","","","","","","","","","","","","","","","","","","","","","","","","","","","","","","","","","","","","","","","","","","","","","","","","","","","","","","","","","","","","","","","","","","","","","","","","","","","","","","","","","","","","","","","","","","","","","","","",""
"28070001","CHARTRES",48.4605,1.501167,155,1983072603,"","","","",2.,1,20,1,"","","","","","","","","","","","","","","","","","","","","","","","","","","","",17.6,1,16.3,1,"","","","","","","","","","","","","","","","","","","","","","","","","","",95,1,"","","","","","","","","","","","",19.1,1,1010.6,1,"","","","","","","","",0,1,"","","","","","","","","","","","","","","","","","","","","","","","","","","","","","","","","","","","","","","","","","","","","","","","","","","","","","","","","","","","","","","","","","","","","","","","","","","","","","","","","","","","","","","","","","","","","","","","","","","","","","","",""
"28070001","CHARTRES",48.4605,1.501167,155,1983072606,"","","","",2.,1,240,1,"","","","","","","","","","","","","","","","","","","","","","","","","","","","",18.,1,15.5,1,"","","","","","","","","","","","","","","","","","","","","","","","","","",88,1,"","","","","","","","","","","","",18.2,1,1012.1,1,"","","","","","",7,1,7,1,0,1,8,1,3,1,"","","","","","","","","","","","","","","","","","","","","","","","",20000,1,"","",0,1,"","","","",2,1,"","","","","","","","","","","","","","","","","","","","","","","","","","","","","","","","","","","","","","","","","","","","","","","","","","","","","","","","","","","","","",""
"28070001","CHARTRES",48.4605,1.501167,155,1983072609,"","","","",2.,1,280,1,"","","","","","","","","","","","","","","","","","","","","","","","","","","","",21.6,1,17.,1,"","","","","","","","","","","","","","","","","","","","","","","","","","",78,1,"","","","","","","","","","","","",20.1,1,1014.3,1,"","","","","","",7,1,7,1,0,1,8,1,3,1,"","","","","","","","","","","","","","","","","","","","","","","","",20000,1,"","",3,1,2,1,"","","","","","","","","","","","","","","","","","","","","","","","","","","","","","","","","","","","","","","","","","","","","","","","","","","","","","","","","","","","","","","","","",""
"28070001","CHARTRES",48.4605,1.501167,155,1983072612,"","","","",2.,1,160,1,"","","","","","","","","","","","","","","","","","","","","","","","","","","","",24.9,1,17.7,1,"","","","","","","","","","","","","","","","","","","","","","","","","","",67,1,"","","","","","","","","","","","",21.,1,1013.2,1,"","","","","","",7,1,7,1,5,1,0,1,2,1,"","","","","","","","","","","","","","","","","","","","","","","","",20000,1,"","",1,1,8,1,"","","","","","","","","","","","","","","","","","","","","","","","","","","","","","","","","","","","","","","","","","","","","","","","","","","","","","","","","","","","","","","","","",""
"28070001","CHARTRES",48.4605,1.501167,155,1983072615,"","","","",2.,1,220,1,"","","","","","","","","","","","","","","","","","","","","","","","","","","","",28.,1,16.6,1,"","","","","","","","","","","","","","","","","","","","","","","","","","",52,1,"","","","","","","","","","","","",19.5,1,1013.,1,"","","","","","",7,1,7,1,2,1,0,1,2,1,"","","","","","","","","","","","","","","","","","","","","","","","",20000,1,"","",1,1,2,1,"","","","","","","","","","","","","","","","","","","","","","","","","","","","","","","","","","","","","","","","","","","","","","","","","","","","","","","","","","","","","","","","","",""
"28070001","CHARTRES",48.4605,1.501167,155,1983072618,"","","","",2.,1,340,1,"","","","","","","","","","","","","","","","","","","","","","","","","","","","",27.9,1,13.4,1,"","","","","","","","","","","","","","","","","","","","","","","","","","",42,1,"","","","","","","","","","","","",15.8,1,1012.3,1,"","","","","","","","",7,1,"","","","","","","","","","","","","","","","","","","","","","","","","","","","","","","","","","","","","","","","","","","","","","","","","","","","","","","","","","","","","","","","","","","","","","","","","","","","","","","","","","","","","","","","","","","","","","","","","","","","","","","",""
"28070001","CHARTRES",48.4605,1.501167,155,1983072621,"","","","",3.,1,60,1,"","","","","","","","","","","","","","","","","","","","","","","","","","","","",22.7,1,18.6,1,"","","","","","","","","","","","","","","","","","","","","","","","","","",81,1,"","","","","","","","","","","","",22.3,1,1012.4,1,"","","","","","","","",7,1,"","","","","","","","","","","","","","","","","","","","","","","","","","","","","","","","","","","","","","","","","","","","","","","","","","","","","","","","","","","","","","","","","","","","","","","","","","","","","","","","","","","","","","","","","","","","","","","","","","","","","","","",""
"28070001","CHARTRES",48.4605,1.501167,155,1983072700,"","","","",4.,1,20,1,"","","","","","","","","","","","","","","","","","","","","","","","","","","","",19.4,1,19.4,1,"","","","","","","","","","","","","","","","","","","","","","","","","","",99,1,"","","","","","","","","","","","",22.3,1,1015.7,1,"","","","","","","","",7,1,"","","","","","","","","","","","","","","","","","","","","","","","","","","","","","","","","","","","","","","","","","","","","","","","","","","","","","","","","","","","","","","","","","","","","","","","","","","","","","","","","","","","","","","","","","","","","","","","","","","","","","","",""
"28070001","CHARTRES",48.4605,1.501167,155,1983072703,"","","","",4.,1,140,1,"","","","","","","","","","","","","","","","","","","","","","","","","","","","",18.4,1,17.5,1,"","","","","","","","","","","","","","","","","","","","","","","","","","",98,1,"","","","","","","","","","","","",20.7,1,1013.5,1,"","","","","","","","",7,1,"","","","","","","","","","","","","","","","","","","","","","","","","","","","","","","","","","","","","","","","","","","","","","","","","","","","","","","","","","","","","","","","","","","","","","","","","","","","","","","","","","","","","","","","","","","","","","","","","","","","","","","",""
"28070001","CHARTRES",48.4605,1.501167,155,1983072706,"","","","",1.,1,240,1,"","","","","","","","","","","","","","","","","","","","","","","","","","","","",18.,1,17.1,1,"","","","","","","","","","","","","","","","","","","","","","","","","","",98,1,"","","","","","","","","","","","",20.2,1,1017.,1,"","","","","","",7,1,5,1,6,1,7,1,2,1,"","","","","","","","","","","","","","","","","","","","","","","","",10000,1,"","",0,1,"","","","",2,1,"","","","","","","","","","","","","","","","","","","","","","","","","","","","","","","","","","","","","","","","","","","","","","","","","","","","","","","","","","","","","",""
"28070001","CHARTRES",48.4605,1.501167,155,1983072709,"","","","",1.,1,140,1,"","","","","","","","","","","","","","","","","","","","","","","","","","","","",19.,1,17.6,1,"","","","","","","","","","","","","","","","","","","","","","","","","","",95,1,"","","","","","","","","","","","",20.9,1,1017.1,1,"","","","","","",8,1,6,1,6,1,7,1,"","","","","","","","","","","","","","","","","","","","","","","","","","",15000,1,"","",1,1,6,1,"","","","","","","","","","","","","","","","","","","","","","","","","","","","","","","","","","","","","","","","","","","","","","","","","","","","","","","","","","","","","","","","","",""
"28070001","CHARTRES",48.4605,1.501167,155,1983072712,"","","","",1.,1,60,1,"","","","","","","","","","","","","","","","","","","","","","","","","","","","",23.3,1,20.4,1,"","","","","","","","","","","","","","","","","","","","","","","","","","",87,1,"","","","","","","","","","","","",24.9,1,1016.,1,"","","","","","",8,1,5,1,0,1,7,1,"","","","","","","","","","","","","","","","","","","","","","","","","","",20000,1,"","",3,1,6,1,"","","","","","","","","","","","","","","","","","","","","","","","","","","","","","","","","","","","","","","","","","","","","","","","","","","","","","","","","","","","","","","","","",""
"28070001","CHARTRES",48.4605,1.501167,155,1983072715,"","","","",3.,1,80,1,"","","","","","","","","","","","","","","","","","","","","","","","","","","","",24.1,1,20.1,1,"","","","","","","","","","","","","","","","","","","","","","","","","","",82,1,"","","","","","","","","","","","",24.5,1,1015.6,1,"","","","","","",8,1,8,1,0,1,7,1,"","","","","","","","","","","","","","","","","","","","","","","","","","",20000,1,"","",2,1,2,1,"","","","","","","","","","","","","","","","","","","","","","","","","","","","","","","","","","","","","","","","","","","","","","","","","","","","","","","","","","","","","","","","","",""
"28070001","CHARTRES",48.4605,1.501167,155,1983072718,"","","","",5.,1,40,1,"","","","","","","","","","","","","","","","","","","","","","","","","","","","",24.6,1,20.4,1,"","","","","","","","","","","","","","","","","","","","","","","","","","",81,1,"","","","","","","","","","","","",25.,1,1014.1,1,"","","","","","","","",0,1,"","","","","","","","","","","","","","","","","","","","","","","","","","","","","","","","","","","","","","","","","","","","","","","","","","","","","","","","","","","","","","","","","","","","","","","","","","","","","","","","","","","","","","","","","","","","","","","","","","","","","","","",""
"28070001","CHARTRES",48.4605,1.501167,155,1983072721,"","","","",8.,1,60,1,"","","","","","","","","","","","","","","","","","","","","","","","","","","","",22.6,1,20.9,1,"","","","","","","","","","","","","","","","","","","","","","","","","","",94,1,"","","","","","","","","","","","",25.8,1,1014.3,1,"","","","","","","","",0,1,"","","","","","","","","","","","","","","","","","","","","","","","","","","","","","","","","","","","","","","","","","","","","","","","","","","","","","","","","","","","","","","","","","","","","","","","","","","","","","","","","","","","","","","","","","","","","","","","","","","","","","","",""
"28070001","CHARTRES",48.4605,1.501167,155,1983072800,"","","","",6.,1,40,1,"","","","","","","","","","","","","","","","","","","","","","","","","","","","",19.9,1,18.5,1,"","","","","","","","","","","","","","","","","","","","","","","","","","",95,1,"","","","","","","","","","","","",22.1,1,1015.8,1,"","","","","","","","",0,1,"","","","","","","","","","","","","","","","","","","","","","","","","","","","","","","","","","","","","","","","","","","","","","","","","","","","","","","","","","","","","","","","","","","","","","","","","","","","","","","","","","","","","","","","","","","","","","","","","","","","","","","",""
"28070001","CHARTRES",48.4605,1.501167,155,1983072803,"","","","",2.,1,40,1,"","","","","","","","","","","","","","","","","","","","","","","","","","","","",19.,1,17.6,1,"","","","","","","","","","","","","","","","","","","","","","","","","","",95,1,"","","","","","","","","","","","",20.9,1,1015.8,1,"","","","","","","","",0,1,"","","","","","","","","","","","","","","","","","","","","","","","","","","","","","","","","","","","","","","","","","","","","","","","","","","","","","","","","","","","","","","","","","","","","","","","","","","","","","","","","","","","","","","","","","","","","","","","","","","","","","","",""
"28070001","CHARTRES",48.4605,1.501167,155,1983072806,"","","","",3.,1,60,1,"","","","","","","","","","","","","","","","","","","","","","","","","","","","",18.6,1,17.4,1,"","","","","","","","","","","","","","","","","","","","","","","","","","",96,1,"","","","","","","","","","","","",20.6,1,1016.6,1,"","","","","","",9,1,"","","","","","","","","","","","","","","","","","","","","","","","","","","","","","","","",800,1,"","",45,1,"","","","",2,1,"","","","","","","","","","","","","","","","","","","","","","","","","","","","","","","","","","","","","","","","","","","","","","","","","","","","","","","","","","","","","",""
"28070001","CHARTRES",48.4605,1.501167,155,1983072809,"","","","",4.,1,80,1,"","","","","","","","","","","","","","","","","","","","","","","","","","","","",20.7,1,18.9,1,"","","","","","","","","","","","","","","","","","","","","","","","","","",93,1,"","","","","","","","","","","","",22.6,1,1018.2,1,"","","","","","",8,1,7,1,7,1,"","","","","","","","","","","","","","","","","","","","","","","","","","","","",2000,1,"","",10,1,4,1,"","","","","","","","","","","","","","","","","","","","","","","","","","","","","","","","","","","","","","","","","","","","","","","","","","","","","","","","","","","","","","","","","",""
"28070001","CHARTRES",48.4605,1.501167,155,1983072812,"","","","",4.,1,80,1,"","","","","","","","","","","","","","","","","","","","","","","","","","","","",24.,1,19.4,1,"","","","","","","","","","","","","","","","","","","","","","","","","","",78,1,"","","","","","","","","","","","",23.4,1,1018.7,1,"","","","","","",6,1,6,1,2,1,0,1,0,1,"","","","","","","","","","","","","","","","","","","","","","","","",6000,1,"","",1,1,4,1,"","","","","","","","","","","","","","","","","","","","","","","","","","","","","","","","","","","","","","","","","","","","","","","","","","","","","","","","","","","","","","","","","",""
"28070001","CHARTRES",48.4605,1.501167,155,1983072815,"","","","",2.,1,220,1,"","","","","","","","","","","","","","","","","","","","","","","","","","","","",26.3,1,18.1,1,"","","","","","","","","","","","","","","","","","","","","","","","","","",63,1,"","","","","","","","","","","","",21.5,1,1019.2,1,"","","","","","",6,1,6,1,3,1,0,1,0,1,"","","","","","","","","","","","","","","","","","","","","","","","",20000,1,"","",3,1,2,1,"","","","","","","","","","","","","","","","","","","","","","","","","","","","","","","","","","","","","","","","","","","","","","","","","","","","","","","","","","","","","","","","","",""
"28070001","CHARTRES",48.4605,1.501167,155,1983072818,"","","","",4.,1,60,1,"","","","","","","","","","","","","","","","","","","","","","","","","","","","",25.4,1,19.4,1,"","","","","","","","","","","","","","","","","","","","","","","","","","",72,1,"","","","","","","","","","","","",23.4,1,1019.6,1,"","","","","","","","",6,1,"","","","","","","","","","","","","","","","","","","","","","","","","","","","","","","","","","","","","","","","","","","","","","","","","","","","","","","","","","","","","","","","","","","","","","","","","","","","","","","","","","","","","","","","","","","","","","","","","","","","","","","",""
"28070001","CHARTRES",48.4605,1.501167,155,1983072821,"","","","",4.,1,40,1,"","","","","","","","","","","","","","","","","","","","","","","","","","","","",21.4,1,19.3,1,"","","","","","","","","","","","","","","","","","","","","","","","","","",91,1,"","","","","","","","","","","","",23.2,1,1021.5,1,"","","","","","","","",6,1,"","","","","","","","","","","","","","","","","","","","","","","","","","","","","","","","","","","","","","","","","","","","","","","","","","","","","","","","","","","","","","","","","","","","","","","","","","","","","","","","","","","","","","","","","","","","","","","","","","","","","","","",""
"28070001","CHARTRES",48.4605,1.501167,155,1983072900,"","","","",4.,1,20,1,"","","","","","","","","","","","","","","","","","","","","","","","","","","","",18.8,1,17.3,1,"","","","","","","","","","","","","","","","","","","","","","","","","","",94,1,"","","","","","","","","","","","",20.4,1,1023.1,1,"","","","","","","","",6,1,"","","","","","","","","","","","","","","","","","","","","","","","","","","","","","","","","","","","","","","","","","","","","","","","","","","","","","","","","","","","","","","","","","","","","","","","","","","","","","","","","","","","","","","","","","","","","","","","","","","","","","","",""
"28070001","CHARTRES",48.4605,1.501167,155,1983072903,"","","","",4.,1,40,1,"","","","","","","","","","","","","","","","","","","","","","","","","","","","",17.,1,15.7,1,"","","","","","","","","","","","","","","","","","","","","","","","","","",95,1,"","","","","","","","","","","","",18.4,1,1023.3,1,"","","","","","","","",6,1,"","","","","","","","","","","","","","","","","","","","","","","","","","","","","","","","","","","","","","","","","","","","","","","","","","","","","","","","","","","","","","","","","","","","","","","","","","","","","","","","","","","","","","","","","","","","","","","","","","","","","","","",""
"28070001","CHARTRES",48.4605,1.501167,155,1983072906,"","","","",3.,1,40,1,"","","","","","","","","","","","","","","","","","","","","","","","","","","","",16.8,1,15.3,1,"","","","","","","","","","","","","","","","","","","","","","","","","","",94,1,"","","","","","","","","","","","",17.9,1,1024.3,1,"","","","","","",8,1,8,1,6,1,"","","","","","","","","","","","","","","","","","","","","","","","","","","","",1400,1,"","",10,1,"","","","",0,1,"","","","","","","","","","","","","","","","","","","","","","","","","","","","","","","","","","","","","","","","","","","","","","","","","","","","","","","","","","","","","",""
"28070001","CHARTRES",48.4605,1.501167,155,1983072909,"","","","",5.,1,60,1,"","","","","","","","","","","","","","","","","","","","","","","","","","","","",22.,1,15.9,1,"","","","","","","","","","","","","","","","","","","","","","","","","","",71,1,"","","","","","","","","","","","",18.7,1,1024.8,1,"","","","","","",2,1,0,1,0,1,0,1,1,1,"","","","","","","","","","","","","","","","","","","","","","","","",10000,1,"","",1,1,1,1,"","","","","","","","","","","","","","","","","","","","","","","","","","","","","","","","","","","","","","","","","","","","","","","","","","","","","","","","","","","","","","","","","",""
"28070001","CHARTRES",48.4605,1.501167,155,1983072912,"","","","",4.,1,60,1,"","","","","","","","","","","","","","","","","","","","","","","","","","","","",25.,1,14.6,1,"","","","","","","","","","","","","","","","","","","","","","","","","","",54,1,"","","","","","","","","","","","",17.1,1,1024.2,1,"","","","","","",3,1,0,1,0,1,0,1,1,1,"","","","","","","","","","","","","","","","","","","","","","","","",18000,1,"","",3,1,1,1,"","","","","","","","","","","","","","","","","","","","","","","","","","","","","","","","","","","","","","","","","","","","","","","","","","","","","","","","","","","","","","","","","",""
"28070001","CHARTRES",48.4605,1.501167,155,1983072915,"","","","",5.,1,80,1,"","","","","","","","","","","","","","","","","","","","","","","","","","","","",26.8,1,14.5,1,"","","","","","","","","","","","","","","","","","","","","","","","","","",48,1,"","","","","","","","","","","","",17.,1,1023.1,1,"","","","","","",5,1,5,1,0,1,0,1,2,1,"","","","","","","","","","","","","","","","","","","","","","","","",20000,1,"","",3,1,1,1,"","","","","","","","","","","","","","","","","","","","","","","","","","","","","","","","","","","","","","","","","","","","","","","","","","","","","","","","","","","","","","","","","",""
"28070001","CHARTRES",48.4605,1.501167,155,1983072918,"","","","",3.,1,100,1,"","","","","","","","","","","","","","","","","","","","","","","","","","","","",25.7,1,17.3,1,"","","","","","","","","","","","","","","","","","","","","","","","","","",62,1,"","","","","","","","","","","","",20.5,1,1022.1,1,"","","","","","","","",5,1,"","","","","","","","","","","","","","","","","","","","","","","","","","","","","","","","","","","","","","","","","","","","","","","","","","","","","","","","","","","","","","","","","","","","","","","","","","","","","","","","","","","","","","","","","","","","","","","","","","","","","","","",""
"28070001","CHARTRES",48.4605,1.501167,155,1983072921,"","","","",3.,1,80,1,"","","","","","","","","","","","","","","","","","","","","","","","","","","","",21.1,1,18.6,1,"","","","","","","","","","","","","","","","","","","","","","","","","","",89,1,"","","","","","","","","","","","",22.3,1,1021.7,1,"","","","","","","","",5,1,"","","","","","","","","","","","","","","","","","","","","","","","","","","","","","","","","","","","","","","","","","","","","","","","","","","","","","","","","","","","","","","","","","","","","","","","","","","","","","","","","","","","","","","","","","","","","","","","","","","","","","","",""
"28070001","CHARTRES",48.4605,1.501167,155,1983073000,"","","","",3.,1,40,1,"","","","","","","","","","","","","","","","","","","","","","","","","","","","",18.2,1,16.8,1,"","","","","","","","","","","","","","","","","","","","","","","","","","",95,1,"","","","","","","","","","","","",19.8,1,1022.,1,"","","","","","","","",5,1,"","","","","","","","","","","","","","","","","","","","","","","","","","","","","","","","","","","","","","","","","","","","","","","","","","","","","","","","","","","","","","","","","","","","","","","","","","","","","","","","","","","","","","","","","","","","","","","","","","","","","","","",""
"28070001","CHARTRES",48.4605,1.501167,155,1983073003,"","","","",3.,1,20,1,"","","","","","","","","","","","","","","","","","","","","","","","","","","","",16.8,1,15.7,1,"","","","","","","","","","","","","","","","","","","","","","","","","","",96,1,"","","","","","","","","","","","",18.4,1,1021.1,1,"","","","","","","","",5,1,"","","","","","","","","","","","","","","","","","","","","","","","","","","","","","","","","","","","","","","","","","","","","","","","","","","","","","","","","","","","","","","","","","","","","","","","","","","","","","","","","","","","","","","","","","","","","","","","","","","","","","","",""
"28070001","CHARTRES",48.4605,1.501167,155,1983073006,"","","","",3.,1,40,1,"","","","","","","","","","","","","","","","","","","","","","","","","","","","",17.1,1,15.9,1,"","","","","","","","","","","","","","","","","","","","","","","","","","",96,1,"","","","","","","","","","","","",18.7,1,1020.7,1,"","","","","","",0,1,"","",0,1,0,1,0,1,"","","","","","","","","","","","","","","","","","","","","","","","",4500,1,"","",10,1,"","","","",1,1,"","","","","","","","","","","","","","","","","","","","","","","","","","","","","","","","","","","","","","","","","","","","","","","","","","","","","","","","","","","","","",""
"28070001","CHARTRES",48.4605,1.501167,155,1983073009,"","","","",5.,1,120,1,"","","","","","","","","","","","","","","","","","","","","","","","","","","","",25.4,1,17.9,1,"","","","","","","","","","","","","","","","","","","","","","","","","","",66,1,"","","","","","","","","","","","",21.3,1,1019.4,1,"","","","","","",0,1,"","",0,1,0,1,0,1,"","","","","","","","","","","","","","","","","","","","","","","","",15000,1,"","",2,1,0,1,"","","","","","","","","","","","","","","","","","","","","","","","","","","","","","","","","","","","","","","","","","","","","","","","","","","","","","","","","","","","","","","","","",""
"28070001","CHARTRES",48.4605,1.501167,155,1983073012,"","","","",5.,1,100,1,"","","","","","","","","","","","","","","","","","","","","","","","","","","","",28.5,1,18.6,1,"","","","","","","","","","","","","","","","","","","","","","","","","","",57,1,"","","","","","","","","","","","",22.2,1,1017.8,1,"","","","","","","","","","","","","","","","","","","","","","","","","","","","","","","","","","","","","","","","","","","","","","","","","","","","","","","","","","","","","","","","","","","","","","","","","","","","","","","","","","","","","","","","","","","","","","","","","","","","","","","","","","","","","","","","","",""
"28070001","CHARTRES",48.4605,1.501167,155,1983073015,"","","","",4.,1,120,1,"","","","","","","","","","","","","","","","","","","","","","","","","","","","",30.8,1,17.3,1,"","","","","","","","","","","","","","","","","","","","","","","","","","",46,1,"","","","","","","","","","","","",20.4,1,1015.8,1,"","","","","","","","","","","","","","","","","","","","","","","","","","","","","","","","","","","","","","","","","","","","","","","","","","","","","","","","","","","","","","","","","","","","","","","","","","","","","","","","","","","","","","","","","","","","","","","","","","","","","","","","","","","","","","","","","",""
"28070001","CHARTRES",48.4605,1.501167,155,1983073018,"","","","",4.,1,120,1,"","","","","","","","","","","","","","","","","","","","","","","","","","","","",29.9,1,17.1,1,"","","","","","","","","","","","","","","","","","","","","","","","","","",48,1,"","","","","","","","","","","","",20.2,1,1014.4,1,"","","","","","","","","","","","","","","","","","","","","","","","","","","","","","","","","","","","","","","","","","","","","","","","","","","","","","","","","","","","","","","","","","","","","","","","","","","","","","","","","","","","","","","","","","","","","","","","","","","","","","","","","","","","","","","","","",""
"28070001","CHARTRES",48.4605,1.501167,155,1983073021,"","","","",2.,1,60,1,"","","","","","","","","","","","","","","","","","","","","","","","","","","","",23.1,1,19.5,1,"","","","","","","","","","","","","","","","","","","","","","","","","","",83,1,"","","","","","","","","","","","",23.5,1,1014.3,1,"","","","","","","","","","","","","","","","","","","","","","","","","","","","","","","","","","","","","","","","","","","","","","","","","","","","","","","","","","","","","","","","","","","","","","","","","","","","","","","","","","","","","","","","","","","","","","","","","","","","","","","","","","","","","","","","","",""
"28070001","CHARTRES",48.4605,1.501167,155,1983073100,"","","","",3.,1,60,1,"","","","","","","","","","","","","","","","","","","","","","","","","","","","",20.1,1,18.6,1,"","","","","","","","","","","","","","","","","","","","","","","","","","",95,1,"","","","","","","","","","","","",22.3,1,1013.5,1,"","","","","","","","","","","","","","","","","","","","","","","","","","","","","","","","","","","","","","","","","","","","","","","","","","","","","","","","","","","","","","","","","","","","","","","","","","","","","","","","","","","","","","","","","","","","","","","","","","","","","","","","","","","","","","","","","",""
"28070001","CHARTRES",48.4605,1.501167,155,1983073103,"","","","",3.,1,60,1,"","","","","","","","","","","","","","","","","","","","","","","","","","","","",18.6,1,17.,1,"","","","","","","","","","","","","","","","","","","","","","","","","","",94,1,"","","","","","","","","","","","",20.1,1,1011.2,1,"","","","","","","","","","","","","","","","","","","","","","","","","","","","","","","","","","","","","","","","","","","","","","","","","","","","","","","","","","","","","","","","","","","","","","","","","","","","","","","","","","","","","","","","","","","","","","","","","","","","","","","","","","","","","","","","","",""
"28070001","CHARTRES",48.4605,1.501167,155,1983073106,"","","","",5.,1,100,1,"","","","","","","","","","","","","","","","","","","","","","","","","","","","",19.5,1,16.5,1,"","","","","","","","","","","","","","","","","","","","","","","","","","",86,1,"","","","","","","","","","","","",19.4,1,1009.1,1,"","","","","","",5,1,5,1,0,1,8,1,2,1,"","","","","","","","","","","","","","","","","","","","","","","","",20000,1,"","",0,1,"","","","",0,1,"","","","","","","","","","","","","","","","","","","","","","","","","","","","","","","","","","","","","","","","","","","","","","","","","","","","","","","","","","","","","",""
"28070001","CHARTRES",48.4605,1.501167,155,1983073109,"","","","",4.,1,180,1,"","","","","","","","","","","","","","","","","","","","","","","","","","","","",27.8,1,17.9,1,"","","","","","","","","","","","","","","","","","","","","","","","","","",57,1,"","","","","","","","","","","","",21.3,1,1007.7,1,"","","","","","",7,1,7,1,0,1,8,1,2,1,"","","","","","","","","","","","","","","","","","","","","","","","",20000,1,"","",1,1,2,1,"","","","","","","","","","","","","","","","","","","","","","","","","","","","","","","","","","","","","","","","","","","","","","","","","","","","","","","","","","","","","","","","","",""
"28070001","CHARTRES",48.4605,1.501167,155,1983073112,"","","","",4.,1,220,1,"","","","","","","","","","","","","","","","","","","","","","","","","","","","",30.1,1,18.6,1,"","","","","","","","","","","","","","","","","","","","","","","","","","",52,1,"","","","","","","","","","","","",22.2,1,1006.3,1,"","","","","","","","",7,1,"","","","","","","","","","","","","","","","","","","","","","","","","","","","","","","","","","","","","","","","","","","","","","","","","","","","","","","","","","","","","","","","","","","","","","","","","","","","","","","","","","","","","","","","","","","","","","","","","","","","","","","",""
"28070001","CHARTRES",48.4605,1.501167,155,1983073115,"","","","",5.,1,260,1,"","","","","","","","","","","","","","","","","","","","","","","","","","","","",28.7,1,16.7,1,"","","","","","","","","","","","","","","","","","","","","","","","","","",50,1,"","","","","","","","","","","","",19.7,1,1006.1,1,"","","","","","","","",7,1,"","","","","","","","","","","","","","","","","","","","","","","","","","","","","","","","","","","","","","","","","","","","","","","","","","","","","","","","","","","","","","","","","","","","","","","","","","","","","","","","","","","","","","","","","","","","","","","","","","","","","","","",""
"28070001","CHARTRES",48.4605,1.501167,155,1983073118,"","","","",5.,1,240,1,"","","","","","","","","","","","","","","","","","","","","","","","","","","","",27.9,1,22.1,1,"","","","","","","","","","","","","","","","","","","","","","","","","","",74,1,"","","","","","","","","","","","",27.8,1,1004.9,1,"","","","","","","","",7,1,"","","","","","","","","","","","","","","","","","","","","","","","","","","","","","","","","","","","","","","","","","","","","","","","","","","","","","","","","","","","","","","","","","","","","","","","","","","","","","","","","","","","","","","","","","","","","","","","","","","","","","","",""
"28070001","CHARTRES",48.4605,1.501167,155,1983073121,"","","","",5.,1,260,1,"","","","","","","","","","","","","","","","","","","","","","","","","","","","",23.7,1,21.3,1,"","","","","","","","","","","","","","","","","","","","","","","","","","",90,1,"","","","","","","","","","","","",26.4,1,1006.3,1,"","","","","","","","",7,1,"","","","","","","","","","","","","","","","","","","","","","","","","","","","","","","","","","","","","","","","","","","","","","","","","","","","","","","","","","","","","","","","","","","","","","","","","","","","","","","","","","","","","","","","","","","","","","","","","","","","","","","",""
"28070001","CHARTRES",48.4605,1.501167,155,1983080100,"","","","",5.,1,220,1,"","","","","","","","","","","","","","","","","","","","","","","","","","","","",20.7,1,19.4,1,"","","","","","","","","","","","","","","","","","","","","","","","","","",96,1,"","","","","","","","","","","","",23.4,1,1006.1,1,"","","","","","","","","","","","","","","","","","","","","","","","","","","","","","","","","","","","","","","","","","","","","","","","","","","","","","","","","","","","","","","","","","","","","","","","","","","","","","","","","","","","","","","","","","","","","","","","","","","","","","","","","","","","","","","","","",""
"28070001","CHARTRES",48.4605,1.501167,155,1983080103,"","","","",7.,1,260,1,"","","","","","","","","","","","","","","","","","","","","","","","","","","","",19.5,1,17.3,1,"","","","","","","","","","","","","","","","","","","","","","","","","","",90,1,"","","","","","","","","","","","",20.4,1,1006.4,1,"","","","","","","","","","","","","","","","","","","","","","","","","","","","","","","","","","","","","","","","","","","","","","","","","","","","","","","","","","","","","","","","","","","","","","","","","","","","","","","","","","","","","","","","","","","","","","","","","","","","","","","","","","","","","","","","","",""
"28070001","CHARTRES",48.4605,1.501167,155,1983080106,"","","","",3.,1,280,1,"","","","","","","","","","","","","","","","","","","","","","","","","","","","",18.6,1,16.1,1,"","","","","","","","","","","","","","","","","","","","","","","","","","",88,1,"","","","","","","","","","","","",18.9,1,1008.7,1,"","","","","","",7,1,7,1,5,1,"","","","","","","","","","","","","","","","","","","","","","","","","","","","",8000,1,"","",60,1,"","","","",1,1,"","","","","","","","","","","","","","","","","","","","","","","","","","","","","","","","","","","","","","","","","","","","","","","","","","","","","","","","","","","","","",""
"28070001","CHARTRES",48.4605,1.501167,155,1983080109,"","","","",4.,1,280,1,"","","","","","","","","","","","","","","","","","","","","","","","","","","","",19.3,1,17.3,1,"","","","","","","","","","","","","","","","","","","","","","","","","","",91,1,"","","","","","","","","","","","",20.4,1,1010.,1,"","","","","","",8,1,8,1,5,1,"","","","","","","","","","","","","","","","","","","","","","","","","","","","",10000,1,"","",1,1,6,1,"","","","","","","","","","","","","","","","","","","","","","","","","","","","","","","","","","","","","","","","","","","","","","","","","","","","","","","","","","","","","","","","","",""
"28070001","CHARTRES",48.4605,1.501167,155,1983080112,"","","","",6.,1,300,1,"","","","","","","","","","","","","","","","","","","","","","","","","","","","",20.4,1,15.1,1,"","","","","","","","","","","","","","","","","","","","","","","","","","",74,1,"","","","","","","","","","","","",17.7,1,1012.,1,"","","","","","",7,1,5,1,2,1,8,1,"","","","","","","","","","","","","","","","","","","","","","","","","","",12000,1,"","",3,1,6,1,"","","","","","","","","","","","","","","","","","","","","","","","","","","","","","","","","","","","","","","","","","","","","","","","","","","","","","","","","","","","","","","","","",""
"28070001","CHARTRES",48.4605,1.501167,155,1983080115,"","","","",6.,1,320,1,"","","","","","","","","","","","","","","","","","","","","","","","","","","","",20.8,1,11.5,1,"","","","","","","","","","","","","","","","","","","","","","","","","","",57,1,"","","","","","","","","","","","",13.9,1,1013.3,1,"","","","","","",5,1,5,1,2,1,0,1,0,1,"","","","","","","","","","","","","","","","","","","","","","","","",20000,1,"","",1,1,2,1,"","","","","","","","","","","","","","","","","","","","","","","","","","","","","","","","","","","","","","","","","","","","","","","","","","","","","","","","","","","","","","","","","",""
"28070001","CHARTRES",48.4605,1.501167,155,1983080118,"","","","",4.,1,320,1,"","","","","","","","","","","","","","","","","","","","","","","","","","","","",19.6,1,10.3,1,"","","","","","","","","","","","","","","","","","","","","","","","","","",56,1,"","","","","","","","","","","","",12.8,1,1014.5,1,"","","","","","","","",5,1,"","","","","","","","","","","","","","","","","","","","","","","","","","","","","","","","","","","","","","","","","","","","","","","","","","","","","","","","","","","","","","","","","","","","","","","","","","","","","","","","","","","","","","","","","","","","","","","","","","","","","","","",""
"28070001","CHARTRES",48.4605,1.501167,155,1983080121,"","","","",2.,1,300,1,"","","","","","","","","","","","","","","","","","","","","","","","","","","","",16.5,1,9.1,1,"","","","","","","","","","","","","","","","","","","","","","","","","","",63,1,"","","","","","","","","","","","",11.8,1,1015.3,1,"","","","","","","","",5,1,"","","","","","","","","","","","","","","","","","","","","","","","","","","","","","","","","","","","","","","","","","","","","","","","","","","","","","","","","","","","","","","","","","","","","","","","","","","","","","","","","","","","","","","","","","","","","","","","","","","","","","","",""
"28070001","CHARTRES",48.4605,1.501167,155,1983080200,"","","","",2.,1,320,1,"","","","","","","","","","","","","","","","","","","","","","","","","","","","",14.9,1,9.3,1,"","","","","","","","","","","","","","","","","","","","","","","","","","",71,1,"","","","","","","","","","","","",12.,1,1016.,1,"","","","","","","","",5,1,"","","","","","","","","","","","","","","","","","","","","","","","","","","","","","","","","","","","","","","","","","","","","","","","","","","","","","","","","","","","","","","","","","","","","","","","","","","","","","","","","","","","","","","","","","","","","","","","","","","","","","","",""
"28070001","CHARTRES",48.4605,1.501167,155,1983080203,"","","","",1.,1,300,1,"","","","","","","","","","","","","","","","","","","","","","","","","","","","",13.5,1,9.8,1,"","","","","","","","","","","","","","","","","","","","","","","","","","",80,1,"","","","","","","","","","","","",12.4,1,1016.1,1,"","","","","","","","",5,1,"","","","","","","","","","","","","","","","","","","","","","","","","","","","","","","","","","","","","","","","","","","","","","","","","","","","","","","","","","","","","","","","","","","","","","","","","","","","","","","","","","","","","","","","","","","","","","","","","","","","","","","",""
"28070001","CHARTRES",48.4605,1.501167,155,1983080206,"","","","",4.,1,280,1,"","","","","","","","","","","","","","","","","","","","","","","","","","","","",13.3,1,10.8,1,"","","","","","","","","","","","","","","","","","","","","","","","","","",87,1,"","","","","","","","","","","","",13.3,1,1016.2,1,"","","","","","",2,1,0,1,5,1,0,1,1,1,"","","","","","","","","","","","","","","","","","","","","","","","",20000,1,"","",0,1,"","","","",0,1,"","","","","","","","","","","","","","","","","","","","","","","","","","","","","","","","","","","","","","","","","","","","","","","","","","","","","","","","","","","","","",""
"28070001","CHARTRES",48.4605,1.501167,155,1983080209,"","","","",5.,1,300,1,"","","","","","","","","","","","","","","","","","","","","","","","","","","","",16.5,1,9.9,1,"","","","","","","","","","","","","","","","","","","","","","","","","","",67,1,"","","","","","","","","","","","",12.5,1,1016.3,1,"","","","","","",5,1,5,1,2,1,0,1,0,1,"","","","","","","","","","","","","","","","","","","","","","","","",30000,1,"","",3,1,1,1,"","","","","","","","","","","","","","","","","","","","","","","","","","","","","","","","","","","","","","","","","","","","","","","","","","","","","","","","","","","","","","","","","",""
"28070001","CHARTRES",48.4605,1.501167,155,1983080212,"","","","",5.,1,320,1,"","","","","","","","","","","","","","","","","","","","","","","","","","","","",18.1,1,10.4,1,"","","","","","","","","","","","","","","","","","","","","","","","","","",62,1,"","","","","","","","","","","","",12.9,1,1016.,1,"","","","","","",7,1,7,1,4,1,"","","","","","","","","","","","","","","","","","","","","","","","","","","","",30000,1,"","",3,1,1,1,"","","","","","","","","","","","","","","","","","","","","","","","","","","","","","","","","","","","","","","","","","","","","","","","","","","","","","","","","","","","","","","","","",""
"28070001","CHARTRES",48.4605,1.501167,155,1983080215,"","","","",7.,1,360,1,"","","","","","","","","","","","","","","","","","","","","","","","","","","","",14.,1,11.4,1,"","","","","","","","","","","","","","","","","","","","","","","","","","",86,1,"","","","","","","","","","","","",13.8,1,1017.5,1,"","","","","","","","",0,1,"","","","","","","","","","","","","","","","","","","","","","","","","","","","","","","","","","","","","","","","","","","","","","","","","","","","","","","","","","","","","","","","","","","","","","","","","","","","","","","","","","","","","","","","","","","","","","","","","","","","","","","",""
"28070001","CHARTRES",48.4605,1.501167,155,1983080218,"","","","",4.,1,360,1,"","","","","","","","","","","","","","","","","","","","","","","","","","","","",14.6,1,11.6,1,"","","","","","","","","","","","","","","","","","","","","","","","","","",84,1,"","","","","","","","","","","","",14.,1,1018.4,1,"","","","","","","","",0,1,"","","","","","","","","","","","","","","","","","","","","","","","","","","","","","","","","","","","","","","","","","","","","","","","","","","","","","","","","","","","","","","","","","","","","","","","","","","","","","","","","","","","","","","","","","","","","","","","","","","","","","","",""
"28070001","CHARTRES",48.4605,1.501167,155,1983080221,"","","","",2.,1,320,1,"","","","","","","","","","","","","","","","","","","","","","","","","","","","",10.7,1,9.1,1,"","","","","","","","","","","","","","","","","","","","","","","","","","",92,1,"","","","","","","","","","","","",11.8,1,1020.7,1,"","","","","","","","",0,1,"","","","","","","","","","","","","","","","","","","","","","","","","","","","","","","","","","","","","","","","","","","","","","","","","","","","","","","","","","","","","","","","","","","","","","","","","","","","","","","","","","","","","","","","","","","","","","","","","","","","","","","",""
"28070001","CHARTRES",48.4605,1.501167,155,1983080300,"","","","",2.,1,320,1,"","","","","","","","","","","","","","","","","","","","","","","","","","","","",9.5,1,8.7,1,"","","","","","","","","","","","","","","","","","","","","","","","","","",97,1,"","","","","","","","","","","","",11.5,1,1022.,1,"","","","","","","","",0,1,"","","","","","","","","","","","","","","","","","","","","","","","","","","","","","","","","","","","","","","","","","","","","","","","","","","","","","","","","","","","","","","","","","","","","","","","","","","","","","","","","","","","","","","","","","","","","","","","","","","","","","","",""
"28070001","CHARTRES",48.4605,1.501167,155,1983080303,"","","","",1.,1,320,1,"","","","","","","","","","","","","","","","","","","","","","","","","","","","",8.8,1,8.1,1,"","","","","","","","","","","","","","","","","","","","","","","","","","",97,1,"","","","","","","","","","","","",11.,1,1023.3,1,"","","","","","","","",0,1,"","","","","","","","","","","","","","","","","","","","","","","","","","","","","","","","","","","","","","","","","","","","","","","","","","","","","","","","","","","","","","","","","","","","","","","","","","","","","","","","","","","","","","","","","","","","","","","","","","","","","","","",""
"28070001","CHARTRES",48.4605,1.501167,155,1983080306,"","","","",3.,1,20,1,"","","","","","","","","","","","","","","","","","","","","","","","","","","","",10.,1,9.2,1,"","","","","","","","","","","","","","","","","","","","","","","","","","",97,1,"","","","","","","","","","","","",11.9,1,1024.9,1,"","","","","","",0,1,"","",0,1,0,1,0,1,"","","","","","","","","","","","","","","","","","","","","","","","",20000,1,"","",0,1,"","","","",1,1,"","","","","","","","","","","","","","","","","","","","","","","","","","","","","","","","","","","","","","","","","","","","","","","","","","","","","","","","","","","","","",""
"28070001","CHARTRES",48.4605,1.501167,155,1983080309,"","","","",4.,1,40,1,"","","","","","","","","","","","","","","","","","","","","","","","","","","","",15.8,1,11.9,1,"","","","","","","","","","","","","","","","","","","","","","","","","","",80,1,"","","","","","","","","","","","",14.3,1,1026.3,1,"","","","","","",4,1,0,1,2,1,0,1,0,1,"","","","","","","","","","","","","","","","","","","","","","","","",20000,1,"","",3,1,0,1,"","","","","","","","","","","","","","","","","","","","","","","","","","","","","","","","","","","","","","","","","","","","","","","","","","","","","","","","","","","","","","","","","",""
"28070001","CHARTRES",48.4605,1.501167,155,1983080312,"","","","",5.,1,40,1,"","","","","","","","","","","","","","","","","","","","","","","","","","","","",18.7,1,11.6,1,"","","","","","","","","","","","","","","","","","","","","","","","","","",65,1,"","","","","","","","","","","","",14.,1,1026.8,1,"","","","","","",5,1,5,1,2,1,0,1,0,1,"","","","","","","","","","","","","","","","","","","","","","","","",30000,1,"","",1,1,1,1,"","","","","","","","","","","","","","","","","","","","","","","","","","","","","","","","","","","","","","","","","","","","","","","","","","","","","","","","","","","","","","","","","",""
"28070001","CHARTRES",48.4605,1.501167,155,1983080315,"","","","",4.,1,100,1,"","","","","","","","","","","","","","","","","","","","","","","","","","","","",19.5,1,11.4,1,"","","","","","","","","","","","","","","","","","","","","","","","","","",61,1,"","","","","","","","","","","","",13.8,1,1026.6,1,"","","","","","",4,1,0,1,2,1,0,1,0,1,"","","","","","","","","","","","","","","","","","","","","","","","",30000,1,"","",1,1,1,1,"","","","","","","","","","","","","","","","","","","","","","","","","","","","","","","","","","","","","","","","","","","","","","","","","","","","","","","","","","","","","","","","","",""
"28070001","CHARTRES",48.4605,1.501167,155,1983080318,"","","","",2.,1,80,1,"","","","","","","","","","","","","","","","","","","","","","","","","","","","",18.5,1,7.6,1,"","","","","","","","","","","","","","","","","","","","","","","","","","",50,1,"","","","","","","","","","","","",10.6,1,1026.4,1,"","","","","","","","",0,1,"","","","","","","","","","","","","","","","","","","","","","","","","","","","","","","","","","","","","","","","","","","","","","","","","","","","","","","","","","","","","","","","","","","","","","","","","","","","","","","","","","","","","","","","","","","","","","","","","","","","","","","",""
"28070001","CHARTRES",48.4605,1.501167,155,1983080321,"","","","",3.,1,40,1,"","","","","","","","","","","","","","","","","","","","","","","","","","","","",13.5,1,10.8,1,"","","","","","","","","","","","","","","","","","","","","","","","","","",86,1,"","","","","","","","","","","","",13.3,1,1027.4,1,"","","","","","","","",0,1,"","","","","","","","","","","","","","","","","","","","","","","","","","","","","","","","","","","","","","","","","","","","","","","","","","","","","","","","","","","","","","","","","","","","","","","","","","","","","","","","","","","","","","","","","","","","","","","","","","","","","","","",""
"28070001","CHARTRES",48.4605,1.501167,155,1983080400,"","","","",2.,1,20,1,"","","","","","","","","","","","","","","","","","","","","","","","","","","","",9.9,1,8.3,1,"","","","","","","","","","","","","","","","","","","","","","","","","","",92,1,"","","","","","","","","","","","",11.2,1,1028.2,1,"","","","","","","","",0,1,"","","","","","","","","","","","","","","","","","","","","","","","","","","","","","","","","","","","","","","","","","","","","","","","","","","","","","","","","","","","","","","","","","","","","","","","","","","","","","","","","","","","","","","","","","","","","","","","","","","","","","","",""
"28070001","CHARTRES",48.4605,1.501167,155,1983080403,"","","","",2.,1,360,1,"","","","","","","","","","","","","","","","","","","","","","","","","","","","",8.7,1,7.6,1,"","","","","","","","","","","","","","","","","","","","","","","","","","",94,1,"","","","","","","","","","","","",10.6,1,1028.2,1,"","","","","","","","",0,1,"","","","","","","","","","","","","","","","","","","","","","","","","","","","","","","","","","","","","","","","","","","","","","","","","","","","","","","","","","","","","","","","","","","","","","","","","","","","","","","","","","","","","","","","","","","","","","","","","","","","","","","",""
"28070001","CHARTRES",48.4605,1.501167,155,1983080406,"","","","",1.,1,20,1,"","","","","","","","","","","","","","","","","","","","","","","","","","","","",9.5,1,8.3,1,"","","","","","","","","","","","","","","","","","","","","","","","","","",95,1,"","","","","","","","","","","","",11.2,1,1028.2,1,"","","","","","",1,1,0,1,0,1,0,1,1,1,"","","","","","","","","","","","","","","","","","","","","","","","",10000,1,"","",0,1,"","","","",0,1,"","","","","","","","","","","","","","","","","","","","","","","","","","","","","","","","","","","","","","","","","","","","","","","","","","","","","","","","","","","","","",""
"28070001","CHARTRES",48.4605,1.501167,155,1983080409,"","","","",1.,1,60,1,"","","","","","","","","","","","","","","","","","","","","","","","","","","","",17.2,1,10.9,1,"","","","","","","","","","","","","","","","","","","","","","","","","","",68,1,"","","","","","","","","","","","",13.4,1,1027.7,1,"","","","","","",2,1,0,1,0,1,0,1,1,1,"","","","","","","","","","","","","","","","","","","","","","","","",15000,1,"","",2,1,0,1,"","","","","","","","","","","","","","","","","","","","","","","","","","","","","","","","","","","","","","","","","","","","","","","","","","","","","","","","","","","","","","","","","",""
"28070001","CHARTRES",48.4605,1.501167,155,1983080412,"","","","",3.,1,40,1,"","","","","","","","","","","","","","","","","","","","","","","","","","","","",20.8,1,12.1,1,"","","","","","","","","","","","","","","","","","","","","","","","","","",59,1,"","","","","","","","","","","","",14.5,1,1026.8,1,"","","","","","",4,1,0,1,1,1,0,1,2,1,"","","","","","","","","","","","","","","","","","","","","","","","",20000,1,"","",2,1,0,1,"","","","","","","","","","","","","","","","","","","","","","","","","","","","","","","","","","","","","","","","","","","","","","","","","","","","","","","","","","","","","","","","","",""
"28070001","CHARTRES",48.4605,1.501167,155,1983080415,"","","","",3.,1,340,1,"","","","","","","","","","","","","","","","","","","","","","","","","","","","",23.,1,12.1,1,"","","","","","","","","","","","","","","","","","","","","","","","","","",52,1,"","","","","","","","","","","","",14.5,1,1025.1,1,"","","","","","",4,1,0,1,1,1,0,1,2,1,"","","","","","","","","","","","","","","","","","","","","","","","",20000,1,"","",2,1,0,1,"","","","","","","","","","","","","","","","","","","","","","","","","","","","","","","","","","","","","","","","","","","","","","","","","","","","","","","","","","","","","","","","","",""
"28070001","CHARTRES",48.4605,1.501167,155,1983080418,"","","","",3.,1,20,1,"","","","","","","","","","","","","","","","","","","","","","","","","","","","",20.8,1,10.5,1,"","","","","","","","","","","","","","","","","","","","","","","","","","",53,1,"","","","","","","","","","","","",13.,1,1024.5,1,"","","","","","","","",0,1,"","","","","","","","","","","","","","","","","","","","","","","","","","","","","","","","","","","","","","","","","","","","","","","","","","","","","","","","","","","","","","","","","","","","","","","","","","","","","","","","","","","","","","","","","","","","","","","","","","","","","","","",""
"28070001","CHARTRES",48.4605,1.501167,155,1983080421,"","","","",3.,1,20,1,"","","","","","","","","","","","","","","","","","","","","","","","","","","","",14.2,1,9.,1,"","","","","","","","","","","","","","","","","","","","","","","","","","",72,1,"","","","","","","","","","","","",11.7,1,1025.2,1,"","","","","","","","",0,1,"","","","","","","","","","","","","","","","","","","","","","","","","","","","","","","","","","","","","","","","","","","","","","","","","","","","","","","","","","","","","","","","","","","","","","","","","","","","","","","","","","","","","","","","","","","","","","","","","","","","","","","",""
"28070001","CHARTRES",48.4605,1.501167,155,1983080500,"","","","",3.,1,20,1,"","","","","","","","","","","","","","","","","","","","","","","","","","","","",13.1,1,11.3,1,"","","","","","","","","","","","","","","","","","","","","","","","","","",91,1,"","","","","","","","","","","","",13.7,1,1025.5,1,"","","","","","","","",0,1,"","","","","","","","","","","","","","","","","","","","","","","","","","","","","","","","","","","","","","","","","","","","","","","","","","","","","","","","","","","","","","","","","","","","","","","","","","","","","","","","","","","","","","","","","","","","","","","","","","","","","","","",""
"28070001","CHARTRES",48.4605,1.501167,155,1983080503,"","","","",1.,1,340,1,"","","","","","","","","","","","","","","","","","","","","","","","","","","","",12.7,1,12.7,1,"","","","","","","","","","","","","","","","","","","","","","","","","","",99,1,"","","","","","","","","","","","",14.5,1,1024.4,1,"","","","","","","","",0,1,"","","","","","","","","","","","","","","","","","","","","","","","","","","","","","","","","","","","","","","","","","","","","","","","","","","","","","","","","","","","","","","","","","","","","","","","","","","","","","","","","","","","","","","","","","","","","","","","","","","","","","","",""
"28070001","CHARTRES",48.4605,1.501167,155,1983080506,"","","","",4.,1,20,1,"","","","","","","","","","","","","","","","","","","","","","","","","","","","",13.8,1,13.8,1,"","","","","","","","","","","","","","","","","","","","","","","","","","",99,1,"","","","","","","","","","","","",15.6,1,1024.,1,"","","","","","",7,1,7,1,6,1,"","","","","","","","","","","","","","","","","","","","","","","","","","","","",8000,1,"","",0,1,"","","","",1,1,"","","","","","","","","","","","","","","","","","","","","","","","","","","","","","","","","","","","","","","","","","","","","","","","","","","","","","","","","","","","","",""
"28070001","CHARTRES",48.4605,1.501167,155,1983080509,"","","","",4.,1,60,1,"","","","","","","","","","","","","","","","","","","","","","","","","","","","",19.,1,15.1,1,"","","","","","","","","","","","","","","","","","","","","","","","","","",81,1,"","","","","","","","","","","","",17.7,1,1023.9,1,"","","","","","",1,1,0,1,6,1,0,1,0,1,"","","","","","","","","","","","","","","","","","","","","","","","",15000,1,"","",1,1,1,1,"","","","","","","","","","","","","","","","","","","","","","","","","","","","","","","","","","","","","","","","","","","","","","","","","","","","","","","","","","","","","","","","","",""
"28070001","CHARTRES",48.4605,1.501167,155,1983080512,"","","","",6.,1,20,1,"","","","","","","","","","","","","","","","","","","","","","","","","","","","",22.2,1,15.3,1,"","","","","","","","","","","","","","","","","","","","","","","","","","",67,1,"","","","","","","","","","","","",17.9,1,1023.4,1,"","","","","","",4,1,0,1,2,1,0,1,0,1,"","","","","","","","","","","","","","","","","","","","","","","","",20000,1,"","",1,1,1,1,"","","","","","","","","","","","","","","","","","","","","","","","","","","","","","","","","","","","","","","","","","","","","","","","","","","","","","","","","","","","","","","","","",""
"28070001","CHARTRES",48.4605,1.501167,155,1983080515,"","","","",5.,1,40,1,"","","","","","","","","","","","","","","","","","","","","","","","","","","","",23.7,1,15.5,1,"","","","","","","","","","","","","","","","","","","","","","","","","","",62,1,"","","","","","","","","","","","",18.2,1,1022.5,1,"","","","","","",2,1,0,1,2,1,0,1,0,1,"","","","","","","","","","","","","","","","","","","","","","","","",20000,1,"","",1,1,0,1,"","","","","","","","","","","","","","","","","","","","","","","","","","","","","","","","","","","","","","","","","","","","","","","","","","","","","","","","","","","","","","","","","",""
"28070001","CHARTRES",48.4605,1.501167,155,1983080518,"","","","",4.,1,60,1,"","","","","","","","","","","","","","","","","","","","","","","","","","","","",21.5,1,13.7,1,"","","","","","","","","","","","","","","","","","","","","","","","","","",63,1,"","","","","","","","","","","","",16.1,1,1022.3,1,"","","","","","","","",0,1,"","","","","","","","","","","","","","","","","","","","","","","","","","","","","","","","","","","","","","","","","","","","","","","","","","","","","","","","","","","","","","","","","","","","","","","","","","","","","","","","","","","","","","","","","","","","","","","","","","","","","","","",""
"28070001","CHARTRES",48.4605,1.501167,155,1983080521,"","","","",4.,1,40,1,"","","","","","","","","","","","","","","","","","","","","","","","","","","","",16.7,1,10.8,1,"","","","","","","","","","","","","","","","","","","","","","","","","","",70,1,"","","","","","","","","","","","",13.3,1,1023.6,1,"","","","","","","","",0,1,"","","","","","","","","","","","","","","","","","","","","","","","","","","","","","","","","","","","","","","","","","","","","","","","","","","","","","","","","","","","","","","","","","","","","","","","","","","","","","","","","","","","","","","","","","","","","","","","","","","","","","","",""
"28070001","CHARTRES",48.4605,1.501167,155,1983080600,"","","","",3.,1,40,1,"","","","","","","","","","","","","","","","","","","","","","","","","","","","",13.,1,11.5,1,"","","","","","","","","","","","","","","","","","","","","","","","","","",93,1,"","","","","","","","","","","","",13.9,1,1024.7,1,"","","","","","","","",0,1,"","","","","","","","","","","","","","","","","","","","","","","","","","","","","","","","","","","","","","","","","","","","","","","","","","","","","","","","","","","","","","","","","","","","","","","","","","","","","","","","","","","","","","","","","","","","","","","","","","","","","","","",""
"28070001","CHARTRES",48.4605,1.501167,155,1983080603,"","","","",2.,1,20,1,"","","","","","","","","","","","","","","","","","","","","","","","","","","","",10.5,1,9.8,1,"","","","","","","","","","","","","","","","","","","","","","","","","","",98,1,"","","","","","","","","","","","",12.4,1,1024.7,1,"","","","","","","","",0,1,"","","","","","","","","","","","","","","","","","","","","","","","","","","","","","","","","","","","","","","","","","","","","","","","","","","","","","","","","","","","","","","","","","","","","","","","","","","","","","","","","","","","","","","","","","","","","","","","","","","","","","","",""
"28070001","CHARTRES",48.4605,1.501167,155,1983080606,"","","","",3.,1,40,1,"","","","","","","","","","","","","","","","","","","","","","","","","","","","",11.8,1,11.1,1,"","","","","","","","","","","","","","","","","","","","","","","","","","",98,1,"","","","","","","","","","","","",13.5,1,1024.9,1,"","","","","","",5,1,0,1,5,1,3,1,0,1,"","","","","","","","","","","","","","","","","","","","","","","","",8000,1,"","",0,1,"","","","",0,1,"","","","","","","","","","","","","","","","","","","","","","","","","","","","","","","","","","","","","","","","","","","","","","","","","","","","","","","","","","","","","",""
"28070001","CHARTRES",48.4605,1.501167,155,1983080609,"","","","",4.,1,60,1,"","","","","","","","","","","","","","","","","","","","","","","","","","","","",18.2,1,12.6,1,"","","","","","","","","","","","","","","","","","","","","","","","","","",72,1,"","","","","","","","","","","","",15.,1,1024.4,1,"","","","","","",6,1,6,1,8,1,0,1,0,1,"","","","","","","","","","","","","","","","","","","","","","","","",12000,1,"","",3,1,2,1,"","","","","","","","","","","","","","","","","","","","","","","","","","","","","","","","","","","","","","","","","","","","","","","","","","","","","","","","","","","","","","","","","",""
"28070001","CHARTRES",48.4605,1.501167,155,1983080612,"","","","",4.,1,360,1,"","","","","","","","","","","","","","","","","","","","","","","","","","","","",18.8,1,13.4,1,"","","","","","","","","","","","","","","","","","","","","","","","","","",73,1,"","","","","","","","","","","","",15.8,1,1024.2,1,"","","","","","","","",6,1,"","","","","","","","","","","","","","","","","","","","","","","","","","","","","","","","","","","","","","","","","","","","","","","","","","","","","","","","","","","","","","","","","","","","","","","","","","","","","","","","","","","","","","","","","","","","","","","","","","","","","","","",""
"28070001","CHARTRES",48.4605,1.501167,155,1983080615,"","","","",5.,1,60,1,"","","","","","","","","","","","","","","","","","","","","","","","","","","","",18.,1,10.3,1,"","","","","","","","","","","","","","","","","","","","","","","","","","",62,1,"","","","","","","","","","","","",12.8,1,1023.4,1,"","","","","","","","",6,1,"","","","","","","","","","","","","","","","","","","","","","","","","","","","","","","","","","","","","","","","","","","","","","","","","","","","","","","","","","","","","","","","","","","","","","","","","","","","","","","","","","","","","","","","","","","","","","","","","","","","","","","",""
"28070001","CHARTRES",48.4605,1.501167,155,1983080618,"","","","",4.,1,40,1,"","","","","","","","","","","","","","","","","","","","","","","","","","","","",17.8,1,10.9,1,"","","","","","","","","","","","","","","","","","","","","","","","","","",66,1,"","","","","","","","","","","","",13.4,1,1022.9,1,"","","","","","","","",6,1,"","","","","","","","","","","","","","","","","","","","","","","","","","","","","","","","","","","","","","","","","","","","","","","","","","","","","","","","","","","","","","","","","","","","","","","","","","","","","","","","","","","","","","","","","","","","","","","","","","","","","","","",""
"28070001","CHARTRES",48.4605,1.501167,155,1983080621,"","","","",4.,1,360,1,"","","","","","","","","","","","","","","","","","","","","","","","","","","","",14.7,1,10.9,1,"","","","","","","","","","","","","","","","","","","","","","","","","","",80,1,"","","","","","","","","","","","",13.4,1,1023.1,1,"","","","","","","","",6,1,"","","","","","","","","","","","","","","","","","","","","","","","","","","","","","","","","","","","","","","","","","","","","","","","","","","","","","","","","","","","","","","","","","","","","","","","","","","","","","","","","","","","","","","","","","","","","","","","","","","","","","","",""
"28070001","CHARTRES",48.4605,1.501167,155,1983080700,"","","","",2.,1,20,1,"","","","","","","","","","","","","","","","","","","","","","","","","","","","",11.9,1,11.2,1,"","","","","","","","","","","","","","","","","","","","","","","","","","",98,1,"","","","","","","","","","","","",13.6,1,1023.3,1,"","","","","","","","",6,1,"","","","","","","","","","","","","","","","","","","","","","","","","","","","","","","","","","","","","","","","","","","","","","","","","","","","","","","","","","","","","","","","","","","","","","","","","","","","","","","","","","","","","","","","","","","","","","","","","","","","","","","",""
"28070001","CHARTRES",48.4605,1.501167,155,1983080703,"","","","",2.,1,360,1,"","","","","","","","","","","","","","","","","","","","","","","","","","","","",10.9,1,10.3,1,"","","","","","","","","","","","","","","","","","","","","","","","","","",98,1,"","","","","","","","","","","","",12.8,1,1023.,1,"","","","","","","","",6,1,"","","","","","","","","","","","","","","","","","","","","","","","","","","","","","","","","","","","","","","","","","","","","","","","","","","","","","","","","","","","","","","","","","","","","","","","","","","","","","","","","","","","","","","","","","","","","","","","","","","","","","","",""
"28070001","CHARTRES",48.4605,1.501167,155,1983080706,"","","","",2.,1,20,1,"","","","","","","","","","","","","","","","","","","","","","","","","","","","",12.9,1,12.1,1,"","","","","","","","","","","","","","","","","","","","","","","","","","",98,1,"","","","","","","","","","","","",14.5,1,1022.2,1,"","","","","","",7,1,7,1,5,1,"","","","","","","","","","","","","","","","","","","","","","","","","","","","",10000,1,"","",0,1,"","","","",0,1,"","","","","","","","","","","","","","","","","","","","","","","","","","","","","","","","","","","","","","","","","","","","","","","","","","","","","","","","","","","","","",""
"28070001","CHARTRES",48.4605,1.501167,155,1983080709,"","","","",6.,1,80,1,"","","","","","","","","","","","","","","","","","","","","","","","","","","","",16.3,1,12.3,1,"","","","","","","","","","","","","","","","","","","","","","","","","","",79,1,"","","","","","","","","","","","",14.7,1,1021.9,1,"","","","","","",7,1,7,1,8,1,"","","","","","","","","","","","","","","","","","","","","","","","","","","","",20000,1,"","",1,1,2,1,"","","","","","","","","","","","","","","","","","","","","","","","","","","","","","","","","","","","","","","","","","","","","","","","","","","","","","","","","","","","","","","","","",""
"28070001","CHARTRES",48.4605,1.501167,155,1983080712,"","","","",4.,1,100,1,"","","","","","","","","","","","","","","","","","","","","","","","","","","","",18.6,1,13.2,1,"","","","","","","","","","","","","","","","","","","","","","","","","","",73,1,"","","","","","","","","","","","",15.6,1,1021.2,1,"","","","","","","","",7,1,"","","","","","","","","","","","","","","","","","","","","","","","","","","","","","","","","","","","","","","","","","","","","","","","","","","","","","","","","","","","","","","","","","","","","","","","","","","","","","","","","","","","","","","","","","","","","","","","","","","","","","","",""
"28070001","CHARTRES",48.4605,1.501167,155,1983080715,"","","","",3.,1,120,1,"","","","","","","","","","","","","","","","","","","","","","","","","","","","",20.7,1,15.2,1,"","","","","","","","","","","","","","","","","","","","","","","","","","",73,1,"","","","","","","","","","","","",17.8,1,1020.5,1,"","","","","","","","",7,1,"","","","","","","","","","","","","","","","","","","","","","","","","","","","","","","","","","","","","","","","","","","","","","","","","","","","","","","","","","","","","","","","","","","","","","","","","","","","","","","","","","","","","","","","","","","","","","","","","","","","","","","",""
"28070001","CHARTRES",48.4605,1.501167,155,1983080718,"","","","",2.,1,80,1,"","","","","","","","","","","","","","","","","","","","","","","","","","","","",19.7,1,12.1,1,"","","","","","","","","","","","","","","","","","","","","","","","","","",63,1,"","","","","","","","","","","","",14.5,1,1019.8,1,"","","","","","","","",7,1,"","","","","","","","","","","","","","","","","","","","","","","","","","","","","","","","","","","","","","","","","","","","","","","","","","","","","","","","","","","","","","","","","","","","","","","","","","","","","","","","","","","","","","","","","","","","","","","","","","","","","","","",""
"28070001","CHARTRES",48.4605,1.501167,155,1983080721,"","","","",2.,1,60,1,"","","","","","","","","","","","","","","","","","","","","","","","","","","","",14.7,1,11.8,1,"","","","","","","","","","","","","","","","","","","","","","","","","","",85,1,"","","","","","","","","","","","",14.2,1,1020.8,1,"","","","","","","","",7,1,"","","","","","","","","","","","","","","","","","","","","","","","","","","","","","","","","","","","","","","","","","","","","","","","","","","","","","","","","","","","","","","","","","","","","","","","","","","","","","","","","","","","","","","","","","","","","","","","","","","","","","","",""
"28070001","CHARTRES",48.4605,1.501167,155,1983080800,"","","","",1.,1,40,1,"","","","","","","","","","","","","","","","","","","","","","","","","","","","",12.2,1,11.4,1,"","","","","","","","","","","","","","","","","","","","","","","","","","",97,1,"","","","","","","","","","","","",13.8,1,1021.,1,"","","","","","","","",7,1,"","","","","","","","","","","","","","","","","","","","","","","","","","","","","","","","","","","","","","","","","","","","","","","","","","","","","","","","","","","","","","","","","","","","","","","","","","","","","","","","","","","","","","","","","","","","","","","","","","","","","","","",""
"28070001","CHARTRES",48.4605,1.501167,155,1983080803,"","","","",3.,1,60,1,"","","","","","","","","","","","","","","","","","","","","","","","","","","","",12.6,1,12.6,1,"","","","","","","","","","","","","","","","","","","","","","","","","","",99,1,"","","","","","","","","","","","",14.4,1,1020.8,1,"","","","","","","","",7,1,"","","","","","","","","","","","","","","","","","","","","","","","","","","","","","","","","","","","","","","","","","","","","","","","","","","","","","","","","","","","","","","","","","","","","","","","","","","","","","","","","","","","","","","","","","","","","","","","","","","","","","","",""
"28070001","CHARTRES",48.4605,1.501167,155,1983080806,"","","","",3.,1,60,1,"","","","","","","","","","","","","","","","","","","","","","","","","","","","",13.,1,13.,1,"","","","","","","","","","","","","","","","","","","","","","","","","","",99,1,"","","","","","","","","","","","",14.8,1,1020.8,1,"","","","","","",0,1,"","",0,1,0,1,0,1,"","","","","","","","","","","","","","","","","","","","","","","","",3000,1,"","",10,1,"","","","",1,1,"","","","","","","","","","","","","","","","","","","","","","","","","","","","","","","","","","","","","","","","","","","","","","","","","","","","","","","","","","","","","",""
"28070001","CHARTRES",48.4605,1.501167,155,1983080809,"","","","",4.,1,100,1,"","","","","","","","","","","","","","","","","","","","","","","","","","","","",21.,1,15.5,1,"","","","","","","","","","","","","","","","","","","","","","","","","","",73,1,"","","","","","","","","","","","",18.2,1,1020.6,1,"","","","","","",0,1,"","",0,1,0,1,0,1,"","","","","","","","","","","","","","","","","","","","","","","","",10000,1,"","",2,1,0,1,"","","","","","","","","","","","","","","","","","","","","","","","","","","","","","","","","","","","","","","","","","","","","","","","","","","","","","","","","","","","","","","","","",""
"28070001","CHARTRES",48.4605,1.501167,155,1983080812,"","","","",6.,1,100,1,"","","","","","","","","","","","","","","","","","","","","","","","","","","","",24.9,1,16.3,1,"","","","","","","","","","","","","","","","","","","","","","","","","","",61,1,"","","","","","","","","","","","",19.2,1,1019.7,1,"","","","","","",1,1,0,1,1,1,0,1,0,1,"","","","","","","","","","","","","","","","","","","","","","","","",20000,1,"","",3,1,0,1,"","","","","","","","","","","","","","","","","","","","","","","","","","","","","","","","","","","","","","","","","","","","","","","","","","","","","","","","","","","","","","","","","",""
"28070001","CHARTRES",48.4605,1.501167,155,1983080815,"","","","",5.,1,80,1,"","","","","","","","","","","","","","","","","","","","","","","","","","","","",26.8,1,17.3,1,"","","","","","","","","","","","","","","","","","","","","","","","","","",58,1,"","","","","","","","","","","","",20.4,1,1018.7,1,"","","","","","",1,1,0,1,0,1,0,1,1,1,"","","","","","","","","","","","","","","","","","","","","","","","",20000,1,"","",1,1,0,1,"","","","","","","","","","","","","","","","","","","","","","","","","","","","","","","","","","","","","","","","","","","","","","","","","","","","","","","","","","","","","","","","","",""
"28070001","CHARTRES",48.4605,1.501167,155,1983080818,"","","","",2.,1,100,1,"","","","","","","","","","","","","","","","","","","","","","","","","","","","",25.2,1,15.6,1,"","","","","","","","","","","","","","","","","","","","","","","","","","",57,1,"","","","","","","","","","","","",18.3,1,1018.6,1,"","","","","","","","",0,1,"","","","","","","","","","","","","","","","","","","","","","","","","","","","","","","","","","","","","","","","","","","","","","","","","","","","","","","","","","","","","","","","","","","","","","","","","","","","","","","","","","","","","","","","","","","","","","","","","","","","","","","",""
"28070001","CHARTRES",48.4605,1.501167,155,1983080821,"","","","",2.,1,40,1,"","","","","","","","","","","","","","","","","","","","","","","","","","","","",18.9,1,14.9,1,"","","","","","","","","","","","","","","","","","","","","","","","","","",80,1,"","","","","","","","","","","","",17.5,1,1019.8,1,"","","","","","","","",0,1,"","","","","","","","","","","","","","","","","","","","","","","","","","","","","","","","","","","","","","","","","","","","","","","","","","","","","","","","","","","","","","","","","","","","","","","","","","","","","","","","","","","","","","","","","","","","","","","","","","","","","","","",""
"28070001","CHARTRES",48.4605,1.501167,155,1983080900,"","","","",2.,1,40,1,"","","","","","","","","","","","","","","","","","","","","","","","","","","","",16.6,1,14.7,1,"","","","","","","","","","","","","","","","","","","","","","","","","","",91,1,"","","","","","","","","","","","",17.2,1,1019.8,1,"","","","","","","","",0,1,"","","","","","","","","","","","","","","","","","","","","","","","","","","","","","","","","","","","","","","","","","","","","","","","","","","","","","","","","","","","","","","","","","","","","","","","","","","","","","","","","","","","","","","","","","","","","","","","","","","","","","","",""
"28070001","CHARTRES",48.4605,1.501167,155,1983080903,"","","","",2.,1,20,1,"","","","","","","","","","","","","","","","","","","","","","","","","","","","",14.3,1,13.6,1,"","","","","","","","","","","","","","","","","","","","","","","","","","",98,1,"","","","","","","","","","","","",16.,1,1019.9,1,"","","","","","","","",0,1,"","","","","","","","","","","","","","","","","","","","","","","","","","","","","","","","","","","","","","","","","","","","","","","","","","","","","","","","","","","","","","","","","","","","","","","","","","","","","","","","","","","","","","","","","","","","","","","","","","","","","","","",""
"28070001","CHARTRES",48.4605,1.501167,155,1983080906,"","","","",1.,1,20,1,"","","","","","","","","","","","","","","","","","","","","","","","","","","","",15.8,1,13.9,1,"","","","","","","","","","","","","","","","","","","","","","","","","","",91,1,"","","","","","","","","","","","",16.4,1,1019.4,1,"","","","","","",5,1,5,1,0,1,8,1,0,1,"","","","","","","","","","","","","","","","","","","","","","","","",6000,1,"","",0,1,"","","","",0,1,"","","","","","","","","","","","","","","","","","","","","","","","","","","","","","","","","","","","","","","","","","","","","","","","","","","","","","","","","","","","","",""
"28070001","CHARTRES",48.4605,1.501167,155,1983080909,"","","","",3.,1,80,1,"","","","","","","","","","","","","","","","","","","","","","","","","","","","",23.3,1,16.8,1,"","","","","","","","","","","","","","","","","","","","","","","","","","",69,1,"","","","","","","","","","","","",19.8,1,1018.8,1,"","","","","","",6,1,6,1,0,1,8,1,0,1,"","","","","","","","","","","","","","","","","","","","","","","","",15000,1,"","",2,1,2,1,"","","","","","","","","","","","","","","","","","","","","","","","","","","","","","","","","","","","","","","","","","","","","","","","","","","","","","","","","","","","","","","","","",""
"28070001","CHARTRES",48.4605,1.501167,155,1983080912,"","","","",6.,1,100,1,"","","","","","","","","","","","","","","","","","","","","","","","","","","","",27.2,1,15.9,1,"","","","","","","","","","","","","","","","","","","","","","","","","","",52,1,"","","","","","","","","","","","",18.7,1,1017.7,1,"","","","","","",7,1,5,1,0,1,8,1,1,1,"","","","","","","","","","","","","","","","","","","","","","","","",15000,1,"","",3,1,2,1,"","","","","","","","","","","","","","","","","","","","","","","","","","","","","","","","","","","","","","","","","","","","","","","","","","","","","","","","","","","","","","","","","",""
"28070001","CHARTRES",48.4605,1.501167,155,1983080915,"","","","",5.,1,120,1,"","","","","","","","","","","","","","","","","","","","","","","","","","","","",28.,1,15.,1,"","","","","","","","","","","","","","","","","","","","","","","","","","",47,1,"","","","","","","","","","","","",17.6,1,1016.7,1,"","","","","","",7,1,7,1,0,1,8,1,"","","","","","","","","","","","","","","","","","","","","","","","","","",15000,1,"","",3,1,2,1,"","","","","","","","","","","","","","","","","","","","","","","","","","","","","","","","","","","","","","","","","","","","","","","","","","","","","","","","","","","","","","","","","",""
"28070001","CHARTRES",48.4605,1.501167,155,1983080918,"","","","",1.,1,120,1,"","","","","","","","","","","","","","","","","","","","","","","","","","","","",22.5,1,17.5,1,"","","","","","","","","","","","","","","","","","","","","","","","","","",76,1,"","","","","","","","","","","","",20.7,1,1016.4,1,"","","","","","","","",7,1,"","","","","","","","","","","","","","","","","","","","","","","","","","","","","","","","","","","","","","","","","","","","","","","","","","","","","","","","","","","","","","","","","","","","","","","","","","","","","","","","","","","","","","","","","","","","","","","","","","","","","","","",""
"28070001","CHARTRES",48.4605,1.501167,155,1983080921,"","","","",2.,1,40,1,"","","","","","","","","","","","","","","","","","","","","","","","","","","","",20.7,1,16.8,1,"","","","","","","","","","","","","","","","","","","","","","","","","","",81,1,"","","","","","","","","","","","",19.8,1,1017.2,1,"","","","","","","","",7,1,"","","","","","","","","","","","","","","","","","","","","","","","","","","","","","","","","","","","","","","","","","","","","","","","","","","","","","","","","","","","","","","","","","","","","","","","","","","","","","","","","","","","","","","","","","","","","","","","","","","","","","","",""
"28070001","CHARTRES",48.4605,1.501167,155,1983081000,"","","","",2.,1,40,1,"","","","","","","","","","","","","","","","","","","","","","","","","","","","",19.3,1,17.4,1,"","","","","","","","","","","","","","","","","","","","","","","","","","",92,1,"","","","","","","","","","","","",20.6,1,1016.6,1,"","","","","","","","",7,1,"","","","","","","","","","","","","","","","","","","","","","","","","","","","","","","","","","","","","","","","","","","","","","","","","","","","","","","","","","","","","","","","","","","","","","","","","","","","","","","","","","","","","","","","","","","","","","","","","","","","","","","",""
"28070001","CHARTRES",48.4605,1.501167,155,1983081003,"","","","",2.,1,40,1,"","","","","","","","","","","","","","","","","","","","","","","","","","","","",17.9,1,16.1,1,"","","","","","","","","","","","","","","","","","","","","","","","","","",92,1,"","","","","","","","","","","","",18.9,1,1015.9,1,"","","","","","","","",7,1,"","","","","","","","","","","","","","","","","","","","","","","","","","","","","","","","","","","","","","","","","","","","","","","","","","","","","","","","","","","","","","","","","","","","","","","","","","","","","","","","","","","","","","","","","","","","","","","","","","","","","","","",""
"28070001","CHARTRES",48.4605,1.501167,155,1983081006,"","","","",3.,1,40,1,"","","","","","","","","","","","","","","","","","","","","","","","","","","","",17.9,1,16.9,1,"","","","","","","","","","","","","","","","","","","","","","","","","","",97,1,"","","","","","","","","","","","",19.9,1,1016.7,1,"","","","","","",8,1,8,1,9,1,8,1,"","","","","","","","","","","","","","","","","","","","","","","","","","",4500,1,"","",95,1,"","","","",2,1,"","","","","","","","","","","","","","","","","","","","","","","","","","","","","","","","","","","","","","","","","","","","","","","","","","","","","","","","","","","","","",""
"28070001","CHARTRES",48.4605,1.501167,155,1983081009,"","","","",4.,1,80,1,"","","","","","","","","","","","","","","","","","","","","","","","","","","","",17.5,1,16.6,1,"","","","","","","","","","","","","","","","","","","","","","","","","","",98,1,"","","","","","","","","","","","",19.6,1,1017.2,1,"","","","","","",7,1,7,1,5,1,7,1,"","","","","","","","","","","","","","","","","","","","","","","","","","",3000,1,"","",61,1,9,1,"","","","","","","","","","","","","","","","","","","","","","","","","","","","","","","","","","","","","","","","","","","","","","","","","","","","","","","","","","","","","","","","","",""
"28070001","CHARTRES",48.4605,1.501167,155,1983081012,"","","","",3.,1,60,1,"","","","","","","","","","","","","","","","","","","","","","","","","","","","",21.3,1,19.1,1,"","","","","","","","","","","","","","","","","","","","","","","","","","",91,1,"","","","","","","","","","","","",23.,1,1016.4,1,"","","","","","",7,1,5,1,0,1,8,1,"","","","","","","","","","","","","","","","","","","","","","","","","","",20000,1,"","",3,1,9,1,"","","","","","","","","","","","","","","","","","","","","","","","","","","","","","","","","","","","","","","","","","","","","","","","","","","","","","","","","","","","","","","","","",""
"28070001","CHARTRES",48.4605,1.501167,155,1983081015,"","","","",3.,1,60,1,"","","","","","","","","","","","","","","","","","","","","","","","","","","","",24.1,1,20.1,1,"","","","","","","","","","","","","","","","","","","","","","","","","","",82,1,"","","","","","","","","","","","",24.5,1,1015.1,1,"","","","","","",6,1,0,1,1,1,8,1,2,1,"","","","","","","","","","","","","","","","","","","","","","","","",20000,1,"","",3,1,2,1,"","","","","","","","","","","","","","","","","","","","","","","","","","","","","","","","","","","","","","","","","","","","","","","","","","","","","","","","","","","","","","","","","",""
"28070001","CHARTRES",48.4605,1.501167,155,1983081018,"","","","",1.,1,120,1,"","","","","","","","","","","","","","","","","","","","","","","","","","","","",23.5,1,20.2,1,"","","","","","","","","","","","","","","","","","","","","","","","","","",85,1,"","","","","","","","","","","","",24.6,1,1014.3,1,"","","","","","","","",0,1,"","","","","","","","","","","","","","","","","","","","","","","","","","","","","","","","","","","","","","","","","","","","","","","","","","","","","","","","","","","","","","","","","","","","","","","","","","","","","","","","","","","","","","","","","","","","","","","","","","","","","","","",""
"28070001","CHARTRES",48.4605,1.501167,155,1983081021,"","","","",2.,1,40,1,"","","","","","","","","","","","","","","","","","","","","","","","","","","","",20.,1,18.4,1,"","","","","","","","","","","","","","","","","","","","","","","","","","",94,1,"","","","","","","","","","","","",22.,1,1015.2,1,"","","","","","","","",0,1,"","","","","","","","","","","","","","","","","","","","","","","","","","","","","","","","","","","","","","","","","","","","","","","","","","","","","","","","","","","","","","","","","","","","","","","","","","","","","","","","","","","","","","","","","","","","","","","","","","","","","","","",""
"28070001","CHARTRES",48.4605,1.501167,155,1983081100,"","","","",4.,1,40,1,"","","","","","","","","","","","","","","","","","","","","","","","","","","","",17.7,1,17.7,1,"","","","","","","","","","","","","","","","","","","","","","","","","","",100,1,"","","","","","","","","","","","",20.2,1,1015.6,1,"","","","","","","","",0,1,"","","","","","","","","","","","","","","","","","","","","","","","","","","","","","","","","","","","","","","","","","","","","","","","","","","","","","","","","","","","","","","","","","","","","","","","","","","","","","","","","","","","","","","","","","","","","","","","","","","","","","","",""
"28070001","CHARTRES",48.4605,1.501167,155,1983081103,"","","","",3.,1,40,1,"","","","","","","","","","","","","","","","","","","","","","","","","","","","",17.9,1,17.9,1,"","","","","","","","","","","","","","","","","","","","","","","","","","",100,1,"","","","","","","","","","","","",20.5,1,1014.9,1,"","","","","","","","",0,1,"","","","","","","","","","","","","","","","","","","","","","","","","","","","","","","","","","","","","","","","","","","","","","","","","","","","","","","","","","","","","","","","","","","","","","","","","","","","","","","","","","","","","","","","","","","","","","","","","","","","","","","",""
"28070001","CHARTRES",48.4605,1.501167,155,1983081106,"","","","",2.,1,20,1,"","","","","","","","","","","","","","","","","","","","","","","","","","","","",17.6,1,17.6,1,"","","","","","","","","","","","","","","","","","","","","","","","","","",100,1,"","","","","","","","","","","","",20.1,1,1014.8,1,"","","","","","",8,1,7,1,6,1,"","","","","","","","","","","","","","","","","","","","","","","","","","","","",600,1,"","",44,1,"","","","",2,1,"","","","","","","","","","","","","","","","","","","","","","","","","","","","","","","","","","","","","","","","","","","","","","","","","","","","","","","","","","","","","",""
"28070001","CHARTRES",48.4605,1.501167,155,1983081109,"","","","",3.,1,60,1,"","","","","","","","","","","","","","","","","","","","","","","","","","","","",18.3,1,17.1,1,"","","","","","","","","","","","","","","","","","","","","","","","","","",96,1,"","","","","","","","","","","","",20.2,1,1015.,1,"","","","","","",8,1,7,1,6,1,"","","","","","","","","","","","","","","","","","","","","","","","","","","","",1600,1,"","",10,1,4,1,"","","","","","","","","","","","","","","","","","","","","","","","","","","","","","","","","","","","","","","","","","","","","","","","","","","","","","","","","","","","","","","","","",""
"28070001","CHARTRES",48.4605,1.501167,155,1983081112,"","","","",4.,1,40,1,"","","","","","","","","","","","","","","","","","","","","","","","","","","","",21.,1,18.1,1,"","","","","","","","","","","","","","","","","","","","","","","","","","",86,1,"","","","","","","","","","","","",21.5,1,1014.7,1,"","","","","","",5,1,5,1,6,1,0,1,0,1,"","","","","","","","","","","","","","","","","","","","","","","","",3000,1,"","",10,1,2,1,"","","","","","","","","","","","","","","","","","","","","","","","","","","","","","","","","","","","","","","","","","","","","","","","","","","","","","","","","","","","","","","","","",""
"28070001","CHARTRES",48.4605,1.501167,155,1983081115,"","","","",3.,1,80,1,"","","","","","","","","","","","","","","","","","","","","","","","","","","","",25.,1,19.7,1,"","","","","","","","","","","","","","","","","","","","","","","","","","",75,1,"","","","","","","","","","","","",23.8,1,1013.2,1,"","","","","","",0,1,"","",0,1,0,1,0,1,"","","","","","","","","","","","","","","","","","","","","","","","",6000,1,"","",1,1,1,1,"","","","","","","","","","","","","","","","","","","","","","","","","","","","","","","","","","","","","","","","","","","","","","","","","","","","","","","","","","","","","","","","","",""
"28070001","CHARTRES",48.4605,1.501167,155,1983081118,"","","","",3.,1,80,1,"","","","","","","","","","","","","","","","","","","","","","","","","","","","",23.6,1,15.6,1,"","","","","","","","","","","","","","","","","","","","","","","","","","",63,1,"","","","","","","","","","","","",18.3,1,1013.,1,"","","","","","","","","","","","","","","","","","","","","","","","","","","","","","","","","","","","","","","","","","","","","","","","","","","","","","","","","","","","","","","","","","","","","","","","","","","","","","","","","","","","","","","","","","","","","","","","","","","","","","","","","","","","","","","","","",""
"28070001","CHARTRES",48.4605,1.501167,155,1983081121,"","","","",4.,1,20,1,"","","","","","","","","","","","","","","","","","","","","","","","","","","","",18.9,1,17.3,1,"","","","","","","","","","","","","","","","","","","","","","","","","","",94,1,"","","","","","","","","","","","",20.5,1,1014.6,1,"","","","","","","","","","","","","","","","","","","","","","","","","","","","","","","","","","","","","","","","","","","","","","","","","","","","","","","","","","","","","","","","","","","","","","","","","","","","","","","","","","","","","","","","","","","","","","","","","","","","","","","","","","","","","","","","","",""
"28070001","CHARTRES",48.4605,1.501167,155,1983081200,"","","","",4.,1,20,1,"","","","","","","","","","","","","","","","","","","","","","","","","","","","",16.4,1,16.4,1,"","","","","","","","","","","","","","","","","","","","","","","","","","",100,1,"","","","","","","","","","","","",18.6,1,1015.2,1,"","","","","","","","","","","","","","","","","","","","","","","","","","","","","","","","","","","","","","","","","","","","","","","","","","","","","","","","","","","","","","","","","","","","","","","","","","","","","","","","","","","","","","","","","","","","","","","","","","","","","","","","","","","","","","","","","",""
"28070001","CHARTRES",48.4605,1.501167,155,1983081203,"","","","",3.,1,20,1,"","","","","","","","","","","","","","","","","","","","","","","","","","","","",14.6,1,14.6,1,"","","","","","","","","","","","","","","","","","","","","","","","","","",100,1,"","","","","","","","","","","","",16.6,1,1015.3,1,"","","","","","","","","","","","","","","","","","","","","","","","","","","","","","","","","","","","","","","","","","","","","","","","","","","","","","","","","","","","","","","","","","","","","","","","","","","","","","","","","","","","","","","","","","","","","","","","","","","","","","","","","","","","","","","","","",""
"28070001","CHARTRES",48.4605,1.501167,155,1983081206,"","","","",6.,1,20,1,"","","","","","","","","","","","","","","","","","","","","","","","","","","","",14.3,1,14.3,1,"","","","","","","","","","","","","","","","","","","","","","","","","","",100,1,"","","","","","","","","","","","",16.3,1,1015.6,1,"","","","","","",8,1,7,1,6,1,"","","","","","","","","","","","","","","","","","","","","","","","","","","","",1000,1,"","",10,1,4,1,"","",2,1,"","","","","","","","","","","","","","","","","","","","","","","","","","","","","","","","","","","","","","","","","","","","","","","","","","","","","","","","","","","","","",""
"28070001","CHARTRES",48.4605,1.501167,155,1983081209,"","","","",4.,1,20,1,"","","","","","","","","","","","","","","","","","","","","","","","","","","","",18.,1,15.7,1,"","","","","","","","","","","","","","","","","","","","","","","","","","",89,1,"","","","","","","","","","","","",18.4,1,1015.9,1,"","","","","","",1,1,0,1,6,1,0,1,0,1,"","","","","","","","","","","","","","","","","","","","","","","","",8000,1,"","",1,1,4,1,"","","","","","","","","","","","","","","","","","","","","","","","","","","","","","","","","","","","","","","","","","","","","","","","","","","","","","","","","","","","","","","","","",""
"28070001","CHARTRES",48.4605,1.501167,155,1983081212,"","","","",3.,1,20,1,"","","","","","","","","","","","","","","","","","","","","","","","","","","","",23.5,1,17.4,1,"","","","","","","","","","","","","","","","","","","","","","","","","","",71,1,"","","","","","","","","","","","",20.6,1,1015.2,1,"","","","","","",1,1,0,1,0,1,0,1,1,1,"","","","","","","","","","","","","","","","","","","","","","","","",12000,1,"","",3,1,4,1,"","","","","","","","","","","","","","","","","","","","","","","","","","","","","","","","","","","","","","","","","","","","","","","","","","","","","","","","","","","","","","","","","",""
"28070001","CHARTRES",48.4605,1.501167,155,1983081215,"","","","",3.,1,340,1,"","","","","","","","","","","","","","","","","","","","","","","","","","","","",24.5,1,16.8,1,"","","","","","","","","","","","","","","","","","","","","","","","","","",64,1,"","","","","","","","","","","","",19.8,1,1014.6,1,"","","","","","",2,1,0,1,0,1,0,1,1,1,"","","","","","","","","","","","","","","","","","","","","","","","",15000,1,"","",3,1,0,1,"","","","","","","","","","","","","","","","","","","","","","","","","","","","","","","","","","","","","","","","","","","","","","","","","","","","","","","","","","","","","","","","","",""
"28070001","CHARTRES",48.4605,1.501167,155,1983081218,"","","","",3.,1,40,1,"","","","","","","","","","","","","","","","","","","","","","","","","","","","",22.2,1,13.1,1,"","","","","","","","","","","","","","","","","","","","","","","","","","",58,1,"","","","","","","","","","","","",15.5,1,1014.6,1,"","","","","","","","",0,1,"","","","","","","","","","","","","","","","","","","","","","","","","","","","","","","","","","","","","","","","","","","","","","","","","","","","","","","","","","","","","","","","","","","","","","","","","","","","","","","","","","","","","","","","","","","","","","","","","","","","","","","",""
"28070001","CHARTRES",48.4605,1.501167,155,1983081221,"","","","",3.,1,360,1,"","","","","","","","","","","","","","","","","","","","","","","","","","","","",17.6,1,14.6,1,"","","","","","","","","","","","","","","","","","","","","","","","","","",85,1,"","","","","","","","","","","","",17.1,1,1015.9,1,"","","","","","","","",0,1,"","","","","","","","","","","","","","","","","","","","","","","","","","","","","","","","","","","","","","","","","","","","","","","","","","","","","","","","","","","","","","","","","","","","","","","","","","","","","","","","","","","","","","","","","","","","","","","","","","","","","","","",""
"28070001","CHARTRES",48.4605,1.501167,155,1983081300,"","","","",3.,1,340,1,"","","","","","","","","","","","","","","","","","","","","","","","","","","","",14.9,1,13.9,1,"","","","","","","","","","","","","","","","","","","","","","","","","","",96,1,"","","","","","","","","","","","",16.3,1,1016.9,1,"","","","","","","","",0,1,"","","","","","","","","","","","","","","","","","","","","","","","","","","","","","","","","","","","","","","","","","","","","","","","","","","","","","","","","","","","","","","","","","","","","","","","","","","","","","","","","","","","","","","","","","","","","","","","","","","","","","","",""
"28070001","CHARTRES",48.4605,1.501167,155,1983081303,"","","","",3.,1,340,1,"","","","","","","","","","","","","","","","","","","","","","","","","","","","",14.,1,13.1,1,"","","","","","","","","","","","","","","","","","","","","","","","","","",97,1,"","","","","","","","","","","","",15.5,1,1016.4,1,"","","","","","","","",0,1,"","","","","","","","","","","","","","","","","","","","","","","","","","","","","","","","","","","","","","","","","","","","","","","","","","","","","","","","","","","","","","","","","","","","","","","","","","","","","","","","","","","","","","","","","","","","","","","","","","","","","","","",""
"28070001","CHARTRES",48.4605,1.501167,155,1983081306,"","","","",4.,1,20,1,"","","","","","","","","","","","","","","","","","","","","","","","","","","","",14.,1,14.,1,"","","","","","","","","","","","","","","","","","","","","","","","","","",99,1,"","","","","","","","","","","","",15.8,1,1017.2,1,"","","","","","",1,1,0,1,5,1,0,1,0,1,"","","","","","","","","","","","","","","","","","","","","","","","",5000,1,"","",0,1,"","","","",1,1,"","","","","","","","","","","","","","","","","","","","","","","","","","","","","","","","","","","","","","","","","","","","","","","","","","","","","","","","","","","","","",""
"28070001","CHARTRES",48.4605,1.501167,155,1983081309,"","","","",4.,1,80,1,"","","","","","","","","","","","","","","","","","","","","","","","","","","","",16.1,1,14.9,1,"","","","","","","","","","","","","","","","","","","","","","","","","","",96,1,"","","","","","","","","","","","",17.5,1,1018.5,1,"","","","","","",8,1,8,1,6,1,"","","","","","","","","","","","","","","","","","","","","","","","","","","","",5000,1,"","",2,1,1,1,"","","","","","","","","","","","","","","","","","","","","","","","","","","","","","","","","","","","","","","","","","","","","","","","","","","","","","","","","","","","","","","","","",""
"28070001","CHARTRES",48.4605,1.501167,155,1983081312,"","","","",4.,1,60,1,"","","","","","","","","","","","","","","","","","","","","","","","","","","","",21.2,1,13.9,1,"","","","","","","","","","","","","","","","","","","","","","","","","","",65,1,"","","","","","","","","","","","",16.4,1,1018.8,1,"","","","","","","","",8,1,"","","","","","","","","","","","","","","","","","","","","","","","","","","","","","","","","","","","","","","","","","","","","","","","","","","","","","","","","","","","","","","","","","","","","","","","","","","","","","","","","","","","","","","","","","","","","","","","","","","","","","","",""
"28070001","CHARTRES",48.4605,1.501167,155,1983081315,"","","","",6.,1,40,1,"","","","","","","","","","","","","","","","","","","","","","","","","","","","",22.5,1,11.8,1,"","","","","","","","","","","","","","","","","","","","","","","","","","",52,1,"","","","","","","","","","","","",14.2,1,1020.,1,"","","","","","","","",8,1,"","","","","","","","","","","","","","","","","","","","","","","","","","","","","","","","","","","","","","","","","","","","","","","","","","","","","","","","","","","","","","","","","","","","","","","","","","","","","","","","","","","","","","","","","","","","","","","","","","","","","","","",""
"28070001","CHARTRES",48.4605,1.501167,155,1983081318,"","","","",5.,1,80,1,"","","","","","","","","","","","","","","","","","","","","","","","","","","","",20.6,1,10.1,1,"","","","","","","","","","","","","","","","","","","","","","","","","","",52,1,"","","","","","","","","","","","",12.6,1,1020.4,1,"","","","","","","","",8,1,"","","","","","","","","","","","","","","","","","","","","","","","","","","","","","","","","","","","","","","","","","","","","","","","","","","","","","","","","","","","","","","","","","","","","","","","","","","","","","","","","","","","","","","","","","","","","","","","","","","","","","","",""
"28070001","CHARTRES",48.4605,1.501167,155,1983081321,"","","","",3.,1,60,1,"","","","","","","","","","","","","","","","","","","","","","","","","","","","",14.8,1,10.8,1,"","","","","","","","","","","","","","","","","","","","","","","","","","",79,1,"","","","","","","","","","","","",13.3,1,1021.3,1,"","","","","","","","",8,1,"","","","","","","","","","","","","","","","","","","","","","","","","","","","","","","","","","","","","","","","","","","","","","","","","","","","","","","","","","","","","","","","","","","","","","","","","","","","","","","","","","","","","","","","","","","","","","","","","","","","","","","",""
"28070001","CHARTRES",48.4605,1.501167,155,1983081400,"","","","",2.,1,60,1,"","","","","","","","","","","","","","","","","","","","","","","","","","","","",12.5,1,10.7,1,"","","","","","","","","","","","","","","","","","","","","","","","","","",91,1,"","","","","","","","","","","","",13.2,1,1022.2,1,"","","","","","","","",8,1,"","","","","","","","","","","","","","","","","","","","","","","","","","","","","","","","","","","","","","","","","","","","","","","","","","","","","","","","","","","","","","","","","","","","","","","","","","","","","","","","","","","","","","","","","","","","","","","","","","","","","","","",""
"28070001","CHARTRES",48.4605,1.501167,155,1983081403,"","","","",2.,1,40,1,"","","","","","","","","","","","","","","","","","","","","","","","","","","","",10.,1,9.3,1,"","","","","","","","","","","","","","","","","","","","","","","","","","",98,1,"","","","","","","","","","","","",12.,1,1022.3,1,"","","","","","","","",8,1,"","","","","","","","","","","","","","","","","","","","","","","","","","","","","","","","","","","","","","","","","","","","","","","","","","","","","","","","","","","","","","","","","","","","","","","","","","","","","","","","","","","","","","","","","","","","","","","","","","","","","","","",""
"28070001","CHARTRES",48.4605,1.501167,155,1983081406,"","","","",3.,1,40,1,"","","","","","","","","","","","","","","","","","","","","","","","","","","","",10.9,1,9.6,1,"","","","","","","","","","","","","","","","","","","","","","","","","","",94,1,"","","","","","","","","","","","",12.2,1,1022.7,1,"","","","","","",1,1,0,1,5,1,0,1,0,1,"","","","","","","","","","","","","","","","","","","","","","","","",15000,1,"","",0,1,"","","","",1,1,"","","","","","","","","","","","","","","","","","","","","","","","","","","","","","","","","","","","","","","","","","","","","","","","","","","","","","","","","","","","","",""
"28070001","CHARTRES",48.4605,1.501167,155,1983081409,"","","","",4.,1,60,1,"","","","","","","","","","","","","","","","","","","","","","","","","","","","",17.8,1,13.3,1,"","","","","","","","","","","","","","","","","","","","","","","","","","",77,1,"","","","","","","","","","","","",15.7,1,1022.5,1,"","","","","","",1,1,0,1,8,1,0,1,0,1,"","","","","","","","","","","","","","","","","","","","","","","","",25000,1,"","",3,1,0,1,"","","","","","","","","","","","","","","","","","","","","","","","","","","","","","","","","","","","","","","","","","","","","","","","","","","","","","","","","","","","","","","","","",""
"28070001","CHARTRES",48.4605,1.501167,155,1983081412,"","","","",6.,1,100,1,"","","","","","","","","","","","","","","","","","","","","","","","","","","","",20.6,1,14.2,1,"","","","","","","","","","","","","","","","","","","","","","","","","","",69,1,"","","","","","","","","","","","",16.7,1,1021.5,1,"","","","","","","","",0,1,"","","","","","","","","","","","","","","","","","","","","","","","","","","","","","","","","","","","","","","","","","","","","","","","","","","","","","","","","","","","","","","","","","","","","","","","","","","","","","","","","","","","","","","","","","","","","","","","","","","","","","","",""
"28070001","CHARTRES",48.4605,1.501167,155,1983081415,"","","","",5.,1,100,1,"","","","","","","","","","","","","","","","","","","","","","","","","","","","",20.6,1,12.9,1,"","","","","","","","","","","","","","","","","","","","","","","","","","",63,1,"","","","","","","","","","","","",15.3,1,1020.7,1,"","","","","","","","",0,1,"","","","","","","","","","","","","","","","","","","","","","","","","","","","","","","","","","","","","","","","","","","","","","","","","","","","","","","","","","","","","","","","","","","","","","","","","","","","","","","","","","","","","","","","","","","","","","","","","","","","","","","",""
"28070001","CHARTRES",48.4605,1.501167,155,1983081418,"","","","",4.,1,100,1,"","","","","","","","","","","","","","","","","","","","","","","","","","","","",20.4,1,12.9,1,"","","","","","","","","","","","","","","","","","","","","","","","","","",64,1,"","","","","","","","","","","","",15.3,1,1019.7,1,"","","","","","","","",0,1,"","","","","","","","","","","","","","","","","","","","","","","","","","","","","","","","","","","","","","","","","","","","","","","","","","","","","","","","","","","","","","","","","","","","","","","","","","","","","","","","","","","","","","","","","","","","","","","","","","","","","","","",""
"28070001","CHARTRES",48.4605,1.501167,155,1983081421,"","","","",2.,1,80,1,"","","","","","","","","","","","","","","","","","","","","","","","","","","","",15.3,1,12.7,1,"","","","","","","","","","","","","","","","","","","","","","","","","","",87,1,"","","","","","","","","","","","",15.1,1,1020.5,1,"","","","","","","","",0,1,"","","","","","","","","","","","","","","","","","","","","","","","","","","","","","","","","","","","","","","","","","","","","","","","","","","","","","","","","","","","","","","","","","","","","","","","","","","","","","","","","","","","","","","","","","","","","","","","","","","","","","","",""
"28070001","CHARTRES",48.4605,1.501167,155,1983081500,"","","","",3.,1,60,1,"","","","","","","","","","","","","","","","","","","","","","","","","","","","",12.8,1,12.1,1,"","","","","","","","","","","","","","","","","","","","","","","","","","",98,1,"","","","","","","","","","","","",14.5,1,1020.7,1,"","","","","","","","",0,1,"","","","","","","","","","","","","","","","","","","","","","","","","","","","","","","","","","","","","","","","","","","","","","","","","","","","","","","","","","","","","","","","","","","","","","","","","","","","","","","","","","","","","","","","","","","","","","","","","","","","","","","",""
"28070001","CHARTRES",48.4605,1.501167,155,1983081503,"","","","",1.,1,60,1,"","","","","","","","","","","","","","","","","","","","","","","","","","","","",11.,1,11.,1,"","","","","","","","","","","","","","","","","","","","","","","","","","",99,1,"","","","","","","","","","","","",13.,1,1019.9,1,"","","","","","","","",0,1,"","","","","","","","","","","","","","","","","","","","","","","","","","","","","","","","","","","","","","","","","","","","","","","","","","","","","","","","","","","","","","","","","","","","","","","","","","","","","","","","","","","","","","","","","","","","","","","","","","","","","","","",""
"28070001","CHARTRES",48.4605,1.501167,155,1983081506,"","","","",1.,1,360,1,"","","","","","","","","","","","","","","","","","","","","","","","","","","","",11.3,1,10.5,1,"","","","","","","","","","","","","","","","","","","","","","","","","","",97,1,"","","","","","","","","","","","",13.,1,1019.9,1,"","","","","","",1,1,0,1,0,1,8,1,2,1,"","","","","","","","","","","","","","","","","","","","","","","","",8000,1,"","",0,1,"","","","",1,1,"","","","","","","","","","","","","","","","","","","","","","","","","","","","","","","","","","","","","","","","","","","","","","","","","","","","","","","","","","","","","",""
"28070001","CHARTRES",48.4605,1.501167,155,1983081509,"","","","",1.,1,200,1,"","","","","","","","","","","","","","","","","","","","","","","","","","","","",19.5,1,13.9,1,"","","","","","","","","","","","","","","","","","","","","","","","","","",72,1,"","","","","","","","","","","","",16.3,1,1019.2,1,"","","","","","",1,1,0,1,0,1,3,1,0,1,"","","","","","","","","","","","","","","","","","","","","","","","",20000,1,"","",3,1,0,1,"","","","","","","","","","","","","","","","","","","","","","","","","","","","","","","","","","","","","","","","","","","","","","","","","","","","","","","","","","","","","","","","","",""
"28070001","CHARTRES",48.4605,1.501167,155,1983081512,"","","","",1.,1,260,1,"","","","","","","","","","","","","","","","","","","","","","","","","","","","",23.7,1,15.8,1,"","","","","","","","","","","","","","","","","","","","","","","","","","",63,1,"","","","","","","","","","","","",18.5,1,1018.7,1,"","","","","","","","",0,1,"","","","","","","","","","","","","","","","","","","","","","","","","","","","","","","","","","","","","","","","","","","","","","","","","","","","","","","","","","","","","","","","","","","","","","","","","","","","","","","","","","","","","","","","","","","","","","","","","","","","","","","",""
"28070001","CHARTRES",48.4605,1.501167,155,1983081515,"","","","",4.,1,300,1,"","","","","","","","","","","","","","","","","","","","","","","","","","","","",19.3,1,10.5,1,"","","","","","","","","","","","","","","","","","","","","","","","","","",58,1,"","","","","","","","","","","","",13.,1,1018.6,1,"","","","","","","","",0,1,"","","","","","","","","","","","","","","","","","","","","","","","","","","","","","","","","","","","","","","","","","","","","","","","","","","","","","","","","","","","","","","","","","","","","","","","","","","","","","","","","","","","","","","","","","","","","","","","","","","","","","","",""
"28070001","CHARTRES",48.4605,1.501167,155,1983081518,"","","","",3.,1,320,1,"","","","","","","","","","","","","","","","","","","","","","","","","","","","",19.1,1,10.1,1,"","","","","","","","","","","","","","","","","","","","","","","","","","",57,1,"","","","","","","","","","","","",12.6,1,1016.9,1,"","","","","","","","",0,1,"","","","","","","","","","","","","","","","","","","","","","","","","","","","","","","","","","","","","","","","","","","","","","","","","","","","","","","","","","","","","","","","","","","","","","","","","","","","","","","","","","","","","","","","","","","","","","","","","","","","","","","",""
"28070001","CHARTRES",48.4605,1.501167,155,1983081521,"","","","",1.,1,20,1,"","","","","","","","","","","","","","","","","","","","","","","","","","","","",17.6,1,14.8,1,"","","","","","","","","","","","","","","","","","","","","","","","","","",86,1,"","","","","","","","","","","","",17.3,1,1017.,1,"","","","","","","","",0,1,"","","","","","","","","","","","","","","","","","","","","","","","","","","","","","","","","","","","","","","","","","","","","","","","","","","","","","","","","","","","","","","","","","","","","","","","","","","","","","","","","","","","","","","","","","","","","","","","","","","","","","","",""
"28070001","CHARTRES",48.4605,1.501167,155,1983081600,"","","","",0.,1,0,1,"","","","","","","","","","","","","","","","","","","","","","","","","","","","",16.1,1,15.3,1,"","","","","","","","","","","","","","","","","","","","","","","","","","",98,1,"","","","","","","","","","","","",17.9,1,1016.5,1,"","","","","","","","",0,1,"","","","","","","","","","","","","","","","","","","","","","","","","","","","","","","","","","","","","","","","","","","","","","","","","","","","","","","","","","","","","","","","","","","","","","","","","","","","","","","","","","","","","","","","","","","","","","","","","","","","","","","",""
"28070001","CHARTRES",48.4605,1.501167,155,1983081603,"","","","",1.,1,220,1,"","","","","","","","","","","","","","","","","","","","","","","","","","","","",14.4,1,14.4,1,"","","","","","","","","","","","","","","","","","","","","","","","","","",99,1,"","","","","","","","","","","","",16.2,1,1016.4,1,"","","","","","","","",0,1,"","","","","","","","","","","","","","","","","","","","","","","","","","","","","","","","","","","","","","","","","","","","","","","","","","","","","","","","","","","","","","","","","","","","","","","","","","","","","","","","","","","","","","","","","","","","","","","","","","","","","","","",""
"28070001","CHARTRES",48.4605,1.501167,155,1983081606,"","","","",0.,1,0,1,"","","","","","","","","","","","","","","","","","","","","","","","","","","","",13.2,1,13.2,1,"","","","","","","","","","","","","","","","","","","","","","","","","","",99,1,"","","","","","","","","","","","",15.,1,1015.7,1,"","","","","","",1,1,0,1,0,1,0,1,1,1,"","","","","","","","","","","","","","","","","","","","","","","","",6000,1,"","",0,1,"","","","",1,1,"","","","","","","","","","","","","","","","","","","","","","","","","","","","","","","","","","","","","","","","","","","","","","","","","","","","","","","","","","","","","",""
"28070001","CHARTRES",48.4605,1.501167,155,1983081609,"","","","",2.,1,360,1,"","","","","","","","","","","","","","","","","","","","","","","","","","","","",19.8,1,16.3,1,"","","","","","","","","","","","","","","","","","","","","","","","","","",83,1,"","","","","","","","","","","","",19.2,1,1015.,1,"","","","","","",4,1,0,1,0,1,8,1,0,1,"","","","","","","","","","","","","","","","","","","","","","","","",12000,1,"","",1,1,1,1,"","","","","","","","","","","","","","","","","","","","","","","","","","","","","","","","","","","","","","","","","","","","","","","","","","","","","","","","","","","","","","","","","",""
"28070001","CHARTRES",48.4605,1.501167,155,1983081612,"","","","",3.,1,320,1,"","","","","","","","","","","","","","","","","","","","","","","","","","","","",24.5,1,18.1,1,"","","","","","","","","","","","","","","","","","","","","","","","","","",70,1,"","","","","","","","","","","","",21.6,1,1014.,1,"","","","","","",4,1,0,1,2,1,8,1,0,1,"","","","","","","","","","","","","","","","","","","","","","","","",15000,1,"","",1,1,1,1,"","","","","","","","","","","","","","","","","","","","","","","","","","","","","","","","","","","","","","","","","","","","","","","","","","","","","","","","","","","","","","","","","",""
"28070001","CHARTRES",48.4605,1.501167,155,1983081615,"","","","",2.,1,320,1,"","","","","","","","","","","","","","","","","","","","","","","","","","","","",26.5,1,17.3,1,"","","","","","","","","","","","","","","","","","","","","","","","","","",59,1,"","","","","","","","","","","","",20.5,1,1013.,1,"","","","","","",3,1,0,1,9,1,8,1,0,1,"","","","","","","","","","","","","","","","","","","","","","","","",20000,1,"","",3,1,0,1,"","","","","","","","","","","","","","","","","","","","","","","","","","","","","","","","","","","","","","","","","","","","","","","","","","","","","","","","","","","","","","","","","",""
"28070001","CHARTRES",48.4605,1.501167,155,1983081618,"","","","",5.,1,360,1,"","","","","","","","","","","","","","","","","","","","","","","","","","","","",22.6,1,16.1,1,"","","","","","","","","","","","","","","","","","","","","","","","","","",69,1,"","","","","","","","","","","","",18.9,1,1013.5,1,"","","","","","","","",0,1,"","","","","","","","","","","","","","","","","","","","","","","","","","","","","","","","","","","","","","","","","","","","","","","","","","","","","","","","","","","","","","","","","","","","","","","","","","","","","","","","","","","","","","","","","","","","","","","","","","","","","","","",""
"28070001","CHARTRES",48.4605,1.501167,155,1983081621,"","","","",2.,1,20,1,"","","","","","","","","","","","","","","","","","","","","","","","","","","","",18.4,1,16.7,1,"","","","","","","","","","","","","","","","","","","","","","","","","","",93,1,"","","","","","","","","","","","",19.7,1,1016.1,1,"","","","","","","","",0,1,"","","","","","","","","","","","","","","","","","","","","","","","","","","","","","","","","","","","","","","","","","","","","","","","","","","","","","","","","","","","","","","","","","","","","","","","","","","","","","","","","","","","","","","","","","","","","","","","","","","","","","","",""
"28070001","CHARTRES",48.4605,1.501167,155,1983081700,"","","","",2.,1,20,1,"","","","","","","","","","","","","","","","","","","","","","","","","","","","",14.8,1,13.8,1,"","","","","","","","","","","","","","","","","","","","","","","","","","",96,1,"","","","","","","","","","","","",16.2,1,1017.3,1,"","","","","","","","",0,1,"","","","","","","","","","","","","","","","","","","","","","","","","","","","","","","","","","","","","","","","","","","","","","","","","","","","","","","","","","","","","","","","","","","","","","","","","","","","","","","","","","","","","","","","","","","","","","","","","","","","","","","",""
"28070001","CHARTRES",48.4605,1.501167,155,1983081703,"","","","",1.,1,20,1,"","","","","","","","","","","","","","","","","","","","","","","","","","","","",13.6,1,12.9,1,"","","","","","","","","","","","","","","","","","","","","","","","","","",98,1,"","","","","","","","","","","","",15.3,1,1017.6,1,"","","","","","","","",0,1,"","","","","","","","","","","","","","","","","","","","","","","","","","","","","","","","","","","","","","","","","","","","","","","","","","","","","","","","","","","","","","","","","","","","","","","","","","","","","","","","","","","","","","","","","","","","","","","","","","","","","","","",""
"28070001","CHARTRES",48.4605,1.501167,155,1983081706,"","","","",1.,1,340,1,"","","","","","","","","","","","","","","","","","","","","","","","","","","","",12.5,1,11.7,1,"","","","","","","","","","","","","","","","","","","","","","","","","","",98,1,"","","","","","","","","","","","",14.1,1,1018.5,1,"","","","","","",2,1,0,1,0,1,0,1,1,1,"","","","","","","","","","","","","","","","","","","","","","","","",7000,1,"","",0,1,"","","","",1,1,"","","","","","","","","","","","","","","","","","","","","","","","","","","","","","","","","","","","","","","","","","","","","","","","","","","","","","","","","","","","","",""
"28070001","CHARTRES",48.4605,1.501167,155,1983081709,"","","","",3.,1,20,1,"","","","","","","","","","","","","","","","","","","","","","","","","","","","",17.,1,13.9,1,"","","","","","","","","","","","","","","","","","","","","","","","","","",85,1,"","","","","","","","","","","","",16.4,1,1019.2,1,"","","","","","",3,1,0,1,6,1,0,1,1,1,"","","","","","","","","","","","","","","","","","","","","","","","",12000,1,"","",3,1,0,1,"","","","","","","","","","","","","","","","","","","","","","","","","","","","","","","","","","","","","","","","","","","","","","","","","","","","","","","","","","","","","","","","","",""
"28070001","CHARTRES",48.4605,1.501167,155,1983081712,"","","","",3.,1,340,1,"","","","","","","","","","","","","","","","","","","","","","","","","","","","",23.1,1,14.2,1,"","","","","","","","","","","","","","","","","","","","","","","","","","",59,1,"","","","","","","","","","","","",16.7,1,1018.7,1,"","","","","","",1,1,0,1,1,1,0,1,0,1,"","","","","","","","","","","","","","","","","","","","","","","","",15000,1,"","",1,1,0,1,"","","","","","","","","","","","","","","","","","","","","","","","","","","","","","","","","","","","","","","","","","","","","","","","","","","","","","","","","","","","","","","","","",""
"28070001","CHARTRES",48.4605,1.501167,155,1983081715,"","","","",2.,1,320,1,"","","","","","","","","","","","","","","","","","","","","","","","","","","","",25.2,1,16.2,1,"","","","","","","","","","","","","","","","","","","","","","","","","","",59,1,"","","","","","","","","","","","",19.,1,1017.6,1,"","","","","","",2,1,0,1,2,1,0,1,0,1,"","","","","","","","","","","","","","","","","","","","","","","","",15000,1,"","",3,1,0,1,"","","","","","","","","","","","","","","","","","","","","","","","","","","","","","","","","","","","","","","","","","","","","","","","","","","","","","","","","","","","","","","","","",""
"28070001","CHARTRES",48.4605,1.501167,155,1983081718,"","","","",2.,1,320,1,"","","","","","","","","","","","","","","","","","","","","","","","","","","","",23.2,1,15.3,1,"","","","","","","","","","","","","","","","","","","","","","","","","","",63,1,"","","","","","","","","","","","",17.9,1,1017.6,1,"","","","","","","","",0,1,"","","","","","","","","","","","","","","","","","","","","","","","","","","","","","","","","","","","","","","","","","","","","","","","","","","","","","","","","","","","","","","","","","","","","","","","","","","","","","","","","","","","","","","","","","","","","","","","","","","","","","","",""
"28070001","CHARTRES",48.4605,1.501167,155,1983081721,"","","","",2.,1,40,1,"","","","","","","","","","","","","","","","","","","","","","","","","","","","",17.,1,13.1,1,"","","","","","","","","","","","","","","","","","","","","","","","","","",80,1,"","","","","","","","","","","","",15.5,1,1019.,1,"","","","","","","","",0,1,"","","","","","","","","","","","","","","","","","","","","","","","","","","","","","","","","","","","","","","","","","","","","","","","","","","","","","","","","","","","","","","","","","","","","","","","","","","","","","","","","","","","","","","","","","","","","","","","","","","","","","","",""
"28070001","CHARTRES",48.4605,1.501167,155,1983081800,"","","","",1.,1,80,1,"","","","","","","","","","","","","","","","","","","","","","","","","","","","",14.,1,13.3,1,"","","","","","","","","","","","","","","","","","","","","","","","","","",98,1,"","","","","","","","","","","","",15.7,1,1019.4,1,"","","","","","","","",0,1,"","","","","","","","","","","","","","","","","","","","","","","","","","","","","","","","","","","","","","","","","","","","","","","","","","","","","","","","","","","","","","","","","","","","","","","","","","","","","","","","","","","","","","","","","","","","","","","","","","","","","","","",""
"28070001","CHARTRES",48.4605,1.501167,155,1983081803,"","","","",2.,1,120,1,"","","","","","","","","","","","","","","","","","","","","","","","","","","","",13.,1,12.3,1,"","","","","","","","","","","","","","","","","","","","","","","","","","",98,1,"","","","","","","","","","","","",14.7,1,1019.5,1,"","","","","","","","",0,1,"","","","","","","","","","","","","","","","","","","","","","","","","","","","","","","","","","","","","","","","","","","","","","","","","","","","","","","","","","","","","","","","","","","","","","","","","","","","","","","","","","","","","","","","","","","","","","","","","","","","","","","",""
"28070001","CHARTRES",48.4605,1.501167,155,1983081806,"","","","",1.,1,120,1,"","","","","","","","","","","","","","","","","","","","","","","","","","","","",12.9,1,11.9,1,"","","","","","","","","","","","","","","","","","","","","","","","","","",96,1,"","","","","","","","","","","","",14.3,1,1019.3,1,"","","","","","",0,1,"","",0,1,0,1,0,1,"","","","","","","","","","","","","","","","","","","","","","","","",8000,1,"","",0,1,"","","","",1,1,"","","","","","","","","","","","","","","","","","","","","","","","","","","","","","","","","","","","","","","","","","","","","","","","","","","","","","","","","","","","","",""
"28070001","CHARTRES",48.4605,1.501167,155,1983081809,"","","","",4.,1,140,1,"","","","","","","","","","","","","","","","","","","","","","","","","","","","",22.5,1,14.7,1,"","","","","","","","","","","","","","","","","","","","","","","","","","",63,1,"","","","","","","","","","","","",17.2,1,1018.6,1,"","","","","","",0,1,"","",0,1,0,1,0,1,"","","","","","","","","","","","","","","","","","","","","","","","",15000,1,"","",2,1,0,1,"","","","","","","","","","","","","","","","","","","","","","","","","","","","","","","","","","","","","","","","","","","","","","","","","","","","","","","","","","","","","","","","","",""
"28070001","CHARTRES",48.4605,1.501167,155,1983081812,"","","","",5.,1,140,1,"","","","","","","","","","","","","","","","","","","","","","","","","","","","",26.1,1,15.8,1,"","","","","","","","","","","","","","","","","","","","","","","","","","",55,1,"","","","","","","","","","","","",18.5,1,1017.1,1,"","","","","","",0,1,"","",0,1,0,1,0,1,"","","","","","","","","","","","","","","","","","","","","","","","",15000,1,"","",2,1,0,1,"","","","","","","","","","","","","","","","","","","","","","","","","","","","","","","","","","","","","","","","","","","","","","","","","","","","","","","","","","","","","","","","","",""
"28070001","CHARTRES",48.4605,1.501167,155,1983081815,"","","","",5.,1,140,1,"","","","","","","","","","","","","","","","","","","","","","","","","","","","",28.3,1,15.8,1,"","","","","","","","","","","","","","","","","","","","","","","","","","",48,1,"","","","","","","","","","","","",18.5,1,1015.1,1,"","","","","","",0,1,"","",0,1,0,1,0,1,"","","","","","","","","","","","","","","","","","","","","","","","",15000,1,"","",2,1,0,1,"","","","","","","","","","","","","","","","","","","","","","","","","","","","","","","","","","","","","","","","","","","","","","","","","","","","","","","","","","","","","","","","","",""
"28070001","CHARTRES",48.4605,1.501167,155,1983081818,"","","","",3.,1,100,1,"","","","","","","","","","","","","","","","","","","","","","","","","","","","",26.7,1,14.,1,"","","","","","","","","","","","","","","","","","","","","","","","","","",47,1,"","","","","","","","","","","","",16.5,1,1014.1,1,"","","","","","","","","","","","","","","","","","","","","","","","","","","","","","","","","","","","","","","","","","","","","","","","","","","","","","","","","","","","","","","","","","","","","","","","","","","","","","","","","","","","","","","","","","","","","","","","","","","","","","","","","","","","","","","","","",""
"28070001","CHARTRES",48.4605,1.501167,155,1983081821,"","","","",2.,1,80,1,"","","","","","","","","","","","","","","","","","","","","","","","","","","","",18.7,1,12.7,1,"","","","","","","","","","","","","","","","","","","","","","","","","","",70,1,"","","","","","","","","","","","",15.1,1,1014.9,1,"","","","","","","","","","","","","","","","","","","","","","","","","","","","","","","","","","","","","","","","","","","","","","","","","","","","","","","","","","","","","","","","","","","","","","","","","","","","","","","","","","","","","","","","","","","","","","","","","","","","","","","","","","","","","","","","","",""
"28070001","CHARTRES",48.4605,1.501167,155,1983081900,"","","","",3.,1,80,1,"","","","","","","","","","","","","","","","","","","","","","","","","","","","",17.2,1,14.9,1,"","","","","","","","","","","","","","","","","","","","","","","","","","",89,1,"","","","","","","","","","","","",17.5,1,1014.6,1,"","","","","","","","","","","","","","","","","","","","","","","","","","","","","","","","","","","","","","","","","","","","","","","","","","","","","","","","","","","","","","","","","","","","","","","","","","","","","","","","","","","","","","","","","","","","","","","","","","","","","","","","","","","","","","","","","",""
"28070001","CHARTRES",48.4605,1.501167,155,1983081903,"","","","",4.,1,100,1,"","","","","","","","","","","","","","","","","","","","","","","","","","","","",16.6,1,14.1,1,"","","","","","","","","","","","","","","","","","","","","","","","","","",88,1,"","","","","","","","","","","","",16.6,1,1013.9,1,"","","","","","","","","","","","","","","","","","","","","","","","","","","","","","","","","","","","","","","","","","","","","","","","","","","","","","","","","","","","","","","","","","","","","","","","","","","","","","","","","","","","","","","","","","","","","","","","","","","","","","","","","","","","","","","","","",""
"28070001","CHARTRES",48.4605,1.501167,155,1983081906,"","","","",1.,1,120,1,"","","","","","","","","","","","","","","","","","","","","","","","","","","","",15.6,1,13.6,1,"","","","","","","","","","","","","","","","","","","","","","","","","","",90,1,"","","","","","","","","","","","",16.,1,1013.8,1,"","","","","","",1,1,0,1,0,1,0,1,2,1,"","","","","","","","","","","","","","","","","","","","","","","","",10000,1,"","",0,1,"","","","",1,1,"","","","","","","","","","","","","","","","","","","","","","","","","","","","","","","","","","","","","","","","","","","","","","","","","","","","","","","","","","","","","",""
"28070001","CHARTRES",48.4605,1.501167,155,1983081909,"","","","",2.,1,180,1,"","","","","","","","","","","","","","","","","","","","","","","","","","","","",24.1,1,17.,1,"","","","","","","","","","","","","","","","","","","","","","","","","","",67,1,"","","","","","","","","","","","",20.1,1,1012.9,1,"","","","","","",2,1,0,1,0,1,8,1,2,1,"","","","","","","","","","","","","","","","","","","","","","","","",15000,1,"","",3,1,0,1,"","","","","","","","","","","","","","","","","","","","","","","","","","","","","","","","","","","","","","","","","","","","","","","","","","","","","","","","","","","","","","","","","",""
"28070001","CHARTRES",48.4605,1.501167,155,1983081912,"","","","",6.,1,200,1,"","","","","","","","","","","","","","","","","","","","","","","","","","","","",29.,1,17.9,1,"","","","","","","","","","","","","","","","","","","","","","","","","","",53,1,"","","","","","","","","","","","",21.3,1,1012.2,1,"","","","","","",1,1,0,1,0,1,0,1,2,1,"","","","","","","","","","","","","","","","","","","","","","","","",20000,1,"","",1,1,0,1,"","","","","","","","","","","","","","","","","","","","","","","","","","","","","","","","","","","","","","","","","","","","","","","","","","","","","","","","","","","","","","","","","",""
"28070001","CHARTRES",48.4605,1.501167,155,1983081915,"","","","",6.,1,220,1,"","","","","","","","","","","","","","","","","","","","","","","","","","","","",28.4,1,18.6,1,"","","","","","","","","","","","","","","","","","","","","","","","","","",58,1,"","","","","","","","","","","","",22.3,1,1011.7,1,"","","","","","",3,1,0,1,2,1,0,1,1,1,"","","","","","","","","","","","","","","","","","","","","","","","",20000,1,"","",3,1,0,1,"","","","","","","","","","","","","","","","","","","","","","","","","","","","","","","","","","","","","","","","","","","","","","","","","","","","","","","","","","","","","","","","","",""
"28070001","CHARTRES",48.4605,1.501167,155,1983081918,"","","","",5.,1,240,1,"","","","","","","","","","","","","","","","","","","","","","","","","","","","",21.6,1,19.5,1,"","","","","","","","","","","","","","","","","","","","","","","","","","",91,1,"","","","","","","","","","","","",23.5,1,1013.8,1,"","","","","","","","",0,1,"","","","","","","","","","","","","","","","","","","","","","","","","","","","","","","","","","","","","","","","","","","","","","","","","","","","","","","","","","","","","","","","","","","","","","","","","","","","","","","","","","","","","","","","","","","","","","","","","","","","","","","",""
"28070001","CHARTRES",48.4605,1.501167,155,1983081921,"","","","",3.,1,240,1,"","","","","","","","","","","","","","","","","","","","","","","","","","","","",17.6,1,16.6,1,"","","","","","","","","","","","","","","","","","","","","","","","","","",97,1,"","","","","","","","","","","","",19.5,1,1015.3,1,"","","","","","","","",0,1,"","","","","","","","","","","","","","","","","","","","","","","","","","","","","","","","","","","","","","","","","","","","","","","","","","","","","","","","","","","","","","","","","","","","","","","","","","","","","","","","","","","","","","","","","","","","","","","","","","","","","","","",""
"28070001","CHARTRES",48.4605,1.501167,155,1983082000,"","","","",2.,1,220,1,"","","","","","","","","","","","","","","","","","","","","","","","","","","","",17.1,1,16.1,1,"","","","","","","","","","","","","","","","","","","","","","","","","","",97,1,"","","","","","","","","","","","",18.9,1,1016.3,1,"","","","","","","","",0,1,"","","","","","","","","","","","","","","","","","","","","","","","","","","","","","","","","","","","","","","","","","","","","","","","","","","","","","","","","","","","","","","","","","","","","","","","","","","","","","","","","","","","","","","","","","","","","","","","","","","","","","","",""
"28070001","CHARTRES",48.4605,1.501167,155,1983082003,"","","","",2.,1,220,1,"","","","","","","","","","","","","","","","","","","","","","","","","","","","",16.6,1,15.6,1,"","","","","","","","","","","","","","","","","","","","","","","","","","",97,1,"","","","","","","","","","","","",18.3,1,1017.1,1,"","","","","","","","",0,1,"","","","","","","","","","","","","","","","","","","","","","","","","","","","","","","","","","","","","","","","","","","","","","","","","","","","","","","","","","","","","","","","","","","","","","","","","","","","","","","","","","","","","","","","","","","","","","","","","","","","","","","",""
"28070001","CHARTRES",48.4605,1.501167,155,1983082006,"","","","",3.,1,220,1,"","","","","","","","","","","","","","","","","","","","","","","","","","","","",16.5,1,15.4,1,"","","","","","","","","","","","","","","","","","","","","","","","","","",96,1,"","","","","","","","","","","","",18.,1,1018.1,1,"","","","","","",7,1,7,1,6,1,"","","","","","","","","","","","","","","","","","","","","","","","","","","","",3000,1,"","",10,1,"","","","",1,1,"","","","","","","","","","","","","","","","","","","","","","","","","","","","","","","","","","","","","","","","","","","","","","","","","","","","","","","","","","","","","",""
"28070001","CHARTRES",48.4605,1.501167,155,1983082009,"","","","",3.,1,220,1,"","","","","","","","","","","","","","","","","","","","","","","","","","","","",17.6,1,15.9,1,"","","","","","","","","","","","","","","","","","","","","","","","","","",93,1,"","","","","","","","","","","","",18.7,1,1018.8,1,"","","","","","",6,1,5,1,5,1,0,1,0,1,"","","","","","","","","","","","","","","","","","","","","","","","",7000,1,"","",1,1,2,1,"","","","","","","","","","","","","","","","","","","","","","","","","","","","","","","","","","","","","","","","","","","","","","","","","","","","","","","","","","","","","","","","","",""
"28070001","CHARTRES",48.4605,1.501167,155,1983082012,"","","","",4.,1,220,1,"","","","","","","","","","","","","","","","","","","","","","","","","","","","",21.8,1,17.3,1,"","","","","","","","","","","","","","","","","","","","","","","","","","",78,1,"","","","","","","","","","","","",20.4,1,1018.7,1,"","","","","","","","",5,1,"","","","","","","","","","","","","","","","","","","","","","","","","","","","","","","","","","","","","","","","","","","","","","","","","","","","","","","","","","","","","","","","","","","","","","","","","","","","","","","","","","","","","","","","","","","","","","","","","","","","","","","",""
"28070001","CHARTRES",48.4605,1.501167,155,1983082015,"","","","",4.,1,300,1,"","","","","","","","","","","","","","","","","","","","","","","","","","","","",23.6,1,15.6,1,"","","","","","","","","","","","","","","","","","","","","","","","","","",63,1,"","","","","","","","","","","","",18.3,1,1017.6,1,"","","","","","","","",5,1,"","","","","","","","","","","","","","","","","","","","","","","","","","","","","","","","","","","","","","","","","","","","","","","","","","","","","","","","","","","","","","","","","","","","","","","","","","","","","","","","","","","","","","","","","","","","","","","","","","","","","","","",""
"28070001","CHARTRES",48.4605,1.501167,155,1983082018,"","","","",2.,1,220,1,"","","","","","","","","","","","","","","","","","","","","","","","","","","","",19.4,1,17.2,1,"","","","","","","","","","","","","","","","","","","","","","","","","","",90,1,"","","","","","","","","","","","",20.3,1,1017.8,1,"","","","","","","","",5,1,"","","","","","","","","","","","","","","","","","","","","","","","","","","","","","","","","","","","","","","","","","","","","","","","","","","","","","","","","","","","","","","","","","","","","","","","","","","","","","","","","","","","","","","","","","","","","","","","","","","","","","","",""
"28070001","CHARTRES",48.4605,1.501167,155,1983082021,"","","","",2.,1,200,1,"","","","","","","","","","","","","","","","","","","","","","","","","","","","",17.6,1,16.6,1,"","","","","","","","","","","","","","","","","","","","","","","","","","",97,1,"","","","","","","","","","","","",19.5,1,1018.1,1,"","","","","","","","",5,1,"","","","","","","","","","","","","","","","","","","","","","","","","","","","","","","","","","","","","","","","","","","","","","","","","","","","","","","","","","","","","","","","","","","","","","","","","","","","","","","","","","","","","","","","","","","","","","","","","","","","","","","",""
"28070001","CHARTRES",48.4605,1.501167,155,1983082100,"","","","",3.,1,240,1,"","","","","","","","","","","","","","","","","","","","","","","","","","","","",17.,1,17.,1,"","","","","","","","","","","","","","","","","","","","","","","","","","",100,1,"","","","","","","","","","","","",19.4,1,1018.7,1,"","","","","","","","",5,1,"","","","","","","","","","","","","","","","","","","","","","","","","","","","","","","","","","","","","","","","","","","","","","","","","","","","","","","","","","","","","","","","","","","","","","","","","","","","","","","","","","","","","","","","","","","","","","","","","","","","","","","",""
"28070001","CHARTRES",48.4605,1.501167,155,1983082103,"","","","",2.,1,240,1,"","","","","","","","","","","","","","","","","","","","","","","","","","","","",15.2,1,15.2,1,"","","","","","","","","","","","","","","","","","","","","","","","","","",100,1,"","","","","","","","","","","","",17.3,1,1018.,1,"","","","","","","","",5,1,"","","","","","","","","","","","","","","","","","","","","","","","","","","","","","","","","","","","","","","","","","","","","","","","","","","","","","","","","","","","","","","","","","","","","","","","","","","","","","","","","","","","","","","","","","","","","","","","","","","","","","","",""
"28070001","CHARTRES",48.4605,1.501167,155,1983082106,"","","","",2.,1,240,1,"","","","","","","","","","","","","","","","","","","","","","","","","","","","",15.7,1,15.7,1,"","","","","","","","","","","","","","","","","","","","","","","","","","",100,1,"","","","","","","","","","","","",17.8,1,1017.8,1,"","","","","","",7,1,7,1,6,1,"","","","","","","","","","","","","","","","","","","","","","","","","","","","",1600,1,"","",10,1,"","","","",2,1,"","","","","","","","","","","","","","","","","","","","","","","","","","","","","","","","","","","","","","","","","","","","","","","","","","","","","","","","","","","","","",""
"28070001","CHARTRES",48.4605,1.501167,155,1983082109,"","","","",2.,1,280,1,"","","","","","","","","","","","","","","","","","","","","","","","","","","","",17.5,1,16.,1,"","","","","","","","","","","","","","","","","","","","","","","","","","",94,1,"","","","","","","","","","","","",18.8,1,1018.,1,"","","","","","",5,1,5,1,2,1,0,1,0,1,"","","","","","","","","","","","","","","","","","","","","","","","",10000,1,"","",1,1,4,1,"","","","","","","","","","","","","","","","","","","","","","","","","","","","","","","","","","","","","","","","","","","","","","","","","","","","","","","","","","","","","","","","","",""
"28070001","CHARTRES",48.4605,1.501167,155,1983082112,"","","","",4.,1,240,1,"","","","","","","","","","","","","","","","","","","","","","","","","","","","",21.4,1,16.3,1,"","","","","","","","","","","","","","","","","","","","","","","","","","",75,1,"","","","","","","","","","","","",19.1,1,1017.7,1,"","","","","","","","",5,1,"","","","","","","","","","","","","","","","","","","","","","","","","","","","","","","","","","","","","","","","","","","","","","","","","","","","","","","","","","","","","","","","","","","","","","","","","","","","","","","","","","","","","","","","","","","","","","","","","","","","","","","",""
"28070001","CHARTRES",48.4605,1.501167,155,1983082115,"","","","",4.,1,200,1,"","","","","","","","","","","","","","","","","","","","","","","","","","","","",23.1,1,15.7,1,"","","","","","","","","","","","","","","","","","","","","","","","","","",65,1,"","","","","","","","","","","","",18.4,1,1016.8,1,"","","","","","","","",5,1,"","","","","","","","","","","","","","","","","","","","","","","","","","","","","","","","","","","","","","","","","","","","","","","","","","","","","","","","","","","","","","","","","","","","","","","","","","","","","","","","","","","","","","","","","","","","","","","","","","","","","","","",""
"28070001","CHARTRES",48.4605,1.501167,155,1983082118,"","","","",4.,1,240,1,"","","","","","","","","","","","","","","","","","","","","","","","","","","","",22.4,1,15.9,1,"","","","","","","","","","","","","","","","","","","","","","","","","","",69,1,"","","","","","","","","","","","",18.7,1,1016.5,1,"","","","","","","","",5,1,"","","","","","","","","","","","","","","","","","","","","","","","","","","","","","","","","","","","","","","","","","","","","","","","","","","","","","","","","","","","","","","","","","","","","","","","","","","","","","","","","","","","","","","","","","","","","","","","","","","","","","","",""
"28070001","CHARTRES",48.4605,1.501167,155,1983082121,"","","","",3.,1,240,1,"","","","","","","","","","","","","","","","","","","","","","","","","","","","",18.3,1,15.6,1,"","","","","","","","","","","","","","","","","","","","","","","","","","",87,1,"","","","","","","","","","","","",18.3,1,1017.7,1,"","","","","","","","",5,1,"","","","","","","","","","","","","","","","","","","","","","","","","","","","","","","","","","","","","","","","","","","","","","","","","","","","","","","","","","","","","","","","","","","","","","","","","","","","","","","","","","","","","","","","","","","","","","","","","","","","","","","",""
"28070001","CHARTRES",48.4605,1.501167,155,1983082200,"","","","",3.,1,240,1,"","","","","","","","","","","","","","","","","","","","","","","","","","","","",16.3,1,16.3,1,"","","","","","","","","","","","","","","","","","","","","","","","","","",100,1,"","","","","","","","","","","","",18.5,1,1018.2,1,"","","","","","","","",5,1,"","","","","","","","","","","","","","","","","","","","","","","","","","","","","","","","","","","","","","","","","","","","","","","","","","","","","","","","","","","","","","","","","","","","","","","","","","","","","","","","","","","","","","","","","","","","","","","","","","","","","","","",""
"28070001","CHARTRES",48.4605,1.501167,155,1983082203,"","","","",3.,1,240,1,"","","","","","","","","","","","","","","","","","","","","","","","","","","","",15.9,1,15.9,1,"","","","","","","","","","","","","","","","","","","","","","","","","","",99,1,"","","","","","","","","","","","",17.9,1,1018.2,1,"","","","","","","","",5,1,"","","","","","","","","","","","","","","","","","","","","","","","","","","","","","","","","","","","","","","","","","","","","","","","","","","","","","","","","","","","","","","","","","","","","","","","","","","","","","","","","","","","","","","","","","","","","","","","","","","","","","","",""
"28070001","CHARTRES",48.4605,1.501167,155,1983082206,"","","","",3.,1,220,1,"","","","","","","","","","","","","","","","","","","","","","","","","","","","",16.5,1,16.5,1,"","","","","","","","","","","","","","","","","","","","","","","","","","",100,1,"","","","","","","","","","","","",18.8,1,1018.4,1,"","","","","","",8,1,8,1,6,1,"","","","","","","","","","","","","","","","","","","","","","","","","","","","",8000,1,"","",0,1,"","","","",1,1,"","","","","","","","","","","","","","","","","","","","","","","","","","","","","","","","","","","","","","","","","","","","","","","","","","","","","","","","","","","","","",""
"28070001","CHARTRES",48.4605,1.501167,155,1983082209,"","","","",4.,1,240,1,"","","","","","","","","","","","","","","","","","","","","","","","","","","","",18.1,1,16.3,1,"","","","","","","","","","","","","","","","","","","","","","","","","","",92,1,"","","","","","","","","","","","",19.1,1,1019.7,1,"","","","","","",8,1,6,1,5,1,"","","","","","","","","","","","","","","","","","","","","","","","","","","","",8000,1,"","",1,1,2,1,"","","","","","","","","","","","","","","","","","","","","","","","","","","","","","","","","","","","","","","","","","","","","","","","","","","","","","","","","","","","","","","","","",""
"28070001","CHARTRES",48.4605,1.501167,155,1983082212,"","","","",3.,1,220,1,"","","","","","","","","","","","","","","","","","","","","","","","","","","","",21.,1,17.,1,"","","","","","","","","","","","","","","","","","","","","","","","","","",81,1,"","","","","","","","","","","","",20.1,1,1019.6,1,"","","","","","",7,1,6,1,8,1,"","","","","","","","","","","","","","","","","","","","","","","","","","","","",20000,1,"","",1,1,2,1,"","","","","","","","","","","","","","","","","","","","","","","","","","","","","","","","","","","","","","","","","","","","","","","","","","","","","","","","","","","","","","","","","",""
"28070001","CHARTRES",48.4605,1.501167,155,1983082215,"","","","",4.,1,220,1,"","","","","","","","","","","","","","","","","","","","","","","","","","","","",23.,1,18.,1,"","","","","","","","","","","","","","","","","","","","","","","","","","",76,1,"","","","","","","","","","","","",21.4,1,1018.9,1,"","","","","","",6,1,0,1,8,1,0,1,0,1,"","","","","","","","","","","","","","","","","","","","","","","","",20000,1,"","",1,1,2,1,"","","","","","","","","","","","","","","","","","","","","","","","","","","","","","","","","","","","","","","","","","","","","","","","","","","","","","","","","","","","","","","","","",""
"28070001","CHARTRES",48.4605,1.501167,155,1983082218,"","","","",1.,1,280,1,"","","","","","","","","","","","","","","","","","","","","","","","","","","","",22.1,1,18.1,1,"","","","","","","","","","","","","","","","","","","","","","","","","","",81,1,"","","","","","","","","","","","",21.5,1,1018.6,1,"","","","","","","","",0,1,"","","","","","","","","","","","","","","","","","","","","","","","","","","","","","","","","","","","","","","","","","","","","","","","","","","","","","","","","","","","","","","","","","","","","","","","","","","","","","","","","","","","","","","","","","","","","","","","","","","","","","","",""
"28070001","CHARTRES",48.4605,1.501167,155,1983082221,"","","","",0.,1,0,1,"","","","","","","","","","","","","","","","","","","","","","","","","","","","",18.1,1,18.1,1,"","","","","","","","","","","","","","","","","","","","","","","","","","",99,1,"","","","","","","","","","","","",20.6,1,1020.3,1,"","","","","","","","",0,1,"","","","","","","","","","","","","","","","","","","","","","","","","","","","","","","","","","","","","","","","","","","","","","","","","","","","","","","","","","","","","","","","","","","","","","","","","","","","","","","","","","","","","","","","","","","","","","","","","","","","","","","",""
"28070001","CHARTRES",48.4605,1.501167,155,1983082300,"","","","",1.,1,360,1,"","","","","","","","","","","","","","","","","","","","","","","","","","","","",17.6,1,17.6,1,"","","","","","","","","","","","","","","","","","","","","","","","","","",99,1,"","","","","","","","","","","","",19.9,1,1020.3,1,"","","","","","","","",0,1,"","","","","","","","","","","","","","","","","","","","","","","","","","","","","","","","","","","","","","","","","","","","","","","","","","","","","","","","","","","","","","","","","","","","","","","","","","","","","","","","","","","","","","","","","","","","","","","","","","","","","","","",""
"28070001","CHARTRES",48.4605,1.501167,155,1983082303,"","","","",1.,1,340,1,"","","","","","","","","","","","","","","","","","","","","","","","","","","","",16.,1,16.,1,"","","","","","","","","","","","","","","","","","","","","","","","","","",100,1,"","","","","","","","","","","","",18.2,1,1020.,1,"","","","","","","","",0,1,"","","","","","","","","","","","","","","","","","","","","","","","","","","","","","","","","","","","","","","","","","","","","","","","","","","","","","","","","","","","","","","","","","","","","","","","","","","","","","","","","","","","","","","","","","","","","","","","","","","","","","","",""
"28070001","CHARTRES",48.4605,1.501167,155,1983082306,"","","","",1.,1,360,1,"","","","","","","","","","","","","","","","","","","","","","","","","","","","",15.,1,15.,1,"","","","","","","","","","","","","","","","","","","","","","","","","","",100,1,"","","","","","","","","","","","",17.,1,1020.,1,"","","","","","",4,1,0,1,0,1,3,1,0,1,"","","","","","","","","","","","","","","","","","","","","","","","",600,1,"","",44,1,"","","","",1,1,"","","","","","","","","","","","","","","","","","","","","","","","","","","","","","","","","","","","","","","","","","","","","","","","","","","","","","","","","","","","","",""
"28070001","CHARTRES",48.4605,1.501167,155,1983082309,"","","","",1.,1,160,1,"","","","","","","","","","","","","","","","","","","","","","","","","","","","",22.8,1,18.1,1,"","","","","","","","","","","","","","","","","","","","","","","","","","",78,1,"","","","","","","","","","","","",21.6,1,1019.6,1,"","","","","","",3,1,0,1,2,1,3,1,0,1,"","","","","","","","","","","","","","","","","","","","","","","","",7000,1,"","",3,1,4,1,"","","","","","","","","","","","","","","","","","","","","","","","","","","","","","","","","","","","","","","","","","","","","","","","","","","","","","","","","","","","","","","","","",""
"28070001","CHARTRES",48.4605,1.501167,155,1983082312,"","","","",1.,1,240,1,"","","","","","","","","","","","","","","","","","","","","","","","","","","","",24.,1,18.4,1,"","","","","","","","","","","","","","","","","","","","","","","","","","",74,1,"","","","","","","","","","","","",22.,1,1018.7,1,"","","","","","",6,1,5,1,2,1,0,1,1,1,"","","","","","","","","","","","","","","","","","","","","","","","",12000,1,"","",3,1,1,1,"","","","","","","","","","","","","","","","","","","","","","","","","","","","","","","","","","","","","","","","","","","","","","","","","","","","","","","","","","","","","","","","","",""
"28070001","CHARTRES",48.4605,1.501167,155,1983082315,"","","","",3.,1,20,1,"","","","","","","","","","","","","","","","","","","","","","","","","","","","",20.,1,17.9,1,"","","","","","","","","","","","","","","","","","","","","","","","","","",91,1,"","","","","","","","","","","","",21.2,1,1018.3,1,"","","","","","",5,1,0,1,3,1,0,1,1,1,"","","","","","","","","","","","","","","","","","","","","","","","",12000,1,"","",29,1,9,1,"","","","","","","","","","","","","","","","","","","","","","","","","","","","","","","","","","","","","","","","","","","","","","","","","","","","","","","","","","","","","","","","","",""
"28070001","CHARTRES",48.4605,1.501167,155,1983082318,"","","","",3.,1,20,1,"","","","","","","","","","","","","","","","","","","","","","","","","","","","",22.3,1,18.3,1,"","","","","","","","","","","","","","","","","","","","","","","","","","",81,1,"","","","","","","","","","","","",21.8,1,1017.4,1,"","","","","","","","",0,1,"","","","","","","","","","","","","","","","","","","","","","","","","","","","","","","","","","","","","","","","","","","","","","","","","","","","","","","","","","","","","","","","","","","","","","","","","","","","","","","","","","","","","","","","","","","","","","","","","","","","","","","",""
"28070001","CHARTRES",48.4605,1.501167,155,1983082321,"","","","",3.,1,40,1,"","","","","","","","","","","","","","","","","","","","","","","","","","","","",18.4,1,17.5,1,"","","","","","","","","","","","","","","","","","","","","","","","","","",98,1,"","","","","","","","","","","","",20.7,1,1018.4,1,"","","","","","","","",0,1,"","","","","","","","","","","","","","","","","","","","","","","","","","","","","","","","","","","","","","","","","","","","","","","","","","","","","","","","","","","","","","","","","","","","","","","","","","","","","","","","","","","","","","","","","","","","","","","","","","","","","","","",""
"28070001","CHARTRES",48.4605,1.501167,155,1983082400,"","","","",2.,1,40,1,"","","","","","","","","","","","","","","","","","","","","","","","","","","","",16.9,1,16.9,1,"","","","","","","","","","","","","","","","","","","","","","","","","","",99,1,"","","","","","","","","","","","",19.1,1,1017.8,1,"","","","","","","","",0,1,"","","","","","","","","","","","","","","","","","","","","","","","","","","","","","","","","","","","","","","","","","","","","","","","","","","","","","","","","","","","","","","","","","","","","","","","","","","","","","","","","","","","","","","","","","","","","","","","","","","","","","","",""
"28070001","CHARTRES",48.4605,1.501167,155,1983082403,"","","","",3.,1,20,1,"","","","","","","","","","","","","","","","","","","","","","","","","","","","",15.9,1,15.9,1,"","","","","","","","","","","","","","","","","","","","","","","","","","",99,1,"","","","","","","","","","","","",17.9,1,1017.,1,"","","","","","","","",0,1,"","","","","","","","","","","","","","","","","","","","","","","","","","","","","","","","","","","","","","","","","","","","","","","","","","","","","","","","","","","","","","","","","","","","","","","","","","","","","","","","","","","","","","","","","","","","","","","","","","","","","","","",""
"28070001","CHARTRES",48.4605,1.501167,155,1983082406,"","","","",4.,1,20,1,"","","","","","","","","","","","","","","","","","","","","","","","","","","","",16.,1,16.,1,"","","","","","","","","","","","","","","","","","","","","","","","","","",99,1,"","","","","","","","","","","","",18.,1,1016.8,1,"","","","","","",7,1,5,1,8,1,"","","","","","","","","","","","","","","","","","","","","","","","","","","","",1500,1,"","",80,1,"","","","",1,1,"","","","","","","","","","","","","","","","","","","","","","","","","","","","","","","","","","","","","","","","","","","","","","","","","","","","","","","","","","","","","",""
"28070001","CHARTRES",48.4605,1.501167,155,1983082409,"","","","",5.,1,20,1,"","","","","","","","","","","","","","","","","","","","","","","","","","","","",18.,1,18.,1,"","","","","","","","","","","","","","","","","","","","","","","","","","",99,1,"","","","","","","","","","","","",20.4,1,1017.1,1,"","","","","","",7,1,7,1,6,1,"","","","","","","","","","","","","","","","","","","","","","","","","","","","",1400,1,"","",10,1,9,1,"","","","","","","","","","","","","","","","","","","","","","","","","","","","","","","","","","","","","","","","","","","","","","","","","","","","","","","","","","","","","","","","","",""
"28070001","CHARTRES",48.4605,1.501167,155,1983082412,"","","","",5.,1,40,1,"","","","","","","","","","","","","","","","","","","","","","","","","","","","",23.2,1,19.3,1,"","","","","","","","","","","","","","","","","","","","","","","","","","",82,1,"","","","","","","","","","","","",23.3,1,1018.5,1,"","","","","","",7,1,7,1,5,1,"","","","","","","","","","","","","","","","","","","","","","","","","","","","",5000,1,"","",2,1,9,1,"","","","","","","","","","","","","","","","","","","","","","","","","","","","","","","","","","","","","","","","","","","","","","","","","","","","","","","","","","","","","","","","","",""
"28070001","CHARTRES",48.4605,1.501167,155,1983082415,"","","","",6.,1,60,1,"","","","","","","","","","","","","","","","","","","","","","","","","","","","",25.,1,19.8,1,"","","","","","","","","","","","","","","","","","","","","","","","","","",76,1,"","","","","","","","","","","","",24.,1,1015.3,1,"","","","","","",3,1,0,1,8,1,0,1,0,1,"","","","","","","","","","","","","","","","","","","","","","","","",8000,1,"","",1,1,1,1,"","","","","","","","","","","","","","","","","","","","","","","","","","","","","","","","","","","","","","","","","","","","","","","","","","","","","","","","","","","","","","","","","",""
"28070001","CHARTRES",48.4605,1.501167,155,1983082418,"","","","",3.,1,40,1,"","","","","","","","","","","","","","","","","","","","","","","","","","","","",21.7,1,16.7,1,"","","","","","","","","","","","","","","","","","","","","","","","","","",76,1,"","","","","","","","","","","","",19.7,1,1015.6,1,"","","","","","","","",0,1,"","","","","","","","","","","","","","","","","","","","","","","","","","","","","","","","","","","","","","","","","","","","","","","","","","","","","","","","","","","","","","","","","","","","","","","","","","","","","","","","","","","","","","","","","","","","","","","","","","","","","","","",""
"28070001","CHARTRES",48.4605,1.501167,155,1983082421,"","","","",3.,1,40,1,"","","","","","","","","","","","","","","","","","","","","","","","","","","","",19.4,1,17.2,1,"","","","","","","","","","","","","","","","","","","","","","","","","","",90,1,"","","","","","","","","","","","",20.3,1,1017.2,1,"","","","","","","","",0,1,"","","","","","","","","","","","","","","","","","","","","","","","","","","","","","","","","","","","","","","","","","","","","","","","","","","","","","","","","","","","","","","","","","","","","","","","","","","","","","","","","","","","","","","","","","","","","","","","","","","","","","","",""
"28070001","CHARTRES",48.4605,1.501167,155,1983082500,"","","","",4.,1,40,1,"","","","","","","","","","","","","","","","","","","","","","","","","","","","",18.3,1,18.3,1,"","","","","","","","","","","","","","","","","","","","","","","","","","",99,1,"","","","","","","","","","","","",20.8,1,1017.9,1,"","","","","","","","",0,1,"","","","","","","","","","","","","","","","","","","","","","","","","","","","","","","","","","","","","","","","","","","","","","","","","","","","","","","","","","","","","","","","","","","","","","","","","","","","","","","","","","","","","","","","","","","","","","","","","","","","","","","",""
"28070001","CHARTRES",48.4605,1.501167,155,1983082503,"","","","",4.,1,40,1,"","","","","","","","","","","","","","","","","","","","","","","","","","","","",17.,1,16.,1,"","","","","","","","","","","","","","","","","","","","","","","","","","",97,1,"","","","","","","","","","","","",18.8,1,1017.3,1,"","","","","","","","",0,1,"","","","","","","","","","","","","","","","","","","","","","","","","","","","","","","","","","","","","","","","","","","","","","","","","","","","","","","","","","","","","","","","","","","","","","","","","","","","","","","","","","","","","","","","","","","","","","","","","","","","","","","",""
"28070001","CHARTRES",48.4605,1.501167,155,1983082506,"","","","",4.,1,40,1,"","","","","","","","","","","","","","","","","","","","","","","","","","","","",17.2,1,16.3,1,"","","","","","","","","","","","","","","","","","","","","","","","","","",98,1,"","","","","","","","","","","","",19.2,1,1017.2,1,"","","","","","",8,1,7,1,6,1,"","","","","","","","","","","","","","","","","","","","","","","","","","","","",1500,1,"","",10,1,"","","","",0,1,"","","","","","","","","","","","","","","","","","","","","","","","","","","","","","","","","","","","","","","","","","","","","","","","","","","","","","","","","","","","","",""
"28070001","CHARTRES",48.4605,1.501167,155,1983082509,"","","","",6.,1,60,1,"","","","","","","","","","","","","","","","","","","","","","","","","","","","",18.5,1,17.,1,"","","","","","","","","","","","","","","","","","","","","","","","","","",94,1,"","","","","","","","","","","","",20.,1,1017.7,1,"","","","","","",8,1,7,1,6,1,"","","","","","","","","","","","","","","","","","","","","","","","","","","","",1700,1,"","",10,1,2,1,"","","","","","","","","","","","","","","","","","","","","","","","","","","","","","","","","","","","","","","","","","","","","","","","","","","","","","","","","","","","","","","","","",""
"28070001","CHARTRES",48.4605,1.501167,155,1983082512,"","","","",5.,1,40,1,"","","","","","","","","","","","","","","","","","","","","","","","","","","","",20.,1,17.9,1,"","","","","","","","","","","","","","","","","","","","","","","","","","",91,1,"","","","","","","","","","","","",21.2,1,1017.6,1,"","","","","","",8,1,5,1,5,1,"","","","","","","","","","","","","","","","","","","","","","","","","","","","",2000,1,"","",10,1,2,1,"","","","","","","","","","","","","","","","","","","","","","","","","","","","","","","","","","","","","","","","","","","","","","","","","","","","","","","","","","","","","","","","","",""
"28070001","CHARTRES",48.4605,1.501167,155,1983082515,"","","","",6.,1,60,1,"","","","","","","","","","","","","","","","","","","","","","","","","","","","",24.2,1,19.9,1,"","","","","","","","","","","","","","","","","","","","","","","","","","",80,1,"","","","","","","","","","","","",24.2,1,1016.4,1,"","","","","","",5,1,5,1,0,1,0,1,8,1,"","","","","","","","","","","","","","","","","","","","","","","","",5000,1,"","",1,1,2,1,"","","","","","","","","","","","","","","","","","","","","","","","","","","","","","","","","","","","","","","","","","","","","","","","","","","","","","","","","","","","","","","","","",""
"28070001","CHARTRES",48.4605,1.501167,155,1983082518,"","","","",5.,1,60,1,"","","","","","","","","","","","","","","","","","","","","","","","","","","","",23.7,1,18.9,1,"","","","","","","","","","","","","","","","","","","","","","","","","","",77,1,"","","","","","","","","","","","",22.6,1,1016.2,1,"","","","","","","","",5,1,"","","","","","","","","","","","","","","","","","","","","","","","","","","","","","","","","","","","","","","","","","","","","","","","","","","","","","","","","","","","","","","","","","","","","","","","","","","","","","","","","","","","","","","","","","","","","","","","","","","","","","","",""
"28070001","CHARTRES",48.4605,1.501167,155,1983082521,"","","","",5.,1,140,1,"","","","","","","","","","","","","","","","","","","","","","","","","","","","",19.6,1,18.2,1,"","","","","","","","","","","","","","","","","","","","","","","","","","",95,1,"","","","","","","","","","","","",21.7,1,1017.8,1,"","","","","","","","",5,1,"","","","","","","","","","","","","","","","","","","","","","","","","","","","","","","","","","","","","","","","","","","","","","","","","","","","","","","","","","","","","","","","","","","","","","","","","","","","","","","","","","","","","","","","","","","","","","","","","","","","","","","",""
"28070001","CHARTRES",48.4605,1.501167,155,1983082600,"","","","",6.,1,40,1,"","","","","","","","","","","","","","","","","","","","","","","","","","","","",17.5,1,17.5,1,"","","","","","","","","","","","","","","","","","","","","","","","","","",99,1,"","","","","","","","","","","","",19.8,1,1018.1,1,"","","","","","","","",5,1,"","","","","","","","","","","","","","","","","","","","","","","","","","","","","","","","","","","","","","","","","","","","","","","","","","","","","","","","","","","","","","","","","","","","","","","","","","","","","","","","","","","","","","","","","","","","","","","","","","","","","","","",""
"28070001","CHARTRES",48.4605,1.501167,155,1983082603,"","","","",6.,1,40,1,"","","","","","","","","","","","","","","","","","","","","","","","","","","","",17.6,1,17.6,1,"","","","","","","","","","","","","","","","","","","","","","","","","","",99,1,"","","","","","","","","","","","",19.9,1,1017.9,1,"","","","","","","","",5,1,"","","","","","","","","","","","","","","","","","","","","","","","","","","","","","","","","","","","","","","","","","","","","","","","","","","","","","","","","","","","","","","","","","","","","","","","","","","","","","","","","","","","","","","","","","","","","","","","","","","","","","","",""
"28070001","CHARTRES",48.4605,1.501167,155,1983082606,"","","","",5.,1,40,1,"","","","","","","","","","","","","","","","","","","","","","","","","","","","",17.2,1,17.2,1,"","","","","","","","","","","","","","","","","","","","","","","","","","",99,1,"","","","","","","","","","","","",19.4,1,1017.9,1,"","","","","","",8,1,8,1,6,1,"","","","","","","","","","","","","","","","","","","","","","","","","","","","",600,1,"","",44,1,"","","","",0,1,"","","","","","","","","","","","","","","","","","","","","","","","","","","","","","","","","","","","","","","","","","","","","","","","","","","","","","","","","","","","","",""
"28070001","CHARTRES",48.4605,1.501167,155,1983082609,"","","","",5.,1,60,1,"","","","","","","","","","","","","","","","","","","","","","","","","","","","",20.8,1,17.9,1,"","","","","","","","","","","","","","","","","","","","","","","","","","",86,1,"","","","","","","","","","","","",21.2,1,1018.2,1,"","","","","","",1,1,0,1,6,1,0,1,0,1,"","","","","","","","","","","","","","","","","","","","","","","","",1500,1,"","",10,1,4,1,"","","","","","","","","","","","","","","","","","","","","","","","","","","","","","","","","","","","","","","","","","","","","","","","","","","","","","","","","","","","","","","","","",""
"28070001","CHARTRES",48.4605,1.501167,155,1983082612,"","","","",6.,1,60,1,"","","","","","","","","","","","","","","","","","","","","","","","","","","","",25.6,1,19.5,1,"","","","","","","","","","","","","","","","","","","","","","","","","","",72,1,"","","","","","","","","","","","",23.5,1,1017.6,1,"","","","","","",0,1,"","",0,1,0,1,0,1,"","","","","","","","","","","","","","","","","","","","","","","","",3500,1,"","",10,1,4,1,"","","","","","","","","","","","","","","","","","","","","","","","","","","","","","","","","","","","","","","","","","","","","","","","","","","","","","","","","","","","","","","","","",""
"28070001","CHARTRES",48.4605,1.501167,155,1983082615,"","","","",6.,1,80,1,"","","","","","","","","","","","","","","","","","","","","","","","","","","","",26.8,1,20.4,1,"","","","","","","","","","","","","","","","","","","","","","","","","","",71,1,"","","","","","","","","","","","",25.,1,1016.9,1,"","","","","","",0,1,"","",0,1,0,1,0,1,"","","","","","","","","","","","","","","","","","","","","","","","",5000,1,"","",2,1,0,1,"","","","","","","","","","","","","","","","","","","","","","","","","","","","","","","","","","","","","","","","","","","","","","","","","","","","","","","","","","","","","","","","","",""
"28070001","CHARTRES",48.4605,1.501167,155,1983082618,"","","","",5.,1,80,1,"","","","","","","","","","","","","","","","","","","","","","","","","","","","",24.6,1,18.9,1,"","","","","","","","","","","","","","","","","","","","","","","","","","",73,1,"","","","","","","","","","","","",22.6,1,1017.,1,"","","","","","","","","","","","","","","","","","","","","","","","","","","","","","","","","","","","","","","","","","","","","","","","","","","","","","","","","","","","","","","","","","","","","","","","","","","","","","","","","","","","","","","","","","","","","","","","","","","","","","","","","","","","","","","","","",""
"28070001","CHARTRES",48.4605,1.501167,155,1983082621,"","","","",4.,1,60,1,"","","","","","","","","","","","","","","","","","","","","","","","","","","","",20.8,1,17.6,1,"","","","","","","","","","","","","","","","","","","","","","","","","","",85,1,"","","","","","","","","","","","",20.9,1,1019.,1,"","","","","","","","","","","","","","","","","","","","","","","","","","","","","","","","","","","","","","","","","","","","","","","","","","","","","","","","","","","","","","","","","","","","","","","","","","","","","","","","","","","","","","","","","","","","","","","","","","","","","","","","","","","","","","","","","",""
"28070001","CHARTRES",48.4605,1.501167,155,1983082700,"","","","",3.,1,40,1,"","","","","","","","","","","","","","","","","","","","","","","","","","","","",19.3,1,17.6,1,"","","","","","","","","","","","","","","","","","","","","","","","","","",93,1,"","","","","","","","","","","","",20.8,1,1019.1,1,"","","","","","","","","","","","","","","","","","","","","","","","","","","","","","","","","","","","","","","","","","","","","","","","","","","","","","","","","","","","","","","","","","","","","","","","","","","","","","","","","","","","","","","","","","","","","","","","","","","","","","","","","","","","","","","","","",""
"28070001","CHARTRES",48.4605,1.501167,155,1983082703,"","","","",4.,1,20,1,"","","","","","","","","","","","","","","","","","","","","","","","","","","","",17.8,1,17.8,1,"","","","","","","","","","","","","","","","","","","","","","","","","","",99,1,"","","","","","","","","","","","",20.2,1,1018.9,1,"","","","","","","","","","","","","","","","","","","","","","","","","","","","","","","","","","","","","","","","","","","","","","","","","","","","","","","","","","","","","","","","","","","","","","","","","","","","","","","","","","","","","","","","","","","","","","","","","","","","","","","","","","","","","","","","","",""
"28070001","CHARTRES",48.4605,1.501167,155,1983082706,"","","","",3.,1,40,1,"","","","","","","","","","","","","","","","","","","","","","","","","","","","",16.8,1,15.9,1,"","","","","","","","","","","","","","","","","","","","","","","","","","",98,1,"","","","","","","","","","","","",18.7,1,1019.7,1,"","","","","","",6,1,6,1,5,1,0,1,0,1,"","","","","","","","","","","","","","","","","","","","","","","","",1800,1,"","",10,1,"","","","",1,1,"","","","","","","","","","","","","","","","","","","","","","","","","","","","","","","","","","","","","","","","","","","","","","","","","","","","","","","","","","","","","",""
"28070001","CHARTRES",48.4605,1.501167,155,1983082709,"","","","",4.,1,60,1,"","","","","","","","","","","","","","","","","","","","","","","","","","","","",19.8,1,17.3,1,"","","","","","","","","","","","","","","","","","","","","","","","","","",89,1,"","","","","","","","","","","","",20.5,1,1020.3,1,"","","","","","",5,1,5,1,5,1,0,1,0,1,"","","","","","","","","","","","","","","","","","","","","","","","",5000,1,"","",3,1,1,1,"","","","","","","","","","","","","","","","","","","","","","","","","","","","","","","","","","","","","","","","","","","","","","","","","","","","","","","","","","","","","","","","","",""
"28070001","CHARTRES",48.4605,1.501167,155,1983082712,"","","","",5.,1,60,1,"","","","","","","","","","","","","","","","","","","","","","","","","","","","",24.7,1,20.,1,"","","","","","","","","","","","","","","","","","","","","","","","","","",78,1,"","","","","","","","","","","","",24.3,1,1020.4,1,"","","","","","","","",5,1,"","","","","","","","","","","","","","","","","","","","","","","","","","","","","","","","","","","","","","","","","","","","","","","","","","","","","","","","","","","","","","","","","","","","","","","","","","","","","","","","","","","","","","","","","","","","","","","","","","","","","","","",""
"28070001","CHARTRES",48.4605,1.501167,155,1983082715,"","","","",5.,1,80,1,"","","","","","","","","","","","","","","","","","","","","","","","","","","","",26.7,1,20.6,1,"","","","","","","","","","","","","","","","","","","","","","","","","","",72,1,"","","","","","","","","","","","",25.2,1,1019.3,1,"","","","","","","","",5,1,"","","","","","","","","","","","","","","","","","","","","","","","","","","","","","","","","","","","","","","","","","","","","","","","","","","","","","","","","","","","","","","","","","","","","","","","","","","","","","","","","","","","","","","","","","","","","","","","","","","","","","","",""
"28070001","CHARTRES",48.4605,1.501167,155,1983082718,"","","","",4.,1,60,1,"","","","","","","","","","","","","","","","","","","","","","","","","","","","",24.6,1,19.1,1,"","","","","","","","","","","","","","","","","","","","","","","","","","",74,1,"","","","","","","","","","","","",22.9,1,1019.3,1,"","","","","","","","",5,1,"","","","","","","","","","","","","","","","","","","","","","","","","","","","","","","","","","","","","","","","","","","","","","","","","","","","","","","","","","","","","","","","","","","","","","","","","","","","","","","","","","","","","","","","","","","","","","","","","","","","","","","",""
"28070001","CHARTRES",48.4605,1.501167,155,1983082721,"","","","",4.,1,40,1,"","","","","","","","","","","","","","","","","","","","","","","","","","","","",19.7,1,15.7,1,"","","","","","","","","","","","","","","","","","","","","","","","","","",80,1,"","","","","","","","","","","","",18.4,1,1020.6,1,"","","","","","","","",5,1,"","","","","","","","","","","","","","","","","","","","","","","","","","","","","","","","","","","","","","","","","","","","","","","","","","","","","","","","","","","","","","","","","","","","","","","","","","","","","","","","","","","","","","","","","","","","","","","","","","","","","","","",""
"28070001","CHARTRES",48.4605,1.501167,155,1983082800,"","","","",4.,1,40,1,"","","","","","","","","","","","","","","","","","","","","","","","","","","","",17.5,1,15.4,1,"","","","","","","","","","","","","","","","","","","","","","","","","","",90,1,"","","","","","","","","","","","",18.,1,1021.,1,"","","","","","","","",5,1,"","","","","","","","","","","","","","","","","","","","","","","","","","","","","","","","","","","","","","","","","","","","","","","","","","","","","","","","","","","","","","","","","","","","","","","","","","","","","","","","","","","","","","","","","","","","","","","","","","","","","","","",""
"28070001","CHARTRES",48.4605,1.501167,155,1983082803,"","","","",4.,1,40,1,"","","","","","","","","","","","","","","","","","","","","","","","","","","","",15.6,1,15.6,1,"","","","","","","","","","","","","","","","","","","","","","","","","","",99,1,"","","","","","","","","","","","",17.5,1,1020.2,1,"","","","","","","","",5,1,"","","","","","","","","","","","","","","","","","","","","","","","","","","","","","","","","","","","","","","","","","","","","","","","","","","","","","","","","","","","","","","","","","","","","","","","","","","","","","","","","","","","","","","","","","","","","","","","","","","","","","","",""
"28070001","CHARTRES",48.4605,1.501167,155,1983082806,"","","","",6.,1,40,1,"","","","","","","","","","","","","","","","","","","","","","","","","","","","",15.,1,14.2,1,"","","","","","","","","","","","","","","","","","","","","","","","","","",98,1,"","","","","","","","","","","","",16.7,1,1019.9,1,"","","","","","",7,1,7,1,0,1,7,1,"","","","","","","","","","","","","","","","","","","","","","","","","","",5000,1,"","",0,1,"","","","",0,1,"","","","","","","","","","","","","","","","","","","","","","","","","","","","","","","","","","","","","","","","","","","","","","","","","","","","","","","","","","","","","",""
"28070001","CHARTRES",48.4605,1.501167,155,1983082809,"","","","",6.,1,60,1,"","","","","","","","","","","","","","","","","","","","","","","","","","","","",17.,1,15.2,1,"","","","","","","","","","","","","","","","","","","","","","","","","","",92,1,"","","","","","","","","","","","",17.8,1,1020.,1,"","","","","","",7,1,6,1,0,1,3,1,1,1,"","","","","","","","","","","","","","","","","","","","","","","","",7000,1,"","",1,1,6,1,"","","","","","","","","","","","","","","","","","","","","","","","","","","","","","","","","","","","","","","","","","","","","","","","","","","","","","","","","","","","","","","","","",""
"28070001","CHARTRES",48.4605,1.501167,155,1983082812,"","","","",5.,1,60,1,"","","","","","","","","","","","","","","","","","","","","","","","","","","","",21.7,1,17.1,1,"","","","","","","","","","","","","","","","","","","","","","","","","","",78,1,"","","","","","","","","","","","",20.2,1,1019.9,1,"","","","","","","","",6,1,"","","","","","","","","","","","","","","","","","","","","","","","","","","","","","","","","","","","","","","","","","","","","","","","","","","","","","","","","","","","","","","","","","","","","","","","","","","","","","","","","","","","","","","","","","","","","","","","","","","","","","","",""
"28070001","CHARTRES",48.4605,1.501167,155,1983082815,"","","","",5.,1,80,1,"","","","","","","","","","","","","","","","","","","","","","","","","","","","",22.8,1,17.3,1,"","","","","","","","","","","","","","","","","","","","","","","","","","",74,1,"","","","","","","","","","","","",20.5,1,1019.3,1,"","","","","","","","",6,1,"","","","","","","","","","","","","","","","","","","","","","","","","","","","","","","","","","","","","","","","","","","","","","","","","","","","","","","","","","","","","","","","","","","","","","","","","","","","","","","","","","","","","","","","","","","","","","","","","","","","","","","",""
"28070001","CHARTRES",48.4605,1.501167,155,1983082818,"","","","",5.,1,60,1,"","","","","","","","","","","","","","","","","","","","","","","","","","","","",21.5,1,15.9,1,"","","","","","","","","","","","","","","","","","","","","","","","","","",73,1,"","","","","","","","","","","","",18.7,1,1018.6,1,"","","","","","","","",6,1,"","","","","","","","","","","","","","","","","","","","","","","","","","","","","","","","","","","","","","","","","","","","","","","","","","","","","","","","","","","","","","","","","","","","","","","","","","","","","","","","","","","","","","","","","","","","","","","","","","","","","","","",""
"28070001","CHARTRES",48.4605,1.501167,155,1983082821,"","","","",4.,1,80,1,"","","","","","","","","","","","","","","","","","","","","","","","","","","","",18.6,1,14.,1,"","","","","","","","","","","","","","","","","","","","","","","","","","",77,1,"","","","","","","","","","","","",16.5,1,1019.8,1,"","","","","","","","",6,1,"","","","","","","","","","","","","","","","","","","","","","","","","","","","","","","","","","","","","","","","","","","","","","","","","","","","","","","","","","","","","","","","","","","","","","","","","","","","","","","","","","","","","","","","","","","","","","","","","","","","","","","",""
"28070001","CHARTRES",48.4605,1.501167,155,1983082900,"","","","",4.,1,60,1,"","","","","","","","","","","","","","","","","","","","","","","","","","","","",16.7,1,14.8,1,"","","","","","","","","","","","","","","","","","","","","","","","","","",91,1,"","","","","","","","","","","","",17.3,1,1018.4,1,"","","","","","","","",6,1,"","","","","","","","","","","","","","","","","","","","","","","","","","","","","","","","","","","","","","","","","","","","","","","","","","","","","","","","","","","","","","","","","","","","","","","","","","","","","","","","","","","","","","","","","","","","","","","","","","","","","","","",""
"28070001","CHARTRES",48.4605,1.501167,155,1983082903,"","","","",5.,1,60,1,"","","","","","","","","","","","","","","","","","","","","","","","","","","","",15.3,1,14.,1,"","","","","","","","","","","","","","","","","","","","","","","","","","",95,1,"","","","","","","","","","","","",16.5,1,1019.5,1,"","","","","","","","",6,1,"","","","","","","","","","","","","","","","","","","","","","","","","","","","","","","","","","","","","","","","","","","","","","","","","","","","","","","","","","","","","","","","","","","","","","","","","","","","","","","","","","","","","","","","","","","","","","","","","","","","","","","",""
"28070001","CHARTRES",48.4605,1.501167,155,1983082906,"","","","",5.,1,60,1,"","","","","","","","","","","","","","","","","","","","","","","","","","","","",13.5,1,12.5,1,"","","","","","","","","","","","","","","","","","","","","","","","","","",96,1,"","","","","","","","","","","","",14.9,1,1019.6,1,"","","","","","",5,1,0,1,6,1,0,1,1,1,"","","","","","","","","","","","","","","","","","","","","","","","",8000,1,"","",0,1,"","","","",0,1,"","","","","","","","","","","","","","","","","","","","","","","","","","","","","","","","","","","","","","","","","","","","","","","","","","","","","","","","","","","","","",""
"28070001","CHARTRES",48.4605,1.501167,155,1983082909,"","","","",5.,1,80,1,"","","","","","","","","","","","","","","","","","","","","","","","","","","","",16.9,1,14.4,1,"","","","","","","","","","","","","","","","","","","","","","","","","","",88,1,"","","","","","","","","","","","",16.9,1,1020.2,1,"","","","","","",5,1,5,1,5,1,0,1,0,1,"","","","","","","","","","","","","","","","","","","","","","","","",12000,1,"","",1,1,2,1,"","","","","","","","","","","","","","","","","","","","","","","","","","","","","","","","","","","","","","","","","","","","","","","","","","","","","","","","","","","","","","","","","",""
"28070001","CHARTRES",48.4605,1.501167,155,1983082912,"","","","",4.,1,60,1,"","","","","","","","","","","","","","","","","","","","","","","","","","","","",21.3,1,16.2,1,"","","","","","","","","","","","","","","","","","","","","","","","","","",75,1,"","","","","","","","","","","","",19.,1,1019.5,1,"","","","","","",1,1,0,1,0,1,0,1,1,1,"","","","","","","","","","","","","","","","","","","","","","","","",15000,1,"","",2,1,1,1,"","","","","","","","","","","","","","","","","","","","","","","","","","","","","","","","","","","","","","","","","","","","","","","","","","","","","","","","","","","","","","","","","",""
"28070001","CHARTRES",48.4605,1.501167,155,1983082915,"","","","",5.,1,60,1,"","","","","","","","","","","","","","","","","","","","","","","","","","","","",23.,1,17.3,1,"","","","","","","","","","","","","","","","","","","","","","","","","","",73,1,"","","","","","","","","","","","",20.5,1,1018.5,1,"","","","","","",2,1,0,1,1,1,0,1,1,1,"","","","","","","","","","","","","","","","","","","","","","","","",20000,1,"","",1,1,0,1,"","","","","","","","","","","","","","","","","","","","","","","","","","","","","","","","","","","","","","","","","","","","","","","","","","","","","","","","","","","","","","","","","",""
"28070001","CHARTRES",48.4605,1.501167,155,1983082918,"","","","",5.,1,60,1,"","","","","","","","","","","","","","","","","","","","","","","","","","","","",20.6,1,15.5,1,"","","","","","","","","","","","","","","","","","","","","","","","","","",75,1,"","","","","","","","","","","","",18.2,1,1018.6,1,"","","","","","","","",0,1,"","","","","","","","","","","","","","","","","","","","","","","","","","","","","","","","","","","","","","","","","","","","","","","","","","","","","","","","","","","","","","","","","","","","","","","","","","","","","","","","","","","","","","","","","","","","","","","","","","","","","","","",""
"28070001","CHARTRES",48.4605,1.501167,155,1983082921,"","","","",3.,1,60,1,"","","","","","","","","","","","","","","","","","","","","","","","","","","","",16.7,1,14.4,1,"","","","","","","","","","","","","","","","","","","","","","","","","","",89,1,"","","","","","","","","","","","",16.9,1,1019.7,1,"","","","","","","","",0,1,"","","","","","","","","","","","","","","","","","","","","","","","","","","","","","","","","","","","","","","","","","","","","","","","","","","","","","","","","","","","","","","","","","","","","","","","","","","","","","","","","","","","","","","","","","","","","","","","","","","","","","","",""
"28070001","CHARTRES",48.4605,1.501167,155,1983083000,"","","","",3.,1,20,1,"","","","","","","","","","","","","","","","","","","","","","","","","","","","",13.5,1,12.,1,"","","","","","","","","","","","","","","","","","","","","","","","","","",93,1,"","","","","","","","","","","","",14.4,1,1020.2,1,"","","","","","","","",0,1,"","","","","","","","","","","","","","","","","","","","","","","","","","","","","","","","","","","","","","","","","","","","","","","","","","","","","","","","","","","","","","","","","","","","","","","","","","","","","","","","","","","","","","","","","","","","","","","","","","","","","","","",""
"28070001","CHARTRES",48.4605,1.501167,155,1983083003,"","","","",3.,1,20,1,"","","","","","","","","","","","","","","","","","","","","","","","","","","","",12.,1,10.8,1,"","","","","","","","","","","","","","","","","","","","","","","","","","",95,1,"","","","","","","","","","","","",13.3,1,1020.,1,"","","","","","","","",0,1,"","","","","","","","","","","","","","","","","","","","","","","","","","","","","","","","","","","","","","","","","","","","","","","","","","","","","","","","","","","","","","","","","","","","","","","","","","","","","","","","","","","","","","","","","","","","","","","","","","","","","","","",""
"28070001","CHARTRES",48.4605,1.501167,155,1983083006,"","","","",3.,1,40,1,"","","","","","","","","","","","","","","","","","","","","","","","","","","","",12.,1,11.1,1,"","","","","","","","","","","","","","","","","","","","","","","","","","",96,1,"","","","","","","","","","","","",13.5,1,1019.8,1,"","","","","","",7,1,7,1,0,1,3,1,6,1,"","","","","","","","","","","","","","","","","","","","","","","","",8000,1,"","",0,1,"","","","",1,1,"","","","","","","","","","","","","","","","","","","","","","","","","","","","","","","","","","","","","","","","","","","","","","","","","","","","","","","","","","","","","",""
"28070001","CHARTRES",48.4605,1.501167,155,1983083009,"","","","",4.,1,60,1,"","","","","","","","","","","","","","","","","","","","","","","","","","","","",17.8,1,14.2,1,"","","","","","","","","","","","","","","","","","","","","","","","","","",82,1,"","","","","","","","","","","","",16.7,1,1019.5,1,"","","","","","",0,1,"","",0,1,0,1,0,1,"","","","","","","","","","","","","","","","","","","","","","","","",8000,1,"","",2,1,1,1,"","","","","","","","","","","","","","","","","","","","","","","","","","","","","","","","","","","","","","","","","","","","","","","","","","","","","","","","","","","","","","","","","",""
"28070001","CHARTRES",48.4605,1.501167,155,1983083012,"","","","",4.,1,60,1,"","","","","","","","","","","","","","","","","","","","","","","","","","","","",24.9,1,18.2,1,"","","","","","","","","","","","","","","","","","","","","","","","","","",69,1,"","","","","","","","","","","","",21.7,1,1018.3,1,"","","","","","",0,1,"","",0,1,0,1,0,1,"","","","","","","","","","","","","","","","","","","","","","","","",12000,1,"","",2,1,1,1,"","","","","","","","","","","","","","","","","","","","","","","","","","","","","","","","","","","","","","","","","","","","","","","","","","","","","","","","","","","","","","","","","",""
"28070001","CHARTRES",48.4605,1.501167,155,1983083015,"","","","",2.,1,100,1,"","","","","","","","","","","","","","","","","","","","","","","","","","","","",26.8,1,16.7,1,"","","","","","","","","","","","","","","","","","","","","","","","","","",56,1,"","","","","","","","","","","","",19.7,1,1017.,1,"","","","","","",0,1,"","",0,1,0,1,0,1,"","","","","","","","","","","","","","","","","","","","","","","","",15000,1,"","",2,1,0,1,"","","","","","","","","","","","","","","","","","","","","","","","","","","","","","","","","","","","","","","","","","","","","","","","","","","","","","","","","","","","","","","","","",""
"28070001","CHARTRES",48.4605,1.501167,155,1983083018,"","","","",3.,1,80,1,"","","","","","","","","","","","","","","","","","","","","","","","","","","","",23.6,1,17.3,1,"","","","","","","","","","","","","","","","","","","","","","","","","","",70,1,"","","","","","","","","","","","",20.4,1,1016.5,1,"","","","","","","","","","","","","","","","","","","","","","","","","","","","","","","","","","","","","","","","","","","","","","","","","","","","","","","","","","","","","","","","","","","","","","","","","","","","","","","","","","","","","","","","","","","","","","","","","","","","","","","","","","","","","","","","","",""
"28070001","CHARTRES",48.4605,1.501167,155,1983083021,"","","","",3.,1,60,1,"","","","","","","","","","","","","","","","","","","","","","","","","","","","",18.4,1,17.,1,"","","","","","","","","","","","","","","","","","","","","","","","","","",95,1,"","","","","","","","","","","","",20.1,1,1016.8,1,"","","","","","","","","","","","","","","","","","","","","","","","","","","","","","","","","","","","","","","","","","","","","","","","","","","","","","","","","","","","","","","","","","","","","","","","","","","","","","","","","","","","","","","","","","","","","","","","","","","","","","","","","","","","","","","","","",""
"28070001","CHARTRES",48.4605,1.501167,155,1983083100,"","","","",2.,1,20,1,"","","","","","","","","","","","","","","","","","","","","","","","","","","","",15.8,1,15.8,1,"","","","","","","","","","","","","","","","","","","","","","","","","","",99,1,"","","","","","","","","","","","",17.8,1,1016.9,1,"","","","","","","","","","","","","","","","","","","","","","","","","","","","","","","","","","","","","","","","","","","","","","","","","","","","","","","","","","","","","","","","","","","","","","","","","","","","","","","","","","","","","","","","","","","","","","","","","","","","","","","","","","","","","","","","","",""
"28070001","CHARTRES",48.4605,1.501167,155,1983083103,"","","","",2.,1,20,1,"","","","","","","","","","","","","","","","","","","","","","","","","","","","",13.9,1,13.9,1,"","","","","","","","","","","","","","","","","","","","","","","","","","",99,1,"","","","","","","","","","","","",15.7,1,1015.8,1,"","","","","","","","","","","","","","","","","","","","","","","","","","","","","","","","","","","","","","","","","","","","","","","","","","","","","","","","","","","","","","","","","","","","","","","","","","","","","","","","","","","","","","","","","","","","","","","","","","","","","","","","","","","","","","","","","",""
"28070001","CHARTRES",48.4605,1.501167,155,1983083106,"","","","",2.,1,360,1,"","","","","","","","","","","","","","","","","","","","","","","","","","","","",13.5,1,12.3,1,"","","","","","","","","","","","","","","","","","","","","","","","","","",95,1,"","","","","","","","","","","","",14.7,1,1015.,1,"","","","","","",0,1,"","",0,1,0,1,0,1,"","","","","","","","","","","","","","","","","","","","","","","","",2500,1,"","",10,1,"","","","",1,1,"","","","","","","","","","","","","","","","","","","","","","","","","","","","","","","","","","","","","","","","","","","","","","","","","","","","","","","","","","","","","",""
"28070001","CHARTRES",48.4605,1.501167,155,1983083109,"","","","",2.,1,100,1,"","","","","","","","","","","","","","","","","","","","","","","","","","","","",20.9,1,15.4,1,"","","","","","","","","","","","","","","","","","","","","","","","","","",73,1,"","","","","","","","","","","","",18.1,1,1013.9,1,"","","","","","",0,1,"","",0,1,0,1,0,1,"","","","","","","","","","","","","","","","","","","","","","","","",4800,1,"","",10,1,0,1,"","","","","","","","","","","","","","","","","","","","","","","","","","","","","","","","","","","","","","","","","","","","","","","","","","","","","","","","","","","","","","","","","",""
"28070001","CHARTRES",48.4605,1.501167,155,1983083112,"","","","",4.,1,120,1,"","","","","","","","","","","","","","","","","","","","","","","","","","","","",27.4,1,16.4,1,"","","","","","","","","","","","","","","","","","","","","","","","","","",53,1,"","","","","","","","","","","","",19.3,1,1011.8,1,"","","","","","",5,1,5,1,0,1,0,1,1,1,"","","","","","","","","","","","","","","","","","","","","","","","",10000,1,"","",3,1,1,1,"","","","","","","","","","","","","","","","","","","","","","","","","","","","","","","","","","","","","","","","","","","","","","","","","","","","","","","","","","","","","","","","","",""
"28070001","CHARTRES",48.4605,1.501167,155,1983083115,"","","","",7.,1,240,1,"","","","","","","","","","","","","","","","","","","","","","","","","","","","",24.9,1,16.6,1,"","","","","","","","","","","","","","","","","","","","","","","","","","",62,1,"","","","","","","","","","","","",19.5,1,1010.2,1,"","","","","","",7,1,5,1,9,1,0,1,3,1,"","","","","","","","","","","","","","","","","","","","","","","","",15000,1,"","",17,1,2,1,"","","","","","","","","","","","","","","","","","","","","","","","","","","","","","","","","","","","","","","","","","","","","","","","","","","","","","","","","","","","","","","","","",""
"28070001","CHARTRES",48.4605,1.501167,155,1983083118,"","","","",3.,1,220,1,"","","","","","","","","","","","","","","","","","","","","","","","","","","","",19.2,1,18.3,1,"","","","","","","","","","","","","","","","","","","","","","","","","","",98,1,"","","","","","","","","","","","",21.8,1,1009.6,1,"","","","","","","","",5,1,"","","","","","","","","","","","","","","","","","","","","","","","","","","","","","","","","","","","","","","","","","","","","","","","","","","","","","","","","","","","","","","","","","","","","","","","","","","","","","","","","","","","","","","","","","","","","","","","","","","","","","","",""
"28070001","CHARTRES",48.4605,1.501167,155,1983083121,"","","","",5.,1,260,1,"","","","","","","","","","","","","","","","","","","","","","","","","","","","",17.5,1,16.5,1,"","","","","","","","","","","","","","","","","","","","","","","","","","",97,1,"","","","","","","","","","","","",19.4,1,1010.4,1,"","","","","","","","",5,1,"","","","","","","","","","","","","","","","","","","","","","","","","","","","","","","","","","","","","","","","","","","","","","","","","","","","","","","","","","","","","","","","","","","","","","","","","","","","","","","","","","","","","","","","","","","","","","","","","","","","","","","",""
"28070001","CHARTRES",48.4605,1.501167,155,1983090100,"","","","",2.,1,260,1,"","","","","","","","","","","","","","","","","","","","","","","","","","","","",17.8,1,17.,1,"","","","","","","","","","","","","","","","","","","","","","","","","","",98,1,"","","","","","","","","","","","",20.,1,1009.9,1,"","","","","","","","","","","","","","","","","","","","","","","","","","","","","","","","","","","","","","","","","","","","","","","","","","","","","","","","","","","","","","","","","","","","","","","","","","","","","","","","","","","","","","","","","","","","","","","","","","","","","","","","","","","","","","","","","",""
"28070001","CHARTRES",48.4605,1.501167,155,1983090103,"","","","",6.,1,260,1,"","","","","","","","","","","","","","","","","","","","","","","","","","","","",17.6,1,15.9,1,"","","","","","","","","","","","","","","","","","","","","","","","","","",93,1,"","","","","","","","","","","","",18.7,1,1009.7,1,"","","","","","","","","","","","","","","","","","","","","","","","","","","","","","","","","","","","","","","","","","","","","","","","","","","","","","","","","","","","","","","","","","","","","","","","","","","","","","","","","","","","","","","","","","","","","","","","","","","","","","","","","","","","","","","","","",""
"28070001","CHARTRES",48.4605,1.501167,155,1983090106,"","","","",4.,1,260,1,"","","","","","","","","","","","","","","","","","","","","","","","","","","","",17.,1,14.8,1,"","","","","","","","","","","","","","","","","","","","","","","","","","",90,1,"","","","","","","","","","","","",17.4,1,1009.8,1,"","","","","","",7,1,5,1,5,1,3,1,"","","","","","","","","","","","","","","","","","","","","","","","","","",4000,1,"","",10,1,"","","","",1,1,"","","","","","","","","","","","","","","","","","","","","","","","","","","","","","","","","","","","","","","","","","","","","","","","","","","","","","","","","","","","","",""
"28070001","CHARTRES",48.4605,1.501167,155,1983090109,"","","","",4.,1,260,1,"","","","","","","","","","","","","","","","","","","","","","","","","","","","",19.6,1,15.6,1,"","","","","","","","","","","","","","","","","","","","","","","","","","",80,1,"","","","","","","","","","","","",18.3,1,1010.3,1,"","","","","","",5,1,5,1,2,1,0,1,0,1,"","","","","","","","","","","","","","","","","","","","","","","","",6000,1,"","",1,1,2,1,"","","","","","","","","","","","","","","","","","","","","","","","","","","","","","","","","","","","","","","","","","","","","","","","","","","","","","","","","","","","","","","","","",""
"28070001","CHARTRES",48.4605,1.501167,155,1983090112,"","","","",4.,1,200,1,"","","","","","","","","","","","","","","","","","","","","","","","","","","","",19.9,1,16.3,1,"","","","","","","","","","","","","","","","","","","","","","","","","","",82,1,"","","","","","","","","","","","",19.1,1,1009.5,1,"","","","","","",8,1,5,1,9,1,8,1,"","","","","","","","","","","","","","","","","","","","","","","","","","",3000,1,"","",10,1,2,1,"","","","","","","","","","","","","","","","","","","","","","","","","","","","","","","","","","","","","","","","","","","","","","","","","","","","","","","","","","","","","","","","","",""
"28070001","CHARTRES",48.4605,1.501167,155,1983090115,"","","","",2.,1,120,1,"","","","","","","","","","","","","","","","","","","","","","","","","","","","",15.8,1,14.5,1,"","","","","","","","","","","","","","","","","","","","","","","","","","",95,1,"","","","","","","","","","","","",17.,1,1009.6,1,"","","","","","",6,1,6,1,5,1,0,1,0,1,"","","","","","","","","","","","","","","","","","","","","","","","",12000,1,"","",61,1,9,1,"","","","","","","","","","","","","","","","","","","","","","","","","","","","","","","","","","","","","","","","","","","","","","","","","","","","","","","","","","","","","","","","","",""
"28070001","CHARTRES",48.4605,1.501167,155,1983090118,"","","","",2.,1,260,1,"","","","","","","","","","","","","","","","","","","","","","","","","","","","",16.2,1,14.1,1,"","","","","","","","","","","","","","","","","","","","","","","","","","",90,1,"","","","","","","","","","","","",16.6,1,1010.5,1,"","","","","","","","",6,1,"","","","","","","","","","","","","","","","","","","","","","","","","","","","","","","","","","","","","","","","","","","","","","","","","","","","","","","","","","","","","","","","","","","","","","","","","","","","","","","","","","","","","","","","","","","","","","","","","","","","","","","",""
"28070001","CHARTRES",48.4605,1.501167,155,1983090121,"","","","",3.,1,320,1,"","","","","","","","","","","","","","","","","","","","","","","","","","","","",14.2,1,12.7,1,"","","","","","","","","","","","","","","","","","","","","","","","","","",93,1,"","","","","","","","","","","","",15.1,1,1012.7,1,"","","","","","","","",6,1,"","","","","","","","","","","","","","","","","","","","","","","","","","","","","","","","","","","","","","","","","","","","","","","","","","","","","","","","","","","","","","","","","","","","","","","","","","","","","","","","","","","","","","","","","","","","","","","","","","","","","","","",""
"28070001","CHARTRES",48.4605,1.501167,155,1983090200,"","","","",2.,1,300,1,"","","","","","","","","","","","","","","","","","","","","","","","","","","","",12.1,1,11.1,1,"","","","","","","","","","","","","","","","","","","","","","","","","","",96,1,"","","","","","","","","","","","",13.5,1,1013.8,1,"","","","","","","","",6,1,"","","","","","","","","","","","","","","","","","","","","","","","","","","","","","","","","","","","","","","","","","","","","","","","","","","","","","","","","","","","","","","","","","","","","","","","","","","","","","","","","","","","","","","","","","","","","","","","","","","","","","","",""
"28070001","CHARTRES",48.4605,1.501167,155,1983090203,"","","","",3.,1,260,1,"","","","","","","","","","","","","","","","","","","","","","","","","","","","",9.9,1,9.2,1,"","","","","","","","","","","","","","","","","","","","","","","","","","",98,1,"","","","","","","","","","","","",11.9,1,1014.3,1,"","","","","","","","",6,1,"","","","","","","","","","","","","","","","","","","","","","","","","","","","","","","","","","","","","","","","","","","","","","","","","","","","","","","","","","","","","","","","","","","","","","","","","","","","","","","","","","","","","","","","","","","","","","","","","","","","","","","",""
"28070001","CHARTRES",48.4605,1.501167,155,1983090206,"","","","",2.,1,240,1,"","","","","","","","","","","","","","","","","","","","","","","","","","","","",9.6,1,8.2,1,"","","","","","","","","","","","","","","","","","","","","","","","","","",93,1,"","","","","","","","","","","","",11.1,1,1014.1,1,"","","","","","",5,1,0,1,5,1,3,1,1,1,"","","","","","","","","","","","","","","","","","","","","","","","",25000,1,"","",0,1,"","","","",0,1,"","","","","","","","","","","","","","","","","","","","","","","","","","","","","","","","","","","","","","","","","","","","","","","","","","","","","","","","","","","","","",""
"28070001","CHARTRES",48.4605,1.501167,155,1983090209,"","","","",6.,1,240,1,"","","","","","","","","","","","","","","","","","","","","","","","","","","","",16.9,1,12.6,1,"","","","","","","","","","","","","","","","","","","","","","","","","","",78,1,"","","","","","","","","","","","",15.,1,1012.6,1,"","","","","","",5,1,0,1,8,1,0,1,1,1,"","","","","","","","","","","","","","","","","","","","","","","","",25000,1,"","",3,1,1,1,"","","","","","","","","","","","","","","","","","","","","","","","","","","","","","","","","","","","","","","","","","","","","","","","","","","","","","","","","","","","","","","","","",""
"28070001","CHARTRES",48.4605,1.501167,155,1983090212,"","","","",11.,1,240,1,"","","","","","","","","","","","","","","","","","","","","","","","","","","","",20.4,1,13.6,1,"","","","","","","","","","","","","","","","","","","","","","","","","","",67,1,"","","","","","","","","","","","",16.,1,1010.1,1,"","","","","","",5,1,0,1,2,1,0,1,2,1,"","","","","","","","","","","","","","","","","","","","","","","","",25000,1,"","",3,1,1,1,"","","","","","","","","","","","","","","","","","","","","","","","","","","","","","","","","","","","","","","","","","","","","","","","","","","","","","","","","","","","","","","","","",""
"28070001","CHARTRES",48.4605,1.501167,155,1983090215,"","","","",10.,1,240,1,"","","","","","","","","","","","","","","","","","","","","","","","","","","","",19.2,1,14.7,1,"","","","","","","","","","","","","","","","","","","","","","","","","","",77,1,"","","","","","","","","","","","",17.2,1,1008.4,1,"","","","","","",8,1,6,1,5,1,7,1,"","","","","","","","","","","","","","","","","","","","","","","","","","",25000,1,"","",3,1,2,1,"","","","","","","","","","","","","","","","","","","","","","","","","","","","","","","","","","","","","","","","","","","","","","","","","","","","","","","","","","","","","","","","","",""
"28070001","CHARTRES",48.4605,1.501167,155,1983090218,"","","","",10.,1,240,1,"","","","","","","","","","","","","","","","","","","","","","","","","","","","",18.,1,13.1,1,"","","","","","","","","","","","","","","","","","","","","","","","","","",75,1,"","","","","","","","","","","","",15.5,1,1007.7,1,"","","","","","","","",6,1,"","","","","","","","","","","","","","","","","","","","","","","","","","","","","","","","","","","","","","","","","","","","","","","","","","","","","","","","","","","","","","","","","","","","","","","","","","","","","","","","","","","","","","","","","","","","","","","","","","","","","","","",""
"28070001","CHARTRES",48.4605,1.501167,155,1983090221,"","","","",8.,1,260,1,"","","","","","","","","","","","","","","","","","","","","","","","","","","","",14.7,1,12.,1,"","","","","","","","","","","","","","","","","","","","","","","","","","",86,1,"","","","","","","","","","","","",14.4,1,1009.3,1,"","","","","","","","",6,1,"","","","","","","","","","","","","","","","","","","","","","","","","","","","","","","","","","","","","","","","","","","","","","","","","","","","","","","","","","","","","","","","","","","","","","","","","","","","","","","","","","","","","","","","","","","","","","","","","","","","","","","",""
"28070001","CHARTRES",48.4605,1.501167,155,1983090300,"","","","",8.,1,260,1,"","","","","","","","","","","","","","","","","","","","","","","","","","","","",14.3,1,13.1,1,"","","","","","","","","","","","","","","","","","","","","","","","","","",95,1,"","","","","","","","","","","","",15.5,1,1010.,1,"","","","","","","","",6,1,"","","","","","","","","","","","","","","","","","","","","","","","","","","","","","","","","","","","","","","","","","","","","","","","","","","","","","","","","","","","","","","","","","","","","","","","","","","","","","","","","","","","","","","","","","","","","","","","","","","","","","","",""
"28070001","CHARTRES",48.4605,1.501167,155,1983090303,"","","","",7.,1,260,1,"","","","","","","","","","","","","","","","","","","","","","","","","","","","",13.9,1,11.9,1,"","","","","","","","","","","","","","","","","","","","","","","","","","",90,1,"","","","","","","","","","","","",14.3,1,1010.8,1,"","","","","","","","",6,1,"","","","","","","","","","","","","","","","","","","","","","","","","","","","","","","","","","","","","","","","","","","","","","","","","","","","","","","","","","","","","","","","","","","","","","","","","","","","","","","","","","","","","","","","","","","","","","","","","","","","","","","",""
"28070001","CHARTRES",48.4605,1.501167,155,1983090306,"","","","",8.,1,280,1,"","","","","","","","","","","","","","","","","","","","","","","","","","","","",13.3,1,9.1,1,"","","","","","","","","","","","","","","","","","","","","","","","","","",77,1,"","","","","","","","","","","","",11.8,1,1012.6,1,"","","","","","",5,1,5,1,5,1,0,1,0,1,"","","","","","","","","","","","","","","","","","","","","","","","",12000,1,"","",0,1,"","","","",0,1,"","","","","","","","","","","","","","","","","","","","","","","","","","","","","","","","","","","","","","","","","","","","","","","","","","","","","","","","","","","","","",""
"28070001","CHARTRES",48.4605,1.501167,155,1983090309,"","","","",8.,1,280,1,"","","","","","","","","","","","","","","","","","","","","","","","","","","","",15.,1,9.3,1,"","","","","","","","","","","","","","","","","","","","","","","","","","",70,1,"","","","","","","","","","","","",12.,1,1014.5,1,"","","","","","",6,1,5,1,2,1,8,1,0,1,"","","","","","","","","","","","","","","","","","","","","","","","",15000,1,"","",1,1,2,1,"","","","","","","","","","","","","","","","","","","","","","","","","","","","","","","","","","","","","","","","","","","","","","","","","","","","","","","","","","","","","","","","","",""
"28070001","CHARTRES",48.4605,1.501167,155,1983090312,"","","","",10.,1,300,1,"","","","","","","","","","","","","","","","","","","","","","","","","","","","",17.,1,10.1,1,"","","","","","","","","","","","","","","","","","","","","","","","","","",65,1,"","","","","","","","","","","","",12.6,1,1016.,1,"","","","","","","","",5,1,"","","","","","","","","","","","","","","","","","","","","","","","","","","","","","","","","","","","","","","","","","","","","","","","","","","","","","","","","","","","","","","","","","","","","","","","","","","","","","","","","","","","","","","","","","","","","","","","","","","","","","","",""
"28070001","CHARTRES",48.4605,1.501167,155,1983090315,"","","","",9.,1,320,1,"","","","","","","","","","","","","","","","","","","","","","","","","","","","",18.1,1,8.3,1,"","","","","","","","","","","","","","","","","","","","","","","","","","",54,1,"","","","","","","","","","","","",11.2,1,1017.4,1,"","","","","","","","",5,1,"","","","","","","","","","","","","","","","","","","","","","","","","","","","","","","","","","","","","","","","","","","","","","","","","","","","","","","","","","","","","","","","","","","","","","","","","","","","","","","","","","","","","","","","","","","","","","","","","","","","","","","",""
"28070001","CHARTRES",48.4605,1.501167,155,1983090318,"","","","",5.,1,320,1,"","","","","","","","","","","","","","","","","","","","","","","","","","","","",15.3,1,5.1,1,"","","","","","","","","","","","","","","","","","","","","","","","","","",51,1,"","","","","","","","","","","","",8.9,1,1019.9,1,"","","","","","","","",5,1,"","","","","","","","","","","","","","","","","","","","","","","","","","","","","","","","","","","","","","","","","","","","","","","","","","","","","","","","","","","","","","","","","","","","","","","","","","","","","","","","","","","","","","","","","","","","","","","","","","","","","","","",""
"28070001","CHARTRES",48.4605,1.501167,155,1983090321,"","","","",2.,1,280,1,"","","","","","","","","","","","","","","","","","","","","","","","","","","","",11.8,1,6.9,1,"","","","","","","","","","","","","","","","","","","","","","","","","","",73,1,"","","","","","","","","","","","",10.1,1,1021.4,1,"","","","","","","","",5,1,"","","","","","","","","","","","","","","","","","","","","","","","","","","","","","","","","","","","","","","","","","","","","","","","","","","","","","","","","","","","","","","","","","","","","","","","","","","","","","","","","","","","","","","","","","","","","","","","","","","","","","","",""
"28070001","CHARTRES",48.4605,1.501167,155,1983090400,"","","","",2.,1,260,1,"","","","","","","","","","","","","","","","","","","","","","","","","","","","",12.,1,8.3,1,"","","","","","","","","","","","","","","","","","","","","","","","","","",80,1,"","","","","","","","","","","","",11.2,1,1022.2,1,"","","","","","","","",5,1,"","","","","","","","","","","","","","","","","","","","","","","","","","","","","","","","","","","","","","","","","","","","","","","","","","","","","","","","","","","","","","","","","","","","","","","","","","","","","","","","","","","","","","","","","","","","","","","","","","","","","","","",""
"28070001","CHARTRES",48.4605,1.501167,155,1983090403,"","","","",2.,1,260,1,"","","","","","","","","","","","","","","","","","","","","","","","","","","","",12.,1,8.9,1,"","","","","","","","","","","","","","","","","","","","","","","","","","",83,1,"","","","","","","","","","","","",11.6,1,1022.2,1,"","","","","","","","",5,1,"","","","","","","","","","","","","","","","","","","","","","","","","","","","","","","","","","","","","","","","","","","","","","","","","","","","","","","","","","","","","","","","","","","","","","","","","","","","","","","","","","","","","","","","","","","","","","","","","","","","","","","",""
"28070001","CHARTRES",48.4605,1.501167,155,1983090406,"","","","",1.,1,260,1,"","","","","","","","","","","","","","","","","","","","","","","","","","","","",12.1,1,10.1,1,"","","","","","","","","","","","","","","","","","","","","","","","","","",89,1,"","","","","","","","","","","","",12.6,1,1022.5,1,"","","","","","",7,1,7,1,0,1,7,1,"","","","","","","","","","","","","","","","","","","","","","","","","","",15000,1,"","",0,1,"","","","",0,1,"","","","","","","","","","","","","","","","","","","","","","","","","","","","","","","","","","","","","","","","","","","","","","","","","","","","","","","","","","","","","",""
"28070001","CHARTRES",48.4605,1.501167,155,1983090409,"","","","",5.,1,260,1,"","","","","","","","","","","","","","","","","","","","","","","","","","","","",15.5,1,11.6,1,"","","","","","","","","","","","","","","","","","","","","","","","","","",80,1,"","","","","","","","","","","","",14.,1,1022.3,1,"","","","","","",7,1,6,1,8,1,"","","","","","","","","","","","","","","","","","","","","","","","","","","","",15000,1,"","",3,1,2,1,"","","","","","","","","","","","","","","","","","","","","","","","","","","","","","","","","","","","","","","","","","","","","","","","","","","","","","","","","","","","","","","","","",""
"28070001","CHARTRES",48.4605,1.501167,155,1983090412,"","","","",5.,1,240,1,"","","","","","","","","","","","","","","","","","","","","","","","","","","","",14.9,1,14.1,1,"","","","","","","","","","","","","","","","","","","","","","","","","","",98,1,"","","","","","","","","","","","",16.6,1,1022.1,1,"","","","","","","","",6,1,"","","","","","","","","","","","","","","","","","","","","","","","","","","","","","","","","","","","","","","","","","","","","","","","","","","","","","","","","","","","","","","","","","","","","","","","","","","","","","","","","","","","","","","","","","","","","","","","","","","","","","","",""
"28070001","CHARTRES",48.4605,1.501167,155,1983090415,"","","","",5.,1,240,1,"","","","","","","","","","","","","","","","","","","","","","","","","","","","",17.,1,14.8,1,"","","","","","","","","","","","","","","","","","","","","","","","","","",90,1,"","","","","","","","","","","","",17.4,1,1021.4,1,"","","","","","","","",6,1,"","","","","","","","","","","","","","","","","","","","","","","","","","","","","","","","","","","","","","","","","","","","","","","","","","","","","","","","","","","","","","","","","","","","","","","","","","","","","","","","","","","","","","","","","","","","","","","","","","","","","","","",""
"28070001","CHARTRES",48.4605,1.501167,155,1983090418,"","","","",5.,1,260,1,"","","","","","","","","","","","","","","","","","","","","","","","","","","","",17.,1,14.7,1,"","","","","","","","","","","","","","","","","","","","","","","","","","",89,1,"","","","","","","","","","","","",17.2,1,1020.9,1,"","","","","","","","",6,1,"","","","","","","","","","","","","","","","","","","","","","","","","","","","","","","","","","","","","","","","","","","","","","","","","","","","","","","","","","","","","","","","","","","","","","","","","","","","","","","","","","","","","","","","","","","","","","","","","","","","","","","",""
"28070001","CHARTRES",48.4605,1.501167,155,1983090421,"","","","",4.,1,260,1,"","","","","","","","","","","","","","","","","","","","","","","","","","","","",16.4,1,15.4,1,"","","","","","","","","","","","","","","","","","","","","","","","","","",97,1,"","","","","","","","","","","","",18.1,1,1021.8,1,"","","","","","","","",6,1,"","","","","","","","","","","","","","","","","","","","","","","","","","","","","","","","","","","","","","","","","","","","","","","","","","","","","","","","","","","","","","","","","","","","","","","","","","","","","","","","","","","","","","","","","","","","","","","","","","","","","","","",""
"28070001","CHARTRES",48.4605,1.501167,155,1983090500,"","","","",3.,1,280,1,"","","","","","","","","","","","","","","","","","","","","","","","","","","","",16.8,1,15.8,1,"","","","","","","","","","","","","","","","","","","","","","","","","","",97,1,"","","","","","","","","","","","",18.5,1,1021.9,1,"","","","","","","","",6,1,"","","","","","","","","","","","","","","","","","","","","","","","","","","","","","","","","","","","","","","","","","","","","","","","","","","","","","","","","","","","","","","","","","","","","","","","","","","","","","","","","","","","","","","","","","","","","","","","","","","","","","","",""
"28070001","CHARTRES",48.4605,1.501167,155,1983090503,"","","","",5.,1,260,1,"","","","","","","","","","","","","","","","","","","","","","","","","","","","",16.5,1,15.7,1,"","","","","","","","","","","","","","","","","","","","","","","","","","",98,1,"","","","","","","","","","","","",18.4,1,1022.1,1,"","","","","","","","",6,1,"","","","","","","","","","","","","","","","","","","","","","","","","","","","","","","","","","","","","","","","","","","","","","","","","","","","","","","","","","","","","","","","","","","","","","","","","","","","","","","","","","","","","","","","","","","","","","","","","","","","","","","",""
"28070001","CHARTRES",48.4605,1.501167,155,1983090506,"","","","",2.,1,280,1,"","","","","","","","","","","","","","","","","","","","","","","","","","","","",16.9,1,15.8,1,"","","","","","","","","","","","","","","","","","","","","","","","","","",97,1,"","","","","","","","","","","","",18.6,1,1023.2,1,"","","","","","",7,1,7,1,7,1,"","","","","","","","","","","","","","","","","","","","","","","","","","","","",8000,1,"","",20,1,"","","","",2,1,"","","","","","","","","","","","","","","","","","","","","","","","","","","","","","","","","","","","","","","","","","","","","","","","","","","","","","","","","","","","","",""
"28070001","CHARTRES",48.4605,1.501167,155,1983090509,"","","","",4.,1,320,1,"","","","","","","","","","","","","","","","","","","","","","","","","","","","",18.9,1,15.2,1,"","","","","","","","","","","","","","","","","","","","","","","","","","",82,1,"","","","","","","","","","","","",17.8,1,1024.9,1,"","","","","","",5,1,0,1,2,1,0,1,1,1,"","","","","","","","","","","","","","","","","","","","","","","","",25000,1,"","",1,1,1,1,"","","","","","","","","","","","","","","","","","","","","","","","","","","","","","","","","","","","","","","","","","","","","","","","","","","","","","","","","","","","","","","","","",""
"28070001","CHARTRES",48.4605,1.501167,155,1983090512,"","","","",3.,1,300,1,"","","","","","","","","","","","","","","","","","","","","","","","","","","","",21.6,1,13.6,1,"","","","","","","","","","","","","","","","","","","","","","","","","","",62,1,"","","","","","","","","","","","",16.,1,1025.1,1,"","","","","","",3,1,0,1,2,1,3,1,2,1,"","","","","","","","","","","","","","","","","","","","","","","","",25000,1,"","",3,1,1,1,"","","","","","","","","","","","","","","","","","","","","","","","","","","","","","","","","","","","","","","","","","","","","","","","","","","","","","","","","","","","","","","","","",""
"28070001","CHARTRES",48.4605,1.501167,155,1983090515,"","","","",3.,1,340,1,"","","","","","","","","","","","","","","","","","","","","","","","","","","","",21.,1,13.7,1,"","","","","","","","","","","","","","","","","","","","","","","","","","",65,1,"","","","","","","","","","","","",16.1,1,1025.5,1,"","","","","","",6,1,5,1,2,1,3,1,2,1,"","","","","","","","","","","","","","","","","","","","","","","","",25000,1,"","",21,1,6,1,"","","","","","","","","","","","","","","","","","","","","","","","","","","","","","","","","","","","","","","","","","","","","","","","","","","","","","","","","","","","","","","","","",""
"28070001","CHARTRES",48.4605,1.501167,155,1983090518,"","","","",1.,1,340,1,"","","","","","","","","","","","","","","","","","","","","","","","","","","","",20.2,1,14.5,1,"","","","","","","","","","","","","","","","","","","","","","","","","","",72,1,"","","","","","","","","","","","",17.,1,1025.8,1,"","","","","","","","",5,1,"","","","","","","","","","","","","","","","","","","","","","","","","","","","","","","","","","","","","","","","","","","","","","","","","","","","","","","","","","","","","","","","","","","","","","","","","","","","","","","","","","","","","","","","","","","","","","","","","","","","","","","",""
"28070001","CHARTRES",48.4605,1.501167,155,1983090521,"","","","",1.,1,320,1,"","","","","","","","","","","","","","","","","","","","","","","","","","","","",15.9,1,14.5,1,"","","","","","","","","","","","","","","","","","","","","","","","","","",94,1,"","","","","","","","","","","","",17.,1,1027.,1,"","","","","","","","",5,1,"","","","","","","","","","","","","","","","","","","","","","","","","","","","","","","","","","","","","","","","","","","","","","","","","","","","","","","","","","","","","","","","","","","","","","","","","","","","","","","","","","","","","","","","","","","","","","","","","","","","","","","",""
"28070001","CHARTRES",48.4605,1.501167,155,1983090600,"","","","",1.,1,40,1,"","","","","","","","","","","","","","","","","","","","","","","","","","","","",12.1,1,12.1,1,"","","","","","","","","","","","","","","","","","","","","","","","","","",99,1,"","","","","","","","","","","","",14.,1,1027.6,1,"","","","","","","","",5,1,"","","","","","","","","","","","","","","","","","","","","","","","","","","","","","","","","","","","","","","","","","","","","","","","","","","","","","","","","","","","","","","","","","","","","","","","","","","","","","","","","","","","","","","","","","","","","","","","","","","","","","","",""
"28070001","CHARTRES",48.4605,1.501167,155,1983090603,"","","","",1.,1,320,1,"","","","","","","","","","","","","","","","","","","","","","","","","","","","",11.2,1,11.2,1,"","","","","","","","","","","","","","","","","","","","","","","","","","",99,1,"","","","","","","","","","","","",13.2,1,1027.2,1,"","","","","","","","",5,1,"","","","","","","","","","","","","","","","","","","","","","","","","","","","","","","","","","","","","","","","","","","","","","","","","","","","","","","","","","","","","","","","","","","","","","","","","","","","","","","","","","","","","","","","","","","","","","","","","","","","","","","",""
"28070001","CHARTRES",48.4605,1.501167,155,1983090606,"","","","",1.,1,340,1,"","","","","","","","","","","","","","","","","","","","","","","","","","","","",11.8,1,10.8,1,"","","","","","","","","","","","","","","","","","","","","","","","","","",96,1,"","","","","","","","","","","","",13.3,1,1026.9,1,"","","","","","",7,1,6,1,5,1,"","","","","","","","","","","","","","","","","","","","","","","","","","","","",12000,1,"","",0,1,"","","","",1,1,"","","","","","","","","","","","","","","","","","","","","","","","","","","","","","","","","","","","","","","","","","","","","","","","","","","","","","","","","","","","","",""
"28070001","CHARTRES",48.4605,1.501167,155,1983090609,"","","","",1.,1,300,1,"","","","","","","","","","","","","","","","","","","","","","","","","","","","",15.6,1,12.5,1,"","","","","","","","","","","","","","","","","","","","","","","","","","",84,1,"","","","","","","","","","","","",14.9,1,1027.,1,"","","","","","",6,1,6,1,8,1,0,1,0,1,"","","","","","","","","","","","","","","","","","","","","","","","",15000,1,"","",3,1,2,1,"","","","","","","","","","","","","","","","","","","","","","","","","","","","","","","","","","","","","","","","","","","","","","","","","","","","","","","","","","","","","","","","","",""
"28070001","CHARTRES",48.4605,1.501167,155,1983090612,"","","","",2.,1,360,1,"","","","","","","","","","","","","","","","","","","","","","","","","","","","",19.3,1,10.9,1,"","","","","","","","","","","","","","","","","","","","","","","","","","",60,1,"","","","","","","","","","","","",13.4,1,1026.2,1,"","","","","","",5,1,5,1,1,1,0,1,1,1,"","","","","","","","","","","","","","","","","","","","","","","","",25000,1,"","",1,1,2,1,"","","","","","","","","","","","","","","","","","","","","","","","","","","","","","","","","","","","","","","","","","","","","","","","","","","","","","","","","","","","","","","","","",""
"28070001","CHARTRES",48.4605,1.501167,155,1983090615,"","","","",3.,1,320,1,"","","","","","","","","","","","","","","","","","","","","","","","","","","","",20.9,1,11.8,1,"","","","","","","","","","","","","","","","","","","","","","","","","","",57,1,"","","","","","","","","","","","",14.2,1,1024.7,1,"","","","","","",5,1,5,1,1,1,0,1,1,1,"","","","","","","","","","","","","","","","","","","","","","","","",30000,1,"","",1,1,2,1,"","","","","","","","","","","","","","","","","","","","","","","","","","","","","","","","","","","","","","","","","","","","","","","","","","","","","","","","","","","","","","","","","",""
"28070001","CHARTRES",48.4605,1.501167,155,1983090618,"","","","",4.,1,20,1,"","","","","","","","","","","","","","","","","","","","","","","","","","","","",17.5,1,9.8,1,"","","","","","","","","","","","","","","","","","","","","","","","","","",62,1,"","","","","","","","","","","","",12.4,1,1024.5,1,"","","","","","","","",5,1,"","","","","","","","","","","","","","","","","","","","","","","","","","","","","","","","","","","","","","","","","","","","","","","","","","","","","","","","","","","","","","","","","","","","","","","","","","","","","","","","","","","","","","","","","","","","","","","","","","","","","","","",""
"28070001","CHARTRES",48.4605,1.501167,155,1983090621,"","","","",3.,1,20,1,"","","","","","","","","","","","","","","","","","","","","","","","","","","","",13.,1,8.6,1,"","","","","","","","","","","","","","","","","","","","","","","","","","",76,1,"","","","","","","","","","","","",11.4,1,1025.9,1,"","","","","","","","",5,1,"","","","","","","","","","","","","","","","","","","","","","","","","","","","","","","","","","","","","","","","","","","","","","","","","","","","","","","","","","","","","","","","","","","","","","","","","","","","","","","","","","","","","","","","","","","","","","","","","","","","","","","",""
"28070001","CHARTRES",48.4605,1.501167,155,1983090700,"","","","",1.,1,340,1,"","","","","","","","","","","","","","","","","","","","","","","","","","","","",10.,1,9.1,1,"","","","","","","","","","","","","","","","","","","","","","","","","","",96,1,"","","","","","","","","","","","",11.8,1,1026.2,1,"","","","","","","","",5,1,"","","","","","","","","","","","","","","","","","","","","","","","","","","","","","","","","","","","","","","","","","","","","","","","","","","","","","","","","","","","","","","","","","","","","","","","","","","","","","","","","","","","","","","","","","","","","","","","","","","","","","","",""
"28070001","CHARTRES",48.4605,1.501167,155,1983090703,"","","","",2.,1,360,1,"","","","","","","","","","","","","","","","","","","","","","","","","","","","",9.5,1,8.6,1,"","","","","","","","","","","","","","","","","","","","","","","","","","",96,1,"","","","","","","","","","","","",11.4,1,1025.6,1,"","","","","","","","",5,1,"","","","","","","","","","","","","","","","","","","","","","","","","","","","","","","","","","","","","","","","","","","","","","","","","","","","","","","","","","","","","","","","","","","","","","","","","","","","","","","","","","","","","","","","","","","","","","","","","","","","","","","",""
"28070001","CHARTRES",48.4605,1.501167,155,1983090706,"","","","",1.,1,20,1,"","","","","","","","","","","","","","","","","","","","","","","","","","","","",9.3,1,8.3,1,"","","","","","","","","","","","","","","","","","","","","","","","","","",96,1,"","","","","","","","","","","","",11.2,1,1025.5,1,"","","","","","",1,1,0,1,0,1,3,1,1,1,"","","","","","","","","","","","","","","","","","","","","","","","",8000,1,"","",0,1,"","","","",1,1,"","","","","","","","","","","","","","","","","","","","","","","","","","","","","","","","","","","","","","","","","","","","","","","","","","","","","","","","","","","","","",""
"28070001","CHARTRES",48.4605,1.501167,155,1983090709,"","","","",2.,1,60,1,"","","","","","","","","","","","","","","","","","","","","","","","","","","","",14.4,1,9.5,1,"","","","","","","","","","","","","","","","","","","","","","","","","","",74,1,"","","","","","","","","","","","",12.1,1,1025.3,1,"","","","","","",3,1,0,1,0,1,3,1,2,1,"","","","","","","","","","","","","","","","","","","","","","","","",20000,1,"","",3,1,0,1,"","","","","","","","","","","","","","","","","","","","","","","","","","","","","","","","","","","","","","","","","","","","","","","","","","","","","","","","","","","","","","","","","",""
"28070001","CHARTRES",48.4605,1.501167,155,1983090712,"","","","",1.,1,60,1,"","","","","","","","","","","","","","","","","","","","","","","","","","","","",18.2,1,8.2,1,"","","","","","","","","","","","","","","","","","","","","","","","","","",53,1,"","","","","","","","","","","","",11.1,1,1023.9,1,"","","","","","",4,1,0,1,0,1,0,1,2,1,"","","","","","","","","","","","","","","","","","","","","","","","",25000,1,"","",3,1,0,1,"","","","","","","","","","","","","","","","","","","","","","","","","","","","","","","","","","","","","","","","","","","","","","","","","","","","","","","","","","","","","","","","","",""
"28070001","CHARTRES",48.4605,1.501167,155,1983090715,"","","","",0.,1,0,1,"","","","","","","","","","","","","","","","","","","","","","","","","","","","",20.6,1,8.6,1,"","","","","","","","","","","","","","","","","","","","","","","","","","",47,1,"","","","","","","","","","","","",11.4,1,1021.9,1,"","","","","","",1,1,0,1,0,1,0,1,1,1,"","","","","","","","","","","","","","","","","","","","","","","","",25000,1,"","",1,1,0,1,"","","","","","","","","","","","","","","","","","","","","","","","","","","","","","","","","","","","","","","","","","","","","","","","","","","","","","","","","","","","","","","","","",""
"28070001","CHARTRES",48.4605,1.501167,155,1983090718,"","","","",1.,1,120,1,"","","","","","","","","","","","","","","","","","","","","","","","","","","","",17.1,1,10.8,1,"","","","","","","","","","","","","","","","","","","","","","","","","","",68,1,"","","","","","","","","","","","",13.3,1,1020.2,1,"","","","","","","","",0,1,"","","","","","","","","","","","","","","","","","","","","","","","","","","","","","","","","","","","","","","","","","","","","","","","","","","","","","","","","","","","","","","","","","","","","","","","","","","","","","","","","","","","","","","","","","","","","","","","","","","","","","","",""
"28070001","CHARTRES",48.4605,1.501167,155,1983090721,"","","","",3.,1,140,1,"","","","","","","","","","","","","","","","","","","","","","","","","","","","",12.1,1,9.3,1,"","","","","","","","","","","","","","","","","","","","","","","","","","",85,1,"","","","","","","","","","","","",12.,1,1020.4,1,"","","","","","","","",0,1,"","","","","","","","","","","","","","","","","","","","","","","","","","","","","","","","","","","","","","","","","","","","","","","","","","","","","","","","","","","","","","","","","","","","","","","","","","","","","","","","","","","","","","","","","","","","","","","","","","","","","","","",""
"28070001","CHARTRES",48.4605,1.501167,155,1983090800,"","","","",2.,1,140,1,"","","","","","","","","","","","","","","","","","","","","","","","","","","","",11.3,1,9.2,1,"","","","","","","","","","","","","","","","","","","","","","","","","","",89,1,"","","","","","","","","","","","",11.9,1,1018.4,1,"","","","","","","","",0,1,"","","","","","","","","","","","","","","","","","","","","","","","","","","","","","","","","","","","","","","","","","","","","","","","","","","","","","","","","","","","","","","","","","","","","","","","","","","","","","","","","","","","","","","","","","","","","","","","","","","","","","","",""
"28070001","CHARTRES",48.4605,1.501167,155,1983090803,"","","","",4.,1,160,1,"","","","","","","","","","","","","","","","","","","","","","","","","","","","",11.6,1,9.2,1,"","","","","","","","","","","","","","","","","","","","","","","","","","",87,1,"","","","","","","","","","","","",11.9,1,1016.1,1,"","","","","","","","",0,1,"","","","","","","","","","","","","","","","","","","","","","","","","","","","","","","","","","","","","","","","","","","","","","","","","","","","","","","","","","","","","","","","","","","","","","","","","","","","","","","","","","","","","","","","","","","","","","","","","","","","","","","",""
"28070001","CHARTRES",48.4605,1.501167,155,1983090806,"","","","",3.,1,160,1,"","","","","","","","","","","","","","","","","","","","","","","","","","","","",12.,1,7.7,1,"","","","","","","","","","","","","","","","","","","","","","","","","","",76,1,"","","","","","","","","","","","",10.7,1,1014.5,1,"","","","","","",7,1,7,1,0,1,8,1,"","","","","","","","","","","","","","","","","","","","","","","","","","",20000,1,"","",21,1,"","","","",1,1,"","","","","","","","","","","","","","","","","","","","","","","","","","","","","","","","","","","","","","","","","","","","","","","","","","","","","","","","","","","","","",""
"28070001","CHARTRES",48.4605,1.501167,155,1983090809,"","","","",5.,1,160,1,"","","","","","","","","","","","","","","","","","","","","","","","","","","","",16.,1,10.1,1,"","","","","","","","","","","","","","","","","","","","","","","","","","",69,1,"","","","","","","","","","","","",12.6,1,1012.1,1,"","","","","","",7,1,6,1,0,1,8,1,2,1,"","","","","","","","","","","","","","","","","","","","","","","","",20000,1,"","",3,1,2,1,"","","","","","","","","","","","","","","","","","","","","","","","","","","","","","","","","","","","","","","","","","","","","","","","","","","","","","","","","","","","","","","","","",""
"28070001","CHARTRES",48.4605,1.501167,155,1983090812,"","","","",5.,1,200,1,"","","","","","","","","","","","","","","","","","","","","","","","","","","","",22.6,1,12.7,1,"","","","","","","","","","","","","","","","","","","","","","","","","","",55,1,"","","","","","","","","","","","",15.1,1,1008.6,1,"","","","","","",7,1,6,1,5,1,7,1,2,1,"","","","","","","","","","","","","","","","","","","","","","","","",20000,1,"","",1,1,2,1,"","","","","","","","","","","","","","","","","","","","","","","","","","","","","","","","","","","","","","","","","","","","","","","","","","","","","","","","","","","","","","","","","",""
"28070001","CHARTRES",48.4605,1.501167,155,1983090815,"","","","",5.,1,260,1,"","","","","","","","","","","","","","","","","","","","","","","","","","","","",24.1,1,13.6,1,"","","","","","","","","","","","","","","","","","","","","","","","","","",53,1,"","","","","","","","","","","","",16.,1,1006.5,1,"","","","","","",7,1,7,1,5,1,7,1,2,1,"","","","","","","","","","","","","","","","","","","","","","","","",20000,1,"","",3,1,2,1,"","","","","","","","","","","","","","","","","","","","","","","","","","","","","","","","","","","","","","","","","","","","","","","","","","","","","","","","","","","","","","","","","",""
"28070001","CHARTRES",48.4605,1.501167,155,1983090818,"","","","",3.,1,220,1,"","","","","","","","","","","","","","","","","","","","","","","","","","","","",20.2,1,16.3,1,"","","","","","","","","","","","","","","","","","","","","","","","","","",81,1,"","","","","","","","","","","","",19.2,1,1005.,1,"","","","","","","","",7,1,"","","","","","","","","","","","","","","","","","","","","","","","","","","","","","","","","","","","","","","","","","","","","","","","","","","","","","","","","","","","","","","","","","","","","","","","","","","","","","","","","","","","","","","","","","","","","","","","","","","","","","","",""
"28070001","CHARTRES",48.4605,1.501167,155,1983090821,"","","","",3.,1,260,1,"","","","","","","","","","","","","","","","","","","","","","","","","","","","",18.,1,17.1,1,"","","","","","","","","","","","","","","","","","","","","","","","","","",98,1,"","","","","","","","","","","","",20.2,1,1006.1,1,"","","","","","","","",7,1,"","","","","","","","","","","","","","","","","","","","","","","","","","","","","","","","","","","","","","","","","","","","","","","","","","","","","","","","","","","","","","","","","","","","","","","","","","","","","","","","","","","","","","","","","","","","","","","","","","","","","","","",""
"28070001","CHARTRES",48.4605,1.501167,155,1983090900,"","","","",6.,1,240,1,"","","","","","","","","","","","","","","","","","","","","","","","","","","","",16.9,1,16.1,1,"","","","","","","","","","","","","","","","","","","","","","","","","","",98,1,"","","","","","","","","","","","",18.9,1,1004.5,1,"","","","","","","","",7,1,"","","","","","","","","","","","","","","","","","","","","","","","","","","","","","","","","","","","","","","","","","","","","","","","","","","","","","","","","","","","","","","","","","","","","","","","","","","","","","","","","","","","","","","","","","","","","","","","","","","","","","","",""
"28070001","CHARTRES",48.4605,1.501167,155,1983090903,"","","","",4.,1,260,1,"","","","","","","","","","","","","","","","","","","","","","","","","","","","",16.8,1,14.8,1,"","","","","","","","","","","","","","","","","","","","","","","","","","",91,1,"","","","","","","","","","","","",17.4,1,1004.2,1,"","","","","","","","",7,1,"","","","","","","","","","","","","","","","","","","","","","","","","","","","","","","","","","","","","","","","","","","","","","","","","","","","","","","","","","","","","","","","","","","","","","","","","","","","","","","","","","","","","","","","","","","","","","","","","","","","","","","",""
"28070001","CHARTRES",48.4605,1.501167,155,1983090906,"","","","",5.,1,260,1,"","","","","","","","","","","","","","","","","","","","","","","","","","","","",15.1,1,13.6,1,"","","","","","","","","","","","","","","","","","","","","","","","","","",93,1,"","","","","","","","","","","","",16.,1,1004.5,1,"","","","","","",7,1,7,1,5,1,0,1,2,1,"","","","","","","","","","","","","","","","","","","","","","","","",8000,1,"","",20,1,5,1,"","",2,1,"","","","","","","","","","","","","","","","","","","","","","","","","","","","","","","","","","","","","","","","","","","","","","","","","","","","","","","","","","","","","",""
"28070001","CHARTRES",48.4605,1.501167,155,1983090909,"","","","",6.,1,260,1,"","","","","","","","","","","","","","","","","","","","","","","","","","","","",16.2,1,12.4,1,"","","","","","","","","","","","","","","","","","","","","","","","","","",80,1,"","","","","","","","","","","","",14.8,1,1005.5,1,"","","","","","",7,1,6,1,1,1,3,1,2,1,"","","","","","","","","","","","","","","","","","","","","","","","",15000,1,"","",3,1,2,1,"","","","","","","","","","","","","","","","","","","","","","","","","","","","","","","","","","","","","","","","","","","","","","","","","","","","","","","","","","","","","","","","","",""
"28070001","CHARTRES",48.4605,1.501167,155,1983090912,"","","","",7.,1,260,1,"","","","","","","","","","","","","","","","","","","","","","","","","","","","",19.,1,13.4,1,"","","","","","","","","","","","","","","","","","","","","","","","","","",72,1,"","","","","","","","","","","","",15.8,1,1004.9,1,"","","","","","",7,1,5,1,2,1,0,1,2,1,"","","","","","","","","","","","","","","","","","","","","","","","",20000,1,"","",1,1,2,1,"","","","","","","","","","","","","","","","","","","","","","","","","","","","","","","","","","","","","","","","","","","","","","","","","","","","","","","","","","","","","","","","","",""
"28070001","CHARTRES",48.4605,1.501167,155,1983090915,"","","","",4.,1,280,1,"","","","","","","","","","","","","","","","","","","","","","","","","","","","",19.6,1,14.8,1,"","","","","","","","","","","","","","","","","","","","","","","","","","",76,1,"","","","","","","","","","","","",17.3,1,1003.2,1,"","","","","","",8,1,5,1,8,1,0,1,2,1,"","","","","","","","","","","","","","","","","","","","","","","","",12000,1,"","",25,1,8,1,"","","","","","","","","","","","","","","","","","","","","","","","","","","","","","","","","","","","","","","","","","","","","","","","","","","","","","","","","","","","","","","","","",""
"28070001","CHARTRES",48.4605,1.501167,155,1983090918,"","","","",4.,1,240,1,"","","","","","","","","","","","","","","","","","","","","","","","","","","","",18.1,1,15.,1,"","","","","","","","","","","","","","","","","","","","","","","","","","",85,1,"","","","","","","","","","","","",17.6,1,1002.1,1,"","","","","","","","",5,1,"","","","","","","","","","","","","","","","","","","","","","","","","","","","","","","","","","","","","","","","","","","","","","","","","","","","","","","","","","","","","","","","","","","","","","","","","","","","","","","","","","","","","","","","","","","","","","","","","","","","","","","",""
"28070001","CHARTRES",48.4605,1.501167,155,1983090921,"","","","",4.,1,220,1,"","","","","","","","","","","","","","","","","","","","","","","","","","","","",17.5,1,14.3,1,"","","","","","","","","","","","","","","","","","","","","","","","","","",84,1,"","","","","","","","","","","","",16.8,1,1001.7,1,"","","","","","","","",5,1,"","","","","","","","","","","","","","","","","","","","","","","","","","","","","","","","","","","","","","","","","","","","","","","","","","","","","","","","","","","","","","","","","","","","","","","","","","","","","","","","","","","","","","","","","","","","","","","","","","","","","","","",""
"28070001","CHARTRES",48.4605,1.501167,155,1983091000,"","","","",4.,1,240,1,"","","","","","","","","","","","","","","","","","","","","","","","","","","","",16.7,1,14.8,1,"","","","","","","","","","","","","","","","","","","","","","","","","","",91,1,"","","","","","","","","","","","",17.3,1,1000.4,1,"","","","","","","","",5,1,"","","","","","","","","","","","","","","","","","","","","","","","","","","","","","","","","","","","","","","","","","","","","","","","","","","","","","","","","","","","","","","","","","","","","","","","","","","","","","","","","","","","","","","","","","","","","","","","","","","","","","","",""
"28070001","CHARTRES",48.4605,1.501167,155,1983091003,"","","","",3.,1,220,1,"","","","","","","","","","","","","","","","","","","","","","","","","","","","",15.,1,13.6,1,"","","","","","","","","","","","","","","","","","","","","","","","","","",94,1,"","","","","","","","","","","","",16.,1,999.1,1,"","","","","","","","",5,1,"","","","","","","","","","","","","","","","","","","","","","","","","","","","","","","","","","","","","","","","","","","","","","","","","","","","","","","","","","","","","","","","","","","","","","","","","","","","","","","","","","","","","","","","","","","","","","","","","","","","","","","",""
"28070001","CHARTRES",48.4605,1.501167,155,1983091006,"","","","",5.,1,240,1,"","","","","","","","","","","","","","","","","","","","","","","","","","","","",13.4,1,11.7,1,"","","","","","","","","","","","","","","","","","","","","","","","","","",92,1,"","","","","","","","","","","","",14.1,1,999.5,1,"","","","","","",7,1,7,1,5,1,"","","","","","","","","","","","","","","","","","","","","","","","","","","","",8000,1,"","",21,1,"","","","",1,1,"","","","","","","","","","","","","","","","","","","","","","","","","","","","","","","","","","","","","","","","","","","","","","","","","","","","","","","","","","","","","",""
"28070001","CHARTRES",48.4605,1.501167,155,1983091009,"","","","",9.,1,240,1,"","","","","","","","","","","","","","","","","","","","","","","","","","","","",14.3,1,11.7,1,"","","","","","","","","","","","","","","","","","","","","","","","","","",87,1,"","","","","","","","","","","","",14.1,1,999.3,1,"","","","","","",7,1,5,1,5,1,3,1,2,1,"","","","","","","","","","","","","","","","","","","","","","","","",15000,1,"","",1,1,2,1,"","","","","","","","","","","","","","","","","","","","","","","","","","","","","","","","","","","","","","","","","","","","","","","","","","","","","","","","","","","","","","","","","",""
"28070001","CHARTRES",48.4605,1.501167,155,1983091012,"","","","",9.,1,260,1,"","","","","","","","","","","","","","","","","","","","","","","","","","","","",17.6,1,11.3,1,"","","","","","","","","","","","","","","","","","","","","","","","","","",68,1,"","","","","","","","","","","","",13.7,1,999.5,1,"","","","","","","","",5,1,"","","","","","","","","","","","","","","","","","","","","","","","","","","","","","","","","","","","","","","","","","","","","","","","","","","","","","","","","","","","","","","","","","","","","","","","","","","","","","","","","","","","","","","","","","","","","","","","","","","","","","","",""
"28070001","CHARTRES",48.4605,1.501167,155,1983091015,"","","","",8.,1,280,1,"","","","","","","","","","","","","","","","","","","","","","","","","","","","",17.4,1,8.7,1,"","","","","","","","","","","","","","","","","","","","","","","","","","",58,1,"","","","","","","","","","","","",11.5,1,1000.5,1,"","","","","","","","",5,1,"","","","","","","","","","","","","","","","","","","","","","","","","","","","","","","","","","","","","","","","","","","","","","","","","","","","","","","","","","","","","","","","","","","","","","","","","","","","","","","","","","","","","","","","","","","","","","","","","","","","","","","",""
"28070001","CHARTRES",48.4605,1.501167,155,1983091018,"","","","",6.,1,260,1,"","","","","","","","","","","","","","","","","","","","","","","","","","","","",15.4,1,8.7,1,"","","","","","","","","","","","","","","","","","","","","","","","","","",66,1,"","","","","","","","","","","","",11.5,1,1002.1,1,"","","","","","","","",5,1,"","","","","","","","","","","","","","","","","","","","","","","","","","","","","","","","","","","","","","","","","","","","","","","","","","","","","","","","","","","","","","","","","","","","","","","","","","","","","","","","","","","","","","","","","","","","","","","","","","","","","","","",""
"28070001","CHARTRES",48.4605,1.501167,155,1983091021,"","","","",3.,1,300,1,"","","","","","","","","","","","","","","","","","","","","","","","","","","","",11.2,1,11.2,1,"","","","","","","","","","","","","","","","","","","","","","","","","","",99,1,"","","","","","","","","","","","",13.2,1,1003.1,1,"","","","","","","","",5,1,"","","","","","","","","","","","","","","","","","","","","","","","","","","","","","","","","","","","","","","","","","","","","","","","","","","","","","","","","","","","","","","","","","","","","","","","","","","","","","","","","","","","","","","","","","","","","","","","","","","","","","","",""
"28070001","CHARTRES",48.4605,1.501167,155,1983091100,"","","","",4.,1,260,1,"","","","","","","","","","","","","","","","","","","","","","","","","","","","",10.8,1,9.8,1,"","","","","","","","","","","","","","","","","","","","","","","","","","",96,1,"","","","","","","","","","","","",12.4,1,1003.8,1,"","","","","","","","",5,1,"","","","","","","","","","","","","","","","","","","","","","","","","","","","","","","","","","","","","","","","","","","","","","","","","","","","","","","","","","","","","","","","","","","","","","","","","","","","","","","","","","","","","","","","","","","","","","","","","","","","","","","",""
"28070001","CHARTRES",48.4605,1.501167,155,1983091103,"","","","",5.,1,280,1,"","","","","","","","","","","","","","","","","","","","","","","","","","","","",9.6,1,8.5,1,"","","","","","","","","","","","","","","","","","","","","","","","","","",95,1,"","","","","","","","","","","","",11.3,1,1004.3,1,"","","","","","","","",5,1,"","","","","","","","","","","","","","","","","","","","","","","","","","","","","","","","","","","","","","","","","","","","","","","","","","","","","","","","","","","","","","","","","","","","","","","","","","","","","","","","","","","","","","","","","","","","","","","","","","","","","","","",""
"28070001","CHARTRES",48.4605,1.501167,155,1983091106,"","","","",4.,1,280,1,"","","","","","","","","","","","","","","","","","","","","","","","","","","","",9.,1,7.8,1,"","","","","","","","","","","","","","","","","","","","","","","","","","",95,1,"","","","","","","","","","","","",10.8,1,1005.4,1,"","","","","","",6,1,0,1,5,1,0,1,2,1,"","","","","","","","","","","","","","","","","","","","","","","","",12000,1,"","",0,1,"","","","",1,1,"","","","","","","","","","","","","","","","","","","","","","","","","","","","","","","","","","","","","","","","","","","","","","","","","","","","","","","","","","","","","",""
"28070001","CHARTRES",48.4605,1.501167,155,1983091109,"","","","",6.,1,280,1,"","","","","","","","","","","","","","","","","","","","","","","","","","","","",12.3,1,9.2,1,"","","","","","","","","","","","","","","","","","","","","","","","","","",83,1,"","","","","","","","","","","","",11.9,1,1007.3,1,"","","","","","",6,1,0,1,8,1,0,1,2,1,"","","","","","","","","","","","","","","","","","","","","","","","",20000,1,"","",3,1,2,1,"","","","","","","","","","","","","","","","","","","","","","","","","","","","","","","","","","","","","","","","","","","","","","","","","","","","","","","","","","","","","","","","","",""
"28070001","CHARTRES",48.4605,1.501167,155,1983091112,"","","","",7.,1,300,1,"","","","","","","","","","","","","","","","","","","","","","","","","","","","",13.4,1,11.7,1,"","","","","","","","","","","","","","","","","","","","","","","","","","",92,1,"","","","","","","","","","","","",14.1,1,1008.3,1,"","","","","","","","",0,1,"","","","","","","","","","","","","","","","","","","","","","","","","","","","","","","","","","","","","","","","","","","","","","","","","","","","","","","","","","","","","","","","","","","","","","","","","","","","","","","","","","","","","","","","","","","","","","","","","","","","","","","",""
"28070001","CHARTRES",48.4605,1.501167,155,1983091115,"","","","",6.,1,300,1,"","","","","","","","","","","","","","","","","","","","","","","","","","","","",14.6,1,10.3,1,"","","","","","","","","","","","","","","","","","","","","","","","","","",77,1,"","","","","","","","","","","","",12.8,1,1008.8,1,"","","","","","","","",0,1,"","","","","","","","","","","","","","","","","","","","","","","","","","","","","","","","","","","","","","","","","","","","","","","","","","","","","","","","","","","","","","","","","","","","","","","","","","","","","","","","","","","","","","","","","","","","","","","","","","","","","","","",""
"28070001","CHARTRES",48.4605,1.501167,155,1983091118,"","","","",4.,1,280,1,"","","","","","","","","","","","","","","","","","","","","","","","","","","","",12.3,1,11.3,1,"","","","","","","","","","","","","","","","","","","","","","","","","","",96,1,"","","","","","","","","","","","",13.7,1,1010.4,1,"","","","","","","","",0,1,"","","","","","","","","","","","","","","","","","","","","","","","","","","","","","","","","","","","","","","","","","","","","","","","","","","","","","","","","","","","","","","","","","","","","","","","","","","","","","","","","","","","","","","","","","","","","","","","","","","","","","","",""
"28070001","CHARTRES",48.4605,1.501167,155,1983091121,"","","","",4.,1,300,1,"","","","","","","","","","","","","","","","","","","","","","","","","","","","",11.6,1,10.9,1,"","","","","","","","","","","","","","","","","","","","","","","","","","",98,1,"","","","","","","","","","","","",13.4,1,1011.9,1,"","","","","","","","",0,1,"","","","","","","","","","","","","","","","","","","","","","","","","","","","","","","","","","","","","","","","","","","","","","","","","","","","","","","","","","","","","","","","","","","","","","","","","","","","","","","","","","","","","","","","","","","","","","","","","","","","","","","",""
"28070001","CHARTRES",48.4605,1.501167,155,1983091200,"","","","",3.,1,300,1,"","","","","","","","","","","","","","","","","","","","","","","","","","","","",11.,1,11.,1,"","","","","","","","","","","","","","","","","","","","","","","","","","",99,1,"","","","","","","","","","","","",13.,1,1012.7,1,"","","","","","","","",0,1,"","","","","","","","","","","","","","","","","","","","","","","","","","","","","","","","","","","","","","","","","","","","","","","","","","","","","","","","","","","","","","","","","","","","","","","","","","","","","","","","","","","","","","","","","","","","","","","","","","","","","","","",""
"28070001","CHARTRES",48.4605,1.501167,155,1983091203,"","","","",3.,1,300,1,"","","","","","","","","","","","","","","","","","","","","","","","","","","","",10.9,1,10.1,1,"","","","","","","","","","","","","","","","","","","","","","","","","","",97,1,"","","","","","","","","","","","",12.6,1,1013.5,1,"","","","","","","","",0,1,"","","","","","","","","","","","","","","","","","","","","","","","","","","","","","","","","","","","","","","","","","","","","","","","","","","","","","","","","","","","","","","","","","","","","","","","","","","","","","","","","","","","","","","","","","","","","","","","","","","","","","","",""
"28070001","CHARTRES",48.4605,1.501167,155,1983091206,"","","","",3.,1,300,1,"","","","","","","","","","","","","","","","","","","","","","","","","","","","",9.5,1,8.2,1,"","","","","","","","","","","","","","","","","","","","","","","","","","",93,1,"","","","","","","","","","","","",11.1,1,1014.5,1,"","","","","","",2,1,0,1,5,1,0,1,0,1,"","","","","","","","","","","","","","","","","","","","","","","","",20000,1,"","",0,1,"","","","",2,1,"","","","","","","","","","","","","","","","","","","","","","","","","","","","","","","","","","","","","","","","","","","","","","","","","","","","","","","","","","","","","",""
"28070001","CHARTRES",48.4605,1.501167,155,1983091209,"","","","",5.,1,320,1,"","","","","","","","","","","","","","","","","","","","","","","","","","","","",12.2,1,8.7,1,"","","","","","","","","","","","","","","","","","","","","","","","","","",81,1,"","","","","","","","","","","","",11.5,1,1016.,1,"","","","","","",6,1,0,1,8,1,3,1,2,1,"","","","","","","","","","","","","","","","","","","","","","","","",20000,1,"","",1,1,1,1,"","","","","","","","","","","","","","","","","","","","","","","","","","","","","","","","","","","","","","","","","","","","","","","","","","","","","","","","","","","","","","","","","",""
"28070001","CHARTRES",48.4605,1.501167,155,1983091212,"","","","",6.,1,300,1,"","","","","","","","","","","","","","","","","","","","","","","","","","","","",15.3,1,8.6,1,"","","","","","","","","","","","","","","","","","","","","","","","","","",65,1,"","","","","","","","","","","","",11.4,1,1016.4,1,"","","","","","",7,1,0,1,8,1,"","","","","","","","","","","","","","","","","","","","","","","","","","","","",25000,1,"","",3,1,1,1,"","","","","","","","","","","","","","","","","","","","","","","","","","","","","","","","","","","","","","","","","","","","","","","","","","","","","","","","","","","","","","","","","",""
"28070001","CHARTRES",48.4605,1.501167,155,1983091215,"","","","",6.,1,300,1,"","","","","","","","","","","","","","","","","","","","","","","","","","","","",16.,1,9.,1,"","","","","","","","","","","","","","","","","","","","","","","","","","",64,1,"","","","","","","","","","","","",11.7,1,1016.6,1,"","","","","","",5,1,0,1,4,1,0,1,0,1,"","","","","","","","","","","","","","","","","","","","","","","","",25000,1,"","",1,1,2,1,"","","","","","","","","","","","","","","","","","","","","","","","","","","","","","","","","","","","","","","","","","","","","","","","","","","","","","","","","","","","","","","","","",""
"28070001","CHARTRES",48.4605,1.501167,155,1983091218,"","","","",2.,1,320,1,"","","","","","","","","","","","","","","","","","","","","","","","","","","","",14.6,1,10.1,1,"","","","","","","","","","","","","","","","","","","","","","","","","","",76,1,"","","","","","","","","","","","",12.6,1,1017.2,1,"","","","","","","","",0,1,"","","","","","","","","","","","","","","","","","","","","","","","","","","","","","","","","","","","","","","","","","","","","","","","","","","","","","","","","","","","","","","","","","","","","","","","","","","","","","","","","","","","","","","","","","","","","","","","","","","","","","","",""
"28070001","CHARTRES",48.4605,1.501167,155,1983091221,"","","","",2.,1,280,1,"","","","","","","","","","","","","","","","","","","","","","","","","","","","",11.2,1,8.,1,"","","","","","","","","","","","","","","","","","","","","","","","","","",82,1,"","","","","","","","","","","","",10.9,1,1018.4,1,"","","","","","","","",0,1,"","","","","","","","","","","","","","","","","","","","","","","","","","","","","","","","","","","","","","","","","","","","","","","","","","","","","","","","","","","","","","","","","","","","","","","","","","","","","","","","","","","","","","","","","","","","","","","","","","","","","","","",""
"28070001","CHARTRES",48.4605,1.501167,155,1983091300,"","","","",2.,1,280,1,"","","","","","","","","","","","","","","","","","","","","","","","","","","","",11.2,1,8.5,1,"","","","","","","","","","","","","","","","","","","","","","","","","","",85,1,"","","","","","","","","","","","",11.3,1,1018.5,1,"","","","","","","","",0,1,"","","","","","","","","","","","","","","","","","","","","","","","","","","","","","","","","","","","","","","","","","","","","","","","","","","","","","","","","","","","","","","","","","","","","","","","","","","","","","","","","","","","","","","","","","","","","","","","","","","","","","","",""
"28070001","CHARTRES",48.4605,1.501167,155,1983091303,"","","","",3.,1,260,1,"","","","","","","","","","","","","","","","","","","","","","","","","","","","",11.1,1,8.9,1,"","","","","","","","","","","","","","","","","","","","","","","","","","",88,1,"","","","","","","","","","","","",11.6,1,1018.3,1,"","","","","","","","",0,1,"","","","","","","","","","","","","","","","","","","","","","","","","","","","","","","","","","","","","","","","","","","","","","","","","","","","","","","","","","","","","","","","","","","","","","","","","","","","","","","","","","","","","","","","","","","","","","","","","","","","","","","",""
"28070001","CHARTRES",48.4605,1.501167,155,1983091306,"","","","",3.,1,260,1,"","","","","","","","","","","","","","","","","","","","","","","","","","","","",10.7,1,8.,1,"","","","","","","","","","","","","","","","","","","","","","","","","","",85,1,"","","","","","","","","","","","",10.9,1,1018.3,1,"","","","","","",7,1,7,1,5,1,"","","","","","","","","","","","","","","","","","","","","","","","","","","","",15000,1,"","",0,1,"","","","",0,1,"","","","","","","","","","","","","","","","","","","","","","","","","","","","","","","","","","","","","","","","","","","","","","","","","","","","","","","","","","","","","",""
"28070001","CHARTRES",48.4605,1.501167,155,1983091309,"","","","",3.,1,260,1,"","","","","","","","","","","","","","","","","","","","","","","","","","","","",12.,1,9.3,1,"","","","","","","","","","","","","","","","","","","","","","","","","","",85,1,"","","","","","","","","","","","",12.,1,1019.1,1,"","","","","","",7,1,7,1,8,1,"","","","","","","","","","","","","","","","","","","","","","","","","","","","",15000,1,"","",3,1,2,1,"","","","","","","","","","","","","","","","","","","","","","","","","","","","","","","","","","","","","","","","","","","","","","","","","","","","","","","","","","","","","","","","","",""
"28070001","CHARTRES",48.4605,1.501167,155,1983091312,"","","","",4.,1,260,1,"","","","","","","","","","","","","","","","","","","","","","","","","","","","",15.8,1,9.8,1,"","","","","","","","","","","","","","","","","","","","","","","","","","",69,1,"","","","","","","","","","","","",12.4,1,1018.5,1,"","","","","","",7,1,6,1,4,1,8,1,"","","","","","","","","","","","","","","","","","","","","","","","","","",20000,1,"","",1,1,2,1,"","","","","","","","","","","","","","","","","","","","","","","","","","","","","","","","","","","","","","","","","","","","","","","","","","","","","","","","","","","","","","","","","",""
"28070001","CHARTRES",48.4605,1.501167,155,1983091315,"","","","",3.,1,240,1,"","","","","","","","","","","","","","","","","","","","","","","","","","","","",14.4,1,12.,1,"","","","","","","","","","","","","","","","","","","","","","","","","","",88,1,"","","","","","","","","","","","",14.4,1,1018.4,1,"","","","","","",8,1,7,1,5,1,2,1,"","","","","","","","","","","","","","","","","","","","","","","","","","",13000,1,"","",50,1,6,1,"","","","","","","","","","","","","","","","","","","","","","","","","","","","","","","","","","","","","","","","","","","","","","","","","","","","","","","","","","","","","","","","","",""
"28070001","CHARTRES",48.4605,1.501167,155,1983091318,"","","","",3.,1,240,1,"","","","","","","","","","","","","","","","","","","","","","","","","","","","",14.8,1,12.2,1,"","","","","","","","","","","","","","","","","","","","","","","","","","",87,1,"","","","","","","","","","","","",14.6,1,1018.,1,"","","","","","","","",7,1,"","","","","","","","","","","","","","","","","","","","","","","","","","","","","","","","","","","","","","","","","","","","","","","","","","","","","","","","","","","","","","","","","","","","","","","","","","","","","","","","","","","","","","","","","","","","","","","","","","","","","","","",""
"28070001","CHARTRES",48.4605,1.501167,155,1983091321,"","","","",3.,1,240,1,"","","","","","","","","","","","","","","","","","","","","","","","","","","","",14.8,1,11.7,1,"","","","","","","","","","","","","","","","","","","","","","","","","","",84,1,"","","","","","","","","","","","",14.1,1,1018.1,1,"","","","","","","","",7,1,"","","","","","","","","","","","","","","","","","","","","","","","","","","","","","","","","","","","","","","","","","","","","","","","","","","","","","","","","","","","","","","","","","","","","","","","","","","","","","","","","","","","","","","","","","","","","","","","","","","","","","","",""
"28070001","CHARTRES",48.4605,1.501167,155,1983091400,"","","","",2.,1,240,1,"","","","","","","","","","","","","","","","","","","","","","","","","","","","",14.,1,12.3,1,"","","","","","","","","","","","","","","","","","","","","","","","","","",92,1,"","","","","","","","","","","","",14.7,1,1018.2,1,"","","","","","","","",7,1,"","","","","","","","","","","","","","","","","","","","","","","","","","","","","","","","","","","","","","","","","","","","","","","","","","","","","","","","","","","","","","","","","","","","","","","","","","","","","","","","","","","","","","","","","","","","","","","","","","","","","","","",""
"28070001","CHARTRES",48.4605,1.501167,155,1983091403,"","","","",4.,1,220,1,"","","","","","","","","","","","","","","","","","","","","","","","","","","","",13.8,1,12.4,1,"","","","","","","","","","","","","","","","","","","","","","","","","","",94,1,"","","","","","","","","","","","",14.8,1,1017.2,1,"","","","","","","","",7,1,"","","","","","","","","","","","","","","","","","","","","","","","","","","","","","","","","","","","","","","","","","","","","","","","","","","","","","","","","","","","","","","","","","","","","","","","","","","","","","","","","","","","","","","","","","","","","","","","","","","","","","","",""
"28070001","CHARTRES",48.4605,1.501167,155,1983091406,"","","","",4.,1,240,1,"","","","","","","","","","","","","","","","","","","","","","","","","","","","",13.,1,11.7,1,"","","","","","","","","","","","","","","","","","","","","","","","","","",94,1,"","","","","","","","","","","","",14.1,1,1016.7,1,"","","","","","",8,1,5,1,5,1,2,1,"","","","","","","","","","","","","","","","","","","","","","","","","","",12000,1,"","",0,1,"","","","",1,1,"","","","","","","","","","","","","","","","","","","","","","","","","","","","","","","","","","","","","","","","","","","","","","","","","","","","","","","","","","","","","",""
"28070001","CHARTRES",48.4605,1.501167,155,1983091409,"","","","",5.,1,260,1,"","","","","","","","","","","","","","","","","","","","","","","","","","","","",13.,1,12.2,1,"","","","","","","","","","","","","","","","","","","","","","","","","","",98,1,"","","","","","","","","","","","",14.6,1,1016.8,1,"","","","","","",8,1,7,1,5,1,2,1,"","","","","","","","","","","","","","","","","","","","","","","","","","",6000,1,"","",61,1,6,1,"","","","","","","","","","","","","","","","","","","","","","","","","","","","","","","","","","","","","","","","","","","","","","","","","","","","","","","","","","","","","","","","","",""
"28070001","CHARTRES",48.4605,1.501167,155,1983091412,"","","","",6.,1,240,1,"","","","","","","","","","","","","","","","","","","","","","","","","","","","",14.3,1,13.,1,"","","","","","","","","","","","","","","","","","","","","","","","","","",94,1,"","","","","","","","","","","","",15.4,1,1015.3,1,"","","","","","",8,1,5,1,5,1,2,1,"","","","","","","","","","","","","","","","","","","","","","","","","","",13000,1,"","",21,1,6,1,"","","","","","","","","","","","","","","","","","","","","","","","","","","","","","","","","","","","","","","","","","","","","","","","","","","","","","","","","","","","","","","","","",""
"28070001","CHARTRES",48.4605,1.501167,155,1983091415,"","","","",7.,1,260,1,"","","","","","","","","","","","","","","","","","","","","","","","","","","","",18.5,1,15.2,1,"","","","","","","","","","","","","","","","","","","","","","","","","","",83,1,"","","","","","","","","","","","",17.8,1,1014.1,1,"","","","","","",6,1,5,1,5,1,8,1,0,1,"","","","","","","","","","","","","","","","","","","","","","","","",15000,1,"","",3,1,2,1,"","","","","","","","","","","","","","","","","","","","","","","","","","","","","","","","","","","","","","","","","","","","","","","","","","","","","","","","","","","","","","","","","",""
"28070001","CHARTRES",48.4605,1.501167,155,1983091418,"","","","",2.,1,220,1,"","","","","","","","","","","","","","","","","","","","","","","","","","","","",18.3,1,16.1,1,"","","","","","","","","","","","","","","","","","","","","","","","","","",90,1,"","","","","","","","","","","","",18.9,1,1013.,1,"","","","","","","","",5,1,"","","","","","","","","","","","","","","","","","","","","","","","","","","","","","","","","","","","","","","","","","","","","","","","","","","","","","","","","","","","","","","","","","","","","","","","","","","","","","","","","","","","","","","","","","","","","","","","","","","","","","","",""
"28070001","CHARTRES",48.4605,1.501167,155,1983091421,"","","","",5.,1,220,1,"","","","","","","","","","","","","","","","","","","","","","","","","","","","",17.6,1,15.9,1,"","","","","","","","","","","","","","","","","","","","","","","","","","",93,1,"","","","","","","","","","","","",18.7,1,1011.5,1,"","","","","","","","",5,1,"","","","","","","","","","","","","","","","","","","","","","","","","","","","","","","","","","","","","","","","","","","","","","","","","","","","","","","","","","","","","","","","","","","","","","","","","","","","","","","","","","","","","","","","","","","","","","","","","","","","","","","",""
"28070001","CHARTRES",48.4605,1.501167,155,1983091500,"","","","",5.,1,220,1,"","","","","","","","","","","","","","","","","","","","","","","","","","","","",15.7,1,14.6,1,"","","","","","","","","","","","","","","","","","","","","","","","","","",96,1,"","","","","","","","","","","","",17.1,1,1009.8,1,"","","","","","","","",5,1,"","","","","","","","","","","","","","","","","","","","","","","","","","","","","","","","","","","","","","","","","","","","","","","","","","","","","","","","","","","","","","","","","","","","","","","","","","","","","","","","","","","","","","","","","","","","","","","","","","","","","","","",""
"28070001","CHARTRES",48.4605,1.501167,155,1983091503,"","","","",6.,1,220,1,"","","","","","","","","","","","","","","","","","","","","","","","","","","","",15.7,1,14.8,1,"","","","","","","","","","","","","","","","","","","","","","","","","","",97,1,"","","","","","","","","","","","",17.3,1,1006.5,1,"","","","","","","","",5,1,"","","","","","","","","","","","","","","","","","","","","","","","","","","","","","","","","","","","","","","","","","","","","","","","","","","","","","","","","","","","","","","","","","","","","","","","","","","","","","","","","","","","","","","","","","","","","","","","","","","","","","","",""
"28070001","CHARTRES",48.4605,1.501167,155,1983091506,"","","","",6.,1,220,1,"","","","","","","","","","","","","","","","","","","","","","","","","","","","",16.1,1,15.1,1,"","","","","","","","","","","","","","","","","","","","","","","","","","",97,1,"","","","","","","","","","","","",17.7,1,1005.4,1,"","","","","","",8,1,8,1,7,1,7,1,"","","","","","","","","","","","","","","","","","","","","","","","","","",10000,1,"","",61,1,"","","","",2,1,"","","","","","","","","","","","","","","","","","","","","","","","","","","","","","","","","","","","","","","","","","","","","","","","","","","","","","","","","","","","","",""
"28070001","CHARTRES",48.4605,1.501167,155,1983091509,"","","","",9.,1,240,1,"","","","","","","","","","","","","","","","","","","","","","","","","","","","",16.7,1,15.,1,"","","","","","","","","","","","","","","","","","","","","","","","","","",93,1,"","","","","","","","","","","","",17.6,1,1004.6,1,"","","","","","",8,1,5,1,5,1,7,1,"","","","","","","","","","","","","","","","","","","","","","","","","","",20000,1,"","",61,1,6,1,"","","","","","","","","","","","","","","","","","","","","","","","","","","","","","","","","","","","","","","","","","","","","","","","","","","","","","","","","","","","","","","","","",""
"28070001","CHARTRES",48.4605,1.501167,155,1983091512,"","","","",8.,1,260,1,"","","","","","","","","","","","","","","","","","","","","","","","","","","","",19.,1,13.8,1,"","","","","","","","","","","","","","","","","","","","","","","","","","",74,1,"","","","","","","","","","","","",16.2,1,1004.4,1,"","","","","","",3,1,0,1,2,1,0,1,0,1,"","","","","","","","","","","","","","","","","","","","","","","","",25000,1,"","",1,1,6,1,"","","","","","","","","","","","","","","","","","","","","","","","","","","","","","","","","","","","","","","","","","","","","","","","","","","","","","","","","","","","","","","","","",""
"28070001","CHARTRES",48.4605,1.501167,155,1983091515,"","","","",10.,1,240,1,"","","","","","","","","","","","","","","","","","","","","","","","","","","","",18.2,1,13.4,1,"","","","","","","","","","","","","","","","","","","","","","","","","","",76,1,"","","","","","","","","","","","",15.8,1,1003.7,1,"","","","","","",2,1,0,1,9,1,0,1,0,1,"","","","","","","","","","","","","","","","","","","","","","","","",25000,1,"","",1,1,8,1,"","","","","","","","","","","","","","","","","","","","","","","","","","","","","","","","","","","","","","","","","","","","","","","","","","","","","","","","","","","","","","","","","",""
"28070001","CHARTRES",48.4605,1.501167,155,1983091518,"","","","",7.,1,240,1,"","","","","","","","","","","","","","","","","","","","","","","","","","","","",16.1,1,12.2,1,"","","","","","","","","","","","","","","","","","","","","","","","","","",80,1,"","","","","","","","","","","","",14.6,1,1003.7,1,"","","","","","","","",0,1,"","","","","","","","","","","","","","","","","","","","","","","","","","","","","","","","","","","","","","","","","","","","","","","","","","","","","","","","","","","","","","","","","","","","","","","","","","","","","","","","","","","","","","","","","","","","","","","","","","","","","","","",""
"28070001","CHARTRES",48.4605,1.501167,155,1983091521,"","","","",8.,1,260,1,"","","","","","","","","","","","","","","","","","","","","","","","","","","","",14.1,1,11.3,1,"","","","","","","","","","","","","","","","","","","","","","","","","","",85,1,"","","","","","","","","","","","",13.7,1,1004.4,1,"","","","","","","","",0,1,"","","","","","","","","","","","","","","","","","","","","","","","","","","","","","","","","","","","","","","","","","","","","","","","","","","","","","","","","","","","","","","","","","","","","","","","","","","","","","","","","","","","","","","","","","","","","","","","","","","","","","","",""
"28070001","CHARTRES",48.4605,1.501167,155,1983091600,"","","","",7.,1,260,1,"","","","","","","","","","","","","","","","","","","","","","","","","","","","",13.2,1,10.4,1,"","","","","","","","","","","","","","","","","","","","","","","","","","",85,1,"","","","","","","","","","","","",12.9,1,1003.9,1,"","","","","","","","",0,1,"","","","","","","","","","","","","","","","","","","","","","","","","","","","","","","","","","","","","","","","","","","","","","","","","","","","","","","","","","","","","","","","","","","","","","","","","","","","","","","","","","","","","","","","","","","","","","","","","","","","","","","",""
"28070001","CHARTRES",48.4605,1.501167,155,1983091603,"","","","",5.,1,260,1,"","","","","","","","","","","","","","","","","","","","","","","","","","","","",12.7,1,11.2,1,"","","","","","","","","","","","","","","","","","","","","","","","","","",93,1,"","","","","","","","","","","","",13.6,1,1003.6,1,"","","","","","","","",0,1,"","","","","","","","","","","","","","","","","","","","","","","","","","","","","","","","","","","","","","","","","","","","","","","","","","","","","","","","","","","","","","","","","","","","","","","","","","","","","","","","","","","","","","","","","","","","","","","","","","","","","","","",""
"28070001","CHARTRES",48.4605,1.501167,155,1983091606,"","","","",5.,1,240,1,"","","","","","","","","","","","","","","","","","","","","","","","","","","","",11.6,1,9.9,1,"","","","","","","","","","","","","","","","","","","","","","","","","","",91,1,"","","","","","","","","","","","",12.5,1,1003.,1,"","","","","","",4,1,0,1,8,1,0,1,0,1,"","","","","","","","","","","","","","","","","","","","","","","","",15000,1,"","",0,1,"","","","",0,1,"","","","","","","","","","","","","","","","","","","","","","","","","","","","","","","","","","","","","","","","","","","","","","","","","","","","","","","","","","","","","",""
"28070001","CHARTRES",48.4605,1.501167,155,1983091609,"","","","",8.,1,280,1,"","","","","","","","","","","","","","","","","","","","","","","","","","","","",13.3,1,7.8,1,"","","","","","","","","","","","","","","","","","","","","","","","","","",71,1,"","","","","","","","","","","","",10.8,1,1002.7,1,"","","","","","",6,1,5,1,2,1,8,1,0,1,"","","","","","","","","","","","","","","","","","","","","","","","",15000,1,"","",25,1,8,1,"","","","","","","","","","","","","","","","","","","","","","","","","","","","","","","","","","","","","","","","","","","","","","","","","","","","","","","","","","","","","","","","","",""
"28070001","CHARTRES",48.4605,1.501167,155,1983091612,"","","","",8.,1,280,1,"","","","","","","","","","","","","","","","","","","","","","","","","","","","",15.2,1,8.7,1,"","","","","","","","","","","","","","","","","","","","","","","","","","",67,1,"","","","","","","","","","","","",11.5,1,1002.4,1,"","","","","","",6,1,0,1,3,1,8,1,0,1,"","","","","","","","","","","","","","","","","","","","","","","","",12000,1,"","",25,1,8,1,"","","","","","","","","","","","","","","","","","","","","","","","","","","","","","","","","","","","","","","","","","","","","","","","","","","","","","","","","","","","","","","","","",""
"28070001","CHARTRES",48.4605,1.501167,155,1983091615,"","","","",6.,1,300,1,"","","","","","","","","","","","","","","","","","","","","","","","","","","","",15.5,1,9.1,1,"","","","","","","","","","","","","","","","","","","","","","","","","","",67,1,"","","","","","","","","","","","",11.8,1,1001.8,1,"","","","","","",5,1,0,1,9,1,0,1,1,1,"","","","","","","","","","","","","","","","","","","","","","","","",15000,1,"","",25,1,8,1,"","","","","","","","","","","","","","","","","","","","","","","","","","","","","","","","","","","","","","","","","","","","","","","","","","","","","","","","","","","","","","","","","",""
"28070001","CHARTRES",48.4605,1.501167,155,1983091618,"","","","",4.,1,300,1,"","","","","","","","","","","","","","","","","","","","","","","","","","","","",13.,1,9.1,1,"","","","","","","","","","","","","","","","","","","","","","","","","","",79,1,"","","","","","","","","","","","",11.8,1,1002.1,1,"","","","","","","","",0,1,"","","","","","","","","","","","","","","","","","","","","","","","","","","","","","","","","","","","","","","","","","","","","","","","","","","","","","","","","","","","","","","","","","","","","","","","","","","","","","","","","","","","","","","","","","","","","","","","","","","","","","","",""
"28070001","CHARTRES",48.4605,1.501167,155,1983091621,"","","","",2.,1,300,1,"","","","","","","","","","","","","","","","","","","","","","","","","","","","",11.2,1,9.3,1,"","","","","","","","","","","","","","","","","","","","","","","","","","",90,1,"","","","","","","","","","","","",12.,1,1002.2,1,"","","","","","","","",0,1,"","","","","","","","","","","","","","","","","","","","","","","","","","","","","","","","","","","","","","","","","","","","","","","","","","","","","","","","","","","","","","","","","","","","","","","","","","","","","","","","","","","","","","","","","","","","","","","","","","","","","","","",""
"28070001","CHARTRES",48.4605,1.501167,155,1983091700,"","","","",3.,1,300,1,"","","","","","","","","","","","","","","","","","","","","","","","","","","","",10.1,1,9.2,1,"","","","","","","","","","","","","","","","","","","","","","","","","","",96,1,"","","","","","","","","","","","",11.9,1,1002.9,1,"","","","","","","","",0,1,"","","","","","","","","","","","","","","","","","","","","","","","","","","","","","","","","","","","","","","","","","","","","","","","","","","","","","","","","","","","","","","","","","","","","","","","","","","","","","","","","","","","","","","","","","","","","","","","","","","","","","","",""
"28070001","CHARTRES",48.4605,1.501167,155,1983091703,"","","","",3.,1,280,1,"","","","","","","","","","","","","","","","","","","","","","","","","","","","",8.2,1,7.4,1,"","","","","","","","","","","","","","","","","","","","","","","","","","",97,1,"","","","","","","","","","","","",10.5,1,1004.5,1,"","","","","","","","",0,1,"","","","","","","","","","","","","","","","","","","","","","","","","","","","","","","","","","","","","","","","","","","","","","","","","","","","","","","","","","","","","","","","","","","","","","","","","","","","","","","","","","","","","","","","","","","","","","","","","","","","","","","",""
"28070001","CHARTRES",48.4605,1.501167,155,1983091706,"","","","",4.,1,280,1,"","","","","","","","","","","","","","","","","","","","","","","","","","","","",9.9,1,8.7,1,"","","","","","","","","","","","","","","","","","","","","","","","","","",95,1,"","","","","","","","","","","","",11.5,1,1006.3,1,"","","","","","",7,1,6,1,5,1,"","","","","","","","","","","","","","","","","","","","","","","","","","","","",20000,1,"","",0,1,"","","","",1,1,"","","","","","","","","","","","","","","","","","","","","","","","","","","","","","","","","","","","","","","","","","","","","","","","","","","","","","","","","","","","","",""
"28070001","CHARTRES",48.4605,1.501167,155,1983091709,"","","","",6.,1,300,1,"","","","","","","","","","","","","","","","","","","","","","","","","","","","",13.3,1,10.5,1,"","","","","","","","","","","","","","","","","","","","","","","","","","",85,1,"","","","","","","","","","","","",13.,1,1008.7,1,"","","","","","",3,1,0,1,8,1,0,1,0,1,"","","","","","","","","","","","","","","","","","","","","","","","",25000,1,"","",3,1,1,1,"","","","","","","","","","","","","","","","","","","","","","","","","","","","","","","","","","","","","","","","","","","","","","","","","","","","","","","","","","","","","","","","","",""
"28070001","CHARTRES",48.4605,1.501167,155,1983091712,"","","","",5.,1,260,1,"","","","","","","","","","","","","","","","","","","","","","","","","","","","",17.2,1,12.1,1,"","","","","","","","","","","","","","","","","","","","","","","","","","",74,1,"","","","","","","","","","","","",14.5,1,1010.,1,"","","","","","","","",0,1,"","","","","","","","","","","","","","","","","","","","","","","","","","","","","","","","","","","","","","","","","","","","","","","","","","","","","","","","","","","","","","","","","","","","","","","","","","","","","","","","","","","","","","","","","","","","","","","","","","","","","","","",""
"28070001","CHARTRES",48.4605,1.501167,155,1983091715,"","","","",5.,1,240,1,"","","","","","","","","","","","","","","","","","","","","","","","","","","","",13.8,1,12.6,1,"","","","","","","","","","","","","","","","","","","","","","","","","","",95,1,"","","","","","","","","","","","",15.,1,1011.4,1,"","","","","","","","",0,1,"","","","","","","","","","","","","","","","","","","","","","","","","","","","","","","","","","","","","","","","","","","","","","","","","","","","","","","","","","","","","","","","","","","","","","","","","","","","","","","","","","","","","","","","","","","","","","","","","","","","","","","",""
"28070001","CHARTRES",48.4605,1.501167,155,1983091718,"","","","",3.,1,260,1,"","","","","","","","","","","","","","","","","","","","","","","","","","","","",14.8,1,11.9,1,"","","","","","","","","","","","","","","","","","","","","","","","","","",85,1,"","","","","","","","","","","","",14.3,1,1014.9,1,"","","","","","","","",0,1,"","","","","","","","","","","","","","","","","","","","","","","","","","","","","","","","","","","","","","","","","","","","","","","","","","","","","","","","","","","","","","","","","","","","","","","","","","","","","","","","","","","","","","","","","","","","","","","","","","","","","","","",""
"28070001","CHARTRES",48.4605,1.501167,155,1983091721,"","","","",2.,1,260,1,"","","","","","","","","","","","","","","","","","","","","","","","","","","","",10.9,1,9.6,1,"","","","","","","","","","","","","","","","","","","","","","","","","","",94,1,"","","","","","","","","","","","",12.2,1,1016.1,1,"","","","","","","","",0,1,"","","","","","","","","","","","","","","","","","","","","","","","","","","","","","","","","","","","","","","","","","","","","","","","","","","","","","","","","","","","","","","","","","","","","","","","","","","","","","","","","","","","","","","","","","","","","","","","","","","","","","","",""
"28070001","CHARTRES",48.4605,1.501167,155,1983091800,"","","","",3.,1,200,1,"","","","","","","","","","","","","","","","","","","","","","","","","","","","",9.9,1,9.,1,"","","","","","","","","","","","","","","","","","","","","","","","","","",96,1,"","","","","","","","","","","","",11.7,1,1015.9,1,"","","","","","","","",0,1,"","","","","","","","","","","","","","","","","","","","","","","","","","","","","","","","","","","","","","","","","","","","","","","","","","","","","","","","","","","","","","","","","","","","","","","","","","","","","","","","","","","","","","","","","","","","","","","","","","","","","","","",""
"28070001","CHARTRES",48.4605,1.501167,155,1983091803,"","","","",3.,1,200,1,"","","","","","","","","","","","","","","","","","","","","","","","","","","","",8.9,1,7.7,1,"","","","","","","","","","","","","","","","","","","","","","","","","","",94,1,"","","","","","","","","","","","",10.7,1,1015.3,1,"","","","","","","","",0,1,"","","","","","","","","","","","","","","","","","","","","","","","","","","","","","","","","","","","","","","","","","","","","","","","","","","","","","","","","","","","","","","","","","","","","","","","","","","","","","","","","","","","","","","","","","","","","","","","","","","","","","","",""
"28070001","CHARTRES",48.4605,1.501167,155,1983091806,"","","","",4.,1,220,1,"","","","","","","","","","","","","","","","","","","","","","","","","","","","",9.3,1,8.3,1,"","","","","","","","","","","","","","","","","","","","","","","","","","",96,1,"","","","","","","","","","","","",11.2,1,1015.,1,"","","","","","",7,1,6,1,0,1,7,1,2,1,"","","","","","","","","","","","","","","","","","","","","","","","",25000,1,"","",0,1,"","","","",1,1,"","","","","","","","","","","","","","","","","","","","","","","","","","","","","","","","","","","","","","","","","","","","","","","","","","","","","","","","","","","","","",""
"28070001","CHARTRES",48.4605,1.501167,155,1983091809,"","","","",9.,1,240,1,"","","","","","","","","","","","","","","","","","","","","","","","","","","","",13.8,1,10.4,1,"","","","","","","","","","","","","","","","","","","","","","","","","","",82,1,"","","","","","","","","","","","",12.9,1,1015.,1,"","","","","","",6,1,5,1,1,1,3,1,2,1,"","","","","","","","","","","","","","","","","","","","","","","","",25000,1,"","",1,1,2,1,"","","","","","","","","","","","","","","","","","","","","","","","","","","","","","","","","","","","","","","","","","","","","","","","","","","","","","","","","","","","","","","","","",""
"28070001","CHARTRES",48.4605,1.501167,155,1983091812,"","","","",9.,1,240,1,"","","","","","","","","","","","","","","","","","","","","","","","","","","","",16.,1,9.8,1,"","","","","","","","","","","","","","","","","","","","","","","","","","",68,1,"","","","","","","","","","","","",12.4,1,1014.9,1,"","","","","","","","",5,1,"","","","","","","","","","","","","","","","","","","","","","","","","","","","","","","","","","","","","","","","","","","","","","","","","","","","","","","","","","","","","","","","","","","","","","","","","","","","","","","","","","","","","","","","","","","","","","","","","","","","","","","",""
"28070001","CHARTRES",48.4605,1.501167,155,1983091815,"","","","",7.,1,240,1,"","","","","","","","","","","","","","","","","","","","","","","","","","","","",19.,1,11.4,1,"","","","","","","","","","","","","","","","","","","","","","","","","","",63,1,"","","","","","","","","","","","",13.8,1,1013.9,1,"","","","","","","","",5,1,"","","","","","","","","","","","","","","","","","","","","","","","","","","","","","","","","","","","","","","","","","","","","","","","","","","","","","","","","","","","","","","","","","","","","","","","","","","","","","","","","","","","","","","","","","","","","","","","","","","","","","","",""
"28070001","CHARTRES",48.4605,1.501167,155,1983091818,"","","","",5.,1,240,1,"","","","","","","","","","","","","","","","","","","","","","","","","","","","",18.,1,12.,1,"","","","","","","","","","","","","","","","","","","","","","","","","","",70,1,"","","","","","","","","","","","",14.4,1,1013.9,1,"","","","","","","","",5,1,"","","","","","","","","","","","","","","","","","","","","","","","","","","","","","","","","","","","","","","","","","","","","","","","","","","","","","","","","","","","","","","","","","","","","","","","","","","","","","","","","","","","","","","","","","","","","","","","","","","","","","","",""
"28070001","CHARTRES",48.4605,1.501167,155,1983091821,"","","","",7.,1,240,1,"","","","","","","","","","","","","","","","","","","","","","","","","","","","",16.7,1,13.4,1,"","","","","","","","","","","","","","","","","","","","","","","","","","",83,1,"","","","","","","","","","","","",15.8,1,1014.7,1,"","","","","","","","",5,1,"","","","","","","","","","","","","","","","","","","","","","","","","","","","","","","","","","","","","","","","","","","","","","","","","","","","","","","","","","","","","","","","","","","","","","","","","","","","","","","","","","","","","","","","","","","","","","","","","","","","","","","",""
"28070001","CHARTRES",48.4605,1.501167,155,1983091900,"","","","",6.,1,360,1,"","","","","","","","","","","","","","","","","","","","","","","","","","","","",16.4,1,15.6,1,"","","","","","","","","","","","","","","","","","","","","","","","","","",98,1,"","","","","","","","","","","","",18.3,1,1014.6,1,"","","","","","","","",5,1,"","","","","","","","","","","","","","","","","","","","","","","","","","","","","","","","","","","","","","","","","","","","","","","","","","","","","","","","","","","","","","","","","","","","","","","","","","","","","","","","","","","","","","","","","","","","","","","","","","","","","","","",""
"28070001","CHARTRES",48.4605,1.501167,155,1983091903,"","","","",2.,1,240,1,"","","","","","","","","","","","","","","","","","","","","","","","","","","","",12.1,1,11.4,1,"","","","","","","","","","","","","","","","","","","","","","","","","","",98,1,"","","","","","","","","","","","",13.8,1,1015.7,1,"","","","","","","","",5,1,"","","","","","","","","","","","","","","","","","","","","","","","","","","","","","","","","","","","","","","","","","","","","","","","","","","","","","","","","","","","","","","","","","","","","","","","","","","","","","","","","","","","","","","","","","","","","","","","","","","","","","","",""
"28070001","CHARTRES",48.4605,1.501167,155,1983091906,"","","","",1.,1,220,1,"","","","","","","","","","","","","","","","","","","","","","","","","","","","",12.4,1,11.6,1,"","","","","","","","","","","","","","","","","","","","","","","","","","",98,1,"","","","","","","","","","","","",14.,1,1016.3,1,"","","","","","",8,1,6,1,7,1,2,1,"","","","","","","","","","","","","","","","","","","","","","","","","","",2000,1,"","",58,1,"","","","",2,1,"","","","","","","","","","","","","","","","","","","","","","","","","","","","","","","","","","","","","","","","","","","","","","","","","","","","","","","","","","","","","",""
"28070001","CHARTRES",48.4605,1.501167,155,1983091909,"","","","",2.,1,220,1,"","","","","","","","","","","","","","","","","","","","","","","","","","","","",13.3,1,12.3,1,"","","","","","","","","","","","","","","","","","","","","","","","","","",96,1,"","","","","","","","","","","","",14.7,1,1017.8,1,"","","","","","",8,1,8,1,7,1,7,1,"","","","","","","","","","","","","","","","","","","","","","","","","","",15000,1,"","",60,1,6,1,"","","","","","","","","","","","","","","","","","","","","","","","","","","","","","","","","","","","","","","","","","","","","","","","","","","","","","","","","","","","","","","","","",""
"28070001","CHARTRES",48.4605,1.501167,155,1983091912,"","","","",3.,1,280,1,"","","","","","","","","","","","","","","","","","","","","","","","","","","","",14.5,1,11.4,1,"","","","","","","","","","","","","","","","","","","","","","","","","","",83,1,"","","","","","","","","","","","",13.8,1,1018.9,1,"","","","","","",8,1,8,1,1,1,7,1,"","","","","","","","","","","","","","","","","","","","","","","","","","",20000,1,"","",3,1,6,1,"","","","","","","","","","","","","","","","","","","","","","","","","","","","","","","","","","","","","","","","","","","","","","","","","","","","","","","","","","","","","","","","","",""
"28070001","CHARTRES",48.4605,1.501167,155,1983091915,"","","","",4.,1,240,1,"","","","","","","","","","","","","","","","","","","","","","","","","","","","",15.2,1,12.2,1,"","","","","","","","","","","","","","","","","","","","","","","","","","",85,1,"","","","","","","","","","","","",14.6,1,1018.8,1,"","","","","","",7,1,7,1,1,1,7,1,2,1,"","","","","","","","","","","","","","","","","","","","","","","","",20000,1,"","",1,1,6,1,"","","","","","","","","","","","","","","","","","","","","","","","","","","","","","","","","","","","","","","","","","","","","","","","","","","","","","","","","","","","","","","","","",""
"28070001","CHARTRES",48.4605,1.501167,155,1983091918,"","","","",3.,1,240,1,"","","","","","","","","","","","","","","","","","","","","","","","","","","","",14.7,1,12.6,1,"","","","","","","","","","","","","","","","","","","","","","","","","","",90,1,"","","","","","","","","","","","",15.,1,1019.7,1,"","","","","","","","",7,1,"","","","","","","","","","","","","","","","","","","","","","","","","","","","","","","","","","","","","","","","","","","","","","","","","","","","","","","","","","","","","","","","","","","","","","","","","","","","","","","","","","","","","","","","","","","","","","","","","","","","","","","",""
"28070001","CHARTRES",48.4605,1.501167,155,1983091921,"","","","",3.,1,260,1,"","","","","","","","","","","","","","","","","","","","","","","","","","","","",13.1,1,11.9,1,"","","","","","","","","","","","","","","","","","","","","","","","","","",95,1,"","","","","","","","","","","","",14.3,1,1022.1,1,"","","","","","","","",7,1,"","","","","","","","","","","","","","","","","","","","","","","","","","","","","","","","","","","","","","","","","","","","","","","","","","","","","","","","","","","","","","","","","","","","","","","","","","","","","","","","","","","","","","","","","","","","","","","","","","","","","","","",""
"28070001","CHARTRES",48.4605,1.501167,155,1983092000,"","","","",2.,1,280,1,"","","","","","","","","","","","","","","","","","","","","","","","","","","","",11.3,1,11.3,1,"","","","","","","","","","","","","","","","","","","","","","","","","","",100,1,"","","","","","","","","","","","",13.4,1,1023.7,1,"","","","","","","","",7,1,"","","","","","","","","","","","","","","","","","","","","","","","","","","","","","","","","","","","","","","","","","","","","","","","","","","","","","","","","","","","","","","","","","","","","","","","","","","","","","","","","","","","","","","","","","","","","","","","","","","","","","","",""
"28070001","CHARTRES",48.4605,1.501167,155,1983092003,"","","","",2.,1,220,1,"","","","","","","","","","","","","","","","","","","","","","","","","","","","",9.4,1,9.4,1,"","","","","","","","","","","","","","","","","","","","","","","","","","",100,1,"","","","","","","","","","","","",11.8,1,1025.,1,"","","","","","","","",7,1,"","","","","","","","","","","","","","","","","","","","","","","","","","","","","","","","","","","","","","","","","","","","","","","","","","","","","","","","","","","","","","","","","","","","","","","","","","","","","","","","","","","","","","","","","","","","","","","","","","","","","","","",""
"28070001","CHARTRES",48.4605,1.501167,155,1983092006,"","","","",1.,1,220,1,"","","","","","","","","","","","","","","","","","","","","","","","","","","","",7.,1,7.,1,"","","","","","","","","","","","","","","","","","","","","","","","","","",100,1,"","","","","","","","","","","","",10.,1,1026.4,1,"","","","","","",8,1,8,1,6,1,"","","","","","","","","","","","","","","","","","","","","","","","","","","","",200,1,"","",44,1,"","","","",2,1,"","","","","","","","","","","","","","","","","","","","","","","","","","","","","","","","","","","","","","","","","","","","","","","","","","","","","","","","","","","","","",""
"28070001","CHARTRES",48.4605,1.501167,155,1983092009,"","","","",3.,1,260,1,"","","","","","","","","","","","","","","","","","","","","","","","","","","","",11.7,1,10.6,1,"","","","","","","","","","","","","","","","","","","","","","","","","","",95,1,"","","","","","","","","","","","",13.1,1,1027.8,1,"","","","","","",4,1,0,1,1,1,0,1,1,1,"","","","","","","","","","","","","","","","","","","","","","","","",8000,1,"","",1,1,4,1,"","","","","","","","","","","","","","","","","","","","","","","","","","","","","","","","","","","","","","","","","","","","","","","","","","","","","","","","","","","","","","","","","",""
"28070001","CHARTRES",48.4605,1.501167,155,1983092012,"","","","",2.,1,280,1,"","","","","","","","","","","","","","","","","","","","","","","","","","","","",16.8,1,9.8,1,"","","","","","","","","","","","","","","","","","","","","","","","","","",65,1,"","","","","","","","","","","","",12.4,1,1026.8,1,"","","","","","",6,1,5,1,2,1,0,1,1,1,"","","","","","","","","","","","","","","","","","","","","","","","",20000,1,"","",1,1,4,1,"","","","","","","","","","","","","","","","","","","","","","","","","","","","","","","","","","","","","","","","","","","","","","","","","","","","","","","","","","","","","","","","","",""
"28070001","CHARTRES",48.4605,1.501167,155,1983092015,"","","","",4.,1,180,1,"","","","","","","","","","","","","","","","","","","","","","","","","","","","",16.2,1,11.4,1,"","","","","","","","","","","","","","","","","","","","","","","","","","",75,1,"","","","","","","","","","","","",13.8,1,1024.5,1,"","","","","","",6,1,0,1,2,1,0,1,1,1,"","","","","","","","","","","","","","","","","","","","","","","","",20000,1,"","",1,1,2,1,"","","","","","","","","","","","","","","","","","","","","","","","","","","","","","","","","","","","","","","","","","","","","","","","","","","","","","","","","","","","","","","","","",""
"28070001","CHARTRES",48.4605,1.501167,155,1983092018,"","","","",3.,1,200,1,"","","","","","","","","","","","","","","","","","","","","","","","","","","","",12.9,1,11.1,1,"","","","","","","","","","","","","","","","","","","","","","","","","","",91,1,"","","","","","","","","","","","",13.5,1,1023.2,1,"","","","","","","","",0,1,"","","","","","","","","","","","","","","","","","","","","","","","","","","","","","","","","","","","","","","","","","","","","","","","","","","","","","","","","","","","","","","","","","","","","","","","","","","","","","","","","","","","","","","","","","","","","","","","","","","","","","","",""
"28070001","CHARTRES",48.4605,1.501167,155,1983092021,"","","","",2.,1,140,1,"","","","","","","","","","","","","","","","","","","","","","","","","","","","",8.3,1,8.3,1,"","","","","","","","","","","","","","","","","","","","","","","","","","",100,1,"","","","","","","","","","","","",10.9,1,1021.3,1,"","","","","","","","",0,1,"","","","","","","","","","","","","","","","","","","","","","","","","","","","","","","","","","","","","","","","","","","","","","","","","","","","","","","","","","","","","","","","","","","","","","","","","","","","","","","","","","","","","","","","","","","","","","","","","","","","","","","",""
"28070001","CHARTRES",48.4605,1.501167,155,1983092100,"","","","",1.,1,160,1,"","","","","","","","","","","","","","","","","","","","","","","","","","","","",10.6,1,9.9,1,"","","","","","","","","","","","","","","","","","","","","","","","","","",98,1,"","","","","","","","","","","","",12.5,1,1018.8,1,"","","","","","","","",0,1,"","","","","","","","","","","","","","","","","","","","","","","","","","","","","","","","","","","","","","","","","","","","","","","","","","","","","","","","","","","","","","","","","","","","","","","","","","","","","","","","","","","","","","","","","","","","","","","","","","","","","","","",""
"28070001","CHARTRES",48.4605,1.501167,155,1983092103,"","","","",3.,1,180,1,"","","","","","","","","","","","","","","","","","","","","","","","","","","","",10.9,1,10.9,1,"","","","","","","","","","","","","","","","","","","","","","","","","","",99,1,"","","","","","","","","","","","",12.9,1,1016.5,1,"","","","","","","","",0,1,"","","","","","","","","","","","","","","","","","","","","","","","","","","","","","","","","","","","","","","","","","","","","","","","","","","","","","","","","","","","","","","","","","","","","","","","","","","","","","","","","","","","","","","","","","","","","","","","","","","","","","","",""
"28070001","CHARTRES",48.4605,1.501167,155,1983092106,"","","","",4.,1,200,1,"","","","","","","","","","","","","","","","","","","","","","","","","","","","",11.1,1,10.4,1,"","","","","","","","","","","","","","","","","","","","","","","","","","",97,1,"","","","","","","","","","","","",12.9,1,1014.9,1,"","","","","","",8,1,8,1,5,1,7,1,"","","","","","","","","","","","","","","","","","","","","","","","","","",12000,1,"","",21,1,"","","","",2,1,"","","","","","","","","","","","","","","","","","","","","","","","","","","","","","","","","","","","","","","","","","","","","","","","","","","","","","","","","","","","","",""
"28070001","CHARTRES",48.4605,1.501167,155,1983092109,"","","","",6.,1,220,1,"","","","","","","","","","","","","","","","","","","","","","","","","","","","",14.7,1,12.5,1,"","","","","","","","","","","","","","","","","","","","","","","","","","",89,1,"","","","","","","","","","","","",14.9,1,1012.5,1,"","","","","","",7,1,7,1,5,1,7,1,"","","","","","","","","","","","","","","","","","","","","","","","","","",20000,1,"","",2,1,2,1,"","","","","","","","","","","","","","","","","","","","","","","","","","","","","","","","","","","","","","","","","","","","","","","","","","","","","","","","","","","","","","","","","",""
"28070001","CHARTRES",48.4605,1.501167,155,1983092112,"","","","",7.,1,240,1,"","","","","","","","","","","","","","","","","","","","","","","","","","","","",16.,1,16.,1,"","","","","","","","","","","","","","","","","","","","","","","","","","",99,1,"","","","","","","","","","","","",18.,1,1010.4,1,"","","","","","",8,1,6,1,5,1,"","","","","","","","","","","","","","","","","","","","","","","","","","","","",15000,1,"","",21,1,6,1,"","","","","","","","","","","","","","","","","","","","","","","","","","","","","","","","","","","","","","","","","","","","","","","","","","","","","","","","","","","","","","","","","",""
"28070001","CHARTRES",48.4605,1.501167,155,1983092115,"","","","",9.,1,260,1,"","","","","","","","","","","","","","","","","","","","","","","","","","","","",20.8,1,16.6,1,"","","","","","","","","","","","","","","","","","","","","","","","","","",79,1,"","","","","","","","","","","","",19.5,1,1008.,1,"","","","","","",6,1,6,1,2,1,0,1,0,1,"","","","","","","","","","","","","","","","","","","","","","","","",25000,1,"","",1,1,5,1,"","","","","","","","","","","","","","","","","","","","","","","","","","","","","","","","","","","","","","","","","","","","","","","","","","","","","","","","","","","","","","","","","",""
"28070001","CHARTRES",48.4605,1.501167,155,1983092118,"","","","",9.,1,260,1,"","","","","","","","","","","","","","","","","","","","","","","","","","","","",16.8,1,15.9,1,"","","","","","","","","","","","","","","","","","","","","","","","","","",98,1,"","","","","","","","","","","","",18.7,1,1010.5,1,"","","","","","","","",6,1,"","","","","","","","","","","","","","","","","","","","","","","","","","","","","","","","","","","","","","","","","","","","","","","","","","","","","","","","","","","","","","","","","","","","","","","","","","","","","","","","","","","","","","","","","","","","","","","","","","","","","","","",""
"28070001","CHARTRES",48.4605,1.501167,155,1983092121,"","","","",9.,1,200,1,"","","","","","","","","","","","","","","","","","","","","","","","","","","","",16.6,1,13.8,1,"","","","","","","","","","","","","","","","","","","","","","","","","","",86,1,"","","","","","","","","","","","",16.2,1,1014.7,1,"","","","","","","","",6,1,"","","","","","","","","","","","","","","","","","","","","","","","","","","","","","","","","","","","","","","","","","","","","","","","","","","","","","","","","","","","","","","","","","","","","","","","","","","","","","","","","","","","","","","","","","","","","","","","","","","","","","","",""
"28070001","CHARTRES",48.4605,1.501167,155,1983092200,"","","","",4.,1,320,1,"","","","","","","","","","","","","","","","","","","","","","","","","","","","",13.5,1,11.1,1,"","","","","","","","","","","","","","","","","","","","","","","","","","",87,1,"","","","","","","","","","","","",13.5,1,1018.6,1,"","","","","","","","",6,1,"","","","","","","","","","","","","","","","","","","","","","","","","","","","","","","","","","","","","","","","","","","","","","","","","","","","","","","","","","","","","","","","","","","","","","","","","","","","","","","","","","","","","","","","","","","","","","","","","","","","","","","",""
"28070001","CHARTRES",48.4605,1.501167,155,1983092203,"","","","",2.,1,320,1,"","","","","","","","","","","","","","","","","","","","","","","","","","","","",12.8,1,11.6,1,"","","","","","","","","","","","","","","","","","","","","","","","","","",95,1,"","","","","","","","","","","","",14.,1,1021.3,1,"","","","","","","","",6,1,"","","","","","","","","","","","","","","","","","","","","","","","","","","","","","","","","","","","","","","","","","","","","","","","","","","","","","","","","","","","","","","","","","","","","","","","","","","","","","","","","","","","","","","","","","","","","","","","","","","","","","","",""
"28070001","CHARTRES",48.4605,1.501167,155,1983092206,"","","","",1.,1,280,1,"","","","","","","","","","","","","","","","","","","","","","","","","","","","",10.,1,10.,1,"","","","","","","","","","","","","","","","","","","","","","","","","","",99,1,"","","","","","","","","","","","",12.1,1,1023.6,1,"","","","","","",1,1,0,1,0,1,8,1,0,1,"","","","","","","","","","","","","","","","","","","","","","","","",20000,1,"","",0,1,"","","","",1,1,"","","","","","","","","","","","","","","","","","","","","","","","","","","","","","","","","","","","","","","","","","","","","","","","","","","","","","","","","","","","","",""
"28070001","CHARTRES",48.4605,1.501167,155,1983092209,"","","","",1.,1,80,1,"","","","","","","","","","","","","","","","","","","","","","","","","","","","",14.2,1,10.1,1,"","","","","","","","","","","","","","","","","","","","","","","","","","",78,1,"","","","","","","","","","","","",12.6,1,1025.2,1,"","","","","","",3,1,0,1,1,1,0,1,1,1,"","","","","","","","","","","","","","","","","","","","","","","","",20000,1,"","",1,1,0,1,"","","","","","","","","","","","","","","","","","","","","","","","","","","","","","","","","","","","","","","","","","","","","","","","","","","","","","","","","","","","","","","","","",""
"28070001","CHARTRES",48.4605,1.501167,155,1983092212,"","","","",2.,1,140,1,"","","","","","","","","","","","","","","","","","","","","","","","","","","","",16.6,1,10.6,1,"","","","","","","","","","","","","","","","","","","","","","","","","","",70,1,"","","","","","","","","","","","",13.1,1,1025.1,1,"","","","","","",4,1,0,1,1,1,0,1,0,1,"","","","","","","","","","","","","","","","","","","","","","","","",20000,1,"","",1,1,1,1,"","","","","","","","","","","","","","","","","","","","","","","","","","","","","","","","","","","","","","","","","","","","","","","","","","","","","","","","","","","","","","","","","",""
"28070001","CHARTRES",48.4605,1.501167,155,1983092215,"","","","",4.,1,120,1,"","","","","","","","","","","","","","","","","","","","","","","","","","","","",17.2,1,11.4,1,"","","","","","","","","","","","","","","","","","","","","","","","","","",70,1,"","","","","","","","","","","","",13.8,1,1024.7,1,"","","","","","",3,1,0,1,5,1,0,1,0,1,"","","","","","","","","","","","","","","","","","","","","","","","",20000,1,"","",1,1,0,1,"","","","","","","","","","","","","","","","","","","","","","","","","","","","","","","","","","","","","","","","","","","","","","","","","","","","","","","","","","","","","","","","","",""
"28070001","CHARTRES",48.4605,1.501167,155,1983092218,"","","","",2.,1,100,1,"","","","","","","","","","","","","","","","","","","","","","","","","","","","",14.3,1,11.4,1,"","","","","","","","","","","","","","","","","","","","","","","","","","",85,1,"","","","","","","","","","","","",13.8,1,1024.6,1,"","","","","","","","",0,1,"","","","","","","","","","","","","","","","","","","","","","","","","","","","","","","","","","","","","","","","","","","","","","","","","","","","","","","","","","","","","","","","","","","","","","","","","","","","","","","","","","","","","","","","","","","","","","","","","","","","","","","",""
"28070001","CHARTRES",48.4605,1.501167,155,1983092221,"","","","",3.,1,120,1,"","","","","","","","","","","","","","","","","","","","","","","","","","","","",10.3,1,9.5,1,"","","","","","","","","","","","","","","","","","","","","","","","","","",97,1,"","","","","","","","","","","","",12.1,1,1025.1,1,"","","","","","","","",0,1,"","","","","","","","","","","","","","","","","","","","","","","","","","","","","","","","","","","","","","","","","","","","","","","","","","","","","","","","","","","","","","","","","","","","","","","","","","","","","","","","","","","","","","","","","","","","","","","","","","","","","","","",""
"28070001","CHARTRES",48.4605,1.501167,155,1983092300,"","","","",3.,1,120,1,"","","","","","","","","","","","","","","","","","","","","","","","","","","","",10.2,1,9.1,1,"","","","","","","","","","","","","","","","","","","","","","","","","","",95,1,"","","","","","","","","","","","",11.8,1,1024.5,1,"","","","","","","","",0,1,"","","","","","","","","","","","","","","","","","","","","","","","","","","","","","","","","","","","","","","","","","","","","","","","","","","","","","","","","","","","","","","","","","","","","","","","","","","","","","","","","","","","","","","","","","","","","","","","","","","","","","","",""
"28070001","CHARTRES",48.4605,1.501167,155,1983092303,"","","","",4.,1,120,1,"","","","","","","","","","","","","","","","","","","","","","","","","","","","",9.,1,8.1,1,"","","","","","","","","","","","","","","","","","","","","","","","","","",96,1,"","","","","","","","","","","","",11.,1,1023.5,1,"","","","","","","","",0,1,"","","","","","","","","","","","","","","","","","","","","","","","","","","","","","","","","","","","","","","","","","","","","","","","","","","","","","","","","","","","","","","","","","","","","","","","","","","","","","","","","","","","","","","","","","","","","","","","","","","","","","","",""
"28070001","CHARTRES",48.4605,1.501167,155,1983092306,"","","","",3.,1,140,1,"","","","","","","","","","","","","","","","","","","","","","","","","","","","",8.,1,8.,1,"","","","","","","","","","","","","","","","","","","","","","","","","","",99,1,"","","","","","","","","","","","",10.6,1,1023.2,1,"","","","","","",0,1,"","",0,1,0,1,0,1,"","","","","","","","","","","","","","","","","","","","","","","","",12000,1,"","",0,1,"","","","",1,1,"","","","","","","","","","","","","","","","","","","","","","","","","","","","","","","","","","","","","","","","","","","","","","","","","","","","","","","","","","","","","",""
"28070001","CHARTRES",48.4605,1.501167,155,1983092309,"","","","",3.,1,140,1,"","","","","","","","","","","","","","","","","","","","","","","","","","","","",15.1,1,11.6,1,"","","","","","","","","","","","","","","","","","","","","","","","","","",82,1,"","","","","","","","","","","","",14.,1,1023.6,1,"","","","","","",0,1,"","",0,1,0,1,0,1,"","","","","","","","","","","","","","","","","","","","","","","","",20000,1,"","",2,1,0,1,"","","","","","","","","","","","","","","","","","","","","","","","","","","","","","","","","","","","","","","","","","","","","","","","","","","","","","","","","","","","","","","","","",""
"28070001","CHARTRES",48.4605,1.501167,155,1983092312,"","","","",5.,1,140,1,"","","","","","","","","","","","","","","","","","","","","","","","","","","","",22.8,1,15.8,1,"","","","","","","","","","","","","","","","","","","","","","","","","","",67,1,"","","","","","","","","","","","",18.5,1,1021.2,1,"","","","","","",1,1,0,1,0,1,0,1,1,1,"","","","","","","","","","","","","","","","","","","","","","","","",20000,1,"","",3,1,0,1,"","","","","","","","","","","","","","","","","","","","","","","","","","","","","","","","","","","","","","","","","","","","","","","","","","","","","","","","","","","","","","","","","",""
"28070001","CHARTRES",48.4605,1.501167,155,1983092315,"","","","",5.,1,160,1,"","","","","","","","","","","","","","","","","","","","","","","","","","","","",24.9,1,17.,1,"","","","","","","","","","","","","","","","","","","","","","","","","","",64,1,"","","","","","","","","","","","",20.1,1,1021.7,1,"","","","","","",3,1,0,1,0,1,0,1,1,1,"","","","","","","","","","","","","","","","","","","","","","","","",30000,1,"","",3,1,0,1,"","","","","","","","","","","","","","","","","","","","","","","","","","","","","","","","","","","","","","","","","","","","","","","","","","","","","","","","","","","","","","","","","",""
"28070001","CHARTRES",48.4605,1.501167,155,1983092318,"","","","",2.,1,120,1,"","","","","","","","","","","","","","","","","","","","","","","","","","","","",20.7,1,17.,1,"","","","","","","","","","","","","","","","","","","","","","","","","","",82,1,"","","","","","","","","","","","",20.,1,1021.7,1,"","","","","","","","",0,1,"","","","","","","","","","","","","","","","","","","","","","","","","","","","","","","","","","","","","","","","","","","","","","","","","","","","","","","","","","","","","","","","","","","","","","","","","","","","","","","","","","","","","","","","","","","","","","","","","","","","","","","",""
"28070001","CHARTRES",48.4605,1.501167,155,1983092321,"","","","",2.,1,160,1,"","","","","","","","","","","","","","","","","","","","","","","","","","","","",16.2,1,15.1,1,"","","","","","","","","","","","","","","","","","","","","","","","","","",96,1,"","","","","","","","","","","","",17.7,1,1023.1,1,"","","","","","","","",0,1,"","","","","","","","","","","","","","","","","","","","","","","","","","","","","","","","","","","","","","","","","","","","","","","","","","","","","","","","","","","","","","","","","","","","","","","","","","","","","","","","","","","","","","","","","","","","","","","","","","","","","","","",""
"28070001","CHARTRES",48.4605,1.501167,155,1983092400,"","","","",1.,1,160,1,"","","","","","","","","","","","","","","","","","","","","","","","","","","","",15.2,1,14.4,1,"","","","","","","","","","","","","","","","","","","","","","","","","","",98,1,"","","","","","","","","","","","",16.9,1,1023.4,1,"","","","","","","","",0,1,"","","","","","","","","","","","","","","","","","","","","","","","","","","","","","","","","","","","","","","","","","","","","","","","","","","","","","","","","","","","","","","","","","","","","","","","","","","","","","","","","","","","","","","","","","","","","","","","","","","","","","","",""
"28070001","CHARTRES",48.4605,1.501167,155,1983092403,"","","","",1.,1,220,1,"","","","","","","","","","","","","","","","","","","","","","","","","","","","",14.1,1,14.1,1,"","","","","","","","","","","","","","","","","","","","","","","","","","",99,1,"","","","","","","","","","","","",15.9,1,1023.8,1,"","","","","","","","",0,1,"","","","","","","","","","","","","","","","","","","","","","","","","","","","","","","","","","","","","","","","","","","","","","","","","","","","","","","","","","","","","","","","","","","","","","","","","","","","","","","","","","","","","","","","","","","","","","","","","","","","","","","",""
"28070001","CHARTRES",48.4605,1.501167,155,1983092406,"","","","",1.,1,220,1,"","","","","","","","","","","","","","","","","","","","","","","","","","","","",12.8,1,11.8,1,"","","","","","","","","","","","","","","","","","","","","","","","","","",96,1,"","","","","","","","","","","","",14.2,1,1024.3,1,"","","","","","",0,1,"","",0,1,0,1,0,1,"","","","","","","","","","","","","","","","","","","","","","","","",2000,1,"","",11,1,"","","","",1,1,"","","","","","","","","","","","","","","","","","","","","","","","","","","","","","","","","","","","","","","","","","","","","","","","","","","","","","","","","","","","","",""
"28070001","CHARTRES",48.4605,1.501167,155,1983092409,"","","","",1.,1,220,1,"","","","","","","","","","","","","","","","","","","","","","","","","","","","",18.,1,16.,1,"","","","","","","","","","","","","","","","","","","","","","","","","","",91,1,"","","","","","","","","","","","",18.8,1,1025.2,1,"","","","","","",2,1,0,1,0,1,0,1,1,1,"","","","","","","","","","","","","","","","","","","","","","","","",8000,1,"","",3,1,4,1,"","","","","","","","","","","","","","","","","","","","","","","","","","","","","","","","","","","","","","","","","","","","","","","","","","","","","","","","","","","","","","","","","",""
"28070001","CHARTRES",48.4605,1.501167,155,1983092412,"","","","",3.,1,220,1,"","","","","","","","","","","","","","","","","","","","","","","","","","","","",26.4,1,20.8,1,"","","","","","","","","","","","","","","","","","","","","","","","","","",74,1,"","","","","","","","","","","","",25.5,1,1024.9,1,"","","","","","","","",0,1,"","","","","","","","","","","","","","","","","","","","","","","","","","","","","","","","","","","","","","","","","","","","","","","","","","","","","","","","","","","","","","","","","","","","","","","","","","","","","","","","","","","","","","","","","","","","","","","","","","","","","","","",""
"28070001","CHARTRES",48.4605,1.501167,155,1983092415,"","","","",3.,1,260,1,"","","","","","","","","","","","","","","","","","","","","","","","","","","","",29.5,1,18.,1,"","","","","","","","","","","","","","","","","","","","","","","","","","",52,1,"","","","","","","","","","","","",21.4,1,1024.4,1,"","","","","","","","",0,1,"","","","","","","","","","","","","","","","","","","","","","","","","","","","","","","","","","","","","","","","","","","","","","","","","","","","","","","","","","","","","","","","","","","","","","","","","","","","","","","","","","","","","","","","","","","","","","","","","","","","","","","",""
"28070001","CHARTRES",48.4605,1.501167,155,1983092418,"","","","",2.,1,260,1,"","","","","","","","","","","","","","","","","","","","","","","","","","","","",26.7,1,20.1,1,"","","","","","","","","","","","","","","","","","","","","","","","","","",70,1,"","","","","","","","","","","","",24.5,1,1024.7,1,"","","","","","","","",0,1,"","","","","","","","","","","","","","","","","","","","","","","","","","","","","","","","","","","","","","","","","","","","","","","","","","","","","","","","","","","","","","","","","","","","","","","","","","","","","","","","","","","","","","","","","","","","","","","","","","","","","","","",""
"28070001","CHARTRES",48.4605,1.501167,155,1983092421,"","","","",2.,1,280,1,"","","","","","","","","","","","","","","","","","","","","","","","","","","","",21.7,1,18.9,1,"","","","","","","","","","","","","","","","","","","","","","","","","","",87,1,"","","","","","","","","","","","",22.6,1,1026.3,1,"","","","","","","","",0,1,"","","","","","","","","","","","","","","","","","","","","","","","","","","","","","","","","","","","","","","","","","","","","","","","","","","","","","","","","","","","","","","","","","","","","","","","","","","","","","","","","","","","","","","","","","","","","","","","","","","","","","","",""
"28070001","CHARTRES",48.4605,1.501167,155,1983092500,"","","","",3.,1,300,1,"","","","","","","","","","","","","","","","","","","","","","","","","","","","",20.,1,18.1,1,"","","","","","","","","","","","","","","","","","","","","","","","","","",92,1,"","","","","","","","","","","","",21.5,1,1027.1,1,"","","","","","","","",0,1,"","","","","","","","","","","","","","","","","","","","","","","","","","","","","","","","","","","","","","","","","","","","","","","","","","","","","","","","","","","","","","","","","","","","","","","","","","","","","","","","","","","","","","","","","","","","","","","","","","","","","","","",""
"28070001","CHARTRES",48.4605,1.501167,155,1983092503,"","","","",3.,1,20,1,"","","","","","","","","","","","","","","","","","","","","","","","","","","","",17.3,1,16.3,1,"","","","","","","","","","","","","","","","","","","","","","","","","","",97,1,"","","","","","","","","","","","",19.1,1,1028.,1,"","","","","","","","",0,1,"","","","","","","","","","","","","","","","","","","","","","","","","","","","","","","","","","","","","","","","","","","","","","","","","","","","","","","","","","","","","","","","","","","","","","","","","","","","","","","","","","","","","","","","","","","","","","","","","","","","","","","",""
"28070001","CHARTRES",48.4605,1.501167,155,1983092506,"","","","",4.,1,60,1,"","","","","","","","","","","","","","","","","","","","","","","","","","","","",15.4,1,14.4,1,"","","","","","","","","","","","","","","","","","","","","","","","","","",97,1,"","","","","","","","","","","","",16.9,1,1030.2,1,"","","","","","",8,1,8,1,6,1,"","","","","","","","","","","","","","","","","","","","","","","","","","","","",1800,1,"","",10,1,"","","","",1,1,"","","","","","","","","","","","","","","","","","","","","","","","","","","","","","","","","","","","","","","","","","","","","","","","","","","","","","","","","","","","","",""
"28070001","CHARTRES",48.4605,1.501167,155,1983092509,"","","","",3.,1,60,1,"","","","","","","","","","","","","","","","","","","","","","","","","","","","",16.8,1,14.2,1,"","","","","","","","","","","","","","","","","","","","","","","","","","",88,1,"","","","","","","","","","","","",16.7,1,1032.2,1,"","","","","","",7,1,7,1,6,1,"","","","","","","","","","","","","","","","","","","","","","","","","","","","",6000,1,"","",1,1,2,1,"","","","","","","","","","","","","","","","","","","","","","","","","","","","","","","","","","","","","","","","","","","","","","","","","","","","","","","","","","","","","","","","","",""
"28070001","CHARTRES",48.4605,1.501167,155,1983092512,"","","","",3.,1,60,1,"","","","","","","","","","","","","","","","","","","","","","","","","","","","",20.6,1,15.3,1,"","","","","","","","","","","","","","","","","","","","","","","","","","",74,1,"","","","","","","","","","","","",17.9,1,1032.1,1,"","","","","","","","",7,1,"","","","","","","","","","","","","","","","","","","","","","","","","","","","","","","","","","","","","","","","","","","","","","","","","","","","","","","","","","","","","","","","","","","","","","","","","","","","","","","","","","","","","","","","","","","","","","","","","","","","","","","",""
"28070001","CHARTRES",48.4605,1.501167,155,1983092515,"","","","",3.,1,60,1,"","","","","","","","","","","","","","","","","","","","","","","","","","","","",21.6,1,15.8,1,"","","","","","","","","","","","","","","","","","","","","","","","","","",72,1,"","","","","","","","","","","","",18.6,1,1031.4,1,"","","","","","","","",7,1,"","","","","","","","","","","","","","","","","","","","","","","","","","","","","","","","","","","","","","","","","","","","","","","","","","","","","","","","","","","","","","","","","","","","","","","","","","","","","","","","","","","","","","","","","","","","","","","","","","","","","","","",""
"28070001","CHARTRES",48.4605,1.501167,155,1983092518,"","","","",2.,1,60,1,"","","","","","","","","","","","","","","","","","","","","","","","","","","","",18.4,1,13.3,1,"","","","","","","","","","","","","","","","","","","","","","","","","","",74,1,"","","","","","","","","","","","",15.7,1,1031.6,1,"","","","","","","","",7,1,"","","","","","","","","","","","","","","","","","","","","","","","","","","","","","","","","","","","","","","","","","","","","","","","","","","","","","","","","","","","","","","","","","","","","","","","","","","","","","","","","","","","","","","","","","","","","","","","","","","","","","","",""
"28070001","CHARTRES",48.4605,1.501167,155,1983092521,"","","","",2.,1,60,1,"","","","","","","","","","","","","","","","","","","","","","","","","","","","",14.2,1,13.,1,"","","","","","","","","","","","","","","","","","","","","","","","","","",95,1,"","","","","","","","","","","","",15.4,1,1032.7,1,"","","","","","","","",7,1,"","","","","","","","","","","","","","","","","","","","","","","","","","","","","","","","","","","","","","","","","","","","","","","","","","","","","","","","","","","","","","","","","","","","","","","","","","","","","","","","","","","","","","","","","","","","","","","","","","","","","","","",""
"28070001","CHARTRES",48.4605,1.501167,155,1983092600,"","","","",0.,1,0,1,"","","","","","","","","","","","","","","","","","","","","","","","","","","","",11.9,1,11.9,1,"","","","","","","","","","","","","","","","","","","","","","","","","","",100,1,"","","","","","","","","","","","",13.9,1,1032.9,1,"","","","","","","","",7,1,"","","","","","","","","","","","","","","","","","","","","","","","","","","","","","","","","","","","","","","","","","","","","","","","","","","","","","","","","","","","","","","","","","","","","","","","","","","","","","","","","","","","","","","","","","","","","","","","","","","","","","","",""
"28070001","CHARTRES",48.4605,1.501167,155,1983092603,"","","","",0.,1,0,1,"","","","","","","","","","","","","","","","","","","","","","","","","","","","",9.8,1,9.8,1,"","","","","","","","","","","","","","","","","","","","","","","","","","",100,1,"","","","","","","","","","","","",12.1,1,1032.2,1,"","","","","","","","",7,1,"","","","","","","","","","","","","","","","","","","","","","","","","","","","","","","","","","","","","","","","","","","","","","","","","","","","","","","","","","","","","","","","","","","","","","","","","","","","","","","","","","","","","","","","","","","","","","","","","","","","","","","",""
"28070001","CHARTRES",48.4605,1.501167,155,1983092606,"","","","",0.,1,0,1,"","","","","","","","","","","","","","","","","","","","","","","","","","","","",8.,1,8.,1,"","","","","","","","","","","","","","","","","","","","","","","","","","",100,1,"","","","","","","","","","","","",10.7,1,1032.,1,"","","","","","",2,1,0,1,0,1,0,1,1,1,"","","","","","","","","","","","","","","","","","","","","","","","",6000,1,"","",0,1,"","","","",1,1,"","","","","","","","","","","","","","","","","","","","","","","","","","","","","","","","","","","","","","","","","","","","","","","","","","","","","","","","","","","","","",""
"28070001","CHARTRES",48.4605,1.501167,155,1983092609,"","","","",1.,1,140,1,"","","","","","","","","","","","","","","","","","","","","","","","","","","","",16.5,1,11.5,1,"","","","","","","","","","","","","","","","","","","","","","","","","","",74,1,"","","","","","","","","","","","",13.9,1,1032.,1,"","","","","","",0,1,"","",0,1,0,1,0,1,"","","","","","","","","","","","","","","","","","","","","","","","",12000,1,"","",2,1,0,1,"","","","","","","","","","","","","","","","","","","","","","","","","","","","","","","","","","","","","","","","","","","","","","","","","","","","","","","","","","","","","","","","","",""
"28070001","CHARTRES",48.4605,1.501167,155,1983092612,"","","","",2.,1,120,1,"","","","","","","","","","","","","","","","","","","","","","","","","","","","",21.9,1,13.,1,"","","","","","","","","","","","","","","","","","","","","","","","","","",59,1,"","","","","","","","","","","","",15.4,1,1030.7,1,"","","","","","",1,1,0,1,0,1,0,1,1,1,"","","","","","","","","","","","","","","","","","","","","","","","",20000,1,"","",3,1,0,1,"","","","","","","","","","","","","","","","","","","","","","","","","","","","","","","","","","","","","","","","","","","","","","","","","","","","","","","","","","","","","","","","","",""
"28070001","CHARTRES",48.4605,1.501167,155,1983092615,"","","","",2.,1,100,1,"","","","","","","","","","","","","","","","","","","","","","","","","","","","",23.8,1,13.1,1,"","","","","","","","","","","","","","","","","","","","","","","","","","",53,1,"","","","","","","","","","","","",15.5,1,1029.5,1,"","","","","","",0,1,"","",0,1,0,1,0,1,"","","","","","","","","","","","","","","","","","","","","","","","",25000,1,"","",1,1,0,1,"","","","","","","","","","","","","","","","","","","","","","","","","","","","","","","","","","","","","","","","","","","","","","","","","","","","","","","","","","","","","","","","","",""
"28070001","CHARTRES",48.4605,1.501167,155,1983092618,"","","","",2.,1,100,1,"","","","","","","","","","","","","","","","","","","","","","","","","","","","",17.8,1,9.8,1,"","","","","","","","","","","","","","","","","","","","","","","","","","",61,1,"","","","","","","","","","","","",12.4,1,1029.1,1,"","","","","","","","","","","","","","","","","","","","","","","","","","","","","","","","","","","","","","","","","","","","","","","","","","","","","","","","","","","","","","","","","","","","","","","","","","","","","","","","","","","","","","","","","","","","","","","","","","","","","","","","","","","","","","","","","",""
"28070001","CHARTRES",48.4605,1.501167,155,1983092621,"","","","",1.,1,60,1,"","","","","","","","","","","","","","","","","","","","","","","","","","","","",12.9,1,10.4,1,"","","","","","","","","","","","","","","","","","","","","","","","","","",87,1,"","","","","","","","","","","","",12.9,1,1029.4,1,"","","","","","","","","","","","","","","","","","","","","","","","","","","","","","","","","","","","","","","","","","","","","","","","","","","","","","","","","","","","","","","","","","","","","","","","","","","","","","","","","","","","","","","","","","","","","","","","","","","","","","","","","","","","","","","","","",""
"28070001","CHARTRES",48.4605,1.501167,155,1983092700,"","","","",1.,1,60,1,"","","","","","","","","","","","","","","","","","","","","","","","","","","","",10.9,1,9.,1,"","","","","","","","","","","","","","","","","","","","","","","","","","",90,1,"","","","","","","","","","","","",11.7,1,1028.4,1,"","","","","","","","","","","","","","","","","","","","","","","","","","","","","","","","","","","","","","","","","","","","","","","","","","","","","","","","","","","","","","","","","","","","","","","","","","","","","","","","","","","","","","","","","","","","","","","","","","","","","","","","","","","","","","","","","",""
"28070001","CHARTRES",48.4605,1.501167,155,1983092703,"","","","",2.,1,20,1,"","","","","","","","","","","","","","","","","","","","","","","","","","","","",8.8,1,8.2,1,"","","","","","","","","","","","","","","","","","","","","","","","","","",98,1,"","","","","","","","","","","","",11.1,1,1027.4,1,"","","","","","","","","","","","","","","","","","","","","","","","","","","","","","","","","","","","","","","","","","","","","","","","","","","","","","","","","","","","","","","","","","","","","","","","","","","","","","","","","","","","","","","","","","","","","","","","","","","","","","","","","","","","","","","","","",""
"28070001","CHARTRES",48.4605,1.501167,155,1983092706,"","","","",1.,1,40,1,"","","","","","","","","","","","","","","","","","","","","","","","","","","","",9.1,1,8.3,1,"","","","","","","","","","","","","","","","","","","","","","","","","","",97,1,"","","","","","","","","","","","",11.2,1,1027.,1,"","","","","","",1,1,0,1,0,1,0,1,1,1,"","","","","","","","","","","","","","","","","","","","","","","","",12000,1,"","",0,1,"","","","",1,1,"","","","","","","","","","","","","","","","","","","","","","","","","","","","","","","","","","","","","","","","","","","","","","","","","","","","","","","","","","","","","",""
"28070001","CHARTRES",48.4605,1.501167,155,1983092709,"","","","",3.,1,80,1,"","","","","","","","","","","","","","","","","","","","","","","","","","","","",17.,1,11.1,1,"","","","","","","","","","","","","","","","","","","","","","","","","","",70,1,"","","","","","","","","","","","",13.5,1,1026.,1,"","","","","","",4,1,0,1,0,1,0,1,2,1,"","","","","","","","","","","","","","","","","","","","","","","","",15000,1,"","",3,1,0,1,"","","","","","","","","","","","","","","","","","","","","","","","","","","","","","","","","","","","","","","","","","","","","","","","","","","","","","","","","","","","","","","","","",""
"28070001","CHARTRES",48.4605,1.501167,155,1983092712,"","","","",5.,1,100,1,"","","","","","","","","","","","","","","","","","","","","","","","","","","","",23.6,1,11.2,1,"","","","","","","","","","","","","","","","","","","","","","","","","","",47,1,"","","","","","","","","","","","",13.6,1,1024.1,1,"","","","","","",5,1,5,1,0,1,0,1,2,1,"","","","","","","","","","","","","","","","","","","","","","","","",25000,1,"","",3,1,1,1,"","","","","","","","","","","","","","","","","","","","","","","","","","","","","","","","","","","","","","","","","","","","","","","","","","","","","","","","","","","","","","","","","",""
"28070001","CHARTRES",48.4605,1.501167,155,1983092715,"","","","",4.,1,100,1,"","","","","","","","","","","","","","","","","","","","","","","","","","","","",24.1,1,11.8,1,"","","","","","","","","","","","","","","","","","","","","","","","","","",47,1,"","","","","","","","","","","","",14.2,1,1022.4,1,"","","","","","",6,1,6,1,0,1,0,1,2,1,"","","","","","","","","","","","","","","","","","","","","","","","",25000,1,"","",2,1,2,1,"","","","","","","","","","","","","","","","","","","","","","","","","","","","","","","","","","","","","","","","","","","","","","","","","","","","","","","","","","","","","","","","","",""
"28070001","CHARTRES",48.4605,1.501167,155,1983092718,"","","","",2.,1,100,1,"","","","","","","","","","","","","","","","","","","","","","","","","","","","",18.3,1,10.5,1,"","","","","","","","","","","","","","","","","","","","","","","","","","",62,1,"","","","","","","","","","","","",13.,1,1022.3,1,"","","","","","","","",6,1,"","","","","","","","","","","","","","","","","","","","","","","","","","","","","","","","","","","","","","","","","","","","","","","","","","","","","","","","","","","","","","","","","","","","","","","","","","","","","","","","","","","","","","","","","","","","","","","","","","","","","","","",""
"28070001","CHARTRES",48.4605,1.501167,155,1983092721,"","","","",2.,1,100,1,"","","","","","","","","","","","","","","","","","","","","","","","","","","","",12.3,1,9.7,1,"","","","","","","","","","","","","","","","","","","","","","","","","","",86,1,"","","","","","","","","","","","",12.3,1,1022.6,1,"","","","","","","","",6,1,"","","","","","","","","","","","","","","","","","","","","","","","","","","","","","","","","","","","","","","","","","","","","","","","","","","","","","","","","","","","","","","","","","","","","","","","","","","","","","","","","","","","","","","","","","","","","","","","","","","","","","","",""
"28070001","CHARTRES",48.4605,1.501167,155,1983092800,"","","","",2.,1,80,1,"","","","","","","","","","","","","","","","","","","","","","","","","","","","",10.2,1,9.,1,"","","","","","","","","","","","","","","","","","","","","","","","","","",94,1,"","","","","","","","","","","","",11.7,1,1021.1,1,"","","","","","","","",6,1,"","","","","","","","","","","","","","","","","","","","","","","","","","","","","","","","","","","","","","","","","","","","","","","","","","","","","","","","","","","","","","","","","","","","","","","","","","","","","","","","","","","","","","","","","","","","","","","","","","","","","","","",""
"28070001","CHARTRES",48.4605,1.501167,155,1983092803,"","","","",1.,1,20,1,"","","","","","","","","","","","","","","","","","","","","","","","","","","","",8.3,1,7.7,1,"","","","","","","","","","","","","","","","","","","","","","","","","","",98,1,"","","","","","","","","","","","",10.7,1,1020.4,1,"","","","","","","","",6,1,"","","","","","","","","","","","","","","","","","","","","","","","","","","","","","","","","","","","","","","","","","","","","","","","","","","","","","","","","","","","","","","","","","","","","","","","","","","","","","","","","","","","","","","","","","","","","","","","","","","","","","","",""
"28070001","CHARTRES",48.4605,1.501167,155,1983092806,"","","","",1.,1,100,1,"","","","","","","","","","","","","","","","","","","","","","","","","","","","",7.6,1,6.7,1,"","","","","","","","","","","","","","","","","","","","","","","","","","",96,1,"","","","","","","","","","","","",10.,1,1019.8,1,"","","","","","",3,1,0,1,0,1,0,1,1,1,"","","","","","","","","","","","","","","","","","","","","","","","",10000,1,"","",0,1,"","","","",1,1,"","","","","","","","","","","","","","","","","","","","","","","","","","","","","","","","","","","","","","","","","","","","","","","","","","","","","","","","","","","","","",""
"28070001","CHARTRES",48.4605,1.501167,155,1983092809,"","","","",2.,1,160,1,"","","","","","","","","","","","","","","","","","","","","","","","","","","","",15.9,1,12.,1,"","","","","","","","","","","","","","","","","","","","","","","","","","",80,1,"","","","","","","","","","","","",14.4,1,1019.2,1,"","","","","","",2,1,0,1,0,1,0,1,1,1,"","","","","","","","","","","","","","","","","","","","","","","","",12000,1,"","",2,1,0,1,"","","","","","","","","","","","","","","","","","","","","","","","","","","","","","","","","","","","","","","","","","","","","","","","","","","","","","","","","","","","","","","","","",""
"28070001","CHARTRES",48.4605,1.501167,155,1983092812,"","","","",3.,1,220,1,"","","","","","","","","","","","","","","","","","","","","","","","","","","","",22.5,1,15.9,1,"","","","","","","","","","","","","","","","","","","","","","","","","","",69,1,"","","","","","","","","","","","",18.7,1,1017.8,1,"","","","","","",1,1,0,1,0,1,0,1,1,1,"","","","","","","","","","","","","","","","","","","","","","","","",20000,1,"","",2,1,0,1,"","","","","","","","","","","","","","","","","","","","","","","","","","","","","","","","","","","","","","","","","","","","","","","","","","","","","","","","","","","","","","","","","",""
"28070001","CHARTRES",48.4605,1.501167,155,1983092815,"","","","",3.,1,260,1,"","","","","","","","","","","","","","","","","","","","","","","","","","","","",24.5,1,15.7,1,"","","","","","","","","","","","","","","","","","","","","","","","","","",60,1,"","","","","","","","","","","","",18.4,1,1016.,1,"","","","","","",1,1,0,1,0,1,0,1,1,1,"","","","","","","","","","","","","","","","","","","","","","","","",25000,1,"","",2,1,0,1,"","","","","","","","","","","","","","","","","","","","","","","","","","","","","","","","","","","","","","","","","","","","","","","","","","","","","","","","","","","","","","","","","",""
"28070001","CHARTRES",48.4605,1.501167,155,1983092818,"","","","",1.,1,280,1,"","","","","","","","","","","","","","","","","","","","","","","","","","","","",21.6,1,13.8,1,"","","","","","","","","","","","","","","","","","","","","","","","","","",63,1,"","","","","","","","","","","","",16.2,1,1016.1,1,"","","","","","","","",0,1,"","","","","","","","","","","","","","","","","","","","","","","","","","","","","","","","","","","","","","","","","","","","","","","","","","","","","","","","","","","","","","","","","","","","","","","","","","","","","","","","","","","","","","","","","","","","","","","","","","","","","","","",""
"28070001","CHARTRES",48.4605,1.501167,155,1983092821,"","","","",1.,1,240,1,"","","","","","","","","","","","","","","","","","","","","","","","","","","","",14.5,1,12.9,1,"","","","","","","","","","","","","","","","","","","","","","","","","","",93,1,"","","","","","","","","","","","",15.3,1,1016.7,1,"","","","","","","","",0,1,"","","","","","","","","","","","","","","","","","","","","","","","","","","","","","","","","","","","","","","","","","","","","","","","","","","","","","","","","","","","","","","","","","","","","","","","","","","","","","","","","","","","","","","","","","","","","","","","","","","","","","","",""
"28070001","CHARTRES",48.4605,1.501167,155,1983092900,"","","","",0.,1,0,1,"","","","","","","","","","","","","","","","","","","","","","","","","","","","",11.7,1,11.1,1,"","","","","","","","","","","","","","","","","","","","","","","","","","",98,1,"","","","","","","","","","","","",13.5,1,1016.9,1,"","","","","","","","",0,1,"","","","","","","","","","","","","","","","","","","","","","","","","","","","","","","","","","","","","","","","","","","","","","","","","","","","","","","","","","","","","","","","","","","","","","","","","","","","","","","","","","","","","","","","","","","","","","","","","","","","","","","",""
"28070001","CHARTRES",48.4605,1.501167,155,1983092903,"","","","",0.,1,0,1,"","","","","","","","","","","","","","","","","","","","","","","","","","","","",10.1,1,10.1,1,"","","","","","","","","","","","","","","","","","","","","","","","","","",99,1,"","","","","","","","","","","","",12.2,1,1016.5,1,"","","","","","","","",0,1,"","","","","","","","","","","","","","","","","","","","","","","","","","","","","","","","","","","","","","","","","","","","","","","","","","","","","","","","","","","","","","","","","","","","","","","","","","","","","","","","","","","","","","","","","","","","","","","","","","","","","","","",""
"28070001","CHARTRES",48.4605,1.501167,155,1983092906,"","","","",0.,1,0,1,"","","","","","","","","","","","","","","","","","","","","","","","","","","","",8.9,1,8.9,1,"","","","","","","","","","","","","","","","","","","","","","","","","","",99,1,"","","","","","","","","","","","",11.2,1,1016.2,1,"","","","","","",0,1,"","",0,1,0,1,0,1,"","","","","","","","","","","","","","","","","","","","","","","","",2000,1,"","",10,1,"","","","",1,1,"","","","","","","","","","","","","","","","","","","","","","","","","","","","","","","","","","","","","","","","","","","","","","","","","","","","","","","","","","","","","",""
"28070001","CHARTRES",48.4605,1.501167,155,1983092909,"","","","",2.,1,220,1,"","","","","","","","","","","","","","","","","","","","","","","","","","","","",17.,1,14.5,1,"","","","","","","","","","","","","","","","","","","","","","","","","","",88,1,"","","","","","","","","","","","",17.,1,1015.7,1,"","","","","","",0,1,"","",0,1,0,1,0,1,"","","","","","","","","","","","","","","","","","","","","","","","",4500,1,"","",10,1,0,1,"","","","","","","","","","","","","","","","","","","","","","","","","","","","","","","","","","","","","","","","","","","","","","","","","","","","","","","","","","","","","","","","","",""
"28070001","CHARTRES",48.4605,1.501167,155,1983092912,"","","","",2.,1,240,1,"","","","","","","","","","","","","","","","","","","","","","","","","","","","",25.1,1,14.1,1,"","","","","","","","","","","","","","","","","","","","","","","","","","",52,1,"","","","","","","","","","","","",16.6,1,1014.5,1,"","","","","","",1,1,0,1,0,1,0,1,1,1,"","","","","","","","","","","","","","","","","","","","","","","","",10000,1,"","",1,1,0,1,"","","","","","","","","","","","","","","","","","","","","","","","","","","","","","","","","","","","","","","","","","","","","","","","","","","","","","","","","","","","","","","","","",""
"28070001","CHARTRES",48.4605,1.501167,155,1983092915,"","","","",3.,1,240,1,"","","","","","","","","","","","","","","","","","","","","","","","","","","","",25.7,1,14.5,1,"","","","","","","","","","","","","","","","","","","","","","","","","","",52,1,"","","","","","","","","","","","",17.,1,1013.5,1,"","","","","","",1,1,0,1,0,1,0,1,1,1,"","","","","","","","","","","","","","","","","","","","","","","","",15000,1,"","",2,1,0,1,"","","","","","","","","","","","","","","","","","","","","","","","","","","","","","","","","","","","","","","","","","","","","","","","","","","","","","","","","","","","","","","","","",""
"28070001","CHARTRES",48.4605,1.501167,155,1983092918,"","","","",1.,1,280,1,"","","","","","","","","","","","","","","","","","","","","","","","","","","","",22.6,1,15.2,1,"","","","","","","","","","","","","","","","","","","","","","","","","","",65,1,"","","","","","","","","","","","",17.8,1,1013.3,1,"","","","","","","","",0,1,"","","","","","","","","","","","","","","","","","","","","","","","","","","","","","","","","","","","","","","","","","","","","","","","","","","","","","","","","","","","","","","","","","","","","","","","","","","","","","","","","","","","","","","","","","","","","","","","","","","","","","","",""
"28070001","CHARTRES",48.4605,1.501167,155,1983092921,"","","","",0.,1,0,1,"","","","","","","","","","","","","","","","","","","","","","","","","","","","",15.1,1,13.,1,"","","","","","","","","","","","","","","","","","","","","","","","","","",90,1,"","","","","","","","","","","","",15.4,1,1014.6,1,"","","","","","","","",0,1,"","","","","","","","","","","","","","","","","","","","","","","","","","","","","","","","","","","","","","","","","","","","","","","","","","","","","","","","","","","","","","","","","","","","","","","","","","","","","","","","","","","","","","","","","","","","","","","","","","","","","","","",""
"28070001","CHARTRES",48.4605,1.501167,155,1983093000,"","","","",1.,1,280,1,"","","","","","","","","","","","","","","","","","","","","","","","","","","","",12.3,1,11.5,1,"","","","","","","","","","","","","","","","","","","","","","","","","","",97,1,"","","","","","","","","","","","",13.9,1,1015.,1,"","","","","","","","",0,1,"","","","","","","","","","","","","","","","","","","","","","","","","","","","","","","","","","","","","","","","","","","","","","","","","","","","","","","","","","","","","","","","","","","","","","","","","","","","","","","","","","","","","","","","","","","","","","","","","","","","","","","",""
"28070001","CHARTRES",48.4605,1.501167,155,1983093003,"","","","",2.,1,280,1,"","","","","","","","","","","","","","","","","","","","","","","","","","","","",12.1,1,10.9,1,"","","","","","","","","","","","","","","","","","","","","","","","","","",95,1,"","","","","","","","","","","","",13.4,1,1015.,1,"","","","","","","","",0,1,"","","","","","","","","","","","","","","","","","","","","","","","","","","","","","","","","","","","","","","","","","","","","","","","","","","","","","","","","","","","","","","","","","","","","","","","","","","","","","","","","","","","","","","","","","","","","","","","","","","","","","","",""
"28070001","CHARTRES",48.4605,1.501167,155,1983093006,"","","","",2.,1,280,1,"","","","","","","","","","","","","","","","","","","","","","","","","","","","",12.1,1,10.9,1,"","","","","","","","","","","","","","","","","","","","","","","","","","",95,1,"","","","","","","","","","","","",13.4,1,1015.2,1,"","","","","","",4,1,0,1,0,1,3,1,1,1,"","","","","","","","","","","","","","","","","","","","","","","","",10000,1,"","",0,1,"","","","",1,1,"","","","","","","","","","","","","","","","","","","","","","","","","","","","","","","","","","","","","","","","","","","","","","","","","","","","","","","","","","","","","",""
"28070001","CHARTRES",48.4605,1.501167,155,1983093009,"","","","",2.,1,280,1,"","","","","","","","","","","","","","","","","","","","","","","","","","","","",19.8,1,14.6,1,"","","","","","","","","","","","","","","","","","","","","","","","","","",74,1,"","","","","","","","","","","","",17.1,1,1016.1,1,"","","","","","",1,1,0,1,0,1,0,1,1,1,"","","","","","","","","","","","","","","","","","","","","","","","",15000,1,"","",2,1,0,1,"","","","","","","","","","","","","","","","","","","","","","","","","","","","","","","","","","","","","","","","","","","","","","","","","","","","","","","","","","","","","","","","","",""
"28070001","CHARTRES",48.4605,1.501167,155,1983093012,"","","","",1.,1,260,1,"","","","","","","","","","","","","","","","","","","","","","","","","","","","",26.2,1,16.,1,"","","","","","","","","","","","","","","","","","","","","","","","","","",55,1,"","","","","","","","","","","","",18.8,1,1015.9,1,"","","","","","",1,1,0,1,1,1,0,1,1,1,"","","","","","","","","","","","","","","","","","","","","","","","",20000,1,"","",3,1,0,1,"","","","","","","","","","","","","","","","","","","","","","","","","","","","","","","","","","","","","","","","","","","","","","","","","","","","","","","","","","","","","","","","","",""
"28070001","CHARTRES",48.4605,1.501167,155,1983093015,"","","","",2.,1,320,1,"","","","","","","","","","","","","","","","","","","","","","","","","","","","",26.2,1,16.4,1,"","","","","","","","","","","","","","","","","","","","","","","","","","",57,1,"","","","","","","","","","","","",19.3,1,1015.8,1,"","","","","","",1,1,0,1,1,1,0,1,0,1,"","","","","","","","","","","","","","","","","","","","","","","","",20000,1,"","",1,1,0,1,"","","","","","","","","","","","","","","","","","","","","","","","","","","","","","","","","","","","","","","","","","","","","","","","","","","","","","","","","","","","","","","","","",""
"28070001","CHARTRES",48.4605,1.501167,155,1983093018,"","","","",2.,1,40,1,"","","","","","","","","","","","","","","","","","","","","","","","","","","","",22.7,1,14.,1,"","","","","","","","","","","","","","","","","","","","","","","","","","",60,1,"","","","","","","","","","","","",16.5,1,1017.5,1,"","","","","","","","",0,1,"","","","","","","","","","","","","","","","","","","","","","","","","","","","","","","","","","","","","","","","","","","","","","","","","","","","","","","","","","","","","","","","","","","","","","","","","","","","","","","","","","","","","","","","","","","","","","","","","","","","","","","",""
"28070001","CHARTRES",48.4605,1.501167,155,1983093021,"","","","",2.,1,80,1,"","","","","","","","","","","","","","","","","","","","","","","","","","","","",16.2,1,15.1,1,"","","","","","","","","","","","","","","","","","","","","","","","","","",96,1,"","","","","","","","","","","","",17.7,1,1019.8,1,"","","","","","","","",0,1,"","","","","","","","","","","","","","","","","","","","","","","","","","","","","","","","","","","","","","","","","","","","","","","","","","","","","","","","","","","","","","","","","","","","","","","","","","","","","","","","","","","","","","","","","","","","","","","","","","","","","","","",""
"28070001","CHARTRES",48.4605,1.501167,155,1983100100,"","","","",1.,1,120,1,"","","","","","","","","","","","","","","","","","","","","","","","","","","","",13.6,1,13.6,1,"","","","","","","","","","","","","","","","","","","","","","","","","","",100,1,"","","","","","","","","","","","",15.6,1,1020.6,1,"","","","","","","","","","","","","","","","","","","","","","","","","","","","","","","","","","","","","","","","","","","","","","","","","","","","","","","","","","","","","","","","","","","","","","","","","","","","","","","","","","","","","","","","","","","","","","","","","","","","","","","","","","","","","","","","","",""
"28070001","CHARTRES",48.4605,1.501167,155,1983100103,"","","","",1.,1,120,1,"","","","","","","","","","","","","","","","","","","","","","","","","","","","",12.1,1,12.1,1,"","","","","","","","","","","","","","","","","","","","","","","","","","",100,1,"","","","","","","","","","","","",14.1,1,1021.6,1,"","","","","","","","","","","","","","","","","","","","","","","","","","","","","","","","","","","","","","","","","","","","","","","","","","","","","","","","","","","","","","","","","","","","","","","","","","","","","","","","","","","","","","","","","","","","","","","","","","","","","","","","","","","","","","","","","",""
"28070001","CHARTRES",48.4605,1.501167,155,1983100106,"","","","",1.,1,120,1,"","","","","","","","","","","","","","","","","","","","","","","","","","","","",12.,1,12.,1,"","","","","","","","","","","","","","","","","","","","","","","","","","",100,1,"","","","","","","","","","","","",14.,1,1021.9,1,"","","","","","",9,1,"","","","","","","","","","","","","","","","","","","","","","","","","","","","","","","","",200,1,"","",45,1,"","","","",1,1,"","","","","","","","","","","","","","","","","","","","","","","","","","","","","","","","","","","","","","","","","","","","","","","","","","","","","","","","","","","","","",""
"28070001","CHARTRES",48.4605,1.501167,155,1983100109,"","","","",1.,1,200,1,"","","","","","","","","","","","","","","","","","","","","","","","","","","","",13.1,1,13.1,1,"","","","","","","","","","","","","","","","","","","","","","","","","","",99,1,"","","","","","","","","","","","",14.9,1,1023.4,1,"","","","","","",9,1,"","","","","","","","","","","","","","","","","","","","","","","","","","","","","","","","",300,1,"","",43,1,4,1,"","","","","","","","","","","","","","","","","","","","","","","","","","","","","","","","","","","","","","","","","","","","","","","","","","","","","","","","","","","","","","","","","",""
"28070001","CHARTRES",48.4605,1.501167,155,1983100112,"","","","",2.,1,280,1,"","","","","","","","","","","","","","","","","","","","","","","","","","","","",16.,1,15.2,1,"","","","","","","","","","","","","","","","","","","","","","","","","","",98,1,"","","","","","","","","","","","",17.8,1,1023.9,1,"","","","","","","","","","","","","","","","","","","","","","","","","","","","","","","","","","","","","","","","","","","","","","","","","","","","","","","","","","","","","","","","","","","","","","","","","","","","","","","","","","","","","","","","","","","","","","","","","","","","","","","","","","","","","","","","","",""
"28070001","CHARTRES",48.4605,1.501167,155,1983100115,"","","","",2.,1,280,1,"","","","","","","","","","","","","","","","","","","","","","","","","","","","",20.1,1,17.,1,"","","","","","","","","","","","","","","","","","","","","","","","","","",85,1,"","","","","","","","","","","","",20.,1,1023.4,1,"","","","","","","","","","","","","","","","","","","","","","","","","","","","","","","","","","","","","","","","","","","","","","","","","","","","","","","","","","","","","","","","","","","","","","","","","","","","","","","","","","","","","","","","","","","","","","","","","","","","","","","","","","","","","","","","","",""
"28070001","CHARTRES",48.4605,1.501167,155,1983100118,"","","","",3.,1,240,1,"","","","","","","","","","","","","","","","","","","","","","","","","","","","",17.,1,15.2,1,"","","","","","","","","","","","","","","","","","","","","","","","","","",92,1,"","","","","","","","","","","","",17.8,1,1023.9,1,"","","","","","","","","","","","","","","","","","","","","","","","","","","","","","","","","","","","","","","","","","","","","","","","","","","","","","","","","","","","","","","","","","","","","","","","","","","","","","","","","","","","","","","","","","","","","","","","","","","","","","","","","","","","","","","","","",""
"28070001","CHARTRES",48.4605,1.501167,155,1983100121,"","","","",2.,1,260,1,"","","","","","","","","","","","","","","","","","","","","","","","","","","","",15.1,1,14.1,1,"","","","","","","","","","","","","","","","","","","","","","","","","","",97,1,"","","","","","","","","","","","",16.6,1,1024.3,1,"","","","","","","","","","","","","","","","","","","","","","","","","","","","","","","","","","","","","","","","","","","","","","","","","","","","","","","","","","","","","","","","","","","","","","","","","","","","","","","","","","","","","","","","","","","","","","","","","","","","","","","","","","","","","","","","","",""
"28070001","CHARTRES",48.4605,1.501167,155,1983100200,"","","","",3.,1,220,1,"","","","","","","","","","","","","","","","","","","","","","","","","","","","",15.,1,14.2,1,"","","","","","","","","","","","","","","","","","","","","","","","","","",98,1,"","","","","","","","","","","","",16.7,1,1024.1,1,"","","","","","","","","","","","","","","","","","","","","","","","","","","","","","","","","","","","","","","","","","","","","","","","","","","","","","","","","","","","","","","","","","","","","","","","","","","","","","","","","","","","","","","","","","","","","","","","","","","","","","","","","","","","","","","","","",""
"28070001","CHARTRES",48.4605,1.501167,155,1983100203,"","","","",2.,1,240,1,"","","","","","","","","","","","","","","","","","","","","","","","","","","","",15.1,1,14.3,1,"","","","","","","","","","","","","","","","","","","","","","","","","","",98,1,"","","","","","","","","","","","",16.8,1,1024.6,1,"","","","","","","","","","","","","","","","","","","","","","","","","","","","","","","","","","","","","","","","","","","","","","","","","","","","","","","","","","","","","","","","","","","","","","","","","","","","","","","","","","","","","","","","","","","","","","","","","","","","","","","","","","","","","","","","","",""
"28070001","CHARTRES",48.4605,1.501167,155,1983100206,"","","","",1.,1,220,1,"","","","","","","","","","","","","","","","","","","","","","","","","","","","",14.,1,13.2,1,"","","","","","","","","","","","","","","","","","","","","","","","","","",98,1,"","","","","","","","","","","","",15.6,1,1024.9,1,"","","","","","",7,1,5,1,5,1,8,1,"","","","","","","","","","","","","","","","","","","","","","","","","","",5000,1,"","",0,1,"","","","",1,1,"","","","","","","","","","","","","","","","","","","","","","","","","","","","","","","","","","","","","","","","","","","","","","","","","","","","","","","","","","","","","",""
"28070001","CHARTRES",48.4605,1.501167,155,1983100209,"","","","",5.,1,240,1,"","","","","","","","","","","","","","","","","","","","","","","","","","","","",16.3,1,14.9,1,"","","","","","","","","","","","","","","","","","","","","","","","","","",95,1,"","","","","","","","","","","","",17.5,1,1025.3,1,"","","","","","",7,1,7,1,6,1,"","","","","","","","","","","","","","","","","","","","","","","","","","","","",8000,1,"","",3,1,2,1,"","","","","","","","","","","","","","","","","","","","","","","","","","","","","","","","","","","","","","","","","","","","","","","","","","","","","","","","","","","","","","","","","",""
"28070001","CHARTRES",48.4605,1.501167,155,1983100212,"","","","",4.,1,260,1,"","","","","","","","","","","","","","","","","","","","","","","","","","","","",17.3,1,15.9,1,"","","","","","","","","","","","","","","","","","","","","","","","","","",95,1,"","","","","","","","","","","","",18.7,1,1025.,1,"","","","","","","","",7,1,"","","","","","","","","","","","","","","","","","","","","","","","","","","","","","","","","","","","","","","","","","","","","","","","","","","","","","","","","","","","","","","","","","","","","","","","","","","","","","","","","","","","","","","","","","","","","","","","","","","","","","","",""
"28070001","CHARTRES",48.4605,1.501167,155,1983100215,"","","","",5.,1,240,1,"","","","","","","","","","","","","","","","","","","","","","","","","","","","",18.7,1,16.6,1,"","","","","","","","","","","","","","","","","","","","","","","","","","",91,1,"","","","","","","","","","","","",19.6,1,1024.5,1,"","","","","","","","",7,1,"","","","","","","","","","","","","","","","","","","","","","","","","","","","","","","","","","","","","","","","","","","","","","","","","","","","","","","","","","","","","","","","","","","","","","","","","","","","","","","","","","","","","","","","","","","","","","","","","","","","","","","",""
"28070001","CHARTRES",48.4605,1.501167,155,1983100218,"","","","",3.,1,220,1,"","","","","","","","","","","","","","","","","","","","","","","","","","","","",18.7,1,16.5,1,"","","","","","","","","","","","","","","","","","","","","","","","","","",90,1,"","","","","","","","","","","","",19.4,1,1024.4,1,"","","","","","","","",7,1,"","","","","","","","","","","","","","","","","","","","","","","","","","","","","","","","","","","","","","","","","","","","","","","","","","","","","","","","","","","","","","","","","","","","","","","","","","","","","","","","","","","","","","","","","","","","","","","","","","","","","","","",""
"28070001","CHARTRES",48.4605,1.501167,155,1983100221,"","","","",3.,1,240,1,"","","","","","","","","","","","","","","","","","","","","","","","","","","","",16.9,1,16.1,1,"","","","","","","","","","","","","","","","","","","","","","","","","","",98,1,"","","","","","","","","","","","",18.9,1,1024.8,1,"","","","","","","","",7,1,"","","","","","","","","","","","","","","","","","","","","","","","","","","","","","","","","","","","","","","","","","","","","","","","","","","","","","","","","","","","","","","","","","","","","","","","","","","","","","","","","","","","","","","","","","","","","","","","","","","","","","","",""
"28070001","CHARTRES",48.4605,1.501167,155,1983100300,"","","","",4.,1,240,1,"","","","","","","","","","","","","","","","","","","","","","","","","","","","",17.,1,17.,1,"","","","","","","","","","","","","","","","","","","","","","","","","","",99,1,"","","","","","","","","","","","",19.2,1,1024.6,1,"","","","","","","","",7,1,"","","","","","","","","","","","","","","","","","","","","","","","","","","","","","","","","","","","","","","","","","","","","","","","","","","","","","","","","","","","","","","","","","","","","","","","","","","","","","","","","","","","","","","","","","","","","","","","","","","","","","","",""
"28070001","CHARTRES",48.4605,1.501167,155,1983100303,"","","","",2.,1,220,1,"","","","","","","","","","","","","","","","","","","","","","","","","","","","",16.3,1,16.3,1,"","","","","","","","","","","","","","","","","","","","","","","","","","",99,1,"","","","","","","","","","","","",18.3,1,1024.3,1,"","","","","","","","",7,1,"","","","","","","","","","","","","","","","","","","","","","","","","","","","","","","","","","","","","","","","","","","","","","","","","","","","","","","","","","","","","","","","","","","","","","","","","","","","","","","","","","","","","","","","","","","","","","","","","","","","","","","",""
"28070001","CHARTRES",48.4605,1.501167,155,1983100306,"","","","",2.,1,200,1,"","","","","","","","","","","","","","","","","","","","","","","","","","","","",14.9,1,14.9,1,"","","","","","","","","","","","","","","","","","","","","","","","","","",100,1,"","","","","","","","","","","","",16.9,1,1024.3,1,"","","","","","",9,1,"","","","","","","","","","","","","","","","","","","","","","","","","","","","","","","","",200,1,"","",45,1,"","","","",1,1,"","","","","","","","","","","","","","","","","","","","","","","","","","","","","","","","","","","","","","","","","","","","","","","","","","","","","","","","","","","","","",""
"28070001","CHARTRES",48.4605,1.501167,155,1983100309,"","","","",4.,1,200,1,"","","","","","","","","","","","","","","","","","","","","","","","","","","","",19.,1,16.3,1,"","","","","","","","","","","","","","","","","","","","","","","","","","",87,1,"","","","","","","","","","","","",19.2,1,1024.2,1,"","","","","","",3,1,0,1,0,1,0,1,1,1,"","","","","","","","","","","","","","","","","","","","","","","","",15000,1,"","",1,1,4,1,"","","","","","","","","","","","","","","","","","","","","","","","","","","","","","","","","","","","","","","","","","","","","","","","","","","","","","","","","","","","","","","","","",""
"28070001","CHARTRES",48.4605,1.501167,155,1983100312,"","","","",5.,1,240,1,"","","","","","","","","","","","","","","","","","","","","","","","","","","","",24.8,1,16.9,1,"","","","","","","","","","","","","","","","","","","","","","","","","","",64,1,"","","","","","","","","","","","",19.9,1,1022.7,1,"","","","","","",3,1,0,1,1,1,0,1,1,1,"","","","","","","","","","","","","","","","","","","","","","","","",15000,1,"","",2,1,4,1,"","","","","","","","","","","","","","","","","","","","","","","","","","","","","","","","","","","","","","","","","","","","","","","","","","","","","","","","","","","","","","","","","",""
"28070001","CHARTRES",48.4605,1.501167,155,1983100315,"","","","",4.,1,220,1,"","","","","","","","","","","","","","","","","","","","","","","","","","","","",25.6,1,17.5,1,"","","","","","","","","","","","","","","","","","","","","","","","","","",63,1,"","","","","","","","","","","","",20.7,1,1020.7,1,"","","","","","","","",0,1,"","","","","","","","","","","","","","","","","","","","","","","","","","","","","","","","","","","","","","","","","","","","","","","","","","","","","","","","","","","","","","","","","","","","","","","","","","","","","","","","","","","","","","","","","","","","","","","","","","","","","","","",""
"28070001","CHARTRES",48.4605,1.501167,155,1983100318,"","","","",3.,1,220,1,"","","","","","","","","","","","","","","","","","","","","","","","","","","","",21.4,1,15.6,1,"","","","","","","","","","","","","","","","","","","","","","","","","","",72,1,"","","","","","","","","","","","",18.3,1,1021.,1,"","","","","","","","",0,1,"","","","","","","","","","","","","","","","","","","","","","","","","","","","","","","","","","","","","","","","","","","","","","","","","","","","","","","","","","","","","","","","","","","","","","","","","","","","","","","","","","","","","","","","","","","","","","","","","","","","","","","",""
"28070001","CHARTRES",48.4605,1.501167,155,1983100321,"","","","",3.,1,200,1,"","","","","","","","","","","","","","","","","","","","","","","","","","","","",18.3,1,15.6,1,"","","","","","","","","","","","","","","","","","","","","","","","","","",87,1,"","","","","","","","","","","","",18.3,1,1020.9,1,"","","","","","","","",0,1,"","","","","","","","","","","","","","","","","","","","","","","","","","","","","","","","","","","","","","","","","","","","","","","","","","","","","","","","","","","","","","","","","","","","","","","","","","","","","","","","","","","","","","","","","","","","","","","","","","","","","","","",""
"28070001","CHARTRES",48.4605,1.501167,155,1983100400,"","","","",4.,1,220,1,"","","","","","","","","","","","","","","","","","","","","","","","","","","","",17.9,1,16.9,1,"","","","","","","","","","","","","","","","","","","","","","","","","","",97,1,"","","","","","","","","","","","",19.9,1,1019.3,1,"","","","","","","","",0,1,"","","","","","","","","","","","","","","","","","","","","","","","","","","","","","","","","","","","","","","","","","","","","","","","","","","","","","","","","","","","","","","","","","","","","","","","","","","","","","","","","","","","","","","","","","","","","","","","","","","","","","","",""
"28070001","CHARTRES",48.4605,1.501167,155,1983100403,"","","","",3.,1,220,1,"","","","","","","","","","","","","","","","","","","","","","","","","","","","",15.2,1,14.4,1,"","","","","","","","","","","","","","","","","","","","","","","","","","",98,1,"","","","","","","","","","","","",16.9,1,1018.4,1,"","","","","","","","",0,1,"","","","","","","","","","","","","","","","","","","","","","","","","","","","","","","","","","","","","","","","","","","","","","","","","","","","","","","","","","","","","","","","","","","","","","","","","","","","","","","","","","","","","","","","","","","","","","","","","","","","","","","",""
"28070001","CHARTRES",48.4605,1.501167,155,1983100406,"","","","",3.,1,200,1,"","","","","","","","","","","","","","","","","","","","","","","","","","","","",14.,1,13.2,1,"","","","","","","","","","","","","","","","","","","","","","","","","","",98,1,"","","","","","","","","","","","",15.6,1,1017.7,1,"","","","","","",3,1,0,1,0,1,0,1,1,1,"","","","","","","","","","","","","","","","","","","","","","","","",6000,1,"","",0,1,"","","","",1,1,"","","","","","","","","","","","","","","","","","","","","","","","","","","","","","","","","","","","","","","","","","","","","","","","","","","","","","","","","","","","","",""
"28070001","CHARTRES",48.4605,1.501167,155,1983100409,"","","","",5.,1,220,1,"","","","","","","","","","","","","","","","","","","","","","","","","","","","",19.,1,13.8,1,"","","","","","","","","","","","","","","","","","","","","","","","","","",74,1,"","","","","","","","","","","","",16.2,1,1017.5,1,"","","","","","",5,1,5,1,0,1,0,1,1,1,"","","","","","","","","","","","","","","","","","","","","","","","",10000,1,"","",2,1,1,1,"","","","","","","","","","","","","","","","","","","","","","","","","","","","","","","","","","","","","","","","","","","","","","","","","","","","","","","","","","","","","","","","","",""
"28070001","CHARTRES",48.4605,1.501167,155,1983100412,"","","","",7.,1,220,1,"","","","","","","","","","","","","","","","","","","","","","","","","","","","",24.2,1,16.1,1,"","","","","","","","","","","","","","","","","","","","","","","","","","",63,1,"","","","","","","","","","","","",18.9,1,1015.9,1,"","","","","","",5,1,5,1,0,1,0,1,1,1,"","","","","","","","","","","","","","","","","","","","","","","","",15000,1,"","",2,1,1,1,"","","","","","","","","","","","","","","","","","","","","","","","","","","","","","","","","","","","","","","","","","","","","","","","","","","","","","","","","","","","","","","","","",""
"28070001","CHARTRES",48.4605,1.501167,155,1983100415,"","","","",7.,1,240,1,"","","","","","","","","","","","","","","","","","","","","","","","","","","","",25.3,1,16.4,1,"","","","","","","","","","","","","","","","","","","","","","","","","","",60,1,"","","","","","","","","","","","",19.3,1,1014.6,1,"","","","","","","","",5,1,"","","","","","","","","","","","","","","","","","","","","","","","","","","","","","","","","","","","","","","","","","","","","","","","","","","","","","","","","","","","","","","","","","","","","","","","","","","","","","","","","","","","","","","","","","","","","","","","","","","","","","","",""
"28070001","CHARTRES",48.4605,1.501167,155,1983100418,"","","","",4.,1,240,1,"","","","","","","","","","","","","","","","","","","","","","","","","","","","",21.3,1,15.1,1,"","","","","","","","","","","","","","","","","","","","","","","","","","",70,1,"","","","","","","","","","","","",17.7,1,1015.9,1,"","","","","","","","",5,1,"","","","","","","","","","","","","","","","","","","","","","","","","","","","","","","","","","","","","","","","","","","","","","","","","","","","","","","","","","","","","","","","","","","","","","","","","","","","","","","","","","","","","","","","","","","","","","","","","","","","","","","",""
"28070001","CHARTRES",48.4605,1.501167,155,1983100421,"","","","",3.,1,240,1,"","","","","","","","","","","","","","","","","","","","","","","","","","","","",18.,1,16.6,1,"","","","","","","","","","","","","","","","","","","","","","","","","","",95,1,"","","","","","","","","","","","",19.6,1,1017.6,1,"","","","","","","","",5,1,"","","","","","","","","","","","","","","","","","","","","","","","","","","","","","","","","","","","","","","","","","","","","","","","","","","","","","","","","","","","","","","","","","","","","","","","","","","","","","","","","","","","","","","","","","","","","","","","","","","","","","","",""
"28070001","CHARTRES",48.4605,1.501167,155,1983100500,"","","","",3.,1,260,1,"","","","","","","","","","","","","","","","","","","","","","","","","","","","",16.6,1,14.8,1,"","","","","","","","","","","","","","","","","","","","","","","","","","",92,1,"","","","","","","","","","","","",17.4,1,1019.3,1,"","","","","","","","",5,1,"","","","","","","","","","","","","","","","","","","","","","","","","","","","","","","","","","","","","","","","","","","","","","","","","","","","","","","","","","","","","","","","","","","","","","","","","","","","","","","","","","","","","","","","","","","","","","","","","","","","","","","",""
"28070001","CHARTRES",48.4605,1.501167,155,1983100503,"","","","",1.,1,260,1,"","","","","","","","","","","","","","","","","","","","","","","","","","","","",15.3,1,13.9,1,"","","","","","","","","","","","","","","","","","","","","","","","","","",94,1,"","","","","","","","","","","","",16.3,1,1020.5,1,"","","","","","","","",5,1,"","","","","","","","","","","","","","","","","","","","","","","","","","","","","","","","","","","","","","","","","","","","","","","","","","","","","","","","","","","","","","","","","","","","","","","","","","","","","","","","","","","","","","","","","","","","","","","","","","","","","","","",""
"28070001","CHARTRES",48.4605,1.501167,155,1983100506,"","","","",1.,1,260,1,"","","","","","","","","","","","","","","","","","","","","","","","","","","","",15.,1,13.7,1,"","","","","","","","","","","","","","","","","","","","","","","","","","",94,1,"","","","","","","","","","","","",16.1,1,1022.1,1,"","","","","","",7,1,5,1,5,1,"","","","","","","","","","","","","","","","","","","","","","","","","","","","",4000,1,"","",10,1,"","","","",0,1,"","","","","","","","","","","","","","","","","","","","","","","","","","","","","","","","","","","","","","","","","","","","","","","","","","","","","","","","","","","","","",""
"28070001","CHARTRES",48.4605,1.501167,155,1983100509,"","","","",2.,1,300,1,"","","","","","","","","","","","","","","","","","","","","","","","","","","","",16.,1,13.3,1,"","","","","","","","","","","","","","","","","","","","","","","","","","",86,1,"","","","","","","","","","","","",15.7,1,1023.7,1,"","","","","","",5,1,5,1,8,1,0,1,0,1,"","","","","","","","","","","","","","","","","","","","","","","","",13000,1,"","",3,1,2,1,"","","","","","","","","","","","","","","","","","","","","","","","","","","","","","","","","","","","","","","","","","","","","","","","","","","","","","","","","","","","","","","","","",""
"28070001","CHARTRES",48.4605,1.501167,155,1983100512,"","","","",4.,1,260,1,"","","","","","","","","","","","","","","","","","","","","","","","","","","","",20.1,1,13.7,1,"","","","","","","","","","","","","","","","","","","","","","","","","","",68,1,"","","","","","","","","","","","",16.1,1,1023.4,1,"","","","","","",3,1,0,1,1,1,8,1,0,1,"","","","","","","","","","","","","","","","","","","","","","","","",20000,1,"","",1,1,1,1,"","","","","","","","","","","","","","","","","","","","","","","","","","","","","","","","","","","","","","","","","","","","","","","","","","","","","","","","","","","","","","","","","",""
"28070001","CHARTRES",48.4605,1.501167,155,1983100515,"","","","",3.,1,300,1,"","","","","","","","","","","","","","","","","","","","","","","","","","","","",20.1,1,13.1,1,"","","","","","","","","","","","","","","","","","","","","","","","","","",66,1,"","","","","","","","","","","","",15.5,1,1022.8,1,"","","","","","","","",0,1,"","","","","","","","","","","","","","","","","","","","","","","","","","","","","","","","","","","","","","","","","","","","","","","","","","","","","","","","","","","","","","","","","","","","","","","","","","","","","","","","","","","","","","","","","","","","","","","","","","","","","","","",""
"28070001","CHARTRES",48.4605,1.501167,155,1983100518,"","","","",2.,1,300,1,"","","","","","","","","","","","","","","","","","","","","","","","","","","","",17.,1,11.9,1,"","","","","","","","","","","","","","","","","","","","","","","","","","",74,1,"","","","","","","","","","","","",14.3,1,1023.,1,"","","","","","","","",0,1,"","","","","","","","","","","","","","","","","","","","","","","","","","","","","","","","","","","","","","","","","","","","","","","","","","","","","","","","","","","","","","","","","","","","","","","","","","","","","","","","","","","","","","","","","","","","","","","","","","","","","","","",""
"28070001","CHARTRES",48.4605,1.501167,155,1983100521,"","","","",2.,1,360,1,"","","","","","","","","","","","","","","","","","","","","","","","","","","","",13.9,1,11.6,1,"","","","","","","","","","","","","","","","","","","","","","","","","","",88,1,"","","","","","","","","","","","",14.,1,1024.2,1,"","","","","","","","",0,1,"","","","","","","","","","","","","","","","","","","","","","","","","","","","","","","","","","","","","","","","","","","","","","","","","","","","","","","","","","","","","","","","","","","","","","","","","","","","","","","","","","","","","","","","","","","","","","","","","","","","","","","",""
"28070001","CHARTRES",48.4605,1.501167,155,1983100600,"","","","",1.,1,340,1,"","","","","","","","","","","","","","","","","","","","","","","","","","","","",11.8,1,9.8,1,"","","","","","","","","","","","","","","","","","","","","","","","","","",90,1,"","","","","","","","","","","","",12.4,1,1024.9,1,"","","","","","","","",0,1,"","","","","","","","","","","","","","","","","","","","","","","","","","","","","","","","","","","","","","","","","","","","","","","","","","","","","","","","","","","","","","","","","","","","","","","","","","","","","","","","","","","","","","","","","","","","","","","","","","","","","","","",""
"28070001","CHARTRES",48.4605,1.501167,155,1983100603,"","","","",2.,1,340,1,"","","","","","","","","","","","","","","","","","","","","","","","","","","","",9.1,1,9.1,1,"","","","","","","","","","","","","","","","","","","","","","","","","","",99,1,"","","","","","","","","","","","",11.4,1,1025.2,1,"","","","","","","","",0,1,"","","","","","","","","","","","","","","","","","","","","","","","","","","","","","","","","","","","","","","","","","","","","","","","","","","","","","","","","","","","","","","","","","","","","","","","","","","","","","","","","","","","","","","","","","","","","","","","","","","","","","","",""
"28070001","CHARTRES",48.4605,1.501167,155,1983100606,"","","","",1.,1,300,1,"","","","","","","","","","","","","","","","","","","","","","","","","","","","",8.8,1,8.8,1,"","","","","","","","","","","","","","","","","","","","","","","","","","",99,1,"","","","","","","","","","","","",11.2,1,1025.7,1,"","","","","","",1,1,0,1,0,1,0,1,1,1,"","","","","","","","","","","","","","","","","","","","","","","","",8000,1,"","",0,1,"","","","",1,1,"","","","","","","","","","","","","","","","","","","","","","","","","","","","","","","","","","","","","","","","","","","","","","","","","","","","","","","","","","","","","",""
"28070001","CHARTRES",48.4605,1.501167,155,1983100609,"","","","",3.,1,340,1,"","","","","","","","","","","","","","","","","","","","","","","","","","","","",14.,1,10.9,1,"","","","","","","","","","","","","","","","","","","","","","","","","","",84,1,"","","","","","","","","","","","",13.4,1,1026.5,1,"","","","","","",2,1,0,1,1,1,0,1,1,1,"","","","","","","","","","","","","","","","","","","","","","","","",20000,1,"","",3,1,0,1,"","","","","","","","","","","","","","","","","","","","","","","","","","","","","","","","","","","","","","","","","","","","","","","","","","","","","","","","","","","","","","","","","",""
"28070001","CHARTRES",48.4605,1.501167,155,1983100612,"","","","",2.,1,320,1,"","","","","","","","","","","","","","","","","","","","","","","","","","","","",17.3,1,10.2,1,"","","","","","","","","","","","","","","","","","","","","","","","","","",65,1,"","","","","","","","","","","","",12.7,1,1026.3,1,"","","","","","",5,1,5,1,2,1,0,1,0,1,"","","","","","","","","","","","","","","","","","","","","","","","",20000,1,"","",1,1,1,1,"","","","","","","","","","","","","","","","","","","","","","","","","","","","","","","","","","","","","","","","","","","","","","","","","","","","","","","","","","","","","","","","","",""
"28070001","CHARTRES",48.4605,1.501167,155,1983100615,"","","","",2.,1,360,1,"","","","","","","","","","","","","","","","","","","","","","","","","","","","",17.2,1,10.1,1,"","","","","","","","","","","","","","","","","","","","","","","","","","",64,1,"","","","","","","","","","","","",12.6,1,1026.,1,"","","","","","","","",5,1,"","","","","","","","","","","","","","","","","","","","","","","","","","","","","","","","","","","","","","","","","","","","","","","","","","","","","","","","","","","","","","","","","","","","","","","","","","","","","","","","","","","","","","","","","","","","","","","","","","","","","","","",""
"28070001","CHARTRES",48.4605,1.501167,155,1983100618,"","","","",2.,1,340,1,"","","","","","","","","","","","","","","","","","","","","","","","","","","","",14.9,1,9.2,1,"","","","","","","","","","","","","","","","","","","","","","","","","","",70,1,"","","","","","","","","","","","",11.9,1,1026.2,1,"","","","","","","","",5,1,"","","","","","","","","","","","","","","","","","","","","","","","","","","","","","","","","","","","","","","","","","","","","","","","","","","","","","","","","","","","","","","","","","","","","","","","","","","","","","","","","","","","","","","","","","","","","","","","","","","","","","","",""
"28070001","CHARTRES",48.4605,1.501167,155,1983100621,"","","","",0.,1,0,1,"","","","","","","","","","","","","","","","","","","","","","","","","","","","",10.1,1,9.,1,"","","","","","","","","","","","","","","","","","","","","","","","","","",95,1,"","","","","","","","","","","","",11.7,1,1026.9,1,"","","","","","","","",5,1,"","","","","","","","","","","","","","","","","","","","","","","","","","","","","","","","","","","","","","","","","","","","","","","","","","","","","","","","","","","","","","","","","","","","","","","","","","","","","","","","","","","","","","","","","","","","","","","","","","","","","","","",""
"28070001","CHARTRES",48.4605,1.501167,155,1983100700,"","","","",2.,1,300,1,"","","","","","","","","","","","","","","","","","","","","","","","","","","","",7.,1,7.,1,"","","","","","","","","","","","","","","","","","","","","","","","","","",99,1,"","","","","","","","","","","","",9.9,1,1026.4,1,"","","","","","","","",5,1,"","","","","","","","","","","","","","","","","","","","","","","","","","","","","","","","","","","","","","","","","","","","","","","","","","","","","","","","","","","","","","","","","","","","","","","","","","","","","","","","","","","","","","","","","","","","","","","","","","","","","","","",""
"28070001","CHARTRES",48.4605,1.501167,155,1983100703,"","","","",1.,1,280,1,"","","","","","","","","","","","","","","","","","","","","","","","","","","","",8.9,1,8.2,1,"","","","","","","","","","","","","","","","","","","","","","","","","","",97,1,"","","","","","","","","","","","",11.1,1,1025.3,1,"","","","","","","","",5,1,"","","","","","","","","","","","","","","","","","","","","","","","","","","","","","","","","","","","","","","","","","","","","","","","","","","","","","","","","","","","","","","","","","","","","","","","","","","","","","","","","","","","","","","","","","","","","","","","","","","","","","","",""
"28070001","CHARTRES",48.4605,1.501167,155,1983100706,"","","","",0.,1,0,1,"","","","","","","","","","","","","","","","","","","","","","","","","","","","",8.8,1,7.7,1,"","","","","","","","","","","","","","","","","","","","","","","","","","",94,1,"","","","","","","","","","","","",10.7,1,1024.7,1,"","","","","","",4,1,0,1,5,1,0,1,0,1,"","","","","","","","","","","","","","","","","","","","","","","","",10000,1,"","",0,1,"","","","",1,1,"","","","","","","","","","","","","","","","","","","","","","","","","","","","","","","","","","","","","","","","","","","","","","","","","","","","","","","","","","","","","",""
"28070001","CHARTRES",48.4605,1.501167,155,1983100709,"","","","",1.,1,240,1,"","","","","","","","","","","","","","","","","","","","","","","","","","","","",14.1,1,10.9,1,"","","","","","","","","","","","","","","","","","","","","","","","","","",83,1,"","","","","","","","","","","","",13.4,1,1024.4,1,"","","","","","",7,1,7,1,5,1,"","","","","","","","","","","","","","","","","","","","","","","","","","","","",12000,1,"","",1,1,1,1,"","","","","","","","","","","","","","","","","","","","","","","","","","","","","","","","","","","","","","","","","","","","","","","","","","","","","","","","","","","","","","","","","",""
"28070001","CHARTRES",48.4605,1.501167,155,1983100712,"","","","",3.,1,280,1,"","","","","","","","","","","","","","","","","","","","","","","","","","","","",18.2,1,10.5,1,"","","","","","","","","","","","","","","","","","","","","","","","","","",62,1,"","","","","","","","","","","","",13.,1,1023.4,1,"","","","","","",5,1,5,1,5,1,0,1,0,1,"","","","","","","","","","","","","","","","","","","","","","","","",20000,1,"","",3,1,1,1,"","","","","","","","","","","","","","","","","","","","","","","","","","","","","","","","","","","","","","","","","","","","","","","","","","","","","","","","","","","","","","","","","",""
"28070001","CHARTRES",48.4605,1.501167,155,1983100715,"","","","",4.,1,260,1,"","","","","","","","","","","","","","","","","","","","","","","","","","","","",18.,1,10.3,1,"","","","","","","","","","","","","","","","","","","","","","","","","","",62,1,"","","","","","","","","","","","",12.8,1,1022.3,1,"","","","","","","","",5,1,"","","","","","","","","","","","","","","","","","","","","","","","","","","","","","","","","","","","","","","","","","","","","","","","","","","","","","","","","","","","","","","","","","","","","","","","","","","","","","","","","","","","","","","","","","","","","","","","","","","","","","","",""
"28070001","CHARTRES",48.4605,1.501167,155,1983100718,"","","","",3.,1,260,1,"","","","","","","","","","","","","","","","","","","","","","","","","","","","",14.6,1,9.5,1,"","","","","","","","","","","","","","","","","","","","","","","","","","",73,1,"","","","","","","","","","","","",12.1,1,1022.3,1,"","","","","","","","",5,1,"","","","","","","","","","","","","","","","","","","","","","","","","","","","","","","","","","","","","","","","","","","","","","","","","","","","","","","","","","","","","","","","","","","","","","","","","","","","","","","","","","","","","","","","","","","","","","","","","","","","","","","",""
"28070001","CHARTRES",48.4605,1.501167,155,1983100721,"","","","",2.,1,260,1,"","","","","","","","","","","","","","","","","","","","","","","","","","","","",12.9,1,11.1,1,"","","","","","","","","","","","","","","","","","","","","","","","","","",91,1,"","","","","","","","","","","","",13.5,1,1022.6,1,"","","","","","","","",5,1,"","","","","","","","","","","","","","","","","","","","","","","","","","","","","","","","","","","","","","","","","","","","","","","","","","","","","","","","","","","","","","","","","","","","","","","","","","","","","","","","","","","","","","","","","","","","","","","","","","","","","","","",""
"28070001","CHARTRES",48.4605,1.501167,155,1983100800,"","","","",3.,1,280,1,"","","","","","","","","","","","","","","","","","","","","","","","","","","","",13.6,1,12.4,1,"","","","","","","","","","","","","","","","","","","","","","","","","","",95,1,"","","","","","","","","","","","",14.8,1,1022.1,1,"","","","","","","","",5,1,"","","","","","","","","","","","","","","","","","","","","","","","","","","","","","","","","","","","","","","","","","","","","","","","","","","","","","","","","","","","","","","","","","","","","","","","","","","","","","","","","","","","","","","","","","","","","","","","","","","","","","","",""
"28070001","CHARTRES",48.4605,1.501167,155,1983100803,"","","","",3.,1,340,1,"","","","","","","","","","","","","","","","","","","","","","","","","","","","",12.7,1,11.8,1,"","","","","","","","","","","","","","","","","","","","","","","","","","",97,1,"","","","","","","","","","","","",14.2,1,1022.1,1,"","","","","","","","",5,1,"","","","","","","","","","","","","","","","","","","","","","","","","","","","","","","","","","","","","","","","","","","","","","","","","","","","","","","","","","","","","","","","","","","","","","","","","","","","","","","","","","","","","","","","","","","","","","","","","","","","","","","",""
"28070001","CHARTRES",48.4605,1.501167,155,1983100806,"","","","",4.,1,320,1,"","","","","","","","","","","","","","","","","","","","","","","","","","","","",9.4,1,8.5,1,"","","","","","","","","","","","","","","","","","","","","","","","","","",96,1,"","","","","","","","","","","","",11.3,1,1022.9,1,"","","","","","","","",5,1,"","","","","","","","","","","","","","","","","","","","","","","","","","","","","","","","","","","","","","","","","","","","","","","","","","","","","","","","","","","","","","","","","","","","","","","","","","","","","","","","","","","","","","","","","","","","","","","","","","","","","","","",""
"28070001","CHARTRES",48.4605,1.501167,155,1983100809,"","","","",5.,1,320,1,"","","","","","","","","","","","","","","","","","","","","","","","","","","","",12.5,1,7.2,1,"","","","","","","","","","","","","","","","","","","","","","","","","","",71,1,"","","","","","","","","","","","",10.3,1,1023.9,1,"","","","","","","","",5,1,"","","","","","","","","","","","","","","","","","","","","","","","","","","","","","","","","","","","","","","","","","","","","","","","","","","","","","","","","","","","","","","","","","","","","","","","","","","","","","","","","","","","","","","","","","","","","","","","","","","","","","","",""
"28070001","CHARTRES",48.4605,1.501167,155,1983100812,"","","","",6.,1,300,1,"","","","","","","","","","","","","","","","","","","","","","","","","","","","",14.4,1,5.6,1,"","","","","","","","","","","","","","","","","","","","","","","","","","",56,1,"","","","","","","","","","","","",9.2,1,1022.8,1,"","","","","","","","",5,1,"","","","","","","","","","","","","","","","","","","","","","","","","","","","","","","","","","","","","","","","","","","","","","","","","","","","","","","","","","","","","","","","","","","","","","","","","","","","","","","","","","","","","","","","","","","","","","","","","","","","","","","",""
"28070001","CHARTRES",48.4605,1.501167,155,1983100815,"","","","",6.,1,300,1,"","","","","","","","","","","","","","","","","","","","","","","","","","","","",14.9,1,4.6,1,"","","","","","","","","","","","","","","","","","","","","","","","","","",51,1,"","","","","","","","","","","","",8.6,1,1021.7,1,"","","","","","","","",5,1,"","","","","","","","","","","","","","","","","","","","","","","","","","","","","","","","","","","","","","","","","","","","","","","","","","","","","","","","","","","","","","","","","","","","","","","","","","","","","","","","","","","","","","","","","","","","","","","","","","","","","","","",""
"28070001","CHARTRES",48.4605,1.501167,155,1983100818,"","","","",3.,1,280,1,"","","","","","","","","","","","","","","","","","","","","","","","","","","","",13.4,1,7.8,1,"","","","","","","","","","","","","","","","","","","","","","","","","","",70,1,"","","","","","","","","","","","",10.8,1,1020.6,1,"","","","","","","","",5,1,"","","","","","","","","","","","","","","","","","","","","","","","","","","","","","","","","","","","","","","","","","","","","","","","","","","","","","","","","","","","","","","","","","","","","","","","","","","","","","","","","","","","","","","","","","","","","","","","","","","","","","","",""
"28070001","CHARTRES",48.4605,1.501167,155,1983100821,"","","","",5.,1,260,1,"","","","","","","","","","","","","","","","","","","","","","","","","","","","",12.,1,8.3,1,"","","","","","","","","","","","","","","","","","","","","","","","","","",80,1,"","","","","","","","","","","","",11.2,1,1020.3,1,"","","","","","","","",5,1,"","","","","","","","","","","","","","","","","","","","","","","","","","","","","","","","","","","","","","","","","","","","","","","","","","","","","","","","","","","","","","","","","","","","","","","","","","","","","","","","","","","","","","","","","","","","","","","","","","","","","","","",""
"28070001","CHARTRES",48.4605,1.501167,155,1983100900,"","","","",6.,1,280,1,"","","","","","","","","","","","","","","","","","","","","","","","","","","","",12.4,1,8.7,1,"","","","","","","","","","","","","","","","","","","","","","","","","","",80,1,"","","","","","","","","","","","",11.5,1,1018.7,1,"","","","","","","","",5,1,"","","","","","","","","","","","","","","","","","","","","","","","","","","","","","","","","","","","","","","","","","","","","","","","","","","","","","","","","","","","","","","","","","","","","","","","","","","","","","","","","","","","","","","","","","","","","","","","","","","","","","","",""
"28070001","CHARTRES",48.4605,1.501167,155,1983100903,"","","","",6.,1,300,1,"","","","","","","","","","","","","","","","","","","","","","","","","","","","",12.5,1,10.5,1,"","","","","","","","","","","","","","","","","","","","","","","","","","",90,1,"","","","","","","","","","","","",13.,1,1018.1,1,"","","","","","","","",5,1,"","","","","","","","","","","","","","","","","","","","","","","","","","","","","","","","","","","","","","","","","","","","","","","","","","","","","","","","","","","","","","","","","","","","","","","","","","","","","","","","","","","","","","","","","","","","","","","","","","","","","","","",""
"28070001","CHARTRES",48.4605,1.501167,155,1983100906,"","","","",6.,1,300,1,"","","","","","","","","","","","","","","","","","","","","","","","","","","","",13.4,1,11.9,1,"","","","","","","","","","","","","","","","","","","","","","","","","","",93,1,"","","","","","","","","","","","",14.3,1,1018.2,1,"","","","","","","","",5,1,"","","","","","","","","","","","","","","","","","","","","","","","","","","","","","","","","","","","","","","","","","","","","","","","","","","","","","","","","","","","","","","","","","","","","","","","","","","","","","","","","","","","","","","","","","","","","","","","","","","","","","","",""
"28070001","CHARTRES",48.4605,1.501167,155,1983100909,"","","","",4.,1,280,1,"","","","","","","","","","","","","","","","","","","","","","","","","","","","",14.,1,12.8,1,"","","","","","","","","","","","","","","","","","","","","","","","","","",95,1,"","","","","","","","","","","","",15.2,1,1019.3,1,"","","","","","","","",5,1,"","","","","","","","","","","","","","","","","","","","","","","","","","","","","","","","","","","","","","","","","","","","","","","","","","","","","","","","","","","","","","","","","","","","","","","","","","","","","","","","","","","","","","","","","","","","","","","","","","","","","","","",""
"28070001","CHARTRES",48.4605,1.501167,155,1983100912,"","","","",4.,1,300,1,"","","","","","","","","","","","","","","","","","","","","","","","","","","","",14.6,1,13.5,1,"","","","","","","","","","","","","","","","","","","","","","","","","","",96,1,"","","","","","","","","","","","",15.9,1,1019.3,1,"","","","","","","","",5,1,"","","","","","","","","","","","","","","","","","","","","","","","","","","","","","","","","","","","","","","","","","","","","","","","","","","","","","","","","","","","","","","","","","","","","","","","","","","","","","","","","","","","","","","","","","","","","","","","","","","","","","","",""
"28070001","CHARTRES",48.4605,1.501167,155,1983100915,"","","","",6.,1,280,1,"","","","","","","","","","","","","","","","","","","","","","","","","","","","",14.8,1,12.2,1,"","","","","","","","","","","","","","","","","","","","","","","","","","",87,1,"","","","","","","","","","","","",14.6,1,1019.,1,"","","","","","","","",5,1,"","","","","","","","","","","","","","","","","","","","","","","","","","","","","","","","","","","","","","","","","","","","","","","","","","","","","","","","","","","","","","","","","","","","","","","","","","","","","","","","","","","","","","","","","","","","","","","","","","","","","","","",""
"28070001","CHARTRES",48.4605,1.501167,155,1983100918,"","","","",3.,1,280,1,"","","","","","","","","","","","","","","","","","","","","","","","","","","","",13.8,1,13.8,1,"","","","","","","","","","","","","","","","","","","","","","","","","","",99,1,"","","","","","","","","","","","",15.6,1,1019.2,1,"","","","","","","","",5,1,"","","","","","","","","","","","","","","","","","","","","","","","","","","","","","","","","","","","","","","","","","","","","","","","","","","","","","","","","","","","","","","","","","","","","","","","","","","","","","","","","","","","","","","","","","","","","","","","","","","","","","","",""
"28070001","CHARTRES",48.4605,1.501167,155,1983100921,"","","","",2.,1,240,1,"","","","","","","","","","","","","","","","","","","","","","","","","","","","",13.3,1,12.6,1,"","","","","","","","","","","","","","","","","","","","","","","","","","",98,1,"","","","","","","","","","","","",15.,1,1019.2,1,"","","","","","","","",5,1,"","","","","","","","","","","","","","","","","","","","","","","","","","","","","","","","","","","","","","","","","","","","","","","","","","","","","","","","","","","","","","","","","","","","","","","","","","","","","","","","","","","","","","","","","","","","","","","","","","","","","","","",""
"28070001","CHARTRES",48.4605,1.501167,155,1983101000,"","","","",2.,1,260,1,"","","","","","","","","","","","","","","","","","","","","","","","","","","","",13.1,1,12.1,1,"","","","","","","","","","","","","","","","","","","","","","","","","","",96,1,"","","","","","","","","","","","",14.5,1,1018.6,1,"","","","","","","","",5,1,"","","","","","","","","","","","","","","","","","","","","","","","","","","","","","","","","","","","","","","","","","","","","","","","","","","","","","","","","","","","","","","","","","","","","","","","","","","","","","","","","","","","","","","","","","","","","","","","","","","","","","","",""
"28070001","CHARTRES",48.4605,1.501167,155,1983101003,"","","","",4.,1,260,1,"","","","","","","","","","","","","","","","","","","","","","","","","","","","",12.7,1,11.7,1,"","","","","","","","","","","","","","","","","","","","","","","","","","",96,1,"","","","","","","","","","","","",14.1,1,1017.7,1,"","","","","","","","",5,1,"","","","","","","","","","","","","","","","","","","","","","","","","","","","","","","","","","","","","","","","","","","","","","","","","","","","","","","","","","","","","","","","","","","","","","","","","","","","","","","","","","","","","","","","","","","","","","","","","","","","","","","",""
"28070001","CHARTRES",48.4605,1.501167,155,1983101006,"","","","",3.,1,240,1,"","","","","","","","","","","","","","","","","","","","","","","","","","","","",12.7,1,12.7,1,"","","","","","","","","","","","","","","","","","","","","","","","","","",99,1,"","","","","","","","","","","","",14.5,1,1017.3,1,"","","","","","",8,1,8,1,5,1,"","","","","","","","","","","","","","","","","","","","","","","","","","","","",15000,1,"","",0,1,"","","","",0,1,"","","","","","","","","","","","","","","","","","","","","","","","","","","","","","","","","","","","","","","","","","","","","","","","","","","","","","","","","","","","","",""
"28070001","CHARTRES",48.4605,1.501167,155,1983101009,"","","","",5.,1,240,1,"","","","","","","","","","","","","","","","","","","","","","","","","","","","",13.9,1,10.2,1,"","","","","","","","","","","","","","","","","","","","","","","","","","",80,1,"","","","","","","","","","","","",12.7,1,1017.4,1,"","","","","","",8,1,8,1,5,1,"","","","","","","","","","","","","","","","","","","","","","","","","","","","",20000,1,"","",1,1,2,1,"","","","","","","","","","","","","","","","","","","","","","","","","","","","","","","","","","","","","","","","","","","","","","","","","","","","","","","","","","","","","","","","","",""
"28070001","CHARTRES",48.4605,1.501167,155,1983101012,"","","","",7.,1,260,1,"","","","","","","","","","","","","","","","","","","","","","","","","","","","",15.1,1,11.1,1,"","","","","","","","","","","","","","","","","","","","","","","","","","",78,1,"","","","","","","","","","","","",13.5,1,1017.2,1,"","","","","","",7,1,6,1,5,1,2,1,"","","","","","","","","","","","","","","","","","","","","","","","","","",20000,1,"","",1,1,2,1,"","","","","","","","","","","","","","","","","","","","","","","","","","","","","","","","","","","","","","","","","","","","","","","","","","","","","","","","","","","","","","","","","",""
"28070001","CHARTRES",48.4605,1.501167,155,1983101015,"","","","",6.,1,280,1,"","","","","","","","","","","","","","","","","","","","","","","","","","","","",16.6,1,15.1,1,"","","","","","","","","","","","","","","","","","","","","","","","","","",94,1,"","","","","","","","","","","","",17.7,1,1016.3,1,"","","","","","","","",6,1,"","","","","","","","","","","","","","","","","","","","","","","","","","","","","","","","","","","","","","","","","","","","","","","","","","","","","","","","","","","","","","","","","","","","","","","","","","","","","","","","","","","","","","","","","","","","","","","","","","","","","","","",""
"28070001","CHARTRES",48.4605,1.501167,155,1983101018,"","","","",5.,1,280,1,"","","","","","","","","","","","","","","","","","","","","","","","","","","","",15.2,1,11.9,1,"","","","","","","","","","","","","","","","","","","","","","","","","","",83,1,"","","","","","","","","","","","",14.3,1,1017.6,1,"","","","","","","","",6,1,"","","","","","","","","","","","","","","","","","","","","","","","","","","","","","","","","","","","","","","","","","","","","","","","","","","","","","","","","","","","","","","","","","","","","","","","","","","","","","","","","","","","","","","","","","","","","","","","","","","","","","","",""
"28070001","CHARTRES",48.4605,1.501167,155,1983101021,"","","","",4.,1,300,1,"","","","","","","","","","","","","","","","","","","","","","","","","","","","",11.1,1,10.4,1,"","","","","","","","","","","","","","","","","","","","","","","","","","",98,1,"","","","","","","","","","","","",12.9,1,1019.1,1,"","","","","","","","",6,1,"","","","","","","","","","","","","","","","","","","","","","","","","","","","","","","","","","","","","","","","","","","","","","","","","","","","","","","","","","","","","","","","","","","","","","","","","","","","","","","","","","","","","","","","","","","","","","","","","","","","","","","",""
"28070001","CHARTRES",48.4605,1.501167,155,1983101100,"","","","",3.,1,280,1,"","","","","","","","","","","","","","","","","","","","","","","","","","","","",10.3,1,9.7,1,"","","","","","","","","","","","","","","","","","","","","","","","","","",98,1,"","","","","","","","","","","","",12.3,1,1020.1,1,"","","","","","","","",6,1,"","","","","","","","","","","","","","","","","","","","","","","","","","","","","","","","","","","","","","","","","","","","","","","","","","","","","","","","","","","","","","","","","","","","","","","","","","","","","","","","","","","","","","","","","","","","","","","","","","","","","","","",""
"28070001","CHARTRES",48.4605,1.501167,155,1983101103,"","","","",4.,1,280,1,"","","","","","","","","","","","","","","","","","","","","","","","","","","","",9.,1,8.3,1,"","","","","","","","","","","","","","","","","","","","","","","","","","",98,1,"","","","","","","","","","","","",11.2,1,1020.2,1,"","","","","","","","",6,1,"","","","","","","","","","","","","","","","","","","","","","","","","","","","","","","","","","","","","","","","","","","","","","","","","","","","","","","","","","","","","","","","","","","","","","","","","","","","","","","","","","","","","","","","","","","","","","","","","","","","","","","",""
"28070001","CHARTRES",48.4605,1.501167,155,1983101106,"","","","",4.,1,280,1,"","","","","","","","","","","","","","","","","","","","","","","","","","","","",9.1,1,8.3,1,"","","","","","","","","","","","","","","","","","","","","","","","","","",97,1,"","","","","","","","","","","","",11.2,1,1020.6,1,"","","","","","",7,1,7,1,5,1,"","","","","","","","","","","","","","","","","","","","","","","","","","","","",20000,1,"","",0,1,"","","","",1,1,"","","","","","","","","","","","","","","","","","","","","","","","","","","","","","","","","","","","","","","","","","","","","","","","","","","","","","","","","","","","","",""
"28070001","CHARTRES",48.4605,1.501167,155,1983101109,"","","","",6.,1,280,1,"","","","","","","","","","","","","","","","","","","","","","","","","","","","",10.2,1,7.8,1,"","","","","","","","","","","","","","","","","","","","","","","","","","",87,1,"","","","","","","","","","","","",10.8,1,1022.3,1,"","","","","","",6,1,6,1,8,1,0,1,0,1,"","","","","","","","","","","","","","","","","","","","","","","","",20000,1,"","",21,1,6,1,"","","","","","","","","","","","","","","","","","","","","","","","","","","","","","","","","","","","","","","","","","","","","","","","","","","","","","","","","","","","","","","","","",""
"28070001","CHARTRES",48.4605,1.501167,155,1983101112,"","","","",6.,1,300,1,"","","","","","","","","","","","","","","","","","","","","","","","","","","","",14.1,1,8.7,1,"","","","","","","","","","","","","","","","","","","","","","","","","","",71,1,"","","","","","","","","","","","",11.5,1,1023.1,1,"","","","","","",4,1,0,1,2,1,0,1,1,1,"","","","","","","","","","","","","","","","","","","","","","","","",20000,1,"","",1,1,6,1,"","","","","","","","","","","","","","","","","","","","","","","","","","","","","","","","","","","","","","","","","","","","","","","","","","","","","","","","","","","","","","","","","",""
"28070001","CHARTRES",48.4605,1.501167,155,1983101115,"","","","",6.,1,300,1,"","","","","","","","","","","","","","","","","","","","","","","","","","","","",14.5,1,8.2,1,"","","","","","","","","","","","","","","","","","","","","","","","","","",67,1,"","","","","","","","","","","","",11.1,1,1024.,1,"","","","","","","","",0,1,"","","","","","","","","","","","","","","","","","","","","","","","","","","","","","","","","","","","","","","","","","","","","","","","","","","","","","","","","","","","","","","","","","","","","","","","","","","","","","","","","","","","","","","","","","","","","","","","","","","","","","","",""
"28070001","CHARTRES",48.4605,1.501167,155,1983101118,"","","","",3.,1,300,1,"","","","","","","","","","","","","","","","","","","","","","","","","","","","",10.4,1,5.6,1,"","","","","","","","","","","","","","","","","","","","","","","","","","",73,1,"","","","","","","","","","","","",9.2,1,1026.1,1,"","","","","","","","",0,1,"","","","","","","","","","","","","","","","","","","","","","","","","","","","","","","","","","","","","","","","","","","","","","","","","","","","","","","","","","","","","","","","","","","","","","","","","","","","","","","","","","","","","","","","","","","","","","","","","","","","","","","",""
"28070001","CHARTRES",48.4605,1.501167,155,1983101121,"","","","",3.,1,280,1,"","","","","","","","","","","","","","","","","","","","","","","","","","","","",8.2,1,6.2,1,"","","","","","","","","","","","","","","","","","","","","","","","","","",88,1,"","","","","","","","","","","","",9.6,1,1027.3,1,"","","","","","","","",0,1,"","","","","","","","","","","","","","","","","","","","","","","","","","","","","","","","","","","","","","","","","","","","","","","","","","","","","","","","","","","","","","","","","","","","","","","","","","","","","","","","","","","","","","","","","","","","","","","","","","","","","","","",""
"28070001","CHARTRES",48.4605,1.501167,155,1983101200,"","","","",2.,1,280,1,"","","","","","","","","","","","","","","","","","","","","","","","","","","","",7.8,1,6.2,1,"","","","","","","","","","","","","","","","","","","","","","","","","","",91,1,"","","","","","","","","","","","",9.6,1,1027.4,1,"","","","","","","","",0,1,"","","","","","","","","","","","","","","","","","","","","","","","","","","","","","","","","","","","","","","","","","","","","","","","","","","","","","","","","","","","","","","","","","","","","","","","","","","","","","","","","","","","","","","","","","","","","","","","","","","","","","","",""
"28070001","CHARTRES",48.4605,1.501167,155,1983101203,"","","","",2.,1,280,1,"","","","","","","","","","","","","","","","","","","","","","","","","","","","",8.2,1,6.4,1,"","","","","","","","","","","","","","","","","","","","","","","","","","",90,1,"","","","","","","","","","","","",9.8,1,1026.3,1,"","","","","","","","",0,1,"","","","","","","","","","","","","","","","","","","","","","","","","","","","","","","","","","","","","","","","","","","","","","","","","","","","","","","","","","","","","","","","","","","","","","","","","","","","","","","","","","","","","","","","","","","","","","","","","","","","","","","",""
"28070001","CHARTRES",48.4605,1.501167,155,1983101206,"","","","",3.,1,220,1,"","","","","","","","","","","","","","","","","","","","","","","","","","","","",8.,1,6.3,1,"","","","","","","","","","","","","","","","","","","","","","","","","","",90,1,"","","","","","","","","","","","",9.7,1,1026.2,1,"","","","","","",6,1,6,1,0,1,3,1,0,1,"","","","","","","","","","","","","","","","","","","","","","","","",15000,1,"","",0,1,"","","","",0,1,"","","","","","","","","","","","","","","","","","","","","","","","","","","","","","","","","","","","","","","","","","","","","","","","","","","","","","","","","","","","","",""
"28070001","CHARTRES",48.4605,1.501167,155,1983101209,"","","","",4.,1,220,1,"","","","","","","","","","","","","","","","","","","","","","","","","","","","",10.3,1,7.6,1,"","","","","","","","","","","","","","","","","","","","","","","","","","",84,1,"","","","","","","","","","","","",10.6,1,1025.6,1,"","","","","","",7,1,6,1,0,1,7,1,"","","","","","","","","","","","","","","","","","","","","","","","","","",20000,1,"","",3,1,2,1,"","","","","","","","","","","","","","","","","","","","","","","","","","","","","","","","","","","","","","","","","","","","","","","","","","","","","","","","","","","","","","","","","",""
"28070001","CHARTRES",48.4605,1.501167,155,1983101212,"","","","",6.,1,220,1,"","","","","","","","","","","","","","","","","","","","","","","","","","","","",15.1,1,9.2,1,"","","","","","","","","","","","","","","","","","","","","","","","","","",69,1,"","","","","","","","","","","","",11.9,1,1024.2,1,"","","","","","",6,1,6,1,1,1,4,1,2,1,"","","","","","","","","","","","","","","","","","","","","","","","",25000,1,"","",3,1,2,1,"","","","","","","","","","","","","","","","","","","","","","","","","","","","","","","","","","","","","","","","","","","","","","","","","","","","","","","","","","","","","","","","","",""
"28070001","CHARTRES",48.4605,1.501167,155,1983101215,"","","","",6.,1,220,1,"","","","","","","","","","","","","","","","","","","","","","","","","","","","",16.4,1,9.5,1,"","","","","","","","","","","","","","","","","","","","","","","","","","",65,1,"","","","","","","","","","","","",12.1,1,1021.5,1,"","","","","","","","",6,1,"","","","","","","","","","","","","","","","","","","","","","","","","","","","","","","","","","","","","","","","","","","","","","","","","","","","","","","","","","","","","","","","","","","","","","","","","","","","","","","","","","","","","","","","","","","","","","","","","","","","","","","",""
"28070001","CHARTRES",48.4605,1.501167,155,1983101218,"","","","",4.,1,200,1,"","","","","","","","","","","","","","","","","","","","","","","","","","","","",12.2,1,6.4,1,"","","","","","","","","","","","","","","","","","","","","","","","","","",69,1,"","","","","","","","","","","","",9.8,1,1020.6,1,"","","","","","","","",6,1,"","","","","","","","","","","","","","","","","","","","","","","","","","","","","","","","","","","","","","","","","","","","","","","","","","","","","","","","","","","","","","","","","","","","","","","","","","","","","","","","","","","","","","","","","","","","","","","","","","","","","","","",""
"28070001","CHARTRES",48.4605,1.501167,155,1983101221,"","","","",3.,1,200,1,"","","","","","","","","","","","","","","","","","","","","","","","","","","","",8.3,1,6.2,1,"","","","","","","","","","","","","","","","","","","","","","","","","","",88,1,"","","","","","","","","","","","",9.6,1,1019.2,1,"","","","","","","","",6,1,"","","","","","","","","","","","","","","","","","","","","","","","","","","","","","","","","","","","","","","","","","","","","","","","","","","","","","","","","","","","","","","","","","","","","","","","","","","","","","","","","","","","","","","","","","","","","","","","","","","","","","","",""
"28070001","CHARTRES",48.4605,1.501167,155,1983101300,"","","","",5.,1,200,1,"","","","","","","","","","","","","","","","","","","","","","","","","","","","",7.8,1,6.,1,"","","","","","","","","","","","","","","","","","","","","","","","","","",90,1,"","","","","","","","","","","","",9.5,1,1018.,1,"","","","","","","","",6,1,"","","","","","","","","","","","","","","","","","","","","","","","","","","","","","","","","","","","","","","","","","","","","","","","","","","","","","","","","","","","","","","","","","","","","","","","","","","","","","","","","","","","","","","","","","","","","","","","","","","","","","","",""
"28070001","CHARTRES",48.4605,1.501167,155,1983101303,"","","","",5.,1,200,1,"","","","","","","","","","","","","","","","","","","","","","","","","","","","",7.,1,5.7,1,"","","","","","","","","","","","","","","","","","","","","","","","","","",93,1,"","","","","","","","","","","","",9.3,1,1015.4,1,"","","","","","","","",6,1,"","","","","","","","","","","","","","","","","","","","","","","","","","","","","","","","","","","","","","","","","","","","","","","","","","","","","","","","","","","","","","","","","","","","","","","","","","","","","","","","","","","","","","","","","","","","","","","","","","","","","","","",""
"28070001","CHARTRES",48.4605,1.501167,155,1983101306,"","","","",4.,1,200,1,"","","","","","","","","","","","","","","","","","","","","","","","","","","","",6.,1,5.1,1,"","","","","","","","","","","","","","","","","","","","","","","","","","",95,1,"","","","","","","","","","","","",8.9,1,1014.2,1,"","","","","","",4,1,0,1,0,1,3,1,2,1,"","","","","","","","","","","","","","","","","","","","","","","","",25000,1,"","",0,1,"","","","",1,1,"","","","","","","","","","","","","","","","","","","","","","","","","","","","","","","","","","","","","","","","","","","","","","","","","","","","","","","","","","","","","",""
"28070001","CHARTRES",48.4605,1.501167,155,1983101309,"","","","",6.,1,200,1,"","","","","","","","","","","","","","","","","","","","","","","","","","","","",12.1,1,7.6,1,"","","","","","","","","","","","","","","","","","","","","","","","","","",75,1,"","","","","","","","","","","","",10.6,1,1012.4,1,"","","","","","",2,1,0,1,0,1,0,1,2,1,"","","","","","","","","","","","","","","","","","","","","","","","",25000,1,"","",1,1,1,1,"","","","","","","","","","","","","","","","","","","","","","","","","","","","","","","","","","","","","","","","","","","","","","","","","","","","","","","","","","","","","","","","","",""
"28070001","CHARTRES",48.4605,1.501167,155,1983101312,"","","","",9.,1,240,1,"","","","","","","","","","","","","","","","","","","","","","","","","","","","",19.8,1,10.7,1,"","","","","","","","","","","","","","","","","","","","","","","","","","",57,1,"","","","","","","","","","","","",13.2,1,1009.,1,"","","","","","",1,1,0,1,0,1,0,1,2,1,"","","","","","","","","","","","","","","","","","","","","","","","",25000,1,"","",2,1,0,1,"","","","","","","","","","","","","","","","","","","","","","","","","","","","","","","","","","","","","","","","","","","","","","","","","","","","","","","","","","","","","","","","","",""
"28070001","CHARTRES",48.4605,1.501167,155,1983101315,"","","","",10.,1,240,1,"","","","","","","","","","","","","","","","","","","","","","","","","","","","",21.5,1,12.5,1,"","","","","","","","","","","","","","","","","","","","","","","","","","",58,1,"","","","","","","","","","","","",14.9,1,1006.6,1,"","","","","","","","",0,1,"","","","","","","","","","","","","","","","","","","","","","","","","","","","","","","","","","","","","","","","","","","","","","","","","","","","","","","","","","","","","","","","","","","","","","","","","","","","","","","","","","","","","","","","","","","","","","","","","","","","","","","",""
"28070001","CHARTRES",48.4605,1.501167,155,1983101318,"","","","",8.,1,260,1,"","","","","","","","","","","","","","","","","","","","","","","","","","","","",15.4,1,14.6,1,"","","","","","","","","","","","","","","","","","","","","","","","","","",98,1,"","","","","","","","","","","","",17.1,1,1009.2,1,"","","","","","","","",0,1,"","","","","","","","","","","","","","","","","","","","","","","","","","","","","","","","","","","","","","","","","","","","","","","","","","","","","","","","","","","","","","","","","","","","","","","","","","","","","","","","","","","","","","","","","","","","","","","","","","","","","","","",""
"28070001","CHARTRES",48.4605,1.501167,155,1983101321,"","","","",5.,1,260,1,"","","","","","","","","","","","","","","","","","","","","","","","","","","","",13.1,1,12.1,1,"","","","","","","","","","","","","","","","","","","","","","","","","","",96,1,"","","","","","","","","","","","",14.5,1,1012.3,1,"","","","","","","","",0,1,"","","","","","","","","","","","","","","","","","","","","","","","","","","","","","","","","","","","","","","","","","","","","","","","","","","","","","","","","","","","","","","","","","","","","","","","","","","","","","","","","","","","","","","","","","","","","","","","","","","","","","","",""
"28070001","CHARTRES",48.4605,1.501167,155,1983101400,"","","","",4.,1,240,1,"","","","","","","","","","","","","","","","","","","","","","","","","","","","",11.1,1,10.2,1,"","","","","","","","","","","","","","","","","","","","","","","","","","",96,1,"","","","","","","","","","","","",12.7,1,1014.3,1,"","","","","","","","",0,1,"","","","","","","","","","","","","","","","","","","","","","","","","","","","","","","","","","","","","","","","","","","","","","","","","","","","","","","","","","","","","","","","","","","","","","","","","","","","","","","","","","","","","","","","","","","","","","","","","","","","","","","",""
"28070001","CHARTRES",48.4605,1.501167,155,1983101403,"","","","",4.,1,260,1,"","","","","","","","","","","","","","","","","","","","","","","","","","","","",10.1,1,9.3,1,"","","","","","","","","","","","","","","","","","","","","","","","","","",96,1,"","","","","","","","","","","","",11.9,1,1015.4,1,"","","","","","","","",0,1,"","","","","","","","","","","","","","","","","","","","","","","","","","","","","","","","","","","","","","","","","","","","","","","","","","","","","","","","","","","","","","","","","","","","","","","","","","","","","","","","","","","","","","","","","","","","","","","","","","","","","","","",""
"28070001","CHARTRES",48.4605,1.501167,155,1983101406,"","","","",3.,1,220,1,"","","","","","","","","","","","","","","","","","","","","","","","","","","","",8.4,1,7.7,1,"","","","","","","","","","","","","","","","","","","","","","","","","","",97,1,"","","","","","","","","","","","",10.7,1,1016.,1,"","","","","","",1,1,0,1,6,1,7,1,1,1,"","","","","","","","","","","","","","","","","","","","","","","","",10000,1,"","",0,1,"","","","",1,1,"","","","","","","","","","","","","","","","","","","","","","","","","","","","","","","","","","","","","","","","","","","","","","","","","","","","","","","","","","","","","",""
"28070001","CHARTRES",48.4605,1.501167,155,1983101409,"","","","",4.,1,240,1,"","","","","","","","","","","","","","","","","","","","","","","","","","","","",11.4,1,10.3,1,"","","","","","","","","","","","","","","","","","","","","","","","","","",95,1,"","","","","","","","","","","","",12.8,1,1016.9,1,"","","","","","",5,1,0,1,1,1,3,1,1,1,"","","","","","","","","","","","","","","","","","","","","","","","",20000,1,"","",3,1,1,1,"","","","","","","","","","","","","","","","","","","","","","","","","","","","","","","","","","","","","","","","","","","","","","","","","","","","","","","","","","","","","","","","","",""
"28070001","CHARTRES",48.4605,1.501167,155,1983101412,"","","","",9.,1,240,1,"","","","","","","","","","","","","","","","","","","","","","","","","","","","",15.,1,11.,1,"","","","","","","","","","","","","","","","","","","","","","","","","","",78,1,"","","","","","","","","","","","",13.4,1,1015.7,1,"","","","","","",6,1,5,1,2,1,3,1,2,1,"","","","","","","","","","","","","","","","","","","","","","","","",20000,1,"","",3,1,1,1,"","","","","","","","","","","","","","","","","","","","","","","","","","","","","","","","","","","","","","","","","","","","","","","","","","","","","","","","","","","","","","","","","",""
"28070001","CHARTRES",48.4605,1.501167,155,1983101415,"","","","",5.,1,220,1,"","","","","","","","","","","","","","","","","","","","","","","","","","","","",16.5,1,11.1,1,"","","","","","","","","","","","","","","","","","","","","","","","","","",72,1,"","","","","","","","","","","","",13.5,1,1012.9,1,"","","","","","","","",5,1,"","","","","","","","","","","","","","","","","","","","","","","","","","","","","","","","","","","","","","","","","","","","","","","","","","","","","","","","","","","","","","","","","","","","","","","","","","","","","","","","","","","","","","","","","","","","","","","","","","","","","","","",""
"28070001","CHARTRES",48.4605,1.501167,155,1983101418,"","","","",2.,1,100,1,"","","","","","","","","","","","","","","","","","","","","","","","","","","","",12.8,1,11.3,1,"","","","","","","","","","","","","","","","","","","","","","","","","","",93,1,"","","","","","","","","","","","",13.7,1,1012.,1,"","","","","","","","",5,1,"","","","","","","","","","","","","","","","","","","","","","","","","","","","","","","","","","","","","","","","","","","","","","","","","","","","","","","","","","","","","","","","","","","","","","","","","","","","","","","","","","","","","","","","","","","","","","","","","","","","","","","",""
"28070001","CHARTRES",48.4605,1.501167,155,1983101421,"","","","",2.,1,200,1,"","","","","","","","","","","","","","","","","","","","","","","","","","","","",10.,1,9.2,1,"","","","","","","","","","","","","","","","","","","","","","","","","","",96,1,"","","","","","","","","","","","",11.8,1,1011.6,1,"","","","","","","","",5,1,"","","","","","","","","","","","","","","","","","","","","","","","","","","","","","","","","","","","","","","","","","","","","","","","","","","","","","","","","","","","","","","","","","","","","","","","","","","","","","","","","","","","","","","","","","","","","","","","","","","","","","","",""
"28070001","CHARTRES",48.4605,1.501167,155,1983101500,"","","","",7.,1,240,1,"","","","","","","","","","","","","","","","","","","","","","","","","","","","",10.3,1,9.2,1,"","","","","","","","","","","","","","","","","","","","","","","","","","",95,1,"","","","","","","","","","","","",11.9,1,1011.1,1,"","","","","","","","",5,1,"","","","","","","","","","","","","","","","","","","","","","","","","","","","","","","","","","","","","","","","","","","","","","","","","","","","","","","","","","","","","","","","","","","","","","","","","","","","","","","","","","","","","","","","","","","","","","","","","","","","","","","",""
"28070001","CHARTRES",48.4605,1.501167,155,1983101503,"","","","",5.,1,260,1,"","","","","","","","","","","","","","","","","","","","","","","","","","","","",10.,1,7.8,1,"","","","","","","","","","","","","","","","","","","","","","","","","","",88,1,"","","","","","","","","","","","",10.8,1,1013.1,1,"","","","","","","","",5,1,"","","","","","","","","","","","","","","","","","","","","","","","","","","","","","","","","","","","","","","","","","","","","","","","","","","","","","","","","","","","","","","","","","","","","","","","","","","","","","","","","","","","","","","","","","","","","","","","","","","","","","","",""
"28070001","CHARTRES",48.4605,1.501167,155,1983101506,"","","","",5.,1,240,1,"","","","","","","","","","","","","","","","","","","","","","","","","","","","",8.3,1,7.2,1,"","","","","","","","","","","","","","","","","","","","","","","","","","",94,1,"","","","","","","","","","","","",10.3,1,1014.1,1,"","","","","","","","",5,1,"","","","","","","","","","","","","","","","","","","","","","","","","","","","","","","","","","","","","","","","","","","","","","","","","","","","","","","","","","","","","","","","","","","","","","","","","","","","","","","","","","","","","","","","","","","","","","","","","","","","","","","",""
"28070001","CHARTRES",48.4605,1.501167,155,1983101509,"","","","",8.,1,220,1,"","","","","","","","","","","","","","","","","","","","","","","","","","","","",11.1,1,9.1,1,"","","","","","","","","","","","","","","","","","","","","","","","","","",89,1,"","","","","","","","","","","","",11.8,1,1013.4,1,"","","","","","","","",5,1,"","","","","","","","","","","","","","","","","","","","","","","","","","","","","","","","","","","","","","","","","","","","","","","","","","","","","","","","","","","","","","","","","","","","","","","","","","","","","","","","","","","","","","","","","","","","","","","","","","","","","","","",""
"28070001","CHARTRES",48.4605,1.501167,155,1983101512,"","","","",12.,1,220,1,"","","","","","","","","","","","","","","","","","","","","","","","","","","","",15.,1,9.7,1,"","","","","","","","","","","","","","","","","","","","","","","","","","",72,1,"","","","","","","","","","","","",12.3,1,1010.,1,"","","","","","","","",5,1,"","","","","","","","","","","","","","","","","","","","","","","","","","","","","","","","","","","","","","","","","","","","","","","","","","","","","","","","","","","","","","","","","","","","","","","","","","","","","","","","","","","","","","","","","","","","","","","","","","","","","","","",""
"28070001","CHARTRES",48.4605,1.501167,155,1983101515,"","","","",11.,1,220,1,"","","","","","","","","","","","","","","","","","","","","","","","","","","","",13.5,1,10.3,1,"","","","","","","","","","","","","","","","","","","","","","","","","","",83,1,"","","","","","","","","","","","",12.8,1,1007.1,1,"","","","","","","","",5,1,"","","","","","","","","","","","","","","","","","","","","","","","","","","","","","","","","","","","","","","","","","","","","","","","","","","","","","","","","","","","","","","","","","","","","","","","","","","","","","","","","","","","","","","","","","","","","","","","","","","","","","","",""
"28070001","CHARTRES",48.4605,1.501167,155,1983101518,"","","","",12.,1,220,1,"","","","","","","","","","","","","","","","","","","","","","","","","","","","",14.6,1,10.6,1,"","","","","","","","","","","","","","","","","","","","","","","","","","",79,1,"","","","","","","","","","","","",13.1,1,1003.6,1,"","","","","","","","",5,1,"","","","","","","","","","","","","","","","","","","","","","","","","","","","","","","","","","","","","","","","","","","","","","","","","","","","","","","","","","","","","","","","","","","","","","","","","","","","","","","","","","","","","","","","","","","","","","","","","","","","","","","",""
"28070001","CHARTRES",48.4605,1.501167,155,1983101521,"","","","",13.,1,220,1,"","","","","","","","","","","","","","","","","","","","","","","","","","","","",14.1,1,10.4,1,"","","","","","","","","","","","","","","","","","","","","","","","","","",80,1,"","","","","","","","","","","","",12.9,1,999.7,1,"","","","","","","","",5,1,"","","","","","","","","","","","","","","","","","","","","","","","","","","","","","","","","","","","","","","","","","","","","","","","","","","","","","","","","","","","","","","","","","","","","","","","","","","","","","","","","","","","","","","","","","","","","","","","","","","","","","","",""
"28070001","CHARTRES",48.4605,1.501167,155,1983101600,"","","","",4.,1,280,1,"","","","","","","","","","","","","","","","","","","","","","","","","","","","",8.5,1,8.5,1,"","","","","","","","","","","","","","","","","","","","","","","","","","",99,1,"","","","","","","","","","","","",11.,1,1002.1,1,"","","","","","","","",5,1,"","","","","","","","","","","","","","","","","","","","","","","","","","","","","","","","","","","","","","","","","","","","","","","","","","","","","","","","","","","","","","","","","","","","","","","","","","","","","","","","","","","","","","","","","","","","","","","","","","","","","","","",""
"28070001","CHARTRES",48.4605,1.501167,155,1983101603,"","","","",7.,1,260,1,"","","","","","","","","","","","","","","","","","","","","","","","","","","","",8.8,1,8.,1,"","","","","","","","","","","","","","","","","","","","","","","","","","",96,1,"","","","","","","","","","","","",10.9,1,1001.2,1,"","","","","","","","",5,1,"","","","","","","","","","","","","","","","","","","","","","","","","","","","","","","","","","","","","","","","","","","","","","","","","","","","","","","","","","","","","","","","","","","","","","","","","","","","","","","","","","","","","","","","","","","","","","","","","","","","","","","",""
"28070001","CHARTRES",48.4605,1.501167,155,1983101606,"","","","",7.,1,240,1,"","","","","","","","","","","","","","","","","","","","","","","","","","","","",8.1,1,6.,1,"","","","","","","","","","","","","","","","","","","","","","","","","","",88,1,"","","","","","","","","","","","",9.5,1,1001.9,1,"","","","","","","","",5,1,"","","","","","","","","","","","","","","","","","","","","","","","","","","","","","","","","","","","","","","","","","","","","","","","","","","","","","","","","","","","","","","","","","","","","","","","","","","","","","","","","","","","","","","","","","","","","","","","","","","","","","","",""
"28070001","CHARTRES",48.4605,1.501167,155,1983101609,"","","","",8.,1,260,1,"","","","","","","","","","","","","","","","","","","","","","","","","","","","",10.8,1,7.,1,"","","","","","","","","","","","","","","","","","","","","","","","","","",79,1,"","","","","","","","","","","","",10.2,1,1003.,1,"","","","","","","","",5,1,"","","","","","","","","","","","","","","","","","","","","","","","","","","","","","","","","","","","","","","","","","","","","","","","","","","","","","","","","","","","","","","","","","","","","","","","","","","","","","","","","","","","","","","","","","","","","","","","","","","","","","","",""
"28070001","CHARTRES",48.4605,1.501167,155,1983101612,"","","","",8.,1,280,1,"","","","","","","","","","","","","","","","","","","","","","","","","","","","",12.9,1,6.3,1,"","","","","","","","","","","","","","","","","","","","","","","","","","",65,1,"","","","","","","","","","","","",9.7,1,1004.2,1,"","","","","","","","",5,1,"","","","","","","","","","","","","","","","","","","","","","","","","","","","","","","","","","","","","","","","","","","","","","","","","","","","","","","","","","","","","","","","","","","","","","","","","","","","","","","","","","","","","","","","","","","","","","","","","","","","","","","",""
"28070001","CHARTRES",48.4605,1.501167,155,1983101615,"","","","",6.,1,300,1,"","","","","","","","","","","","","","","","","","","","","","","","","","","","",11.3,1,9.3,1,"","","","","","","","","","","","","","","","","","","","","","","","","","",90,1,"","","","","","","","","","","","",12.,1,1005.4,1,"","","","","","","","",5,1,"","","","","","","","","","","","","","","","","","","","","","","","","","","","","","","","","","","","","","","","","","","","","","","","","","","","","","","","","","","","","","","","","","","","","","","","","","","","","","","","","","","","","","","","","","","","","","","","","","","","","","","",""
"28070001","CHARTRES",48.4605,1.501167,155,1983101618,"","","","",4.,1,260,1,"","","","","","","","","","","","","","","","","","","","","","","","","","","","",8.5,1,4.3,1,"","","","","","","","","","","","","","","","","","","","","","","","","","",76,1,"","","","","","","","","","","","",8.4,1,1007.9,1,"","","","","","","","",5,1,"","","","","","","","","","","","","","","","","","","","","","","","","","","","","","","","","","","","","","","","","","","","","","","","","","","","","","","","","","","","","","","","","","","","","","","","","","","","","","","","","","","","","","","","","","","","","","","","","","","","","","","",""
"28070001","CHARTRES",48.4605,1.501167,155,1983101621,"","","","",5.,1,260,1,"","","","","","","","","","","","","","","","","","","","","","","","","","","","",7.3,1,6.4,1,"","","","","","","","","","","","","","","","","","","","","","","","","","",96,1,"","","","","","","","","","","","",9.8,1,1010.1,1,"","","","","","","","",5,1,"","","","","","","","","","","","","","","","","","","","","","","","","","","","","","","","","","","","","","","","","","","","","","","","","","","","","","","","","","","","","","","","","","","","","","","","","","","","","","","","","","","","","","","","","","","","","","","","","","","","","","","",""
"28070001","CHARTRES",48.4605,1.501167,155,1983101700,"","","","",4.,1,280,1,"","","","","","","","","","","","","","","","","","","","","","","","","","","","",6.7,1,4.9,1,"","","","","","","","","","","","","","","","","","","","","","","","","","",90,1,"","","","","","","","","","","","",8.8,1,1011.7,1,"","","","","","","","",5,1,"","","","","","","","","","","","","","","","","","","","","","","","","","","","","","","","","","","","","","","","","","","","","","","","","","","","","","","","","","","","","","","","","","","","","","","","","","","","","","","","","","","","","","","","","","","","","","","","","","","","","","","",""
"28070001","CHARTRES",48.4605,1.501167,155,1983101703,"","","","",4.,1,280,1,"","","","","","","","","","","","","","","","","","","","","","","","","","","","",5.8,1,4.5,1,"","","","","","","","","","","","","","","","","","","","","","","","","","",92,1,"","","","","","","","","","","","",8.5,1,1013.4,1,"","","","","","","","",5,1,"","","","","","","","","","","","","","","","","","","","","","","","","","","","","","","","","","","","","","","","","","","","","","","","","","","","","","","","","","","","","","","","","","","","","","","","","","","","","","","","","","","","","","","","","","","","","","","","","","","","","","","",""
"28070001","CHARTRES",48.4605,1.501167,155,1983101706,"","","","",5.,1,280,1,"","","","","","","","","","","","","","","","","","","","","","","","","","","","",5.8,1,4.3,1,"","","","","","","","","","","","","","","","","","","","","","","","","","",91,1,"","","","","","","","","","","","",8.4,1,1014.8,1,"","","","","","",1,1,0,1,5,1,0,1,0,1,"","","","","","","","","","","","","","","","","","","","","","","","",25000,1,"","",0,1,"","","","",1,1,"","","","","","","","","","","","","","","","","","","","","","","","","","","","","","","","","","","","","","","","","","","","","","","","","","","","","","","","","","","","","",""
"28070001","CHARTRES",48.4605,1.501167,155,1983101709,"","","","",6.,1,280,1,"","","","","","","","","","","","","","","","","","","","","","","","","","","","",9.,1,6.6,1,"","","","","","","","","","","","","","","","","","","","","","","","","","",86,1,"","","","","","","","","","","","",9.9,1,1017.4,1,"","","","","","",1,1,0,1,5,1,0,1,2,1,"","","","","","","","","","","","","","","","","","","","","","","","",25000,1,"","",3,1,0,1,"","","","","","","","","","","","","","","","","","","","","","","","","","","","","","","","","","","","","","","","","","","","","","","","","","","","","","","","","","","","","","","","","",""
"28070001","CHARTRES",48.4605,1.501167,155,1983101712,"","","","",7.,1,300,1,"","","","","","","","","","","","","","","","","","","","","","","","","","","","",13.1,1,8.2,1,"","","","","","","","","","","","","","","","","","","","","","","","","","",74,1,"","","","","","","","","","","","",11.1,1,1019.1,1,"","","","","","",5,1,0,1,8,1,0,1,2,1,"","","","","","","","","","","","","","","","","","","","","","","","",25000,1,"","",3,1,1,1,"","","","","","","","","","","","","","","","","","","","","","","","","","","","","","","","","","","","","","","","","","","","","","","","","","","","","","","","","","","","","","","","","",""
"28070001","CHARTRES",48.4605,1.501167,155,1983101715,"","","","",4.,1,320,1,"","","","","","","","","","","","","","","","","","","","","","","","","","","","",11.6,1,8.2,1,"","","","","","","","","","","","","","","","","","","","","","","","","","",81,1,"","","","","","","","","","","","",11.1,1,1021.,1,"","","","","","","","",0,1,"","","","","","","","","","","","","","","","","","","","","","","","","","","","","","","","","","","","","","","","","","","","","","","","","","","","","","","","","","","","","","","","","","","","","","","","","","","","","","","","","","","","","","","","","","","","","","","","","","","","","","","",""
"28070001","CHARTRES",48.4605,1.501167,155,1983101718,"","","","",3.,1,320,1,"","","","","","","","","","","","","","","","","","","","","","","","","","","","",9.1,1,6.3,1,"","","","","","","","","","","","","","","","","","","","","","","","","","",84,1,"","","","","","","","","","","","",9.7,1,1023.2,1,"","","","","","","","",0,1,"","","","","","","","","","","","","","","","","","","","","","","","","","","","","","","","","","","","","","","","","","","","","","","","","","","","","","","","","","","","","","","","","","","","","","","","","","","","","","","","","","","","","","","","","","","","","","","","","","","","","","","",""
"28070001","CHARTRES",48.4605,1.501167,155,1983101721,"","","","",3.,1,260,1,"","","","","","","","","","","","","","","","","","","","","","","","","","","","",7.4,1,6.2,1,"","","","","","","","","","","","","","","","","","","","","","","","","","",93,1,"","","","","","","","","","","","",9.6,1,1024.5,1,"","","","","","","","",0,1,"","","","","","","","","","","","","","","","","","","","","","","","","","","","","","","","","","","","","","","","","","","","","","","","","","","","","","","","","","","","","","","","","","","","","","","","","","","","","","","","","","","","","","","","","","","","","","","","","","","","","","","",""
"28070001","CHARTRES",48.4605,1.501167,155,1983101800,"","","","",5.,1,240,1,"","","","","","","","","","","","","","","","","","","","","","","","","","","","",9.1,1,7.7,1,"","","","","","","","","","","","","","","","","","","","","","","","","","",93,1,"","","","","","","","","","","","",10.7,1,1024.2,1,"","","","","","","","",0,1,"","","","","","","","","","","","","","","","","","","","","","","","","","","","","","","","","","","","","","","","","","","","","","","","","","","","","","","","","","","","","","","","","","","","","","","","","","","","","","","","","","","","","","","","","","","","","","","","","","","","","","","",""
"28070001","CHARTRES",48.4605,1.501167,155,1983101803,"","","","",4.,1,260,1,"","","","","","","","","","","","","","","","","","","","","","","","","","","","",9.4,1,8.9,1,"","","","","","","","","","","","","","","","","","","","","","","","","","",98,1,"","","","","","","","","","","","",11.6,1,1023.6,1,"","","","","","","","",0,1,"","","","","","","","","","","","","","","","","","","","","","","","","","","","","","","","","","","","","","","","","","","","","","","","","","","","","","","","","","","","","","","","","","","","","","","","","","","","","","","","","","","","","","","","","","","","","","","","","","","","","","","",""
"28070001","CHARTRES",48.4605,1.501167,155,1983101806,"","","","",4.,1,280,1,"","","","","","","","","","","","","","","","","","","","","","","","","","","","",10.3,1,9.3,1,"","","","","","","","","","","","","","","","","","","","","","","","","","",96,1,"","","","","","","","","","","","",12.,1,1023.5,1,"","","","","","",8,1,8,1,6,1,"","","","","","","","","","","","","","","","","","","","","","","","","","","","",15000,1,"","",0,1,"","","","",2,1,"","","","","","","","","","","","","","","","","","","","","","","","","","","","","","","","","","","","","","","","","","","","","","","","","","","","","","","","","","","","","",""
"28070001","CHARTRES",48.4605,1.501167,155,1983101809,"","","","",5.,1,280,1,"","","","","","","","","","","","","","","","","","","","","","","","","","","","",12.5,1,10.9,1,"","","","","","","","","","","","","","","","","","","","","","","","","","",93,1,"","","","","","","","","","","","",13.4,1,1024.4,1,"","","","","","",7,1,7,1,6,1,"","","","","","","","","","","","","","","","","","","","","","","","","","","","",15000,1,"","",1,1,2,1,"","","","","","","","","","","","","","","","","","","","","","","","","","","","","","","","","","","","","","","","","","","","","","","","","","","","","","","","","","","","","","","","","",""
"28070001","CHARTRES",48.4605,1.501167,155,1983101812,"","","","",6.,1,280,1,"","","","","","","","","","","","","","","","","","","","","","","","","","","","",14.,1,11.8,1,"","","","","","","","","","","","","","","","","","","","","","","","","","",89,1,"","","","","","","","","","","","",14.2,1,1025.,1,"","","","","","",7,1,7,1,5,1,"","","","","","","","","","","","","","","","","","","","","","","","","","","","",20000,1,"","",1,1,2,1,"","","","","","","","","","","","","","","","","","","","","","","","","","","","","","","","","","","","","","","","","","","","","","","","","","","","","","","","","","","","","","","","","",""
"28070001","CHARTRES",48.4605,1.501167,155,1983101815,"","","","",4.,1,260,1,"","","","","","","","","","","","","","","","","","","","","","","","","","","","",14.2,1,11.2,1,"","","","","","","","","","","","","","","","","","","","","","","","","","",84,1,"","","","","","","","","","","","",13.6,1,1024.7,1,"","","","","","","","",7,1,"","","","","","","","","","","","","","","","","","","","","","","","","","","","","","","","","","","","","","","","","","","","","","","","","","","","","","","","","","","","","","","","","","","","","","","","","","","","","","","","","","","","","","","","","","","","","","","","","","","","","","","",""
"28070001","CHARTRES",48.4605,1.501167,155,1983101818,"","","","",6.,1,240,1,"","","","","","","","","","","","","","","","","","","","","","","","","","","","",13.8,1,11.3,1,"","","","","","","","","","","","","","","","","","","","","","","","","","",87,1,"","","","","","","","","","","","",13.7,1,1024.8,1,"","","","","","","","",7,1,"","","","","","","","","","","","","","","","","","","","","","","","","","","","","","","","","","","","","","","","","","","","","","","","","","","","","","","","","","","","","","","","","","","","","","","","","","","","","","","","","","","","","","","","","","","","","","","","","","","","","","","",""
"28070001","CHARTRES",48.4605,1.501167,155,1983101821,"","","","",6.,1,240,1,"","","","","","","","","","","","","","","","","","","","","","","","","","","","",12.9,1,11.1,1,"","","","","","","","","","","","","","","","","","","","","","","","","","",91,1,"","","","","","","","","","","","",13.5,1,1025.3,1,"","","","","","","","",7,1,"","","","","","","","","","","","","","","","","","","","","","","","","","","","","","","","","","","","","","","","","","","","","","","","","","","","","","","","","","","","","","","","","","","","","","","","","","","","","","","","","","","","","","","","","","","","","","","","","","","","","","","",""
"28070001","CHARTRES",48.4605,1.501167,155,1983101900,"","","","",4.,1,260,1,"","","","","","","","","","","","","","","","","","","","","","","","","","","","",12.8,1,10.9,1,"","","","","","","","","","","","","","","","","","","","","","","","","","",91,1,"","","","","","","","","","","","",13.4,1,1025.8,1,"","","","","","","","",7,1,"","","","","","","","","","","","","","","","","","","","","","","","","","","","","","","","","","","","","","","","","","","","","","","","","","","","","","","","","","","","","","","","","","","","","","","","","","","","","","","","","","","","","","","","","","","","","","","","","","","","","","","",""
"28070001","CHARTRES",48.4605,1.501167,155,1983101903,"","","","",5.,1,260,1,"","","","","","","","","","","","","","","","","","","","","","","","","","","","",12.8,1,11.3,1,"","","","","","","","","","","","","","","","","","","","","","","","","","",93,1,"","","","","","","","","","","","",13.7,1,1025.9,1,"","","","","","","","",7,1,"","","","","","","","","","","","","","","","","","","","","","","","","","","","","","","","","","","","","","","","","","","","","","","","","","","","","","","","","","","","","","","","","","","","","","","","","","","","","","","","","","","","","","","","","","","","","","","","","","","","","","","",""
"28070001","CHARTRES",48.4605,1.501167,155,1983101906,"","","","",4.,1,260,1,"","","","","","","","","","","","","","","","","","","","","","","","","","","","",12.9,1,11.2,1,"","","","","","","","","","","","","","","","","","","","","","","","","","",92,1,"","","","","","","","","","","","",13.6,1,1025.9,1,"","","","","","",8,1,8,1,6,1,"","","","","","","","","","","","","","","","","","","","","","","","","","","","",15000,1,"","",0,1,"","","","",0,1,"","","","","","","","","","","","","","","","","","","","","","","","","","","","","","","","","","","","","","","","","","","","","","","","","","","","","","","","","","","","","",""
"28070001","CHARTRES",48.4605,1.501167,155,1983101909,"","","","",4.,1,260,1,"","","","","","","","","","","","","","","","","","","","","","","","","","","","",13.2,1,12.2,1,"","","","","","","","","","","","","","","","","","","","","","","","","","",96,1,"","","","","","","","","","","","",14.6,1,1027.1,1,"","","","","","",8,1,8,1,5,1,"","","","","","","","","","","","","","","","","","","","","","","","","","","","",15000,1,"","",3,1,5,1,"","","","","","","","","","","","","","","","","","","","","","","","","","","","","","","","","","","","","","","","","","","","","","","","","","","","","","","","","","","","","","","","","",""
"28070001","CHARTRES",48.4605,1.501167,155,1983101912,"","","","",4.,1,280,1,"","","","","","","","","","","","","","","","","","","","","","","","","","","","",15.1,1,12.7,1,"","","","","","","","","","","","","","","","","","","","","","","","","","",88,1,"","","","","","","","","","","","",15.1,1,1027.3,1,"","","","","","",7,1,6,1,8,1,"","","","","","","","","","","","","","","","","","","","","","","","","","","","",20000,1,"","",1,1,5,1,"","","","","","","","","","","","","","","","","","","","","","","","","","","","","","","","","","","","","","","","","","","","","","","","","","","","","","","","","","","","","","","","","",""
"28070001","CHARTRES",48.4605,1.501167,155,1983101915,"","","","",3.,1,260,1,"","","","","","","","","","","","","","","","","","","","","","","","","","","","",16.4,1,13.6,1,"","","","","","","","","","","","","","","","","","","","","","","","","","",86,1,"","","","","","","","","","","","",16.,1,1027.,1,"","","","","","","","",6,1,"","","","","","","","","","","","","","","","","","","","","","","","","","","","","","","","","","","","","","","","","","","","","","","","","","","","","","","","","","","","","","","","","","","","","","","","","","","","","","","","","","","","","","","","","","","","","","","","","","","","","","","",""
"28070001","CHARTRES",48.4605,1.501167,155,1983101918,"","","","",2.,1,280,1,"","","","","","","","","","","","","","","","","","","","","","","","","","","","",15.2,1,13.7,1,"","","","","","","","","","","","","","","","","","","","","","","","","","",93,1,"","","","","","","","","","","","",16.1,1,1027.8,1,"","","","","","","","",6,1,"","","","","","","","","","","","","","","","","","","","","","","","","","","","","","","","","","","","","","","","","","","","","","","","","","","","","","","","","","","","","","","","","","","","","","","","","","","","","","","","","","","","","","","","","","","","","","","","","","","","","","","",""
"28070001","CHARTRES",48.4605,1.501167,155,1983101921,"","","","",3.,1,20,1,"","","","","","","","","","","","","","","","","","","","","","","","","","","","",11.5,1,10.8,1,"","","","","","","","","","","","","","","","","","","","","","","","","","",98,1,"","","","","","","","","","","","",13.3,1,1029.5,1,"","","","","","","","",6,1,"","","","","","","","","","","","","","","","","","","","","","","","","","","","","","","","","","","","","","","","","","","","","","","","","","","","","","","","","","","","","","","","","","","","","","","","","","","","","","","","","","","","","","","","","","","","","","","","","","","","","","","",""
"28070001","CHARTRES",48.4605,1.501167,155,1983102000,"","","","",2.,1,20,1,"","","","","","","","","","","","","","","","","","","","","","","","","","","","",10.9,1,10.1,1,"","","","","","","","","","","","","","","","","","","","","","","","","","",97,1,"","","","","","","","","","","","",12.6,1,1029.7,1,"","","","","","","","",6,1,"","","","","","","","","","","","","","","","","","","","","","","","","","","","","","","","","","","","","","","","","","","","","","","","","","","","","","","","","","","","","","","","","","","","","","","","","","","","","","","","","","","","","","","","","","","","","","","","","","","","","","","",""
"28070001","CHARTRES",48.4605,1.501167,155,1983102003,"","","","",2.,1,20,1,"","","","","","","","","","","","","","","","","","","","","","","","","","","","",10.2,1,9.5,1,"","","","","","","","","","","","","","","","","","","","","","","","","","",97,1,"","","","","","","","","","","","",12.1,1,1029.3,1,"","","","","","","","",6,1,"","","","","","","","","","","","","","","","","","","","","","","","","","","","","","","","","","","","","","","","","","","","","","","","","","","","","","","","","","","","","","","","","","","","","","","","","","","","","","","","","","","","","","","","","","","","","","","","","","","","","","","",""
"28070001","CHARTRES",48.4605,1.501167,155,1983102006,"","","","",1.,1,20,1,"","","","","","","","","","","","","","","","","","","","","","","","","","","","",8.2,1,8.2,1,"","","","","","","","","","","","","","","","","","","","","","","","","","",99,1,"","","","","","","","","","","","",10.7,1,1029.4,1,"","","","","","",6,1,6,1,5,1,0,1,0,1,"","","","","","","","","","","","","","","","","","","","","","","","",4000,1,"","",10,1,"","","","",1,1,"","","","","","","","","","","","","","","","","","","","","","","","","","","","","","","","","","","","","","","","","","","","","","","","","","","","","","","","","","","","","",""
"28070001","CHARTRES",48.4605,1.501167,155,1983102009,"","","","",3.,1,20,1,"","","","","","","","","","","","","","","","","","","","","","","","","","","","",10.3,1,9.3,1,"","","","","","","","","","","","","","","","","","","","","","","","","","",96,1,"","","","","","","","","","","","",12.,1,1029.8,1,"","","","","","",1,1,0,1,5,1,0,1,0,1,"","","","","","","","","","","","","","","","","","","","","","","","",12000,1,"","",2,1,1,1,"","","","","","","","","","","","","","","","","","","","","","","","","","","","","","","","","","","","","","","","","","","","","","","","","","","","","","","","","","","","","","","","","",""
"28070001","CHARTRES",48.4605,1.501167,155,1983102012,"","","","",3.,1,20,1,"","","","","","","","","","","","","","","","","","","","","","","","","","","","",12.9,1,8.3,1,"","","","","","","","","","","","","","","","","","","","","","","","","","",76,1,"","","","","","","","","","","","",11.2,1,1029.4,1,"","","","","","",5,1,5,1,2,1,0,1,0,1,"","","","","","","","","","","","","","","","","","","","","","","","",20000,1,"","",3,1,1,1,"","","","","","","","","","","","","","","","","","","","","","","","","","","","","","","","","","","","","","","","","","","","","","","","","","","","","","","","","","","","","","","","","",""
"28070001","CHARTRES",48.4605,1.501167,155,1983102015,"","","","",3.,1,20,1,"","","","","","","","","","","","","","","","","","","","","","","","","","","","",12.9,1,7.6,1,"","","","","","","","","","","","","","","","","","","","","","","","","","",71,1,"","","","","","","","","","","","",10.6,1,1028.8,1,"","","","","","","","",5,1,"","","","","","","","","","","","","","","","","","","","","","","","","","","","","","","","","","","","","","","","","","","","","","","","","","","","","","","","","","","","","","","","","","","","","","","","","","","","","","","","","","","","","","","","","","","","","","","","","","","","","","","",""
"28070001","CHARTRES",48.4605,1.501167,155,1983102018,"","","","",3.,1,60,1,"","","","","","","","","","","","","","","","","","","","","","","","","","","","",8.7,1,7.7,1,"","","","","","","","","","","","","","","","","","","","","","","","","","",95,1,"","","","","","","","","","","","",10.7,1,1028.7,1,"","","","","","","","",5,1,"","","","","","","","","","","","","","","","","","","","","","","","","","","","","","","","","","","","","","","","","","","","","","","","","","","","","","","","","","","","","","","","","","","","","","","","","","","","","","","","","","","","","","","","","","","","","","","","","","","","","","","",""
"28070001","CHARTRES",48.4605,1.501167,155,1983102021,"","","","",3.,1,20,1,"","","","","","","","","","","","","","","","","","","","","","","","","","","","",7.8,1,7.2,1,"","","","","","","","","","","","","","","","","","","","","","","","","","",97,1,"","","","","","","","","","","","",10.3,1,1029.7,1,"","","","","","","","",5,1,"","","","","","","","","","","","","","","","","","","","","","","","","","","","","","","","","","","","","","","","","","","","","","","","","","","","","","","","","","","","","","","","","","","","","","","","","","","","","","","","","","","","","","","","","","","","","","","","","","","","","","","",""
"28070001","CHARTRES",48.4605,1.501167,155,1983102100,"","","","",2.,1,60,1,"","","","","","","","","","","","","","","","","","","","","","","","","","","","",5.9,1,5.4,1,"","","","","","","","","","","","","","","","","","","","","","","","","","",98,1,"","","","","","","","","","","","",9.1,1,1029.9,1,"","","","","","","","",5,1,"","","","","","","","","","","","","","","","","","","","","","","","","","","","","","","","","","","","","","","","","","","","","","","","","","","","","","","","","","","","","","","","","","","","","","","","","","","","","","","","","","","","","","","","","","","","","","","","","","","","","","","",""
"28070001","CHARTRES",48.4605,1.501167,155,1983102103,"","","","",2.,1,40,1,"","","","","","","","","","","","","","","","","","","","","","","","","","","","",4.4,1,3.6,1,"","","","","","","","","","","","","","","","","","","","","","","","","","",96,1,"","","","","","","","","","","","",8.,1,1030.,1,"","","","","","","","",5,1,"","","","","","","","","","","","","","","","","","","","","","","","","","","","","","","","","","","","","","","","","","","","","","","","","","","","","","","","","","","","","","","","","","","","","","","","","","","","","","","","","","","","","","","","","","","","","","","","","","","","","","","",""
"28070001","CHARTRES",48.4605,1.501167,155,1983102106,"","","","",3.,1,60,1,"","","","","","","","","","","","","","","","","","","","","","","","","","","","",4.,1,3.1,1,"","","","","","","","","","","","","","","","","","","","","","","","","","",95,1,"","","","","","","","","","","","",7.7,1,1030.3,1,"","","","","","",6,1,0,1,0,1,3,1,2,1,"","","","","","","","","","","","","","","","","","","","","","","","",5000,1,"","",0,1,"","","","",1,1,"","","","","","","","","","","","","","","","","","","","","","","","","","","","","","","","","","","","","","","","","","","","","","","","","","","","","","","","","","","","","",""
"28070001","CHARTRES",48.4605,1.501167,155,1983102109,"","","","",5.,1,80,1,"","","","","","","","","","","","","","","","","","","","","","","","","","","","",8.1,1,5.7,1,"","","","","","","","","","","","","","","","","","","","","","","","","","",86,1,"","","","","","","","","","","","",9.3,1,1030.9,1,"","","","","","",1,1,0,1,0,1,0,1,2,1,"","","","","","","","","","","","","","","","","","","","","","","","",8000,1,"","",2,1,1,1,"","","","","","","","","","","","","","","","","","","","","","","","","","","","","","","","","","","","","","","","","","","","","","","","","","","","","","","","","","","","","","","","","",""
"28070001","CHARTRES",48.4605,1.501167,155,1983102112,"","","","",6.,1,80,1,"","","","","","","","","","","","","","","","","","","","","","","","","","","","",11.,1,6.4,1,"","","","","","","","","","","","","","","","","","","","","","","","","","",75,1,"","","","","","","","","","","","",9.8,1,1031.4,1,"","","","","","",6,1,6,1,2,1,0,1,0,1,"","","","","","","","","","","","","","","","","","","","","","","","",20000,1,"","",3,1,1,1,"","","","","","","","","","","","","","","","","","","","","","","","","","","","","","","","","","","","","","","","","","","","","","","","","","","","","","","","","","","","","","","","","",""
"28070001","CHARTRES",48.4605,1.501167,155,1983102115,"","","","",6.,1,100,1,"","","","","","","","","","","","","","","","","","","","","","","","","","","","",10.9,1,5.3,1,"","","","","","","","","","","","","","","","","","","","","","","","","","",69,1,"","","","","","","","","","","","",9.,1,1031.4,1,"","","","","","","","",6,1,"","","","","","","","","","","","","","","","","","","","","","","","","","","","","","","","","","","","","","","","","","","","","","","","","","","","","","","","","","","","","","","","","","","","","","","","","","","","","","","","","","","","","","","","","","","","","","","","","","","","","","","",""
"28070001","CHARTRES",48.4605,1.501167,155,1983102118,"","","","",3.,1,60,1,"","","","","","","","","","","","","","","","","","","","","","","","","","","","",5.7,1,0.6,1,"","","","","","","","","","","","","","","","","","","","","","","","","","",70,1,"","","","","","","","","","","","",6.4,1,1032.8,1,"","","","","","","","",6,1,"","","","","","","","","","","","","","","","","","","","","","","","","","","","","","","","","","","","","","","","","","","","","","","","","","","","","","","","","","","","","","","","","","","","","","","","","","","","","","","","","","","","","","","","","","","","","","","","","","","","","","","",""
"28070001","CHARTRES",48.4605,1.501167,155,1983102121,"","","","",3.,1,60,1,"","","","","","","","","","","","","","","","","","","","","","","","","","","","",3.5,1,2.,1,"","","","","","","","","","","","","","","","","","","","","","","","","","",91,1,"","","","","","","","","","","","",7.1,1,1034.7,1,"","","","","","","","",6,1,"","","","","","","","","","","","","","","","","","","","","","","","","","","","","","","","","","","","","","","","","","","","","","","","","","","","","","","","","","","","","","","","","","","","","","","","","","","","","","","","","","","","","","","","","","","","","","","","","","","","","","","",""
"28070001","CHARTRES",48.4605,1.501167,155,1983102200,"","","","",3.,1,60,1,"","","","","","","","","","","","","","","","","","","","","","","","","","","","",2.2,1,1.6,1,"","","","","","","","","","","","","","","","","","","","","","","","","","",96,1,"","","","","","","","","","","","",6.9,1,1035.2,1,"","","","","","","","",6,1,"","","","","","","","","","","","","","","","","","","","","","","","","","","","","","","","","","","","","","","","","","","","","","","","","","","","","","","","","","","","","","","","","","","","","","","","","","","","","","","","","","","","","","","","","","","","","","","","","","","","","","","",""
"28070001","CHARTRES",48.4605,1.501167,155,1983102203,"","","","",4.,1,60,1,"","","","","","","","","","","","","","","","","","","","","","","","","","","","",1.7,1,0.6,1,"","","","","","","","","","","","","","","","","","","","","","","","","","",93,1,"","","","","","","","","","","","",6.4,1,1035.5,1,"","","","","","","","",6,1,"","","","","","","","","","","","","","","","","","","","","","","","","","","","","","","","","","","","","","","","","","","","","","","","","","","","","","","","","","","","","","","","","","","","","","","","","","","","","","","","","","","","","","","","","","","","","","","","","","","","","","","",""
"28070001","CHARTRES",48.4605,1.501167,155,1983102206,"","","","",3.,1,40,1,"","","","","","","","","","","","","","","","","","","","","","","","","","","","",-0.1,1,-0.4,1,"","","","","","","","","","","","","","","","","","","","","","","","","","",98,1,"","","","","","","","","","","","",5.9,1,1035.6,1,"","","","","","","","",6,1,"","","","","","","","","","","","","","","","","","","","","","","","","","","","","","","","","","","","","","","","","","","","","","","","","","","","","","","","","","","","","","","","","","","","","","","","","","","","","","","","","","","","","","","","","","","","","","","","","","","","","","","",""
"28070001","CHARTRES",48.4605,1.501167,155,1983102209,"","","","",6.,1,100,1,"","","","","","","","","","","","","","","","","","","","","","","","","","","","",7.,1,2.2,1,"","","","","","","","","","","","","","","","","","","","","","","","","","",72,1,"","","","","","","","","","","","",7.2,1,1036.3,1,"","","","","","","","",6,1,"","","","","","","","","","","","","","","","","","","","","","","","","","","","","","","","","","","","","","","","","","","","","","","","","","","","","","","","","","","","","","","","","","","","","","","","","","","","","","","","","","","","","","","","","","","","","","","","","","","","","","","",""
"28070001","CHARTRES",48.4605,1.501167,155,1983102212,"","","","",7.,1,80,1,"","","","","","","","","","","","","","","","","","","","","","","","","","","","",11.3,1,1.4,1,"","","","","","","","","","","","","","","","","","","","","","","","","","",51,1,"","","","","","","","","","","","",6.8,1,1035.7,1,"","","","","","","","",6,1,"","","","","","","","","","","","","","","","","","","","","","","","","","","","","","","","","","","","","","","","","","","","","","","","","","","","","","","","","","","","","","","","","","","","","","","","","","","","","","","","","","","","","","","","","","","","","","","","","","","","","","","",""
"28070001","CHARTRES",48.4605,1.501167,155,1983102215,"","","","",6.,1,80,1,"","","","","","","","","","","","","","","","","","","","","","","","","","","","",13.2,1,-2.6,1,"","","","","","","","","","","","","","","","","","","","","","","","","","",33,1,"","","","","","","","","","","","",5.,1,1034.2,1,"","","","","","","","",6,1,"","","","","","","","","","","","","","","","","","","","","","","","","","","","","","","","","","","","","","","","","","","","","","","","","","","","","","","","","","","","","","","","","","","","","","","","","","","","","","","","","","","","","","","","","","","","","","","","","","","","","","","",""
"28070001","CHARTRES",48.4605,1.501167,155,1983102218,"","","","",4.,1,60,1,"","","","","","","","","","","","","","","","","","","","","","","","","","","","",7.6,1,-0.4,1,"","","","","","","","","","","","","","","","","","","","","","","","","","",57,1,"","","","","","","","","","","","",5.9,1,1034.4,1,"","","","","","","","",6,1,"","","","","","","","","","","","","","","","","","","","","","","","","","","","","","","","","","","","","","","","","","","","","","","","","","","","","","","","","","","","","","","","","","","","","","","","","","","","","","","","","","","","","","","","","","","","","","","","","","","","","","","",""
"28070001","CHARTRES",48.4605,1.501167,155,1983102221,"","","","",3.,1,80,1,"","","","","","","","","","","","","","","","","","","","","","","","","","","","",3.7,1,2.2,1,"","","","","","","","","","","","","","","","","","","","","","","","","","",90,1,"","","","","","","","","","","","",7.2,1,1034.5,1,"","","","","","","","",6,1,"","","","","","","","","","","","","","","","","","","","","","","","","","","","","","","","","","","","","","","","","","","","","","","","","","","","","","","","","","","","","","","","","","","","","","","","","","","","","","","","","","","","","","","","","","","","","","","","","","","","","","","",""
"28070001","CHARTRES",48.4605,1.501167,155,1983102300,"","","","",2.,1,80,1,"","","","","","","","","","","","","","","","","","","","","","","","","","","","",2.6,1,1.8,1,"","","","","","","","","","","","","","","","","","","","","","","","","","",95,1,"","","","","","","","","","","","",7.,1,1034.1,1,"","","","","","","","",6,1,"","","","","","","","","","","","","","","","","","","","","","","","","","","","","","","","","","","","","","","","","","","","","","","","","","","","","","","","","","","","","","","","","","","","","","","","","","","","","","","","","","","","","","","","","","","","","","","","","","","","","","","",""
"28070001","CHARTRES",48.4605,1.501167,155,1983102303,"","","","",3.,1,80,1,"","","","","","","","","","","","","","","","","","","","","","","","","","","","",1.8,1,1.4,1,"","","","","","","","","","","","","","","","","","","","","","","","","","",98,1,"","","","","","","","","","","","",6.8,1,1032.7,1,"","","","","","","","",6,1,"","","","","","","","","","","","","","","","","","","","","","","","","","","","","","","","","","","","","","","","","","","","","","","","","","","","","","","","","","","","","","","","","","","","","","","","","","","","","","","","","","","","","","","","","","","","","","","","","","","","","","","",""
"28070001","CHARTRES",48.4605,1.501167,155,1983102306,"","","","",3.,1,80,1,"","","","","","","","","","","","","","","","","","","","","","","","","","","","",0.,1,0.,1,"","","","","","","","","","","","","","","","","","","","","","","","","","",99,1,"","","","","","","","","","","","",6.,1,1031.9,1,"","","","","","","","",6,1,"","","","","","","","","","","","","","","","","","","","","","","","","","","","","","","","","","","","","","","","","","","","","","","","","","","","","","","","","","","","","","","","","","","","","","","","","","","","","","","","","","","","","","","","","","","","","","","","","","","","","","","",""
"28070001","CHARTRES",48.4605,1.501167,155,1983102309,"","","","",3.,1,140,1,"","","","","","","","","","","","","","","","","","","","","","","","","","","","",5.6,1,2.9,1,"","","","","","","","","","","","","","","","","","","","","","","","","","",84,1,"","","","","","","","","","","","",7.6,1,1030.7,1,"","","","","","","","",6,1,"","","","","","","","","","","","","","","","","","","","","","","","","","","","","","","","","","","","","","","","","","","","","","","","","","","","","","","","","","","","","","","","","","","","","","","","","","","","","","","","","","","","","","","","","","","","","","","","","","","","","","","",""
"28070001","CHARTRES",48.4605,1.501167,155,1983102312,"","","","",3.,1,140,1,"","","","","","","","","","","","","","","","","","","","","","","","","","","","",11.8,1,5.7,1,"","","","","","","","","","","","","","","","","","","","","","","","","","",67,1,"","","","","","","","","","","","",9.3,1,1028.9,1,"","","","","","","","",6,1,"","","","","","","","","","","","","","","","","","","","","","","","","","","","","","","","","","","","","","","","","","","","","","","","","","","","","","","","","","","","","","","","","","","","","","","","","","","","","","","","","","","","","","","","","","","","","","","","","","","","","","","",""
"28070001","CHARTRES",48.4605,1.501167,155,1983102315,"","","","",5.,1,120,1,"","","","","","","","","","","","","","","","","","","","","","","","","","","","",14.7,1,4.,1,"","","","","","","","","","","","","","","","","","","","","","","","","","",49,1,"","","","","","","","","","","","",8.2,1,1026.4,1,"","","","","","","","",6,1,"","","","","","","","","","","","","","","","","","","","","","","","","","","","","","","","","","","","","","","","","","","","","","","","","","","","","","","","","","","","","","","","","","","","","","","","","","","","","","","","","","","","","","","","","","","","","","","","","","","","","","","",""
"28070001","CHARTRES",48.4605,1.501167,155,1983102318,"","","","",1.,1,100,1,"","","","","","","","","","","","","","","","","","","","","","","","","","","","",7.8,1,1.4,1,"","","","","","","","","","","","","","","","","","","","","","","","","","",64,1,"","","","","","","","","","","","",6.8,1,1026.2,1,"","","","","","","","",6,1,"","","","","","","","","","","","","","","","","","","","","","","","","","","","","","","","","","","","","","","","","","","","","","","","","","","","","","","","","","","","","","","","","","","","","","","","","","","","","","","","","","","","","","","","","","","","","","","","","","","","","","","",""
"28070001","CHARTRES",48.4605,1.501167,155,1983102321,"","","","",1.,1,100,1,"","","","","","","","","","","","","","","","","","","","","","","","","","","","",3.3,1,2.4,1,"","","","","","","","","","","","","","","","","","","","","","","","","","",94,1,"","","","","","","","","","","","",7.3,1,1026.4,1,"","","","","","","","",6,1,"","","","","","","","","","","","","","","","","","","","","","","","","","","","","","","","","","","","","","","","","","","","","","","","","","","","","","","","","","","","","","","","","","","","","","","","","","","","","","","","","","","","","","","","","","","","","","","","","","","","","","","",""
"28070001","CHARTRES",48.4605,1.501167,155,1983102400,"","","","",1.,1,340,1,"","","","","","","","","","","","","","","","","","","","","","","","","","","","",1.5,1,1.2,1,"","","","","","","","","","","","","","","","","","","","","","","","","","",98,1,"","","","","","","","","","","","",6.7,1,1026.,1,"","","","","","","","",6,1,"","","","","","","","","","","","","","","","","","","","","","","","","","","","","","","","","","","","","","","","","","","","","","","","","","","","","","","","","","","","","","","","","","","","","","","","","","","","","","","","","","","","","","","","","","","","","","","","","","","","","","","",""
"28070001","CHARTRES",48.4605,1.501167,155,1983102403,"","","","",1.,1,20,1,"","","","","","","","","","","","","","","","","","","","","","","","","","","","",-0.4,1,-0.9,1,"","","","","","","","","","","","","","","","","","","","","","","","","","",96,1,"","","","","","","","","","","","",5.7,1,1025.8,1,"","","","","","","","",6,1,"","","","","","","","","","","","","","","","","","","","","","","","","","","","","","","","","","","","","","","","","","","","","","","","","","","","","","","","","","","","","","","","","","","","","","","","","","","","","","","","","","","","","","","","","","","","","","","","","","","","","","","",""
"28070001","CHARTRES",48.4605,1.501167,155,1983102406,"","","","",1.,1,340,1,"","","","","","","","","","","","","","","","","","","","","","","","","","","","",-1.2,1,-2.1,1,"","","","","","","","","","","","","","","","","","","","","","","","","","",93,1,"","","","","","","","","","","","",5.2,1,1026.2,1,"","","","","","",1,1,0,1,0,1,0,1,1,1,"","","","","","","","","","","","","","","","","","","","","","","","",4000,1,"","",10,1,"","","","",4,1,"","","","","","","","","","","","","","","","","","","","","","","","","","","","","","","","","","","","","","","","","","","","","","","","","","","","","","","","","","","","","",""
"28070001","CHARTRES",48.4605,1.501167,155,1983102409,"","","","",2.,1,20,1,"","","","","","","","","","","","","","","","","","","","","","","","","","","","",4.1,1,3.4,1,"","","","","","","","","","","","","","","","","","","","","","","","","","",97,1,"","","","","","","","","","","","",7.9,1,1027.9,1,"","","","","","",5,1,5,1,0,1,0,1,1,1,"","","","","","","","","","","","","","","","","","","","","","","","",4000,1,"","",10,1,1,1,"","","","","","","","","","","","","","","","","","","","","","","","","","","","","","","","","","","","","","","","","","","","","","","","","","","","","","","","","","","","","","","","","",""
"28070001","CHARTRES",48.4605,1.501167,155,1983102412,"","","","",4.,1,40,1,"","","","","","","","","","","","","","","","","","","","","","","","","","","","",10.,1,5.4,1,"","","","","","","","","","","","","","","","","","","","","","","","","","",74,1,"","","","","","","","","","","","",9.1,1,1027.8,1,"","","","","","",5,1,5,1,0,1,0,1,2,1,"","","","","","","","","","","","","","","","","","","","","","","","",10000,1,"","",3,1,1,1,"","","","","","","","","","","","","","","","","","","","","","","","","","","","","","","","","","","","","","","","","","","","","","","","","","","","","","","","","","","","","","","","","",""
"28070001","CHARTRES",48.4605,1.501167,155,1983102415,"","","","",4.,1,40,1,"","","","","","","","","","","","","","","","","","","","","","","","","","","","",12.4,1,5.4,1,"","","","","","","","","","","","","","","","","","","","","","","","","","",63,1,"","","","","","","","","","","","",9.1,1,1027.5,1,"","","","","","","","",5,1,"","","","","","","","","","","","","","","","","","","","","","","","","","","","","","","","","","","","","","","","","","","","","","","","","","","","","","","","","","","","","","","","","","","","","","","","","","","","","","","","","","","","","","","","","","","","","","","","","","","","","","","",""
"28070001","CHARTRES",48.4605,1.501167,155,1983102418,"","","","",3.,1,40,1,"","","","","","","","","","","","","","","","","","","","","","","","","","","","",6.5,1,1.8,1,"","","","","","","","","","","","","","","","","","","","","","","","","","",72,1,"","","","","","","","","","","","",7.,1,1028.1,1,"","","","","","","","",5,1,"","","","","","","","","","","","","","","","","","","","","","","","","","","","","","","","","","","","","","","","","","","","","","","","","","","","","","","","","","","","","","","","","","","","","","","","","","","","","","","","","","","","","","","","","","","","","","","","","","","","","","","",""
"28070001","CHARTRES",48.4605,1.501167,155,1983102421,"","","","",4.,1,40,1,"","","","","","","","","","","","","","","","","","","","","","","","","","","","",4.3,1,4.3,1,"","","","","","","","","","","","","","","","","","","","","","","","","","",99,1,"","","","","","","","","","","","",8.2,1,1030.1,1,"","","","","","","","",5,1,"","","","","","","","","","","","","","","","","","","","","","","","","","","","","","","","","","","","","","","","","","","","","","","","","","","","","","","","","","","","","","","","","","","","","","","","","","","","","","","","","","","","","","","","","","","","","","","","","","","","","","","",""
"28070001","CHARTRES",48.4605,1.501167,155,1983102500,"","","","",4.,1,40,1,"","","","","","","","","","","","","","","","","","","","","","","","","","","","",3.9,1,3.9,1,"","","","","","","","","","","","","","","","","","","","","","","","","","",100,1,"","","","","","","","","","","","",8.1,1,1030.9,1,"","","","","","","","",5,1,"","","","","","","","","","","","","","","","","","","","","","","","","","","","","","","","","","","","","","","","","","","","","","","","","","","","","","","","","","","","","","","","","","","","","","","","","","","","","","","","","","","","","","","","","","","","","","","","","","","","","","","",""
"28070001","CHARTRES",48.4605,1.501167,155,1983102503,"","","","",4.,1,60,1,"","","","","","","","","","","","","","","","","","","","","","","","","","","","",4.1,1,4.1,1,"","","","","","","","","","","","","","","","","","","","","","","","","","",100,1,"","","","","","","","","","","","",8.2,1,1031.1,1,"","","","","","","","",5,1,"","","","","","","","","","","","","","","","","","","","","","","","","","","","","","","","","","","","","","","","","","","","","","","","","","","","","","","","","","","","","","","","","","","","","","","","","","","","","","","","","","","","","","","","","","","","","","","","","","","","","","","",""
"28070001","CHARTRES",48.4605,1.501167,155,1983102506,"","","","",3.,1,80,1,"","","","","","","","","","","","","","","","","","","","","","","","","","","","",4.9,1,4.9,1,"","","","","","","","","","","","","","","","","","","","","","","","","","",100,1,"","","","","","","","","","","","",8.7,1,1031.4,1,"","","","","","",8,1,8,1,6,1,"","","","","","","","","","","","","","","","","","","","","","","","","","","","",500,1,"","",44,1,"","","","",1,1,"","","","","","","","","","","","","","","","","","","","","","","","","","","","","","","","","","","","","","","","","","","","","","","","","","","","","","","","","","","","","",""
"28070001","CHARTRES",48.4605,1.501167,155,1983102509,"","","","",3.,1,60,1,"","","","","","","","","","","","","","","","","","","","","","","","","","","","",5.,1,4.3,1,"","","","","","","","","","","","","","","","","","","","","","","","","","",97,1,"","","","","","","","","","","","",8.4,1,1032.3,1,"","","","","","",8,1,8,1,6,1,"","","","","","","","","","","","","","","","","","","","","","","","","","","","",1400,1,"","",28,1,4,1,"","","","","","","","","","","","","","","","","","","","","","","","","","","","","","","","","","","","","","","","","","","","","","","","","","","","","","","","","","","","","","","","","",""
"28070001","CHARTRES",48.4605,1.501167,155,1983102512,"","","","",2.,1,40,1,"","","","","","","","","","","","","","","","","","","","","","","","","","","","",8.,1,5.6,1,"","","","","","","","","","","","","","","","","","","","","","","","","","",86,1,"","","","","","","","","","","","",9.2,1,1031.3,1,"","","","","","",4,1,0,1,0,1,0,1,1,1,"","","","","","","","","","","","","","","","","","","","","","","","",5000,1,"","",1,1,4,1,"","","","","","","","","","","","","","","","","","","","","","","","","","","","","","","","","","","","","","","","","","","","","","","","","","","","","","","","","","","","","","","","","",""
"28070001","CHARTRES",48.4605,1.501167,155,1983102515,"","","","",3.,1,60,1,"","","","","","","","","","","","","","","","","","","","","","","","","","","","",10.1,1,6.2,1,"","","","","","","","","","","","","","","","","","","","","","","","","","",78,1,"","","","","","","","","","","","",9.6,1,1030.6,1,"","","","","","","","",0,1,"","","","","","","","","","","","","","","","","","","","","","","","","","","","","","","","","","","","","","","","","","","","","","","","","","","","","","","","","","","","","","","","","","","","","","","","","","","","","","","","","","","","","","","","","","","","","","","","","","","","","","","",""
"28070001","CHARTRES",48.4605,1.501167,155,1983102518,"","","","",3.,1,40,1,"","","","","","","","","","","","","","","","","","","","","","","","","","","","",5.9,1,5.3,1,"","","","","","","","","","","","","","","","","","","","","","","","","","",97,1,"","","","","","","","","","","","",9.,1,1031.,1,"","","","","","","","",0,1,"","","","","","","","","","","","","","","","","","","","","","","","","","","","","","","","","","","","","","","","","","","","","","","","","","","","","","","","","","","","","","","","","","","","","","","","","","","","","","","","","","","","","","","","","","","","","","","","","","","","","","","",""
"28070001","CHARTRES",48.4605,1.501167,155,1983102521,"","","","",1.,1,20,1,"","","","","","","","","","","","","","","","","","","","","","","","","","","","",2.9,1,2.9,1,"","","","","","","","","","","","","","","","","","","","","","","","","","",99,1,"","","","","","","","","","","","",7.4,1,1031.3,1,"","","","","","","","",0,1,"","","","","","","","","","","","","","","","","","","","","","","","","","","","","","","","","","","","","","","","","","","","","","","","","","","","","","","","","","","","","","","","","","","","","","","","","","","","","","","","","","","","","","","","","","","","","","","","","","","","","","","",""
"28070001","CHARTRES",48.4605,1.501167,155,1983102600,"","","","",1.,1,320,1,"","","","","","","","","","","","","","","","","","","","","","","","","","","","",1.1,1,1.1,1,"","","","","","","","","","","","","","","","","","","","","","","","","","",100,1,"","","","","","","","","","","","",6.6,1,1031.1,1,"","","","","","","","",0,1,"","","","","","","","","","","","","","","","","","","","","","","","","","","","","","","","","","","","","","","","","","","","","","","","","","","","","","","","","","","","","","","","","","","","","","","","","","","","","","","","","","","","","","","","","","","","","","","","","","","","","","","",""
"28070001","CHARTRES",48.4605,1.501167,155,1983102603,"","","","",0.,1,0,1,"","","","","","","","","","","","","","","","","","","","","","","","","","","","",-0.2,1,-0.2,1,"","","","","","","","","","","","","","","","","","","","","","","","","","",100,1,"","","","","","","","","","","","",6.,1,1030.4,1,"","","","","","","","",0,1,"","","","","","","","","","","","","","","","","","","","","","","","","","","","","","","","","","","","","","","","","","","","","","","","","","","","","","","","","","","","","","","","","","","","","","","","","","","","","","","","","","","","","","","","","","","","","","","","","","","","","","","",""
"28070001","CHARTRES",48.4605,1.501167,155,1983102606,"","","","",1.,1,340,1,"","","","","","","","","","","","","","","","","","","","","","","","","","","","",1.,1,0.6,1,"","","","","","","","","","","","","","","","","","","","","","","","","","",98,1,"","","","","","","","","","","","",6.4,1,1030.2,1,"","","","","","",7,1,0,1,5,1,3,1,1,1,"","","","","","","","","","","","","","","","","","","","","","","","",1800,1,"","",10,1,"","","","",1,1,"","","","","","","","","","","","","","","","","","","","","","","","","","","","","","","","","","","","","","","","","","","","","","","","","","","","","","","","","","","","","",""
"28070001","CHARTRES",48.4605,1.501167,155,1983102609,"","","","",1.,1,140,1,"","","","","","","","","","","","","","","","","","","","","","","","","","","","",6.8,1,4.9,1,"","","","","","","","","","","","","","","","","","","","","","","","","","",90,1,"","","","","","","","","","","","",8.8,1,1030.2,1,"","","","","","",1,1,0,1,0,1,3,1,1,1,"","","","","","","","","","","","","","","","","","","","","","","","",2500,1,"","",10,1,1,1,"","","","","","","","","","","","","","","","","","","","","","","","","","","","","","","","","","","","","","","","","","","","","","","","","","","","","","","","","","","","","","","","","",""
"28070001","CHARTRES",48.4605,1.501167,155,1983102612,"","","","",3.,1,160,1,"","","","","","","","","","","","","","","","","","","","","","","","","","","","",13.,1,6.7,1,"","","","","","","","","","","","","","","","","","","","","","","","","","",67,1,"","","","","","","","","","","","",10.,1,1029.,1,"","","","","","",1,1,0,1,0,1,3,1,2,1,"","","","","","","","","","","","","","","","","","","","","","","","",10000,1,"","",3,1,1,1,"","","","","","","","","","","","","","","","","","","","","","","","","","","","","","","","","","","","","","","","","","","","","","","","","","","","","","","","","","","","","","","","","",""
"28070001","CHARTRES",48.4605,1.501167,155,1983102615,"","","","",2.,1,120,1,"","","","","","","","","","","","","","","","","","","","","","","","","","","","",15.1,1,5.7,1,"","","","","","","","","","","","","","","","","","","","","","","","","","",54,1,"","","","","","","","","","","","",9.3,1,1027.,1,"","","","","","","","",0,1,"","","","","","","","","","","","","","","","","","","","","","","","","","","","","","","","","","","","","","","","","","","","","","","","","","","","","","","","","","","","","","","","","","","","","","","","","","","","","","","","","","","","","","","","","","","","","","","","","","","","","","","",""
"28070001","CHARTRES",48.4605,1.501167,155,1983102618,"","","","",2.,1,160,1,"","","","","","","","","","","","","","","","","","","","","","","","","","","","",8.6,1,3.6,1,"","","","","","","","","","","","","","","","","","","","","","","","","","",72,1,"","","","","","","","","","","","",8.,1,1026.8,1,"","","","","","","","",0,1,"","","","","","","","","","","","","","","","","","","","","","","","","","","","","","","","","","","","","","","","","","","","","","","","","","","","","","","","","","","","","","","","","","","","","","","","","","","","","","","","","","","","","","","","","","","","","","","","","","","","","","","",""
"28070001","CHARTRES",48.4605,1.501167,155,1983102621,"","","","",2.,1,160,1,"","","","","","","","","","","","","","","","","","","","","","","","","","","","",6.2,1,3.4,1,"","","","","","","","","","","","","","","","","","","","","","","","","","",83,1,"","","","","","","","","","","","",7.9,1,1026.6,1,"","","","","","","","",0,1,"","","","","","","","","","","","","","","","","","","","","","","","","","","","","","","","","","","","","","","","","","","","","","","","","","","","","","","","","","","","","","","","","","","","","","","","","","","","","","","","","","","","","","","","","","","","","","","","","","","","","","","",""
"28070001","CHARTRES",48.4605,1.501167,155,1983102700,"","","","",1.,1,200,1,"","","","","","","","","","","","","","","","","","","","","","","","","","","","",5.3,1,3.1,1,"","","","","","","","","","","","","","","","","","","","","","","","","","",86,1,"","","","","","","","","","","","",7.7,1,1025.5,1,"","","","","","","","",0,1,"","","","","","","","","","","","","","","","","","","","","","","","","","","","","","","","","","","","","","","","","","","","","","","","","","","","","","","","","","","","","","","","","","","","","","","","","","","","","","","","","","","","","","","","","","","","","","","","","","","","","","","",""
"28070001","CHARTRES",48.4605,1.501167,155,1983102703,"","","","",1.,1,220,1,"","","","","","","","","","","","","","","","","","","","","","","","","","","","",3.4,1,2.,1,"","","","","","","","","","","","","","","","","","","","","","","","","","",91,1,"","","","","","","","","","","","",7.1,1,1023.8,1,"","","","","","","","",0,1,"","","","","","","","","","","","","","","","","","","","","","","","","","","","","","","","","","","","","","","","","","","","","","","","","","","","","","","","","","","","","","","","","","","","","","","","","","","","","","","","","","","","","","","","","","","","","","","","","","","","","","","",""
"28070001","CHARTRES",48.4605,1.501167,155,1983102706,"","","","",3.,1,220,1,"","","","","","","","","","","","","","","","","","","","","","","","","","","","",1.4,1,0.6,1,"","","","","","","","","","","","","","","","","","","","","","","","","","",94,1,"","","","","","","","","","","","",6.4,1,1023.2,1,"","","","","","",1,1,0,1,0,1,3,1,0,1,"","","","","","","","","","","","","","","","","","","","","","","","",5000,1,"","",0,1,"","","","",1,1,"","","","","","","","","","","","","","","","","","","","","","","","","","","","","","","","","","","","","","","","","","","","","","","","","","","","","","","","","","","","","",""
"28070001","CHARTRES",48.4605,1.501167,155,1983102709,"","","","",2.,1,240,1,"","","","","","","","","","","","","","","","","","","","","","","","","","","","",5.2,1,2.5,1,"","","","","","","","","","","","","","","","","","","","","","","","","","",84,1,"","","","","","","","","","","","",7.4,1,1023.1,1,"","","","","","",0,1,"","",0,1,0,1,0,1,"","","","","","","","","","","","","","","","","","","","","","","","",4500,1,"","",10,1,0,1,"","","","","","","","","","","","","","","","","","","","","","","","","","","","","","","","","","","","","","","","","","","","","","","","","","","","","","","","","","","","","","","","","",""
"28070001","CHARTRES",48.4605,1.501167,155,1983102712,"","","","",2.,1,200,1,"","","","","","","","","","","","","","","","","","","","","","","","","","","","",13.7,1,5.4,1,"","","","","","","","","","","","","","","","","","","","","","","","","","",58,1,"","","","","","","","","","","","",9.1,1,1022.,1,"","","","","","",1,1,0,1,0,1,0,1,2,1,"","","","","","","","","","","","","","","","","","","","","","","","",7000,1,"","",2,1,0,1,"","","","","","","","","","","","","","","","","","","","","","","","","","","","","","","","","","","","","","","","","","","","","","","","","","","","","","","","","","","","","","","","","",""
"28070001","CHARTRES",48.4605,1.501167,155,1983102715,"","","","",4.,1,240,1,"","","","","","","","","","","","","","","","","","","","","","","","","","","","",15.9,1,5.6,1,"","","","","","","","","","","","","","","","","","","","","","","","","","",51,1,"","","","","","","","","","","","",9.2,1,1020.8,1,"","","","","","","","",0,1,"","","","","","","","","","","","","","","","","","","","","","","","","","","","","","","","","","","","","","","","","","","","","","","","","","","","","","","","","","","","","","","","","","","","","","","","","","","","","","","","","","","","","","","","","","","","","","","","","","","","","","","",""
"28070001","CHARTRES",48.4605,1.501167,155,1983102718,"","","","",1.,1,320,1,"","","","","","","","","","","","","","","","","","","","","","","","","","","","",10.2,1,7.8,1,"","","","","","","","","","","","","","","","","","","","","","","","","","",87,1,"","","","","","","","","","","","",10.8,1,1021.,1,"","","","","","","","",0,1,"","","","","","","","","","","","","","","","","","","","","","","","","","","","","","","","","","","","","","","","","","","","","","","","","","","","","","","","","","","","","","","","","","","","","","","","","","","","","","","","","","","","","","","","","","","","","","","","","","","","","","","",""
"28070001","CHARTRES",48.4605,1.501167,155,1983102721,"","","","",1.,1,300,1,"","","","","","","","","","","","","","","","","","","","","","","","","","","","",6.1,1,5.3,1,"","","","","","","","","","","","","","","","","","","","","","","","","","",96,1,"","","","","","","","","","","","",9.,1,1021.8,1,"","","","","","","","",0,1,"","","","","","","","","","","","","","","","","","","","","","","","","","","","","","","","","","","","","","","","","","","","","","","","","","","","","","","","","","","","","","","","","","","","","","","","","","","","","","","","","","","","","","","","","","","","","","","","","","","","","","","",""
"28070001","CHARTRES",48.4605,1.501167,155,1983102800,"","","","",2.,1,360,1,"","","","","","","","","","","","","","","","","","","","","","","","","","","","",2.8,1,2.4,1,"","","","","","","","","","","","","","","","","","","","","","","","","","",98,1,"","","","","","","","","","","","",7.3,1,1021.9,1,"","","","","","","","",0,1,"","","","","","","","","","","","","","","","","","","","","","","","","","","","","","","","","","","","","","","","","","","","","","","","","","","","","","","","","","","","","","","","","","","","","","","","","","","","","","","","","","","","","","","","","","","","","","","","","","","","","","","",""
"28070001","CHARTRES",48.4605,1.501167,155,1983102803,"","","","",2.,1,340,1,"","","","","","","","","","","","","","","","","","","","","","","","","","","","",6.2,1,4.8,1,"","","","","","","","","","","","","","","","","","","","","","","","","","",92,1,"","","","","","","","","","","","",8.7,1,1021.4,1,"","","","","","","","",0,1,"","","","","","","","","","","","","","","","","","","","","","","","","","","","","","","","","","","","","","","","","","","","","","","","","","","","","","","","","","","","","","","","","","","","","","","","","","","","","","","","","","","","","","","","","","","","","","","","","","","","","","","",""
"28070001","CHARTRES",48.4605,1.501167,155,1983102806,"","","","",1.,1,120,1,"","","","","","","","","","","","","","","","","","","","","","","","","","","","",6.2,1,4.8,1,"","","","","","","","","","","","","","","","","","","","","","","","","","",92,1,"","","","","","","","","","","","",8.7,1,1021.2,1,"","","","","","",7,1,7,1,5,1,"","","","","","","","","","","","","","","","","","","","","","","","","","","","",5000,1,"","",0,1,"","","","",1,1,"","","","","","","","","","","","","","","","","","","","","","","","","","","","","","","","","","","","","","","","","","","","","","","","","","","","","","","","","","","","","",""
"28070001","CHARTRES",48.4605,1.501167,155,1983102809,"","","","",2.,1,260,1,"","","","","","","","","","","","","","","","","","","","","","","","","","","","",8.6,1,6.9,1,"","","","","","","","","","","","","","","","","","","","","","","","","","",90,1,"","","","","","","","","","","","",10.1,1,1021.9,1,"","","","","","",2,1,0,1,5,1,0,1,1,1,"","","","","","","","","","","","","","","","","","","","","","","","",6000,1,"","",1,1,1,1,"","","","","","","","","","","","","","","","","","","","","","","","","","","","","","","","","","","","","","","","","","","","","","","","","","","","","","","","","","","","","","","","","",""
"28070001","CHARTRES",48.4605,1.501167,155,1983102812,"","","","",3.,1,340,1,"","","","","","","","","","","","","","","","","","","","","","","","","","","","",13.,1,7.2,1,"","","","","","","","","","","","","","","","","","","","","","","","","","",69,1,"","","","","","","","","","","","",10.3,1,1021.1,1,"","","","","","",7,1,7,1,4,1,"","","","","","","","","","","","","","","","","","","","","","","","","","","","",15000,1,"","",3,1,1,1,"","","","","","","","","","","","","","","","","","","","","","","","","","","","","","","","","","","","","","","","","","","","","","","","","","","","","","","","","","","","","","","","","",""
"28070001","CHARTRES",48.4605,1.501167,155,1983102815,"","","","",5.,1,40,1,"","","","","","","","","","","","","","","","","","","","","","","","","","","","",9.5,1,7.3,1,"","","","","","","","","","","","","","","","","","","","","","","","","","",88,1,"","","","","","","","","","","","",10.4,1,1021.5,1,"","","","","","","","",7,1,"","","","","","","","","","","","","","","","","","","","","","","","","","","","","","","","","","","","","","","","","","","","","","","","","","","","","","","","","","","","","","","","","","","","","","","","","","","","","","","","","","","","","","","","","","","","","","","","","","","","","","","",""
"28070001","CHARTRES",48.4605,1.501167,155,1983102818,"","","","",3.,1,40,1,"","","","","","","","","","","","","","","","","","","","","","","","","","","","",7.8,1,6.5,1,"","","","","","","","","","","","","","","","","","","","","","","","","","",93,1,"","","","","","","","","","","","",9.8,1,1022.8,1,"","","","","","","","",7,1,"","","","","","","","","","","","","","","","","","","","","","","","","","","","","","","","","","","","","","","","","","","","","","","","","","","","","","","","","","","","","","","","","","","","","","","","","","","","","","","","","","","","","","","","","","","","","","","","","","","","","","","",""
"28070001","CHARTRES",48.4605,1.501167,155,1983102821,"","","","",5.,1,40,1,"","","","","","","","","","","","","","","","","","","","","","","","","","","","",6.,1,3.7,1,"","","","","","","","","","","","","","","","","","","","","","","","","","",86,1,"","","","","","","","","","","","",8.,1,1024.6,1,"","","","","","","","",7,1,"","","","","","","","","","","","","","","","","","","","","","","","","","","","","","","","","","","","","","","","","","","","","","","","","","","","","","","","","","","","","","","","","","","","","","","","","","","","","","","","","","","","","","","","","","","","","","","","","","","","","","","",""
"28070001","CHARTRES",48.4605,1.501167,155,1983102900,"","","","",3.,1,20,1,"","","","","","","","","","","","","","","","","","","","","","","","","","","","",2.5,1,1.,1,"","","","","","","","","","","","","","","","","","","","","","","","","","",90,1,"","","","","","","","","","","","",6.6,1,1025.3,1,"","","","","","","","",7,1,"","","","","","","","","","","","","","","","","","","","","","","","","","","","","","","","","","","","","","","","","","","","","","","","","","","","","","","","","","","","","","","","","","","","","","","","","","","","","","","","","","","","","","","","","","","","","","","","","","","","","","","",""
"28070001","CHARTRES",48.4605,1.501167,155,1983102903,"","","","",4.,1,40,1,"","","","","","","","","","","","","","","","","","","","","","","","","","","","",1.9,1,0.6,1,"","","","","","","","","","","","","","","","","","","","","","","","","","",92,1,"","","","","","","","","","","","",6.4,1,1025.6,1,"","","","","","","","",7,1,"","","","","","","","","","","","","","","","","","","","","","","","","","","","","","","","","","","","","","","","","","","","","","","","","","","","","","","","","","","","","","","","","","","","","","","","","","","","","","","","","","","","","","","","","","","","","","","","","","","","","","","",""
"28070001","CHARTRES",48.4605,1.501167,155,1983102906,"","","","",5.,1,40,1,"","","","","","","","","","","","","","","","","","","","","","","","","","","","",1.1,1,0.1,1,"","","","","","","","","","","","","","","","","","","","","","","","","","",94,1,"","","","","","","","","","","","",6.2,1,1026.1,1,"","","","","","","","",7,1,"","","","","","","","","","","","","","","","","","","","","","","","","","","","","","","","","","","","","","","","","","","","","","","","","","","","","","","","","","","","","","","","","","","","","","","","","","","","","","","","","","","","","","","","","","","","","","","","","","","","","","","",""
"28070001","CHARTRES",48.4605,1.501167,155,1983102909,"","","","",6.,1,40,1,"","","","","","","","","","","","","","","","","","","","","","","","","","","","",4.2,1,3.1,1,"","","","","","","","","","","","","","","","","","","","","","","","","","",93,1,"","","","","","","","","","","","",7.7,1,1027.3,1,"","","","","","","","",7,1,"","","","","","","","","","","","","","","","","","","","","","","","","","","","","","","","","","","","","","","","","","","","","","","","","","","","","","","","","","","","","","","","","","","","","","","","","","","","","","","","","","","","","","","","","","","","","","","","","","","","","","","",""
"28070001","CHARTRES",48.4605,1.501167,155,1983102912,"","","","",9.,1,60,1,"","","","","","","","","","","","","","","","","","","","","","","","","","","","",8.7,1,1.,1,"","","","","","","","","","","","","","","","","","","","","","","","","","",59,1,"","","","","","","","","","","","",6.6,1,1027.1,1,"","","","","","","","",7,1,"","","","","","","","","","","","","","","","","","","","","","","","","","","","","","","","","","","","","","","","","","","","","","","","","","","","","","","","","","","","","","","","","","","","","","","","","","","","","","","","","","","","","","","","","","","","","","","","","","","","","","","",""
"28070001","CHARTRES",48.4605,1.501167,155,1983102915,"","","","",8.,1,60,1,"","","","","","","","","","","","","","","","","","","","","","","","","","","","",8.7,1,-3.1,1,"","","","","","","","","","","","","","","","","","","","","","","","","","",43,1,"","","","","","","","","","","","",4.8,1,1027.1,1,"","","","","","","","",7,1,"","","","","","","","","","","","","","","","","","","","","","","","","","","","","","","","","","","","","","","","","","","","","","","","","","","","","","","","","","","","","","","","","","","","","","","","","","","","","","","","","","","","","","","","","","","","","","","","","","","","","","","",""
"28070001","CHARTRES",48.4605,1.501167,155,1983102918,"","","","",4.,1,60,1,"","","","","","","","","","","","","","","","","","","","","","","","","","","","",4.8,1,-3.4,1,"","","","","","","","","","","","","","","","","","","","","","","","","","",55,1,"","","","","","","","","","","","",4.7,1,1028.4,1,"","","","","","","","",7,1,"","","","","","","","","","","","","","","","","","","","","","","","","","","","","","","","","","","","","","","","","","","","","","","","","","","","","","","","","","","","","","","","","","","","","","","","","","","","","","","","","","","","","","","","","","","","","","","","","","","","","","","",""
"28070001","CHARTRES",48.4605,1.501167,155,1983102921,"","","","",3.,1,40,1,"","","","","","","","","","","","","","","","","","","","","","","","","","","","",2.2,1,0.,1,"","","","","","","","","","","","","","","","","","","","","","","","","","",85,1,"","","","","","","","","","","","",6.1,1,1028.8,1,"","","","","","","","",7,1,"","","","","","","","","","","","","","","","","","","","","","","","","","","","","","","","","","","","","","","","","","","","","","","","","","","","","","","","","","","","","","","","","","","","","","","","","","","","","","","","","","","","","","","","","","","","","","","","","","","","","","","",""
"28070001","CHARTRES",48.4605,1.501167,155,1983103000,"","","","",5.,1,40,1,"","","","","","","","","","","","","","","","","","","","","","","","","","","","",1.4,1,0.1,1,"","","","","","","","","","","","","","","","","","","","","","","","","","",92,1,"","","","","","","","","","","","",6.2,1,1028.7,1,"","","","","","","","",7,1,"","","","","","","","","","","","","","","","","","","","","","","","","","","","","","","","","","","","","","","","","","","","","","","","","","","","","","","","","","","","","","","","","","","","","","","","","","","","","","","","","","","","","","","","","","","","","","","","","","","","","","","",""
"28070001","CHARTRES",48.4605,1.501167,155,1983103003,"","","","",3.,1,20,1,"","","","","","","","","","","","","","","","","","","","","","","","","","","","",0.7,1,-0.2,1,"","","","","","","","","","","","","","","","","","","","","","","","","","",94,1,"","","","","","","","","","","","",6.,1,1028.,1,"","","","","","","","",7,1,"","","","","","","","","","","","","","","","","","","","","","","","","","","","","","","","","","","","","","","","","","","","","","","","","","","","","","","","","","","","","","","","","","","","","","","","","","","","","","","","","","","","","","","","","","","","","","","","","","","","","","","",""
"28070001","CHARTRES",48.4605,1.501167,155,1983103006,"","","","",5.,1,20,1,"","","","","","","","","","","","","","","","","","","","","","","","","","","","",0.2,1,-0.6,1,"","","","","","","","","","","","","","","","","","","","","","","","","","",94,1,"","","","","","","","","","","","",5.8,1,1027.8,1,"","","","","","","","",7,1,"","","","","","","","","","","","","","","","","","","","","","","","","","","","","","","","","","","","","","","","","","","","","","","","","","","","","","","","","","","","","","","","","","","","","","","","","","","","","","","","","","","","","","","","","","","","","","","","","","","","","","","",""
"28070001","CHARTRES",48.4605,1.501167,155,1983103009,"","","","",5.,1,60,1,"","","","","","","","","","","","","","","","","","","","","","","","","","","","",3.7,1,0.8,1,"","","","","","","","","","","","","","","","","","","","","","","","","","",82,1,"","","","","","","","","","","","",6.5,1,1028.4,1,"","","","","","","","",7,1,"","","","","","","","","","","","","","","","","","","","","","","","","","","","","","","","","","","","","","","","","","","","","","","","","","","","","","","","","","","","","","","","","","","","","","","","","","","","","","","","","","","","","","","","","","","","","","","","","","","","","","","",""
"28070001","CHARTRES",48.4605,1.501167,155,1983103012,"","","","",7.,1,40,1,"","","","","","","","","","","","","","","","","","","","","","","","","","","","",8.9,1,2.,1,"","","","","","","","","","","","","","","","","","","","","","","","","","",62,1,"","","","","","","","","","","","",7.1,1,1027.1,1,"","","","","","","","",7,1,"","","","","","","","","","","","","","","","","","","","","","","","","","","","","","","","","","","","","","","","","","","","","","","","","","","","","","","","","","","","","","","","","","","","","","","","","","","","","","","","","","","","","","","","","","","","","","","","","","","","","","","",""
"28070001","CHARTRES",48.4605,1.501167,155,1983103015,"","","","",5.,1,60,1,"","","","","","","","","","","","","","","","","","","","","","","","","","","","",8.4,1,-0.4,1,"","","","","","","","","","","","","","","","","","","","","","","","","","",54,1,"","","","","","","","","","","","",5.9,1,1026.5,1,"","","","","","","","",7,1,"","","","","","","","","","","","","","","","","","","","","","","","","","","","","","","","","","","","","","","","","","","","","","","","","","","","","","","","","","","","","","","","","","","","","","","","","","","","","","","","","","","","","","","","","","","","","","","","","","","","","","","",""
"28070001","CHARTRES",48.4605,1.501167,155,1983103018,"","","","",3.,1,360,1,"","","","","","","","","","","","","","","","","","","","","","","","","","","","",5.,1,2.,1,"","","","","","","","","","","","","","","","","","","","","","","","","","",82,1,"","","","","","","","","","","","",7.1,1,1027.1,1,"","","","","","","","",7,1,"","","","","","","","","","","","","","","","","","","","","","","","","","","","","","","","","","","","","","","","","","","","","","","","","","","","","","","","","","","","","","","","","","","","","","","","","","","","","","","","","","","","","","","","","","","","","","","","","","","","","","","",""
"28070001","CHARTRES",48.4605,1.501167,155,1983103021,"","","","",3.,1,300,1,"","","","","","","","","","","","","","","","","","","","","","","","","","","","",4.,1,2.2,1,"","","","","","","","","","","","","","","","","","","","","","","","","","",89,1,"","","","","","","","","","","","",7.2,1,1027.3,1,"","","","","","","","",7,1,"","","","","","","","","","","","","","","","","","","","","","","","","","","","","","","","","","","","","","","","","","","","","","","","","","","","","","","","","","","","","","","","","","","","","","","","","","","","","","","","","","","","","","","","","","","","","","","","","","","","","","","",""
"28070001","CHARTRES",48.4605,1.501167,155,1983103100,"","","","",3.,1,280,1,"","","","","","","","","","","","","","","","","","","","","","","","","","","","",3.1,1,2.,1,"","","","","","","","","","","","","","","","","","","","","","","","","","",93,1,"","","","","","","","","","","","",7.1,1,1027.2,1,"","","","","","","","",7,1,"","","","","","","","","","","","","","","","","","","","","","","","","","","","","","","","","","","","","","","","","","","","","","","","","","","","","","","","","","","","","","","","","","","","","","","","","","","","","","","","","","","","","","","","","","","","","","","","","","","","","","","",""
"28070001","CHARTRES",48.4605,1.501167,155,1983103103,"","","","",3.,1,300,1,"","","","","","","","","","","","","","","","","","","","","","","","","","","","",5.9,1,4.8,1,"","","","","","","","","","","","","","","","","","","","","","","","","","",94,1,"","","","","","","","","","","","",8.7,1,1026.8,1,"","","","","","","","",7,1,"","","","","","","","","","","","","","","","","","","","","","","","","","","","","","","","","","","","","","","","","","","","","","","","","","","","","","","","","","","","","","","","","","","","","","","","","","","","","","","","","","","","","","","","","","","","","","","","","","","","","","","",""
"28070001","CHARTRES",48.4605,1.501167,155,1983103106,"","","","",4.,1,280,1,"","","","","","","","","","","","","","","","","","","","","","","","","","","","",6.9,1,5.6,1,"","","","","","","","","","","","","","","","","","","","","","","","","","",93,1,"","","","","","","","","","","","",9.2,1,1026.9,1,"","","","","","","","",7,1,"","","","","","","","","","","","","","","","","","","","","","","","","","","","","","","","","","","","","","","","","","","","","","","","","","","","","","","","","","","","","","","","","","","","","","","","","","","","","","","","","","","","","","","","","","","","","","","","","","","","","","","",""
"28070001","CHARTRES",48.4605,1.501167,155,1983103109,"","","","",4.,1,300,1,"","","","","","","","","","","","","","","","","","","","","","","","","","","","",8.7,1,7.2,1,"","","","","","","","","","","","","","","","","","","","","","","","","","",92,1,"","","","","","","","","","","","",10.3,1,1028.1,1,"","","","","","","","",7,1,"","","","","","","","","","","","","","","","","","","","","","","","","","","","","","","","","","","","","","","","","","","","","","","","","","","","","","","","","","","","","","","","","","","","","","","","","","","","","","","","","","","","","","","","","","","","","","","","","","","","","","","",""
"28070001","CHARTRES",48.4605,1.501167,155,1983103112,"","","","",5.,1,320,1,"","","","","","","","","","","","","","","","","","","","","","","","","","","","",13.,1,9.7,1,"","","","","","","","","","","","","","","","","","","","","","","","","","",82,1,"","","","","","","","","","","","",12.3,1,1028.4,1,"","","","","","","","",7,1,"","","","","","","","","","","","","","","","","","","","","","","","","","","","","","","","","","","","","","","","","","","","","","","","","","","","","","","","","","","","","","","","","","","","","","","","","","","","","","","","","","","","","","","","","","","","","","","","","","","","","","","",""
"28070001","CHARTRES",48.4605,1.501167,155,1983103115,"","","","",3.,1,320,1,"","","","","","","","","","","","","","","","","","","","","","","","","","","","",12.,1,9.2,1,"","","","","","","","","","","","","","","","","","","","","","","","","","",85,1,"","","","","","","","","","","","",11.9,1,1028.5,1,"","","","","","","","",7,1,"","","","","","","","","","","","","","","","","","","","","","","","","","","","","","","","","","","","","","","","","","","","","","","","","","","","","","","","","","","","","","","","","","","","","","","","","","","","","","","","","","","","","","","","","","","","","","","","","","","","","","","",""
"28070001","CHARTRES",48.4605,1.501167,155,1983103118,"","","","",2.,1,360,1,"","","","","","","","","","","","","","","","","","","","","","","","","","","","",10.6,1,6.7,1,"","","","","","","","","","","","","","","","","","","","","","","","","","",78,1,"","","","","","","","","","","","",10.,1,1030.4,1,"","","","","","","","",7,1,"","","","","","","","","","","","","","","","","","","","","","","","","","","","","","","","","","","","","","","","","","","","","","","","","","","","","","","","","","","","","","","","","","","","","","","","","","","","","","","","","","","","","","","","","","","","","","","","","","","","","","","",""
"28070001","CHARTRES",48.4605,1.501167,155,1983103121,"","","","",3.,1,320,1,"","","","","","","","","","","","","","","","","","","","","","","","","","","","",10.,1,4.9,1,"","","","","","","","","","","","","","","","","","","","","","","","","","",72,1,"","","","","","","","","","","","",8.8,1,1031.2,1,"","","","","","","","",7,1,"","","","","","","","","","","","","","","","","","","","","","","","","","","","","","","","","","","","","","","","","","","","","","","","","","","","","","","","","","","","","","","","","","","","","","","","","","","","","","","","","","","","","","","","","","","","","","","","","","","","","","","",""
"28070001","CHARTRES",48.4605,1.501167,155,1983110100,"","","","",2.,1,300,1,"","","","","","","","","","","","","","","","","","","","","","","","","","","","",9.8,1,6.3,1,"","","","","","","","","","","","","","","","","","","","","","","","","","",80,1,"","","","","","","","","","","","",9.7,1,1031.4,1,"","","","","","","","","","","","","","","","","","","","","","","","","","","","","","","","","","","","","","","","","","","","","","","","","","","","","","","","","","","","","","","","","","","","","","","","","","","","","","","","","","","","","","","","","","","","","","","","","","","","","","","","","","","","","","","","","",""
"28070001","CHARTRES",48.4605,1.501167,155,1983110103,"","","","",2.,1,280,1,"","","","","","","","","","","","","","","","","","","","","","","","","","","","",9.5,1,7.,1,"","","","","","","","","","","","","","","","","","","","","","","","","","",86,1,"","","","","","","","","","","","",10.2,1,1031.4,1,"","","","","","","","","","","","","","","","","","","","","","","","","","","","","","","","","","","","","","","","","","","","","","","","","","","","","","","","","","","","","","","","","","","","","","","","","","","","","","","","","","","","","","","","","","","","","","","","","","","","","","","","","","","","","","","","","",""
"28070001","CHARTRES",48.4605,1.501167,155,1983110106,"","","","",3.,1,300,1,"","","","","","","","","","","","","","","","","","","","","","","","","","","","",9.9,1,7.7,1,"","","","","","","","","","","","","","","","","","","","","","","","","","",88,1,"","","","","","","","","","","","",10.7,1,1031.5,1,"","","","","","","","","","","","","","","","","","","","","","","","","","","","","","","","","","","","","","","","","","","","","","","","","","","","","","","","","","","","","","","","","","","","","","","","","","","","","","","","","","","","","","","","","","","","","","","","","","","","","","","","","","","","","","","","","",""
"28070001","CHARTRES",48.4605,1.501167,155,1983110109,"","","","",3.,1,280,1,"","","","","","","","","","","","","","","","","","","","","","","","","","","","",11.2,1,10.1,1,"","","","","","","","","","","","","","","","","","","","","","","","","","",95,1,"","","","","","","","","","","","",12.6,1,1032.,1,"","","","","","","","","","","","","","","","","","","","","","","","","","","","","","","","","","","","","","","","","","","","","","","","","","","","","","","","","","","","","","","","","","","","","","","","","","","","","","","","","","","","","","","","","","","","","","","","","","","","","","","","","","","","","","","","","",""
"28070001","CHARTRES",48.4605,1.501167,155,1983110112,"","","","",4.,1,320,1,"","","","","","","","","","","","","","","","","","","","","","","","","","","","",14.,1,10.3,1,"","","","","","","","","","","","","","","","","","","","","","","","","","",80,1,"","","","","","","","","","","","",12.8,1,1031.6,1,"","","","","","","","","","","","","","","","","","","","","","","","","","","","","","","","","","","","","","","","","","","","","","","","","","","","","","","","","","","","","","","","","","","","","","","","","","","","","","","","","","","","","","","","","","","","","","","","","","","","","","","","","","","","","","","","","",""
"28070001","CHARTRES",48.4605,1.501167,155,1983110115,"","","","",3.,1,340,1,"","","","","","","","","","","","","","","","","","","","","","","","","","","","",13.,1,8.7,1,"","","","","","","","","","","","","","","","","","","","","","","","","","",77,1,"","","","","","","","","","","","",11.5,1,1031.,1,"","","","","","","","","","","","","","","","","","","","","","","","","","","","","","","","","","","","","","","","","","","","","","","","","","","","","","","","","","","","","","","","","","","","","","","","","","","","","","","","","","","","","","","","","","","","","","","","","","","","","","","","","","","","","","","","","",""
"28070001","CHARTRES",48.4605,1.501167,155,1983110118,"","","","",2.,1,320,1,"","","","","","","","","","","","","","","","","","","","","","","","","","","","",11.9,1,10.4,1,"","","","","","","","","","","","","","","","","","","","","","","","","","",93,1,"","","","","","","","","","","","",12.9,1,1031.,1,"","","","","","","","","","","","","","","","","","","","","","","","","","","","","","","","","","","","","","","","","","","","","","","","","","","","","","","","","","","","","","","","","","","","","","","","","","","","","","","","","","","","","","","","","","","","","","","","","","","","","","","","","","","","","","","","","",""
"28070001","CHARTRES",48.4605,1.501167,155,1983110121,"","","","",2.,1,320,1,"","","","","","","","","","","","","","","","","","","","","","","","","","","","",11.2,1,10.1,1,"","","","","","","","","","","","","","","","","","","","","","","","","","",95,1,"","","","","","","","","","","","",12.6,1,1031.,1,"","","","","","","","","","","","","","","","","","","","","","","","","","","","","","","","","","","","","","","","","","","","","","","","","","","","","","","","","","","","","","","","","","","","","","","","","","","","","","","","","","","","","","","","","","","","","","","","","","","","","","","","","","","","","","","","","",""
"28070001","CHARTRES",48.4605,1.501167,155,1983110200,"","","","",1.,1,320,1,"","","","","","","","","","","","","","","","","","","","","","","","","","","","",11.1,1,9.9,1,"","","","","","","","","","","","","","","","","","","","","","","","","","",94,1,"","","","","","","","","","","","",12.4,1,1029.6,1,"","","","","","","","","","","","","","","","","","","","","","","","","","","","","","","","","","","","","","","","","","","","","","","","","","","","","","","","","","","","","","","","","","","","","","","","","","","","","","","","","","","","","","","","","","","","","","","","","","","","","","","","","","","","","","","","","",""
"28070001","CHARTRES",48.4605,1.501167,155,1983110203,"","","","",1.,1,260,1,"","","","","","","","","","","","","","","","","","","","","","","","","","","","",11.,1,11.,1,"","","","","","","","","","","","","","","","","","","","","","","","","","",99,1,"","","","","","","","","","","","",13.,1,1029.6,1,"","","","","","","","","","","","","","","","","","","","","","","","","","","","","","","","","","","","","","","","","","","","","","","","","","","","","","","","","","","","","","","","","","","","","","","","","","","","","","","","","","","","","","","","","","","","","","","","","","","","","","","","","","","","","","","","","",""
"28070001","CHARTRES",48.4605,1.501167,155,1983110206,"","","","",1.,1,360,1,"","","","","","","","","","","","","","","","","","","","","","","","","","","","",11.,1,11.,1,"","","","","","","","","","","","","","","","","","","","","","","","","","",99,1,"","","","","","","","","","","","",12.9,1,1029.1,1,"","","","","","",8,1,8,1,7,1,"","","","","","","","","","","","","","","","","","","","","","","","","","","","",400,1,"","",51,1,"","","","",2,1,"","","","","","","","","","","","","","","","","","","","","","","","","","","","","","","","","","","","","","","","","","","","","","","","","","","","","","","","","","","","","",""
"28070001","CHARTRES",48.4605,1.501167,155,1983110209,"","","","",1.,1,200,1,"","","","","","","","","","","","","","","","","","","","","","","","","","","","",11.8,1,10.,1,"","","","","","","","","","","","","","","","","","","","","","","","","","",90,1,"","","","","","","","","","","","",12.5,1,1029.1,1,"","","","","","",8,1,8,1,7,1,"","","","","","","","","","","","","","","","","","","","","","","","","","","","",1000,1,"","",50,1,5,1,"","","","","","","","","","","","","","","","","","","","","","","","","","","","","","","","","","","","","","","","","","","","","","","","","","","","","","","","","","","","","","","","","",""
"28070001","CHARTRES",48.4605,1.501167,155,1983110212,"","","","",1.,1,120,1,"","","","","","","","","","","","","","","","","","","","","","","","","","","","",12.9,1,11.2,1,"","","","","","","","","","","","","","","","","","","","","","","","","","",92,1,"","","","","","","","","","","","",13.6,1,1027.1,1,"","","","","","",8,1,8,1,7,1,"","","","","","","","","","","","","","","","","","","","","","","","","","","","",10000,1,"","",2,1,5,1,"","","","","","","","","","","","","","","","","","","","","","","","","","","","","","","","","","","","","","","","","","","","","","","","","","","","","","","","","","","","","","","","","",""
"28070001","CHARTRES",48.4605,1.501167,155,1983110215,"","","","",3.,1,100,1,"","","","","","","","","","","","","","","","","","","","","","","","","","","","",13.2,1,11.2,1,"","","","","","","","","","","","","","","","","","","","","","","","","","",90,1,"","","","","","","","","","","","",13.6,1,1024.4,1,"","","","","","","","",8,1,"","","","","","","","","","","","","","","","","","","","","","","","","","","","","","",10000,1,"","","","","","","","","","","","","","","","","","","","","","","","","","","","","","","","","","","","","","","","","","","","","","","","","","","","","","","","","","","","","","","","","","","","","","","",""
"28070001","CHARTRES",48.4605,1.501167,155,1983110218,"","","","",3.,1,140,1,"","","","","","","","","","","","","","","","","","","","","","","","","","","","",10.,1,8.5,1,"","","","","","","","","","","","","","","","","","","","","","","","","","",92,1,"","","","","","","","","","","","",11.3,1,1024.,1,"","","","","","","","",8,1,"","","","","","","","","","","","","","","","","","","","","","","","","","","","","","","","","","","","","","","","","","","","","","","","","","","","","","","","","","","","","","","","","","","","","","","","","","","","","","","","","","","","","","","","","","","","","","","","","","","","","","","",""
"28070001","CHARTRES",48.4605,1.501167,155,1983110221,"","","","",3.,1,160,1,"","","","","","","","","","","","","","","","","","","","","","","","","","","","",8.1,1,7.2,1,"","","","","","","","","","","","","","","","","","","","","","","","","","",95,1,"","","","","","","","","","","","",10.3,1,1023.5,1,"","","","","","","","",8,1,"","","","","","","","","","","","","","","","","","","","","","","","","","","","","","","","","","","","","","","","","","","","","","","","","","","","","","","","","","","","","","","","","","","","","","","","","","","","","","","","","","","","","","","","","","","","","","","","","","","","","","","",""
"28070001","CHARTRES",48.4605,1.501167,155,1983110300,"","","","",3.,1,220,1,"","","","","","","","","","","","","","","","","","","","","","","","","","","","",5.2,1,4.5,1,"","","","","","","","","","","","","","","","","","","","","","","","","","",96,1,"","","","","","","","","","","","",8.5,1,1022.5,1,"","","","","","","","",8,1,"","","","","","","","","","","","","","","","","","","","","","","","","","","","","","","","","","","","","","","","","","","","","","","","","","","","","","","","","","","","","","","","","","","","","","","","","","","","","","","","","","","","","","","","","","","","","","","","","","","","","","","",""
"28070001","CHARTRES",48.4605,1.501167,155,1983110303,"","","","",2.,1,160,1,"","","","","","","","","","","","","","","","","","","","","","","","","","","","",4.,1,3.6,1,"","","","","","","","","","","","","","","","","","","","","","","","","","",98,1,"","","","","","","","","","","","",8.,1,1021.3,1,"","","","","","","","",8,1,"","","","","","","","","","","","","","","","","","","","","","","","","","","","","","","","","","","","","","","","","","","","","","","","","","","","","","","","","","","","","","","","","","","","","","","","","","","","","","","","","","","","","","","","","","","","","","","","","","","","","","","",""
"28070001","CHARTRES",48.4605,1.501167,155,1983110306,"","","","",2.,1,160,1,"","","","","","","","","","","","","","","","","","","","","","","","","","","","",3.,1,2.5,1,"","","","","","","","","","","","","","","","","","","","","","","","","","",98,1,"","","","","","","","","","","","",7.4,1,1020.4,1,"","","","","","",0,1,"","",0,1,0,1,0,1,"","","","","","","","","","","","","","","","","","","","","","","","",800,1,"","",44,1,"","","","",1,1,"","","","","","","","","","","","","","","","","","","","","","","","","","","","","","","","","","","","","","","","","","","","","","","","","","","","","","","","","","","","","",""
"28070001","CHARTRES",48.4605,1.501167,155,1983110309,"","","","",1.,1,120,1,"","","","","","","","","","","","","","","","","","","","","","","","","","","","",5.1,1,4.3,1,"","","","","","","","","","","","","","","","","","","","","","","","","","",95,1,"","","","","","","","","","","","",8.4,1,1020.,1,"","","","","","",0,1,"","",0,1,0,1,0,1,"","","","","","","","","","","","","","","","","","","","","","","","",4000,1,"","",28,1,4,1,"","","","","","","","","","","","","","","","","","","","","","","","","","","","","","","","","","","","","","","","","","","","","","","","","","","","","","","","","","","","","","","","","",""
"28070001","CHARTRES",48.4605,1.501167,155,1983110312,"","","","",4.,1,180,1,"","","","","","","","","","","","","","","","","","","","","","","","","","","","",13.7,1,7.8,1,"","","","","","","","","","","","","","","","","","","","","","","","","","",69,1,"","","","","","","","","","","","",10.8,1,1018.,1,"","","","","","",0,1,"","",0,1,0,1,0,1,"","","","","","","","","","","","","","","","","","","","","","","","",10000,1,"","",2,1,4,1,"","","","","","","","","","","","","","","","","","","","","","","","","","","","","","","","","","","","","","","","","","","","","","","","","","","","","","","","","","","","","","","","","",""
"28070001","CHARTRES",48.4605,1.501167,155,1983110315,"","","","",6.,1,200,1,"","","","","","","","","","","","","","","","","","","","","","","","","","","","",17.,1,7.8,1,"","","","","","","","","","","","","","","","","","","","","","","","","","",56,1,"","","","","","","","","","","","",10.8,1,1015.9,1,"","","","","","","","","","","","","","","","","","","","","","","","","","","","","","","","","","","","","","","","",15000,1,"","","","","","","","","","","","","","","","","","","","","","","","","","","","","","","","","","","","","","","","","","","","","","","","","","","","","","","","","","","","","","","","","","","","","","","",""
"28070001","CHARTRES",48.4605,1.501167,155,1983110318,"","","","",4.,1,220,1,"","","","","","","","","","","","","","","","","","","","","","","","","","","","",12.4,1,6.4,1,"","","","","","","","","","","","","","","","","","","","","","","","","","",68,1,"","","","","","","","","","","","",9.8,1,1016.2,1,"","","","","","","","","","","","","","","","","","","","","","","","","","","","","","","","","","","","","","","","","","","","","","","","","","","","","","","","","","","","","","","","","","","","","","","","","","","","","","","","","","","","","","","","","","","","","","","","","","","","","","","","","","","","","","","","","",""
"28070001","CHARTRES",48.4605,1.501167,155,1983110321,"","","","",3.,1,200,1,"","","","","","","","","","","","","","","","","","","","","","","","","","","","",9.3,1,7.3,1,"","","","","","","","","","","","","","","","","","","","","","","","","","",89,1,"","","","","","","","","","","","",10.4,1,1016.6,1,"","","","","","","","","","","","","","","","","","","","","","","","","","","","","","","","","","","","","","","","","","","","","","","","","","","","","","","","","","","","","","","","","","","","","","","","","","","","","","","","","","","","","","","","","","","","","","","","","","","","","","","","","","","","","","","","","",""
"28070001","CHARTRES",48.4605,1.501167,155,1983110400,"","","","",2.,1,180,1,"","","","","","","","","","","","","","","","","","","","","","","","","","","","",6.1,1,5.6,1,"","","","","","","","","","","","","","","","","","","","","","","","","","",98,1,"","","","","","","","","","","","",9.2,1,1017.2,1,"","","","","","","","","","","","","","","","","","","","","","","","","","","","","","","","","","","","","","","","","","","","","","","","","","","","","","","","","","","","","","","","","","","","","","","","","","","","","","","","","","","","","","","","","","","","","","","","","","","","","","","","","","","","","","","","","",""
"28070001","CHARTRES",48.4605,1.501167,155,1983110403,"","","","",3.,1,220,1,"","","","","","","","","","","","","","","","","","","","","","","","","","","","",6.7,1,6.2,1,"","","","","","","","","","","","","","","","","","","","","","","","","","",98,1,"","","","","","","","","","","","",9.6,1,1016.9,1,"","","","","","","","","","","","","","","","","","","","","","","","","","","","","","","","","","","","","","","","","","","","","","","","","","","","","","","","","","","","","","","","","","","","","","","","","","","","","","","","","","","","","","","","","","","","","","","","","","","","","","","","","","","","","","","","","",""
"28070001","CHARTRES",48.4605,1.501167,155,1983110406,"","","","",1.,1,140,1,"","","","","","","","","","","","","","","","","","","","","","","","","","","","",4.,1,3.6,1,"","","","","","","","","","","","","","","","","","","","","","","","","","",98,1,"","","","","","","","","","","","",8.,1,1017.,1,"","","","","","",0,1,"","",0,1,0,1,0,1,"","","","","","","","","","","","","","","","","","","","","","","","",300,1,"","",44,1,"","","","",1,1,"","","","","","","","","","","","","","","","","","","","","","","","","","","","","","","","","","","","","","","","","","","","","","","","","","","","","","","","","","","","","",""
"28070001","CHARTRES",48.4605,1.501167,155,1983110409,"","","","",0.,1,0,1,"","","","","","","","","","","","","","","","","","","","","","","","","","","","",7.5,1,6.2,1,"","","","","","","","","","","","","","","","","","","","","","","","","","",93,1,"","","","","","","","","","","","",9.6,1,1017.3,1,"","","","","","",4,1,0,1,5,1,0,1,1,1,"","","","","","","","","","","","","","","","","","","","","","","","",5000,1,"","",3,1,4,1,"","","","","","","","","","","","","","","","","","","","","","","","","","","","","","","","","","","","","","","","","","","","","","","","","","","","","","","","","","","","","","","","","",""
"28070001","CHARTRES",48.4605,1.501167,155,1983110412,"","","","",3.,1,240,1,"","","","","","","","","","","","","","","","","","","","","","","","","","","","",15.1,1,9.8,1,"","","","","","","","","","","","","","","","","","","","","","","","","","",72,1,"","","","","","","","","","","","",12.4,1,1016.2,1,"","","","","","",3,1,0,1,1,1,0,1,2,1,"","","","","","","","","","","","","","","","","","","","","","","","",20000,1,"","",3,1,4,1,"","","","","","","","","","","","","","","","","","","","","","","","","","","","","","","","","","","","","","","","","","","","","","","","","","","","","","","","","","","","","","","","","",""
"28070001","CHARTRES",48.4605,1.501167,155,1983110415,"","","","",3.,1,220,1,"","","","","","","","","","","","","","","","","","","","","","","","","","","","",16.7,1,9.6,1,"","","","","","","","","","","","","","","","","","","","","","","","","","",64,1,"","","","","","","","","","","","",12.2,1,1015.2,1,"","","","","","","","",0,1,"","","","","","","","","","","","","","","","","","","","","","","","","","","","","","","","","","","","","","","","","","","","","","","","","","","","","","","","","","","","","","","","","","","","","","","","","","","","","","","","","","","","","","","","","","","","","","","","","","","","","","","",""
"28070001","CHARTRES",48.4605,1.501167,155,1983110418,"","","","",1.,1,240,1,"","","","","","","","","","","","","","","","","","","","","","","","","","","","",12.4,1,9.6,1,"","","","","","","","","","","","","","","","","","","","","","","","","","",85,1,"","","","","","","","","","","","",12.2,1,1016.2,1,"","","","","","","","",0,1,"","","","","","","","","","","","","","","","","","","","","","","","","","","","","","","","","","","","","","","","","","","","","","","","","","","","","","","","","","","","","","","","","","","","","","","","","","","","","","","","","","","","","","","","","","","","","","","","","","","","","","","",""
"28070001","CHARTRES",48.4605,1.501167,155,1983110421,"","","","",1.,1,240,1,"","","","","","","","","","","","","","","","","","","","","","","","","","","","",9.2,1,8.5,1,"","","","","","","","","","","","","","","","","","","","","","","","","","",97,1,"","","","","","","","","","","","",11.3,1,1017.,1,"","","","","","","","",0,1,"","","","","","","","","","","","","","","","","","","","","","","","","","","","","","","","","","","","","","","","","","","","","","","","","","","","","","","","","","","","","","","","","","","","","","","","","","","","","","","","","","","","","","","","","","","","","","","","","","","","","","","",""
"28070001","CHARTRES",48.4605,1.501167,155,1983110500,"","","","",0.,1,0,1,"","","","","","","","","","","","","","","","","","","","","","","","","","","","",6.7,1,6.2,1,"","","","","","","","","","","","","","","","","","","","","","","","","","",98,1,"","","","","","","","","","","","",9.6,1,1017.3,1,"","","","","","","","",0,1,"","","","","","","","","","","","","","","","","","","","","","","","","","","","","","","","","","","","","","","","","","","","","","","","","","","","","","","","","","","","","","","","","","","","","","","","","","","","","","","","","","","","","","","","","","","","","","","","","","","","","","","",""
"28070001","CHARTRES",48.4605,1.501167,155,1983110503,"","","","",1.,1,240,1,"","","","","","","","","","","","","","","","","","","","","","","","","","","","",5.3,1,4.8,1,"","","","","","","","","","","","","","","","","","","","","","","","","","",98,1,"","","","","","","","","","","","",8.7,1,1017.3,1,"","","","","","","","",0,1,"","","","","","","","","","","","","","","","","","","","","","","","","","","","","","","","","","","","","","","","","","","","","","","","","","","","","","","","","","","","","","","","","","","","","","","","","","","","","","","","","","","","","","","","","","","","","","","","","","","","","","","",""
"28070001","CHARTRES",48.4605,1.501167,155,1983110506,"","","","",2.,1,220,1,"","","","","","","","","","","","","","","","","","","","","","","","","","","","",5.2,1,4.8,1,"","","","","","","","","","","","","","","","","","","","","","","","","","",98,1,"","","","","","","","","","","","",8.7,1,1017.6,1,"","","","","","","","",0,1,"","","","","","","","","","","","","","","","","","","","","","","","","","","","","","","","","","","","","","","","","","","","","","","","","","","","","","","","","","","","","","","","","","","","","","","","","","","","","","","","","","","","","","","","","","","","","","","","","","","","","","","",""
"28070001","CHARTRES",48.4605,1.501167,155,1983110509,"","","","",2.,1,200,1,"","","","","","","","","","","","","","","","","","","","","","","","","","","","",7.,1,7.,1,"","","","","","","","","","","","","","","","","","","","","","","","","","",99,1,"","","","","","","","","","","","",9.9,1,1018.9,1,"","","","","","","","",0,1,"","","","","","","","","","","","","","","","","","","","","","","","","","","","","","","","","","","","","","","","","","","","","","","","","","","","","","","","","","","","","","","","","","","","","","","","","","","","","","","","","","","","","","","","","","","","","","","","","","","","","","","",""
"28070001","CHARTRES",48.4605,1.501167,155,1983110512,"","","","",2.,1,240,1,"","","","","","","","","","","","","","","","","","","","","","","","","","","","",13.6,1,10.9,1,"","","","","","","","","","","","","","","","","","","","","","","","","","",86,1,"","","","","","","","","","","","",13.4,1,1018.5,1,"","","","","","","","",0,1,"","","","","","","","","","","","","","","","","","","","","","","","","","","","","","","","","","","","","","","","","","","","","","","","","","","","","","","","","","","","","","","","","","","","","","","","","","","","","","","","","","","","","","","","","","","","","","","","","","","","","","","",""
"28070001","CHARTRES",48.4605,1.501167,155,1983110515,"","","","",3.,1,220,1,"","","","","","","","","","","","","","","","","","","","","","","","","","","","",17.1,1,9.7,1,"","","","","","","","","","","","","","","","","","","","","","","","","","",63,1,"","","","","","","","","","","","",12.3,1,1018.2,1,"","","","","","","","",0,1,"","","","","","","","","","","","","","","","","","","","","","","","","","","","","","","","","","","","","","","","","","","","","","","","","","","","","","","","","","","","","","","","","","","","","","","","","","","","","","","","","","","","","","","","","","","","","","","","","","","","","","","",""
"28070001","CHARTRES",48.4605,1.501167,155,1983110518,"","","","",1.,1,180,1,"","","","","","","","","","","","","","","","","","","","","","","","","","","","",11.2,1,9.8,1,"","","","","","","","","","","","","","","","","","","","","","","","","","",93,1,"","","","","","","","","","","","",12.4,1,1019.3,1,"","","","","","","","",0,1,"","","","","","","","","","","","","","","","","","","","","","","","","","","","","","","","","","","","","","","","","","","","","","","","","","","","","","","","","","","","","","","","","","","","","","","","","","","","","","","","","","","","","","","","","","","","","","","","","","","","","","","",""
"28070001","CHARTRES",48.4605,1.501167,155,1983110521,"","","","",1.,1,40,1,"","","","","","","","","","","","","","","","","","","","","","","","","","","","",8.2,1,7.6,1,"","","","","","","","","","","","","","","","","","","","","","","","","","",98,1,"","","","","","","","","","","","",10.6,1,1020.4,1,"","","","","","","","",0,1,"","","","","","","","","","","","","","","","","","","","","","","","","","","","","","","","","","","","","","","","","","","","","","","","","","","","","","","","","","","","","","","","","","","","","","","","","","","","","","","","","","","","","","","","","","","","","","","","","","","","","","","",""
"28070001","CHARTRES",48.4605,1.501167,155,1983110600,"","","","",0.,1,0,1,"","","","","","","","","","","","","","","","","","","","","","","","","","","","",5.4,1,4.9,1,"","","","","","","","","","","","","","","","","","","","","","","","","","",98,1,"","","","","","","","","","","","",8.8,1,1021.1,1,"","","","","","","","",0,1,"","","","","","","","","","","","","","","","","","","","","","","","","","","","","","","","","","","","","","","","","","","","","","","","","","","","","","","","","","","","","","","","","","","","","","","","","","","","","","","","","","","","","","","","","","","","","","","","","","","","","","","",""
"28070001","CHARTRES",48.4605,1.501167,155,1983110603,"","","","",1.,1,60,1,"","","","","","","","","","","","","","","","","","","","","","","","","","","","",4.5,1,4.1,1,"","","","","","","","","","","","","","","","","","","","","","","","","","",98,1,"","","","","","","","","","","","",8.3,1,1020.7,1,"","","","","","","","",0,1,"","","","","","","","","","","","","","","","","","","","","","","","","","","","","","","","","","","","","","","","","","","","","","","","","","","","","","","","","","","","","","","","","","","","","","","","","","","","","","","","","","","","","","","","","","","","","","","","","","","","","","","",""
"28070001","CHARTRES",48.4605,1.501167,155,1983110606,"","","","",1.,1,140,1,"","","","","","","","","","","","","","","","","","","","","","","","","","","","",4.5,1,4.,1,"","","","","","","","","","","","","","","","","","","","","","","","","","",97,1,"","","","","","","","","","","","",8.2,1,1020.5,1,"","","","","","","","",0,1,"","","","","","","","","","","","","","","","","","","","","","","","","","","","","","","","","","","","","","","","","","","","","","","","","","","","","","","","","","","","","","","","","","","","","","","","","","","","","","","","","","","","","","","","","","","","","","","","","","","","","","","",""
"28070001","CHARTRES",48.4605,1.501167,155,1983110609,"","","","",1.,1,80,1,"","","","","","","","","","","","","","","","","","","","","","","","","","","","",5.7,1,5.1,1,"","","","","","","","","","","","","","","","","","","","","","","","","","",97,1,"","","","","","","","","","","","",8.9,1,1020.6,1,"","","","","","","","",0,1,"","","","","","","","","","","","","","","","","","","","","","","","","","","","","","","","","","","","","","","","","","","","","","","","","","","","","","","","","","","","","","","","","","","","","","","","","","","","","","","","","","","","","","","","","","","","","","","","","","","","","","","",""
"28070001","CHARTRES",48.4605,1.501167,155,1983110612,"","","","",3.,1,180,1,"","","","","","","","","","","","","","","","","","","","","","","","","","","","",12.1,1,11.3,1,"","","","","","","","","","","","","","","","","","","","","","","","","","",97,1,"","","","","","","","","","","","",13.7,1,1018.5,1,"","","","","","","","",0,1,"","","","","","","","","","","","","","","","","","","","","","","","","","","","","","","","","","","","","","","","","","","","","","","","","","","","","","","","","","","","","","","","","","","","","","","","","","","","","","","","","","","","","","","","","","","","","","","","","","","","","","","",""
"28070001","CHARTRES",48.4605,1.501167,155,1983110615,"","","","",5.,1,120,1,"","","","","","","","","","","","","","","","","","","","","","","","","","","","",16.5,1,10.1,1,"","","","","","","","","","","","","","","","","","","","","","","","","","",67,1,"","","","","","","","","","","","",12.6,1,1016.9,1,"","","","","","","","",0,1,"","","","","","","","","","","","","","","","","","","","","","","","","","","","","","","","","","","","","","","","","","","","","","","","","","","","","","","","","","","","","","","","","","","","","","","","","","","","","","","","","","","","","","","","","","","","","","","","","","","","","","","",""
"28070001","CHARTRES",48.4605,1.501167,155,1983110618,"","","","",4.,1,100,1,"","","","","","","","","","","","","","","","","","","","","","","","","","","","",10.5,1,8.6,1,"","","","","","","","","","","","","","","","","","","","","","","","","","",90,1,"","","","","","","","","","","","",11.4,1,1017.3,1,"","","","","","","","",0,1,"","","","","","","","","","","","","","","","","","","","","","","","","","","","","","","","","","","","","","","","","","","","","","","","","","","","","","","","","","","","","","","","","","","","","","","","","","","","","","","","","","","","","","","","","","","","","","","","","","","","","","","",""
"28070001","CHARTRES",48.4605,1.501167,155,1983110621,"","","","",3.,1,120,1,"","","","","","","","","","","","","","","","","","","","","","","","","","","","",8.3,1,7.7,1,"","","","","","","","","","","","","","","","","","","","","","","","","","",98,1,"","","","","","","","","","","","",10.7,1,1016.7,1,"","","","","","","","",0,1,"","","","","","","","","","","","","","","","","","","","","","","","","","","","","","","","","","","","","","","","","","","","","","","","","","","","","","","","","","","","","","","","","","","","","","","","","","","","","","","","","","","","","","","","","","","","","","","","","","","","","","","",""
"28070001","CHARTRES",48.4605,1.501167,155,1983110700,"","","","",1.,1,160,1,"","","","","","","","","","","","","","","","","","","","","","","","","","","","",7.7,1,7.,1,"","","","","","","","","","","","","","","","","","","","","","","","","","",97,1,"","","","","","","","","","","","",10.2,1,1016.6,1,"","","","","","","","",0,1,"","","","","","","","","","","","","","","","","","","","","","","","","","","","","","","","","","","","","","","","","","","","","","","","","","","","","","","","","","","","","","","","","","","","","","","","","","","","","","","","","","","","","","","","","","","","","","","","","","","","","","","",""
"28070001","CHARTRES",48.4605,1.501167,155,1983110703,"","","","",2.,1,140,1,"","","","","","","","","","","","","","","","","","","","","","","","","","","","",5.6,1,4.8,1,"","","","","","","","","","","","","","","","","","","","","","","","","","",96,1,"","","","","","","","","","","","",8.7,1,1015.9,1,"","","","","","","","",0,1,"","","","","","","","","","","","","","","","","","","","","","","","","","","","","","","","","","","","","","","","","","","","","","","","","","","","","","","","","","","","","","","","","","","","","","","","","","","","","","","","","","","","","","","","","","","","","","","","","","","","","","","",""
"28070001","CHARTRES",48.4605,1.501167,155,1983110706,"","","","",2.,1,160,1,"","","","","","","","","","","","","","","","","","","","","","","","","","","","",4.7,1,3.6,1,"","","","","","","","","","","","","","","","","","","","","","","","","","",93,1,"","","","","","","","","","","","",8.,1,1015.9,1,"","","","","","",4,1,0,1,0,1,5,1,0,1,"","","","","","","","","","","","","","","","","","","","","","","","",2000,1,"","",10,1,"","","","",1,1,"","","","","","","","","","","","","","","","","","","","","","","","","","","","","","","","","","","","","","","","","","","","","","","","","","","","","","","","","","","","","",""
"28070001","CHARTRES",48.4605,1.501167,155,1983110709,"","","","",3.,1,120,1,"","","","","","","","","","","","","","","","","","","","","","","","","","","","",8.9,1,7.6,1,"","","","","","","","","","","","","","","","","","","","","","","","","","",93,1,"","","","","","","","","","","","",10.6,1,1016.,1,"","","","","","",6,1,6,1,0,1,7,1,0,1,"","","","","","","","","","","","","","","","","","","","","","","","",8000,1,"","",2,1,1,1,"","","","","","","","","","","","","","","","","","","","","","","","","","","","","","","","","","","","","","","","","","","","","","","","","","","","","","","","","","","","","","","","","",""
"28070001","CHARTRES",48.4605,1.501167,155,1983110712,"","","","",3.,1,160,1,"","","","","","","","","","","","","","","","","","","","","","","","","","","","",13.6,1,9.,1,"","","","","","","","","","","","","","","","","","","","","","","","","","",75,1,"","","","","","","","","","","","",11.7,1,1015.5,1,"","","","","","",7,1,7,1,5,1,"","","","","","","","","","","","","","","","","","","","","","","","","","","","",15000,1,"","",3,1,1,1,"","","","","","","","","","","","","","","","","","","","","","","","","","","","","","","","","","","","","","","","","","","","","","","","","","","","","","","","","","","","","","","","","",""
"28070001","CHARTRES",48.4605,1.501167,155,1983110715,"","","","",4.,1,140,1,"","","","","","","","","","","","","","","","","","","","","","","","","","","","",15.9,1,9.5,1,"","","","","","","","","","","","","","","","","","","","","","","","","","",67,1,"","","","","","","","","","","","",12.1,1,1014.4,1,"","","","","","","","",7,1,"","","","","","","","","","","","","","","","","","","","","","","","","","","","","","","","","","","","","","","","","","","","","","","","","","","","","","","","","","","","","","","","","","","","","","","","","","","","","","","","","","","","","","","","","","","","","","","","","","","","","","","",""
"28070001","CHARTRES",48.4605,1.501167,155,1983110718,"","","","",2.,1,160,1,"","","","","","","","","","","","","","","","","","","","","","","","","","","","",11.2,1,8.9,1,"","","","","","","","","","","","","","","","","","","","","","","","","","",87,1,"","","","","","","","","","","","",11.6,1,1014.8,1,"","","","","","","","",7,1,"","","","","","","","","","","","","","","","","","","","","","","","","","","","","","","","","","","","","","","","","","","","","","","","","","","","","","","","","","","","","","","","","","","","","","","","","","","","","","","","","","","","","","","","","","","","","","","","","","","","","","","",""
"28070001","CHARTRES",48.4605,1.501167,155,1983110721,"","","","",3.,1,160,1,"","","","","","","","","","","","","","","","","","","","","","","","","","","","",10.8,1,8.9,1,"","","","","","","","","","","","","","","","","","","","","","","","","","",90,1,"","","","","","","","","","","","",11.6,1,1014.7,1,"","","","","","","","",7,1,"","","","","","","","","","","","","","","","","","","","","","","","","","","","","","","","","","","","","","","","","","","","","","","","","","","","","","","","","","","","","","","","","","","","","","","","","","","","","","","","","","","","","","","","","","","","","","","","","","","","","","","",""
"28070001","CHARTRES",48.4605,1.501167,155,1983110800,"","","","",3.,1,160,1,"","","","","","","","","","","","","","","","","","","","","","","","","","","","",8.9,1,7.2,1,"","","","","","","","","","","","","","","","","","","","","","","","","","",90,1,"","","","","","","","","","","","",10.3,1,1014.9,1,"","","","","","","","",7,1,"","","","","","","","","","","","","","","","","","","","","","","","","","","","","","","","","","","","","","","","","","","","","","","","","","","","","","","","","","","","","","","","","","","","","","","","","","","","","","","","","","","","","","","","","","","","","","","","","","","","","","","",""
"28070001","CHARTRES",48.4605,1.501167,155,1983110803,"","","","",3.,1,160,1,"","","","","","","","","","","","","","","","","","","","","","","","","","","","",9.4,1,7.3,1,"","","","","","","","","","","","","","","","","","","","","","","","","","",88,1,"","","","","","","","","","","","",10.4,1,1015.2,1,"","","","","","","","",7,1,"","","","","","","","","","","","","","","","","","","","","","","","","","","","","","","","","","","","","","","","","","","","","","","","","","","","","","","","","","","","","","","","","","","","","","","","","","","","","","","","","","","","","","","","","","","","","","","","","","","","","","","",""
"28070001","CHARTRES",48.4605,1.501167,155,1983110806,"","","","",2.,1,180,1,"","","","","","","","","","","","","","","","","","","","","","","","","","","","",9.,1,6.9,1,"","","","","","","","","","","","","","","","","","","","","","","","","","",88,1,"","","","","","","","","","","","",10.1,1,1015.5,1,"","","","","","",6,1,6,1,5,1,0,1,0,1,"","","","","","","","","","","","","","","","","","","","","","","","",10000,1,"","",0,1,"","","","",1,1,"","","","","","","","","","","","","","","","","","","","","","","","","","","","","","","","","","","","","","","","","","","","","","","","","","","","","","","","","","","","","",""
"28070001","CHARTRES",48.4605,1.501167,155,1983110809,"","","","",4.,1,180,1,"","","","","","","","","","","","","","","","","","","","","","","","","","","","",13.,1,8.1,1,"","","","","","","","","","","","","","","","","","","","","","","","","","",74,1,"","","","","","","","","","","","",11.,1,1016.7,1,"","","","","","",5,1,0,1,5,1,0,1,1,1,"","","","","","","","","","","","","","","","","","","","","","","","",10000,1,"","",1,1,2,1,"","","","","","","","","","","","","","","","","","","","","","","","","","","","","","","","","","","","","","","","","","","","","","","","","","","","","","","","","","","","","","","","","",""
"28070001","CHARTRES",48.4605,1.501167,155,1983110812,"","","","",5.,1,220,1,"","","","","","","","","","","","","","","","","","","","","","","","","","","","",17.3,1,9.6,1,"","","","","","","","","","","","","","","","","","","","","","","","","","",62,1,"","","","","","","","","","","","",12.2,1,1017.1,1,"","","","","","",7,1,6,1,5,1,0,1,2,1,"","","","","","","","","","","","","","","","","","","","","","","","",20000,1,"","",3,1,2,1,"","","","","","","","","","","","","","","","","","","","","","","","","","","","","","","","","","","","","","","","","","","","","","","","","","","","","","","","","","","","","","","","","",""
"28070001","CHARTRES",48.4605,1.501167,155,1983110815,"","","","",4.,1,200,1,"","","","","","","","","","","","","","","","","","","","","","","","","","","","",16.5,1,11.7,1,"","","","","","","","","","","","","","","","","","","","","","","","","","",75,1,"","","","","","","","","","","","",14.1,1,1017.7,1,"","","","","","","","",6,1,"","","","","","","","","","","","","","","","","","","","","","","","","","","","","","","","","","","","","","","","","","","","","","","","","","","","","","","","","","","","","","","","","","","","","","","","","","","","","","","","","","","","","","","","","","","","","","","","","","","","","","","",""
"28070001","CHARTRES",48.4605,1.501167,155,1983110818,"","","","",5.,1,180,1,"","","","","","","","","","","","","","","","","","","","","","","","","","","","",13.4,1,10.1,1,"","","","","","","","","","","","","","","","","","","","","","","","","","",82,1,"","","","","","","","","","","","",12.6,1,1019.2,1,"","","","","","","","",6,1,"","","","","","","","","","","","","","","","","","","","","","","","","","","","","","","","","","","","","","","","","","","","","","","","","","","","","","","","","","","","","","","","","","","","","","","","","","","","","","","","","","","","","","","","","","","","","","","","","","","","","","","",""
"28070001","CHARTRES",48.4605,1.501167,155,1983110821,"","","","",3.,1,180,1,"","","","","","","","","","","","","","","","","","","","","","","","","","","","",10.8,1,9.1,1,"","","","","","","","","","","","","","","","","","","","","","","","","","",91,1,"","","","","","","","","","","","",11.8,1,1020.1,1,"","","","","","","","",6,1,"","","","","","","","","","","","","","","","","","","","","","","","","","","","","","","","","","","","","","","","","","","","","","","","","","","","","","","","","","","","","","","","","","","","","","","","","","","","","","","","","","","","","","","","","","","","","","","","","","","","","","","",""
"28070001","CHARTRES",48.4605,1.501167,155,1983110900,"","","","",2.,1,120,1,"","","","","","","","","","","","","","","","","","","","","","","","","","","","",8.2,1,7.,1,"","","","","","","","","","","","","","","","","","","","","","","","","","",94,1,"","","","","","","","","","","","",10.2,1,1020.8,1,"","","","","","","","",6,1,"","","","","","","","","","","","","","","","","","","","","","","","","","","","","","","","","","","","","","","","","","","","","","","","","","","","","","","","","","","","","","","","","","","","","","","","","","","","","","","","","","","","","","","","","","","","","","","","","","","","","","","",""
"28070001","CHARTRES",48.4605,1.501167,155,1983110903,"","","","",3.,1,160,1,"","","","","","","","","","","","","","","","","","","","","","","","","","","","",6.8,1,5.4,1,"","","","","","","","","","","","","","","","","","","","","","","","","","",92,1,"","","","","","","","","","","","",9.1,1,1020.9,1,"","","","","","","","",6,1,"","","","","","","","","","","","","","","","","","","","","","","","","","","","","","","","","","","","","","","","","","","","","","","","","","","","","","","","","","","","","","","","","","","","","","","","","","","","","","","","","","","","","","","","","","","","","","","","","","","","","","","",""
"28070001","CHARTRES",48.4605,1.501167,155,1983110906,"","","","",1.,1,60,1,"","","","","","","","","","","","","","","","","","","","","","","","","","","","",6.5,1,4.9,1,"","","","","","","","","","","","","","","","","","","","","","","","","","",91,1,"","","","","","","","","","","","",8.8,1,1020.9,1,"","","","","","",5,1,5,1,0,1,4,1,0,1,"","","","","","","","","","","","","","","","","","","","","","","","",2000,1,"","",10,1,"","","","",1,1,"","","","","","","","","","","","","","","","","","","","","","","","","","","","","","","","","","","","","","","","","","","","","","","","","","","","","","","","","","","","","",""
"28070001","CHARTRES",48.4605,1.501167,155,1983110909,"","","","",1.,1,100,1,"","","","","","","","","","","","","","","","","","","","","","","","","","","","",9.1,1,8.2,1,"","","","","","","","","","","","","","","","","","","","","","","","","","",96,1,"","","","","","","","","","","","",11.1,1,1021.4,1,"","","","","","",5,1,5,1,4,1,0,1,0,1,"","","","","","","","","","","","","","","","","","","","","","","","",5000,1,"","",3,1,2,1,"","","","","","","","","","","","","","","","","","","","","","","","","","","","","","","","","","","","","","","","","","","","","","","","","","","","","","","","","","","","","","","","","",""
"28070001","CHARTRES",48.4605,1.501167,155,1983110912,"","","","",4.,1,140,1,"","","","","","","","","","","","","","","","","","","","","","","","","","","","",16.4,1,10.4,1,"","","","","","","","","","","","","","","","","","","","","","","","","","",69,1,"","","","","","","","","","","","",12.9,1,1020.,1,"","","","","","",7,1,7,1,5,1,0,1,2,1,"","","","","","","","","","","","","","","","","","","","","","","","",15000,1,"","",2,1,2,1,"","","","","","","","","","","","","","","","","","","","","","","","","","","","","","","","","","","","","","","","","","","","","","","","","","","","","","","","","","","","","","","","","",""
"28070001","CHARTRES",48.4605,1.501167,155,1983110915,"","","","",5.,1,140,1,"","","","","","","","","","","","","","","","","","","","","","","","","","","","",17.1,1,10.6,1,"","","","","","","","","","","","","","","","","","","","","","","","","","",67,1,"","","","","","","","","","","","",13.1,1,1018.8,1,"","","","","","","","",7,1,"","","","","","","","","","","","","","","","","","","","","","","","","","","","","","","","","","","","","","","","","","","","","","","","","","","","","","","","","","","","","","","","","","","","","","","","","","","","","","","","","","","","","","","","","","","","","","","","","","","","","","","",""
"28070001","CHARTRES",48.4605,1.501167,155,1983110918,"","","","",3.,1,120,1,"","","","","","","","","","","","","","","","","","","","","","","","","","","","",12.4,1,9.5,1,"","","","","","","","","","","","","","","","","","","","","","","","","","",84,1,"","","","","","","","","","","","",12.1,1,1019.,1,"","","","","","","","",7,1,"","","","","","","","","","","","","","","","","","","","","","","","","","","","","","","","","","","","","","","","","","","","","","","","","","","","","","","","","","","","","","","","","","","","","","","","","","","","","","","","","","","","","","","","","","","","","","","","","","","","","","","",""
"28070001","CHARTRES",48.4605,1.501167,155,1983110921,"","","","",4.,1,120,1,"","","","","","","","","","","","","","","","","","","","","","","","","","","","",11.1,1,8.9,1,"","","","","","","","","","","","","","","","","","","","","","","","","","",88,1,"","","","","","","","","","","","",11.6,1,1019.3,1,"","","","","","","","",7,1,"","","","","","","","","","","","","","","","","","","","","","","","","","","","","","","","","","","","","","","","","","","","","","","","","","","","","","","","","","","","","","","","","","","","","","","","","","","","","","","","","","","","","","","","","","","","","","","","","","","","","","","",""
"28070001","CHARTRES",48.4605,1.501167,155,1983111000,"","","","",2.,1,140,1,"","","","","","","","","","","","","","","","","","","","","","","","","","","","",9.8,1,8.3,1,"","","","","","","","","","","","","","","","","","","","","","","","","","",92,1,"","","","","","","","","","","","",11.1,1,1019.2,1,"","","","","","","","",7,1,"","","","","","","","","","","","","","","","","","","","","","","","","","","","","","","","","","","","","","","","","","","","","","","","","","","","","","","","","","","","","","","","","","","","","","","","","","","","","","","","","","","","","","","","","","","","","","","","","","","","","","","",""
"28070001","CHARTRES",48.4605,1.501167,155,1983111003,"","","","",1.,1,140,1,"","","","","","","","","","","","","","","","","","","","","","","","","","","","",7.4,1,6.2,1,"","","","","","","","","","","","","","","","","","","","","","","","","","",93,1,"","","","","","","","","","","","",9.6,1,1019.1,1,"","","","","","","","",7,1,"","","","","","","","","","","","","","","","","","","","","","","","","","","","","","","","","","","","","","","","","","","","","","","","","","","","","","","","","","","","","","","","","","","","","","","","","","","","","","","","","","","","","","","","","","","","","","","","","","","","","","","",""
"28070001","CHARTRES",48.4605,1.501167,155,1983111006,"","","","",1.,1,120,1,"","","","","","","","","","","","","","","","","","","","","","","","","","","","",5.7,1,4.2,1,"","","","","","","","","","","","","","","","","","","","","","","","","","",91,1,"","","","","","","","","","","","",8.3,1,1018.8,1,"","","","","","",0,1,"","",0,1,0,1,0,1,"","","","","","","","","","","","","","","","","","","","","","","","",2000,1,"","",10,1,"","","","",1,1,"","","","","","","","","","","","","","","","","","","","","","","","","","","","","","","","","","","","","","","","","","","","","","","","","","","","","","","","","","","","","",""
"28070001","CHARTRES",48.4605,1.501167,155,1983111009,"","","","",2.,1,140,1,"","","","","","","","","","","","","","","","","","","","","","","","","","","","",8.7,1,6.6,1,"","","","","","","","","","","","","","","","","","","","","","","","","","",88,1,"","","","","","","","","","","","",9.9,1,1019.8,1,"","","","","","",2,1,0,1,0,1,0,1,1,1,"","","","","","","","","","","","","","","","","","","","","","","","",10000,1,"","",2,1,0,1,"","","","","","","","","","","","","","","","","","","","","","","","","","","","","","","","","","","","","","","","","","","","","","","","","","","","","","","","","","","","","","","","","",""
"28070001","CHARTRES",48.4605,1.501167,155,1983111012,"","","","",2.,1,160,1,"","","","","","","","","","","","","","","","","","","","","","","","","","","","",14.8,1,6.9,1,"","","","","","","","","","","","","","","","","","","","","","","","","","",60,1,"","","","","","","","","","","","",10.1,1,1017.5,1,"","","","","","",0,1,"","",0,1,0,1,0,1,"","","","","","","","","","","","","","","","","","","","","","","","",15000,1,"","",1,1,0,1,"","","","","","","","","","","","","","","","","","","","","","","","","","","","","","","","","","","","","","","","","","","","","","","","","","","","","","","","","","","","","","","","","",""
"28070001","CHARTRES",48.4605,1.501167,155,1983111015,"","","","",2.,1,120,1,"","","","","","","","","","","","","","","","","","","","","","","","","","","","",15.1,1,6.6,1,"","","","","","","","","","","","","","","","","","","","","","","","","","",58,1,"","","","","","","","","","","","",9.9,1,1016.7,1,"","","","","","","","","","","","","","","","","","","","","","","","","","","","","","","","","","","","","","","","","","","","","","","","","","","","","","","","","","","","","","","","","","","","","","","","","","","","","","","","","","","","","","","","","","","","","","","","","","","","","","","","","","","","","","","","","",""
"28070001","CHARTRES",48.4605,1.501167,155,1983111018,"","","","",2.,1,100,1,"","","","","","","","","","","","","","","","","","","","","","","","","","","","",9.1,1,4.5,1,"","","","","","","","","","","","","","","","","","","","","","","","","","",74,1,"","","","","","","","","","","","",8.5,1,1017.3,1,"","","","","","","","","","","","","","","","","","","","","","","","","","","","","","","","","","","","","","","","","","","","","","","","","","","","","","","","","","","","","","","","","","","","","","","","","","","","","","","","","","","","","","","","","","","","","","","","","","","","","","","","","","","","","","","","","",""
"28070001","CHARTRES",48.4605,1.501167,155,1983111021,"","","","",1.,1,40,1,"","","","","","","","","","","","","","","","","","","","","","","","","","","","",5.7,1,4.7,1,"","","","","","","","","","","","","","","","","","","","","","","","","","",94,1,"","","","","","","","","","","","",8.6,1,1018.4,1,"","","","","","","","","","","","","","","","","","","","","","","","","","","","","","","","","","","","","","","","","","","","","","","","","","","","","","","","","","","","","","","","","","","","","","","","","","","","","","","","","","","","","","","","","","","","","","","","","","","","","","","","","","","","","","","","","",""
"28070001","CHARTRES",48.4605,1.501167,155,1983111100,"","","","",0.,1,0,1,"","","","","","","","","","","","","","","","","","","","","","","","","","","","",4.3,1,3.8,1,"","","","","","","","","","","","","","","","","","","","","","","","","","",98,1,"","","","","","","","","","","","",8.1,1,1019.4,1,"","","","","","","","","","","","","","","","","","","","","","","","","","","","","","","","","","","","","","","","","","","","","","","","","","","","","","","","","","","","","","","","","","","","","","","","","","","","","","","","","","","","","","","","","","","","","","","","","","","","","","","","","","","","","","","","","",""
"28070001","CHARTRES",48.4605,1.501167,155,1983111103,"","","","",0.,1,0,1,"","","","","","","","","","","","","","","","","","","","","","","","","","","","",2.8,1,2.4,1,"","","","","","","","","","","","","","","","","","","","","","","","","","",98,1,"","","","","","","","","","","","",7.3,1,1019.6,1,"","","","","","","","","","","","","","","","","","","","","","","","","","","","","","","","","","","","","","","","","","","","","","","","","","","","","","","","","","","","","","","","","","","","","","","","","","","","","","","","","","","","","","","","","","","","","","","","","","","","","","","","","","","","","","","","","",""
"28070001","CHARTRES",48.4605,1.501167,155,1983111106,"","","","",0.,1,0,1,"","","","","","","","","","","","","","","","","","","","","","","","","","","","",2.,1,1.6,1,"","","","","","","","","","","","","","","","","","","","","","","","","","",98,1,"","","","","","","","","","","","",6.9,1,1019.9,1,"","","","","","","","","","","","","","","","","","","","","","","","","","","","","","","","","","","","","","","","","","","","","","","","","","","","","","","","","","","","","","","","","","","","","","","","","","","","","","","","","","","","","","","","","","","","","","","","","","","","","","","","","","","","","","","","","",""
"28070001","CHARTRES",48.4605,1.501167,155,1983111109,"","","","",1.,1,260,1,"","","","","","","","","","","","","","","","","","","","","","","","","","","","",6.5,1,5.3,1,"","","","","","","","","","","","","","","","","","","","","","","","","","",93,1,"","","","","","","","","","","","",9.,1,1020.7,1,"","","","","","","","","","","","","","","","","","","","","","","","","","","","","","","","","","","","","","","","","","","","","","","","","","","","","","","","","","","","","","","","","","","","","","","","","","","","","","","","","","","","","","","","","","","","","","","","","","","","","","","","","","","","","","","","","",""
"28070001","CHARTRES",48.4605,1.501167,155,1983111112,"","","","",1.,1,80,1,"","","","","","","","","","","","","","","","","","","","","","","","","","","","",13.8,1,8.1,1,"","","","","","","","","","","","","","","","","","","","","","","","","","",70,1,"","","","","","","","","","","","",11.,1,1020.1,1,"","","","","","","","","","","","","","","","","","","","","","","","","","","","","","","","","","","","","","","","","","","","","","","","","","","","","","","","","","","","","","","","","","","","","","","","","","","","","","","","","","","","","","","","","","","","","","","","","","","","","","","","","","","","","","","","","",""
"28070001","CHARTRES",48.4605,1.501167,155,1983111115,"","","","",2.,1,20,1,"","","","","","","","","","","","","","","","","","","","","","","","","","","","",15.1,1,7.6,1,"","","","","","","","","","","","","","","","","","","","","","","","","","",62,1,"","","","","","","","","","","","",10.6,1,1019.6,1,"","","","","","","","","","","","","","","","","","","","","","","","","","","","","","","","","","","","","","","","","","","","","","","","","","","","","","","","","","","","","","","","","","","","","","","","","","","","","","","","","","","","","","","","","","","","","","","","","","","","","","","","","","","","","","","","","",""
"28070001","CHARTRES",48.4605,1.501167,155,1983111118,"","","","",2.,1,60,1,"","","","","","","","","","","","","","","","","","","","","","","","","","","","",8.6,1,6.,1,"","","","","","","","","","","","","","","","","","","","","","","","","","",85,1,"","","","","","","","","","","","",9.5,1,1020.5,1,"","","","","","","","","","","","","","","","","","","","","","","","","","","","","","","","","","","","","","","","","","","","","","","","","","","","","","","","","","","","","","","","","","","","","","","","","","","","","","","","","","","","","","","","","","","","","","","","","","","","","","","","","","","","","","","","","",""
"28070001","CHARTRES",48.4605,1.501167,155,1983111121,"","","","",3.,1,80,1,"","","","","","","","","","","","","","","","","","","","","","","","","","","","",4.3,1,4.3,1,"","","","","","","","","","","","","","","","","","","","","","","","","","",100,1,"","","","","","","","","","","","",8.3,1,1021.3,1,"","","","","","","","","","","","","","","","","","","","","","","","","","","","","","","","","","","","","","","","","","","","","","","","","","","","","","","","","","","","","","","","","","","","","","","","","","","","","","","","","","","","","","","","","","","","","","","","","","","","","","","","","","","","","","","","","",""
"28070001","CHARTRES",48.4605,1.501167,155,1983111200,"","","","",4.,1,100,1,"","","","","","","","","","","","","","","","","","","","","","","","","","","","",4.2,1,4.2,1,"","","","","","","","","","","","","","","","","","","","","","","","","","",99,1,"","","","","","","","","","","","",8.2,1,1021.3,1,"","","","","","","","","","","","","","","","","","","","","","","","","","","","","","","","","","","","","","","","","","","","","","","","","","","","","","","","","","","","","","","","","","","","","","","","","","","","","","","","","","","","","","","","","","","","","","","","","","","","","","","","","","","","","","","","","",""
"28070001","CHARTRES",48.4605,1.501167,155,1983111203,"","","","",4.,1,120,1,"","","","","","","","","","","","","","","","","","","","","","","","","","","","",3.5,1,3.5,1,"","","","","","","","","","","","","","","","","","","","","","","","","","",99,1,"","","","","","","","","","","","",7.8,1,1021.3,1,"","","","","","","","","","","","","","","","","","","","","","","","","","","","","","","","","","","","","","","","","","","","","","","","","","","","","","","","","","","","","","","","","","","","","","","","","","","","","","","","","","","","","","","","","","","","","","","","","","","","","","","","","","","","","","","","","",""
"28070001","CHARTRES",48.4605,1.501167,155,1983111206,"","","","",3.,1,120,1,"","","","","","","","","","","","","","","","","","","","","","","","","","","","",3.5,1,3.1,1,"","","","","","","","","","","","","","","","","","","","","","","","","","",98,1,"","","","","","","","","","","","",7.7,1,1021.3,1,"","","","","","","","","","","","","","","","","","","","","","","","","","","","","","","","","","","","","","","","","","","","","","","","","","","","","","","","","","","","","","","","","","","","","","","","","","","","","","","","","","","","","","","","","","","","","","","","","","","","","","","","","","","","","","","","","",""
"28070001","CHARTRES",48.4605,1.501167,155,1983111209,"","","","",4.,1,120,1,"","","","","","","","","","","","","","","","","","","","","","","","","","","","",3.3,1,2.5,1,"","","","","","","","","","","","","","","","","","","","","","","","","","",95,1,"","","","","","","","","","","","",7.4,1,1021.8,1,"","","","","","","","","","","","","","","","","","","","","","","","","","","","","","","","","","","","","","","","","","","","","","","","","","","","","","","","","","","","","","","","","","","","","","","","","","","","","","","","","","","","","","","","","","","","","","","","","","","","","","","","","","","","","","","","","",""
"28070001","CHARTRES",48.4605,1.501167,155,1983111212,"","","","",4.,1,120,1,"","","","","","","","","","","","","","","","","","","","","","","","","","","","",5.2,1,4.3,1,"","","","","","","","","","","","","","","","","","","","","","","","","","",95,1,"","","","","","","","","","","","",8.4,1,1022.1,1,"","","","","","","","","","","","","","","","","","","","","","","","","","","","","","","","","","","","","","","","","","","","","","","","","","","","","","","","","","","","","","","","","","","","","","","","","","","","","","","","","","","","","","","","","","","","","","","","","","","","","","","","","","","","","","","","","",""
"28070001","CHARTRES",48.4605,1.501167,155,1983111215,"","","","",3.,1,100,1,"","","","","","","","","","","","","","","","","","","","","","","","","","","","",5.7,1,4.5,1,"","","","","","","","","","","","","","","","","","","","","","","","","","",93,1,"","","","","","","","","","","","",8.5,1,1021.3,1,"","","","","","","","","","","","","","","","","","","","","","","","","","","","","","","","","","","","","","","","","","","","","","","","","","","","","","","","","","","","","","","","","","","","","","","","","","","","","","","","","","","","","","","","","","","","","","","","","","","","","","","","","","","","","","","","","",""
"28070001","CHARTRES",48.4605,1.501167,155,1983111218,"","","","",4.,1,100,1,"","","","","","","","","","","","","","","","","","","","","","","","","","","","",5.4,1,4.3,1,"","","","","","","","","","","","","","","","","","","","","","","","","","",94,1,"","","","","","","","","","","","",8.4,1,1021.6,1,"","","","","","","","","","","","","","","","","","","","","","","","","","","","","","","","","","","","","","","","","","","","","","","","","","","","","","","","","","","","","","","","","","","","","","","","","","","","","","","","","","","","","","","","","","","","","","","","","","","","","","","","","","","","","","","","","",""
"28070001","CHARTRES",48.4605,1.501167,155,1983111221,"","","","",3.,1,100,1,"","","","","","","","","","","","","","","","","","","","","","","","","","","","",5.2,1,3.3,1,"","","","","","","","","","","","","","","","","","","","","","","","","","",88,1,"","","","","","","","","","","","",7.8,1,1022.3,1,"","","","","","","","","","","","","","","","","","","","","","","","","","","","","","","","","","","","","","","","","","","","","","","","","","","","","","","","","","","","","","","","","","","","","","","","","","","","","","","","","","","","","","","","","","","","","","","","","","","","","","","","","","","","","","","","","",""
"28070001","CHARTRES",48.4605,1.501167,155,1983111300,"","","","",3.,1,100,1,"","","","","","","","","","","","","","","","","","","","","","","","","","","","",4.5,1,2.,1,"","","","","","","","","","","","","","","","","","","","","","","","","","",84,1,"","","","","","","","","","","","",7.1,1,1022.3,1,"","","","","","","","","","","","","","","","","","","","","","","","","","","","","","","","","","","","","","","","","","","","","","","","","","","","","","","","","","","","","","","","","","","","","","","","","","","","","","","","","","","","","","","","","","","","","","","","","","","","","","","","","","","","","","","","","",""
"28070001","CHARTRES",48.4605,1.501167,155,1983111303,"","","","",3.,1,100,1,"","","","","","","","","","","","","","","","","","","","","","","","","","","","",4.3,1,1.,1,"","","","","","","","","","","","","","","","","","","","","","","","","","",80,1,"","","","","","","","","","","","",6.6,1,1021.7,1,"","","","","","","","","","","","","","","","","","","","","","","","","","","","","","","","","","","","","","","","","","","","","","","","","","","","","","","","","","","","","","","","","","","","","","","","","","","","","","","","","","","","","","","","","","","","","","","","","","","","","","","","","","","","","","","","","",""
"28070001","CHARTRES",48.4605,1.501167,155,1983111306,"","","","",4.,1,100,1,"","","","","","","","","","","","","","","","","","","","","","","","","","","","",4.,1,0.8,1,"","","","","","","","","","","","","","","","","","","","","","","","","","",80,1,"","","","","","","","","","","","",6.5,1,1021.6,1,"","","","","","","","","","","","","","","","","","","","","","","","","","","","","","","","","","","","","","","","","","","","","","","","","","","","","","","","","","","","","","","","","","","","","","","","","","","","","","","","","","","","","","","","","","","","","","","","","","","","","","","","","","","","","","","","","",""
"28070001","CHARTRES",48.4605,1.501167,155,1983111309,"","","","",4.,1,100,1,"","","","","","","","","","","","","","","","","","","","","","","","","","","","",4.,1,1.2,1,"","","","","","","","","","","","","","","","","","","","","","","","","","",82,1,"","","","","","","","","","","","",6.7,1,1021.9,1,"","","","","","","","","","","","","","","","","","","","","","","","","","","","","","","","","","","","","","","","","","","","","","","","","","","","","","","","","","","","","","","","","","","","","","","","","","","","","","","","","","","","","","","","","","","","","","","","","","","","","","","","","","","","","","","","","",""
"28070001","CHARTRES",48.4605,1.501167,155,1983111312,"","","","",3.,1,120,1,"","","","","","","","","","","","","","","","","","","","","","","","","","","","",6.8,1,1.6,1,"","","","","","","","","","","","","","","","","","","","","","","","","","",70,1,"","","","","","","","","","","","",6.9,1,1020.8,1,"","","","","","","","","","","","","","","","","","","","","","","","","","","","","","","","","","","","","","","","","","","","","","","","","","","","","","","","","","","","","","","","","","","","","","","","","","","","","","","","","","","","","","","","","","","","","","","","","","","","","","","","","","","","","","","","","",""
"28070001","CHARTRES",48.4605,1.501167,155,1983111315,"","","","",3.,1,200,1,"","","","","","","","","","","","","","","","","","","","","","","","","","","","",6.3,1,0.1,1,"","","","","","","","","","","","","","","","","","","","","","","","","","",65,1,"","","","","","","","","","","","",6.2,1,1019.8,1,"","","","","","","","","","","","","","","","","","","","","","","","","","","","","","","","","","","","","","","","","","","","","","","","","","","","","","","","","","","","","","","","","","","","","","","","","","","","","","","","","","","","","","","","","","","","","","","","","","","","","","","","","","","","","","","","","",""
"28070001","CHARTRES",48.4605,1.501167,155,1983111318,"","","","",3.,1,80,1,"","","","","","","","","","","","","","","","","","","","","","","","","","","","",2.6,1,0.,1,"","","","","","","","","","","","","","","","","","","","","","","","","","",83,1,"","","","","","","","","","","","",6.1,1,1020.8,1,"","","","","","","","","","","","","","","","","","","","","","","","","","","","","","","","","","","","","","","","","","","","","","","","","","","","","","","","","","","","","","","","","","","","","","","","","","","","","","","","","","","","","","","","","","","","","","","","","","","","","","","","","","","","","","","","","",""
"28070001","CHARTRES",48.4605,1.501167,155,1983111321,"","","","",3.,1,60,1,"","","","","","","","","","","","","","","","","","","","","","","","","","","","",-0.1,1,-1.8,1,"","","","","","","","","","","","","","","","","","","","","","","","","","",87,1,"","","","","","","","","","","","",5.3,1,1020.8,1,"","","","","","","","","","","","","","","","","","","","","","","","","","","","","","","","","","","","","","","","","","","","","","","","","","","","","","","","","","","","","","","","","","","","","","","","","","","","","","","","","","","","","","","","","","","","","","","","","","","","","","","","","","","","","","","","","",""
"28070001","CHARTRES",48.4605,1.501167,155,1983111400,"","","","",3.,1,100,1,"","","","","","","","","","","","","","","","","","","","","","","","","","","","",-1.1,1,-2.6,1,"","","","","","","","","","","","","","","","","","","","","","","","","","",88,1,"","","","","","","","","","","","",5.,1,1021.4,1,"","","","","","","","","","","","","","","","","","","","","","","","","","","","","","","","","","","","","","","","","","","","","","","","","","","","","","","","","","","","","","","","","","","","","","","","","","","","","","","","","","","","","","","","","","","","","","","","","","","","","","","","","","","","","","","","","",""
"28070001","CHARTRES",48.4605,1.501167,155,1983111403,"","","","",5.,1,80,1,"","","","","","","","","","","","","","","","","","","","","","","","","","","","",0.1,1,-4.,1,"","","","","","","","","","","","","","","","","","","","","","","","","","",73,1,"","","","","","","","","","","","",4.5,1,1021.,1,"","","","","","","","","","","","","","","","","","","","","","","","","","","","","","","","","","","","","","","","","","","","","","","","","","","","","","","","","","","","","","","","","","","","","","","","","","","","","","","","","","","","","","","","","","","","","","","","","","","","","","","","","","","","","","","","","",""
"28070001","CHARTRES",48.4605,1.501167,155,1983111406,"","","","",6.,1,80,1,"","","","","","","","","","","","","","","","","","","","","","","","","","","","",-0.8,1,-5.2,1,"","","","","","","","","","","","","","","","","","","","","","","","","","",71,1,"","","","","","","","","","","","",4.1,1,1021.2,1,"","","","","","",3,1,0,1,0,1,4,1,0,1,"","","","","","","","","","","","","","","","","","","","","","","","",5000,1,"","",0,1,"","","","",0,1,"","","","","","","","","","","","","","","","","","","","","","","","","","","","","","","","","","","","","","","","","","","","","","","","","","","","","","","","","","","","","",""
"28070001","CHARTRES",48.4605,1.501167,155,1983111409,"","","","",7.,1,80,1,"","","","","","","","","","","","","","","","","","","","","","","","","","","","",-0.2,1,-5.2,1,"","","","","","","","","","","","","","","","","","","","","","","","","","",67,1,"","","","","","","","","","","","",4.1,1,1022.4,1,"","","","","","",0,1,"","",0,1,0,1,0,1,"","","","","","","","","","","","","","","","","","","","","","","","",10000,1,"","",2,1,0,1,"","","","","","","","","","","","","","","","","","","","","","","","","","","","","","","","","","","","","","","","","","","","","","","","","","","","","","","","","","","","","","","","","",""
"28070001","CHARTRES",48.4605,1.501167,155,1983111412,"","","","",8.,1,80,1,"","","","","","","","","","","","","","","","","","","","","","","","","","","","",2.7,1,-5.8,1,"","","","","","","","","","","","","","","","","","","","","","","","","","",53,1,"","","","","","","","","","","","",3.9,1,1022.2,1,"","","","","","",0,1,"","",0,1,0,1,0,1,"","","","","","","","","","","","","","","","","","","","","","","","",25000,1,"","",2,1,0,1,"","","","","","","","","","","","","","","","","","","","","","","","","","","","","","","","","","","","","","","","","","","","","","","","","","","","","","","","","","","","","","","","","",""
"28070001","CHARTRES",48.4605,1.501167,155,1983111415,"","","","",7.,1,80,1,"","","","","","","","","","","","","","","","","","","","","","","","","","","","",3.8,1,-9.1,1,"","","","","","","","","","","","","","","","","","","","","","","","","","",38,1,"","","","","","","","","","","","",3.,1,1021.4,1,"","","","","","",0,1,"","",0,1,0,1,0,1,"","","","","","","","","","","","","","","","","","","","","","","","",20000,1,"","",2,1,0,1,"","","","","","","","","","","","","","","","","","","","","","","","","","","","","","","","","","","","","","","","","","","","","","","","","","","","","","","","","","","","","","","","","",""
"28070001","CHARTRES",48.4605,1.501167,155,1983111418,"","","","",5.,1,80,1,"","","","","","","","","","","","","","","","","","","","","","","","","","","","",0.4,1,-11.3,1,"","","","","","","","","","","","","","","","","","","","","","","","","","",39,1,"","","","","","","","","","","","",2.5,1,1022.6,1,"","","","","","","","","","","","","","","","","","","","","","","","","","","","","","","","","","","","","","","","","","","","","","","","","","","","","","","","","","","","","","","","","","","","","","","","","","","","","","","","","","","","","","","","","","","","","","","","","","","","","","","","","","","","","","","","","",""
"28070001","CHARTRES",48.4605,1.501167,155,1983111421,"","","","",5.,1,80,1,"","","","","","","","","","","","","","","","","","","","","","","","","","","","",-1.2,1,-13.4,1,"","","","","","","","","","","","","","","","","","","","","","","","","","",37,1,"","","","","","","","","","","","",2.1,1,1023.,1,"","","","","","","","","","","","","","","","","","","","","","","","","","","","","","","","","","","","","","","","","","","","","","","","","","","","","","","","","","","","","","","","","","","","","","","","","","","","","","","","","","","","","","","","","","","","","","","","","","","","","","","","","","","","","","","","","",""
"28070001","CHARTRES",48.4605,1.501167,155,1983111500,"","","","",4.,1,60,1,"","","","","","","","","","","","","","","","","","","","","","","","","","","","",-3.1,1,-12.3,1,"","","","","","","","","","","","","","","","","","","","","","","","","","",48,1,"","","","","","","","","","","","",2.3,1,1021.2,1,"","","","","","","","","","","","","","","","","","","","","","","","","","","","","","","","","","","","","","","","","","","","","","","","","","","","","","","","","","","","","","","","","","","","","","","","","","","","","","","","","","","","","","","","","","","","","","","","","","","","","","","","","","","","","","","","","",""
"28070001","CHARTRES",48.4605,1.501167,155,1983111503,"","","","",4.,1,60,1,"","","","","","","","","","","","","","","","","","","","","","","","","","","","",-4.1,1,-10.9,1,"","","","","","","","","","","","","","","","","","","","","","","","","","",57,1,"","","","","","","","","","","","",2.6,1,1021.4,1,"","","","","","","","","","","","","","","","","","","","","","","","","","","","","","","","","","","","","","","","","","","","","","","","","","","","","","","","","","","","","","","","","","","","","","","","","","","","","","","","","","","","","","","","","","","","","","","","","","","","","","","","","","","","","","","","","",""
"28070001","CHARTRES",48.4605,1.501167,155,1983111506,"","","","",1.,1,40,1,"","","","","","","","","","","","","","","","","","","","","","","","","","","","",-6.,1,-9.1,1,"","","","","","","","","","","","","","","","","","","","","","","","","","",78,1,"","","","","","","","","","","","",3.,1,1020.8,1,"","","","","","",1,1,0,1,0,1,0,1,1,1,"","","","","","","","","","","","","","","","","","","","","","","","",15000,1,"","",0,1,"","","","",4,1,"","","","","","","","","","","","","","","","","","","","","","","","","","","","","","","","","","","","","","","","","","","","","","","","","","","","","","","","","","","","","",""
"28070001","CHARTRES",48.4605,1.501167,155,1983111509,"","","","",2.,1,40,1,"","","","","","","","","","","","","","","","","","","","","","","","","","","","",-3.9,1,-5.8,1,"","","","","","","","","","","","","","","","","","","","","","","","","","",85,1,"","","","","","","","","","","","",3.9,1,1020.6,1,"","","","","","",1,1,0,1,0,1,0,1,1,1,"","","","","","","","","","","","","","","","","","","","","","","","",20000,1,"","",1,1,0,1,"","","","","","","","","","","","","","","","","","","","","","","","","","","","","","","","","","","","","","","","","","","","","","","","","","","","","","","","","","","","","","","","","",""
"28070001","CHARTRES",48.4605,1.501167,155,1983111512,"","","","",4.,1,40,1,"","","","","","","","","","","","","","","","","","","","","","","","","","","","",3.,1,-6.5,1,"","","","","","","","","","","","","","","","","","","","","","","","","","",49,1,"","","","","","","","","","","","",3.7,1,1018.6,1,"","","","","","",1,1,0,1,0,1,0,1,1,1,"","","","","","","","","","","","","","","","","","","","","","","","",20000,1,"","",2,1,0,1,"","","","","","","","","","","","","","","","","","","","","","","","","","","","","","","","","","","","","","","","","","","","","","","","","","","","","","","","","","","","","","","","","",""
"28070001","CHARTRES",48.4605,1.501167,155,1983111515,"","","","",3.,1,60,1,"","","","","","","","","","","","","","","","","","","","","","","","","","","","",4.4,1,-1.6,1,"","","","","","","","","","","","","","","","","","","","","","","","","","",64,1,"","","","","","","","","","","","",5.4,1,1017.,1,"","","","","","",1,1,0,1,0,1,0,1,1,1,"","","","","","","","","","","","","","","","","","","","","","","","",20000,1,"","",2,1,0,1,"","","","","","","","","","","","","","","","","","","","","","","","","","","","","","","","","","","","","","","","","","","","","","","","","","","","","","","","","","","","","","","","","",""
"28070001","CHARTRES",48.4605,1.501167,155,1983111518,"","","","",2.,1,40,1,"","","","","","","","","","","","","","","","","","","","","","","","","","","","",-0.5,1,-9.1,1,"","","","","","","","","","","","","","","","","","","","","","","","","","",51,1,"","","","","","","","","","","","",3.,1,1016.7,1,"","","","","","","","",0,1,"","","","","","","","","","","","","","","","","","","","","","","","","","","","","","","","","","","","","","","","","","","","","","","","","","","","","","","","","","","","","","","","","","","","","","","","","","","","","","","","","","","","","","","","","","","","","","","","","","","","","","","",""
"28070001","CHARTRES",48.4605,1.501167,155,1983111521,"","","","",1.,1,40,1,"","","","","","","","","","","","","","","","","","","","","","","","","","","","",0.4,1,-7.5,1,"","","","","","","","","","","","","","","","","","","","","","","","","","",54,1,"","","","","","","","","","","","",3.4,1,1016.2,1,"","","","","","","","",0,1,"","","","","","","","","","","","","","","","","","","","","","","","","","","","","","","","","","","","","","","","","","","","","","","","","","","","","","","","","","","","","","","","","","","","","","","","","","","","","","","","","","","","","","","","","","","","","","","","","","","","","","","",""
"28070001","CHARTRES",48.4605,1.501167,155,1983111600,"","","","",1.,1,340,1,"","","","","","","","","","","","","","","","","","","","","","","","","","","","",0.4,1,-5.2,1,"","","","","","","","","","","","","","","","","","","","","","","","","","",65,1,"","","","","","","","","","","","",4.1,1,1015.1,1,"","","","","","","","",0,1,"","","","","","","","","","","","","","","","","","","","","","","","","","","","","","","","","","","","","","","","","","","","","","","","","","","","","","","","","","","","","","","","","","","","","","","","","","","","","","","","","","","","","","","","","","","","","","","","","","","","","","","",""
"28070001","CHARTRES",48.4605,1.501167,155,1983111603,"","","","",1.,1,340,1,"","","","","","","","","","","","","","","","","","","","","","","","","","","","",1.1,1,-2.6,1,"","","","","","","","","","","","","","","","","","","","","","","","","","",75,1,"","","","","","","","","","","","",5.,1,1014.3,1,"","","","","","","","",0,1,"","","","","","","","","","","","","","","","","","","","","","","","","","","","","","","","","","","","","","","","","","","","","","","","","","","","","","","","","","","","","","","","","","","","","","","","","","","","","","","","","","","","","","","","","","","","","","","","","","","","","","","",""
"28070001","CHARTRES",48.4605,1.501167,155,1983111606,"","","","",3.,1,20,1,"","","","","","","","","","","","","","","","","","","","","","","","","","","","",2.,1,-0.6,1,"","","","","","","","","","","","","","","","","","","","","","","","","","",82,1,"","","","","","","","","","","","",5.8,1,1013.9,1,"","","","","","",4,1,0,1,0,1,8,1,0,1,"","","","","","","","","","","","","","","","","","","","","","","","",10000,1,"","",0,1,"","","","",0,1,"","","","","","","","","","","","","","","","","","","","","","","","","","","","","","","","","","","","","","","","","","","","","","","","","","","","","","","","","","","","","",""
"28070001","CHARTRES",48.4605,1.501167,155,1983111609,"","","","",2.,1,40,1,"","","","","","","","","","","","","","","","","","","","","","","","","","","","",3.2,1,1.6,1,"","","","","","","","","","","","","","","","","","","","","","","","","","",90,1,"","","","","","","","","","","","",6.9,1,1014.3,1,"","","","","","",6,1,6,1,5,1,0,1,0,1,"","","","","","","","","","","","","","","","","","","","","","","","",10000,1,"","",3,1,1,1,"","","","","","","","","","","","","","","","","","","","","","","","","","","","","","","","","","","","","","","","","","","","","","","","","","","","","","","","","","","","","","","","","",""
"28070001","CHARTRES",48.4605,1.501167,155,1983111612,"","","","",4.,1,60,1,"","","","","","","","","","","","","","","","","","","","","","","","","","","","",8.5,1,2.7,1,"","","","","","","","","","","","","","","","","","","","","","","","","","",68,1,"","","","","","","","","","","","",7.5,1,1013.1,1,"","","","","","",6,1,6,1,1,1,8,1,0,1,"","","","","","","","","","","","","","","","","","","","","","","","",15000,1,"","",3,1,1,1,"","","","","","","","","","","","","","","","","","","","","","","","","","","","","","","","","","","","","","","","","","","","","","","","","","","","","","","","","","","","","","","","","",""
"28070001","CHARTRES",48.4605,1.501167,155,1983111615,"","","","",4.,1,80,1,"","","","","","","","","","","","","","","","","","","","","","","","","","","","",8.2,1,2.5,1,"","","","","","","","","","","","","","","","","","","","","","","","","","",68,1,"","","","","","","","","","","","",7.4,1,1012.7,1,"","","","","","",5,1,0,1,2,1,8,1,0,1,"","","","","","","","","","","","","","","","","","","","","","","","",15000,1,"","",3,1,2,1,"","","","","","","","","","","","","","","","","","","","","","","","","","","","","","","","","","","","","","","","","","","","","","","","","","","","","","","","","","","","","","","","","",""
"28070001","CHARTRES",48.4605,1.501167,155,1983111618,"","","","",3.,1,60,1,"","","","","","","","","","","","","","","","","","","","","","","","","","","","",4.1,1,1.4,1,"","","","","","","","","","","","","","","","","","","","","","","","","","",83,1,"","","","","","","","","","","","",6.8,1,1013.6,1,"","","","","","","","",0,1,"","","","","","","","","","","","","","","","","","","","","","","","","","","","","","","","","","","","","","","","","","","","","","","","","","","","","","","","","","","","","","","","","","","","","","","","","","","","","","","","","","","","","","","","","","","","","","","","","","","","","","","",""
"28070001","CHARTRES",48.4605,1.501167,155,1983111621,"","","","",3.,1,60,1,"","","","","","","","","","","","","","","","","","","","","","","","","","","","",6.1,1,3.1,1,"","","","","","","","","","","","","","","","","","","","","","","","","","",82,1,"","","","","","","","","","","","",7.7,1,1014.2,1,"","","","","","","","",0,1,"","","","","","","","","","","","","","","","","","","","","","","","","","","","","","","","","","","","","","","","","","","","","","","","","","","","","","","","","","","","","","","","","","","","","","","","","","","","","","","","","","","","","","","","","","","","","","","","","","","","","","","",""
"28070001","CHARTRES",48.4605,1.501167,155,1983111700,"","","","",3.,1,60,1,"","","","","","","","","","","","","","","","","","","","","","","","","","","","",4.9,1,4.,1,"","","","","","","","","","","","","","","","","","","","","","","","","","",95,1,"","","","","","","","","","","","",8.2,1,1014.7,1,"","","","","","","","",0,1,"","","","","","","","","","","","","","","","","","","","","","","","","","","","","","","","","","","","","","","","","","","","","","","","","","","","","","","","","","","","","","","","","","","","","","","","","","","","","","","","","","","","","","","","","","","","","","","","","","","","","","","",""
"28070001","CHARTRES",48.4605,1.501167,155,1983111703,"","","","",3.,1,60,1,"","","","","","","","","","","","","","","","","","","","","","","","","","","","",3.6,1,2.8,1,"","","","","","","","","","","","","","","","","","","","","","","","","","",95,1,"","","","","","","","","","","","",7.5,1,1014.2,1,"","","","","","","","",0,1,"","","","","","","","","","","","","","","","","","","","","","","","","","","","","","","","","","","","","","","","","","","","","","","","","","","","","","","","","","","","","","","","","","","","","","","","","","","","","","","","","","","","","","","","","","","","","","","","","","","","","","","",""
"28070001","CHARTRES",48.4605,1.501167,155,1983111706,"","","","",2.,1,20,1,"","","","","","","","","","","","","","","","","","","","","","","","","","","","",4.5,1,3.5,1,"","","","","","","","","","","","","","","","","","","","","","","","","","",93,1,"","","","","","","","","","","","",7.9,1,1014.2,1,"","","","","","",6,1,6,1,5,1,0,1,0,1,"","","","","","","","","","","","","","","","","","","","","","","","",8000,1,"","",0,1,"","","","",1,1,"","","","","","","","","","","","","","","","","","","","","","","","","","","","","","","","","","","","","","","","","","","","","","","","","","","","","","","","","","","","","",""
"28070001","CHARTRES",48.4605,1.501167,155,1983111709,"","","","",2.,1,40,1,"","","","","","","","","","","","","","","","","","","","","","","","","","","","",5.6,1,4.5,1,"","","","","","","","","","","","","","","","","","","","","","","","","","",94,1,"","","","","","","","","","","","",8.5,1,1014.6,1,"","","","","","",7,1,7,1,5,1,"","","","","","","","","","","","","","","","","","","","","","","","","","","","",5000,1,"","",3,1,2,1,"","","","","","","","","","","","","","","","","","","","","","","","","","","","","","","","","","","","","","","","","","","","","","","","","","","","","","","","","","","","","","","","","",""
"28070001","CHARTRES",48.4605,1.501167,155,1983111712,"","","","",4.,1,60,1,"","","","","","","","","","","","","","","","","","","","","","","","","","","","",7.,1,6.2,1,"","","","","","","","","","","","","","","","","","","","","","","","","","","","","","","","","","","","","","","","",9.6,1,1014.9,1,"","","","","","",8,1,8,1,6,1,"","","","","","","","","","","","","","","","","","","","","","","","","","","","",5000,1,"","",1,1,2,1,"","","","","","","","","","","","","","","","","","","","","","","","","","","","","","","","","","","","","","","","","","","","","","","","","","","","","","","","","","","","","","","","","",""
"28070001","CHARTRES",48.4605,1.501167,155,1983111715,"","","","",4.,1,60,1,"","","","","","","","","","","","","","","","","","","","","","","","","","","","",8.,1,5.6,1,"","","","","","","","","","","","","","","","","","","","","","","","","","",86,1,"","","","","","","","","","","","",9.2,1,1014.8,1,"","","","","","",8,1,8,1,5,1,"","","","","","","","","","","","","","","","","","","","","","","","","","","","",10000,1,"","",1,1,2,1,"","","","","","","","","","","","","","","","","","","","","","","","","","","","","","","","","","","","","","","","","","","","","","","","","","","","","","","","","","","","","","","","","",""
"28070001","CHARTRES",48.4605,1.501167,155,1983111718,"","","","",3.,1,60,1,"","","","","","","","","","","","","","","","","","","","","","","","","","","","",7.9,1,4.3,1,"","","","","","","","","","","","","","","","","","","","","","","","","","",79,1,"","","","","","","","","","","","",8.4,1,1018.4,1,"","","","","","","","",8,1,"","","","","","","","","","","","","","","","","","","","","","","","","","","","","","","","","","","","","","","","","","","","","","","","","","","","","","","","","","","","","","","","","","","","","","","","","","","","","","","","","","","","","","","","","","","","","","","","","","","","","","","",""
"28070001","CHARTRES",48.4605,1.501167,155,1983111721,"","","","",4.,1,60,1,"","","","","","","","","","","","","","","","","","","","","","","","","","","","",7.9,1,3.8,1,"","","","","","","","","","","","","","","","","","","","","","","","","","",76,1,"","","","","","","","","","","","",8.1,1,1018.6,1,"","","","","","","","",8,1,"","","","","","","","","","","","","","","","","","","","","","","","","","","","","","","","","","","","","","","","","","","","","","","","","","","","","","","","","","","","","","","","","","","","","","","","","","","","","","","","","","","","","","","","","","","","","","","","","","","","","","","",""
"28070001","CHARTRES",48.4605,1.501167,155,1983111800,"","","","",4.,1,40,1,"","","","","","","","","","","","","","","","","","","","","","","","","","","","",6.2,1,2.9,1,"","","","","","","","","","","","","","","","","","","","","","","","","","",80,1,"","","","","","","","","","","","",7.6,1,1017.6,1,"","","","","","","","",8,1,"","","","","","","","","","","","","","","","","","","","","","","","","","","","","","","","","","","","","","","","","","","","","","","","","","","","","","","","","","","","","","","","","","","","","","","","","","","","","","","","","","","","","","","","","","","","","","","","","","","","","","","",""
"28070001","CHARTRES",48.4605,1.501167,155,1983111803,"","","","",3.,1,40,1,"","","","","","","","","","","","","","","","","","","","","","","","","","","","",3.,1,0.6,1,"","","","","","","","","","","","","","","","","","","","","","","","","","",84,1,"","","","","","","","","","","","",6.4,1,1018.4,1,"","","","","","","","",8,1,"","","","","","","","","","","","","","","","","","","","","","","","","","","","","","","","","","","","","","","","","","","","","","","","","","","","","","","","","","","","","","","","","","","","","","","","","","","","","","","","","","","","","","","","","","","","","","","","","","","","","","","",""
"28070001","CHARTRES",48.4605,1.501167,155,1983111806,"","","","",3.,1,60,1,"","","","","","","","","","","","","","","","","","","","","","","","","","","","",4.1,1,1.8,1,"","","","","","","","","","","","","","","","","","","","","","","","","","",85,1,"","","","","","","","","","","","",7.,1,1019.4,1,"","","","","","",7,1,7,1,5,1,"","","","","","","","","","","","","","","","","","","","","","","","","","","","",3000,1,"","",10,1,"","","","",1,1,"","","","","","","","","","","","","","","","","","","","","","","","","","","","","","","","","","","","","","","","","","","","","","","","","","","","","","","","","","","","","",""
"28070001","CHARTRES",48.4605,1.501167,155,1983111809,"","","","",4.,1,60,1,"","","","","","","","","","","","","","","","","","","","","","","","","","","","",3.1,1,2.,1,"","","","","","","","","","","","","","","","","","","","","","","","","","",93,1,"","","","","","","","","","","","",7.1,1,1021.2,1,"","","","","","",7,1,5,1,6,1,"","","","","","","","","","","","","","","","","","","","","","","","","","","","",1000,1,"","",10,1,2,1,"","","","","","","","","","","","","","","","","","","","","","","","","","","","","","","","","","","","","","","","","","","","","","","","","","","","","","","","","","","","","","","","","",""
"28070001","CHARTRES",48.4605,1.501167,155,1983111812,"","","","",4.,1,80,1,"","","","","","","","","","","","","","","","","","","","","","","","","","","","",4.3,1,1.6,1,"","","","","","","","","","","","","","","","","","","","","","","","","","",83,1,"","","","","","","","","","","","",6.9,1,1022.3,1,"","","","","","",7,1,5,1,6,1,"","","","","","","","","","","","","","","","","","","","","","","","","","","","",4000,1,"","",10,1,2,1,"","","","","","","","","","","","","","","","","","","","","","","","","","","","","","","","","","","","","","","","","","","","","","","","","","","","","","","","","","","","","","","","","",""
"28070001","CHARTRES",48.4605,1.501167,155,1983111815,"","","","",5.,1,40,1,"","","","","","","","","","","","","","","","","","","","","","","","","","","","",4.7,1,-0.6,1,"","","","","","","","","","","","","","","","","","","","","","","","","","",68,1,"","","","","","","","","","","","",5.8,1,1022.4,1,"","","","","","",7,1,7,1,6,1,"","","","","","","","","","","","","","","","","","","","","","","","","","","","",6000,1,"","",1,1,2,1,"","","","","","","","","","","","","","","","","","","","","","","","","","","","","","","","","","","","","","","","","","","","","","","","","","","","","","","","","","","","","","","","","",""
"28070001","CHARTRES",48.4605,1.501167,155,1983111818,"","","","",4.,1,40,1,"","","","","","","","","","","","","","","","","","","","","","","","","","","","",2.,1,1.,1,"","","","","","","","","","","","","","","","","","","","","","","","","","",94,1,"","","","","","","","","","","","",6.6,1,1023.6,1,"","","","","","","","",7,1,"","","","","","","","","","","","","","","","","","","","","","","","","","","","","","","","","","","","","","","","","","","","","","","","","","","","","","","","","","","","","","","","","","","","","","","","","","","","","","","","","","","","","","","","","","","","","","","","","","","","","","","",""
"28070001","CHARTRES",48.4605,1.501167,155,1983111821,"","","","",3.,1,40,1,"","","","","","","","","","","","","","","","","","","","","","","","","","","","",1.6,1,1.,1,"","","","","","","","","","","","","","","","","","","","","","","","","","",96,1,"","","","","","","","","","","","",6.6,1,1025.,1,"","","","","","","","",7,1,"","","","","","","","","","","","","","","","","","","","","","","","","","","","","","","","","","","","","","","","","","","","","","","","","","","","","","","","","","","","","","","","","","","","","","","","","","","","","","","","","","","","","","","","","","","","","","","","","","","","","","","",""
"28070001","CHARTRES",48.4605,1.501167,155,1983111900,"","","","",2.,1,60,1,"","","","","","","","","","","","","","","","","","","","","","","","","","","","",0.9,1,0.4,1,"","","","","","","","","","","","","","","","","","","","","","","","","","",97,1,"","","","","","","","","","","","",6.3,1,1025.7,1,"","","","","","","","",7,1,"","","","","","","","","","","","","","","","","","","","","","","","","","","","","","","","","","","","","","","","","","","","","","","","","","","","","","","","","","","","","","","","","","","","","","","","","","","","","","","","","","","","","","","","","","","","","","","","","","","","","","","",""
"28070001","CHARTRES",48.4605,1.501167,155,1983111903,"","","","",1.,1,80,1,"","","","","","","","","","","","","","","","","","","","","","","","","","","","",0.,1,-0.2,1,"","","","","","","","","","","","","","","","","","","","","","","","","","",98,1,"","","","","","","","","","","","",6.,1,1025.4,1,"","","","","","","","",7,1,"","","","","","","","","","","","","","","","","","","","","","","","","","","","","","","","","","","","","","","","","","","","","","","","","","","","","","","","","","","","","","","","","","","","","","","","","","","","","","","","","","","","","","","","","","","","","","","","","","","","","","","",""
"28070001","CHARTRES",48.4605,1.501167,155,1983111906,"","","","",1.,1,100,1,"","","","","","","","","","","","","","","","","","","","","","","","","","","","",-0.4,1,-0.6,1,"","","","","","","","","","","","","","","","","","","","","","","","","","",98,1,"","","","","","","","","","","","",5.8,1,1025.,1,"","","","","","",8,1,8,1,6,1,"","","","","","","","","","","","","","","","","","","","","","","","","","","","",200,1,"","",44,1,"","","","",0,1,"","","","","","","","","","","","","","","","","","","","","","","","","","","","","","","","","","","","","","","","","","","","","","","","","","","","","","","","","","","","","",""
"28070001","CHARTRES",48.4605,1.501167,155,1983111909,"","","","",2.,1,100,1,"","","","","","","","","","","","","","","","","","","","","","","","","","","","",-0.5,1,-1.3,1,"","","","","","","","","","","","","","","","","","","","","","","","","","",94,1,"","","","","","","","","","","","",5.5,1,1025.6,1,"","","","","","",9,1,"","","","","","","","","","","","","","","","","","","","","","","","","","","","","","","","",150,1,"","",43,1,4,1,"","","","","","","","","","","","","","","","","","","","","","","","","","","","","","","","","","","","","","","","","","","","","","","","","","","","","","","","","","","","","","","","","",""
"28070001","CHARTRES",48.4605,1.501167,155,1983111912,"","","","",2.,1,60,1,"","","","","","","","","","","","","","","","","","","","","","","","","","","","",1.2,1,0.6,1,"","","","","","","","","","","","","","","","","","","","","","","","","","",96,1,"","","","","","","","","","","","",6.4,1,1025.1,1,"","","","","","",8,1,8,1,6,1,"","","","","","","","","","","","","","","","","","","","","","","","","","","","",1500,1,"","",10,1,4,1,"","","","","","","","","","","","","","","","","","","","","","","","","","","","","","","","","","","","","","","","","","","","","","","","","","","","","","","","","","","","","","","","","",""
"28070001","CHARTRES",48.4605,1.501167,155,1983111915,"","","","",4.,1,120,1,"","","","","","","","","","","","","","","","","","","","","","","","","","","","",4.9,1,0.4,1,"","","","","","","","","","","","","","","","","","","","","","","","","","",73,1,"","","","","","","","","","","","",6.3,1,1023.1,1,"","","","","","",0,1,"","",0,1,0,1,0,1,"","","","","","","","","","","","","","","","","","","","","","","","",8000,1,"","",1,1,1,1,"","","","","","","","","","","","","","","","","","","","","","","","","","","","","","","","","","","","","","","","","","","","","","","","","","","","","","","","","","","","","","","","","",""
"28070001","CHARTRES",48.4605,1.501167,155,1983111918,"","","","",2.,1,80,1,"","","","","","","","","","","","","","","","","","","","","","","","","","","","",-0.2,1,-2.3,1,"","","","","","","","","","","","","","","","","","","","","","","","","","",85,1,"","","","","","","","","","","","",5.1,1,1022.7,1,"","","","","","","","","","","","","","","","","","","","","","","","","","","","","","","","","","","","","","","","","","","","","","","","","","","","","","","","","","","","","","","","","","","","","","","","","","","","","","","","","","","","","","","","","","","","","","","","","","","","","","","","","","","","","","","","","",""
"28070001","CHARTRES",48.4605,1.501167,155,1983111921,"","","","",2.,1,100,1,"","","","","","","","","","","","","","","","","","","","","","","","","","","","",-1.6,1,-2.9,1,"","","","","","","","","","","","","","","","","","","","","","","","","","",90,1,"","","","","","","","","","","","",4.9,1,1022.6,1,"","","","","","","","","","","","","","","","","","","","","","","","","","","","","","","","","","","","","","","","","","","","","","","","","","","","","","","","","","","","","","","","","","","","","","","","","","","","","","","","","","","","","","","","","","","","","","","","","","","","","","","","","","","","","","","","","",""
"28070001","CHARTRES",48.4605,1.501167,155,1983112000,"","","","",3.,1,100,1,"","","","","","","","","","","","","","","","","","","","","","","","","","","","",-0.9,1,-0.9,1,"","","","","","","","","","","","","","","","","","","","","","","","","","","","","","","","","","","","","","","","",5.7,1,1020.9,1,"","","","","","","","","","","","","","","","","","","","","","","","","","","","","","","","","","","","","","","","","","","","","","","","","","","","","","","","","","","","","","","","","","","","","","","","","","","","","","","","","","","","","","","","","","","","","","","","","","","","","","","","","","","","","","","","","",""
"28070001","CHARTRES",48.4605,1.501167,155,1983112003,"","","","",3.,1,100,1,"","","","","","","","","","","","","","","","","","","","","","","","","","","","",-0.8,1,-0.8,1,"","","","","","","","","","","","","","","","","","","","","","","","","","",99,1,"","","","","","","","","","","","",5.7,1,1019.8,1,"","","","","","","","","","","","","","","","","","","","","","","","","","","","","","","","","","","","","","","","","","","","","","","","","","","","","","","","","","","","","","","","","","","","","","","","","","","","","","","","","","","","","","","","","","","","","","","","","","","","","","","","","","","","","","","","","",""
"28070001","CHARTRES",48.4605,1.501167,155,1983112006,"","","","",4.,1,100,1,"","","","","","","","","","","","","","","","","","","","","","","","","","","","",-0.5,1,-0.6,1,"","","","","","","","","","","","","","","","","","","","","","","","","","",98,1,"","","","","","","","","","","","",5.8,1,1018.3,1,"","","","","","",8,1,8,1,6,1,"","","","","","","","","","","","","","","","","","","","","","","","","","","","",3000,1,"","",10,1,"","","","",4,1,"","","","","","","","","","","","","","","","","","","","","","","","","","","","","","","","","","","","","","","","","","","","","","","","","","","","","","","","","","","","","",""
"28070001","CHARTRES",48.4605,1.501167,155,1983112009,"","","","",2.,1,80,1,"","","","","","","","","","","","","","","","","","","","","","","","","","","","",-0.3,1,-2.1,1,"","","","","","","","","","","","","","","","","","","","","","","","","","",88,1,"","","","","","","","","","","","",5.2,1,1018.4,1,"","","","","","",8,1,8,1,6,1,"","","","","","","","","","","","","","","","","","","","","","","","","","","","",3000,1,"","",10,1,2,1,"","","","","","","","","","","","","","","","","","","","","","","","","","","","","","","","","","","","","","","","","","","","","","","","","","","","","","","","","","","","","","","","","",""
"28070001","CHARTRES",48.4605,1.501167,155,1983112012,"","","","",3.,1,120,1,"","","","","","","","","","","","","","","","","","","","","","","","","","","","",2.6,1,-0.9,1,"","","","","","","","","","","","","","","","","","","","","","","","","","",77,1,"","","","","","","","","","","","",5.7,1,1017.4,1,"","","","","","",3,1,0,1,6,1,0,1,0,1,"","","","","","","","","","","","","","","","","","","","","","","","",5000,1,"","",1,1,1,1,"","","","","","","","","","","","","","","","","","","","","","","","","","","","","","","","","","","","","","","","","","","","","","","","","","","","","","","","","","","","","","","","","",""
"28070001","CHARTRES",48.4605,1.501167,155,1983112015,"","","","",2.,1,120,1,"","","","","","","","","","","","","","","","","","","","","","","","","","","","",3.2,1,-0.9,1,"","","","","","","","","","","","","","","","","","","","","","","","","","",74,1,"","","","","","","","","","","","",5.7,1,1016.7,1,"","","","","","",0,1,"","",0,1,0,1,0,1,"","","","","","","","","","","","","","","","","","","","","","","","",10000,1,"","",2,1,0,1,"","","","","","","","","","","","","","","","","","","","","","","","","","","","","","","","","","","","","","","","","","","","","","","","","","","","","","","","","","","","","","","","","",""
"28070001","CHARTRES",48.4605,1.501167,155,1983112018,"","","","",2.,1,140,1,"","","","","","","","","","","","","","","","","","","","","","","","","","","","",-0.7,1,-2.6,1,"","","","","","","","","","","","","","","","","","","","","","","","","","",87,1,"","","","","","","","","","","","",5.,1,1017.6,1,"","","","","","","","","","","","","","","","","","","","","","","","","","","","","","","","","","","","","","","","","","","","","","","","","","","","","","","","","","","","","","","","","","","","","","","","","","","","","","","","","","","","","","","","","","","","","","","","","","","","","","","","","","","","","","","","","",""
"28070001","CHARTRES",48.4605,1.501167,155,1983112021,"","","","",2.,1,180,1,"","","","","","","","","","","","","","","","","","","","","","","","","","","","",-0.9,1,-2.6,1,"","","","","","","","","","","","","","","","","","","","","","","","","","",88,1,"","","","","","","","","","","","",5.,1,1017.7,1,"","","","","","","","","","","","","","","","","","","","","","","","","","","","","","","","","","","","","","","","","","","","","","","","","","","","","","","","","","","","","","","","","","","","","","","","","","","","","","","","","","","","","","","","","","","","","","","","","","","","","","","","","","","","","","","","","",""
"28070001","CHARTRES",48.4605,1.501167,155,1983112100,"","","","",0.,1,0,1,"","","","","","","","","","","","","","","","","","","","","","","","","","","","",-1.9,1,-3.7,1,"","","","","","","","","","","","","","","","","","","","","","","","","","",86,1,"","","","","","","","","","","","",4.6,1,1017.6,1,"","","","","","","","","","","","","","","","","","","","","","","","","","","","","","","","","","","","","","","","","","","","","","","","","","","","","","","","","","","","","","","","","","","","","","","","","","","","","","","","","","","","","","","","","","","","","","","","","","","","","","","","","","","","","","","","","",""
"28070001","CHARTRES",48.4605,1.501167,155,1983112103,"","","","",1.,1,360,1,"","","","","","","","","","","","","","","","","","","","","","","","","","","","",-3.,1,-4.6,1,"","","","","","","","","","","","","","","","","","","","","","","","","","",87,1,"","","","","","","","","","","","",4.3,1,1017.5,1,"","","","","","","","","","","","","","","","","","","","","","","","","","","","","","","","","","","","","","","","","","","","","","","","","","","","","","","","","","","","","","","","","","","","","","","","","","","","","","","","","","","","","","","","","","","","","","","","","","","","","","","","","","","","","","","","","",""
"28070001","CHARTRES",48.4605,1.501167,155,1983112106,"","","","",2.,1,80,1,"","","","","","","","","","","","","","","","","","","","","","","","","","","","",0.,1,-2.3,1,"","","","","","","","","","","","","","","","","","","","","","","","","","",84,1,"","","","","","","","","","","","",5.1,1,1017.4,1,"","","","","","",8,1,8,1,6,1,"","","","","","","","","","","","","","","","","","","","","","","","","","","","",3500,1,"","",10,1,"","","","",1,1,"","","","","","","","","","","","","","","","","","","","","","","","","","","","","","","","","","","","","","","","","","","","","","","","","","","","","","","","","","","","","",""
"28070001","CHARTRES",48.4605,1.501167,155,1983112109,"","","","",5.,1,100,1,"","","","","","","","","","","","","","","","","","","","","","","","","","","","",2.5,1,1.2,1,"","","","","","","","","","","","","","","","","","","","","","","","","","",91,1,"","","","","","","","","","","","",6.7,1,1018.8,1,"","","","","","",8,1,8,1,6,1,"","","","","","","","","","","","","","","","","","","","","","","","","","","","",1500,1,"","",10,1,2,1,"","","","","","","","","","","","","","","","","","","","","","","","","","","","","","","","","","","","","","","","","","","","","","","","","","","","","","","","","","","","","","","","","",""
"28070001","CHARTRES",48.4605,1.501167,155,1983112112,"","","","",6.,1,60,1,"","","","","","","","","","","","","","","","","","","","","","","","","","","","",6.2,1,2.7,1,"","","","","","","","","","","","","","","","","","","","","","","","","","",79,1,"","","","","","","","","","","","",7.5,1,1019.4,1,"","","","","","",2,1,0,1,2,1,0,1,0,1,"","","","","","","","","","","","","","","","","","","","","","","","",6000,1,"","",1,1,1,1,"","","","","","","","","","","","","","","","","","","","","","","","","","","","","","","","","","","","","","","","","","","","","","","","","","","","","","","","","","","","","","","","","",""
"28070001","CHARTRES",48.4605,1.501167,155,1983112115,"","","","",5.,1,80,1,"","","","","","","","","","","","","","","","","","","","","","","","","","","","",6.9,1,0.,1,"","","","","","","","","","","","","","","","","","","","","","","","","","",61,1,"","","","","","","","","","","","",6.1,1,1020.1,1,"","","","","","",2,1,0,1,2,1,0,1,0,1,"","","","","","","","","","","","","","","","","","","","","","","","",10000,1,"","",2,1,1,1,"","","","","","","","","","","","","","","","","","","","","","","","","","","","","","","","","","","","","","","","","","","","","","","","","","","","","","","","","","","","","","","","","",""
"28070001","CHARTRES",48.4605,1.501167,155,1983112118,"","","","",2.,1,60,1,"","","","","","","","","","","","","","","","","","","","","","","","","","","","",3.1,1,-3.4,1,"","","","","","","","","","","","","","","","","","","","","","","","","","",61,1,"","","","","","","","","","","","",4.7,1,1021.9,1,"","","","","","","","",0,1,"","","","","","","","","","","","","","","","","","","","","","","","","","","","","","","","","","","","","","","","","","","","","","","","","","","","","","","","","","","","","","","","","","","","","","","","","","","","","","","","","","","","","","","","","","","","","","","","","","","","","","","",""
"28070001","CHARTRES",48.4605,1.501167,155,1983112121,"","","","",2.,1,60,1,"","","","","","","","","","","","","","","","","","","","","","","","","","","","",2.9,1,-2.3,1,"","","","","","","","","","","","","","","","","","","","","","","","","","",68,1,"","","","","","","","","","","","",5.1,1,1023.1,1,"","","","","","","","",0,1,"","","","","","","","","","","","","","","","","","","","","","","","","","","","","","","","","","","","","","","","","","","","","","","","","","","","","","","","","","","","","","","","","","","","","","","","","","","","","","","","","","","","","","","","","","","","","","","","","","","","","","","",""
"28070001","CHARTRES",48.4605,1.501167,155,1983112200,"","","","",2.,1,40,1,"","","","","","","","","","","","","","","","","","","","","","","","","","","","",-0.8,1,-1.8,1,"","","","","","","","","","","","","","","","","","","","","","","","","","",92,1,"","","","","","","","","","","","",5.3,1,1023.7,1,"","","","","","","","",0,1,"","","","","","","","","","","","","","","","","","","","","","","","","","","","","","","","","","","","","","","","","","","","","","","","","","","","","","","","","","","","","","","","","","","","","","","","","","","","","","","","","","","","","","","","","","","","","","","","","","","","","","","",""
"28070001","CHARTRES",48.4605,1.501167,155,1983112203,"","","","",2.,1,40,1,"","","","","","","","","","","","","","","","","","","","","","","","","","","","",-2.5,1,-3.4,1,"","","","","","","","","","","","","","","","","","","","","","","","","","",92,1,"","","","","","","","","","","","",4.7,1,1024.4,1,"","","","","","","","",0,1,"","","","","","","","","","","","","","","","","","","","","","","","","","","","","","","","","","","","","","","","","","","","","","","","","","","","","","","","","","","","","","","","","","","","","","","","","","","","","","","","","","","","","","","","","","","","","","","","","","","","","","","",""
"28070001","CHARTRES",48.4605,1.501167,155,1983112206,"","","","",3.,1,40,1,"","","","","","","","","","","","","","","","","","","","","","","","","","","","",-2.7,1,-3.4,1,"","","","","","","","","","","","","","","","","","","","","","","","","","",93,1,"","","","","","","","","","","","",4.7,1,1024.3,1,"","","","","","",0,1,"","",0,1,0,1,0,1,"","","","","","","","","","","","","","","","","","","","","","","","",2000,1,"","",10,1,"","","","",4,1,"","","","","","","","","","","","","","","","","","","","","","","","","","","","","","","","","","","","","","","","","","","","","","","","","","","","","","","","","","","","","",""
"28070001","CHARTRES",48.4605,1.501167,155,1983112209,"","","","",2.,1,40,1,"","","","","","","","","","","","","","","","","","","","","","","","","","","","",-1.5,1,-2.9,1,"","","","","","","","","","","","","","","","","","","","","","","","","","",89,1,"","","","","","","","","","","","",4.9,1,1025.1,1,"","","","","","",0,1,"","",0,1,0,1,0,1,"","","","","","","","","","","","","","","","","","","","","","","","",1500,1,"","",10,1,0,1,"","","","","","","","","","","","","","","","","","","","","","","","","","","","","","","","","","","","","","","","","","","","","","","","","","","","","","","","","","","","","","","","","",""
"28070001","CHARTRES",48.4605,1.501167,155,1983112212,"","","","",5.,1,80,1,"","","","","","","","","","","","","","","","","","","","","","","","","","","","",4.1,1,-1.3,1,"","","","","","","","","","","","","","","","","","","","","","","","","","",67,1,"","","","","","","","","","","","",5.5,1,1025.4,1,"","","","","","",1,1,0,1,0,1,0,1,1,1,"","","","","","","","","","","","","","","","","","","","","","","","",5000,1,"","",1,1,0,1,"","","","","","","","","","","","","","","","","","","","","","","","","","","","","","","","","","","","","","","","","","","","","","","","","","","","","","","","","","","","","","","","","",""
"28070001","CHARTRES",48.4605,1.501167,155,1983112215,"","","","",5.,1,80,1,"","","","","","","","","","","","","","","","","","","","","","","","","","","","",5.1,1,-3.1,1,"","","","","","","","","","","","","","","","","","","","","","","","","","",55,1,"","","","","","","","","","","","",4.8,1,1023.,1,"","","","","","",3,1,0,1,0,1,0,1,1,1,"","","","","","","","","","","","","","","","","","","","","","","","",10000,1,"","",0,1,0,1,"","","","","","","","","","","","","","","","","","","","","","","","","","","","","","","","","","","","","","","","","","","","","","","","","","","","","","","","","","","","","","","","","",""
"28070001","CHARTRES",48.4605,1.501167,155,1983112218,"","","","",2.,1,60,1,"","","","","","","","","","","","","","","","","","","","","","","","","","","","",-0.3,1,-5.5,1,"","","","","","","","","","","","","","","","","","","","","","","","","","",67,1,"","","","","","","","","","","","",4.,1,1023.2,1,"","","","","","","","",0,1,"","","","","","","","","","","","","","","","","","","","","","","","","","","","","","","","","","","","","","","","","","","","","","","","","","","","","","","","","","","","","","","","","","","","","","","","","","","","","","","","","","","","","","","","","","","","","","","","","","","","","","","",""
"28070001","CHARTRES",48.4605,1.501167,155,1983112221,"","","","",3.,1,60,1,"","","","","","","","","","","","","","","","","","","","","","","","","","","","",-2.1,1,-4.3,1,"","","","","","","","","","","","","","","","","","","","","","","","","","",84,1,"","","","","","","","","","","","",4.4,1,1023.6,1,"","","","","","","","",0,1,"","","","","","","","","","","","","","","","","","","","","","","","","","","","","","","","","","","","","","","","","","","","","","","","","","","","","","","","","","","","","","","","","","","","","","","","","","","","","","","","","","","","","","","","","","","","","","","","","","","","","","","",""
"28070001","CHARTRES",48.4605,1.501167,155,1983112300,"","","","",3.,1,60,1,"","","","","","","","","","","","","","","","","","","","","","","","","","","","",-3.,1,-4.6,1,"","","","","","","","","","","","","","","","","","","","","","","","","","",87,1,"","","","","","","","","","","","",4.3,1,1023.4,1,"","","","","","","","",0,1,"","","","","","","","","","","","","","","","","","","","","","","","","","","","","","","","","","","","","","","","","","","","","","","","","","","","","","","","","","","","","","","","","","","","","","","","","","","","","","","","","","","","","","","","","","","","","","","","","","","","","","","",""
"28070001","CHARTRES",48.4605,1.501167,155,1983112303,"","","","",2.,1,40,1,"","","","","","","","","","","","","","","","","","","","","","","","","","","","",-4.,1,-5.5,1,"","","","","","","","","","","","","","","","","","","","","","","","","","",87,1,"","","","","","","","","","","","",4.,1,1023.2,1,"","","","","","","","",0,1,"","","","","","","","","","","","","","","","","","","","","","","","","","","","","","","","","","","","","","","","","","","","","","","","","","","","","","","","","","","","","","","","","","","","","","","","","","","","","","","","","","","","","","","","","","","","","","","","","","","","","","","",""
"28070001","CHARTRES",48.4605,1.501167,155,1983112306,"","","","",2.,1,60,1,"","","","","","","","","","","","","","","","","","","","","","","","","","","","",-4.8,1,-6.1,1,"","","","","","","","","","","","","","","","","","","","","","","","","","",88,1,"","","","","","","","","","","","",3.8,1,1023.2,1,"","","","","","",0,1,"","",0,1,0,1,0,1,"","","","","","","","","","","","","","","","","","","","","","","","",8000,1,"","",0,1,"","","","",4,1,"","","","","","","","","","","","","","","","","","","","","","","","","","","","","","","","","","","","","","","","","","","","","","","","","","","","","","","","","","","","","",""
"28070001","CHARTRES",48.4605,1.501167,155,1983112309,"","","","",2.,1,80,1,"","","","","","","","","","","","","","","","","","","","","","","","","","","","",-1.8,1,-3.7,1,"","","","","","","","","","","","","","","","","","","","","","","","","","",86,1,"","","","","","","","","","","","",4.6,1,1024.,1,"","","","","","",0,1,"","",0,1,0,1,0,1,"","","","","","","","","","","","","","","","","","","","","","","","",10000,1,"","",2,1,0,1,"","","","","","","","","","","","","","","","","","","","","","","","","","","","","","","","","","","","","","","","","","","","","","","","","","","","","","","","","","","","","","","","","",""
"28070001","CHARTRES",48.4605,1.501167,155,1983112312,"","","","",4.,1,80,1,"","","","","","","","","","","","","","","","","","","","","","","","","","","","",3.1,1,-2.9,1,"","","","","","","","","","","","","","","","","","","","","","","","","","",64,1,"","","","","","","","","","","","",4.9,1,1022.8,1,"","","","","","",0,1,"","",0,1,0,1,0,1,"","","","","","","","","","","","","","","","","","","","","","","","",20000,1,"","",2,1,0,1,"","","","","","","","","","","","","","","","","","","","","","","","","","","","","","","","","","","","","","","","","","","","","","","","","","","","","","","","","","","","","","","","","",""
"28070001","CHARTRES",48.4605,1.501167,155,1983112315,"","","","",3.,1,100,1,"","","","","","","","","","","","","","","","","","","","","","","","","","","","",4.3,1,-2.9,1,"","","","","","","","","","","","","","","","","","","","","","","","","","",59,1,"","","","","","","","","","","","",4.9,1,1021.9,1,"","","","","","",1,1,0,1,0,1,0,1,1,1,"","","","","","","","","","","","","","","","","","","","","","","","",20000,1,"","",2,1,0,1,"","","","","","","","","","","","","","","","","","","","","","","","","","","","","","","","","","","","","","","","","","","","","","","","","","","","","","","","","","","","","","","","","",""
"28070001","CHARTRES",48.4605,1.501167,155,1983112318,"","","","",2.,1,100,1,"","","","","","","","","","","","","","","","","","","","","","","","","","","","",-1.8,1,-5.2,1,"","","","","","","","","","","","","","","","","","","","","","","","","","",76,1,"","","","","","","","","","","","",4.1,1,1022.4,1,"","","","","","","","",0,1,"","","","","","","","","","","","","","","","","","","","","","","","","","","","","","","","","","","","","","","","","","","","","","","","","","","","","","","","","","","","","","","","","","","","","","","","","","","","","","","","","","","","","","","","","","","","","","","","","","","","","","","",""
"28070001","CHARTRES",48.4605,1.501167,155,1983112321,"","","","",1.,1,120,1,"","","","","","","","","","","","","","","","","","","","","","","","","","","","",-2.,1,-4.,1,"","","","","","","","","","","","","","","","","","","","","","","","","","",85,1,"","","","","","","","","","","","",4.5,1,1022.6,1,"","","","","","","","",0,1,"","","","","","","","","","","","","","","","","","","","","","","","","","","","","","","","","","","","","","","","","","","","","","","","","","","","","","","","","","","","","","","","","","","","","","","","","","","","","","","","","","","","","","","","","","","","","","","","","","","","","","","",""
"28070001","CHARTRES",48.4605,1.501167,155,1983112400,"","","","",2.,1,140,1,"","","","","","","","","","","","","","","","","","","","","","","","","","","","",-3.2,1,-5.2,1,"","","","","","","","","","","","","","","","","","","","","","","","","","",85,1,"","","","","","","","","","","","",4.1,1,1021.7,1,"","","","","","","","",0,1,"","","","","","","","","","","","","","","","","","","","","","","","","","","","","","","","","","","","","","","","","","","","","","","","","","","","","","","","","","","","","","","","","","","","","","","","","","","","","","","","","","","","","","","","","","","","","","","","","","","","","","","",""
"28070001","CHARTRES",48.4605,1.501167,155,1983112403,"","","","",1.,1,140,1,"","","","","","","","","","","","","","","","","","","","","","","","","","","","",-3.7,1,-5.5,1,"","","","","","","","","","","","","","","","","","","","","","","","","","",86,1,"","","","","","","","","","","","",4.,1,1020.9,1,"","","","","","","","",0,1,"","","","","","","","","","","","","","","","","","","","","","","","","","","","","","","","","","","","","","","","","","","","","","","","","","","","","","","","","","","","","","","","","","","","","","","","","","","","","","","","","","","","","","","","","","","","","","","","","","","","","","","",""
"28070001","CHARTRES",48.4605,1.501167,155,1983112406,"","","","",1.,1,160,1,"","","","","","","","","","","","","","","","","","","","","","","","","","","","",-3.1,1,-4.6,1,"","","","","","","","","","","","","","","","","","","","","","","","","","",88,1,"","","","","","","","","","","","",4.3,1,1020.7,1,"","","","","","",6,1,6,1,0,1,0,1,8,1,"","","","","","","","","","","","","","","","","","","","","","","","",10000,1,"","",0,1,"","","","",4,1,"","","","","","","","","","","","","","","","","","","","","","","","","","","","","","","","","","","","","","","","","","","","","","","","","","","","","","","","","","","","","",""
"28070001","CHARTRES",48.4605,1.501167,155,1983112409,"","","","",1.,1,160,1,"","","","","","","","","","","","","","","","","","","","","","","","","","","","",0.1,1,-0.9,1,"","","","","","","","","","","","","","","","","","","","","","","","","","",92,1,"","","","","","","","","","","","",5.7,1,1020.5,1,"","","","","","",8,1,7,1,5,1,7,1,"","","","","","","","","","","","","","","","","","","","","","","","","","",7000,1,"","",3,1,2,1,"","","","","","","","","","","","","","","","","","","","","","","","","","","","","","","","","","","","","","","","","","","","","","","","","","","","","","","","","","","","","","","","","",""
"28070001","CHARTRES",48.4605,1.501167,155,1983112412,"","","","",3.,1,200,1,"","","","","","","","","","","","","","","","","","","","","","","","","","","","",3.1,1,2.7,1,"","","","","","","","","","","","","","","","","","","","","","","","","","",98,1,"","","","","","","","","","","","",7.5,1,1019.7,1,"","","","","","",8,1,8,1,7,1,"","","","","","","","","","","","","","","","","","","","","","","","","","","","",500,1,"","",42,1,6,1,"","","","","","","","","","","","","","","","","","","","","","","","","","","","","","","","","","","","","","","","","","","","","","","","","","","","","","","","","","","","","","","","","",""
"28070001","CHARTRES",48.4605,1.501167,155,1983112415,"","","","",3.,1,200,1,"","","","","","","","","","","","","","","","","","","","","","","","","","","","",6.5,1,6.,1,"","","","","","","","","","","","","","","","","","","","","","","","","","",98,1,"","","","","","","","","","","","",9.5,1,1018.1,1,"","","","","","",8,1,8,1,7,1,"","","","","","","","","","","","","","","","","","","","","","","","","","","","",500,1,"","",58,1,6,1,"","","","","","","","","","","","","","","","","","","","","","","","","","","","","","","","","","","","","","","","","","","","","","","","","","","","","","","","","","","","","","","","","",""
"28070001","CHARTRES",48.4605,1.501167,155,1983112418,"","","","",2.,1,240,1,"","","","","","","","","","","","","","","","","","","","","","","","","","","","",7.2,1,6.4,1,"","","","","","","","","","","","","","","","","","","","","","","","","","",97,1,"","","","","","","","","","","","",9.8,1,1019.3,1,"","","","","","","","",8,1,"","","","","","","","","","","","","","","","","","","","","","","","","","","","","","","","","","","","","","","","","","","","","","","","","","","","","","","","","","","","","","","","","","","","","","","","","","","","","","","","","","","","","","","","","","","","","","","","","","","","","","","",""
"28070001","CHARTRES",48.4605,1.501167,155,1983112421,"","","","",1.,1,280,1,"","","","","","","","","","","","","","","","","","","","","","","","","","","","",9.6,1,8.7,1,"","","","","","","","","","","","","","","","","","","","","","","","","","",96,1,"","","","","","","","","","","","",11.5,1,1020.,1,"","","","","","","","",8,1,"","","","","","","","","","","","","","","","","","","","","","","","","","","","","","","","","","","","","","","","","","","","","","","","","","","","","","","","","","","","","","","","","","","","","","","","","","","","","","","","","","","","","","","","","","","","","","","","","","","","","","","",""
"28070001","CHARTRES",48.4605,1.501167,155,1983112500,"","","","",4.,1,240,1,"","","","","","","","","","","","","","","","","","","","","","","","","","","","",10.6,1,9.7,1,"","","","","","","","","","","","","","","","","","","","","","","","","","",96,1,"","","","","","","","","","","","",12.3,1,1021.,1,"","","","","","","","",8,1,"","","","","","","","","","","","","","","","","","","","","","","","","","","","","","","","","","","","","","","","","","","","","","","","","","","","","","","","","","","","","","","","","","","","","","","","","","","","","","","","","","","","","","","","","","","","","","","","","","","","","","","",""
"28070001","CHARTRES",48.4605,1.501167,155,1983112503,"","","","",6.,1,240,1,"","","","","","","","","","","","","","","","","","","","","","","","","","","","",10.8,1,9.7,1,"","","","","","","","","","","","","","","","","","","","","","","","","","",95,1,"","","","","","","","","","","","",12.3,1,1020.7,1,"","","","","","","","",8,1,"","","","","","","","","","","","","","","","","","","","","","","","","","","","","","","","","","","","","","","","","","","","","","","","","","","","","","","","","","","","","","","","","","","","","","","","","","","","","","","","","","","","","","","","","","","","","","","","","","","","","","","",""
"28070001","CHARTRES",48.4605,1.501167,155,1983112506,"","","","",6.,1,240,1,"","","","","","","","","","","","","","","","","","","","","","","","","","","","",11.6,1,10.5,1,"","","","","","","","","","","","","","","","","","","","","","","","","","",95,1,"","","","","","","","","","","","",13.,1,1020.,1,"","","","","","",8,1,8,1,7,1,"","","","","","","","","","","","","","","","","","","","","","","","","","","","",2500,1,"","",51,1,"","","","",2,1,"","","","","","","","","","","","","","","","","","","","","","","","","","","","","","","","","","","","","","","","","","","","","","","","","","","","","","","","","","","","","",""
"28070001","CHARTRES",48.4605,1.501167,155,1983112509,"","","","",6.,1,240,1,"","","","","","","","","","","","","","","","","","","","","","","","","","","","",12.,1,11.3,1,"","","","","","","","","","","","","","","","","","","","","","","","","","",98,1,"","","","","","","","","","","","",13.7,1,1019.6,1,"","","","","","",8,1,8,1,7,1,"","","","","","","","","","","","","","","","","","","","","","","","","","","","",6000,1,"","",50,1,5,1,"","","","","","","","","","","","","","","","","","","","","","","","","","","","","","","","","","","","","","","","","","","","","","","","","","","","","","","","","","","","","","","","","",""
"28070001","CHARTRES",48.4605,1.501167,155,1983112512,"","","","",6.,1,240,1,"","","","","","","","","","","","","","","","","","","","","","","","","","","","",13.1,1,12.3,1,"","","","","","","","","","","","","","","","","","","","","","","","","","",98,1,"","","","","","","","","","","","",14.7,1,1018.7,1,"","","","","","",8,1,8,1,7,1,"","","","","","","","","","","","","","","","","","","","","","","","","","","","",6000,1,"","",50,1,5,1,"","","","","","","","","","","","","","","","","","","","","","","","","","","","","","","","","","","","","","","","","","","","","","","","","","","","","","","","","","","","","","","","","",""
"28070001","CHARTRES",48.4605,1.501167,155,1983112515,"","","","",7.,1,240,1,"","","","","","","","","","","","","","","","","","","","","","","","","","","","",13.9,1,12.4,1,"","","","","","","","","","","","","","","","","","","","","","","","","","",93,1,"","","","","","","","","","","","",14.8,1,1017.1,1,"","","","","","",8,1,6,1,7,1,2,1,"","","","","","","","","","","","","","","","","","","","","","","","","","",10000,1,"","",60,1,6,1,"","","","","","","","","","","","","","","","","","","","","","","","","","","","","","","","","","","","","","","","","","","","","","","","","","","","","","","","","","","","","","","","","",""
"28070001","CHARTRES",48.4605,1.501167,155,1983112518,"","","","",6.,1,240,1,"","","","","","","","","","","","","","","","","","","","","","","","","","","","",14.1,1,11.9,1,"","","","","","","","","","","","","","","","","","","","","","","","","","",89,1,"","","","","","","","","","","","",14.3,1,1018.1,1,"","","","","","","","",6,1,"","","","","","","","","","","","","","","","","","","","","","","","","","","","","","","","","","","","","","","","","","","","","","","","","","","","","","","","","","","","","","","","","","","","","","","","","","","","","","","","","","","","","","","","","","","","","","","","","","","","","","","",""
"28070001","CHARTRES",48.4605,1.501167,155,1983112521,"","","","",9.,1,240,1,"","","","","","","","","","","","","","","","","","","","","","","","","","","","",13.2,1,12.3,1,"","","","","","","","","","","","","","","","","","","","","","","","","","",97,1,"","","","","","","","","","","","",14.7,1,1017.8,1,"","","","","","","","",6,1,"","","","","","","","","","","","","","","","","","","","","","","","","","","","","","","","","","","","","","","","","","","","","","","","","","","","","","","","","","","","","","","","","","","","","","","","","","","","","","","","","","","","","","","","","","","","","","","","","","","","","","","",""
"28070001","CHARTRES",48.4605,1.501167,155,1983112600,"","","","",6.,1,240,1,"","","","","","","","","","","","","","","","","","","","","","","","","","","","",13.3,1,11.3,1,"","","","","","","","","","","","","","","","","","","","","","","","","","",90,1,"","","","","","","","","","","","",13.7,1,1011.2,1,"","","","","","","","",6,1,"","","","","","","","","","","","","","","","","","","","","","","","","","","","","","","","","","","","","","","","","","","","","","","","","","","","","","","","","","","","","","","","","","","","","","","","","","","","","","","","","","","","","","","","","","","","","","","","","","","","","","","",""
"28070001","CHARTRES",48.4605,1.501167,155,1983112603,"","","","",7.,1,240,1,"","","","","","","","","","","","","","","","","","","","","","","","","","","","",14.5,1,12.1,1,"","","","","","","","","","","","","","","","","","","","","","","","","","",88,1,"","","","","","","","","","","","",14.5,1,1010.,1,"","","","","","","","",6,1,"","","","","","","","","","","","","","","","","","","","","","","","","","","","","","","","","","","","","","","","","","","","","","","","","","","","","","","","","","","","","","","","","","","","","","","","","","","","","","","","","","","","","","","","","","","","","","","","","","","","","","","",""
"28070001","CHARTRES",48.4605,1.501167,155,1983112606,"","","","",6.,1,260,1,"","","","","","","","","","","","","","","","","","","","","","","","","","","","",14.1,1,11.7,1,"","","","","","","","","","","","","","","","","","","","","","","","","","",88,1,"","","","","","","","","","","","",14.1,1,1009.8,1,"","","","","","",3,1,0,1,5,1,0,1,0,1,"","","","","","","","","","","","","","","","","","","","","","","","",5000,1,"","",0,1,"","","","",2,1,"","","","","","","","","","","","","","","","","","","","","","","","","","","","","","","","","","","","","","","","","","","","","","","","","","","","","","","","","","","","","",""
"28070001","CHARTRES",48.4605,1.501167,155,1983112609,"","","","",5.,1,280,1,"","","","","","","","","","","","","","","","","","","","","","","","","","","","",14.2,1,11.4,1,"","","","","","","","","","","","","","","","","","","","","","","","","","",85,1,"","","","","","","","","","","","",13.8,1,1010.1,1,"","","","","","",7,1,6,1,5,1,8,1,"","","","","","","","","","","","","","","","","","","","","","","","","","",5000,1,"","",3,1,2,1,"","","","","","","","","","","","","","","","","","","","","","","","","","","","","","","","","","","","","","","","","","","","","","","","","","","","","","","","","","","","","","","","","",""
"28070001","CHARTRES",48.4605,1.501167,155,1983112612,"","","","",4.,1,240,1,"","","","","","","","","","","","","","","","","","","","","","","","","","","","",14.2,1,13.4,1,"","","","","","","","","","","","","","","","","","","","","","","","","","",98,1,"","","","","","","","","","","","",15.8,1,1007.8,1,"","","","","","",7,1,5,1,5,1,"","","","","","","","","","","","","","","","","","","","","","","","","","","","",6000,1,"","",50,1,5,1,"","","","","","","","","","","","","","","","","","","","","","","","","","","","","","","","","","","","","","","","","","","","","","","","","","","","","","","","","","","","","","","","","",""
"28070001","CHARTRES",48.4605,1.501167,155,1983112615,"","","","",5.,1,240,1,"","","","","","","","","","","","","","","","","","","","","","","","","","","","",14.4,1,13.3,1,"","","","","","","","","","","","","","","","","","","","","","","","","","",96,1,"","","","","","","","","","","","",15.7,1,1003.,1,"","","","","","",7,1,7,1,7,1,"","","","","","","","","","","","","","","","","","","","","","","","","","","","",6000,1,"","",20,1,5,1,"","","","","","","","","","","","","","","","","","","","","","","","","","","","","","","","","","","","","","","","","","","","","","","","","","","","","","","","","","","","","","","","","",""
"28070001","CHARTRES",48.4605,1.501167,155,1983112618,"","","","",7.,1,240,1,"","","","","","","","","","","","","","","","","","","","","","","","","","","","",14.7,1,13.5,1,"","","","","","","","","","","","","","","","","","","","","","","","","","",95,1,"","","","","","","","","","","","",15.9,1,999.3,1,"","","","","","","","",7,1,"","","","","","","","","","","","","","","","","","","","","","","","","","","","","","","","","","","","","","","","","","","","","","","","","","","","","","","","","","","","","","","","","","","","","","","","","","","","","","","","","","","","","","","","","","","","","","","","","","","","","","","",""
"28070001","CHARTRES",48.4605,1.501167,155,1983112621,"","","","",8.,1,240,1,"","","","","","","","","","","","","","","","","","","","","","","","","","","","",15.4,1,13.,1,"","","","","","","","","","","","","","","","","","","","","","","","","","",88,1,"","","","","","","","","","","","",15.4,1,995.2,1,"","","","","","","","",7,1,"","","","","","","","","","","","","","","","","","","","","","","","","","","","","","","","","","","","","","","","","","","","","","","","","","","","","","","","","","","","","","","","","","","","","","","","","","","","","","","","","","","","","","","","","","","","","","","","","","","","","","","",""
"28070001","CHARTRES",48.4605,1.501167,155,1983112700,"","","","",12.,1,260,1,"","","","","","","","","","","","","","","","","","","","","","","","","","","","",16.5,1,12.4,1,"","","","","","","","","","","","","","","","","","","","","","","","","","",79,1,"","","","","","","","","","","","",14.8,1,989.5,1,"","","","","","","","",7,1,"","","","","","","","","","","","","","","","","","","","","","","","","","","","","","","","","","","","","","","","","","","","","","","","","","","","","","","","","","","","","","","","","","","","","","","","","","","","","","","","","","","","","","","","","","","","","","","","","","","","","","","",""
"28070001","CHARTRES",48.4605,1.501167,155,1983112703,"","","","",9.,1,260,1,"","","","","","","","","","","","","","","","","","","","","","","","","","","","",13.,1,9.1,1,"","","","","","","","","","","","","","","","","","","","","","","","","","",79,1,"","","","","","","","","","","","",11.8,1,990.7,1,"","","","","","","","",7,1,"","","","","","","","","","","","","","","","","","","","","","","","","","","","","","","","","","","","","","","","","","","","","","","","","","","","","","","","","","","","","","","","","","","","","","","","","","","","","","","","","","","","","","","","","","","","","","","","","","","","","","","",""
"28070001","CHARTRES",48.4605,1.501167,155,1983112706,"","","","",8.,1,280,1,"","","","","","","","","","","","","","","","","","","","","","","","","","","","",10.2,1,7.,1,"","","","","","","","","","","","","","","","","","","","","","","","","","",82,1,"","","","","","","","","","","","",10.2,1,989.3,1,"","","","","","",3,1,0,1,5,1,0,1,0,1,"","","","","","","","","","","","","","","","","","","","","","","","",5000,1,"","",0,1,"","","","",2,1,"","","","","","","","","","","","","","","","","","","","","","","","","","","","","","","","","","","","","","","","","","","","","","","","","","","","","","","","","","","","","",""
"28070001","CHARTRES",48.4605,1.501167,155,1983112709,"","","","",9.,1,280,1,"","","","","","","","","","","","","","","","","","","","","","","","","","","","",10.2,1,5.6,1,"","","","","","","","","","","","","","","","","","","","","","","","","","",74,1,"","","","","","","","","","","","",9.2,1,989.6,1,"","","","","","",6,1,6,1,7,1,0,1,0,1,"","","","","","","","","","","","","","","","","","","","","","","","",5000,1,"","",21,1,6,1,"","","","","","","","","","","","","","","","","","","","","","","","","","","","","","","","","","","","","","","","","","","","","","","","","","","","","","","","","","","","","","","","","",""
"28070001","CHARTRES",48.4605,1.501167,155,1983112712,"","","","",9.,1,280,1,"","","","","","","","","","","","","","","","","","","","","","","","","","","","",9.9,1,5.4,1,"","","","","","","","","","","","","","","","","","","","","","","","","","",75,1,"","","","","","","","","","","","",9.1,1,991.,1,"","","","","","",7,1,7,1,7,1,0,1,0,1,"","","","","","","","","","","","","","","","","","","","","","","","",5000,1,"","",61,1,6,1,"","","","","","","","","","","","","","","","","","","","","","","","","","","","","","","","","","","","","","","","","","","","","","","","","","","","","","","","","","","","","","","","","",""
"28070001","CHARTRES",48.4605,1.501167,155,1983112715,"","","","",9.,1,280,1,"","","","","","","","","","","","","","","","","","","","","","","","","","","","",9.9,1,5.6,1,"","","","","","","","","","","","","","","","","","","","","","","","","","",76,1,"","","","","","","","","","","","",9.2,1,992.9,1,"","","","","","",7,1,7,1,7,1,0,1,0,1,"","","","","","","","","","","","","","","","","","","","","","","","",5000,1,"","",60,1,6,1,"","","","","","","","","","","","","","","","","","","","","","","","","","","","","","","","","","","","","","","","","","","","","","","","","","","","","","","","","","","","","","","","","",""
"28070001","CHARTRES",48.4605,1.501167,155,1983112718,"","","","",7.,1,300,1,"","","","","","","","","","","","","","","","","","","","","","","","","","","","",9.9,1,6.7,1,"","","","","","","","","","","","","","","","","","","","","","","","","","",82,1,"","","","","","","","","","","","",10.,1,995.6,1,"","","","","","","","",7,1,"","","","","","","","","","","","","","","","","","","","","","","","","","","","","","","","","","","","","","","","","","","","","","","","","","","","","","","","","","","","","","","","","","","","","","","","","","","","","","","","","","","","","","","","","","","","","","","","","","","","","","","",""
"28070001","CHARTRES",48.4605,1.501167,155,1983112721,"","","","",7.,1,300,1,"","","","","","","","","","","","","","","","","","","","","","","","","","","","",9.7,1,7.8,1,"","","","","","","","","","","","","","","","","","","","","","","","","","",90,1,"","","","","","","","","","","","",10.8,1,998.7,1,"","","","","","","","",7,1,"","","","","","","","","","","","","","","","","","","","","","","","","","","","","","","","","","","","","","","","","","","","","","","","","","","","","","","","","","","","","","","","","","","","","","","","","","","","","","","","","","","","","","","","","","","","","","","","","","","","","","","",""
"28070001","CHARTRES",48.4605,1.501167,155,1983112800,"","","","",4.,1,300,1,"","","","","","","","","","","","","","","","","","","","","","","","","","","","",9.7,1,9.,1,"","","","","","","","","","","","","","","","","","","","","","","","","","",97,1,"","","","","","","","","","","","",11.7,1,1001.8,1,"","","","","","","","",7,1,"","","","","","","","","","","","","","","","","","","","","","","","","","","","","","","","","","","","","","","","","","","","","","","","","","","","","","","","","","","","","","","","","","","","","","","","","","","","","","","","","","","","","","","","","","","","","","","","","","","","","","","",""
"28070001","CHARTRES",48.4605,1.501167,155,1983112803,"","","","",3.,1,300,1,"","","","","","","","","","","","","","","","","","","","","","","","","","","","",9.8,1,8.7,1,"","","","","","","","","","","","","","","","","","","","","","","","","","",95,1,"","","","","","","","","","","","",11.5,1,1004.8,1,"","","","","","","","",7,1,"","","","","","","","","","","","","","","","","","","","","","","","","","","","","","","","","","","","","","","","","","","","","","","","","","","","","","","","","","","","","","","","","","","","","","","","","","","","","","","","","","","","","","","","","","","","","","","","","","","","","","","",""
"28070001","CHARTRES",48.4605,1.501167,155,1983112806,"","","","",4.,1,300,1,"","","","","","","","","","","","","","","","","","","","","","","","","","","","",9.8,1,7.4,1,"","","","","","","","","","","","","","","","","","","","","","","","","","",87,1,"","","","","","","","","","","","",10.5,1,1006.5,1,"","","","","","",7,1,7,1,5,1,"","","","","","","","","","","","","","","","","","","","","","","","","","","","",10000,1,"","",0,1,"","","","",2,1,"","","","","","","","","","","","","","","","","","","","","","","","","","","","","","","","","","","","","","","","","","","","","","","","","","","","","","","","","","","","","",""
"28070001","CHARTRES",48.4605,1.501167,155,1983112809,"","","","",5.,1,300,1,"","","","","","","","","","","","","","","","","","","","","","","","","","","","",10.1,1,7.3,1,"","","","","","","","","","","","","","","","","","","","","","","","","","",85,1,"","","","","","","","","","","","",10.4,1,1008.4,1,"","","","","","",7,1,7,1,5,1,"","","","","","","","","","","","","","","","","","","","","","","","","","","","",25000,1,"","",1,1,2,1,"","","","","","","","","","","","","","","","","","","","","","","","","","","","","","","","","","","","","","","","","","","","","","","","","","","","","","","","","","","","","","","","","",""
"28070001","CHARTRES",48.4605,1.501167,155,1983112812,"","","","",5.,1,280,1,"","","","","","","","","","","","","","","","","","","","","","","","","","","","",10.6,1,8.7,1,"","","","","","","","","","","","","","","","","","","","","","","","","","",90,1,"","","","","","","","","","","","",11.5,1,1009.1,1,"","","","","","",8,1,6,1,8,1,"","","","","","","","","","","","","","","","","","","","","","","","","","","","",12000,1,"","",80,1,8,1,"","","","","","","","","","","","","","","","","","","","","","","","","","","","","","","","","","","","","","","","","","","","","","","","","","","","","","","","","","","","","","","","","",""
"28070001","CHARTRES",48.4605,1.501167,155,1983112815,"","","","",5.,1,340,1,"","","","","","","","","","","","","","","","","","","","","","","","","","","","",9.8,1,5.9,1,"","","","","","","","","","","","","","","","","","","","","","","","","","",78,1,"","","","","","","","","","","","",9.4,1,1010.6,1,"","","","","","",8,1,7,1,4,1,7,1,"","","","","","","","","","","","","","","","","","","","","","","","","","",25000,1,"","",3,1,8,1,"","","","","","","","","","","","","","","","","","","","","","","","","","","","","","","","","","","","","","","","","","","","","","","","","","","","","","","","","","","","","","","","","",""
"28070001","CHARTRES",48.4605,1.501167,155,1983112818,"","","","",6.,1,320,1,"","","","","","","","","","","","","","","","","","","","","","","","","","","","",8.1,1,5.9,1,"","","","","","","","","","","","","","","","","","","","","","","","","","",87,1,"","","","","","","","","","","","",9.4,1,1013.5,1,"","","","","","","","",7,1,"","","","","","","","","","","","","","","","","","","","","","","","","","","","","","","","","","","","","","","","","","","","","","","","","","","","","","","","","","","","","","","","","","","","","","","","","","","","","","","","","","","","","","","","","","","","","","","","","","","","","","","",""
"28070001","CHARTRES",48.4605,1.501167,155,1983112821,"","","","",3.,1,300,1,"","","","","","","","","","","","","","","","","","","","","","","","","","","","",7.,1,5.7,1,"","","","","","","","","","","","","","","","","","","","","","","","","","",93,1,"","","","","","","","","","","","",9.3,1,1015.,1,"","","","","","","","",7,1,"","","","","","","","","","","","","","","","","","","","","","","","","","","","","","","","","","","","","","","","","","","","","","","","","","","","","","","","","","","","","","","","","","","","","","","","","","","","","","","","","","","","","","","","","","","","","","","","","","","","","","","",""
"28070001","CHARTRES",48.4605,1.501167,155,1983112900,"","","","",2.,1,300,1,"","","","","","","","","","","","","","","","","","","","","","","","","","","","",6.9,1,5.3,1,"","","","","","","","","","","","","","","","","","","","","","","","","","",91,1,"","","","","","","","","","","","",9.,1,1016.8,1,"","","","","","","","",7,1,"","","","","","","","","","","","","","","","","","","","","","","","","","","","","","","","","","","","","","","","","","","","","","","","","","","","","","","","","","","","","","","","","","","","","","","","","","","","","","","","","","","","","","","","","","","","","","","","","","","","","","","",""
"28070001","CHARTRES",48.4605,1.501167,155,1983112903,"","","","",2.,1,280,1,"","","","","","","","","","","","","","","","","","","","","","","","","","","","",7.3,1,6.5,1,"","","","","","","","","","","","","","","","","","","","","","","","","","",96,1,"","","","","","","","","","","","",9.8,1,1017.2,1,"","","","","","","","",7,1,"","","","","","","","","","","","","","","","","","","","","","","","","","","","","","","","","","","","","","","","","","","","","","","","","","","","","","","","","","","","","","","","","","","","","","","","","","","","","","","","","","","","","","","","","","","","","","","","","","","","","","","",""
"28070001","CHARTRES",48.4605,1.501167,155,1983112906,"","","","",1.,1,280,1,"","","","","","","","","","","","","","","","","","","","","","","","","","","","",7.2,1,6.6,1,"","","","","","","","","","","","","","","","","","","","","","","","","","",97,1,"","","","","","","","","","","","",9.9,1,1017.8,1,"","","","","","",7,1,7,1,0,1,7,1,"","","","","","","","","","","","","","","","","","","","","","","","","","",8000,1,"","",21,1,"","","","",2,1,"","","","","","","","","","","","","","","","","","","","","","","","","","","","","","","","","","","","","","","","","","","","","","","","","","","","","","","","","","","","","",""
"28070001","CHARTRES",48.4605,1.501167,155,1983112909,"","","","",2.,1,340,1,"","","","","","","","","","","","","","","","","","","","","","","","","","","","",7.3,1,6.5,1,"","","","","","","","","","","","","","","","","","","","","","","","","","",96,1,"","","","","","","","","","","","",9.8,1,1019.5,1,"","","","","","",7,1,7,1,5,1,"","","","","","","","","","","","","","","","","","","","","","","","","","","","",8000,1,"","",60,1,6,1,"","","","","","","","","","","","","","","","","","","","","","","","","","","","","","","","","","","","","","","","","","","","","","","","","","","","","","","","","","","","","","","","","",""
"28070001","CHARTRES",48.4605,1.501167,155,1983112912,"","","","",2.,1,320,1,"","","","","","","","","","","","","","","","","","","","","","","","","","","","",10.,1,7.7,1,"","","","","","","","","","","","","","","","","","","","","","","","","","",87,1,"","","","","","","","","","","","",10.7,1,1020.6,1,"","","","","","",7,1,6,1,8,1,"","","","","","","","","","","","","","","","","","","","","","","","","","","","",25000,1,"","",3,1,6,1,"","","","","","","","","","","","","","","","","","","","","","","","","","","","","","","","","","","","","","","","","","","","","","","","","","","","","","","","","","","","","","","","","",""
"28070001","CHARTRES",48.4605,1.501167,155,1983112915,"","","","",1.,1,280,1,"","","","","","","","","","","","","","","","","","","","","","","","","","","","",10.,1,5.5,1,"","","","","","","","","","","","","","","","","","","","","","","","","","",74,1,"","","","","","","","","","","","",9.1,1,1021.3,1,"","","","","","",5,1,5,1,8,1,0,1,2,1,"","","","","","","","","","","","","","","","","","","","","","","","",25000,1,"","",1,1,2,1,"","","","","","","","","","","","","","","","","","","","","","","","","","","","","","","","","","","","","","","","","","","","","","","","","","","","","","","","","","","","","","","","","",""
"28070001","CHARTRES",48.4605,1.501167,155,1983112918,"","","","",1.,1,320,1,"","","","","","","","","","","","","","","","","","","","","","","","","","","","",7.,1,4.7,1,"","","","","","","","","","","","","","","","","","","","","","","","","","",86,1,"","","","","","","","","","","","",8.6,1,1023.1,1,"","","","","","","","",5,1,"","","","","","","","","","","","","","","","","","","","","","","","","","","","","","","","","","","","","","","","","","","","","","","","","","","","","","","","","","","","","","","","","","","","","","","","","","","","","","","","","","","","","","","","","","","","","","","","","","","","","","","",""
"28070001","CHARTRES",48.4605,1.501167,155,1983112921,"","","","",1.,1,340,1,"","","","","","","","","","","","","","","","","","","","","","","","","","","","",5.6,1,4.3,1,"","","","","","","","","","","","","","","","","","","","","","","","","","",92,1,"","","","","","","","","","","","",8.4,1,1024.5,1,"","","","","","","","",5,1,"","","","","","","","","","","","","","","","","","","","","","","","","","","","","","","","","","","","","","","","","","","","","","","","","","","","","","","","","","","","","","","","","","","","","","","","","","","","","","","","","","","","","","","","","","","","","","","","","","","","","","","",""
"28070001","CHARTRES",48.4605,1.501167,155,1983113000,"","","","",1.,1,340,1,"","","","","","","","","","","","","","","","","","","","","","","","","","","","",5.7,1,5.1,1,"","","","","","","","","","","","","","","","","","","","","","","","","","",97,1,"","","","","","","","","","","","",8.9,1,1024.9,1,"","","","","","","","",5,1,"","","","","","","","","","","","","","","","","","","","","","","","","","","","","","","","","","","","","","","","","","","","","","","","","","","","","","","","","","","","","","","","","","","","","","","","","","","","","","","","","","","","","","","","","","","","","","","","","","","","","","","",""
"28070001","CHARTRES",48.4605,1.501167,155,1983113003,"","","","",1.,1,60,1,"","","","","","","","","","","","","","","","","","","","","","","","","","","","",4.9,1,4.3,1,"","","","","","","","","","","","","","","","","","","","","","","","","","",97,1,"","","","","","","","","","","","",8.4,1,1026.,1,"","","","","","","","",5,1,"","","","","","","","","","","","","","","","","","","","","","","","","","","","","","","","","","","","","","","","","","","","","","","","","","","","","","","","","","","","","","","","","","","","","","","","","","","","","","","","","","","","","","","","","","","","","","","","","","","","","","","",""
"28070001","CHARTRES",48.4605,1.501167,155,1983113006,"","","","",1.,1,20,1,"","","","","","","","","","","","","","","","","","","","","","","","","","","","",3.4,1,2.7,1,"","","","","","","","","","","","","","","","","","","","","","","","","","",97,1,"","","","","","","","","","","","",7.5,1,1026.2,1,"","","","","","",0,1,"","",0,1,0,1,0,1,"","","","","","","","","","","","","","","","","","","","","","","","",6000,1,"","",0,1,"","","","",1,1,"","","","","","","","","","","","","","","","","","","","","","","","","","","","","","","","","","","","","","","","","","","","","","","","","","","","","","","","","","","","","",""
"28070001","CHARTRES",48.4605,1.501167,155,1983113009,"","","","",1.,1,40,1,"","","","","","","","","","","","","","","","","","","","","","","","","","","","",3.8,1,2.9,1,"","","","","","","","","","","","","","","","","","","","","","","","","","",95,1,"","","","","","","","","","","","",7.6,1,1028.4,1,"","","","","","",2,1,0,1,0,1,8,1,0,1,"","","","","","","","","","","","","","","","","","","","","","","","",7000,1,"","",3,1,0,1,"","","","","","","","","","","","","","","","","","","","","","","","","","","","","","","","","","","","","","","","","","","","","","","","","","","","","","","","","","","","","","","","","",""
"28070001","CHARTRES",48.4605,1.501167,155,1983113012,"","","","",1.,1,60,1,"","","","","","","","","","","","","","","","","","","","","","","","","","","","",7.5,1,6.,1,"","","","","","","","","","","","","","","","","","","","","","","","","","",91,1,"","","","","","","","","","","","",9.5,1,1029.,1,"","","","","","",5,1,0,1,2,1,0,1,1,1,"","","","","","","","","","","","","","","","","","","","","","","","",5000,1,"","",3,1,1,1,"","","","","","","","","","","","","","","","","","","","","","","","","","","","","","","","","","","","","","","","","","","","","","","","","","","","","","","","","","","","","","","","","",""
"28070001","CHARTRES",48.4605,1.501167,155,1983113015,"","","","",2.,1,20,1,"","","","","","","","","","","","","","","","","","","","","","","","","","","","",7.3,1,5.1,1,"","","","","","","","","","","","","","","","","","","","","","","","","","",87,1,"","","","","","","","","","","","",8.9,1,1029.5,1,"","","","","","",6,1,6,1,2,1,8,1,0,1,"","","","","","","","","","","","","","","","","","","","","","","","",5000,1,"","",3,1,1,1,"","","","","","","","","","","","","","","","","","","","","","","","","","","","","","","","","","","","","","","","","","","","","","","","","","","","","","","","","","","","","","","","","",""
"28070001","CHARTRES",48.4605,1.501167,155,1983113018,"","","","",1.,1,60,1,"","","","","","","","","","","","","","","","","","","","","","","","","","","","",3.8,1,2.5,1,"","","","","","","","","","","","","","","","","","","","","","","","","","",92,1,"","","","","","","","","","","","",7.4,1,1031.3,1,"","","","","","","","",6,1,"","","","","","","","","","","","","","","","","","","","","","","","","","","","","","","","","","","","","","","","","","","","","","","","","","","","","","","","","","","","","","","","","","","","","","","","","","","","","","","","","","","","","","","","","","","","","","","","","","","","","","","",""
"28070001","CHARTRES",48.4605,1.501167,155,1983113021,"","","","",1.,1,60,1,"","","","","","","","","","","","","","","","","","","","","","","","","","","","",2.2,1,1.4,1,"","","","","","","","","","","","","","","","","","","","","","","","","","",95,1,"","","","","","","","","","","","",6.8,1,1032.8,1,"","","","","","","","",6,1,"","","","","","","","","","","","","","","","","","","","","","","","","","","","","","","","","","","","","","","","","","","","","","","","","","","","","","","","","","","","","","","","","","","","","","","","","","","","","","","","","","","","","","","","","","","","","","","","","","","","","","","",""
"28070001","CHARTRES",48.4605,1.501167,155,1983120100,"","","","",2.,1,80,1,"","","","","","","","","","","","","","","","","","","","","","","","","","","","",0.5,1,-0.6,1,"","","","","","","","","","","","","","","","","","","","","","","","","","",91,1,"","","","","","","","","","","","",5.8,1,1033.4,1,"","","","","","","","","","","","","","","","","","","","","","","","","","","","","","","","","","","","","","","","","","","","","","","","","","","","","","","","","","","","","","","","","","","","","","","","","","","","","","","","","","","","","","","","","","","","","","","","","","","","","","","","","","","","","","","","","",""
"28070001","CHARTRES",48.4605,1.501167,155,1983120103,"","","","",2.,1,80,1,"","","","","","","","","","","","","","","","","","","","","","","","","","","","",-0.1,1,-1.1,1,"","","","","","","","","","","","","","","","","","","","","","","","","","",92,1,"","","","","","","","","","","","",5.6,1,1034.5,1,"","","","","","","","","","","","","","","","","","","","","","","","","","","","","","","","","","","","","","","","","","","","","","","","","","","","","","","","","","","","","","","","","","","","","","","","","","","","","","","","","","","","","","","","","","","","","","","","","","","","","","","","","","","","","","","","","",""
"28070001","CHARTRES",48.4605,1.501167,155,1983120106,"","","","",1.,1,100,1,"","","","","","","","","","","","","","","","","","","","","","","","","","","","",-0.6,1,-1.6,1,"","","","","","","","","","","","","","","","","","","","","","","","","","",92,1,"","","","","","","","","","","","",5.4,1,1035.5,1,"","","","","","",0,1,"","",0,1,0,1,0,1,"","","","","","","","","","","","","","","","","","","","","","","","",4000,1,"","",10,1,"","","","",4,1,"","","","","","","","","","","","","","","","","","","","","","","","","","","","","","","","","","","","","","","","","","","","","","","","","","","","","","","","","","","","","",""
"28070001","CHARTRES",48.4605,1.501167,155,1983120109,"","","","",2.,1,80,1,"","","","","","","","","","","","","","","","","","","","","","","","","","","","",-0.2,1,-1.8,1,"","","","","","","","","","","","","","","","","","","","","","","","","","",88,1,"","","","","","","","","","","","",5.3,1,1036.6,1,"","","","","","",0,1,"","",0,1,0,1,0,1,"","","","","","","","","","","","","","","","","","","","","","","","",8000,1,"","",2,1,0,1,"","","","","","","","","","","","","","","","","","","","","","","","","","","","","","","","","","","","","","","","","","","","","","","","","","","","","","","","","","","","","","","","","",""
"28070001","CHARTRES",48.4605,1.501167,155,1983120112,"","","","",3.,1,120,1,"","","","","","","","","","","","","","","","","","","","","","","","","","","","",2.9,1,-0.6,1,"","","","","","","","","","","","","","","","","","","","","","","","","","",77,1,"","","","","","","","","","","","",5.8,1,1037.3,1,"","","","","","",1,1,0,1,0,1,0,1,1,1,"","","","","","","","","","","","","","","","","","","","","","","","",10000,1,"","",3,1,0,1,"","","","","","","","","","","","","","","","","","","","","","","","","","","","","","","","","","","","","","","","","","","","","","","","","","","","","","","","","","","","","","","","","",""
"28070001","CHARTRES",48.4605,1.501167,155,1983120115,"","","","",5.,1,100,1,"","","","","","","","","","","","","","","","","","","","","","","","","","","","",2.6,1,-2.3,1,"","","","","","","","","","","","","","","","","","","","","","","","","","",70,1,"","","","","","","","","","","","",5.1,1,1037.1,1,"","","","","","",2,1,0,1,0,1,0,1,1,1,"","","","","","","","","","","","","","","","","","","","","","","","",20000,1,"","",3,1,0,1,"","","","","","","","","","","","","","","","","","","","","","","","","","","","","","","","","","","","","","","","","","","","","","","","","","","","","","","","","","","","","","","","","",""
"28070001","CHARTRES",48.4605,1.501167,155,1983120118,"","","","",2.,1,80,1,"","","","","","","","","","","","","","","","","","","","","","","","","","","","",-0.7,1,-4.3,1,"","","","","","","","","","","","","","","","","","","","","","","","","","",75,1,"","","","","","","","","","","","",4.4,1,1037.6,1,"","","","","","","","",0,1,"","","","","","","","","","","","","","","","","","","","","","","","","","","","","","","","","","","","","","","","","","","","","","","","","","","","","","","","","","","","","","","","","","","","","","","","","","","","","","","","","","","","","","","","","","","","","","","","","","","","","","","",""
"28070001","CHARTRES",48.4605,1.501167,155,1983120121,"","","","",2.,1,80,1,"","","","","","","","","","","","","","","","","","","","","","","","","","","","",-1.9,1,-4.,1,"","","","","","","","","","","","","","","","","","","","","","","","","","",85,1,"","","","","","","","","","","","",4.5,1,1037.9,1,"","","","","","","","",0,1,"","","","","","","","","","","","","","","","","","","","","","","","","","","","","","","","","","","","","","","","","","","","","","","","","","","","","","","","","","","","","","","","","","","","","","","","","","","","","","","","","","","","","","","","","","","","","","","","","","","","","","","",""
"28070001","CHARTRES",48.4605,1.501167,155,1983120200,"","","","",2.,1,100,1,"","","","","","","","","","","","","","","","","","","","","","","","","","","","",-2.8,1,-4.3,1,"","","","","","","","","","","","","","","","","","","","","","","","","","",89,1,"","","","","","","","","","","","",4.4,1,1037.6,1,"","","","","","","","",0,1,"","","","","","","","","","","","","","","","","","","","","","","","","","","","","","","","","","","","","","","","","","","","","","","","","","","","","","","","","","","","","","","","","","","","","","","","","","","","","","","","","","","","","","","","","","","","","","","","","","","","","","","",""
"28070001","CHARTRES",48.4605,1.501167,155,1983120203,"","","","",1.,1,60,1,"","","","","","","","","","","","","","","","","","","","","","","","","","","","",-3.9,1,-5.2,1,"","","","","","","","","","","","","","","","","","","","","","","","","","",89,1,"","","","","","","","","","","","",4.1,1,1036.8,1,"","","","","","","","",0,1,"","","","","","","","","","","","","","","","","","","","","","","","","","","","","","","","","","","","","","","","","","","","","","","","","","","","","","","","","","","","","","","","","","","","","","","","","","","","","","","","","","","","","","","","","","","","","","","","","","","","","","","",""
"28070001","CHARTRES",48.4605,1.501167,155,1983120206,"","","","",2.,1,80,1,"","","","","","","","","","","","","","","","","","","","","","","","","","","","",-4.2,1,-5.5,1,"","","","","","","","","","","","","","","","","","","","","","","","","","",89,1,"","","","","","","","","","","","",4.,1,1036.5,1,"","","","","","",0,1,"","",0,1,0,1,0,1,"","","","","","","","","","","","","","","","","","","","","","","","",10000,1,"","",0,1,"","","","",4,1,"","","","","","","","","","","","","","","","","","","","","","","","","","","","","","","","","","","","","","","","","","","","","","","","","","","","","","","","","","","","","",""
"28070001","CHARTRES",48.4605,1.501167,155,1983120209,"","","","",2.,1,100,1,"","","","","","","","","","","","","","","","","","","","","","","","","","","","",-3.1,1,-5.8,1,"","","","","","","","","","","","","","","","","","","","","","","","","","",81,1,"","","","","","","","","","","","",3.9,1,1036.7,1,"","","","","","",0,1,"","",0,1,0,1,0,1,"","","","","","","","","","","","","","","","","","","","","","","","",10000,1,"","",2,1,0,1,"","","","","","","","","","","","","","","","","","","","","","","","","","","","","","","","","","","","","","","","","","","","","","","","","","","","","","","","","","","","","","","","","",""
"28070001","CHARTRES",48.4605,1.501167,155,1983120212,"","","","",3.,1,60,1,"","","","","","","","","","","","","","","","","","","","","","","","","","","","",1.4,1,-4.,1,"","","","","","","","","","","","","","","","","","","","","","","","","","",67,1,"","","","","","","","","","","","",4.5,1,1035.2,1,"","","","","","",0,1,"","",0,1,0,1,0,1,"","","","","","","","","","","","","","","","","","","","","","","","",12000,1,"","",2,1,0,1,"","","","","","","","","","","","","","","","","","","","","","","","","","","","","","","","","","","","","","","","","","","","","","","","","","","","","","","","","","","","","","","","","",""
"28070001","CHARTRES",48.4605,1.501167,155,1983120215,"","","","",2.,1,60,1,"","","","","","","","","","","","","","","","","","","","","","","","","","","","",2.6,1,-0.6,1,"","","","","","","","","","","","","","","","","","","","","","","","","","",78,1,"","","","","","","","","","","","",5.8,1,1033.2,1,"","","","","","",1,1,0,1,0,1,0,1,1,1,"","","","","","","","","","","","","","","","","","","","","","","","",15000,1,"","",3,1,0,1,"","","","","","","","","","","","","","","","","","","","","","","","","","","","","","","","","","","","","","","","","","","","","","","","","","","","","","","","","","","","","","","","","",""
"28070001","CHARTRES",48.4605,1.501167,155,1983120218,"","","","",1.,1,40,1,"","","","","","","","","","","","","","","","","","","","","","","","","","","","",-1.4,1,-4.6,1,"","","","","","","","","","","","","","","","","","","","","","","","","","",78,1,"","","","","","","","","","","","",4.3,1,1033.3,1,"","","","","","","","",0,1,"","","","","","","","","","","","","","","","","","","","","","","","","","","","","","","","","","","","","","","","","","","","","","","","","","","","","","","","","","","","","","","","","","","","","","","","","","","","","","","","","","","","","","","","","","","","","","","","","","","","","","","",""
"28070001","CHARTRES",48.4605,1.501167,155,1983120221,"","","","",1.,1,60,1,"","","","","","","","","","","","","","","","","","","","","","","","","","","","",-1.3,1,-4.3,1,"","","","","","","","","","","","","","","","","","","","","","","","","","",79,1,"","","","","","","","","","","","",4.4,1,1033.2,1,"","","","","","","","",0,1,"","","","","","","","","","","","","","","","","","","","","","","","","","","","","","","","","","","","","","","","","","","","","","","","","","","","","","","","","","","","","","","","","","","","","","","","","","","","","","","","","","","","","","","","","","","","","","","","","","","","","","","",""
"28070001","CHARTRES",48.4605,1.501167,155,1983120300,"","","","",3.,1,80,1,"","","","","","","","","","","","","","","","","","","","","","","","","","","","",-1.8,1,-4.9,1,"","","","","","","","","","","","","","","","","","","","","","","","","","",79,1,"","","","","","","","","","","","",4.2,1,1033.,1,"","","","","","","","",0,1,"","","","","","","","","","","","","","","","","","","","","","","","","","","","","","","","","","","","","","","","","","","","","","","","","","","","","","","","","","","","","","","","","","","","","","","","","","","","","","","","","","","","","","","","","","","","","","","","","","","","","","","",""
"28070001","CHARTRES",48.4605,1.501167,155,1983120303,"","","","",1.,1,60,1,"","","","","","","","","","","","","","","","","","","","","","","","","","","","",-3.9,1,-6.5,1,"","","","","","","","","","","","","","","","","","","","","","","","","","",80,1,"","","","","","","","","","","","",3.7,1,1033.,1,"","","","","","","","",0,1,"","","","","","","","","","","","","","","","","","","","","","","","","","","","","","","","","","","","","","","","","","","","","","","","","","","","","","","","","","","","","","","","","","","","","","","","","","","","","","","","","","","","","","","","","","","","","","","","","","","","","","","",""
"28070001","CHARTRES",48.4605,1.501167,155,1983120306,"","","","",2.,1,80,1,"","","","","","","","","","","","","","","","","","","","","","","","","","","","",-4.1,1,-5.8,1,"","","","","","","","","","","","","","","","","","","","","","","","","","",87,1,"","","","","","","","","","","","",3.9,1,1032.8,1,"","","","","","",0,1,"","",0,1,0,1,0,1,"","","","","","","","","","","","","","","","","","","","","","","","",3000,1,"","",10,1,"","","","",4,1,"","","","","","","","","","","","","","","","","","","","","","","","","","","","","","","","","","","","","","","","","","","","","","","","","","","","","","","","","","","","","",""
"28070001","CHARTRES",48.4605,1.501167,155,1983120309,"","","","",2.,1,60,1,"","","","","","","","","","","","","","","","","","","","","","","","","","","","",-3.,1,-4.9,1,"","","","","","","","","","","","","","","","","","","","","","","","","","",86,1,"","","","","","","","","","","","",4.2,1,1033.1,1,"","","","","","",0,1,"","",0,1,0,1,0,1,"","","","","","","","","","","","","","","","","","","","","","","","",10000,1,"","",1,1,0,1,"","","","","","","","","","","","","","","","","","","","","","","","","","","","","","","","","","","","","","","","","","","","","","","","","","","","","","","","","","","","","","","","","",""
"28070001","CHARTRES",48.4605,1.501167,155,1983120312,"","","","",2.,1,40,1,"","","","","","","","","","","","","","","","","","","","","","","","","","","","",0.8,1,-4.6,1,"","","","","","","","","","","","","","","","","","","","","","","","","","",67,1,"","","","","","","","","","","","",4.3,1,1032.1,1,"","","","","","",0,1,"","",0,1,0,1,0,1,"","","","","","","","","","","","","","","","","","","","","","","","",15000,1,"","",2,1,0,1,"","","","","","","","","","","","","","","","","","","","","","","","","","","","","","","","","","","","","","","","","","","","","","","","","","","","","","","","","","","","","","","","","",""
"28070001","CHARTRES",48.4605,1.501167,155,1983120315,"","","","",3.,1,20,1,"","","","","","","","","","","","","","","","","","","","","","","","","","","","",1.2,1,-3.1,1,"","","","","","","","","","","","","","","","","","","","","","","","","","",72,1,"","","","","","","","","","","","",4.8,1,1031.3,1,"","","","","","",3,1,0,1,0,1,0,1,1,1,"","","","","","","","","","","","","","","","","","","","","","","","",15000,1,"","",3,1,0,1,"","","","","","","","","","","","","","","","","","","","","","","","","","","","","","","","","","","","","","","","","","","","","","","","","","","","","","","","","","","","","","","","","",""
"28070001","CHARTRES",48.4605,1.501167,155,1983120318,"","","","",2.,1,40,1,"","","","","","","","","","","","","","","","","","","","","","","","","","","","",-1.,1,-4.3,1,"","","","","","","","","","","","","","","","","","","","","","","","","","",78,1,"","","","","","","","","","","","",4.4,1,1031.9,1,"","","","","","","","",0,1,"","","","","","","","","","","","","","","","","","","","","","","","","","","","","","","","","","","","","","","","","","","","","","","","","","","","","","","","","","","","","","","","","","","","","","","","","","","","","","","","","","","","","","","","","","","","","","","","","","","","","","","",""
"28070001","CHARTRES",48.4605,1.501167,155,1983120321,"","","","",1.,1,40,1,"","","","","","","","","","","","","","","","","","","","","","","","","","","","",-3.5,1,-5.8,1,"","","","","","","","","","","","","","","","","","","","","","","","","","",82,1,"","","","","","","","","","","","",3.9,1,1032.2,1,"","","","","","","","",0,1,"","","","","","","","","","","","","","","","","","","","","","","","","","","","","","","","","","","","","","","","","","","","","","","","","","","","","","","","","","","","","","","","","","","","","","","","","","","","","","","","","","","","","","","","","","","","","","","","","","","","","","","",""
"28070001","CHARTRES",48.4605,1.501167,155,1983120400,"","","","",1.,1,40,1,"","","","","","","","","","","","","","","","","","","","","","","","","","","","",-3.6,1,-5.5,1,"","","","","","","","","","","","","","","","","","","","","","","","","","",86,1,"","","","","","","","","","","","",4.,1,1031.7,1,"","","","","","","","",0,1,"","","","","","","","","","","","","","","","","","","","","","","","","","","","","","","","","","","","","","","","","","","","","","","","","","","","","","","","","","","","","","","","","","","","","","","","","","","","","","","","","","","","","","","","","","","","","","","","","","","","","","","",""
"28070001","CHARTRES",48.4605,1.501167,155,1983120403,"","","","",1.,1,60,1,"","","","","","","","","","","","","","","","","","","","","","","","","","","","",-4.2,1,-6.1,1,"","","","","","","","","","","","","","","","","","","","","","","","","","",85,1,"","","","","","","","","","","","",3.8,1,1031.9,1,"","","","","","","","",0,1,"","","","","","","","","","","","","","","","","","","","","","","","","","","","","","","","","","","","","","","","","","","","","","","","","","","","","","","","","","","","","","","","","","","","","","","","","","","","","","","","","","","","","","","","","","","","","","","","","","","","","","","",""
"28070001","CHARTRES",48.4605,1.501167,155,1983120406,"","","","",1.,1,60,1,"","","","","","","","","","","","","","","","","","","","","","","","","","","","",-4.5,1,-7.5,1,"","","","","","","","","","","","","","","","","","","","","","","","","","",79,1,"","","","","","","","","","","","",3.4,1,1032.3,1,"","","","","","",0,1,"","",0,1,0,1,0,1,"","","","","","","","","","","","","","","","","","","","","","","","",5000,1,"","",0,1,"","","","",4,1,"","","","","","","","","","","","","","","","","","","","","","","","","","","","","","","","","","","","","","","","","","","","","","","","","","","","","","","","","","","","","",""
"28070001","CHARTRES",48.4605,1.501167,155,1983120409,"","","","",1.,1,100,1,"","","","","","","","","","","","","","","","","","","","","","","","","","","","",-3.1,1,-7.2,1,"","","","","","","","","","","","","","","","","","","","","","","","","","",72,1,"","","","","","","","","","","","",3.5,1,1033.3,1,"","","","","","",1,1,0,1,0,1,0,1,1,1,"","","","","","","","","","","","","","","","","","","","","","","","",15000,1,"","",2,1,0,1,"","","","","","","","","","","","","","","","","","","","","","","","","","","","","","","","","","","","","","","","","","","","","","","","","","","","","","","","","","","","","","","","","",""
"28070001","CHARTRES",48.4605,1.501167,155,1983120412,"","","","",2.,1,140,1,"","","","","","","","","","","","","","","","","","","","","","","","","","","","",1.6,1,-4.9,1,"","","","","","","","","","","","","","","","","","","","","","","","","","",62,1,"","","","","","","","","","","","",4.2,1,1032.,1,"","","","","","",3,1,0,1,0,1,4,1,1,1,"","","","","","","","","","","","","","","","","","","","","","","","",15000,1,"","",3,1,0,1,"","","","","","","","","","","","","","","","","","","","","","","","","","","","","","","","","","","","","","","","","","","","","","","","","","","","","","","","","","","","","","","","","",""
"28070001","CHARTRES",48.4605,1.501167,155,1983120415,"","","","",1.,1,80,1,"","","","","","","","","","","","","","","","","","","","","","","","","","","","",2.2,1,-3.1,1,"","","","","","","","","","","","","","","","","","","","","","","","","","",67,1,"","","","","","","","","","","","",4.8,1,1031.2,1,"","","","","","",3,1,0,1,0,1,4,1,1,1,"","","","","","","","","","","","","","","","","","","","","","","","",15000,1,"","",2,1,0,1,"","","","","","","","","","","","","","","","","","","","","","","","","","","","","","","","","","","","","","","","","","","","","","","","","","","","","","","","","","","","","","","","","",""
"28070001","CHARTRES",48.4605,1.501167,155,1983120418,"","","","",1.,1,80,1,"","","","","","","","","","","","","","","","","","","","","","","","","","","","",-1.,1,-5.2,1,"","","","","","","","","","","","","","","","","","","","","","","","","","",73,1,"","","","","","","","","","","","",4.1,1,1031.3,1,"","","","","","","","",0,1,"","","","","","","","","","","","","","","","","","","","","","","","","","","","","","","","","","","","","","","","","","","","","","","","","","","","","","","","","","","","","","","","","","","","","","","","","","","","","","","","","","","","","","","","","","","","","","","","","","","","","","","",""
"28070001","CHARTRES",48.4605,1.501167,155,1983120421,"","","","",1.,1,60,1,"","","","","","","","","","","","","","","","","","","","","","","","","","","","",-2.3,1,-4.3,1,"","","","","","","","","","","","","","","","","","","","","","","","","","",86,1,"","","","","","","","","","","","",4.4,1,1031.6,1,"","","","","","","","",0,1,"","","","","","","","","","","","","","","","","","","","","","","","","","","","","","","","","","","","","","","","","","","","","","","","","","","","","","","","","","","","","","","","","","","","","","","","","","","","","","","","","","","","","","","","","","","","","","","","","","","","","","","",""
"28070001","CHARTRES",48.4605,1.501167,155,1983120500,"","","","",0.,1,0,1,"","","","","","","","","","","","","","","","","","","","","","","","","","","","",-3.,1,-5.2,1,"","","","","","","","","","","","","","","","","","","","","","","","","","",83,1,"","","","","","","","","","","","",4.1,1,1031.1,1,"","","","","","","","",0,1,"","","","","","","","","","","","","","","","","","","","","","","","","","","","","","","","","","","","","","","","","","","","","","","","","","","","","","","","","","","","","","","","","","","","","","","","","","","","","","","","","","","","","","","","","","","","","","","","","","","","","","","",""
"28070001","CHARTRES",48.4605,1.501167,155,1983120503,"","","","",1.,1,120,1,"","","","","","","","","","","","","","","","","","","","","","","","","","","","",-4.6,1,-6.1,1,"","","","","","","","","","","","","","","","","","","","","","","","","","",87,1,"","","","","","","","","","","","",3.8,1,1030.9,1,"","","","","","","","",0,1,"","","","","","","","","","","","","","","","","","","","","","","","","","","","","","","","","","","","","","","","","","","","","","","","","","","","","","","","","","","","","","","","","","","","","","","","","","","","","","","","","","","","","","","","","","","","","","","","","","","","","","","",""
"28070001","CHARTRES",48.4605,1.501167,155,1983120506,"","","","",1.,1,220,1,"","","","","","","","","","","","","","","","","","","","","","","","","","","","",-4.4,1,-6.1,1,"","","","","","","","","","","","","","","","","","","","","","","","","","",86,1,"","","","","","","","","","","","",3.8,1,1029.2,1,"","","","","","",0,1,"","",0,1,0,1,0,1,"","","","","","","","","","","","","","","","","","","","","","","","",6000,1,"","",0,1,"","","","",4,1,"","","","","","","","","","","","","","","","","","","","","","","","","","","","","","","","","","","","","","","","","","","","","","","","","","","","","","","","","","","","","",""
"28070001","CHARTRES",48.4605,1.501167,155,1983120509,"","","","",1.,1,200,1,"","","","","","","","","","","","","","","","","","","","","","","","","","","","",-1.7,1,-4.,1,"","","","","","","","","","","","","","","","","","","","","","","","","","",84,1,"","","","","","","","","","","","",4.5,1,1029.3,1,"","","","","","",5,1,5,1,0,1,0,1,1,1,"","","","","","","","","","","","","","","","","","","","","","","","",7000,1,"","",3,1,1,1,"","","","","","","","","","","","","","","","","","","","","","","","","","","","","","","","","","","","","","","","","","","","","","","","","","","","","","","","","","","","","","","","","",""
"28070001","CHARTRES",48.4605,1.501167,155,1983120512,"","","","",0.,1,0,1,"","","","","","","","","","","","","","","","","","","","","","","","","","","","",4.2,1,-2.3,1,"","","","","","","","","","","","","","","","","","","","","","","","","","",62,1,"","","","","","","","","","","","",5.1,1,1028.2,1,"","","","","","",5,1,5,1,0,1,0,1,1,1,"","","","","","","","","","","","","","","","","","","","","","","","",10000,1,"","",2,1,1,1,"","","","","","","","","","","","","","","","","","","","","","","","","","","","","","","","","","","","","","","","","","","","","","","","","","","","","","","","","","","","","","","","","",""
"28070001","CHARTRES",48.4605,1.501167,155,1983120515,"","","","",2.,1,200,1,"","","","","","","","","","","","","","","","","","","","","","","","","","","","",4.9,1,-1.1,1,"","","","","","","","","","","","","","","","","","","","","","","","","","",65,1,"","","","","","","","","","","","",5.6,1,1027.2,1,"","","","","","",3,1,0,1,0,1,0,1,1,1,"","","","","","","","","","","","","","","","","","","","","","","","",15000,1,"","",2,1,0,1,"","","","","","","","","","","","","","","","","","","","","","","","","","","","","","","","","","","","","","","","","","","","","","","","","","","","","","","","","","","","","","","","","",""
"28070001","CHARTRES",48.4605,1.501167,155,1983120518,"","","","",2.,1,240,1,"","","","","","","","","","","","","","","","","","","","","","","","","","","","",0.7,1,-1.8,1,"","","","","","","","","","","","","","","","","","","","","","","","","","",83,1,"","","","","","","","","","","","",5.3,1,1027.1,1,"","","","","","","","",0,1,"","","","","","","","","","","","","","","","","","","","","","","","","","","","","","","","","","","","","","","","","","","","","","","","","","","","","","","","","","","","","","","","","","","","","","","","","","","","","","","","","","","","","","","","","","","","","","","","","","","","","","","",""
"28070001","CHARTRES",48.4605,1.501167,155,1983120521,"","","","",2.,1,280,1,"","","","","","","","","","","","","","","","","","","","","","","","","","","","",-0.2,1,-1.1,1,"","","","","","","","","","","","","","","","","","","","","","","","","","",93,1,"","","","","","","","","","","","",5.6,1,1027.,1,"","","","","","","","",0,1,"","","","","","","","","","","","","","","","","","","","","","","","","","","","","","","","","","","","","","","","","","","","","","","","","","","","","","","","","","","","","","","","","","","","","","","","","","","","","","","","","","","","","","","","","","","","","","","","","","","","","","","",""
"28070001","CHARTRES",48.4605,1.501167,155,1983120600,"","","","",2.,1,320,1,"","","","","","","","","","","","","","","","","","","","","","","","","","","","",0.3,1,-2.1,1,"","","","","","","","","","","","","","","","","","","","","","","","","","",84,1,"","","","","","","","","","","","",5.2,1,1026.9,1,"","","","","","","","",0,1,"","","","","","","","","","","","","","","","","","","","","","","","","","","","","","","","","","","","","","","","","","","","","","","","","","","","","","","","","","","","","","","","","","","","","","","","","","","","","","","","","","","","","","","","","","","","","","","","","","","","","","","",""
"28070001","CHARTRES",48.4605,1.501167,155,1983120603,"","","","",3.,1,360,1,"","","","","","","","","","","","","","","","","","","","","","","","","","","","",3.8,1,3.4,1,"","","","","","","","","","","","","","","","","","","","","","","","","","",98,1,"","","","","","","","","","","","",7.9,1,1026.4,1,"","","","","","","","",0,1,"","","","","","","","","","","","","","","","","","","","","","","","","","","","","","","","","","","","","","","","","","","","","","","","","","","","","","","","","","","","","","","","","","","","","","","","","","","","","","","","","","","","","","","","","","","","","","","","","","","","","","","",""
"28070001","CHARTRES",48.4605,1.501167,155,1983120606,"","","","",4.,1,20,1,"","","","","","","","","","","","","","","","","","","","","","","","","","","","",3.9,1,3.9,1,"","","","","","","","","","","","","","","","","","","","","","","","","","","","","","","","","","","","","","","","",8.1,1,1027.1,1,"","","","","","",9,1,"","","","","","","","","","","","","","","","","","","","","","","","","","","","","","","","",600,1,"","",45,1,"","","","",1,1,"","","","","","","","","","","","","","","","","","","","","","","","","","","","","","","","","","","","","","","","","","","","","","","","","","","","","","","","","","","","","",""
"28070001","CHARTRES",48.4605,1.501167,155,1983120609,"","","","",5.,1,40,1,"","","","","","","","","","","","","","","","","","","","","","","","","","","","",4.,1,3.4,1,"","","","","","","","","","","","","","","","","","","","","","","","","","",97,1,"","","","","","","","","","","","",7.9,1,1029.8,1,"","","","","","",8,1,8,1,6,1,"","","","","","","","","","","","","","","","","","","","","","","","","","","","",600,1,"","",46,1,4,1,"","","","","","","","","","","","","","","","","","","","","","","","","","","","","","","","","","","","","","","","","","","","","","","","","","","","","","","","","","","","","","","","","",""
"28070001","CHARTRES",48.4605,1.501167,155,1983120612,"","","","",4.,1,40,1,"","","","","","","","","","","","","","","","","","","","","","","","","","","","",4.1,1,3.6,1,"","","","","","","","","","","","","","","","","","","","","","","","","","",98,1,"","","","","","","","","","","","",8.,1,1030.3,1,"","","","","","",8,1,8,1,6,1,"","","","","","","","","","","","","","","","","","","","","","","","","","","","",800,1,"","",46,1,4,1,"","","","","","","","","","","","","","","","","","","","","","","","","","","","","","","","","","","","","","","","","","","","","","","","","","","","","","","","","","","","","","","","","",""
"28070001","CHARTRES",48.4605,1.501167,155,1983120615,"","","","",4.,1,20,1,"","","","","","","","","","","","","","","","","","","","","","","","","","","","",3.9,1,2.7,1,"","","","","","","","","","","","","","","","","","","","","","","","","","",93,1,"","","","","","","","","","","","",7.5,1,1031.,1,"","","","","","",8,1,8,1,6,1,"","","","","","","","","","","","","","","","","","","","","","","","","","","","",300,1,"","",46,1,4,1,"","","","","","","","","","","","","","","","","","","","","","","","","","","","","","","","","","","","","","","","","","","","","","","","","","","","","","","","","","","","","","","","","",""
"28070001","CHARTRES",48.4605,1.501167,155,1983120618,"","","","",2.,1,340,1,"","","","","","","","","","","","","","","","","","","","","","","","","","","","",2.4,1,1.8,1,"","","","","","","","","","","","","","","","","","","","","","","","","","",96,1,"","","","","","","","","","","","",7.,1,1032.,1,"","","","","","","","",8,1,"","","","","","","","","","","","","","","","","","","","","","","","","","","","","","","","","","","","","","","","","","","","","","","","","","","","","","","","","","","","","","","","","","","","","","","","","","","","","","","","","","","","","","","","","","","","","","","","","","","","","","","",""
"28070001","CHARTRES",48.4605,1.501167,155,1983120621,"","","","",2.,1,20,1,"","","","","","","","","","","","","","","","","","","","","","","","","","","","",-0.1,1,-0.4,1,"","","","","","","","","","","","","","","","","","","","","","","","","","",98,1,"","","","","","","","","","","","",5.9,1,1033.3,1,"","","","","","","","",8,1,"","","","","","","","","","","","","","","","","","","","","","","","","","","","","","","","","","","","","","","","","","","","","","","","","","","","","","","","","","","","","","","","","","","","","","","","","","","","","","","","","","","","","","","","","","","","","","","","","","","","","","","",""
"28070001","CHARTRES",48.4605,1.501167,155,1983120700,"","","","",3.,1,20,1,"","","","","","","","","","","","","","","","","","","","","","","","","","","","",-0.4,1,-0.4,1,"","","","","","","","","","","","","","","","","","","","","","","","","","",99,1,"","","","","","","","","","","","",5.9,1,1033.9,1,"","","","","","","","",8,1,"","","","","","","","","","","","","","","","","","","","","","","","","","","","","","","","","","","","","","","","","","","","","","","","","","","","","","","","","","","","","","","","","","","","","","","","","","","","","","","","","","","","","","","","","","","","","","","","","","","","","","","",""
"28070001","CHARTRES",48.4605,1.501167,155,1983120703,"","","","",3.,1,20,1,"","","","","","","","","","","","","","","","","","","","","","","","","","","","",-0.2,1,-0.2,1,"","","","","","","","","","","","","","","","","","","","","","","","","","",99,1,"","","","","","","","","","","","",6.,1,1033.9,1,"","","","","","","","",8,1,"","","","","","","","","","","","","","","","","","","","","","","","","","","","","","","","","","","","","","","","","","","","","","","","","","","","","","","","","","","","","","","","","","","","","","","","","","","","","","","","","","","","","","","","","","","","","","","","","","","","","","","",""
"28070001","CHARTRES",48.4605,1.501167,155,1983120706,"","","","",3.,1,360,1,"","","","","","","","","","","","","","","","","","","","","","","","","","","","",-0.8,1,-0.8,1,"","","","","","","","","","","","","","","","","","","","","","","","","","",99,1,"","","","","","","","","","","","",5.7,1,1034.8,1,"","","","","","",9,1,"","","","","","","","","","","","","","","","","","","","","","","","","","","","","","","","",150,1,"","",49,1,"","","","",4,1,"","","","","","","","","","","","","","","","","","","","","","","","","","","","","","","","","","","","","","","","","","","","","","","","","","","","","","","","","","","","","",""
"28070001","CHARTRES",48.4605,1.501167,155,1983120709,"","","","",2.,1,20,1,"","","","","","","","","","","","","","","","","","","","","","","","","","","","",-1.,1,-1.,1,"","","","","","","","","","","","","","","","","","","","","","","","","","",99,1,"","","","","","","","","","","","",5.6,1,1036.,1,"","","","","","",9,1,"","","","","","","","","","","","","","","","","","","","","","","","","","","","","","","","",150,1,"","",49,1,4,1,"","","","","","","","","","","","","","","","","","","","","","","","","","","","","","","","","","","","","","","","","","","","","","","","","","","","","","","","","","","","","","","","","",""
"28070001","CHARTRES",48.4605,1.501167,155,1983120712,"","","","",2.,1,20,1,"","","","","","","","","","","","","","","","","","","","","","","","","","","","",0.8,1,-0.6,1,"","","","","","","","","","","","","","","","","","","","","","","","","","",90,1,"","","","","","","","","","","","",5.8,1,1036.3,1,"","","","","","",9,1,"","","","","","","","","","","","","","","","","","","","","","","","","","","","","","","","",200,1,"","",45,1,4,1,"","","","","","","","","","","","","","","","","","","","","","","","","","","","","","","","","","","","","","","","","","","","","","","","","","","","","","","","","","","","","","","","","",""
"28070001","CHARTRES",48.4605,1.501167,155,1983120715,"","","","",0.,1,0,1,"","","","","","","","","","","","","","","","","","","","","","","","","","","","",0.9,1,-0.4,1,"","","","","","","","","","","","","","","","","","","","","","","","","","",90,1,"","","","","","","","","","","","",5.9,1,1036.3,1,"","","","","","",9,1,"","","","","","","","","","","","","","","","","","","","","","","","","","","","","","","","",200,1,"","",45,1,4,1,"","","","","","","","","","","","","","","","","","","","","","","","","","","","","","","","","","","","","","","","","","","","","","","","","","","","","","","","","","","","","","","","","",""
"28070001","CHARTRES",48.4605,1.501167,155,1983120718,"","","","",1.,1,260,1,"","","","","","","","","","","","","","","","","","","","","","","","","","","","",0.,1,-0.4,1,"","","","","","","","","","","","","","","","","","","","","","","","","","",96,1,"","","","","","","","","","","","",5.9,1,1036.3,1,"","","","","","","","","","","","","","","","","","","","","","","","","","","","","","","","","","","","","","","","","","","","","","","","","","","","","","","","","","","","","","","","","","","","","","","","","","","","","","","","","","","","","","","","","","","","","","","","","","","","","","","","","","","","","","","","","",""
"28070001","CHARTRES",48.4605,1.501167,155,1983120721,"","","","",2.,1,260,1,"","","","","","","","","","","","","","","","","","","","","","","","","","","","",-1.1,1,-1.3,1,"","","","","","","","","","","","","","","","","","","","","","","","","","",97,1,"","","","","","","","","","","","",5.5,1,1036.5,1,"","","","","","","","","","","","","","","","","","","","","","","","","","","","","","","","","","","","","","","","","","","","","","","","","","","","","","","","","","","","","","","","","","","","","","","","","","","","","","","","","","","","","","","","","","","","","","","","","","","","","","","","","","","","","","","","","",""
"28070001","CHARTRES",48.4605,1.501167,155,1983120800,"","","","",3.,1,240,1,"","","","","","","","","","","","","","","","","","","","","","","","","","","","",-1.1,1,-1.3,1,"","","","","","","","","","","","","","","","","","","","","","","","","","",98,1,"","","","","","","","","","","","",5.5,1,1035.9,1,"","","","","","","","","","","","","","","","","","","","","","","","","","","","","","","","","","","","","","","","","","","","","","","","","","","","","","","","","","","","","","","","","","","","","","","","","","","","","","","","","","","","","","","","","","","","","","","","","","","","","","","","","","","","","","","","","",""
"28070001","CHARTRES",48.4605,1.501167,155,1983120803,"","","","",2.,1,240,1,"","","","","","","","","","","","","","","","","","","","","","","","","","","","",-1.7,1,-2.6,1,"","","","","","","","","","","","","","","","","","","","","","","","","","",93,1,"","","","","","","","","","","","",5.,1,1034.7,1,"","","","","","","","","","","","","","","","","","","","","","","","","","","","","","","","","","","","","","","","","","","","","","","","","","","","","","","","","","","","","","","","","","","","","","","","","","","","","","","","","","","","","","","","","","","","","","","","","","","","","","","","","","","","","","","","","",""
"28070001","CHARTRES",48.4605,1.501167,155,1983120806,"","","","",0.,1,0,1,"","","","","","","","","","","","","","","","","","","","","","","","","","","","",-1.8,1,-2.6,1,"","","","","","","","","","","","","","","","","","","","","","","","","","",94,1,"","","","","","","","","","","","",5.,1,1033.6,1,"","","","","","",9,1,"","","","","","","","","","","","","","","","","","","","","","","","","","","","","","","","",200,1,"","",49,1,"","","","",4,1,"","","","","","","","","","","","","","","","","","","","","","","","","","","","","","","","","","","","","","","","","","","","","","","","","","","","","","","","","","","","","",""
"28070001","CHARTRES",48.4605,1.501167,155,1983120809,"","","","",0.,1,0,1,"","","","","","","","","","","","","","","","","","","","","","","","","","","","",-1.,1,-1.8,1,"","","","","","","","","","","","","","","","","","","","","","","","","","",93,1,"","","","","","","","","","","","",5.3,1,1032.3,1,"","","","","","",8,1,8,1,6,1,"","","","","","","","","","","","","","","","","","","","","","","","","","","","",1200,1,"","",10,1,4,1,"","","","","","","","","","","","","","","","","","","","","","","","","","","","","","","","","","","","","","","","","","","","","","","","","","","","","","","","","","","","","","","","","",""
"28070001","CHARTRES",48.4605,1.501167,155,1983120812,"","","","",4.,1,240,1,"","","","","","","","","","","","","","","","","","","","","","","","","","","","",-0.4,1,-1.1,1,"","","","","","","","","","","","","","","","","","","","","","","","","","",94,1,"","","","","","","","","","","","",5.6,1,1030.3,1,"","","","","","",8,1,8,1,6,1,"","","","","","","","","","","","","","","","","","","","","","","","","","","","",10000,1,"","",2,1,4,1,"","","","","","","","","","","","","","","","","","","","","","","","","","","","","","","","","","","","","","","","","","","","","","","","","","","","","","","","","","","","","","","","","",""
"28070001","CHARTRES",48.4605,1.501167,155,1983120815,"","","","",4.,1,240,1,"","","","","","","","","","","","","","","","","","","","","","","","","","","","",0.4,1,-0.6,1,"","","","","","","","","","","","","","","","","","","","","","","","","","",92,1,"","","","","","","","","","","","",5.8,1,1027.7,1,"","","","","","",7,1,6,1,5,1,"","","","","","","","","","","","","","","","","","","","","","","","","","","","",10000,1,"","",1,1,2,1,"","","","","","","","","","","","","","","","","","","","","","","","","","","","","","","","","","","","","","","","","","","","","","","","","","","","","","","","","","","","","","","","","",""
"28070001","CHARTRES",48.4605,1.501167,155,1983120818,"","","","",6.,1,240,1,"","","","","","","","","","","","","","","","","","","","","","","","","","","","",1.,1,-0.4,1,"","","","","","","","","","","","","","","","","","","","","","","","","","",90,1,"","","","","","","","","","","","",5.9,1,1025.2,1,"","","","","","","","",6,1,"","","","","","","","","","","","","","","","","","","","","","","","","","","","","","","","","","","","","","","","","","","","","","","","","","","","","","","","","","","","","","","","","","","","","","","","","","","","","","","","","","","","","","","","","","","","","","","","","","","","","","","",""
"28070001","CHARTRES",48.4605,1.501167,155,1983120821,"","","","",6.,1,240,1,"","","","","","","","","","","","","","","","","","","","","","","","","","","","",1.2,1,-0.9,1,"","","","","","","","","","","","","","","","","","","","","","","","","","",86,1,"","","","","","","","","","","","",5.7,1,1022.5,1,"","","","","","","","",6,1,"","","","","","","","","","","","","","","","","","","","","","","","","","","","","","","","","","","","","","","","","","","","","","","","","","","","","","","","","","","","","","","","","","","","","","","","","","","","","","","","","","","","","","","","","","","","","","","","","","","","","","","",""
"28070001","CHARTRES",48.4605,1.501167,155,1983120900,"","","","",4.,1,220,1,"","","","","","","","","","","","","","","","","","","","","","","","","","","","",0.9,1,-1.1,1,"","","","","","","","","","","","","","","","","","","","","","","","","","",86,1,"","","","","","","","","","","","",5.6,1,1019.,1,"","","","","","","","",6,1,"","","","","","","","","","","","","","","","","","","","","","","","","","","","","","","","","","","","","","","","","","","","","","","","","","","","","","","","","","","","","","","","","","","","","","","","","","","","","","","","","","","","","","","","","","","","","","","","","","","","","","","",""
"28070001","CHARTRES",48.4605,1.501167,155,1983120903,"","","","",5.,1,220,1,"","","","","","","","","","","","","","","","","","","","","","","","","","","","",0.5,1,-1.3,1,"","","","","","","","","","","","","","","","","","","","","","","","","","",87,1,"","","","","","","","","","","","",5.5,1,1014.5,1,"","","","","","","","",6,1,"","","","","","","","","","","","","","","","","","","","","","","","","","","","","","","","","","","","","","","","","","","","","","","","","","","","","","","","","","","","","","","","","","","","","","","","","","","","","","","","","","","","","","","","","","","","","","","","","","","","","","","",""
"28070001","CHARTRES",48.4605,1.501167,155,1983120906,"","","","",7.,1,220,1,"","","","","","","","","","","","","","","","","","","","","","","","","","","","",2.7,1,1.4,1,"","","","","","","","","","","","","","","","","","","","","","","","","","",91,1,"","","","","","","","","","","","",6.8,1,1008.3,1,"","","","","","",8,1,8,1,7,1,"","","","","","","","","","","","","","","","","","","","","","","","","","","","",3000,1,"","",80,1,"","","","",2,1,"","","","","","","","","","","","","","","","","","","","","","","","","","","","","","","","","","","","","","","","","","","","","","","","","","","","","","","","","","","","","",""
"28070001","CHARTRES",48.4605,1.501167,155,1983120909,"","","","",7.,1,240,1,"","","","","","","","","","","","","","","","","","","","","","","","","","","","",4.5,1,3.4,1,"","","","","","","","","","","","","","","","","","","","","","","","","","",93,1,"","","","","","","","","","","","",7.9,1,1004.3,1,"","","","","","",8,1,8,1,7,1,"","","","","","","","","","","","","","","","","","","","","","","","","","","","",5000,1,"","",21,1,6,1,"","","","","","","","","","","","","","","","","","","","","","","","","","","","","","","","","","","","","","","","","","","","","","","","","","","","","","","","","","","","","","","","","",""
"28070001","CHARTRES",48.4605,1.501167,155,1983120912,"","","","",9.,1,240,1,"","","","","","","","","","","","","","","","","","","","","","","","","","","","",7.,1,5.9,1,"","","","","","","","","","","","","","","","","","","","","","","","","","",94,1,"","","","","","","","","","","","",9.4,1,1001.7,1,"","","","","","",8,1,8,1,6,1,"","","","","","","","","","","","","","","","","","","","","","","","","","","","",5000,1,"","",1,1,6,1,"","","","","","","","","","","","","","","","","","","","","","","","","","","","","","","","","","","","","","","","","","","","","","","","","","","","","","","","","","","","","","","","","",""
"28070001","CHARTRES",48.4605,1.501167,155,1983120915,"","","","",7.,1,220,1,"","","","","","","","","","","","","","","","","","","","","","","","","","","","",7.2,1,6.2,1,"","","","","","","","","","","","","","","","","","","","","","","","","","",94,1,"","","","","","","","","","","","",9.6,1,998.2,1,"","","","","","",8,1,8,1,6,1,"","","","","","","","","","","","","","","","","","","","","","","","","","","","",5000,1,"","",3,1,2,1,"","","","","","","","","","","","","","","","","","","","","","","","","","","","","","","","","","","","","","","","","","","","","","","","","","","","","","","","","","","","","","","","","",""
"28070001","CHARTRES",48.4605,1.501167,155,1983120918,"","","","",8.,1,220,1,"","","","","","","","","","","","","","","","","","","","","","","","","","","","",7.9,1,6.7,1,"","","","","","","","","","","","","","","","","","","","","","","","","","",94,1,"","","","","","","","","","","","",10.,1,994.5,1,"","","","","","","","",8,1,"","","","","","","","","","","","","","","","","","","","","","","","","","","","","","","","","","","","","","","","","","","","","","","","","","","","","","","","","","","","","","","","","","","","","","","","","","","","","","","","","","","","","","","","","","","","","","","","","","","","","","","",""
"28070001","CHARTRES",48.4605,1.501167,155,1983120921,"","","","",6.,1,260,1,"","","","","","","","","","","","","","","","","","","","","","","","","","","","",7.,1,5.6,1,"","","","","","","","","","","","","","","","","","","","","","","","","","",92,1,"","","","","","","","","","","","",9.2,1,992.6,1,"","","","","","","","",8,1,"","","","","","","","","","","","","","","","","","","","","","","","","","","","","","","","","","","","","","","","","","","","","","","","","","","","","","","","","","","","","","","","","","","","","","","","","","","","","","","","","","","","","","","","","","","","","","","","","","","","","","","",""
"28070001","CHARTRES",48.4605,1.501167,155,1983121000,"","","","",6.,1,280,1,"","","","","","","","","","","","","","","","","","","","","","","","","","","","",6.4,1,4.6,1,"","","","","","","","","","","","","","","","","","","","","","","","","","",90,1,"","","","","","","","","","","","",8.6,1,991.8,1,"","","","","","","","",8,1,"","","","","","","","","","","","","","","","","","","","","","","","","","","","","","","","","","","","","","","","","","","","","","","","","","","","","","","","","","","","","","","","","","","","","","","","","","","","","","","","","","","","","","","","","","","","","","","","","","","","","","","",""
"28070001","CHARTRES",48.4605,1.501167,155,1983121003,"","","","",9.,1,360,1,"","","","","","","","","","","","","","","","","","","","","","","","","","","","",7.1,1,4.9,1,"","","","","","","","","","","","","","","","","","","","","","","","","","",87,1,"","","","","","","","","","","","",8.8,1,994.4,1,"","","","","","","","",8,1,"","","","","","","","","","","","","","","","","","","","","","","","","","","","","","","","","","","","","","","","","","","","","","","","","","","","","","","","","","","","","","","","","","","","","","","","","","","","","","","","","","","","","","","","","","","","","","","","","","","","","","","",""
"28070001","CHARTRES",48.4605,1.501167,155,1983121006,"","","","",8.,1,360,1,"","","","","","","","","","","","","","","","","","","","","","","","","","","","",5.6,1,4.,1,"","","","","","","","","","","","","","","","","","","","","","","","","","",91,1,"","","","","","","","","","","","",8.2,1,1000.3,1,"","","","","","",8,1,7,1,5,1,"","","","","","","","","","","","","","","","","","","","","","","","","","","","",6000,1,"","",50,1,"","","","",2,1,"","","","","","","","","","","","","","","","","","","","","","","","","","","","","","","","","","","","","","","","","","","","","","","","","","","","","","","","","","","","","",""
"28070001","CHARTRES",48.4605,1.501167,155,1983121009,"","","","",9.,1,360,1,"","","","","","","","","","","","","","","","","","","","","","","","","","","","",5.8,1,3.8,1,"","","","","","","","","","","","","","","","","","","","","","","","","","",88,1,"","","","","","","","","","","","",8.1,1,1006.1,1,"","","","","","",8,1,7,1,5,1,"","","","","","","","","","","","","","","","","","","","","","","","","","","","",7000,1,"","",60,1,6,1,"","","","","","","","","","","","","","","","","","","","","","","","","","","","","","","","","","","","","","","","","","","","","","","","","","","","","","","","","","","","","","","","","",""
"28070001","CHARTRES",48.4605,1.501167,155,1983121012,"","","","",9.,1,20,1,"","","","","","","","","","","","","","","","","","","","","","","","","","","","",6.,1,2.5,1,"","","","","","","","","","","","","","","","","","","","","","","","","","",79,1,"","","","","","","","","","","","",7.4,1,1010.7,1,"","","","","","",7,1,7,1,2,1,"","","","","","","","","","","","","","","","","","","","","","","","","","","","",12000,1,"","",1,1,6,1,"","","","","","","","","","","","","","","","","","","","","","","","","","","","","","","","","","","","","","","","","","","","","","","","","","","","","","","","","","","","","","","","","",""
"28070001","CHARTRES",48.4605,1.501167,155,1983121015,"","","","",8.,1,360,1,"","","","","","","","","","","","","","","","","","","","","","","","","","","","",5.2,1,2.2,1,"","","","","","","","","","","","","","","","","","","","","","","","","","",81,1,"","","","","","","","","","","","",7.2,1,1014.2,1,"","","","","","",6,1,0,1,2,1,8,1,0,1,"","","","","","","","","","","","","","","","","","","","","","","","",20000,1,"","",3,1,1,1,"","","","","","","","","","","","","","","","","","","","","","","","","","","","","","","","","","","","","","","","","","","","","","","","","","","","","","","","","","","","","","","","","",""
"28070001","CHARTRES",48.4605,1.501167,155,1983121018,"","","","",3.,1,360,1,"","","","","","","","","","","","","","","","","","","","","","","","","","","","",2.8,1,0.6,1,"","","","","","","","","","","","","","","","","","","","","","","","","","",86,1,"","","","","","","","","","","","",6.4,1,1017.4,1,"","","","","","","","",0,1,"","","","","","","","","","","","","","","","","","","","","","","","","","","","","","","","","","","","","","","","","","","","","","","","","","","","","","","","","","","","","","","","","","","","","","","","","","","","","","","","","","","","","","","","","","","","","","","","","","","","","","","",""
"28070001","CHARTRES",48.4605,1.501167,155,1983121021,"","","","",2.,1,340,1,"","","","","","","","","","","","","","","","","","","","","","","","","","","","",0.9,1,0.4,1,"","","","","","","","","","","","","","","","","","","","","","","","","","",96,1,"","","","","","","","","","","","",6.3,1,1018.7,1,"","","","","","","","",0,1,"","","","","","","","","","","","","","","","","","","","","","","","","","","","","","","","","","","","","","","","","","","","","","","","","","","","","","","","","","","","","","","","","","","","","","","","","","","","","","","","","","","","","","","","","","","","","","","","","","","","","","","",""
"28070001","CHARTRES",48.4605,1.501167,155,1983121100,"","","","",1.,1,340,1,"","","","","","","","","","","","","","","","","","","","","","","","","","","","",0.2,1,-0.4,1,"","","","","","","","","","","","","","","","","","","","","","","","","","",95,1,"","","","","","","","","","","","",5.9,1,1019.5,1,"","","","","","","","",0,1,"","","","","","","","","","","","","","","","","","","","","","","","","","","","","","","","","","","","","","","","","","","","","","","","","","","","","","","","","","","","","","","","","","","","","","","","","","","","","","","","","","","","","","","","","","","","","","","","","","","","","","","",""
"28070001","CHARTRES",48.4605,1.501167,155,1983121103,"","","","",0.,1,0,1,"","","","","","","","","","","","","","","","","","","","","","","","","","","","",-0.1,1,-0.6,1,"","","","","","","","","","","","","","","","","","","","","","","","","","",96,1,"","","","","","","","","","","","",5.8,1,1019.5,1,"","","","","","","","",0,1,"","","","","","","","","","","","","","","","","","","","","","","","","","","","","","","","","","","","","","","","","","","","","","","","","","","","","","","","","","","","","","","","","","","","","","","","","","","","","","","","","","","","","","","","","","","","","","","","","","","","","","","",""
"28070001","CHARTRES",48.4605,1.501167,155,1983121106,"","","","",1.,1,320,1,"","","","","","","","","","","","","","","","","","","","","","","","","","","","",-0.8,1,-1.3,1,"","","","","","","","","","","","","","","","","","","","","","","","","","",96,1,"","","","","","","","","","","","",5.5,1,1019.6,1,"","","","","","",4,1,0,1,0,1,8,1,0,1,"","","","","","","","","","","","","","","","","","","","","","","","",12000,1,"","",0,1,"","","","",4,1,"","","","","","","","","","","","","","","","","","","","","","","","","","","","","","","","","","","","","","","","","","","","","","","","","","","","","","","","","","","","","",""
"28070001","CHARTRES",48.4605,1.501167,155,1983121109,"","","","",0.,1,0,1,"","","","","","","","","","","","","","","","","","","","","","","","","","","","",-0.9,1,-1.3,1,"","","","","","","","","","","","","","","","","","","","","","","","","","",96,1,"","","","","","","","","","","","",5.5,1,1020.,1,"","","","","","",7,1,7,1,5,1,"","","","","","","","","","","","","","","","","","","","","","","","","","","","",4000,1,"","",10,1,1,1,"","","","","","","","","","","","","","","","","","","","","","","","","","","","","","","","","","","","","","","","","","","","","","","","","","","","","","","","","","","","","","","","","",""
"28070001","CHARTRES",48.4605,1.501167,155,1983121112,"","","","",2.,1,180,1,"","","","","","","","","","","","","","","","","","","","","","","","","","","","",3.5,1,-0.6,1,"","","","","","","","","","","","","","","","","","","","","","","","","","",75,1,"","","","","","","","","","","","",5.8,1,1018.3,1,"","","","","","",3,1,0,1,0,1,8,1,0,1,"","","","","","","","","","","","","","","","","","","","","","","","",15000,1,"","",1,1,1,1,"","","","","","","","","","","","","","","","","","","","","","","","","","","","","","","","","","","","","","","","","","","","","","","","","","","","","","","","","","","","","","","","","",""
"28070001","CHARTRES",48.4605,1.501167,155,1983121115,"","","","",2.,1,160,1,"","","","","","","","","","","","","","","","","","","","","","","","","","","","",3.,1,1.,1,"","","","","","","","","","","","","","","","","","","","","","","","","","",88,1,"","","","","","","","","","","","",6.6,1,1016.6,1,"","","","","","",7,1,7,1,2,1,"","","","","","","","","","","","","","","","","","","","","","","","","","","","",12000,1,"","",3,1,1,1,"","","","","","","","","","","","","","","","","","","","","","","","","","","","","","","","","","","","","","","","","","","","","","","","","","","","","","","","","","","","","","","","","",""
"28070001","CHARTRES",48.4605,1.501167,155,1983121118,"","","","",4.,1,140,1,"","","","","","","","","","","","","","","","","","","","","","","","","","","","",0.9,1,-0.2,1,"","","","","","","","","","","","","","","","","","","","","","","","","","",92,1,"","","","","","","","","","","","",6.,1,1016.7,1,"","","","","","","","",7,1,"","","","","","","","","","","","","","","","","","","","","","","","","","","","","","","","","","","","","","","","","","","","","","","","","","","","","","","","","","","","","","","","","","","","","","","","","","","","","","","","","","","","","","","","","","","","","","","","","","","","","","","",""
"28070001","CHARTRES",48.4605,1.501167,155,1983121121,"","","","",4.,1,160,1,"","","","","","","","","","","","","","","","","","","","","","","","","","","","",0.8,1,-0.2,1,"","","","","","","","","","","","","","","","","","","","","","","","","","",92,1,"","","","","","","","","","","","",6.,1,1016.,1,"","","","","","","","",7,1,"","","","","","","","","","","","","","","","","","","","","","","","","","","","","","","","","","","","","","","","","","","","","","","","","","","","","","","","","","","","","","","","","","","","","","","","","","","","","","","","","","","","","","","","","","","","","","","","","","","","","","","",""
"28070001","CHARTRES",48.4605,1.501167,155,1983121200,"","","","",3.,1,160,1,"","","","","","","","","","","","","","","","","","","","","","","","","","","","",0.2,1,-0.4,1,"","","","","","","","","","","","","","","","","","","","","","","","","","",95,1,"","","","","","","","","","","","",5.9,1,1015.2,1,"","","","","","","","",7,1,"","","","","","","","","","","","","","","","","","","","","","","","","","","","","","","","","","","","","","","","","","","","","","","","","","","","","","","","","","","","","","","","","","","","","","","","","","","","","","","","","","","","","","","","","","","","","","","","","","","","","","","",""
"28070001","CHARTRES",48.4605,1.501167,155,1983121203,"","","","",4.,1,160,1,"","","","","","","","","","","","","","","","","","","","","","","","","","","","",0.,1,-1.1,1,"","","","","","","","","","","","","","","","","","","","","","","","","","",92,1,"","","","","","","","","","","","",5.6,1,1014.2,1,"","","","","","","","",7,1,"","","","","","","","","","","","","","","","","","","","","","","","","","","","","","","","","","","","","","","","","","","","","","","","","","","","","","","","","","","","","","","","","","","","","","","","","","","","","","","","","","","","","","","","","","","","","","","","","","","","","","","",""
"28070001","CHARTRES",48.4605,1.501167,155,1983121206,"","","","",4.,1,140,1,"","","","","","","","","","","","","","","","","","","","","","","","","","","","",0.,1,-2.3,1,"","","","","","","","","","","","","","","","","","","","","","","","","","",84,1,"","","","","","","","","","","","",5.1,1,1013.1,1,"","","","","","",8,1,8,1,0,1,7,1,"","","","","","","","","","","","","","","","","","","","","","","","","","",8000,1,"","",0,1,"","","","",4,1,"","","","","","","","","","","","","","","","","","","","","","","","","","","","","","","","","","","","","","","","","","","","","","","","","","","","","","","","","","","","","",""
"28070001","CHARTRES",48.4605,1.501167,155,1983121209,"","","","",3.,1,120,1,"","","","","","","","","","","","","","","","","","","","","","","","","","","","",0.,1,-1.3,1,"","","","","","","","","","","","","","","","","","","","","","","","","","",90,1,"","","","","","","","","","","","",5.5,1,1013.5,1,"","","","","","",7,1,6,1,0,1,7,1,2,1,"","","","","","","","","","","","","","","","","","","","","","","","",25000,1,"","",2,1,2,1,"","","","","","","","","","","","","","","","","","","","","","","","","","","","","","","","","","","","","","","","","","","","","","","","","","","","","","","","","","","","","","","","","",""
"28070001","CHARTRES",48.4605,1.501167,155,1983121212,"","","","",3.,1,80,1,"","","","","","","","","","","","","","","","","","","","","","","","","","","","",1.,1,-1.1,1,"","","","","","","","","","","","","","","","","","","","","","","","","","",85,1,"","","","","","","","","","","","",5.6,1,1014.5,1,"","","","","","",4,1,0,1,1,1,3,1,2,1,"","","","","","","","","","","","","","","","","","","","","","","","",25000,1,"","",1,1,1,1,"","","","","","","","","","","","","","","","","","","","","","","","","","","","","","","","","","","","","","","","","","","","","","","","","","","","","","","","","","","","","","","","","",""
"28070001","CHARTRES",48.4605,1.501167,155,1983121215,"","","","",3.,1,360,1,"","","","","","","","","","","","","","","","","","","","","","","","","","","","",2.2,1,-0.9,1,"","","","","","","","","","","","","","","","","","","","","","","","","","",80,1,"","","","","","","","","","","","",5.7,1,1015.6,1,"","","","","","",7,1,7,1,1,1,7,1,"","","","","","","","","","","","","","","","","","","","","","","","","","",25000,1,"","",3,1,1,1,"","","","","","","","","","","","","","","","","","","","","","","","","","","","","","","","","","","","","","","","","","","","","","","","","","","","","","","","","","","","","","","","","",""
"28070001","CHARTRES",48.4605,1.501167,155,1983121218,"","","","",1.,1,20,1,"","","","","","","","","","","","","","","","","","","","","","","","","","","","",0.2,1,-1.8,1,"","","","","","","","","","","","","","","","","","","","","","","","","","",86,1,"","","","","","","","","","","","",5.3,1,1018.2,1,"","","","","","","","",7,1,"","","","","","","","","","","","","","","","","","","","","","","","","","","","","","","","","","","","","","","","","","","","","","","","","","","","","","","","","","","","","","","","","","","","","","","","","","","","","","","","","","","","","","","","","","","","","","","","","","","","","","","",""
"28070001","CHARTRES",48.4605,1.501167,155,1983121221,"","","","",1.,1,360,1,"","","","","","","","","","","","","","","","","","","","","","","","","","","","",-0.1,1,-0.6,1,"","","","","","","","","","","","","","","","","","","","","","","","","","",95,1,"","","","","","","","","","","","",5.8,1,1020.8,1,"","","","","","","","",7,1,"","","","","","","","","","","","","","","","","","","","","","","","","","","","","","","","","","","","","","","","","","","","","","","","","","","","","","","","","","","","","","","","","","","","","","","","","","","","","","","","","","","","","","","","","","","","","","","","","","","","","","","",""
"28070001","CHARTRES",48.4605,1.501167,155,1983121300,"","","","",1.,1,320,1,"","","","","","","","","","","","","","","","","","","","","","","","","","","","",0.9,1,-0.2,1,"","","","","","","","","","","","","","","","","","","","","","","","","","",92,1,"","","","","","","","","","","","",6.,1,1022.1,1,"","","","","","","","",7,1,"","","","","","","","","","","","","","","","","","","","","","","","","","","","","","","","","","","","","","","","","","","","","","","","","","","","","","","","","","","","","","","","","","","","","","","","","","","","","","","","","","","","","","","","","","","","","","","","","","","","","","","",""
"28070001","CHARTRES",48.4605,1.501167,155,1983121303,"","","","",1.,1,280,1,"","","","","","","","","","","","","","","","","","","","","","","","","","","","",0.9,1,0.,1,"","","","","","","","","","","","","","","","","","","","","","","","","","",94,1,"","","","","","","","","","","","",6.1,1,1022.9,1,"","","","","","","","",7,1,"","","","","","","","","","","","","","","","","","","","","","","","","","","","","","","","","","","","","","","","","","","","","","","","","","","","","","","","","","","","","","","","","","","","","","","","","","","","","","","","","","","","","","","","","","","","","","","","","","","","","","","",""
"28070001","CHARTRES",48.4605,1.501167,155,1983121306,"","","","",1.,1,280,1,"","","","","","","","","","","","","","","","","","","","","","","","","","","","",-0.3,1,-0.9,1,"","","","","","","","","","","","","","","","","","","","","","","","","","",96,1,"","","","","","","","","","","","",5.7,1,1024.8,1,"","","","","","",0,1,"","",0,1,0,1,0,1,"","","","","","","","","","","","","","","","","","","","","","","","",7000,1,"","",0,1,"","","","",4,1,"","","","","","","","","","","","","","","","","","","","","","","","","","","","","","","","","","","","","","","","","","","","","","","","","","","","","","","","","","","","","",""
"28070001","CHARTRES",48.4605,1.501167,155,1983121309,"","","","",2.,1,240,1,"","","","","","","","","","","","","","","","","","","","","","","","","","","","",-1.,1,-1.8,1,"","","","","","","","","","","","","","","","","","","","","","","","","","",94,1,"","","","","","","","","","","","",5.3,1,1026.5,1,"","","","","","",7,1,7,1,6,1,"","","","","","","","","","","","","","","","","","","","","","","","","","","","",4000,1,"","",10,1,4,1,"","","","","","","","","","","","","","","","","","","","","","","","","","","","","","","","","","","","","","","","","","","","","","","","","","","","","","","","","","","","","","","","","",""
"28070001","CHARTRES",48.4605,1.501167,155,1983121312,"","","","",3.,1,220,1,"","","","","","","","","","","","","","","","","","","","","","","","","","","","",4.,1,1.,1,"","","","","","","","","","","","","","","","","","","","","","","","","","",82,1,"","","","","","","","","","","","",6.6,1,1026.4,1,"","","","","","",1,1,0,1,0,1,0,1,1,1,"","","","","","","","","","","","","","","","","","","","","","","","",15000,1,"","",3,1,4,1,"","","","","","","","","","","","","","","","","","","","","","","","","","","","","","","","","","","","","","","","","","","","","","","","","","","","","","","","","","","","","","","","","",""
"28070001","CHARTRES",48.4605,1.501167,155,1983121315,"","","","",2.,1,220,1,"","","","","","","","","","","","","","","","","","","","","","","","","","","","",0.8,1,0.,1,"","","","","","","","","","","","","","","","","","","","","","","","","","",94,1,"","","","","","","","","","","","",6.1,1,1026.1,1,"","","","","","",7,1,7,1,6,1,"","","","","","","","","","","","","","","","","","","","","","","","","","","","",1200,1,"","",10,1,1,1,"","","","","","","","","","","","","","","","","","","","","","","","","","","","","","","","","","","","","","","","","","","","","","","","","","","","","","","","","","","","","","","","","",""
"28070001","CHARTRES",48.4605,1.501167,155,1983121318,"","","","",4.,1,200,1,"","","","","","","","","","","","","","","","","","","","","","","","","","","","",-0.9,1,-1.6,1,"","","","","","","","","","","","","","","","","","","","","","","","","","",94,1,"","","","","","","","","","","","",5.4,1,1026.2,1,"","","","","","","","",7,1,"","","","","","","","","","","","","","","","","","","","","","","","","","","","","","","","","","","","","","","","","","","","","","","","","","","","","","","","","","","","","","","","","","","","","","","","","","","","","","","","","","","","","","","","","","","","","","","","","","","","","","","",""
"28070001","CHARTRES",48.4605,1.501167,155,1983121321,"","","","",5.,1,200,1,"","","","","","","","","","","","","","","","","","","","","","","","","","","","",-2.,1,-3.4,1,"","","","","","","","","","","","","","","","","","","","","","","","","","",90,1,"","","","","","","","","","","","",4.7,1,1026.2,1,"","","","","","","","",7,1,"","","","","","","","","","","","","","","","","","","","","","","","","","","","","","","","","","","","","","","","","","","","","","","","","","","","","","","","","","","","","","","","","","","","","","","","","","","","","","","","","","","","","","","","","","","","","","","","","","","","","","","",""
"28070001","CHARTRES",48.4605,1.501167,155,1983121400,"","","","",5.,1,200,1,"","","","","","","","","","","","","","","","","","","","","","","","","","","","",-3.,1,-4.9,1,"","","","","","","","","","","","","","","","","","","","","","","","","","",86,1,"","","","","","","","","","","","",4.2,1,1025.3,1,"","","","","","","","",7,1,"","","","","","","","","","","","","","","","","","","","","","","","","","","","","","","","","","","","","","","","","","","","","","","","","","","","","","","","","","","","","","","","","","","","","","","","","","","","","","","","","","","","","","","","","","","","","","","","","","","","","","","",""
"28070001","CHARTRES",48.4605,1.501167,155,1983121403,"","","","",5.,1,180,1,"","","","","","","","","","","","","","","","","","","","","","","","","","","","",-2.9,1,-5.2,1,"","","","","","","","","","","","","","","","","","","","","","","","","","",84,1,"","","","","","","","","","","","",4.1,1,1023.9,1,"","","","","","","","",7,1,"","","","","","","","","","","","","","","","","","","","","","","","","","","","","","","","","","","","","","","","","","","","","","","","","","","","","","","","","","","","","","","","","","","","","","","","","","","","","","","","","","","","","","","","","","","","","","","","","","","","","","","",""
"28070001","CHARTRES",48.4605,1.501167,155,1983121406,"","","","",5.,1,160,1,"","","","","","","","","","","","","","","","","","","","","","","","","","","","",-2.4,1,-4.6,1,"","","","","","","","","","","","","","","","","","","","","","","","","","",85,1,"","","","","","","","","","","","",4.3,1,1021.2,1,"","","","","","",8,1,8,1,6,1,"","","","","","","","","","","","","","","","","","","","","","","","","","","","",4000,1,"","",10,1,"","","","",4,1,"","","","","","","","","","","","","","","","","","","","","","","","","","","","","","","","","","","","","","","","","","","","","","","","","","","","","","","","","","","","","",""
"28070001","CHARTRES",48.4605,1.501167,155,1983121409,"","","","",6.,1,180,1,"","","","","","","","","","","","","","","","","","","","","","","","","","","","",-3.,1,-4.,1,"","","","","","","","","","","","","","","","","","","","","","","","","","",93,1,"","","","","","","","","","","","",4.5,1,1019.7,1,"","","","","","",7,1,7,1,6,1,"","","","","","","","","","","","","","","","","","","","","","","","","","","","",6000,1,"","",1,1,2,1,"","","","","","","","","","","","","","","","","","","","","","","","","","","","","","","","","","","","","","","","","","","","","","","","","","","","","","","","","","","","","","","","","",""
"28070001","CHARTRES",48.4605,1.501167,155,1983121412,"","","","",7.,1,160,1,"","","","","","","","","","","","","","","","","","","","","","","","","","","","",0.4,1,-0.9,1,"","","","","","","","","","","","","","","","","","","","","","","","","","",91,1,"","","","","","","","","","","","",5.7,1,1016.9,1,"","","","","","",4,1,0,1,6,1,0,1,1,1,"","","","","","","","","","","","","","","","","","","","","","","","",6000,1,"","",1,1,1,1,"","","","","","","","","","","","","","","","","","","","","","","","","","","","","","","","","","","","","","","","","","","","","","","","","","","","","","","","","","","","","","","","","",""
"28070001","CHARTRES",48.4605,1.501167,155,1983121415,"","","","",4.,1,160,1,"","","","","","","","","","","","","","","","","","","","","","","","","","","","",1.8,1,1.,1,"","","","","","","","","","","","","","","","","","","","","","","","","","",94,1,"","","","","","","","","","","","",6.6,1,1014.,1,"","","","","","",2,1,0,1,0,1,0,1,1,1,"","","","","","","","","","","","","","","","","","","","","","","","",7000,1,"","",1,1,1,1,"","","","","","","","","","","","","","","","","","","","","","","","","","","","","","","","","","","","","","","","","","","","","","","","","","","","","","","","","","","","","","","","","",""
"28070001","CHARTRES",48.4605,1.501167,155,1983121418,"","","","",5.,1,160,1,"","","","","","","","","","","","","","","","","","","","","","","","","","","","",1.,1,0.1,1,"","","","","","","","","","","","","","","","","","","","","","","","","","",94,1,"","","","","","","","","","","","",6.2,1,1012.3,1,"","","","","","","","",0,1,"","","","","","","","","","","","","","","","","","","","","","","","","","","","","","","","","","","","","","","","","","","","","","","","","","","","","","","","","","","","","","","","","","","","","","","","","","","","","","","","","","","","","","","","","","","","","","","","","","","","","","","",""
"28070001","CHARTRES",48.4605,1.501167,155,1983121421,"","","","",5.,1,180,1,"","","","","","","","","","","","","","","","","","","","","","","","","","","","",1.,1,-0.2,1,"","","","","","","","","","","","","","","","","","","","","","","","","","",92,1,"","","","","","","","","","","","",6.,1,1010.4,1,"","","","","","","","",0,1,"","","","","","","","","","","","","","","","","","","","","","","","","","","","","","","","","","","","","","","","","","","","","","","","","","","","","","","","","","","","","","","","","","","","","","","","","","","","","","","","","","","","","","","","","","","","","","","","","","","","","","","",""
"28070001","CHARTRES",48.4605,1.501167,155,1983121500,"","","","",5.,1,180,1,"","","","","","","","","","","","","","","","","","","","","","","","","","","","",0.9,1,-0.4,1,"","","","","","","","","","","","","","","","","","","","","","","","","","",91,1,"","","","","","","","","","","","",5.9,1,1009.1,1,"","","","","","","","",0,1,"","","","","","","","","","","","","","","","","","","","","","","","","","","","","","","","","","","","","","","","","","","","","","","","","","","","","","","","","","","","","","","","","","","","","","","","","","","","","","","","","","","","","","","","","","","","","","","","","","","","","","","",""
"28070001","CHARTRES",48.4605,1.501167,155,1983121503,"","","","",4.,1,180,1,"","","","","","","","","","","","","","","","","","","","","","","","","","","","",0.9,1,-0.4,1,"","","","","","","","","","","","","","","","","","","","","","","","","","",90,1,"","","","","","","","","","","","",5.9,1,1007.2,1,"","","","","","","","",0,1,"","","","","","","","","","","","","","","","","","","","","","","","","","","","","","","","","","","","","","","","","","","","","","","","","","","","","","","","","","","","","","","","","","","","","","","","","","","","","","","","","","","","","","","","","","","","","","","","","","","","","","","",""
"28070001","CHARTRES",48.4605,1.501167,155,1983121506,"","","","",6.,1,180,1,"","","","","","","","","","","","","","","","","","","","","","","","","","","","",2.1,1,0.,1,"","","","","","","","","","","","","","","","","","","","","","","","","","",85,1,"","","","","","","","","","","","",6.1,1,1005.4,1,"","","","","","",8,1,8,1,5,1,"","","","","","","","","","","","","","","","","","","","","","","","","","","","",8000,1,"","",0,1,"","","","",4,1,"","","","","","","","","","","","","","","","","","","","","","","","","","","","","","","","","","","","","","","","","","","","","","","","","","","","","","","","","","","","","",""
"28070001","CHARTRES",48.4605,1.501167,155,1983121509,"","","","",6.,1,200,1,"","","","","","","","","","","","","","","","","","","","","","","","","","","","",3.4,1,2.,1,"","","","","","","","","","","","","","","","","","","","","","","","","","",91,1,"","","","","","","","","","","","",7.1,1,1005.,1,"","","","","","",8,1,8,1,5,1,7,1,"","","","","","","","","","","","","","","","","","","","","","","","","","",20000,1,"","",21,1,6,1,"","","","","","","","","","","","","","","","","","","","","","","","","","","","","","","","","","","","","","","","","","","","","","","","","","","","","","","","","","","","","","","","","",""
"28070001","CHARTRES",48.4605,1.501167,155,1983121512,"","","","",6.,1,200,1,"","","","","","","","","","","","","","","","","","","","","","","","","","","","",6.,1,3.4,1,"","","","","","","","","","","","","","","","","","","","","","","","","","",85,1,"","","","","","","","","","","","",7.9,1,1004.2,1,"","","","","","",8,1,8,1,5,1,7,1,"","","","","","","","","","","","","","","","","","","","","","","","","","",20000,1,"","",21,1,6,1,"","","","","","","","","","","","","","","","","","","","","","","","","","","","","","","","","","","","","","","","","","","","","","","","","","","","","","","","","","","","","","","","","",""
"28070001","CHARTRES",48.4605,1.501167,155,1983121515,"","","","",6.,1,200,1,"","","","","","","","","","","","","","","","","","","","","","","","","","","","",7.2,1,4.5,1,"","","","","","","","","","","","","","","","","","","","","","","","","","",84,1,"","","","","","","","","","","","",8.5,1,1002.7,1,"","","","","","",7,1,5,1,5,1,7,1,2,1,"","","","","","","","","","","","","","","","","","","","","","","","",25000,1,"","",1,1,6,1,"","","","","","","","","","","","","","","","","","","","","","","","","","","","","","","","","","","","","","","","","","","","","","","","","","","","","","","","","","","","","","","","","",""
"28070001","CHARTRES",48.4605,1.501167,155,1983121518,"","","","",6.,1,220,1,"","","","","","","","","","","","","","","","","","","","","","","","","","","","",7.,1,5.1,1,"","","","","","","","","","","","","","","","","","","","","","","","","","",89,1,"","","","","","","","","","","","",8.9,1,1002.5,1,"","","","","","","","",5,1,"","","","","","","","","","","","","","","","","","","","","","","","","","","","","","","","","","","","","","","","","","","","","","","","","","","","","","","","","","","","","","","","","","","","","","","","","","","","","","","","","","","","","","","","","","","","","","","","","","","","","","","",""
"28070001","CHARTRES",48.4605,1.501167,155,1983121521,"","","","",3.,1,220,1,"","","","","","","","","","","","","","","","","","","","","","","","","","","","",4.1,1,3.1,1,"","","","","","","","","","","","","","","","","","","","","","","","","","",94,1,"","","","","","","","","","","","",7.7,1,1002.3,1,"","","","","","","","",5,1,"","","","","","","","","","","","","","","","","","","","","","","","","","","","","","","","","","","","","","","","","","","","","","","","","","","","","","","","","","","","","","","","","","","","","","","","","","","","","","","","","","","","","","","","","","","","","","","","","","","","","","","",""
"28070001","CHARTRES",48.4605,1.501167,155,1983121600,"","","","",2.,1,140,1,"","","","","","","","","","","","","","","","","","","","","","","","","","","","",0.9,1,0.4,1,"","","","","","","","","","","","","","","","","","","","","","","","","","",96,1,"","","","","","","","","","","","",6.3,1,1000.9,1,"","","","","","","","",5,1,"","","","","","","","","","","","","","","","","","","","","","","","","","","","","","","","","","","","","","","","","","","","","","","","","","","","","","","","","","","","","","","","","","","","","","","","","","","","","","","","","","","","","","","","","","","","","","","","","","","","","","","",""
"28070001","CHARTRES",48.4605,1.501167,155,1983121603,"","","","",1.,1,120,1,"","","","","","","","","","","","","","","","","","","","","","","","","","","","",0.3,1,-0.2,1,"","","","","","","","","","","","","","","","","","","","","","","","","","",96,1,"","","","","","","","","","","","",6.,1,998.5,1,"","","","","","","","",5,1,"","","","","","","","","","","","","","","","","","","","","","","","","","","","","","","","","","","","","","","","","","","","","","","","","","","","","","","","","","","","","","","","","","","","","","","","","","","","","","","","","","","","","","","","","","","","","","","","","","","","","","","",""
"28070001","CHARTRES",48.4605,1.501167,155,1983121606,"","","","",3.,1,140,1,"","","","","","","","","","","","","","","","","","","","","","","","","","","","",1.5,1,1.,1,"","","","","","","","","","","","","","","","","","","","","","","","","","",96,1,"","","","","","","","","","","","",6.6,1,996.3,1,"","","","","","",0,1,"","",0,1,0,1,0,1,"","","","","","","","","","","","","","","","","","","","","","","","",6000,1,"","",0,1,"","","","",4,1,"","","","","","","","","","","","","","","","","","","","","","","","","","","","","","","","","","","","","","","","","","","","","","","","","","","","","","","","","","","","","",""
"28070001","CHARTRES",48.4605,1.501167,155,1983121609,"","","","",2.,1,140,1,"","","","","","","","","","","","","","","","","","","","","","","","","","","","",1.8,1,1.,1,"","","","","","","","","","","","","","","","","","","","","","","","","","",94,1,"","","","","","","","","","","","",6.6,1,995.2,1,"","","","","","",6,1,6,1,0,1,8,1,0,1,"","","","","","","","","","","","","","","","","","","","","","","","",12000,1,"","",3,1,1,1,"","","","","","","","","","","","","","","","","","","","","","","","","","","","","","","","","","","","","","","","","","","","","","","","","","","","","","","","","","","","","","","","","",""
"28070001","CHARTRES",48.4605,1.501167,155,1983121612,"","","","",4.,1,180,1,"","","","","","","","","","","","","","","","","","","","","","","","","","","","",5.8,1,3.3,1,"","","","","","","","","","","","","","","","","","","","","","","","","","",85,1,"","","","","","","","","","","","",7.8,1,993.6,1,"","","","","","",7,1,5,1,0,1,8,1,1,1,"","","","","","","","","","","","","","","","","","","","","","","","",15000,1,"","",1,1,2,1,"","","","","","","","","","","","","","","","","","","","","","","","","","","","","","","","","","","","","","","","","","","","","","","","","","","","","","","","","","","","","","","","","",""
"28070001","CHARTRES",48.4605,1.501167,155,1983121615,"","","","",3.,1,180,1,"","","","","","","","","","","","","","","","","","","","","","","","","","","","",7.6,1,4.8,1,"","","","","","","","","","","","","","","","","","","","","","","","","","",83,1,"","","","","","","","","","","","",8.7,1,992.5,1,"","","","","","",5,1,5,1,0,1,8,1,1,1,"","","","","","","","","","","","","","","","","","","","","","","","",20000,1,"","",1,1,2,1,"","","","","","","","","","","","","","","","","","","","","","","","","","","","","","","","","","","","","","","","","","","","","","","","","","","","","","","","","","","","","","","","","",""
"28070001","CHARTRES",48.4605,1.501167,155,1983121618,"","","","",1.,1,140,1,"","","","","","","","","","","","","","","","","","","","","","","","","","","","",3.,1,2.2,1,"","","","","","","","","","","","","","","","","","","","","","","","","","",95,1,"","","","","","","","","","","","",7.2,1,992.,1,"","","","","","","","",5,1,"","","","","","","","","","","","","","","","","","","","","","","","","","","","","","","","","","","","","","","","","","","","","","","","","","","","","","","","","","","","","","","","","","","","","","","","","","","","","","","","","","","","","","","","","","","","","","","","","","","","","","","",""
"28070001","CHARTRES",48.4605,1.501167,155,1983121621,"","","","",1.,1,140,1,"","","","","","","","","","","","","","","","","","","","","","","","","","","","",4.9,1,4.1,1,"","","","","","","","","","","","","","","","","","","","","","","","","","",96,1,"","","","","","","","","","","","",8.3,1,991.6,1,"","","","","","","","",5,1,"","","","","","","","","","","","","","","","","","","","","","","","","","","","","","","","","","","","","","","","","","","","","","","","","","","","","","","","","","","","","","","","","","","","","","","","","","","","","","","","","","","","","","","","","","","","","","","","","","","","","","","",""
"28070001","CHARTRES",48.4605,1.501167,155,1983121700,"","","","",2.,1,220,1,"","","","","","","","","","","","","","","","","","","","","","","","","","","","",5.9,1,5.3,1,"","","","","","","","","","","","","","","","","","","","","","","","","","",97,1,"","","","","","","","","","","","",9.,1,990.5,1,"","","","","","","","",5,1,"","","","","","","","","","","","","","","","","","","","","","","","","","","","","","","","","","","","","","","","","","","","","","","","","","","","","","","","","","","","","","","","","","","","","","","","","","","","","","","","","","","","","","","","","","","","","","","","","","","","","","","",""
"28070001","CHARTRES",48.4605,1.501167,155,1983121703,"","","","",3.,1,240,1,"","","","","","","","","","","","","","","","","","","","","","","","","","","","",5.,1,4.5,1,"","","","","","","","","","","","","","","","","","","","","","","","","","",97,1,"","","","","","","","","","","","",8.5,1,990.7,1,"","","","","","","","",5,1,"","","","","","","","","","","","","","","","","","","","","","","","","","","","","","","","","","","","","","","","","","","","","","","","","","","","","","","","","","","","","","","","","","","","","","","","","","","","","","","","","","","","","","","","","","","","","","","","","","","","","","","",""
"28070001","CHARTRES",48.4605,1.501167,155,1983121706,"","","","",4.,1,220,1,"","","","","","","","","","","","","","","","","","","","","","","","","","","","",5.,1,4.3,1,"","","","","","","","","","","","","","","","","","","","","","","","","","",97,1,"","","","","","","","","","","","",8.4,1,992.6,1,"","","","","","",7,1,7,1,7,1,"","","","","","","","","","","","","","","","","","","","","","","","","","","","",1500,1,"","",50,1,"","","","",2,1,"","","","","","","","","","","","","","","","","","","","","","","","","","","","","","","","","","","","","","","","","","","","","","","","","","","","","","","","","","","","","",""
"28070001","CHARTRES",48.4605,1.501167,155,1983121709,"","","","",4.,1,240,1,"","","","","","","","","","","","","","","","","","","","","","","","","","","","",5.2,1,4.8,1,"","","","","","","","","","","","","","","","","","","","","","","","","","",98,1,"","","","","","","","","","","","",8.7,1,994.9,1,"","","","","","",7,1,7,1,7,1,"","","","","","","","","","","","","","","","","","","","","","","","","","","","",1500,1,"","",10,1,2,1,"","","","","","","","","","","","","","","","","","","","","","","","","","","","","","","","","","","","","","","","","","","","","","","","","","","","","","","","","","","","","","","","","",""
"28070001","CHARTRES",48.4605,1.501167,155,1983121712,"","","","",3.,1,240,1,"","","","","","","","","","","","","","","","","","","","","","","","","","","","",6.4,1,4.8,1,"","","","","","","","","","","","","","","","","","","","","","","","","","",91,1,"","","","","","","","","","","","",8.7,1,995.7,1,"","","","","","",8,1,8,1,7,1,"","","","","","","","","","","","","","","","","","","","","","","","","","","","",5000,1,"","",2,1,2,1,"","","","","","","","","","","","","","","","","","","","","","","","","","","","","","","","","","","","","","","","","","","","","","","","","","","","","","","","","","","","","","","","","",""
"28070001","CHARTRES",48.4605,1.501167,155,1983121715,"","","","",4.,1,220,1,"","","","","","","","","","","","","","","","","","","","","","","","","","","","",7.2,1,4.8,1,"","","","","","","","","","","","","","","","","","","","","","","","","","",86,1,"","","","","","","","","","","","",8.7,1,996.1,1,"","","","","","",7,1,7,1,5,1,"","","","","","","","","","","","","","","","","","","","","","","","","","","","",10000,1,"","",2,1,2,1,"","","","","","","","","","","","","","","","","","","","","","","","","","","","","","","","","","","","","","","","","","","","","","","","","","","","","","","","","","","","","","","","","",""
"28070001","CHARTRES",48.4605,1.501167,155,1983121718,"","","","",5.,1,220,1,"","","","","","","","","","","","","","","","","","","","","","","","","","","","",6.1,1,4.8,1,"","","","","","","","","","","","","","","","","","","","","","","","","","",92,1,"","","","","","","","","","","","",8.7,1,995.9,1,"","","","","","","","",7,1,"","","","","","","","","","","","","","","","","","","","","","","","","","","","","","","","","","","","","","","","","","","","","","","","","","","","","","","","","","","","","","","","","","","","","","","","","","","","","","","","","","","","","","","","","","","","","","","","","","","","","","","",""
"28070001","CHARTRES",48.4605,1.501167,155,1983121721,"","","","",4.,1,200,1,"","","","","","","","","","","","","","","","","","","","","","","","","","","","",5.6,1,4.5,1,"","","","","","","","","","","","","","","","","","","","","","","","","","",93,1,"","","","","","","","","","","","",8.5,1,996.1,1,"","","","","","","","",7,1,"","","","","","","","","","","","","","","","","","","","","","","","","","","","","","","","","","","","","","","","","","","","","","","","","","","","","","","","","","","","","","","","","","","","","","","","","","","","","","","","","","","","","","","","","","","","","","","","","","","","","","","",""
"28070001","CHARTRES",48.4605,1.501167,155,1983121800,"","","","",4.,1,200,1,"","","","","","","","","","","","","","","","","","","","","","","","","","","","",4.,1,2.4,1,"","","","","","","","","","","","","","","","","","","","","","","","","","",90,1,"","","","","","","","","","","","",7.3,1,995.6,1,"","","","","","","","",7,1,"","","","","","","","","","","","","","","","","","","","","","","","","","","","","","","","","","","","","","","","","","","","","","","","","","","","","","","","","","","","","","","","","","","","","","","","","","","","","","","","","","","","","","","","","","","","","","","","","","","","","","","",""
"28070001","CHARTRES",48.4605,1.501167,155,1983121803,"","","","",5.,1,180,1,"","","","","","","","","","","","","","","","","","","","","","","","","","","","",4.,1,1.8,1,"","","","","","","","","","","","","","","","","","","","","","","","","","",86,1,"","","","","","","","","","","","",7.,1,993.8,1,"","","","","","","","",7,1,"","","","","","","","","","","","","","","","","","","","","","","","","","","","","","","","","","","","","","","","","","","","","","","","","","","","","","","","","","","","","","","","","","","","","","","","","","","","","","","","","","","","","","","","","","","","","","","","","","","","","","","",""
"28070001","CHARTRES",48.4605,1.501167,155,1983121806,"","","","",5.,1,200,1,"","","","","","","","","","","","","","","","","","","","","","","","","","","","",3.9,1,1.6,1,"","","","","","","","","","","","","","","","","","","","","","","","","","",85,1,"","","","","","","","","","","","",6.9,1,990.8,1,"","","","","","",5,1,5,1,5,1,0,1,0,1,"","","","","","","","","","","","","","","","","","","","","","","","",5000,1,"","",0,1,"","","","",2,1,"","","","","","","","","","","","","","","","","","","","","","","","","","","","","","","","","","","","","","","","","","","","","","","","","","","","","","","","","","","","","",""
"28070001","CHARTRES",48.4605,1.501167,155,1983121809,"","","","",5.,1,160,1,"","","","","","","","","","","","","","","","","","","","","","","","","","","","",3.9,1,1.6,1,"","","","","","","","","","","","","","","","","","","","","","","","","","",85,1,"","","","","","","","","","","","",6.9,1,989.3,1,"","","","","","",5,1,5,1,0,1,0,1,5,1,"","","","","","","","","","","","","","","","","","","","","","","","",12000,1,"","",1,1,2,1,"","","","","","","","","","","","","","","","","","","","","","","","","","","","","","","","","","","","","","","","","","","","","","","","","","","","","","","","","","","","","","","","","",""
"28070001","CHARTRES",48.4605,1.501167,155,1983121812,"","","","",6.,1,160,1,"","","","","","","","","","","","","","","","","","","","","","","","","","","","",4.2,1,1.8,1,"","","","","","","","","","","","","","","","","","","","","","","","","","",85,1,"","","","","","","","","","","","",7.,1,987.7,1,"","","","","","",8,1,8,1,5,1,"","","","","","","","","","","","","","","","","","","","","","","","","","","","",15000,1,"","",61,1,2,1,"","","","","","","","","","","","","","","","","","","","","","","","","","","","","","","","","","","","","","","","","","","","","","","","","","","","","","","","","","","","","","","","","",""
"28070001","CHARTRES",48.4605,1.501167,155,1983121815,"","","","",6.,1,160,1,"","","","","","","","","","","","","","","","","","","","","","","","","","","","",5.,1,3.6,1,"","","","","","","","","","","","","","","","","","","","","","","","","","",92,1,"","","","","","","","","","","","",8.,1,982.1,1,"","","","","","",8,1,8,1,5,1,"","","","","","","","","","","","","","","","","","","","","","","","","","","","",10000,1,"","",60,1,6,1,"","","","","","","","","","","","","","","","","","","","","","","","","","","","","","","","","","","","","","","","","","","","","","","","","","","","","","","","","","","","","","","","","",""
"28070001","CHARTRES",48.4605,1.501167,155,1983121818,"","","","",7.,1,200,1,"","","","","","","","","","","","","","","","","","","","","","","","","","","","",6.9,1,5.4,1,"","","","","","","","","","","","","","","","","","","","","","","","","","",92,1,"","","","","","","","","","","","",9.1,1,980.5,1,"","","","","","","","",8,1,"","","","","","","","","","","","","","","","","","","","","","","","","","","","","","","","","","","","","","","","","","","","","","","","","","","","","","","","","","","","","","","","","","","","","","","","","","","","","","","","","","","","","","","","","","","","","","","","","","","","","","","",""
"28070001","CHARTRES",48.4605,1.501167,155,1983121821,"","","","",6.,1,220,1,"","","","","","","","","","","","","","","","","","","","","","","","","","","","",7.8,1,6.2,1,"","","","","","","","","","","","","","","","","","","","","","","","","","",91,1,"","","","","","","","","","","","",9.6,1,980.3,1,"","","","","","","","",8,1,"","","","","","","","","","","","","","","","","","","","","","","","","","","","","","","","","","","","","","","","","","","","","","","","","","","","","","","","","","","","","","","","","","","","","","","","","","","","","","","","","","","","","","","","","","","","","","","","","","","","","","","",""
"28070001","CHARTRES",48.4605,1.501167,155,1983121900,"","","","",6.,1,220,1,"","","","","","","","","","","","","","","","","","","","","","","","","","","","",7.5,1,6.1,1,"","","","","","","","","","","","","","","","","","","","","","","","","","",92,1,"","","","","","","","","","","","",9.5,1,980.5,1,"","","","","","","","",8,1,"","","","","","","","","","","","","","","","","","","","","","","","","","","","","","","","","","","","","","","","","","","","","","","","","","","","","","","","","","","","","","","","","","","","","","","","","","","","","","","","","","","","","","","","","","","","","","","","","","","","","","","",""
"28070001","CHARTRES",48.4605,1.501167,155,1983121903,"","","","",5.,1,220,1,"","","","","","","","","","","","","","","","","","","","","","","","","","","","",6.8,1,5.8,1,"","","","","","","","","","","","","","","","","","","","","","","","","","",94,1,"","","","","","","","","","","","",9.3,1,981.5,1,"","","","","","","","",8,1,"","","","","","","","","","","","","","","","","","","","","","","","","","","","","","","","","","","","","","","","","","","","","","","","","","","","","","","","","","","","","","","","","","","","","","","","","","","","","","","","","","","","","","","","","","","","","","","","","","","","","","","",""
"28070001","CHARTRES",48.4605,1.501167,155,1983121906,"","","","",6.,1,220,1,"","","","","","","","","","","","","","","","","","","","","","","","","","","","",7.1,1,5.9,1,"","","","","","","","","","","","","","","","","","","","","","","","","","",93,1,"","","","","","","","","","","","",9.4,1,981.6,1,"","","","","","",6,1,5,1,8,1,0,1,0,1,"","","","","","","","","","","","","","","","","","","","","","","","",12000,1,"","",0,1,"","","","",1,1,"","","","","","","","","","","","","","","","","","","","","","","","","","","","","","","","","","","","","","","","","","","","","","","","","","","","","","","","","","","","","",""
"28070001","CHARTRES",48.4605,1.501167,155,1983121909,"","","","",5.,1,220,1,"","","","","","","","","","","","","","","","","","","","","","","","","","","","",7.,1,5.3,1,"","","","","","","","","","","","","","","","","","","","","","","","","","",90,1,"","","","","","","","","","","","",9.,1,981.5,1,"","","","","","","","",6,1,"","","","","","","","","","","","","","","","","","","","","","","","","","","","","","",15000,1,"","",3,1,2,1,"","","","","","","","","","","","","","","","","","","","","","","","","","","","","","","","","","","","","","","","","","","","","","","","","","","","","","","","","","","","","","","","","",""
"28070001","CHARTRES",48.4605,1.501167,155,1983121912,"","","","",6.,1,220,1,"","","","","","","","","","","","","","","","","","","","","","","","","","","","",7.7,1,6.6,1,"","","","","","","","","","","","","","","","","","","","","","","","","","",94,1,"","","","","","","","","","","","",9.9,1,985.4,1,"","","","","","",7,1,5,1,8,1,"","","","","","","","","","","","","","","","","","","","","","","","","","","","",6000,1,"","",25,1,8,1,"","","","","","","","","","","","","","","","","","","","","","","","","","","","","","","","","","","","","","","","","","","","","","","","","","","","","","","","","","","","","","","","","",""
"28070001","CHARTRES",48.4605,1.501167,155,1983121915,"","","","",6.,1,220,1,"","","","","","","","","","","","","","","","","","","","","","","","","","","","",8.5,1,6.8,1,"","","","","","","","","","","","","","","","","","","","","","","","","","",90,1,"","","","","","","","","","","","",10.,1,986.9,1,"","","","","","",6,1,6,1,2,1,0,1,0,1,"","","","","","","","","","","","","","","","","","","","","","","","",12000,1,"","",25,1,8,1,"","","","","","","","","","","","","","","","","","","","","","","","","","","","","","","","","","","","","","","","","","","","","","","","","","","","","","","","","","","","","","","","","",""
"28070001","CHARTRES",48.4605,1.501167,155,1983121918,"","","","",7.,1,220,1,"","","","","","","","","","","","","","","","","","","","","","","","","","","","",7.5,1,5.8,1,"","","","","","","","","","","","","","","","","","","","","","","","","","",90,1,"","","","","","","","","","","","",9.3,1,988.7,1,"","","","","","","","",6,1,"","","","","","","","","","","","","","","","","","","","","","","","","","","","","","","","","","","","","","","","","","","","","","","","","","","","","","","","","","","","","","","","","","","","","","","","","","","","","","","","","","","","","","","","","","","","","","","","","","","","","","","",""
"28070001","CHARTRES",48.4605,1.501167,155,1983121921,"","","","",5.,1,240,1,"","","","","","","","","","","","","","","","","","","","","","","","","","","","",7.4,1,5.6,1,"","","","","","","","","","","","","","","","","","","","","","","","","","",89,1,"","","","","","","","","","","","",9.2,1,991.5,1,"","","","","","","","",6,1,"","","","","","","","","","","","","","","","","","","","","","","","","","","","","","","","","","","","","","","","","","","","","","","","","","","","","","","","","","","","","","","","","","","","","","","","","","","","","","","","","","","","","","","","","","","","","","","","","","","","","","","",""
"28070001","CHARTRES",48.4605,1.501167,155,1983122000,"","","","",5.,1,240,1,"","","","","","","","","","","","","","","","","","","","","","","","","","","","",7.,1,5.4,1,"","","","","","","","","","","","","","","","","","","","","","","","","","",91,1,"","","","","","","","","","","","",9.1,1,994.3,1,"","","","","","","","",6,1,"","","","","","","","","","","","","","","","","","","","","","","","","","","","","","","","","","","","","","","","","","","","","","","","","","","","","","","","","","","","","","","","","","","","","","","","","","","","","","","","","","","","","","","","","","","","","","","","","","","","","","","",""
"28070001","CHARTRES",48.4605,1.501167,155,1983122003,"","","","",7.,1,220,1,"","","","","","","","","","","","","","","","","","","","","","","","","","","","",8.,1,6.2,1,"","","","","","","","","","","","","","","","","","","","","","","","","","",90,1,"","","","","","","","","","","","",9.6,1,995.,1,"","","","","","","","",6,1,"","","","","","","","","","","","","","","","","","","","","","","","","","","","","","","","","","","","","","","","","","","","","","","","","","","","","","","","","","","","","","","","","","","","","","","","","","","","","","","","","","","","","","","","","","","","","","","","","","","","","","","",""
"28070001","CHARTRES",48.4605,1.501167,155,1983122006,"","","","",7.,1,200,1,"","","","","","","","","","","","","","","","","","","","","","","","","","","","",6.9,1,5.4,1,"","","","","","","","","","","","","","","","","","","","","","","","","","",91,1,"","","","","","","","","","","","",9.1,1,994.3,1,"","","","","","",7,1,7,1,6,1,"","","","","","","","","","","","","","","","","","","","","","","","","","","","",5000,1,"","",0,1,"","","","",1,1,"","","","","","","","","","","","","","","","","","","","","","","","","","","","","","","","","","","","","","","","","","","","","","","","","","","","","","","","","","","","","",""
"28070001","CHARTRES",48.4605,1.501167,155,1983122009,"","","","",8.,1,200,1,"","","","","","","","","","","","","","","","","","","","","","","","","","","","",6.8,1,5.3,1,"","","","","","","","","","","","","","","","","","","","","","","","","","",91,1,"","","","","","","","","","","","",9.,1,993.3,1,"","","","","","",8,1,8,1,5,1,"","","","","","","","","","","","","","","","","","","","","","","","","","","","",5000,1,"","",61,1,6,1,"","","","","","","","","","","","","","","","","","","","","","","","","","","","","","","","","","","","","","","","","","","","","","","","","","","","","","","","","","","","","","","","","",""
"28070001","CHARTRES",48.4605,1.501167,155,1983122012,"","","","",11.,1,240,1,"","","","","","","","","","","","","","","","","","","","","","","","","","","","",9.6,1,5.6,1,"","","","","","","","","","","","","","","","","","","","","","","","","","",77,1,"","","","","","","","","","","","",9.2,1,990.9,1,"","","","","","",6,1,6,1,5,1,0,1,0,1,"","","","","","","","","","","","","","","","","","","","","","","","",10000,1,"","",60,1,6,1,"","","","","","","","","","","","","","","","","","","","","","","","","","","","","","","","","","","","","","","","","","","","","","","","","","","","","","","","","","","","","","","","","",""
"28070001","CHARTRES",48.4605,1.501167,155,1983122015,"","","","",10.,1,220,1,"","","","","","","","","","","","","","","","","","","","","","","","","","","","",9.8,1,6.2,1,"","","","","","","","","","","","","","","","","","","","","","","","","","",79,1,"","","","","","","","","","","","",9.6,1,991.,1,"","","","","","",7,1,5,1,8,1,0,1,0,1,"","","","","","","","","","","","","","","","","","","","","","","","",15000,1,"","",3,1,6,1,"","","","","","","","","","","","","","","","","","","","","","","","","","","","","","","","","","","","","","","","","","","","","","","","","","","","","","","","","","","","","","","","","",""
"28070001","CHARTRES",48.4605,1.501167,155,1983122018,"","","","",7.,1,220,1,"","","","","","","","","","","","","","","","","","","","","","","","","","","","",9.2,1,6.9,1,"","","","","","","","","","","","","","","","","","","","","","","","","","",87,1,"","","","","","","","","","","","",10.1,1,991.4,1,"","","","","","","","",5,1,"","","","","","","","","","","","","","","","","","","","","","","","","","","","","","","","","","","","","","","","","","","","","","","","","","","","","","","","","","","","","","","","","","","","","","","","","","","","","","","","","","","","","","","","","","","","","","","","","","","","","","","",""
"28070001","CHARTRES",48.4605,1.501167,155,1983122021,"","","","",6.,1,240,1,"","","","","","","","","","","","","","","","","","","","","","","","","","","","",8.9,1,4.8,1,"","","","","","","","","","","","","","","","","","","","","","","","","","",76,1,"","","","","","","","","","","","",8.7,1,991.7,1,"","","","","","","","",5,1,"","","","","","","","","","","","","","","","","","","","","","","","","","","","","","","","","","","","","","","","","","","","","","","","","","","","","","","","","","","","","","","","","","","","","","","","","","","","","","","","","","","","","","","","","","","","","","","","","","","","","","","",""
"28070001","CHARTRES",48.4605,1.501167,155,1983122100,"","","","",6.,1,240,1,"","","","","","","","","","","","","","","","","","","","","","","","","","","","",7.8,1,6.2,1,"","","","","","","","","","","","","","","","","","","","","","","","","","",91,1,"","","","","","","","","","","","",9.6,1,991.8,1,"","","","","","","","",5,1,"","","","","","","","","","","","","","","","","","","","","","","","","","","","","","","","","","","","","","","","","","","","","","","","","","","","","","","","","","","","","","","","","","","","","","","","","","","","","","","","","","","","","","","","","","","","","","","","","","","","","","","",""
"28070001","CHARTRES",48.4605,1.501167,155,1983122103,"","","","",5.,1,240,1,"","","","","","","","","","","","","","","","","","","","","","","","","","","","",7.8,1,6.2,1,"","","","","","","","","","","","","","","","","","","","","","","","","","",91,1,"","","","","","","","","","","","",9.6,1,992.2,1,"","","","","","","","",5,1,"","","","","","","","","","","","","","","","","","","","","","","","","","","","","","","","","","","","","","","","","","","","","","","","","","","","","","","","","","","","","","","","","","","","","","","","","","","","","","","","","","","","","","","","","","","","","","","","","","","","","","","",""
"28070001","CHARTRES",48.4605,1.501167,155,1983122106,"","","","",3.,1,240,1,"","","","","","","","","","","","","","","","","","","","","","","","","","","","",6.,1,4.3,1,"","","","","","","","","","","","","","","","","","","","","","","","","","",89,1,"","","","","","","","","","","","",8.4,1,993.6,1,"","","","","","",3,1,0,1,5,1,0,1,0,1,"","","","","","","","","","","","","","","","","","","","","","","","",12000,1,"","",0,1,"","","","",2,1,"","","","","","","","","","","","","","","","","","","","","","","","","","","","","","","","","","","","","","","","","","","","","","","","","","","","","","","","","","","","","",""
"28070001","CHARTRES",48.4605,1.501167,155,1983122109,"","","","",4.,1,200,1,"","","","","","","","","","","","","","","","","","","","","","","","","","","","",5.,1,4.3,1,"","","","","","","","","","","","","","","","","","","","","","","","","","",97,1,"","","","","","","","","","","","",8.4,1,995.5,1,"","","","","","",6,1,6,1,5,1,0,1,0,1,"","","","","","","","","","","","","","","","","","","","","","","","",20000,1,"","",3,1,1,1,"","","","","","","","","","","","","","","","","","","","","","","","","","","","","","","","","","","","","","","","","","","","","","","","","","","","","","","","","","","","","","","","","",""
"28070001","CHARTRES",48.4605,1.501167,155,1983122112,"","","","",4.,1,260,1,"","","","","","","","","","","","","","","","","","","","","","","","","","","","",8.2,1,5.9,1,"","","","","","","","","","","","","","","","","","","","","","","","","","",86,1,"","","","","","","","","","","","",9.4,1,996.1,1,"","","","","","",6,1,6,1,2,1,0,1,0,1,"","","","","","","","","","","","","","","","","","","","","","","","",20000,1,"","",2,1,2,1,"","","","","","","","","","","","","","","","","","","","","","","","","","","","","","","","","","","","","","","","","","","","","","","","","","","","","","","","","","","","","","","","","",""
"28070001","CHARTRES",48.4605,1.501167,155,1983122115,"","","","",6.,1,220,1,"","","","","","","","","","","","","","","","","","","","","","","","","","","","",9.2,1,6.4,1,"","","","","","","","","","","","","","","","","","","","","","","","","","",84,1,"","","","","","","","","","","","",9.8,1,996.8,1,"","","","","","",4,1,0,1,2,1,0,1,1,1,"","","","","","","","","","","","","","","","","","","","","","","","",20000,1,"","",1,1,1,1,"","","","","","","","","","","","","","","","","","","","","","","","","","","","","","","","","","","","","","","","","","","","","","","","","","","","","","","","","","","","","","","","","",""
"28070001","CHARTRES",48.4605,1.501167,155,1983122118,"","","","",4.,1,220,1,"","","","","","","","","","","","","","","","","","","","","","","","","","","","",6.5,1,5.1,1,"","","","","","","","","","","","","","","","","","","","","","","","","","",92,1,"","","","","","","","","","","","",8.9,1,998.2,1,"","","","","","","","",0,1,"","","","","","","","","","","","","","","","","","","","","","","","","","","","","","","","","","","","","","","","","","","","","","","","","","","","","","","","","","","","","","","","","","","","","","","","","","","","","","","","","","","","","","","","","","","","","","","","","","","","","","","",""
"28070001","CHARTRES",48.4605,1.501167,155,1983122121,"","","","",3.,1,240,1,"","","","","","","","","","","","","","","","","","","","","","","","","","","","",4.6,1,4.,1,"","","","","","","","","","","","","","","","","","","","","","","","","","",97,1,"","","","","","","","","","","","",8.2,1,1000.4,1,"","","","","","","","",0,1,"","","","","","","","","","","","","","","","","","","","","","","","","","","","","","","","","","","","","","","","","","","","","","","","","","","","","","","","","","","","","","","","","","","","","","","","","","","","","","","","","","","","","","","","","","","","","","","","","","","","","","","",""
"28070001","CHARTRES",48.4605,1.501167,155,1983122200,"","","","",4.,1,240,1,"","","","","","","","","","","","","","","","","","","","","","","","","","","","",4.6,1,3.8,1,"","","","","","","","","","","","","","","","","","","","","","","","","","",95,1,"","","","","","","","","","","","",8.1,1,1002.1,1,"","","","","","","","",0,1,"","","","","","","","","","","","","","","","","","","","","","","","","","","","","","","","","","","","","","","","","","","","","","","","","","","","","","","","","","","","","","","","","","","","","","","","","","","","","","","","","","","","","","","","","","","","","","","","","","","","","","","",""
"28070001","CHARTRES",48.4605,1.501167,155,1983122203,"","","","",3.,1,240,1,"","","","","","","","","","","","","","","","","","","","","","","","","","","","",5.8,1,4.9,1,"","","","","","","","","","","","","","","","","","","","","","","","","","",95,1,"","","","","","","","","","","","",8.8,1,1003.3,1,"","","","","","","","",0,1,"","","","","","","","","","","","","","","","","","","","","","","","","","","","","","","","","","","","","","","","","","","","","","","","","","","","","","","","","","","","","","","","","","","","","","","","","","","","","","","","","","","","","","","","","","","","","","","","","","","","","","","",""
"28070001","CHARTRES",48.4605,1.501167,155,1983122206,"","","","",4.,1,260,1,"","","","","","","","","","","","","","","","","","","","","","","","","","","","",6.2,1,5.1,1,"","","","","","","","","","","","","","","","","","","","","","","","","","",94,1,"","","","","","","","","","","","",8.9,1,1004.6,1,"","","","","","",7,1,7,1,6,1,"","","","","","","","","","","","","","","","","","","","","","","","","","","","",5000,1,"","",0,1,"","","","",1,1,"","","","","","","","","","","","","","","","","","","","","","","","","","","","","","","","","","","","","","","","","","","","","","","","","","","","","","","","","","","","","",""
"28070001","CHARTRES",48.4605,1.501167,155,1983122209,"","","","",4.,1,220,1,"","","","","","","","","","","","","","","","","","","","","","","","","","","","",6.2,1,5.1,1,"","","","","","","","","","","","","","","","","","","","","","","","","","",94,1,"","","","","","","","","","","","",8.9,1,1005.3,1,"","","","","","",8,1,8,1,6,1,"","","","","","","","","","","","","","","","","","","","","","","","","","","","",1500,1,"","",10,1,2,1,"","","","","","","","","","","","","","","","","","","","","","","","","","","","","","","","","","","","","","","","","","","","","","","","","","","","","","","","","","","","","","","","","",""
"28070001","CHARTRES",48.4605,1.501167,155,1983122212,"","","","",7.,1,220,1,"","","","","","","","","","","","","","","","","","","","","","","","","","","","",8.4,1,7.3,1,"","","","","","","","","","","","","","","","","","","","","","","","","","",94,1,"","","","","","","","","","","","",10.4,1,1004.,1,"","","","","","",8,1,8,1,5,1,"","","","","","","","","","","","","","","","","","","","","","","","","","","","",4000,1,"","",50,1,5,1,"","","","","","","","","","","","","","","","","","","","","","","","","","","","","","","","","","","","","","","","","","","","","","","","","","","","","","","","","","","","","","","","","",""
"28070001","CHARTRES",48.4605,1.501167,155,1983122215,"","","","",7.,1,220,1,"","","","","","","","","","","","","","","","","","","","","","","","","","","","",9.6,1,8.5,1,"","","","","","","","","","","","","","","","","","","","","","","","","","",95,1,"","","","","","","","","","","","",11.3,1,1002.3,1,"","","","","","",8,1,8,1,7,1,"","","","","","","","","","","","","","","","","","","","","","","","","","","","",3000,1,"","",50,1,5,1,"","","","","","","","","","","","","","","","","","","","","","","","","","","","","","","","","","","","","","","","","","","","","","","","","","","","","","","","","","","","","","","","","",""
"28070001","CHARTRES",48.4605,1.501167,155,1983122218,"","","","",8.,1,240,1,"","","","","","","","","","","","","","","","","","","","","","","","","","","","",9.7,1,8.6,1,"","","","","","","","","","","","","","","","","","","","","","","","","","",95,1,"","","","","","","","","","","","",11.4,1,1001.9,1,"","","","","","","","",8,1,"","","","","","","","","","","","","","","","","","","","","","","","","","","","","","","","","","","","","","","","","","","","","","","","","","","","","","","","","","","","","","","","","","","","","","","","","","","","","","","","","","","","","","","","","","","","","","","","","","","","","","","",""
"28070001","CHARTRES",48.4605,1.501167,155,1983122221,"","","","",3.,1,240,1,"","","","","","","","","","","","","","","","","","","","","","","","","","","","",10.4,1,9.5,1,"","","","","","","","","","","","","","","","","","","","","","","","","","",96,1,"","","","","","","","","","","","",12.1,1,1002.7,1,"","","","","","","","",8,1,"","","","","","","","","","","","","","","","","","","","","","","","","","","","","","","","","","","","","","","","","","","","","","","","","","","","","","","","","","","","","","","","","","","","","","","","","","","","","","","","","","","","","","","","","","","","","","","","","","","","","","","",""
"28070001","CHARTRES",48.4605,1.501167,155,1983122300,"","","","",2.,1,280,1,"","","","","","","","","","","","","","","","","","","","","","","","","","","","",8.7,1,7.4,1,"","","","","","","","","","","","","","","","","","","","","","","","","","",93,1,"","","","","","","","","","","","",10.5,1,1005.9,1,"","","","","","","","",8,1,"","","","","","","","","","","","","","","","","","","","","","","","","","","","","","","","","","","","","","","","","","","","","","","","","","","","","","","","","","","","","","","","","","","","","","","","","","","","","","","","","","","","","","","","","","","","","","","","","","","","","","","",""
"28070001","CHARTRES",48.4605,1.501167,155,1983122303,"","","","",2.,1,260,1,"","","","","","","","","","","","","","","","","","","","","","","","","","","","",9.9,1,8.5,1,"","","","","","","","","","","","","","","","","","","","","","","","","","",93,1,"","","","","","","","","","","","",11.3,1,1006.7,1,"","","","","","","","",8,1,"","","","","","","","","","","","","","","","","","","","","","","","","","","","","","","","","","","","","","","","","","","","","","","","","","","","","","","","","","","","","","","","","","","","","","","","","","","","","","","","","","","","","","","","","","","","","","","","","","","","","","","",""
"28070001","CHARTRES",48.4605,1.501167,155,1983122306,"","","","",3.,1,220,1,"","","","","","","","","","","","","","","","","","","","","","","","","","","","",9.9,1,8.3,1,"","","","","","","","","","","","","","","","","","","","","","","","","","",92,1,"","","","","","","","","","","","",11.2,1,1007.6,1,"","","","","","",8,1,8,1,6,1,"","","","","","","","","","","","","","","","","","","","","","","","","","","","",4000,1,"","",10,1,"","","","",2,1,"","","","","","","","","","","","","","","","","","","","","","","","","","","","","","","","","","","","","","","","","","","","","","","","","","","","","","","","","","","","","",""
"28070001","CHARTRES",48.4605,1.501167,155,1983122309,"","","","",2.,1,220,1,"","","","","","","","","","","","","","","","","","","","","","","","","","","","",10.8,1,9.3,1,"","","","","","","","","","","","","","","","","","","","","","","","","","",92,1,"","","","","","","","","","","","",12.,1,1009.2,1,"","","","","","",7,1,7,1,5,1,7,1,"","","","","","","","","","","","","","","","","","","","","","","","","","",10000,1,"","",21,1,6,1,"","","","","","","","","","","","","","","","","","","","","","","","","","","","","","","","","","","","","","","","","","","","","","","","","","","","","","","","","","","","","","","","","",""
"28070001","CHARTRES",48.4605,1.501167,155,1983122312,"","","","",4.,1,240,1,"","","","","","","","","","","","","","","","","","","","","","","","","","","","",12.,1,10.3,1,"","","","","","","","","","","","","","","","","","","","","","","","","","",91,1,"","","","","","","","","","","","",12.8,1,1010.4,1,"","","","","","",8,1,8,1,6,1,"","","","","","","","","","","","","","","","","","","","","","","","","","","","",15000,1,"","",1,1,6,1,"","","","","","","","","","","","","","","","","","","","","","","","","","","","","","","","","","","","","","","","","","","","","","","","","","","","","","","","","","","","","","","","","",""
"28070001","CHARTRES",48.4605,1.501167,155,1983122315,"","","","",4.,1,260,1,"","","","","","","","","","","","","","","","","","","","","","","","","","","","",13.,1,11.9,1,"","","","","","","","","","","","","","","","","","","","","","","","","","",95,1,"","","","","","","","","","","","",14.3,1,1011.2,1,"","","","","","",8,1,6,1,5,1,"","","","","","","","","","","","","","","","","","","","","","","","","","","","",4000,1,"","",50,1,5,1,"","","","","","","","","","","","","","","","","","","","","","","","","","","","","","","","","","","","","","","","","","","","","","","","","","","","","","","","","","","","","","","","","",""
"28070001","CHARTRES",48.4605,1.501167,155,1983122318,"","","","",5.,1,260,1,"","","","","","","","","","","","","","","","","","","","","","","","","","","","",13.6,1,12.2,1,"","","","","","","","","","","","","","","","","","","","","","","","","","",94,1,"","","","","","","","","","","","",14.6,1,1013.,1,"","","","","","","","",6,1,"","","","","","","","","","","","","","","","","","","","","","","","","","","","","","","","","","","","","","","","","","","","","","","","","","","","","","","","","","","","","","","","","","","","","","","","","","","","","","","","","","","","","","","","","","","","","","","","","","","","","","","",""
"28070001","CHARTRES",48.4605,1.501167,155,1983122321,"","","","",5.,1,260,1,"","","","","","","","","","","","","","","","","","","","","","","","","","","","",13.5,1,11.7,1,"","","","","","","","","","","","","","","","","","","","","","","","","","",91,1,"","","","","","","","","","","","",14.1,1,1014.8,1,"","","","","","","","",6,1,"","","","","","","","","","","","","","","","","","","","","","","","","","","","","","","","","","","","","","","","","","","","","","","","","","","","","","","","","","","","","","","","","","","","","","","","","","","","","","","","","","","","","","","","","","","","","","","","","","","","","","","",""
"28070001","CHARTRES",48.4605,1.501167,155,1983122400,"","","","",6.,1,260,1,"","","","","","","","","","","","","","","","","","","","","","","","","","","","",13.4,1,10.9,1,"","","","","","","","","","","","","","","","","","","","","","","","","","",87,1,"","","","","","","","","","","","",13.4,1,1016.7,1,"","","","","","","","",6,1,"","","","","","","","","","","","","","","","","","","","","","","","","","","","","","","","","","","","","","","","","","","","","","","","","","","","","","","","","","","","","","","","","","","","","","","","","","","","","","","","","","","","","","","","","","","","","","","","","","","","","","","",""
"28070001","CHARTRES",48.4605,1.501167,155,1983122403,"","","","",5.,1,260,1,"","","","","","","","","","","","","","","","","","","","","","","","","","","","",12.5,1,10.4,1,"","","","","","","","","","","","","","","","","","","","","","","","","","",89,1,"","","","","","","","","","","","",12.9,1,1017.7,1,"","","","","","","","",6,1,"","","","","","","","","","","","","","","","","","","","","","","","","","","","","","","","","","","","","","","","","","","","","","","","","","","","","","","","","","","","","","","","","","","","","","","","","","","","","","","","","","","","","","","","","","","","","","","","","","","","","","","",""
"28070001","CHARTRES",48.4605,1.501167,155,1983122406,"","","","",6.,1,240,1,"","","","","","","","","","","","","","","","","","","","","","","","","","","","",11.1,1,9.6,1,"","","","","","","","","","","","","","","","","","","","","","","","","","",92,1,"","","","","","","","","","","","",12.2,1,1017.7,1,"","","","","","",7,1,7,1,6,1,0,1,8,1,"","","","","","","","","","","","","","","","","","","","","","","","",20000,1,"","",0,1,"","","","",1,1,"","","","","","","","","","","","","","","","","","","","","","","","","","","","","","","","","","","","","","","","","","","","","","","","","","","","","","","","","","","","","",""
"28070001","CHARTRES",48.4605,1.501167,155,1983122409,"","","","",7.,1,220,1,"","","","","","","","","","","","","","","","","","","","","","","","","","","","",10.1,1,8.6,1,"","","","","","","","","","","","","","","","","","","","","","","","","","",92,1,"","","","","","","","","","","","",11.4,1,1017.9,1,"","","","","","",6,1,6,1,0,1,0,1,2,1,"","","","","","","","","","","","","","","","","","","","","","","","",25000,1,"","",2,1,2,1,"","","","","","","","","","","","","","","","","","","","","","","","","","","","","","","","","","","","","","","","","","","","","","","","","","","","","","","","","","","","","","","","","",""
"28070001","CHARTRES",48.4605,1.501167,155,1983122412,"","","","",9.,1,240,1,"","","","","","","","","","","","","","","","","","","","","","","","","","","","",13.1,1,10.1,1,"","","","","","","","","","","","","","","","","","","","","","","","","","",84,1,"","","","","","","","","","","","",12.6,1,1016.8,1,"","","","","","",7,1,7,1,0,1,0,1,2,1,"","","","","","","","","","","","","","","","","","","","","","","","",25000,1,"","",1,1,2,1,"","","","","","","","","","","","","","","","","","","","","","","","","","","","","","","","","","","","","","","","","","","","","","","","","","","","","","","","","","","","","","","","","",""
"28070001","CHARTRES",48.4605,1.501167,155,1983122415,"","","","",8.,1,240,1,"","","","","","","","","","","","","","","","","","","","","","","","","","","","",12.8,1,9.1,1,"","","","","","","","","","","","","","","","","","","","","","","","","","",80,1,"","","","","","","","","","","","",11.8,1,1014.8,1,"","","","","","",7,1,7,1,0,1,0,1,2,1,"","","","","","","","","","","","","","","","","","","","","","","","",25000,1,"","",2,1,2,1,"","","","","","","","","","","","","","","","","","","","","","","","","","","","","","","","","","","","","","","","","","","","","","","","","","","","","","","","","","","","","","","","","",""
"28070001","CHARTRES",48.4605,1.501167,155,1983122418,"","","","",6.,1,240,1,"","","","","","","","","","","","","","","","","","","","","","","","","","","","",12.,1,7.8,1,"","","","","","","","","","","","","","","","","","","","","","","","","","",77,1,"","","","","","","","","","","","",10.8,1,1014.8,1,"","","","","","","","",7,1,"","","","","","","","","","","","","","","","","","","","","","","","","","","","","","","","","","","","","","","","","","","","","","","","","","","","","","","","","","","","","","","","","","","","","","","","","","","","","","","","","","","","","","","","","","","","","","","","","","","","","","","",""
"28070001","CHARTRES",48.4605,1.501167,155,1983122421,"","","","",6.,1,240,1,"","","","","","","","","","","","","","","","","","","","","","","","","","","","",10.9,1,7.8,1,"","","","","","","","","","","","","","","","","","","","","","","","","","",83,1,"","","","","","","","","","","","",10.8,1,1014.7,1,"","","","","","","","",7,1,"","","","","","","","","","","","","","","","","","","","","","","","","","","","","","","","","","","","","","","","","","","","","","","","","","","","","","","","","","","","","","","","","","","","","","","","","","","","","","","","","","","","","","","","","","","","","","","","","","","","","","","",""
"28070001","CHARTRES",48.4605,1.501167,155,1983122500,"","","","",4.,1,220,1,"","","","","","","","","","","","","","","","","","","","","","","","","","","","",9.,1,7.3,1,"","","","","","","","","","","","","","","","","","","","","","","","","","",91,1,"","","","","","","","","","","","",10.4,1,1014.8,1,"","","","","","","","",7,1,"","","","","","","","","","","","","","","","","","","","","","","","","","","","","","","","","","","","","","","","","","","","","","","","","","","","","","","","","","","","","","","","","","","","","","","","","","","","","","","","","","","","","","","","","","","","","","","","","","","","","","","",""
"28070001","CHARTRES",48.4605,1.501167,155,1983122503,"","","","",4.,1,220,1,"","","","","","","","","","","","","","","","","","","","","","","","","","","","",8.5,1,6.4,1,"","","","","","","","","","","","","","","","","","","","","","","","","","",88,1,"","","","","","","","","","","","",9.8,1,1013.8,1,"","","","","","","","",7,1,"","","","","","","","","","","","","","","","","","","","","","","","","","","","","","","","","","","","","","","","","","","","","","","","","","","","","","","","","","","","","","","","","","","","","","","","","","","","","","","","","","","","","","","","","","","","","","","","","","","","","","","",""
"28070001","CHARTRES",48.4605,1.501167,155,1983122506,"","","","",5.,1,220,1,"","","","","","","","","","","","","","","","","","","","","","","","","","","","",8.,1,5.6,1,"","","","","","","","","","","","","","","","","","","","","","","","","","",86,1,"","","","","","","","","","","","",9.2,1,1013.7,1,"","","","","","",4,1,0,1,0,1,0,1,2,1,"","","","","","","","","","","","","","","","","","","","","","","","",20000,1,"","",0,1,"","","","",1,1,"","","","","","","","","","","","","","","","","","","","","","","","","","","","","","","","","","","","","","","","","","","","","","","","","","","","","","","","","","","","","",""
"28070001","CHARTRES",48.4605,1.501167,155,1983122509,"","","","",5.,1,220,1,"","","","","","","","","","","","","","","","","","","","","","","","","","","","",8.9,1,5.4,1,"","","","","","","","","","","","","","","","","","","","","","","","","","",80,1,"","","","","","","","","","","","",9.1,1,1014.2,1,"","","","","","",7,1,7,1,0,1,0,1,2,1,"","","","","","","","","","","","","","","","","","","","","","","","",25000,1,"","",2,1,1,1,"","","","","","","","","","","","","","","","","","","","","","","","","","","","","","","","","","","","","","","","","","","","","","","","","","","","","","","","","","","","","","","","","",""
"28070001","CHARTRES",48.4605,1.501167,155,1983122512,"","","","",7.,1,240,1,"","","","","","","","","","","","","","","","","","","","","","","","","","","","",12.6,1,7.7,1,"","","","","","","","","","","","","","","","","","","","","","","","","","",73,1,"","","","","","","","","","","","",10.7,1,1015.2,1,"","","","","","",7,1,7,1,5,1,0,1,2,1,"","","","","","","","","","","","","","","","","","","","","","","","",25000,1,"","",1,1,1,1,"","","","","","","","","","","","","","","","","","","","","","","","","","","","","","","","","","","","","","","","","","","","","","","","","","","","","","","","","","","","","","","","","",""
"28070001","CHARTRES",48.4605,1.501167,155,1983122515,"","","","",6.,1,240,1,"","","","","","","","","","","","","","","","","","","","","","","","","","","","",12.5,1,9.5,1,"","","","","","","","","","","","","","","","","","","","","","","","","","",83,1,"","","","","","","","","","","","",12.1,1,1015.1,1,"","","","","","",7,1,5,1,5,1,7,1,2,1,"","","","","","","","","","","","","","","","","","","","","","","","",25000,1,"","",3,1,2,1,"","","","","","","","","","","","","","","","","","","","","","","","","","","","","","","","","","","","","","","","","","","","","","","","","","","","","","","","","","","","","","","","","",""
"28070001","CHARTRES",48.4605,1.501167,155,1983122518,"","","","",5.,1,240,1,"","","","","","","","","","","","","","","","","","","","","","","","","","","","",11.3,1,7.,1,"","","","","","","","","","","","","","","","","","","","","","","","","","",76,1,"","","","","","","","","","","","",10.2,1,1015.9,1,"","","","","","","","",5,1,"","","","","","","","","","","","","","","","","","","","","","","","","","","","","","","","","","","","","","","","","","","","","","","","","","","","","","","","","","","","","","","","","","","","","","","","","","","","","","","","","","","","","","","","","","","","","","","","","","","","","","","",""
"28070001","CHARTRES",48.4605,1.501167,155,1983122521,"","","","",4.,1,260,1,"","","","","","","","","","","","","","","","","","","","","","","","","","","","",11.5,1,10.2,1,"","","","","","","","","","","","","","","","","","","","","","","","","","",94,1,"","","","","","","","","","","","",12.7,1,1017.2,1,"","","","","","","","",5,1,"","","","","","","","","","","","","","","","","","","","","","","","","","","","","","","","","","","","","","","","","","","","","","","","","","","","","","","","","","","","","","","","","","","","","","","","","","","","","","","","","","","","","","","","","","","","","","","","","","","","","","","",""
"28070001","CHARTRES",48.4605,1.501167,155,1983122600,"","","","",4.,1,280,1,"","","","","","","","","","","","","","","","","","","","","","","","","","","","",11.5,1,10.1,1,"","","","","","","","","","","","","","","","","","","","","","","","","","",93,1,"","","","","","","","","","","","",12.6,1,1020.,1,"","","","","","","","",5,1,"","","","","","","","","","","","","","","","","","","","","","","","","","","","","","","","","","","","","","","","","","","","","","","","","","","","","","","","","","","","","","","","","","","","","","","","","","","","","","","","","","","","","","","","","","","","","","","","","","","","","","","",""
"28070001","CHARTRES",48.4605,1.501167,155,1983122603,"","","","",5.,1,280,1,"","","","","","","","","","","","","","","","","","","","","","","","","","","","",10.3,1,8.7,1,"","","","","","","","","","","","","","","","","","","","","","","","","","",92,1,"","","","","","","","","","","","",11.5,1,1020.9,1,"","","","","","","","",5,1,"","","","","","","","","","","","","","","","","","","","","","","","","","","","","","","","","","","","","","","","","","","","","","","","","","","","","","","","","","","","","","","","","","","","","","","","","","","","","","","","","","","","","","","","","","","","","","","","","","","","","","","",""
"28070001","CHARTRES",48.4605,1.501167,155,1983122606,"","","","",5.,1,260,1,"","","","","","","","","","","","","","","","","","","","","","","","","","","","",9.4,1,7.,1,"","","","","","","","","","","","","","","","","","","","","","","","","","",87,1,"","","","","","","","","","","","",10.2,1,1021.,1,"","","","","","",2,1,0,1,5,1,0,1,0,1,"","","","","","","","","","","","","","","","","","","","","","","","",10000,1,"","",0,1,"","","","",2,1,"","","","","","","","","","","","","","","","","","","","","","","","","","","","","","","","","","","","","","","","","","","","","","","","","","","","","","","","","","","","","",""
"28070001","CHARTRES",48.4605,1.501167,155,1983122609,"","","","",7.,1,320,1,"","","","","","","","","","","","","","","","","","","","","","","","","","","","",7.4,1,6.7,1,"","","","","","","","","","","","","","","","","","","","","","","","","","",97,1,"","","","","","","","","","","","",10.,1,1023.2,1,"","","","","","",7,1,7,1,5,1,0,1,0,1,"","","","","","","","","","","","","","","","","","","","","","","","",5000,1,"","",63,1,6,1,"","","","","","","","","","","","","","","","","","","","","","","","","","","","","","","","","","","","","","","","","","","","","","","","","","","","","","","","","","","","","","","","","",""
"28070001","CHARTRES",48.4605,1.501167,155,1983122612,"","","","",8.,1,340,1,"","","","","","","","","","","","","","","","","","","","","","","","","","","","",9.1,1,4.6,1,"","","","","","","","","","","","","","","","","","","","","","","","","","",75,1,"","","","","","","","","","","","",8.6,1,1025.6,1,"","","","","","",5,1,5,1,1,1,0,1,0,1,"","","","","","","","","","","","","","","","","","","","","","","","",15000,1,"","",3,1,6,1,"","","","","","","","","","","","","","","","","","","","","","","","","","","","","","","","","","","","","","","","","","","","","","","","","","","","","","","","","","","","","","","","","",""
"28070001","CHARTRES",48.4605,1.501167,155,1983122615,"","","","",7.,1,340,1,"","","","","","","","","","","","","","","","","","","","","","","","","","","","",8.9,1,3.1,1,"","","","","","","","","","","","","","","","","","","","","","","","","","",68,1,"","","","","","","","","","","","",7.7,1,1029.8,1,"","","","","","",5,1,5,1,1,1,0,1,0,1,"","","","","","","","","","","","","","","","","","","","","","","","",15000,1,"","",2,1,2,1,"","","","","","","","","","","","","","","","","","","","","","","","","","","","","","","","","","","","","","","","","","","","","","","","","","","","","","","","","","","","","","","","","",""
"28070001","CHARTRES",48.4605,1.501167,155,1983122618,"","","","",3.,1,340,1,"","","","","","","","","","","","","","","","","","","","","","","","","","","","",7.7,1,4.5,1,"","","","","","","","","","","","","","","","","","","","","","","","","","",81,1,"","","","","","","","","","","","",8.5,1,1035.3,1,"","","","","","","","",5,1,"","","","","","","","","","","","","","","","","","","","","","","","","","","","","","","","","","","","","","","","","","","","","","","","","","","","","","","","","","","","","","","","","","","","","","","","","","","","","","","","","","","","","","","","","","","","","","","","","","","","","","","",""
"28070001","CHARTRES",48.4605,1.501167,155,1983122621,"","","","",4.,1,320,1,"","","","","","","","","","","","","","","","","","","","","","","","","","","","",5.,1,3.8,1,"","","","","","","","","","","","","","","","","","","","","","","","","","",93,1,"","","","","","","","","","","","",8.1,1,1038.4,1,"","","","","","","","",5,1,"","","","","","","","","","","","","","","","","","","","","","","","","","","","","","","","","","","","","","","","","","","","","","","","","","","","","","","","","","","","","","","","","","","","","","","","","","","","","","","","","","","","","","","","","","","","","","","","","","","","","","","",""
"28070001","CHARTRES",48.4605,1.501167,155,1983122700,"","","","",3.,1,280,1,"","","","","","","","","","","","","","","","","","","","","","","","","","","","",3.6,1,2.4,1,"","","","","","","","","","","","","","","","","","","","","","","","","","",93,1,"","","","","","","","","","","","",7.3,1,1040.7,1,"","","","","","","","",5,1,"","","","","","","","","","","","","","","","","","","","","","","","","","","","","","","","","","","","","","","","","","","","","","","","","","","","","","","","","","","","","","","","","","","","","","","","","","","","","","","","","","","","","","","","","","","","","","","","","","","","","","","",""
"28070001","CHARTRES",48.4605,1.501167,155,1983122703,"","","","",2.,1,260,1,"","","","","","","","","","","","","","","","","","","","","","","","","","","","",3.4,1,2.4,1,"","","","","","","","","","","","","","","","","","","","","","","","","","",94,1,"","","","","","","","","","","","",7.3,1,1040.8,1,"","","","","","","","",5,1,"","","","","","","","","","","","","","","","","","","","","","","","","","","","","","","","","","","","","","","","","","","","","","","","","","","","","","","","","","","","","","","","","","","","","","","","","","","","","","","","","","","","","","","","","","","","","","","","","","","","","","","",""
"28070001","CHARTRES",48.4605,1.501167,155,1983122706,"","","","",2.,1,260,1,"","","","","","","","","","","","","","","","","","","","","","","","","","","","",4.2,1,3.3,1,"","","","","","","","","","","","","","","","","","","","","","","","","","",95,1,"","","","","","","","","","","","",7.8,1,1041.8,1,"","","","","","",7,1,7,1,0,1,7,1,"","","","","","","","","","","","","","","","","","","","","","","","","","",8000,1,"","",0,1,"","","","",1,1,"","","","","","","","","","","","","","","","","","","","","","","","","","","","","","","","","","","","","","","","","","","","","","","","","","","","","","","","","","","","","",""
"28070001","CHARTRES",48.4605,1.501167,155,1983122709,"","","","",3.,1,260,1,"","","","","","","","","","","","","","","","","","","","","","","","","","","","",6.,1,3.6,1,"","","","","","","","","","","","","","","","","","","","","","","","","","",86,1,"","","","","","","","","","","","",8.,1,1041.5,1,"","","","","","",3,1,0,1,0,1,3,1,2,1,"","","","","","","","","","","","","","","","","","","","","","","","",20000,1,"","",1,1,1,1,"","","","","","","","","","","","","","","","","","","","","","","","","","","","","","","","","","","","","","","","","","","","","","","","","","","","","","","","","","","","","","","","","",""
"28070001","CHARTRES",48.4605,1.501167,155,1983122712,"","","","",5.,1,240,1,"","","","","","","","","","","","","","","","","","","","","","","","","","","","",8.9,1,4.9,1,"","","","","","","","","","","","","","","","","","","","","","","","","","",77,1,"","","","","","","","","","","","",8.8,1,1040.3,1,"","","","","","",5,1,0,1,5,1,3,1,2,1,"","","","","","","","","","","","","","","","","","","","","","","","",20000,1,"","",3,1,1,1,"","","","","","","","","","","","","","","","","","","","","","","","","","","","","","","","","","","","","","","","","","","","","","","","","","","","","","","","","","","","","","","","","",""
"28070001","CHARTRES",48.4605,1.501167,155,1983122715,"","","","",4.,1,260,1,"","","","","","","","","","","","","","","","","","","","","","","","","","","","",9.4,1,6.2,1,"","","","","","","","","","","","","","","","","","","","","","","","","","",81,1,"","","","","","","","","","","","",9.6,1,1038.5,1,"","","","","","",6,1,6,1,5,1,3,1,2,1,"","","","","","","","","","","","","","","","","","","","","","","","",20000,1,"","",3,1,2,1,"","","","","","","","","","","","","","","","","","","","","","","","","","","","","","","","","","","","","","","","","","","","","","","","","","","","","","","","","","","","","","","","","",""
"28070001","CHARTRES",48.4605,1.501167,155,1983122718,"","","","",4.,1,260,1,"","","","","","","","","","","","","","","","","","","","","","","","","","","","",7.9,1,4.8,1,"","","","","","","","","","","","","","","","","","","","","","","","","","",82,1,"","","","","","","","","","","","",8.7,1,1037.7,1,"","","","","","","","",6,1,"","","","","","","","","","","","","","","","","","","","","","","","","","","","","","","","","","","","","","","","","","","","","","","","","","","","","","","","","","","","","","","","","","","","","","","","","","","","","","","","","","","","","","","","","","","","","","","","","","","","","","","",""
"28070001","CHARTRES",48.4605,1.501167,155,1983122721,"","","","",4.,1,260,1,"","","","","","","","","","","","","","","","","","","","","","","","","","","","",7.6,1,5.7,1,"","","","","","","","","","","","","","","","","","","","","","","","","","",89,1,"","","","","","","","","","","","",9.3,1,1037.6,1,"","","","","","","","",6,1,"","","","","","","","","","","","","","","","","","","","","","","","","","","","","","","","","","","","","","","","","","","","","","","","","","","","","","","","","","","","","","","","","","","","","","","","","","","","","","","","","","","","","","","","","","","","","","","","","","","","","","","",""
"28070001","CHARTRES",48.4605,1.501167,155,1983122800,"","","","",3.,1,260,1,"","","","","","","","","","","","","","","","","","","","","","","","","","","","",12.2,1,10.7,1,"","","","","","","","","","","","","","","","","","","","","","","","","","",93,1,"","","","","","","","","","","","",13.2,1,1037.5,1,"","","","","","","","",6,1,"","","","","","","","","","","","","","","","","","","","","","","","","","","","","","","","","","","","","","","","","","","","","","","","","","","","","","","","","","","","","","","","","","","","","","","","","","","","","","","","","","","","","","","","","","","","","","","","","","","","","","","",""
"28070001","CHARTRES",48.4605,1.501167,155,1983122803,"","","","",3.,1,260,1,"","","","","","","","","","","","","","","","","","","","","","","","","","","","",7.,1,6.,1,"","","","","","","","","","","","","","","","","","","","","","","","","","",95,1,"","","","","","","","","","","","",9.5,1,1037.1,1,"","","","","","","","",6,1,"","","","","","","","","","","","","","","","","","","","","","","","","","","","","","","","","","","","","","","","","","","","","","","","","","","","","","","","","","","","","","","","","","","","","","","","","","","","","","","","","","","","","","","","","","","","","","","","","","","","","","","",""
"28070001","CHARTRES",48.4605,1.501167,155,1983122806,"","","","",3.,1,260,1,"","","","","","","","","","","","","","","","","","","","","","","","","","","","",6.9,1,5.6,1,"","","","","","","","","","","","","","","","","","","","","","","","","","",92,1,"","","","","","","","","","","","",9.2,1,1036.9,1,"","","","","","",8,1,8,1,6,1,"","","","","","","","","","","","","","","","","","","","","","","","","","","","",8000,1,"","",0,1,"","","","",0,1,"","","","","","","","","","","","","","","","","","","","","","","","","","","","","","","","","","","","","","","","","","","","","","","","","","","","","","","","","","","","","",""
"28070001","CHARTRES",48.4605,1.501167,155,1983122809,"","","","",3.,1,260,1,"","","","","","","","","","","","","","","","","","","","","","","","","","","","",6.6,1,5.4,1,"","","","","","","","","","","","","","","","","","","","","","","","","","",94,1,"","","","","","","","","","","","",9.1,1,1037.1,1,"","","","","","",8,1,8,1,6,1,"","","","","","","","","","","","","","","","","","","","","","","","","","","","",3500,1,"","",10,1,2,1,"","","","","","","","","","","","","","","","","","","","","","","","","","","","","","","","","","","","","","","","","","","","","","","","","","","","","","","","","","","","","","","","","",""
"28070001","CHARTRES",48.4605,1.501167,155,1983122812,"","","","",3.,1,260,1,"","","","","","","","","","","","","","","","","","","","","","","","","","","","",7.,1,5.9,1,"","","","","","","","","","","","","","","","","","","","","","","","","","",94,1,"","","","","","","","","","","","",9.4,1,1037.3,1,"","","","","","",8,1,8,1,6,1,"","","","","","","","","","","","","","","","","","","","","","","","","","","","",1300,1,"","",10,1,2,1,"","","","","","","","","","","","","","","","","","","","","","","","","","","","","","","","","","","","","","","","","","","","","","","","","","","","","","","","","","","","","","","","","",""
"28070001","CHARTRES",48.4605,1.501167,155,1983122815,"","","","",3.,1,220,1,"","","","","","","","","","","","","","","","","","","","","","","","","","","","",8.,1,6.,1,"","","","","","","","","","","","","","","","","","","","","","","","","","",89,1,"","","","","","","","","","","","",9.5,1,1035.5,1,"","","","","","",2,1,0,1,6,1,0,1,0,1,"","","","","","","","","","","","","","","","","","","","","","","","",2000,1,"","",10,1,1,1,"","","","","","","","","","","","","","","","","","","","","","","","","","","","","","","","","","","","","","","","","","","","","","","","","","","","","","","","","","","","","","","","","",""
"28070001","CHARTRES",48.4605,1.501167,155,1983122818,"","","","",2.,1,200,1,"","","","","","","","","","","","","","","","","","","","","","","","","","","","",5.3,1,4.5,1,"","","","","","","","","","","","","","","","","","","","","","","","","","",96,1,"","","","","","","","","","","","",8.5,1,1035.5,1,"","","","","","","","",0,1,"","","","","","","","","","","","","","","","","","","","","","","","","","","","","","","","","","","","","","","","","","","","","","","","","","","","","","","","","","","","","","","","","","","","","","","","","","","","","","","","","","","","","","","","","","","","","","","","","","","","","","","",""
"28070001","CHARTRES",48.4605,1.501167,155,1983122821,"","","","",0.,1,0,1,"","","","","","","","","","","","","","","","","","","","","","","","","","","","",4.2,1,3.4,1,"","","","","","","","","","","","","","","","","","","","","","","","","","",96,1,"","","","","","","","","","","","",7.9,1,1036.,1,"","","","","","","","",0,1,"","","","","","","","","","","","","","","","","","","","","","","","","","","","","","","","","","","","","","","","","","","","","","","","","","","","","","","","","","","","","","","","","","","","","","","","","","","","","","","","","","","","","","","","","","","","","","","","","","","","","","","",""
"28070001","CHARTRES",48.4605,1.501167,155,1983122900,"","","","",0.,1,0,1,"","","","","","","","","","","","","","","","","","","","","","","","","","","","",1.3,1,1.3,1,"","","","","","","","","","","","","","","","","","","","","","","","","","",100,1,"","","","","","","","","","","","",6.7,1,1036.2,1,"","","","","","","","",0,1,"","","","","","","","","","","","","","","","","","","","","","","","","","","","","","","","","","","","","","","","","","","","","","","","","","","","","","","","","","","","","","","","","","","","","","","","","","","","","","","","","","","","","","","","","","","","","","","","","","","","","","","",""
"28070001","CHARTRES",48.4605,1.501167,155,1983122903,"","","","",2.,1,80,1,"","","","","","","","","","","","","","","","","","","","","","","","","","","","",2.3,1,2.3,1,"","","","","","","","","","","","","","","","","","","","","","","","","","",100,1,"","","","","","","","","","","","",7.2,1,1036.1,1,"","","","","","","","",0,1,"","","","","","","","","","","","","","","","","","","","","","","","","","","","","","","","","","","","","","","","","","","","","","","","","","","","","","","","","","","","","","","","","","","","","","","","","","","","","","","","","","","","","","","","","","","","","","","","","","","","","","","",""
"28070001","CHARTRES",48.4605,1.501167,155,1983122906,"","","","",2.,1,60,1,"","","","","","","","","","","","","","","","","","","","","","","","","","","","",2.8,1,2.8,1,"","","","","","","","","","","","","","","","","","","","","","","","","","",100,1,"","","","","","","","","","","","",7.5,1,1035.5,1,"","","","","","",9,1,"","","","","","","","","","","","","","","","","","","","","","","","","","","","","","","","",100,1,"","",45,1,"","","","",1,1,"","","","","","","","","","","","","","","","","","","","","","","","","","","","","","","","","","","","","","","","","","","","","","","","","","","","","","","","","","","","","",""
"28070001","CHARTRES",48.4605,1.501167,155,1983122909,"","","","",2.,1,120,1,"","","","","","","","","","","","","","","","","","","","","","","","","","","","",3.,1,2.5,1,"","","","","","","","","","","","","","","","","","","","","","","","","","",98,1,"","","","","","","","","","","","",7.4,1,1035.2,1,"","","","","","",9,1,"","","","","","","","","","","","","","","","","","","","","","","","","","","","","","","","",150,1,"","",45,1,4,1,"","","","","","","","","","","","","","","","","","","","","","","","","","","","","","","","","","","","","","","","","","","","","","","","","","","","","","","","","","","","","","","","","",""
"28070001","CHARTRES",48.4605,1.501167,155,1983122912,"","","","",2.,1,100,1,"","","","","","","","","","","","","","","","","","","","","","","","","","","","",3.8,1,3.8,1,"","","","","","","","","","","","","","","","","","","","","","","","","","",100,1,"","","","","","","","","","","","",8.,1,1034.5,1,"","","","","","",8,1,8,1,6,1,"","","","","","","","","","","","","","","","","","","","","","","","","","","","",300,1,"","",42,1,4,1,"","","","","","","","","","","","","","","","","","","","","","","","","","","","","","","","","","","","","","","","","","","","","","","","","","","","","","","","","","","","","","","","","",""
"28070001","CHARTRES",48.4605,1.501167,155,1983122915,"","","","",2.,1,100,1,"","","","","","","","","","","","","","","","","","","","","","","","","","","","",4.1,1,4.1,1,"","","","","","","","","","","","","","","","","","","","","","","","","","",100,1,"","","","","","","","","","","","",8.2,1,1032.5,1,"","","","","","",8,1,8,1,6,1,"","","","","","","","","","","","","","","","","","","","","","","","","","","","",300,1,"","",44,1,4,1,"","","","","","","","","","","","","","","","","","","","","","","","","","","","","","","","","","","","","","","","","","","","","","","","","","","","","","","","","","","","","","","","","",""
"28070001","CHARTRES",48.4605,1.501167,155,1983122918,"","","","",2.,1,100,1,"","","","","","","","","","","","","","","","","","","","","","","","","","","","",2.4,1,2.4,1,"","","","","","","","","","","","","","","","","","","","","","","","","","",99,1,"","","","","","","","","","","","",7.2,1,1031.6,1,"","","","","","","","",8,1,"","","","","","","","","","","","","","","","","","","","","","","","","","","","","","","","","","","","","","","","","","","","","","","","","","","","","","","","","","","","","","","","","","","","","","","","","","","","","","","","","","","","","","","","","","","","","","","","","","","","","","","",""
"28070001","CHARTRES",48.4605,1.501167,155,1983122921,"","","","",2.,1,120,1,"","","","","","","","","","","","","","","","","","","","","","","","","","","","",1.8,1,1.8,1,"","","","","","","","","","","","","","","","","","","","","","","","","","",99,1,"","","","","","","","","","","","",6.9,1,1030.4,1,"","","","","","","","",8,1,"","","","","","","","","","","","","","","","","","","","","","","","","","","","","","","","","","","","","","","","","","","","","","","","","","","","","","","","","","","","","","","","","","","","","","","","","","","","","","","","","","","","","","","","","","","","","","","","","","","","","","","",""
"28070001","CHARTRES",48.4605,1.501167,155,1983123000,"","","","",2.,1,160,1,"","","","","","","","","","","","","","","","","","","","","","","","","","","","",1.,1,1.,1,"","","","","","","","","","","","","","","","","","","","","","","","","","",99,1,"","","","","","","","","","","","",6.5,1,1028.2,1,"","","","","","","","",8,1,"","","","","","","","","","","","","","","","","","","","","","","","","","","","","","","","","","","","","","","","","","","","","","","","","","","","","","","","","","","","","","","","","","","","","","","","","","","","","","","","","","","","","","","","","","","","","","","","","","","","","","","",""
"28070001","CHARTRES",48.4605,1.501167,155,1983123003,"","","","",2.,1,220,1,"","","","","","","","","","","","","","","","","","","","","","","","","","","","",0.6,1,0.6,1,"","","","","","","","","","","","","","","","","","","","","","","","","","",99,1,"","","","","","","","","","","","",6.3,1,1024.4,1,"","","","","","","","",8,1,"","","","","","","","","","","","","","","","","","","","","","","","","","","","","","","","","","","","","","","","","","","","","","","","","","","","","","","","","","","","","","","","","","","","","","","","","","","","","","","","","","","","","","","","","","","","","","","","","","","","","","","",""
"28070001","CHARTRES",48.4605,1.501167,155,1983123006,"","","","",2.,1,240,1,"","","","","","","","","","","","","","","","","","","","","","","","","","","","",1.2,1,0.6,1,"","","","","","","","","","","","","","","","","","","","","","","","","","",96,1,"","","","","","","","","","","","",6.4,1,1025.2,1,"","","","","","",9,1,"","","","","","","","","","","","","","","","","","","","","","","","","","","","","","","","",100,1,"","",45,1,"","","","",1,1,"","","","","","","","","","","","","","","","","","","","","","","","","","","","","","","","","","","","","","","","","","","","","","","","","","","","","","","","","","","","","",""
"28070001","CHARTRES",48.4605,1.501167,155,1983123009,"","","","",2.,1,300,1,"","","","","","","","","","","","","","","","","","","","","","","","","","","","",2.,1,1.6,1,"","","","","","","","","","","","","","","","","","","","","","","","","","",98,1,"","","","","","","","","","","","",6.9,1,1027.2,1,"","","","","","",8,1,8,1,6,1,"","","","","","","","","","","","","","","","","","","","","","","","","","","","",300,1,"","",42,1,4,1,"","","","","","","","","","","","","","","","","","","","","","","","","","","","","","","","","","","","","","","","","","","","","","","","","","","","","","","","","","","","","","","","","",""
"28070001","CHARTRES",48.4605,1.501167,155,1983123012,"","","","",2.,1,300,1,"","","","","","","","","","","","","","","","","","","","","","","","","","","","",5.1,1,4.6,1,"","","","","","","","","","","","","","","","","","","","","","","","","","",98,1,"","","","","","","","","","","","",8.6,1,1028.5,1,"","","","","","",8,1,8,1,6,1,"","","","","","","","","","","","","","","","","","","","","","","","","","","","",900,1,"","",50,1,4,1,"","","","","","","","","","","","","","","","","","","","","","","","","","","","","","","","","","","","","","","","","","","","","","","","","","","","","","","","","","","","","","","","","",""
"28070001","CHARTRES",48.4605,1.501167,155,1983123015,"","","","",2.,1,360,1,"","","","","","","","","","","","","","","","","","","","","","","","","","","","",7.7,1,6.7,1,"","","","","","","","","","","","","","","","","","","","","","","","","","",96,1,"","","","","","","","","","","","",10.,1,1028.6,1,"","","","","","",8,1,8,1,6,1,"","","","","","","","","","","","","","","","","","","","","","","","","","","","",4000,1,"","",10,1,5,1,"","","","","","","","","","","","","","","","","","","","","","","","","","","","","","","","","","","","","","","","","","","","","","","","","","","","","","","","","","","","","","","","","",""
"28070001","CHARTRES",48.4605,1.501167,155,1983123018,"","","","",2.,1,20,1,"","","","","","","","","","","","","","","","","","","","","","","","","","","","",7.,1,6.2,1,"","","","","","","","","","","","","","","","","","","","","","","","","","",96,1,"","","","","","","","","","","","",9.6,1,1030.8,1,"","","","","","","","",8,1,"","","","","","","","","","","","","","","","","","","","","","","","","","","","","","","","","","","","","","","","","","","","","","","","","","","","","","","","","","","","","","","","","","","","","","","","","","","","","","","","","","","","","","","","","","","","","","","","","","","","","","","",""
"28070001","CHARTRES",48.4605,1.501167,155,1983123021,"","","","",2.,1,20,1,"","","","","","","","","","","","","","","","","","","","","","","","","","","","",7.,1,5.6,1,"","","","","","","","","","","","","","","","","","","","","","","","","","",92,1,"","","","","","","","","","","","",9.2,1,1032.5,1,"","","","","","","","",8,1,"","","","","","","","","","","","","","","","","","","","","","","","","","","","","","","","","","","","","","","","","","","","","","","","","","","","","","","","","","","","","","","","","","","","","","","","","","","","","","","","","","","","","","","","","","","","","","","","","","","","","","","",""
"28070001","CHARTRES",48.4605,1.501167,155,1983123100,"","","","",1.,1,360,1,"","","","","","","","","","","","","","","","","","","","","","","","","","","","",2.9,1,2.,1,"","","","","","","","","","","","","","","","","","","","","","","","","","",94,1,"","","","","","","","","","","","",7.1,1,1033.2,1,"","","","","","","","",8,1,"","","","","","","","","","","","","","","","","","","","","","","","","","","","","","","","","","","","","","","","","","","","","","","","","","","","","","","","","","","","","","","","","","","","","","","","","","","","","","","","","","","","","","","","","","","","","","","","","","","","","","","",""
"28070001","CHARTRES",48.4605,1.501167,155,1983123103,"","","","",1.,1,360,1,"","","","","","","","","","","","","","","","","","","","","","","","","","","","",1.6,1,0.8,1,"","","","","","","","","","","","","","","","","","","","","","","","","","",95,1,"","","","","","","","","","","","",6.5,1,1033.3,1,"","","","","","","","",8,1,"","","","","","","","","","","","","","","","","","","","","","","","","","","","","","","","","","","","","","","","","","","","","","","","","","","","","","","","","","","","","","","","","","","","","","","","","","","","","","","","","","","","","","","","","","","","","","","","","","","","","","","",""
"28070001","CHARTRES",48.4605,1.501167,155,1983123106,"","","","",1.,1,280,1,"","","","","","","","","","","","","","","","","","","","","","","","","","","","",0.5,1,0.,1,"","","","","","","","","","","","","","","","","","","","","","","","","","",96,1,"","","","","","","","","","","","",6.1,1,1033.4,1,"","","","","","",0,1,"","",0,1,0,1,0,1,"","","","","","","","","","","","","","","","","","","","","","","","",10000,1,"","",0,1,"","","","",4,1,"","","","","","","","","","","","","","","","","","","","","","","","","","","","","","","","","","","","","","","","","","","","","","","","","","","","","","","","","","","","","",""
"28070001","CHARTRES",48.4605,1.501167,155,1983123109,"","","","",1.,1,260,1,"","","","","","","","","","","","","","","","","","","","","","","","","","","","",0.4,1,-0.2,1,"","","","","","","","","","","","","","","","","","","","","","","","","","",96,1,"","","","","","","","","","","","",6.,1,1034.3,1,"","","","","","",5,1,5,1,5,1,0,1,0,1,"","","","","","","","","","","","","","","","","","","","","","","","",8000,1,"","",3,1,1,1,"","","","","","","","","","","","","","","","","","","","","","","","","","","","","","","","","","","","","","","","","","","","","","","","","","","","","","","","","","","","","","","","","",""
"28070001","CHARTRES",48.4605,1.501167,155,1983123112,"","","","",1.,1,260,1,"","","","","","","","","","","","","","","","","","","","","","","","","","","","",5.9,1,3.1,1,"","","","","","","","","","","","","","","","","","","","","","","","","","",83,1,"","","","","","","","","","","","",7.7,1,1033.1,1,"","","","","","",4,1,0,1,0,1,0,1,1,1,"","","","","","","","","","","","","","","","","","","","","","","","",15000,1,"","",1,1,1,1,"","","","","","","","","","","","","","","","","","","","","","","","","","","","","","","","","","","","","","","","","","","","","","","","","","","","","","","","","","","","","","","","","",""
"28070001","CHARTRES",48.4605,1.501167,155,1983123115,"","","","",3.,1,280,1,"","","","","","","","","","","","","","","","","","","","","","","","","","","","",7.1,1,2.4,1,"","","","","","","","","","","","","","","","","","","","","","","","","","",72,1,"","","","","","","","","","","","",7.3,1,1031.5,1,"","","","","","",1,1,0,1,0,1,0,1,1,1,"","","","","","","","","","","","","","","","","","","","","","","","",20000,1,"","",1,1,0,1,"","","","","","","","","","","","","","","","","","","","","","","","","","","","","","","","","","","","","","","","","","","","","","","","","","","","","","","","","","","","","","","","","",""
"28070001","CHARTRES",48.4605,1.501167,155,1983123118,"","","","",2.,1,260,1,"","","","","","","","","","","","","","","","","","","","","","","","","","","","",3.8,1,1.2,1,"","","","","","","","","","","","","","","","","","","","","","","","","","",83,1,"","","","","","","","","","","","",6.7,1,1031.2,1,"","","","","","","","",0,1,"","","","","","","","","","","","","","","","","","","","","","","","","","","","","","","","","","","","","","","","","","","","","","","","","","","","","","","","","","","","","","","","","","","","","","","","","","","","","","","","","","","","","","","","","","","","","","","","","","","","","","","",""
"28070001","CHARTRES",48.4605,1.501167,155,1983123121,"","","","",2.,1,260,1,"","","","","","","","","","","","","","","","","","","","","","","","","","","","",2.7,1,2.2,1,"","","","","","","","","","","","","","","","","","","","","","","","","","",97,1,"","","","","","","","","","","","",7.2,1,1030.3,1,"","","","","","","","",0,1,"","","","","","","","","","","","","","","","","","","","","","","","","","","","","","","","","","","","","","","","","","","","","","","","","","","","","","","","","","","","","","","","","","","","","","","","","","","","","","","","","","","","","","","","","","","","","","","","","","","","","","","",""
