"NUM_POSTE","NOM_USUEL","LAT","LON","ALTI","AAAAMMJJHH","RR1","QRR1","DRR1","QDRR1","FF","QFF","DD","QDD","FXY","QFXY","DXY","QDXY","HXY","QHXY","FXI","QFXI","DXI","QDXI","HXI","QHXI","FF2","QFF2","DD2","QDD2","FXI2","QFXI2","DXI2","QDXI2","HXI2","QHXI2","FXI3S","QFXI3S","DXI3S","QDXI3S","HFXI3S","QHFXI3S","T","QT","TD","QTD","TN","QTN","HTN","QHTN","TX","QTX","HTX","QHTX","DG","QDG","T10","QT10","T20","QT20","T50","QT50","T100","QT100","TNSOL","QTNSOL","TN50","QTN50","TCHAUSSEE","QTCHAUSSEE","DHUMEC","QDHUMEC","U","QU","UN","QUN","HUN","QHUN","UX","QUX","HUX","QHUX","DHUMI40","QDHUMI40","DHUMI80","QDHUMI80","TSV","QTSV","PMER","QPMER","PSTAT","QPSTAT","PMERMIN","QPMERMIN","GEOP","QGEOP","N","QN","NBAS","QNBAS","CL","QCL","CM","QCM","CH","QCH","N1","QN1","C1","QC1","B1","QB1","N2","QN2","C2","QC2","B2","QB2","N3","QN3","C3","QC3","B3","QB3","N4","QN4","C4","QC4","B4","QB4","VV","QVV","DVV200","QDVV200","WW","QWW","W1","QW1","W2","QW2","SOL","QSOL","SOLNG","QSOLNG","TMER","QTMER","VVMER","QVVMER","ETATMER","QETATMER","DIRHOULE","QDIRHOULE","HVAGUE","QHVAGUE","PVAGUE","QPVAGUE","HNEIGEF","QHNEIGEF","NEIGETOT","QNEIGETOT","TSNEIGE","QTSNEIGE","TUBENEIGE","QTUBENEIGE","HNEIGEFI3","QHNEIGEFI3","HNEIGEFI1","QHNEIGEFI1","ESNEIGE","QESNEIGE","CHARGENEIGE","QCHARGENEIGE","GLO","QGLO","GLO2","QGLO2","DIR","QDIR","DIR2","QDIR2","DIF","QDIF","DIF2","QDIF2","UV","QUV","UV2","QUV2","UV_INDICE","QUV_INDICE","INFRAR","QINFRAR","INFRAR2","QINFRAR2","INS","QINS","INS2","QINS2","TLAGON","QTLAGON","TVEGETAUX","QTVEGETAUX","ECOULEMENT","QECOULEMENT"
"33236002","CAP-FERRET",44.630667,-1.252,8,1977010103,"","","","",6.,1,280,1,"","","","","","","","","","","","","","","","","","","","","","","","","","","","","","","","","","","","","","","","","","","","","","","","","","","","","","","","","","","","","","","","","","","","","","","","","","","","","","","","","","","","","","","","","","","","","","","","","","","","","","","","","","","","","","","","","","","","","","","","","","","","","","","","","","","","","","","","","","","","","","","","","","","","","","","","","","","","","","","","","","","","","","","","","","","","","","","","","","","","","","","","","","","","","",""
"33236002","CAP-FERRET",44.630667,-1.252,8,1977010106,"","","","",9.,1,280,1,"","","","","","","","","","","","","","","","","","","","","","","","","","","","",10.6,1,7.9,1,"","","","","","","","","","","","","","","","","","","","","","","","","","",85,1,"","","","","","","","","","","","",10.8,1,1001.,1,"","","","","","",4,1,0,1,5,1,0,1,0,1,"","","","","","","","","","","","","","","","","","","","","","","","",16000,1,"","",0,1,"","","","","","","","","","","","",4,1,270,1,"","","","","","","","","","","","","","","","","","","","","","","","","","","","","","","","","","","","","","","","","","","","","","","","","","","",""
"33236002","CAP-FERRET",44.630667,-1.252,8,1977010109,"","","","",10.,1,280,1,"","","","","","","","","","","","","","","","","","","","","","","","","","","","",10.,1,7.3,1,"","","","","","","","","","","","","","","","","","","","","","","","","","",84,1,"","","","","","","","","","","","",10.4,1,1004.6,1,"","","","","","",4,1,0,1,8,1,0,1,0,1,"","","","","","","","","","","","","","","","","","","","","","","","",16000,1,"","",2,1,2,1,"","","","","","","","","","",4,1,270,1,"","","","","","","","","","","","","","","","","","","","","","","","","","","","","","","","","","","","","","","","","","","","","","","","","","","",""
"33236002","CAP-FERRET",44.630667,-1.252,8,1977010112,"","","","",11.,1,280,1,"","","","","","","","","","","","","","","","","","","","","","","","","","","","",11.2,1,8.9,1,"","","","","","","","","","","","","","","","","","","","","","","","","","",88,1,"","","","","","","","","","","","",11.6,1,1006.,1,"","","","","","",6,1,0,1,8,1,4,1,2,1,"","","","","","","","","","","","","","","","","","","","","","","","",18000,1,"","",2,1,2,1,"","","","","","","","","","",5,1,270,1,"","","","","","","","","","","","","","","","","","","","","","","","","","","","","","","","","","","","","","","","","","","","","","","","","","","",""
"33236002","CAP-FERRET",44.630667,-1.252,8,1977010115,"","","","",11.,1,260,1,"","","","","","","","","","","","","","","","","","","","","","","","","","","","",10.4,1,6.4,1,"","","","","","","","","","","","","","","","","","","","","","","","","","",77,1,"","","","","","","","","","","","",9.7,1,1006.9,1,"","","","","","",4,1,0,1,8,1,7,1,0,1,"","","","","","","","","","","","","","","","","","","","","","","","",16000,1,"","",2,1,2,1,"","","","","","","","","","",5,1,270,1,"","","","","","","","","","","","","","","","","","","","","","","","","","","","","","","","","","","","","","","","","","","","","","","","","","","",""
"33236002","CAP-FERRET",44.630667,-1.252,8,1977010118,"","","","",12.,1,260,1,"","","","","","","","","","","","","","","","","","","","","","","","","","","","",10.2,1,4.8,1,"","","","","","","","","","","","","","","","","","","","","","","","","","",70,1,"","","","","","","","","","","","",8.7,1,1007.6,1,"","","","","","",3,1,0,1,8,1,0,1,0,1,"","","","","","","","","","","","","","","","","","","","","","","","",16000,1,"","",1,1,8,1,"","","","","","","","","","",5,1,270,1,"","","","","","","","","","","","","","","","","","","","","","","","","","","","","","","","","","","","","","","","","","","","","","","","","","","",""
"33236002","CAP-FERRET",44.630667,-1.252,8,1977010121,"","","","",16.,1,280,1,"","","","","","","","","","","","","","","","","","","","","","","","","","","","",9.,1,6.2,1,"","","","","","","","","","","","","","","","","","","","","","","","","","",84,1,"","","","","","","","","","","","",9.6,1,1008.2,1,"","","","","","",3,1,0,1,9,1,0,1,0,1,"","","","","","","","","","","","","","","","","","","","","","","","",16000,1,"","",2,1,0,1,"","","","","","","","","","",5,1,270,1,"","","","","","","","","","","","","","","","","","","","","","","","","","","","","","","","","","","","","","","","","","","","","","","","","","","",""
"33236002","CAP-FERRET",44.630667,-1.252,8,1977010203,"","","","","","","","","","","","","","","","","","","","","","","","","","","","","","","","","","","","","","","","","","","","","","","","","","","","","","","","","","","","","","","","","","","","","","","","","","","","","","","","","","",1012.7,1,"","","","","","","","","","","","","","","","","","","","","","","","","","","","","","","","","","","","","","","","","","","","","","","","","","","","","","","","","","","","","","","","","","","","","","","","","","","","","","","","","","","","","","","","","","","","","","","","","","","","","","","","","","","","","","","","","",""
"33236002","CAP-FERRET",44.630667,-1.252,8,1977010206,"","","","",5.,1,320,1,"","","","","","","","","","","","","","","","","","","","","","","","","","","","",8.,1,6.1,1,"","","","","","","","","","","","","","","","","","","","","","","","","","",88,1,"","","","","","","","","","","","",9.5,1,1013.7,1,"","","","","","",5,1,5,1,5,1,0,1,0,1,"","","","","","","","","","","","","","","","","","","","","","","","",14000,1,"","",0,1,"","","","","","","","","","","","",4,1,270,1,"","","","","","","","","","","","","","","","","","","","","","","","","","","","","","","","","","","","","","","","","","","","","","","","","","","",""
"33236002","CAP-FERRET",44.630667,-1.252,8,1977010209,"","","","",2.,1,360,1,"","","","","","","","","","","","","","","","","","","","","","","","","","","","",7.6,1,6.1,1,"","","","","","","","","","","","","","","","","","","","","","","","","","",91,1,"","","","","","","","","","","","",9.5,1,1016.1,1,"","","","","","",6,1,6,1,8,1,0,1,0,1,"","","","","","","","","","","","","","","","","","","","","","","","",14000,1,"","",2,1,2,1,"","","","","","","","","","",4,1,270,1,"","","","","","","","","","","","","","","","","","","","","","","","","","","","","","","","","","","","","","","","","","","","","","","","","","","",""
"33236002","CAP-FERRET",44.630667,-1.252,8,1977010212,"","","","",2.,1,60,1,"","","","","","","","","","","","","","","","","","","","","","","","","","","","",8.8,1,6.5,1,"","","","","","","","","","","","","","","","","","","","","","","","","","",87,1,"","","","","","","","","","","","",9.8,1,1017.5,1,"","","","","","",6,1,6,1,8,1,0,1,0,1,"","","","","","","","","","","","","","","","","","","","","","","","",15000,1,"","",2,1,2,1,"","","","","","","","","","",4,1,270,1,"","","","","","","","","","","","","","","","","","","","","","","","","","","","","","","","","","","","","","","","","","","","","","","","","","","",""
"33236002","CAP-FERRET",44.630667,-1.252,8,1977010215,"","","","",3.,1,80,1,"","","","","","","","","","","","","","","","","","","","","","","","","","","","",8.5,1,5.5,1,"","","","","","","","","","","","","","","","","","","","","","","","","","",82,1,"","","","","","","","","","","","",9.1,1,1018.9,1,"","","","","","",2,1,0,1,8,1,0,1,0,1,"","","","","","","","","","","","","","","","","","","","","","","","",15000,1,"","",1,1,1,1,"","","","","","","","","","",4,1,270,1,"","","","","","","","","","","","","","","","","","","","","","","","","","","","","","","","","","","","","","","","","","","","","","","","","","","",""
"33236002","CAP-FERRET",44.630667,-1.252,8,1977010218,"","","","",3.,1,40,1,"","","","","","","","","","","","","","","","","","","","","","","","","","","","",4.2,1,3.7,1,"","","","","","","","","","","","","","","","","","","","","","","","","","",97,1,"","","","","","","","","","","","",8.,1,1022.1,1,"","","","","","",0,1,"","",0,1,0,1,0,1,"","","","","","","","","","","","","","","","","","","","","","","","",10000,1,"","",2,1,1,1,"","","","","","","","","","",4,1,270,1,"","","","","","","","","","","","","","","","","","","","","","","","","","","","","","","","","","","","","","","","","","","","","","","","","","","",""
"33236002","CAP-FERRET",44.630667,-1.252,8,1977010221,"","","","",5.,1,40,1,"","","","","","","","","","","","","","","","","","","","","","","","","","","","",4.8,1,3.1,1,"","","","","","","","","","","","","","","","","","","","","","","","","","",90,1,"","","","","","","","","","","","",7.7,1,1024.5,1,"","","","","","",0,1,"","",0,1,0,1,0,1,"","","","","","","","","","","","","","","","","","","","","","","","",10000,1,"","",2,1,0,1,"","","","","","","","","","",4,1,270,1,"","","","","","","","","","","","","","","","","","","","","","","","","","","","","","","","","","","","","","","","","","","","","","","","","","","",""
"33236002","CAP-FERRET",44.630667,-1.252,8,1977010303,"","","","","","","","","","","","","","","","","","","","","","","","","","","","","","","","","","","","","","","","","","","","","","","","","","","","","","","","","","","","","","","","","","","","","","","","","","","","","","","","","","",1026.9,1,"","","","","","","","","","","","","","","","","","","","","","","","","","","","","","","","","","","","","","","","","","","","","","","","","","","","","","","","","","","","","","","","","","","","","","","","","","","","","","","","","","","","","","","","","","","","","","","","","","","","","","","","","","","","","","","","","",""
"33236002","CAP-FERRET",44.630667,-1.252,8,1977010306,"","","","",4.,1,80,1,"","","","","","","","","","","","","","","","","","","","","","","","","","","","",3.,1,2.4,1,"","","","","","","","","","","","","","","","","","","","","","","","","","",97,1,"","","","","","","","","","","","",7.3,1,1028.9,1,"","","","","","",0,1,"","",0,1,0,1,0,1,"","","","","","","","","","","","","","","","","","","","","","","","",9000,1,"","",0,1,"","","","","","","","","","","","",3,1,270,1,"","","","","","","","","","","","","","","","","","","","","","","","","","","","","","","","","","","","","","","","","","","","","","","","","","","",""
"33236002","CAP-FERRET",44.630667,-1.252,8,1977010309,"","","","",3.,1,60,1,"","","","","","","","","","","","","","","","","","","","","","","","","","","","",2.4,1,1.2,1,"","","","","","","","","","","","","","","","","","","","","","","","","","",93,1,"","","","","","","","","","","","",6.7,1,1032.4,1,"","","","","","",0,1,"","",0,1,0,1,0,1,"","","","","","","","","","","","","","","","","","","","","","","","",8000,1,"","",2,1,0,1,"","","","","","","","","","",3,1,270,1,"","","","","","","","","","","","","","","","","","","","","","","","","","","","","","","","","","","","","","","","","","","","","","","","","","","",""
"33236002","CAP-FERRET",44.630667,-1.252,8,1977010312,"","","","",3.,1,80,1,"","","","","","","","","","","","","","","","","","","","","","","","","","","","",4.8,1,3.3,1,"","","","","","","","","","","","","","","","","","","","","","","","","","",91,1,"","","","","","","","","","","","",7.8,1,1032.5,1,"","","","","","",1,1,0,1,2,1,0,1,0,1,"","","","","","","","","","","","","","","","","","","","","","","","",10000,1,"","",2,1,0,1,"","","","","","","","","","",3,1,270,1,"","","","","","","","","","","","","","","","","","","","","","","","","","","","","","","","","","","","","","","","","","","","","","","","","","","",""
"33236002","CAP-FERRET",44.630667,-1.252,8,1977010315,"","","","",3.,1,60,1,"","","","","","","","","","","","","","","","","","","","","","","","","","","","",5.5,1,4.2,1,"","","","","","","","","","","","","","","","","","","","","","","","","","",92,1,"","","","","","","","","","","","",8.3,1,1032.9,1,"","","","","","",2,1,0,1,2,1,0,1,0,1,"","","","","","","","","","","","","","","","","","","","","","","","",16000,1,"","",3,1,0,1,"","","","","","","","","","",2,1,270,1,"","","","","","","","","","","","","","","","","","","","","","","","","","","","","","","","","","","","","","","","","","","","","","","","","","","",""
"33236002","CAP-FERRET",44.630667,-1.252,8,1977010318,"","","","",3.,1,60,1,"","","","","","","","","","","","","","","","","","","","","","","","","","","","",4.,1,1.8,1,"","","","","","","","","","","","","","","","","","","","","","","","","","",87,1,"","","","","","","","","","","","",7.,1,1034.9,1,"","","","","","",2,1,0,1,2,1,0,1,0,1,"","","","","","","","","","","","","","","","","","","","","","","","",18000,1,"","",2,1,0,1,"","","","","","","","","","",2,1,270,1,"","","","","","","","","","","","","","","","","","","","","","","","","","","","","","","","","","","","","","","","","","","","","","","","","","","",""
"33236002","CAP-FERRET",44.630667,-1.252,8,1977010321,"","","","",5.,1,60,1,"","","","","","","","","","","","","","","","","","","","","","","","","","","","",4.,1,1.8,1,"","","","","","","","","","","","","","","","","","","","","","","","","","",87,1,"","","","","","","","","","","","",7.,1,1036.3,1,"","","","","","",8,1,6,1,5,1,"","","","","","","","","","","","","","","","","","","","","","","","","","","","",13000,1,"","",3,1,1,1,"","","","","","","","","","",2,1,270,1,"","","","","","","","","","","","","","","","","","","","","","","","","","","","","","","","","","","","","","","","","","","","","","","","","","","",""
"33236002","CAP-FERRET",44.630667,-1.252,8,1977010403,"","","","","","","","","","","","","","","","","","","","","","","","","","","","","","","","","","","","","","","","","","","","","","","","","","","","","","","","","","","","","","","","","","","","","","","","","","","","","","","","","","",1035.4,1,"","","","","","","","","","","","","","","","","","","","","","","","","","","","","","","","","","","","","","","","","","","","","","","","","","","","","","","","","","","","","","","","","","","","","","","","","","","","","","","","","","","","","","","","","","","","","","","","","","","","","","","","","","","","","","","","","",""
"33236002","CAP-FERRET",44.630667,-1.252,8,1977010406,"","","","",5.,1,80,1,"","","","","","","","","","","","","","","","","","","","","","","","","","","","",1.4,1,1.4,1,"","","","","","","","","","","","","","","","","","","","","","","","","","",100,1,"","","","","","","","","","","","",6.8,1,1035.9,1,"","","","","","",0,1,"","",0,1,0,1,0,1,"","","","","","","","","","","","","","","","","","","","","","","","",10000,1,"","",0,1,"","","","","","","","","","","","",2,1,270,1,"","","","","","","","","","","","","","","","","","","","","","","","","","","","","","","","","","","","","","","","","","","","","","","","","","","",""
"33236002","CAP-FERRET",44.630667,-1.252,8,1977010409,"","","","",3.,1,60,1,"","","","","","","","","","","","","","","","","","","","","","","","","","","","","","",0.8,1,"","","","","","","","","","","","","","","","","","","","","","","","","","",100,1,"","","","","","","","","","","","",6.5,1,1037.3,1,"","","","","","",2,1,0,1,5,1,0,1,0,1,"","","","","","","","","","","","","","","","","","","","","","","","",8000,1,"","",2,1,0,1,"","","","","","","","","","",3,1,270,1,"","","","","","","","","","","","","","","","","","","","","","","","","","","","","","","","","","","","","","","","","","","","","","","","","","","",""
"33236002","CAP-FERRET",44.630667,-1.252,8,1977010412,"","","","",5.,1,100,1,"","","","","","","","","","","","","","","","","","","","","","","","","","","","","","",-0.2,1,"","","","","","","","","","","","","","","","","","","","","","","","","","",96,1,"","","","","","","","","","","","",6.,1,1036.5,1,"","","","","","",8,1,8,1,6,1,0,1,0,1,"","","","","","","","","","","","","","","","","","","","","","","","",2000,1,"","",10,1,4,1,"","","","","","","","","","",3,1,270,1,"","","","","","","","","","","","","","","","","","","","","","","","","","","","","","","","","","","","","","","","","","","","","","","","","","","",""
"33236002","CAP-FERRET",44.630667,-1.252,8,1977010415,"","","","",2.,1,60,1,"","","","","","","","","","","","","","","","","","","","","","","","","","","","",3.4,1,0.8,1,"","","","","","","","","","","","","","","","","","","","","","","","","","",83,1,"","","","","","","","","","","","",6.5,1,1034.9,1,"","","","","","",1,1,0,1,5,1,0,1,0,1,"","","","","","","","","","","","","","","","","","","","","","","","",6000,1,"","",1,1,1,1,"","","","","","","","","","",3,1,270,1,"","","","","","","","","","","","","","","","","","","","","","","","","","","","","","","","","","","","","","","","","","","","","","","","","","","",""
"33236002","CAP-FERRET",44.630667,-1.252,8,1977010418,"","","","",5.,1,60,1,"","","","","","","","","","","","","","","","","","","","","","","","","","","","",1.8,1,0.2,1,"","","","","","","","","","","","","","","","","","","","","","","","","","",89,1,"","","","","","","","","","","","",6.2,1,1034.9,1,"","","","","","",1,1,0,1,5,1,0,1,0,1,"","","","","","","","","","","","","","","","","","","","","","","","",10000,1,"","",2,1,1,1,"","","","","","","","","","",3,1,270,1,"","","","","","","","","","","","","","","","","","","","","","","","","","","","","","","","","","","","","","","","","","","","","","","","","","","",""
"33236002","CAP-FERRET",44.630667,-1.252,8,1977010421,"","","","",4.,1,60,1,"","","","","","","","","","","","","","","","","","","","","","","","","","","","",1.2,1,0.,1,"","","","","","","","","","","","","","","","","","","","","","","","","","",92,1,"","","","","","","","","","","","",6.1,1,1034.7,1,"","","","","","",2,1,0,1,5,1,0,1,0,1,"","","","","","","","","","","","","","","","","","","","","","","","",6000,1,"","",3,1,0,1,"","","","","","","","","","",3,1,270,1,"","","","","","","","","","","","","","","","","","","","","","","","","","","","","","","","","","","","","","","","","","","","","","","","","","","",""
"33236002","CAP-FERRET",44.630667,-1.252,8,1977010503,"","","","","","","","","","","","","","","","","","","","","","","","","","","","","","","","","","","","","","","","","","","","","","","","","","","","","","","","","","","","","","","","","","","","","","","","","","","","","","","","","","",1033.5,1,"","","","","","","","","","","","","","","","","","","","","","","","","","","","","","","","","","","","","","","","","","","","","","","","","","","","","","","","","","","","","","","","","","","","","","","","","","","","","","","","","","","","","","","","","","","","","","","","","","","","","","","","","","","","","","","","","",""
"33236002","CAP-FERRET",44.630667,-1.252,8,1977010506,"","","","",5.,1,20,1,"","","","","","","","","","","","","","","","","","","","","","","","","","","","","","",-0.4,1,"","","","","","","","","","","","","","","","","","","","","","","","","","",100,1,"","","","","","","","","","","","",5.9,1,1032.5,1,"","","","","","",1,1,0,1,0,1,0,1,1,1,"","","","","","","","","","","","","","","","","","","","","","","","",9000,1,"","",0,1,"","","","","","","","","","","","",3,1,270,1,"","","","","","","","","","","","","","","","","","","","","","","","","","","","","","","","","","","","","","","","","","","","","","","","","","","",""
"33236002","CAP-FERRET",44.630667,-1.252,8,1977010509,"","","","",4.,1,40,1,"","","","","","","","","","","","","","","","","","","","","","","","","","","","",1.,1,0.,1,"","","","","","","","","","","","","","","","","","","","","","","","","","",92,1,"","","","","","","","","","","","",6.1,1,1033.6,1,"","","","","","",8,1,8,1,5,1,"","","","","","","","","","","","","","","","","","","","","","","","","","","","",6000,1,"","",3,1,1,1,"","","","","","","","","","",3,1,270,1,"","","","","","","","","","","","","","","","","","","","","","","","","","","","","","","","","","","","","","","","","","","","","","","","","","","",""
"33236002","CAP-FERRET",44.630667,-1.252,8,1977010512,"","","","",4.,1,80,1,"","","","","","","","","","","","","","","","","","","","","","","","","","","","",3.,1,0.8,1,"","","","","","","","","","","","","","","","","","","","","","","","","","",86,1,"","","","","","","","","","","","",6.5,1,1032.7,1,"","","","","","",7,1,7,1,5,1,"","","","","","","","","","","","","","","","","","","","","","","","","","","","",9000,1,"","",1,1,2,1,"","","","","","","","","","",3,1,270,1,"","","","","","","","","","","","","","","","","","","","","","","","","","","","","","","","","","","","","","","","","","","","","","","","","","","",""
"33236002","CAP-FERRET",44.630667,-1.252,8,1977010515,"","","","",3.,1,80,1,"","","","","","","","","","","","","","","","","","","","","","","","","","","","",3.8,1,1.2,1,"","","","","","","","","","","","","","","","","","","","","","","","","","",83,1,"","","","","","","","","","","","",6.7,1,1031.9,1,"","","","","","",7,1,7,1,5,1,"","","","","","","","","","","","","","","","","","","","","","","","","","","","",9000,1,"","",2,1,2,1,"","","","","","","","","","",3,1,270,1,"","","","","","","","","","","","","","","","","","","","","","","","","","","","","","","","","","","","","","","","","","","","","","","","","","","",""
"33236002","CAP-FERRET",44.630667,-1.252,8,1977010518,"","","","",4.,1,60,1,"","","","","","","","","","","","","","","","","","","","","","","","","","","","",2.6,1,1.,1,"","","","","","","","","","","","","","","","","","","","","","","","","","",89,1,"","","","","","","","","","","","",6.6,1,1032.5,1,"","","","","","",7,1,7,1,5,1,"","","","","","","","","","","","","","","","","","","","","","","","","","","","",10000,1,"","",2,1,2,1,"","","","","","","","","","",3,1,270,1,"","","","","","","","","","","","","","","","","","","","","","","","","","","","","","","","","","","","","","","","","","","","","","","","","","","",""
"33236002","CAP-FERRET",44.630667,-1.252,8,1977010521,"","","","",3.,1,60,1,"","","","","","","","","","","","","","","","","","","","","","","","","","","","",1.6,1,0.4,1,"","","","","","","","","","","","","","","","","","","","","","","","","","",92,1,"","","","","","","","","","","","",6.3,1,1032.5,1,"","","","","","",3,1,0,1,5,1,0,1,0,1,"","","","","","","","","","","","","","","","","","","","","","","","",8000,1,"","",1,1,1,1,"","","","","","","","","","",3,1,270,1,"","","","","","","","","","","","","","","","","","","","","","","","","","","","","","","","","","","","","","","","","","","","","","","","","","","",""
"33236002","CAP-FERRET",44.630667,-1.252,8,1977010603,"","","","","","","","","","","","","","","","","","","","","","","","","","","","","","","","","","","","","","","","","","","","","","","","","","","","","","","","","","","","","","","","","","","","","","","","","","","","","","","","","","",1031.5,1,"","","","","","","","","","","","","","","","","","","","","","","","","","","","","","","","","","","","","","","","","","","","","","","","","","","","","","","","","","","","","","","","","","","","","","","","","","","","","","","","","","","","","","","","","","","","","","","","","","","","","","","","","","","","","","","","","",""
"33236002","CAP-FERRET",44.630667,-1.252,8,1977010606,"","","","",4.,1,60,1,"","","","","","","","","","","","","","","","","","","","","","","","","","","","","","",-0.2,1,"","","","","","","","","","","","","","","","","","","","","","","","","","",96,1,"","","","","","","","","","","","",6.,1,1031.1,1,"","","","","","",0,1,"","",0,1,0,1,0,1,"","","","","","","","","","","","","","","","","","","","","","","","",4000,1,"","",10,1,"","","","","","","","","","","","",3,1,270,1,"","","","","","","","","","","","","","","","","","","","","","","","","","","","","","","","","","","","","","","","","","","","","","","","","","","",""
"33236002","CAP-FERRET",44.630667,-1.252,8,1977010609,"","","","",3.,1,60,1,"","","","","","","","","","","","","","","","","","","","","","","","","","","","","","",0.5,1,"","","","","","","","","","","","","","","","","","","","","","","","","","",100,1,"","","","","","","","","","","","",6.3,1,1032.7,1,"","","","","","",6,1,6,1,5,1,0,1,0,1,"","","","","","","","","","","","","","","","","","","","","","","","",4000,1,"","",10,1,1,1,"","","","","","","","","","",3,1,270,1,"","","","","","","","","","","","","","","","","","","","","","","","","","","","","","","","","","","","","","","","","","","","","","","","","","","",""
"33236002","CAP-FERRET",44.630667,-1.252,8,1977010612,"","","","",3.,1,40,1,"","","","","","","","","","","","","","","","","","","","","","","","","","","","",5.,1,2.4,1,"","","","","","","","","","","","","","","","","","","","","","","","","","",84,1,"","","","","","","","","","","","",7.3,1,1030.7,1,"","","","","","",6,1,6,1,5,1,0,1,0,1,"","","","","","","","","","","","","","","","","","","","","","","","",5000,1,"","",2,1,1,1,"","","","","","","","","","",3,1,270,1,"","","","","","","","","","","","","","","","","","","","","","","","","","","","","","","","","","","","","","","","","","","","","","","","","","","",""
"33236002","CAP-FERRET",44.630667,-1.252,8,1977010615,"","","","",3.,1,80,1,"","","","","","","","","","","","","","","","","","","","","","","","","","","","",7.4,1,4.,1,"","","","","","","","","","","","","","","","","","","","","","","","","","",80,1,"","","","","","","","","","","","",8.2,1,1029.5,1,"","","","","","",7,1,7,1,5,1,"","","","","","","","","","","","","","","","","","","","","","","","","","","","",7000,1,"","",2,1,2,1,"","","","","","","","","","",3,1,270,1,"","","","","","","","","","","","","","","","","","","","","","","","","","","","","","","","","","","","","","","","","","","","","","","","","","","",""
"33236002","CAP-FERRET",44.630667,-1.252,8,1977010618,"","","","",3.,1,60,1,"","","","","","","","","","","","","","","","","","","","","","","","","","","","",6.4,1,3.5,1,"","","","","","","","","","","","","","","","","","","","","","","","","","",82,1,"","","","","","","","","","","","",7.9,1,1030.1,1,"","","","","","",8,1,8,1,5,1,"","","","","","","","","","","","","","","","","","","","","","","","","","","","",10000,1,"","",2,1,2,1,"","","","","","","","","","",3,1,270,1,"","","","","","","","","","","","","","","","","","","","","","","","","","","","","","","","","","","","","","","","","","","","","","","","","","","",""
"33236002","CAP-FERRET",44.630667,-1.252,8,1977010621,"","","","",2.,1,40,1,"","","","","","","","","","","","","","","","","","","","","","","","","","","","",5.6,1,4.,1,"","","","","","","","","","","","","","","","","","","","","","","","","","",91,1,"","","","","","","","","","","","",8.2,1,1030.3,1,"","","","","","",8,1,8,1,5,1,"","","","","","","","","","","","","","","","","","","","","","","","","","","","",8000,1,"","",2,1,2,1,"","","","","","","","","","",3,1,270,1,"","","","","","","","","","","","","","","","","","","","","","","","","","","","","","","","","","","","","","","","","","","","","","","","","","","",""
"33236002","CAP-FERRET",44.630667,-1.252,8,1977010703,"","","","","","","","","","","","","","","","","","","","","","","","","","","","","","","","","","","","","","","","","","","","","","","","","","","","","","","","","","","","","","","","","","","","","","","","","","","","","","","","","","",1030.5,1,"","","","","","","","","","","","","","","","","","","","","","","","","","","","","","","","","","","","","","","","","","","","","","","","","","","","","","","","","","","","","","","","","","","","","","","","","","","","","","","","","","","","","","","","","","","","","","","","","","","","","","","","","","","","","","","","","",""
"33236002","CAP-FERRET",44.630667,-1.252,8,1977010706,"","","","",2.,1,120,1,"","","","","","","","","","","","","","","","","","","","","","","","","","","","",5.,1,2.,1,"","","","","","","","","","","","","","","","","","","","","","","","","","",87,1,"","","","","","","","","","","","",7.1,1,1031.,1,"","","","","","",8,1,8,1,5,1,"","","","","","","","","","","","","","","","","","","","","","","","","","","","",6000,1,"","",0,1,"","","","","","","","","","","","",3,1,270,1,"","","","","","","","","","","","","","","","","","","","","","","","","","","","","","","","","","","","","","","","","","","","","","","","","","","",""
"33236002","CAP-FERRET",44.630667,-1.252,8,1977010709,"","","","",4.,1,60,1,"","","","","","","","","","","","","","","","","","","","","","","","","","","","",5.4,1,2.4,1,"","","","","","","","","","","","","","","","","","","","","","","","","","",82,1,"","","","","","","","","","","","",7.3,1,1032.2,1,"","","","","","",8,1,8,1,5,1,"","","","","","","","","","","","","","","","","","","","","","","","","","","","",8000,1,"","",1,1,2,1,"","","","","","","","","","",3,1,270,1,"","","","","","","","","","","","","","","","","","","","","","","","","","","","","","","","","","","","","","","","","","","","","","","","","","","",""
"33236002","CAP-FERRET",44.630667,-1.252,8,1977010712,"","","","",4.,1,80,1,"","","","","","","","","","","","","","","","","","","","","","","","","","","","",7.4,1,5.9,1,"","","","","","","","","","","","","","","","","","","","","","","","","","",91,1,"","","","","","","","","","","","",9.4,1,1032.4,1,"","","","","","",3,1,0,1,0,1,0,1,2,1,"","","","","","","","","","","","","","","","","","","","","","","","",10000,1,"","",1,1,1,1,"","","","","","","","","","",3,1,290,1,"","","","","","","","","","","","","","","","","","","","","","","","","","","","","","","","","","","","","","","","","","","","","","","","","","","",""
"33236002","CAP-FERRET",44.630667,-1.252,8,1977010715,"","","","",5.,1,60,1,"","","","","","","","","","","","","","","","","","","","","","","","","","","","",9.2,1,6.1,1,"","","","","","","","","","","","","","","","","","","","","","","","","","",82,1,"","","","","","","","","","","","",9.5,1,1032.,1,"","","","","","",2,1,0,1,0,1,0,1,2,1,"","","","","","","","","","","","","","","","","","","","","","","","",12000,1,"","",1,1,0,1,"","","","","","","","","","",3,1,290,1,"","","","","","","","","","","","","","","","","","","","","","","","","","","","","","","","","","","","","","","","","","","","","","","","","","","",""
"33236002","CAP-FERRET",44.630667,-1.252,8,1977010718,"","","","",6.,1,60,1,"","","","","","","","","","","","","","","","","","","","","","","","","","","","",6.4,1,3.5,1,"","","","","","","","","","","","","","","","","","","","","","","","","","",82,1,"","","","","","","","","","","","",7.9,1,1033.2,1,"","","","","","",0,1,"","",0,1,0,1,0,1,"","","","","","","","","","","","","","","","","","","","","","","","",10000,1,"","",2,1,0,1,"","","","","","","","","","",3,1,290,1,"","","","","","","","","","","","","","","","","","","","","","","","","","","","","","","","","","","","","","","","","","","","","","","","","","","",""
"33236002","CAP-FERRET",44.630667,-1.252,8,1977010721,"","","","",8.,1,60,1,"","","","","","","","","","","","","","","","","","","","","","","","","","","","",4.5,1,3.1,1,"","","","","","","","","","","","","","","","","","","","","","","","","","",90,1,"","","","","","","","","","","","",7.7,1,1034.2,1,"","","","","","",0,1,"","",0,1,0,1,0,1,"","","","","","","","","","","","","","","","","","","","","","","","",8000,1,"","",2,1,0,1,"","","","","","","","","","",3,1,290,1,"","","","","","","","","","","","","","","","","","","","","","","","","","","","","","","","","","","","","","","","","","","","","","","","","","","",""
"33236002","CAP-FERRET",44.630667,-1.252,8,1977010803,"","","","","","","","","","","","","","","","","","","","","","","","","","","","","","","","","","","","","","","","","","","","","","","","","","","","","","","","","","","","","","","","","","","","","","","","","","","","","","","","","","",1034.6,1,"","","","","","","","","","","","","","","","","","","","","","","","","","","","","","","","","","","","","","","","","","","","","","","","","","","","","","","","","","","","","","","","","","","","","","","","","","","","","","","","","","","","","","","","","","","","","","","","","","","","","","","","","","","","","","","","","",""
"33236002","CAP-FERRET",44.630667,-1.252,8,1977010806,"","","","",5.,1,60,1,"","","","","","","","","","","","","","","","","","","","","","","","","","","","",1.4,1,0.4,1,"","","","","","","","","","","","","","","","","","","","","","","","","","",92,1,"","","","","","","","","","","","",6.3,1,1034.6,1,"","","","","","",1,1,0,1,6,1,0,1,0,1,"","","","","","","","","","","","","","","","","","","","","","","","",6000,1,"","",0,1,"","","","","","","","","","","","",3,1,290,1,"","","","","","","","","","","","","","","","","","","","","","","","","","","","","","","","","","","","","","","","","","","","","","","","","","","",""
"33236002","CAP-FERRET",44.630667,-1.252,8,1977010809,"","","","",4.,1,60,1,"","","","","","","","","","","","","","","","","","","","","","","","","","","","",1.4,1,0.4,1,"","","","","","","","","","","","","","","","","","","","","","","","","","",92,1,"","","","","","","","","","","","",6.3,1,1035.3,1,"","","","","","",0,1,"","",0,1,0,1,0,1,"","","","","","","","","","","","","","","","","","","","","","","","",10000,1,"","",2,1,0,1,"","","","","","","","","","",3,1,290,1,"","","","","","","","","","","","","","","","","","","","","","","","","","","","","","","","","","","","","","","","","","","","","","","","","","","",""
"33236002","CAP-FERRET",44.630667,-1.252,8,1977010812,"","","","",2.,1,40,1,"","","","","","","","","","","","","","","","","","","","","","","","","","","","",4.,1,1.4,1,"","","","","","","","","","","","","","","","","","","","","","","","","","",83,1,"","","","","","","","","","","","",6.8,1,1034.7,1,"","","","","","",1,1,0,1,1,1,0,1,0,1,"","","","","","","","","","","","","","","","","","","","","","","","",14000,1,"","",3,1,0,1,"","","","","","","","","","",3,1,290,1,"","","","","","","","","","","","","","","","","","","","","","","","","","","","","","","","","","","","","","","","","","","","","","","","","","","",""
"33236002","CAP-FERRET",44.630667,-1.252,8,1977010815,"","","","",3.,1,40,1,"","","","","","","","","","","","","","","","","","","","","","","","","","","","",6.5,1,2.8,1,"","","","","","","","","","","","","","","","","","","","","","","","","","",78,1,"","","","","","","","","","","","",7.5,1,1033.1,1,"","","","","","",0,1,"","",0,1,0,1,0,1,"","","","","","","","","","","","","","","","","","","","","","","","",20000,1,"","",2,1,0,1,"","","","","","","","","","",3,1,290,1,"","","","","","","","","","","","","","","","","","","","","","","","","","","","","","","","","","","","","","","","","","","","","","","","","","","",""
"33236002","CAP-FERRET",44.630667,-1.252,8,1977010818,"","","","",3.,1,60,1,"","","","","","","","","","","","","","","","","","","","","","","","","","","","",4.5,1,2.8,1,"","","","","","","","","","","","","","","","","","","","","","","","","","",89,1,"","","","","","","","","","","","",7.5,1,1033.1,1,"","","","","","",0,1,"","",0,1,0,1,0,1,"","","","","","","","","","","","","","","","","","","","","","","","",18000,1,"","",2,1,0,1,"","","","","","","","","","",3,1,290,1,"","","","","","","","","","","","","","","","","","","","","","","","","","","","","","","","","","","","","","","","","","","","","","","","","","","",""
"33236002","CAP-FERRET",44.630667,-1.252,8,1977010821,"","","","",5.,1,60,1,"","","","","","","","","","","","","","","","","","","","","","","","","","","","",2.6,1,1.,1,"","","","","","","","","","","","","","","","","","","","","","","","","","",89,1,"","","","","","","","","","","","",6.6,1,1033.1,1,"","","","","","",0,1,"","",0,1,0,1,0,1,"","","","","","","","","","","","","","","","","","","","","","","","",14000,1,"","",2,1,0,1,"","","","","","","","","","",3,1,290,1,"","","","","","","","","","","","","","","","","","","","","","","","","","","","","","","","","","","","","","","","","","","","","","","","","","","",""
"33236002","CAP-FERRET",44.630667,-1.252,8,1977010903,"","","","","","","","","","","","","","","","","","","","","","","","","","","","","","","","","","","","","","","","","","","","","","","","","","","","","","","","","","","","","","","","","","","","","","","","","","","","","","","","","","",1030.5,1,"","","","","","","","","","","","","","","","","","","","","","","","","","","","","","","","","","","","","","","","","","","","","","","","","","","","","","","","","","","","","","","","","","","","","","","","","","","","","","","","","","","","","","","","","","","","","","","","","","","","","","","","","","","","","","","","","",""
"33236002","CAP-FERRET",44.630667,-1.252,8,1977010906,"","","","",2.,1,60,1,"","","","","","","","","","","","","","","","","","","","","","","","","","","","",-0.6,1,-1.2,1,"","","","","","","","","","","","","","","","","","","","","","","","","","",96,1,"","","","","","","","","","","","",5.6,1,1029.1,1,"","","","","","",2,1,0,1,6,1,0,1,0,1,"","","","","","","","","","","","","","","","","","","","","","","","",5000,1,"","",0,1,"","","","","","","","","","","","",3,1,290,1,"","","","","","","","","","","","","","","","","","","","","","","","","","","","","","","","","","","","","","","","","","","","","","","","","","","",""
"33236002","CAP-FERRET",44.630667,-1.252,8,1977010909,"","","","",2.,1,100,1,"","","","","","","","","","","","","","","","","","","","","","","","","","","","",0.4,1,0.4,1,"","","","","","","","","","","","","","","","","","","","","","","","","","",100,1,"","","","","","","","","","","","",6.3,1,1028.5,1,"","","","","","",0,1,"","",0,1,0,1,0,1,"","","","","","","","","","","","","","","","","","","","","","","","",500,1,"","",46,1,4,1,"","","","","","","","","","",2,1,"","","","","","","","","","","","","","","","","","","","","","","","","","","","","","","","","","","","","","","","","","","","","","","","","","","","","",""
"33236002","CAP-FERRET",44.630667,-1.252,8,1977010912,"","","","",3.,1,200,1,"","","","","","","","","","","","","","","","","","","","","","","","","","","","",3.5,1,1.6,1,"","","","","","","","","","","","","","","","","","","","","","","","","","",88,1,"","","","","","","","","","","","",6.9,1,1025.9,1,"","","","","","",2,1,0,1,5,1,0,1,0,1,"","","","","","","","","","","","","","","","","","","","","","","","",7000,1,"","",2,1,4,1,"","","","","","","","","","",2,1,"","","","","","","","","","","","","","","","","","","","","","","","","","","","","","","","","","","","","","","","","","","","","","","","","","","","","",""
"33236002","CAP-FERRET",44.630667,-1.252,8,1977010915,"","","","",5.,1,220,1,"","","","","","","","","","","","","","","","","","","","","","","","","","","","",4.8,1,2.8,1,"","","","","","","","","","","","","","","","","","","","","","","","","","",87,1,"","","","","","","","","","","","",7.5,1,1023.7,1,"","","","","","",8,1,8,1,5,1,"","","","","","","","","","","","","","","","","","","","","","","","","","","","",12000,1,"","",3,1,1,1,"","","","","","","","","","",3,1,"","","","","","","","","","","","","","","","","","","","","","","","","","","","","","","","","","","","","","","","","","","","","","","","","","","","","",""
"33236002","CAP-FERRET",44.630667,-1.252,8,1977010918,"","","","",8.,1,220,1,"","","","","","","","","","","","","","","","","","","","","","","","","","","","",6.6,1,3.7,1,"","","","","","","","","","","","","","","","","","","","","","","","","","",79,1,"","","","","","","","","","","","",8.,1,1019.5,1,"","","","","","",8,1,5,1,5,1,7,1,"","","","","","","","","","","","","","","","","","","","","","","","","","",18000,1,"","",3,1,1,1,"","","","","","","","","","",3,1,"","","","","","","","","","","","","","","","","","","","","","","","","","","","","","","","","","","","","","","","","","","","","","","","","","","","","",""
"33236002","CAP-FERRET",44.630667,-1.252,8,1977010921,"","","","",10.,1,220,1,"","","","","","","","","","","","","","","","","","","","","","","","","","","","",7.4,1,4.5,1,"","","","","","","","","","","","","","","","","","","","","","","","","","",83,1,"","","","","","","","","","","","",8.5,1,1015.9,1,"","","","","","",8,1,6,1,7,1,7,1,"","","","","","","","","","","","","","","","","","","","","","","","","","",16000,1,"","",2,1,2,1,"","","","","","","","","","",3,1,270,1,"","","","","","","","","","","","","","","","","","","","","","","","","","","","","","","","","","","","","","","","","","","","","","","","","","","",""
"33236002","CAP-FERRET",44.630667,-1.252,8,1977011003,"","","","","","","","","","","","","","","","","","","","","","","","","","","","","","","","","","","","","","","","","","","","","","","","","","","","","","","","","","","","","","","","","","","","","","","","","","","","","","","","","","",1008.7,1,"","","","","","","","","","","","","","","","","","","","","","","","","","","","","","","","","","","","","","","","","","","","","","","","","","","","","","","","","","","","","","","","","","","","","","","","","","","","","","","","","","","","","","","","","","","","","","","","","","","","","","","","","","","","","","","","","",""
"33236002","CAP-FERRET",44.630667,-1.252,8,1977011006,"","","","",9.,1,260,1,"","","","","","","","","","","","","","","","","","","","","","","","","","","","",8.5,1,6.8,1,"","","","","","","","","","","","","","","","","","","","","","","","","","",90,1,"","","","","","","","","","","","",10.,1,1005.7,1,"","","","","","",8,1,8,1,5,1,"","","","","","","","","","","","","","","","","","","","","","","","","","","","",14000,1,"","",0,1,"","","","","","","","","","","","",4,1,"","","","","","","","","","","","","","","","","","","","","","","","","","","","","","","","","","","","","","","","","","","","","","","","","","","","","",""
"33236002","CAP-FERRET",44.630667,-1.252,8,1977011009,"","","","",12.,1,260,1,"","","","","","","","","","","","","","","","","","","","","","","","","","","","",8.4,1,6.5,1,"","","","","","","","","","","","","","","","","","","","","","","","","","",89,1,"","","","","","","","","","","","",9.8,1,1003.9,1,"","","","","","",8,1,5,1,8,1,7,1,"","","","","","","","","","","","","","","","","","","","","","","","","","",16000,1,"","",2,1,6,1,"","","","","","","","","","",4,1,"","","","","","","","","","","","","","","","","","","","","","","","","","","","","","","","","","","","","","","","","","","","","","","","","","","","","",""
"33236002","CAP-FERRET",44.630667,-1.252,8,1977011012,"","","","",8.,1,300,1,"","","","","","","","","","","","","","","","","","","","","","","","","","","","",7.8,1,6.4,1,"","","","","","","","","","","","","","","","","","","","","","","","","","",91,1,"","","","","","","","","","","","",9.7,1,1001.5,1,"","","","","","",8,1,6,1,7,1,7,1,"","","","","","","","","","","","","","","","","","","","","","","","","","",14000,1,"","",15,1,6,1,"","","","","","","","","","",4,1,"","","","","","","","","","","","","","","","","","","","","","","","","","","","","","","","","","","","","","","","","","","","","","","","","","","","","",""
"33236002","CAP-FERRET",44.630667,-1.252,8,1977011015,"","","","",9.,1,260,1,"","","","","","","","","","","","","","","","","","","","","","","","","","","","",8.2,1,5.5,1,"","","","","","","","","","","","","","","","","","","","","","","","","","",84,1,"","","","","","","","","","","","",9.1,1,999.5,1,"","","","","","",8,1,6,1,8,1,7,1,"","","","","","","","","","","","","","","","","","","","","","","","","","",22000,1,"","",2,1,6,1,"","","","","","","","","","",4,1,"","","","","","","","","","","","","","","","","","","","","","","","","","","","","","","","","","","","","","","","","","","","","","","","","","","","","",""
"33236002","CAP-FERRET",44.630667,-1.252,8,1977011018,"","","","",8.,1,280,1,"","","","","","","","","","","","","","","","","","","","","","","","","","","","",7.6,1,5.3,1,"","","","","","","","","","","","","","","","","","","","","","","","","","",86,1,"","","","","","","","","","","","",9.,1,999.5,1,"","","","","","",8,1,5,1,8,1,7,1,"","","","","","","","","","","","","","","","","","","","","","","","","","",20000,1,"","",15,1,8,1,"","","","","","","","","","",4,1,"","","","","","","","","","","","","","","","","","","","","","","","","","","","","","","","","","","","","","","","","","","","","","","","","","","","","",""
"33236002","CAP-FERRET",44.630667,-1.252,8,1977011021,"","","","",7.,1,280,1,"","","","","","","","","","","","","","","","","","","","","","","","","","","","",8.,1,4.5,1,"","","","","","","","","","","","","","","","","","","","","","","","","","",78,1,"","","","","","","","","","","","",8.5,1,998.9,1,"","","","","","",3,1,0,1,8,1,0,1,0,1,"","","","","","","","","","","","","","","","","","","","","","","","",20000,1,"","",1,1,8,1,"","","","","","","","","","",4,1,"","","","","","","","","","","","","","","","","","","","","","","","","","","","","","","","","","","","","","","","","","","","","","","","","","","","","",""
"33236002","CAP-FERRET",44.630667,-1.252,8,1977011100,"","","","","","","","","","","","","","","","","","","","","","","","","","","","","","","","","","","","","","","","","","","","","","","","","","","","","","","","","","","","","","","","","","","","","","","","","","","","","","","","","","",997.8,1,"","","","","","","","","","","","","","","","","","","","","","","","","","","","","","","","","","","","","","","","","","","","","","","","","","","","","","","","","","","","","","","","","","","","","","","","","","","","","","","","","","","","","","","","","","","","","","","","","","","","","","","","","","","","","","","","","",""
"33236002","CAP-FERRET",44.630667,-1.252,8,1977011103,"","","","",6.,1,280,1,"","","","","","","","","","","","","","","","","","","","","","","","","","","","",6.5,1,4.,1,"","","","","","","","","","","","","","","","","","","","","","","","","","",85,1,"","","","","","","","","","","","",8.2,1,997.1,1,"","","","","","",7,1,7,1,5,1,"","","","","","","","","","","","","","","","","","","","","","","","","","","","",10000,1,"","",0,1,"","","","","","","","","","","","",4,1,270,1,"","","","","","","","","","","","","","","","","","","","","","","","","","","","","","","","","","","","","","","","","","","","","","","","","","","",""
"33236002","CAP-FERRET",44.630667,-1.252,8,1977011106,"","","","",3.,1,80,1,"","","","","","","","","","","","","","","","","","","","","","","","","","","","",4.4,1,4.4,1,"","","","","","","","","","","","","","","","","","","","","","","","","","",100,1,"","","","","","","","","","","","",8.4,1,996.,1,"","","","","","",7,1,7,1,5,1,"","","","","","","","","","","","","","","","","","","","","","","","","","","","",10000,1,"","",0,1,"","","","","","","","","","","","",3,1,270,1,"","","","","","","","","","","","","","","","","","","","","","","","","","","","","","","","","","","","","","","","","","","","","","","","","","","",""
"33236002","CAP-FERRET",44.630667,-1.252,8,1977011109,"","","","",4.,1,200,1,"","","","","","","","","","","","","","","","","","","","","","","","","","","","",4.5,1,3.8,1,"","","","","","","","","","","","","","","","","","","","","","","","","","",97,1,"","","","","","","","","","","","",8.1,1,996.8,1,"","","","","","",7,1,5,1,8,1,"","","","","","","","","","","","","","","","","","","","","","","","","","","","",10000,1,"","",2,1,2,1,"","","","","","","","","","",3,1,270,1,"","","","","","","","","","","","","","","","","","","","","","","","","","","","","","","","","","","","","","","","","","","","","","","","","","","",""
"33236002","CAP-FERRET",44.630667,-1.252,8,1977011112,"","","","",2.,1,220,1,"","","","","","","","","","","","","","","","","","","","","","","","","","","","",4.9,1,4.,1,"","","","","","","","","","","","","","","","","","","","","","","","","","",95,1,"","","","","","","","","","","","",8.2,1,996.8,1,"","","","","","",5,1,0,1,2,1,0,1,2,1,"","","","","","","","","","","","","","","","","","","","","","","","",12000,1,"","",2,1,8,1,"","","","","","","","","","",3,1,270,1,"","","","","","","","","","","","","","","","","","","","","","","","","","","","","","","","","","","","","","","","","","","","","","","","","","","",""
"33236002","CAP-FERRET",44.630667,-1.252,8,1977011115,"","","","",4.,1,240,1,"","","","","","","","","","","","","","","","","","","","","","","","","","","","",6.8,1,4.7,1,"","","","","","","","","","","","","","","","","","","","","","","","","","",87,1,"","","","","","","","","","","","",8.6,1,996.3,1,"","","","","","",4,1,0,1,9,1,0,1,0,1,"","","","","","","","","","","","","","","","","","","","","","","","",18000,1,"","",2,1,2,1,"","","","","","","","","","",3,1,270,1,"","","","","","","","","","","","","","","","","","","","","","","","","","","","","","","","","","","","","","","","","","","","","","","","","","","",""
"33236002","CAP-FERRET",44.630667,-1.252,8,1977011118,"","","","",3.,1,160,1,"","","","","","","","","","","","","","","","","","","","","","","","","","","","",5.4,1,4.3,1,"","","","","","","","","","","","","","","","","","","","","","","","","","",94,1,"","","","","","","","","","","","",8.4,1,996.5,1,"","","","","","",7,1,0,1,8,1,"","","","","","","","","","","","","","","","","","","","","","","","","","","","",12000,1,"","",2,1,8,1,"","","","","","","","","","",3,1,270,1,"","","","","","","","","","","","","","","","","","","","","","","","","","","","","","","","","","","","","","","","","","","","","","","","","","","",""
"33236002","CAP-FERRET",44.630667,-1.252,8,1977011121,"","","","",3.,1,40,1,"","","","","","","","","","","","","","","","","","","","","","","","","","","","",4.3,1,3.5,1,"","","","","","","","","","","","","","","","","","","","","","","","","","",95,1,"","","","","","","","","","","","",7.9,1,996.8,1,"","","","","","",8,1,7,1,8,1,"","","","","","","","","","","","","","","","","","","","","","","","","","","","",12000,1,"","",2,1,2,1,"","","","","","","","","","",3,1,270,1,"","","","","","","","","","","","","","","","","","","","","","","","","","","","","","","","","","","","","","","","","","","","","","","","","","","",""
"33236002","CAP-FERRET",44.630667,-1.252,8,1977011200,"","","","","","","","","","","","","","","","","","","","","","","","","","","","","","","","","","","","","","","","","","","","","","","","","","","","","","","","","","","","","","","","","","","","","","","","","","","","","","","","","","",997.3,1,"","","","","","","","","","","","","","","","","","","","","","","","","","","","","","","","","","","","","","","","","","","","","","","","","","","","","","","","","","","","","","","","","","","","","","","","","","","","","","","","","","","","","","","","","","","","","","","","","","","","","","","","","","","","","","","","","",""
"33236002","CAP-FERRET",44.630667,-1.252,8,1977011203,"","","","",10.,1,300,1,"","","","","","","","","","","","","","","","","","","","","","","","","","","","",4.5,1,4.5,1,"","","","","","","","","","","","","","","","","","","","","","","","","","",100,1,"","","","","","","","","","","","",8.4,1,997.8,1,"","","","","","",8,1,5,1,8,1,7,1,"","","","","","","","","","","","","","","","","","","","","","","","","","",8000,1,"","",61,1,"","","","","","","","","","","","",4,1,290,1,"","","","","","","","","","","","","","","","","","","","","","","","","","","","","","","","","","","","","","","","","","","","","","","","","","","",""
"33236002","CAP-FERRET",44.630667,-1.252,8,1977011206,"","","","",7.,1,280,1,"","","","","","","","","","","","","","","","","","","","","","","","","","","","",4.,1,2.8,1,"","","","","","","","","","","","","","","","","","","","","","","","","","",89,1,"","","","","","","","","","","","",7.5,1,997.9,1,"","","","","","",8,1,5,1,8,1,7,1,"","","","","","","","","","","","","","","","","","","","","","","","","","",8000,1,"","",16,1,8,1,"","","","","","","","","","",4,1,290,1,"","","","","","","","","","","","","","","","","","","","","","","","","","","","","","","","","","","","","","","","","","","","","","","","","","","",""
"33236002","CAP-FERRET",44.630667,-1.252,8,1977011209,"","","","",6.,1,280,1,"","","","","","","","","","","","","","","","","","","","","","","","","","","","",4.5,1,1.6,1,"","","","","","","","","","","","","","","","","","","","","","","","","","",82,1,"","","","","","","","","","","","",6.9,1,999.5,1,"","","","","","",8,1,6,1,8,1,7,1,"","","","","","","","","","","","","","","","","","","","","","","","","","",18000,1,"","",15,1,8,1,"","","","","","","","","","",4,1,290,1,"","","","","","","","","","","","","","","","","","","","","","","","","","","","","","","","","","","","","","","","","","","","","","","","","","","",""
"33236002","CAP-FERRET",44.630667,-1.252,8,1977011212,"","","","",11.,1,300,1,"","","","","","","","","","","","","","","","","","","","","","","","","","","","",6.,1,3.5,1,"","","","","","","","","","","","","","","","","","","","","","","","","","",85,1,"","","","","","","","","","","","",7.9,1,1000.5,1,"","","","","","",6,1,0,1,9,1,7,1,0,1,"","","","","","","","","","","","","","","","","","","","","","","","",18000,1,"","",15,1,8,1,"","","","","","","","","","",4,1,290,1,"","","","","","","","","","","","","","","","","","","","","","","","","","","","","","","","","","","","","","","","","","","","","","","","","","","",""
"33236002","CAP-FERRET",44.630667,-1.252,8,1977011215,"","","","",10.,1,300,1,"","","","","","","","","","","","","","","","","","","","","","","","","","","","",5.4,1,4.3,1,"","","","","","","","","","","","","","","","","","","","","","","","","","",93,1,"","","","","","","","","","","","",8.4,1,1001.5,1,"","","","","","",8,1,5,1,9,1,7,1,"","","","","","","","","","","","","","","","","","","","","","","","","","",18000,1,"","",15,1,8,1,"","","","","","","","","","",5,1,290,1,"","","","","","","","","","","","","","","","","","","","","","","","","","","","","","","","","","","","","","","","","","","","","","","","","","","",""
"33236002","CAP-FERRET",44.630667,-1.252,8,1977011218,"","","","",12.,1,320,1,"","","","","","","","","","","","","","","","","","","","","","","","","","","","",5.2,1,4.2,1,"","","","","","","","","","","","","","","","","","","","","","","","","","",94,1,"","","","","","","","","","","","",8.3,1,1004.5,1,"","","","","","",6,1,0,1,9,1,7,1,0,1,"","","","","","","","","","","","","","","","","","","","","","","","",16000,1,"","",80,1,8,1,"","","","","","","","","","",5,1,290,1,"","","","","","","","","","","","","","","","","","","","","","","","","","","","","","","","","","","","","","","","","","","","","","","","","","","",""
"33236002","CAP-FERRET",44.630667,-1.252,8,1977011221,"","","","",9.,1,300,1,"","","","","","","","","","","","","","","","","","","","","","","","","","","","",6.5,1,3.8,1,"","","","","","","","","","","","","","","","","","","","","","","","","","",83,1,"","","","","","","","","","","","",8.1,1,1005.7,1,"","","","","","",8,1,6,1,9,1,7,1,"","","","","","","","","","","","","","","","","","","","","","","","","","",16000,1,"","",2,1,8,1,"","","","","","","","","","",5,1,290,1,"","","","","","","","","","","","","","","","","","","","","","","","","","","","","","","","","","","","","","","","","","","","","","","","","","","",""
"33236002","CAP-FERRET",44.630667,-1.252,8,1977011300,"","","","","","","","","","","","","","","","","","","","","","","","","","","","","","","","","","","","","","","","","","","","","","","","","","","","","","","","","","","","","","","","","","","","","","","","","","","","","","","","","","",1007.4,1,"","","","","","","","","","","","","","","","","","","","","","","","","","","","","","","","","","","","","","","","","","","","","","","","","","","","","","","","","","","","","","","","","","","","","","","","","","","","","","","","","","","","","","","","","","","","","","","","","","","","","","","","","","","","","","","","","",""
"33236002","CAP-FERRET",44.630667,-1.252,8,1977011303,"","","","",5.,1,300,1,"","","","","","","","","","","","","","","","","","","","","","","","","","","","",7.,1,3.8,1,"","","","","","","","","","","","","","","","","","","","","","","","","","",81,1,"","","","","","","","","","","","",8.1,1,1008.,1,"","","","","","",8,1,8,1,8,1,"","","","","","","","","","","","","","","","","","","","","","","","","","","","",12000,1,"","",0,1,"","","","","","","","","","","","",5,1,250,1,"","","","","","","","","","","","","","","","","","","","","","","","","","","","","","","","","","","","","","","","","","","","","","","","","","","",""
"33236002","CAP-FERRET",44.630667,-1.252,8,1977011306,"","","","",10.,1,240,1,"","","","","","","","","","","","","","","","","","","","","","","","","","","","",7.4,1,5.8,1,"","","","","","","","","","","","","","","","","","","","","","","","","","",90,1,"","","","","","","","","","","","",9.3,1,1007.,1,"","","","","","",8,1,8,1,8,1,"","","","","","","","","","","","","","","","","","","","","","","","","","","","",12000,1,"","",0,1,"","","","","","","","","","","","",4,1,250,1,"","","","","","","","","","","","","","","","","","","","","","","","","","","","","","","","","","","","","","","","","","","","","","","","","","","",""
"33236002","CAP-FERRET",44.630667,-1.252,8,1977011309,"","","","",12.,1,240,1,"","","","","","","","","","","","","","","","","","","","","","","","","","","","",9.,1,6.9,1,"","","","","","","","","","","","","","","","","","","","","","","","","","",88,1,"","","","","","","","","","","","",10.1,1,1006.2,1,"","","","","","",7,1,7,1,7,1,"","","","","","","","","","","","","","","","","","","","","","","","","","","","",20000,1,"","",25,1,6,1,"","","","","","","","","","",4,1,250,1,"","","","","","","","","","","","","","","","","","","","","","","","","","","","","","","","","","","","","","","","","","","","","","","","","","","",""
"33236002","CAP-FERRET",44.630667,-1.252,8,1977011312,"","","","",12.,1,220,1,"","","","","","","","","","","","","","","","","","","","","","","","","","","","",10.4,1,7.5,1,"","","","","","","","","","","","","","","","","","","","","","","","","","",83,1,"","","","","","","","","","","","",10.5,1,1004.6,1,"","","","","","",8,1,8,1,5,1,"","","","","","","","","","","","","","","","","","","","","","","","","","","","",15000,1,"","",2,1,8,1,"","","","","","","","","","",4,1,250,1,"","","","","","","","","","","","","","","","","","","","","","","","","","","","","","","","","","","","","","","","","","","","","","","","","","","",""
"33236002","CAP-FERRET",44.630667,-1.252,8,1977011315,"","","","",12.,1,220,1,"","","","","","","","","","","","","","","","","","","","","","","","","","","","",10.8,1,8.9,1,"","","","","","","","","","","","","","","","","","","","","","","","","","",90,1,"","","","","","","","","","","","",11.6,1,1003.1,1,"","","","","","",7,1,7,1,5,1,"","","","","","","","","","","","","","","","","","","","","","","","","","","","",15000,1,"","",2,1,2,1,"","","","","","","","","","",4,1,250,1,"","","","","","","","","","","","","","","","","","","","","","","","","","","","","","","","","","","","","","","","","","","","","","","","","","","",""
"33236002","CAP-FERRET",44.630667,-1.252,8,1977011318,"","","","",12.,1,240,1,"","","","","","","","","","","","","","","","","","","","","","","","","","","","",11.3,1,7.6,1,"","","","","","","","","","","","","","","","","","","","","","","","","","",79,1,"","","","","","","","","","","","",10.6,1,1002.1,1,"","","","","","",7,1,7,1,5,1,"","","","","","","","","","","","","","","","","","","","","","","","","","","","",12000,1,"","",2,1,2,1,"","","","","","","","","","",4,1,250,1,"","","","","","","","","","","","","","","","","","","","","","","","","","","","","","","","","","","","","","","","","","","","","","","","","","","",""
"33236002","CAP-FERRET",44.630667,-1.252,8,1977011321,"","","","",13.,1,240,1,"","","","","","","","","","","","","","","","","","","","","","","","","","","","",11.5,1,7.9,1,"","","","","","","","","","","","","","","","","","","","","","","","","","",79,1,"","","","","","","","","","","","",10.8,1,1000.7,1,"","","","","","",8,1,8,1,5,1,"","","","","","","","","","","","","","","","","","","","","","","","","","","","",12000,1,"","",2,1,2,1,"","","","","","","","","","",4,1,250,1,"","","","","","","","","","","","","","","","","","","","","","","","","","","","","","","","","","","","","","","","","","","","","","","","","","","",""
"33236002","CAP-FERRET",44.630667,-1.252,8,1977011400,"","","","","","","","","","","","","","","","","","","","","","","","","","","","","","","","","","","","","","","","","","","","","","","","","","","","","","","","","","","","","","","","","","","","","","","","","","","","","","","","","","",1001.4,1,"","","","","","","","","","","","","","","","","","","","","","","","","","","","","","","","","","","","","","","","","","","","","","","","","","","","","","","","","","","","","","","","","","","","","","","","","","","","","","","","","","","","","","","","","","","","","","","","","","","","","","","","","","","","","","","","","",""
"33236002","CAP-FERRET",44.630667,-1.252,8,1977011403,"","","","",10.,1,300,1,"","","","","","","","","","","","","","","","","","","","","","","","","","","","",9.4,1,6.6,1,"","","","","","","","","","","","","","","","","","","","","","","","","","",84,1,"","","","","","","","","","","","",9.9,1,1003.4,1,"","","","","","",8,1,5,1,7,1,7,1,"","","","","","","","","","","","","","","","","","","","","","","","","","",14000,1,"","",61,1,"","","","","","","","","","","","",4,1,290,1,"","","","","","","","","","","","","","","","","","","","","","","","","","","","","","","","","","","","","","","","","","","","","","","","","","","",""
"33236002","CAP-FERRET",44.630667,-1.252,8,1977011406,"","","","",7.,1,280,1,"","","","","","","","","","","","","","","","","","","","","","","","","","","","",9.4,1,5.8,1,"","","","","","","","","","","","","","","","","","","","","","","","","","",79,1,"","","","","","","","","","","","",9.3,1,1004.2,1,"","","","","","",8,1,8,1,8,1,"","","","","","","","","","","","","","","","","","","","","","","","","","","","",18000,1,"","",2,1,6,1,"","","","","","","","","","",4,1,290,1,"","","","","","","","","","","","","","","","","","","","","","","","","","","","","","","","","","","","","","","","","","","","","","","","","","","",""
"33236002","CAP-FERRET",44.630667,-1.252,8,1977011409,"","","","",11.,1,280,1,"","","","","","","","","","","","","","","","","","","","","","","","","","","","",9.4,1,7.1,1,"","","","","","","","","","","","","","","","","","","","","","","","","","",87,1,"","","","","","","","","","","","",10.2,1,1005.8,1,"","","","","","",4,1,0,1,8,1,0,1,0,1,"","","","","","","","","","","","","","","","","","","","","","","","",18000,1,"","",1,1,1,1,"","","","","","","","","","",6,1,290,1,"","","","","","","","","","","","","","","","","","","","","","","","","","","","","","","","","","","","","","","","","","","","","","","","","","","",""
"33236002","CAP-FERRET",44.630667,-1.252,8,1977011412,"","","","",14.,1,300,1,"","","","","","","","","","","","","","","","","","","","","","","","","","","","",9.8,1,7.9,1,"","","","","","","","","","","","","","","","","","","","","","","","","","",90,1,"","","","","","","","","","","","",10.8,1,1007.8,1,"","","","","","",8,1,8,1,9,1,7,1,"","","","","","","","","","","","","","","","","","","","","","","","","","",9000,1,"","",89,1,8,1,"","","","","","","","","","",6,1,290,1,"","","","","","","","","","","","","","","","","","","","","","","","","","","","","","","","","","","","","","","","","","","","","","","","","","","",""
"33236002","CAP-FERRET",44.630667,-1.252,8,1977011415,"","","","",10.,1,300,1,"","","","","","","","","","","","","","","","","","","","","","","","","","","","",9.2,1,6.1,1,"","","","","","","","","","","","","","","","","","","","","","","","","","",81,1,"","","","","","","","","","","","",9.5,1,1008.8,1,"","","","","","",4,1,0,1,9,1,7,1,0,1,"","","","","","","","","","","","","","","","","","","","","","","","",16000,1,"","",15,1,8,1,"","","","","","","","","","",6,1,290,1,"","","","","","","","","","","","","","","","","","","","","","","","","","","","","","","","","","","","","","","","","","","","","","","","","","","",""
"33236002","CAP-FERRET",44.630667,-1.252,8,1977011418,"","","","",10.,1,280,1,"","","","","","","","","","","","","","","","","","","","","","","","","","","","",8.5,1,7.2,1,"","","","","","","","","","","","","","","","","","","","","","","","","","",93,1,"","","","","","","","","","","","",10.3,1,1009.4,1,"","","","","","",3,1,0,1,8,1,0,1,0,1,"","","","","","","","","","","","","","","","","","","","","","","","",18000,1,"","",2,1,8,1,"","","","","","","","","","",6,1,290,1,"","","","","","","","","","","","","","","","","","","","","","","","","","","","","","","","","","","","","","","","","","","","","","","","","","","",""
"33236002","CAP-FERRET",44.630667,-1.252,8,1977011421,"","","","",10.,1,300,1,"","","","","","","","","","","","","","","","","","","","","","","","","","","","",7.8,1,6.8,1,"","","","","","","","","","","","","","","","","","","","","","","","","","",94,1,"","","","","","","","","","","","",10.,1,1011.8,1,"","","","","","",6,1,6,1,8,1,0,1,0,1,"","","","","","","","","","","","","","","","","","","","","","","","",18000,1,"","",2,1,2,1,"","","","","","","","","","",6,1,290,1,"","","","","","","","","","","","","","","","","","","","","","","","","","","","","","","","","","","","","","","","","","","","","","","","","","","",""
"33236002","CAP-FERRET",44.630667,-1.252,8,1977011500,"","","","","","","","","","","","","","","","","","","","","","","","","","","","","","","","","","","","","","","","","","","","","","","","","","","","","","","","","","","","","","","","","","","","","","","","","","","","","","","","","","",1013.4,1,"","","","","","","","","","","","","","","","","","","","","","","","","","","","","","","","","","","","","","","","","","","","","","","","","","","","","","","","","","","","","","","","","","","","","","","","","","","","","","","","","","","","","","","","","","","","","","","","","","","","","","","","","","","","","","","","","",""
"33236002","CAP-FERRET",44.630667,-1.252,8,1977011503,"","","","",10.,1,320,1,"","","","","","","","","","","","","","","","","","","","","","","","","","","","",7.7,1,6.1,1,"","","","","","","","","","","","","","","","","","","","","","","","","","",90,1,"","","","","","","","","","","","",9.5,1,1014.7,1,"","","","","","",0,1,"","",0,1,0,1,0,1,"","","","","","","","","","","","","","","","","","","","","","","","",15000,1,"","",0,1,"","","","","","","","","","","","",5,1,270,1,"","","","","","","","","","","","","","","","","","","","","","","","","","","","","","","","","","","","","","","","","","","","","","","","","","","",""
"33236002","CAP-FERRET",44.630667,-1.252,8,1977011506,"","","","",10.,1,320,1,"","","","","","","","","","","","","","","","","","","","","","","","","","","","",7.5,1,3.,1,"","","","","","","","","","","","","","","","","","","","","","","","","","",73,1,"","","","","","","","","","","","",7.6,1,1016.3,1,"","","","","","",2,1,0,1,0,1,0,1,2,1,"","","","","","","","","","","","","","","","","","","","","","","","",15000,1,"","",0,1,"","","","","","","","","","","","",5,1,270,1,"","","","","","","","","","","","","","","","","","","","","","","","","","","","","","","","","","","","","","","","","","","","","","","","","","","",""
"33236002","CAP-FERRET",44.630667,-1.252,8,1977011509,"","","","",9.,1,320,1,"","","","","","","","","","","","","","","","","","","","","","","","","","","","",8.5,1,3.1,1,"","","","","","","","","","","","","","","","","","","","","","","","","","",69,1,"","","","","","","","","","","","",7.7,1,1018.2,1,"","","","","","",5,1,5,1,2,1,0,1,0,1,"","","","","","","","","","","","","","","","","","","","","","","","",15000,1,"","",2,1,1,1,"","","","","","","","","","",4,1,270,1,"","","","","","","","","","","","","","","","","","","","","","","","","","","","","","","","","","","","","","","","","","","","","","","","","","","",""
"33236002","CAP-FERRET",44.630667,-1.252,8,1977011512,"","","","",10.,1,320,1,"","","","","","","","","","","","","","","","","","","","","","","","","","","","",9.9,1,4.7,1,"","","","","","","","","","","","","","","","","","","","","","","","","","",71,1,"","","","","","","","","","","","",8.6,1,1019.3,1,"","","","","","",5,1,5,1,2,1,0,1,0,1,"","","","","","","","","","","","","","","","","","","","","","","","",18000,1,"","",2,1,1,1,"","","","","","","","","","",4,1,270,1,"","","","","","","","","","","","","","","","","","","","","","","","","","","","","","","","","","","","","","","","","","","","","","","","","","","",""
"33236002","CAP-FERRET",44.630667,-1.252,8,1977011515,"","","","",9.,1,300,1,"","","","","","","","","","","","","","","","","","","","","","","","","","","","",9.3,1,4.5,1,"","","","","","","","","","","","","","","","","","","","","","","","","","",73,1,"","","","","","","","","","","","",8.5,1,1019.5,1,"","","","","","",5,1,5,1,2,1,0,1,0,1,"","","","","","","","","","","","","","","","","","","","","","","","",18000,1,"","",2,1,8,1,"","","","","","","","","","",4,1,270,1,"","","","","","","","","","","","","","","","","","","","","","","","","","","","","","","","","","","","","","","","","","","","","","","","","","","",""
"33236002","CAP-FERRET",44.630667,-1.252,8,1977011518,"","","","",10.,1,320,1,"","","","","","","","","","","","","","","","","","","","","","","","","","","","",6.9,1,5.1,1,"","","","","","","","","","","","","","","","","","","","","","","","","","",90,1,"","","","","","","","","","","","",8.9,1,1020.4,1,"","","","","","",7,1,7,1,2,1,"","","","","","","","","","","","","","","","","","","","","","","","","","","","",10000,1,"","",80,1,8,1,"","","","","","","","","","",3,1,270,1,"","","","","","","","","","","","","","","","","","","","","","","","","","","","","","","","","","","","","","","","","","","","","","","","","","","",""
"33236002","CAP-FERRET",44.630667,-1.252,8,1977011521,"","","","",10.,1,320,1,"","","","","","","","","","","","","","","","","","","","","","","","","","","","",7.,1,4.5,1,"","","","","","","","","","","","","","","","","","","","","","","","","","",85,1,"","","","","","","","","","","","",8.5,1,1021.1,1,"","","","","","",3,1,0,1,2,1,0,1,0,1,"","","","","","","","","","","","","","","","","","","","","","","","",10000,1,"","",2,1,8,1,"","","","","","","","","","",3,1,270,1,"","","","","","","","","","","","","","","","","","","","","","","","","","","","","","","","","","","","","","","","","","","","","","","","","","","",""
"33236002","CAP-FERRET",44.630667,-1.252,8,1977011600,"","","","","","","","","","","","","","","","","","","","","","","","","","","","","","","","","","","","","","","","","","","","","","","","","","","","","","","","","","","","","","","","","","","","","","","","","","","","","","","","","","",1021.8,1,"","","","","","","","","","","","","","","","","","","","","","","","","","","","","","","","","","","","","","","","","","","","","","","","","","","","","","","","","","","","","","","","","","","","","","","","","","","","","","","","","","","","","","","","","","","","","","","","","","","","","","","","","","","","","","","","","",""
"33236002","CAP-FERRET",44.630667,-1.252,8,1977011603,"","","","",5.,1,340,1,"","","","","","","","","","","","","","","","","","","","","","","","","","","","",5.5,1,4.2,1,"","","","","","","","","","","","","","","","","","","","","","","","","","",92,1,"","","","","","","","","","","","",8.3,1,1022.8,1,"","","","","","",2,1,0,1,8,1,0,1,0,1,"","","","","","","","","","","","","","","","","","","","","","","","",14000,1,"","",0,1,"","","","","","","","","","","","",3,1,290,1,"","","","","","","","","","","","","","","","","","","","","","","","","","","","","","","","","","","","","","","","","","","","","","","","","","","",""
"33236002","CAP-FERRET",44.630667,-1.252,8,1977011606,"","","","",5.,1,340,1,"","","","","","","","","","","","","","","","","","","","","","","","","","","","",6.4,1,3.5,1,"","","","","","","","","","","","","","","","","","","","","","","","","","",82,1,"","","","","","","","","","","","",7.9,1,1023.4,1,"","","","","","",2,1,0,1,8,1,0,1,0,1,"","","","","","","","","","","","","","","","","","","","","","","","",16000,1,"","",2,1,0,1,"","","","","","","","","","",4,1,290,1,"","","","","","","","","","","","","","","","","","","","","","","","","","","","","","","","","","","","","","","","","","","","","","","","","","","",""
"33236002","CAP-FERRET",44.630667,-1.252,8,1977011609,"","","","",3.,1,120,1,"","","","","","","","","","","","","","","","","","","","","","","","","","","","",5.8,1,5.8,1,"","","","","","","","","","","","","","","","","","","","","","","","","","",100,1,"","","","","","","","","","","","",9.2,1,1024.8,1,"","","","","","",3,1,0,1,8,1,0,1,0,1,"","","","","","","","","","","","","","","","","","","","","","","","",14000,1,"","",2,1,0,1,"","","","","","","","","","",4,1,290,1,"","","","","","","","","","","","","","","","","","","","","","","","","","","","","","","","","","","","","","","","","","","","","","","","","","","",""
"33236002","CAP-FERRET",44.630667,-1.252,8,1977011612,"","","","",2.,1,240,1,"","","","","","","","","","","","","","","","","","","","","","","","","","","","",8.5,1,5.,1,"","","","","","","","","","","","","","","","","","","","","","","","","","",80,1,"","","","","","","","","","","","",8.8,1,1024.8,1,"","","","","","",1,1,0,1,2,1,0,1,0,1,"","","","","","","","","","","","","","","","","","","","","","","","",16000,1,"","",1,1,0,1,"","","","","","","","","","",4,1,290,1,"","","","","","","","","","","","","","","","","","","","","","","","","","","","","","","","","","","","","","","","","","","","","","","","","","","",""
"33236002","CAP-FERRET",44.630667,-1.252,8,1977011615,"","","","",1.,1,260,1,"","","","","","","","","","","","","","","","","","","","","","","","","","","","",9.4,1,5.8,1,"","","","","","","","","","","","","","","","","","","","","","","","","","",79,1,"","","","","","","","","","","","",9.3,1,1024.6,1,"","","","","","",3,1,0,1,2,1,4,1,4,1,"","","","","","","","","","","","","","","","","","","","","","","","",16000,1,"","",3,1,0,1,"","","","","","","","","","",3,1,290,1,"","","","","","","","","","","","","","","","","","","","","","","","","","","","","","","","","","","","","","","","","","","","","","","","","","","",""
"33236002","CAP-FERRET",44.630667,-1.252,8,1977011618,"","","","",0.,1,0,1,"","","","","","","","","","","","","","","","","","","","","","","","","","","","","","",3.5,1,"","","","","","","","","","","","","","","","","","","","","","","","","","",97,1,"","","","","","","","","","","","",7.9,1,1025.4,1,"","","","","","",2,1,0,1,8,1,0,1,0,1,"","","","","","","","","","","","","","","","","","","","","","","","",18000,1,"","",2,1,0,1,"","","","","","","","","","",3,1,290,1,"","","","","","","","","","","","","","","","","","","","","","","","","","","","","","","","","","","","","","","","","","","","","","","","","","","",""
"33236002","CAP-FERRET",44.630667,-1.252,8,1977011621,"","","","",2.,1,60,1,"","","","","","","","","","","","","","","","","","","","","","","","","","","","",2.,1,1.4,1,"","","","","","","","","","","","","","","","","","","","","","","","","","",96,1,"","","","","","","","","","","","",6.8,1,1026.4,1,"","","","","","",0,1,"","",0,1,0,1,0,1,"","","","","","","","","","","","","","","","","","","","","","","","",14000,1,"","",2,1,0,1,"","","","","","","","","","",3,1,290,1,"","","","","","","","","","","","","","","","","","","","","","","","","","","","","","","","","","","","","","","","","","","","","","","","","","","",""
"33236002","CAP-FERRET",44.630667,-1.252,8,1977011700,"","","","","","","","","","","","","","","","","","","","","","","","","","","","","","","","","","","","","","","","","","","","","","","","","","","","","","","","","","","","","","","","","","","","","","","","","","","","","","","","","","",1025.5,1,"","","","","","","","","","","","","","","","","","","","","","","","","","","","","","","","","","","","","","","","","","","","","","","","","","","","","","","","","","","","","","","","","","","","","","","","","","","","","","","","","","","","","","","","","","","","","","","","","","","","","","","","","","","","","","","","","",""
"33236002","CAP-FERRET",44.630667,-1.252,8,1977011703,"","","","",5.,1,120,1,"","","","","","","","","","","","","","","","","","","","","","","","","","","","",3.5,1,1.,1,"","","","","","","","","","","","","","","","","","","","","","","","","","",85,1,"","","","","","","","","","","","",6.6,1,1025.2,1,"","","","","","",0,1,"","",0,1,0,1,0,1,"","","","","","","","","","","","","","","","","","","","","","","","",10000,1,"","",0,1,"","","","","","","","","","","","",3,1,270,1,"","","","","","","","","","","","","","","","","","","","","","","","","","","","","","","","","","","","","","","","","","","","","","","","","","","",""
"33236002","CAP-FERRET",44.630667,-1.252,8,1977011706,"","","","",5.,1,120,1,"","","","","","","","","","","","","","","","","","","","","","","","","","","","",2.6,1,0.8,1,"","","","","","","","","","","","","","","","","","","","","","","","","","",88,1,"","","","","","","","","","","","",6.5,1,1024.3,1,"","","","","","",7,1,7,1,0,1,0,1,2,1,"","","","","","","","","","","","","","","","","","","","","","","","",10000,1,"","",0,1,"","","","","","","","","","","","",3,1,270,1,"","","","","","","","","","","","","","","","","","","","","","","","","","","","","","","","","","","","","","","","","","","","","","","","","","","",""
"33236002","CAP-FERRET",44.630667,-1.252,8,1977011709,"","","","",4.,1,100,1,"","","","","","","","","","","","","","","","","","","","","","","","","","","","",2.5,1,1.2,1,"","","","","","","","","","","","","","","","","","","","","","","","","","",91,1,"","","","","","","","","","","","",6.7,1,1024.1,1,"","","","","","",3,1,0,1,0,1,0,1,2,1,"","","","","","","","","","","","","","","","","","","","","","","","",20000,1,"","",2,1,1,1,"","","","","","","","","","",3,1,270,1,"","","","","","","","","","","","","","","","","","","","","","","","","","","","","","","","","","","","","","","","","","","","","","","","","","","",""
"33236002","CAP-FERRET",44.630667,-1.252,8,1977011712,"","","","",5.,1,120,1,"","","","","","","","","","","","","","","","","","","","","","","","","","","","",6.5,1,1.4,1,"","","","","","","","","","","","","","","","","","","","","","","","","","",71,1,"","","","","","","","","","","","",6.8,1,1022.3,1,"","","","","","",7,1,7,1,5,1,"","","","","","","","","","","","","","","","","","","","","","","","","","","","",20000,1,"","",2,1,1,1,"","","","","","","","","","",3,1,270,1,"","","","","","","","","","","","","","","","","","","","","","","","","","","","","","","","","","","","","","","","","","","","","","","","","","","",""
"33236002","CAP-FERRET",44.630667,-1.252,8,1977011715,"","","","",6.,1,120,1,"","","","","","","","","","","","","","","","","","","","","","","","","","","","",7.6,1,3.3,1,"","","","","","","","","","","","","","","","","","","","","","","","","","",75,1,"","","","","","","","","","","","",7.8,1,1019.3,1,"","","","","","",6,1,6,1,0,1,3,1,0,1,"","","","","","","","","","","","","","","","","","","","","","","","",25000,1,"","",2,1,2,1,"","","","","","","","","","",2,1,"","","","","","","","","","","","","","","","","","","","","","","","","","","","","","","","","","","","","","","","","","","","","","","","","","","","","",""
"33236002","CAP-FERRET",44.630667,-1.252,8,1977011718,"","","","",5.,1,80,1,"","","","","","","","","","","","","","","","","","","","","","","","","","","","",5.7,1,1.4,1,"","","","","","","","","","","","","","","","","","","","","","","","","","",74,1,"","","","","","","","","","","","",6.8,1,1018.1,1,"","","","","","",7,1,7,1,5,1,"","","","","","","","","","","","","","","","","","","","","","","","","","","","",20000,1,"","",2,1,2,1,"","","","","","","","","","",2,1,"","","","","","","","","","","","","","","","","","","","","","","","","","","","","","","","","","","","","","","","","","","","","","","","","","","","","",""
"33236002","CAP-FERRET",44.630667,-1.252,8,1977011721,"","","","",5.,1,120,1,"","","","","","","","","","","","","","","","","","","","","","","","","","","","",4.9,1,0.8,1,"","","","","","","","","","","","","","","","","","","","","","","","","","",75,1,"","","","","","","","","","","","",6.5,1,1017.,1,"","","","","","",7,1,7,1,5,1,"","","","","","","","","","","","","","","","","","","","","","","","","","","","",20000,1,"","",2,1,2,1,"","","","","","","","","","",2,1,"","","","","","","","","","","","","","","","","","","","","","","","","","","","","","","","","","","","","","","","","","","","","","","","","","","","","",""
"33236002","CAP-FERRET",44.630667,-1.252,8,1977011800,"","","","","","","","","","","","","","","","","","","","","","","","","","","","","","","","","","","","","","","","","","","","","","","","","","","","","","","","","","","","","","","","","","","","","","","","","","","","","","","","","","",1015.3,1,"","","","","","","","","","","","","","","","","","","","","","","","","","","","","","","","","","","","","","","","","","","","","","","","","","","","","","","","","","","","","","","","","","","","","","","","","","","","","","","","","","","","","","","","","","","","","","","","","","","","","","","","","","","","","","","","","",""
"33236002","CAP-FERRET",44.630667,-1.252,8,1977011803,"","","","",4.,1,120,1,"","","","","","","","","","","","","","","","","","","","","","","","","","","","",5.,1,2.4,1,"","","","","","","","","","","","","","","","","","","","","","","","","","",85,1,"","","","","","","","","","","","",7.3,1,1015.3,1,"","","","","","",8,1,8,1,5,1,"","","","","","","","","","","","","","","","","","","","","","","","","","","","",16000,1,"","",60,1,"","","","","","","","","","","","",2,1,270,1,"","","","","","","","","","","","","","","","","","","","","","","","","","","","","","","","","","","","","","","","","","","","","","","","","","","",""
"33236002","CAP-FERRET",44.630667,-1.252,8,1977011806,"","","","",4.,1,120,1,"","","","","","","","","","","","","","","","","","","","","","","","","","","","",4.2,1,3.7,1,"","","","","","","","","","","","","","","","","","","","","","","","","","",97,1,"","","","","","","","","","","","",8.,1,1014.3,1,"","","","","","",8,1,6,1,7,1,7,1,"","","","","","","","","","","","","","","","","","","","","","","","","","",12000,1,"","",61,1,6,1,"","","","","","","","","","",2,1,270,1,"","","","","","","","","","","","","","","","","","","","","","","","","","","","","","","","","","","","","","","","","","","","","","","","","","","",""
"33236002","CAP-FERRET",44.630667,-1.252,8,1977011809,"","","","",3.,1,160,1,"","","","","","","","","","","","","","","","","","","","","","","","","","","","",5.4,1,4.3,1,"","","","","","","","","","","","","","","","","","","","","","","","","","",94,1,"","","","","","","","","","","","",8.4,1,1014.3,1,"","","","","","",8,1,7,1,7,1,7,1,"","","","","","","","","","","","","","","","","","","","","","","","","","",8000,1,"","",61,1,6,1,"","","","","","","","","","",3,1,270,1,"","","","","","","","","","","","","","","","","","","","","","","","","","","","","","","","","","","","","","","","","","","","","","","","","","","",""
"33236002","CAP-FERRET",44.630667,-1.252,8,1977011812,"","","","",4.,1,160,1,"","","","","","","","","","","","","","","","","","","","","","","","","","","","",7.4,1,5.9,1,"","","","","","","","","","","","","","","","","","","","","","","","","","",91,1,"","","","","","","","","","","","",9.4,1,1013.3,1,"","","","","","",8,1,8,1,5,1,"","","","","","","","","","","","","","","","","","","","","","","","","","","","",9000,1,"","",2,1,6,1,"","","","","","","","","","",3,1,270,1,"","","","","","","","","","","","","","","","","","","","","","","","","","","","","","","","","","","","","","","","","","","","","","","","","","","",""
"33236002","CAP-FERRET",44.630667,-1.252,8,1977011815,"","","","",3.,1,160,1,"","","","","","","","","","","","","","","","","","","","","","","","","","","","",8.5,1,7.2,1,"","","","","","","","","","","","","","","","","","","","","","","","","","",93,1,"","","","","","","","","","","","",10.3,1,1012.3,1,"","","","","","",8,1,5,1,5,1,7,1,"","","","","","","","","","","","","","","","","","","","","","","","","","",9000,1,"","",1,1,2,1,"","","","","","","","","","",3,1,270,1,"","","","","","","","","","","","","","","","","","","","","","","","","","","","","","","","","","","","","","","","","","","","","","","","","","","",""
"33236002","CAP-FERRET",44.630667,-1.252,8,1977011818,"","","","",4.,1,160,1,"","","","","","","","","","","","","","","","","","","","","","","","","","","","",8.4,1,7.3,1,"","","","","","","","","","","","","","","","","","","","","","","","","","",95,1,"","","","","","","","","","","","",10.4,1,1012.,1,"","","","","","",8,1,5,1,5,1,7,1,"","","","","","","","","","","","","","","","","","","","","","","","","","",9000,1,"","",60,1,6,1,"","","","","","","","","","",3,1,270,1,"","","","","","","","","","","","","","","","","","","","","","","","","","","","","","","","","","","","","","","","","","","","","","","","","","","",""
"33236002","CAP-FERRET",44.630667,-1.252,8,1977011821,"","","","",3.,1,160,1,"","","","","","","","","","","","","","","","","","","","","","","","","","","","",8.,1,6.9,1,"","","","","","","","","","","","","","","","","","","","","","","","","","",94,1,"","","","","","","","","","","","",10.1,1,1012.4,1,"","","","","","",8,1,8,1,7,1,"","","","","","","","","","","","","","","","","","","","","","","","","","","","",6000,1,"","",61,1,6,1,"","","","","","","","","","",3,1,270,1,"","","","","","","","","","","","","","","","","","","","","","","","","","","","","","","","","","","","","","","","","","","","","","","","","","","",""
"33236002","CAP-FERRET",44.630667,-1.252,8,1977011900,"","","","","","","","","","","","","","","","","","","","","","","","","","","","","","","","","","","","","","","","","","","","","","","","","","","","","","","","","","","","","","","","","","","","","","","","","","","","","","","","","","",1012.5,1,"","","","","","","","","","","","","","","","","","","","","","","","","","","","","","","","","","","","","","","","","","","","","","","","","","","","","","","","","","","","","","","","","","","","","","","","","","","","","","","","","","","","","","","","","","","","","","","","","","","","","","","","","","","","","","","","","",""
"33236002","CAP-FERRET",44.630667,-1.252,8,1977011903,"","","","",5.,1,360,1,"","","","","","","","","","","","","","","","","","","","","","","","","","","","",8.9,1,8.9,1,"","","","","","","","","","","","","","","","","","","","","","","","","","",100,1,"","","","","","","","","","","","",11.4,1,1012.5,1,"","","","","","",8,1,8,1,7,1,"","","","","","","","","","","","","","","","","","","","","","","","","","","","",6000,1,"","",0,1,"","","","","","","","","","","","",3,1,270,1,"","","","","","","","","","","","","","","","","","","","","","","","","","","","","","","","","","","","","","","","","","","","","","","","","","","",""
"33236002","CAP-FERRET",44.630667,-1.252,8,1977011906,"","","","",1.,1,40,1,"","","","","","","","","","","","","","","","","","","","","","","","","","","","",6.6,1,6.6,1,"","","","","","","","","","","","","","","","","","","","","","","","","","",100,1,"","","","","","","","","","","","",9.7,1,1013.3,1,"","","","","","",0,1,"","",0,1,0,1,0,1,"","","","","","","","","","","","","","","","","","","","","","","","",6000,1,"","",0,1,"","","","","","","","","","","","",3,1,270,1,"","","","","","","","","","","","","","","","","","","","","","","","","","","","","","","","","","","","","","","","","","","","","","","","","","","",""
"33236002","CAP-FERRET",44.630667,-1.252,8,1977011909,"","","","",2.,1,200,1,"","","","","","","","","","","","","","","","","","","","","","","","","","","","",7.9,1,7.9,1,"","","","","","","","","","","","","","","","","","","","","","","","","","",100,1,"","","","","","","","","","","","",10.6,1,1015.,1,"","","","","","",7,1,6,1,8,1,"","","","","","","","","","","","","","","","","","","","","","","","","","","","",10000,1,"","",2,1,1,1,"","","","","","","","","","",3,1,270,1,"","","","","","","","","","","","","","","","","","","","","","","","","","","","","","","","","","","","","","","","","","","","","","","","","","","",""
"33236002","CAP-FERRET",44.630667,-1.252,8,1977011912,"","","","",1.,1,120,1,"","","","","","","","","","","","","","","","","","","","","","","","","","","","",9.8,1,8.9,1,"","","","","","","","","","","","","","","","","","","","","","","","","","",96,1,"","","","","","","","","","","","",11.6,1,1016.,1,"","","","","","",7,1,6,1,8,1,"","","","","","","","","","","","","","","","","","","","","","","","","","","","",10000,1,"","",2,1,1,1,"","","","","","","","","","",3,1,270,1,"","","","","","","","","","","","","","","","","","","","","","","","","","","","","","","","","","","","","","","","","","","","","","","","","","","",""
"33236002","CAP-FERRET",44.630667,-1.252,8,1977011915,"","","","",1.,1,160,1,"","","","","","","","","","","","","","","","","","","","","","","","","","","","",11.3,1,8.4,1,"","","","","","","","","","","","","","","","","","","","","","","","","","",84,1,"","","","","","","","","","","","",11.2,1,1015.3,1,"","","","","","",7,1,6,1,8,1,"","","","","","","","","","","","","","","","","","","","","","","","","","","","",15000,1,"","",2,1,2,1,"","","","","","","","","","",3,1,270,1,"","","","","","","","","","","","","","","","","","","","","","","","","","","","","","","","","","","","","","","","","","","","","","","","","","","",""
"33236002","CAP-FERRET",44.630667,-1.252,8,1977011918,"","","","",1.,1,160,1,"","","","","","","","","","","","","","","","","","","","","","","","","","","","",7.,1,7.,1,"","","","","","","","","","","","","","","","","","","","","","","","","","",100,1,"","","","","","","","","","","","",10.,1,1015.2,1,"","","","","","",3,1,0,1,0,1,0,1,2,1,"","","","","","","","","","","","","","","","","","","","","","","","",10000,1,"","",2,1,1,1,"","","","","","","","","","",3,1,270,1,"","","","","","","","","","","","","","","","","","","","","","","","","","","","","","","","","","","","","","","","","","","","","","","","","","","",""
"33236002","CAP-FERRET",44.630667,-1.252,8,1977011921,"","","","",5.,1,120,1,"","","","","","","","","","","","","","","","","","","","","","","","","","","","",7.5,1,5.8,1,"","","","","","","","","","","","","","","","","","","","","","","","","","",90,1,"","","","","","","","","","","","",9.3,1,1013.6,1,"","","","","","",0,1,"","",0,1,0,1,0,1,"","","","","","","","","","","","","","","","","","","","","","","","",10000,1,"","",2,1,0,1,"","","","","","","","","","",3,1,270,1,"","","","","","","","","","","","","","","","","","","","","","","","","","","","","","","","","","","","","","","","","","","","","","","","","","","",""
"33236002","CAP-FERRET",44.630667,-1.252,8,1977012000,"","","","","","","","","","","","","","","","","","","","","","","","","","","","","","","","","","","","","","","","","","","","","","","","","","","","","","","","","","","","","","","","","","","","","","","","","","","","","","","","","","",1010.7,1,"","","","","","","","","","","","","","","","","","","","","","","","","","","","","","","","","","","","","","","","","","","","","","","","","","","","","","","","","","","","","","","","","","","","","","","","","","","","","","","","","","","","","","","","","","","","","","","","","","","","","","","","","","","","","","","","","",""
"33236002","CAP-FERRET",44.630667,-1.252,8,1977012003,"","","","",6.,1,160,1,"","","","","","","","","","","","","","","","","","","","","","","","","","","","",7.4,1,5.,1,"","","","","","","","","","","","","","","","","","","","","","","","","","",86,1,"","","","","","","","","","","","",8.8,1,1009.2,1,"","","","","","",6,1,6,1,5,1,0,1,0,1,"","","","","","","","","","","","","","","","","","","","","","","","",13000,1,"","",0,1,"","","","","","","","","","","","",3,1,270,1,"","","","","","","","","","","","","","","","","","","","","","","","","","","","","","","","","","","","","","","","","","","","","","","","","","","",""
"33236002","CAP-FERRET",44.630667,-1.252,8,1977012006,"","","","",6.,1,140,1,"","","","","","","","","","","","","","","","","","","","","","","","","","","","",6.4,1,4.8,1,"","","","","","","","","","","","","","","","","","","","","","","","","","",91,1,"","","","","","","","","","","","",8.7,1,1006.8,1,"","","","","","",0,1,"","",0,1,0,1,0,1,"","","","","","","","","","","","","","","","","","","","","","","","",12000,1,"","",1,1,1,1,"","","","","","","","","","",3,1,270,1,"","","","","","","","","","","","","","","","","","","","","","","","","","","","","","","","","","","","","","","","","","","","","","","","","","","",""
"33236002","CAP-FERRET",44.630667,-1.252,8,1977012009,"","","","",6.,1,120,1,"","","","","","","","","","","","","","","","","","","","","","","","","","","","",7.4,1,5.,1,"","","","","","","","","","","","","","","","","","","","","","","","","","",86,1,"","","","","","","","","","","","",8.8,1,1004.8,1,"","","","","","",5,1,5,1,0,1,0,1,4,1,"","","","","","","","","","","","","","","","","","","","","","","","",16000,1,"","",3,1,1,1,"","","","","","","","","","",3,1,270,1,"","","","","","","","","","","","","","","","","","","","","","","","","","","","","","","","","","","","","","","","","","","","","","","","","","","",""
"33236002","CAP-FERRET",44.630667,-1.252,8,1977012012,"","","","",7.,1,160,1,"","","","","","","","","","","","","","","","","","","","","","","","","","","","",13.5,1,7.9,1,"","","","","","","","","","","","","","","","","","","","","","","","","","",70,1,"","","","","","","","","","","","",10.8,1,1002.8,1,"","","","","","",6,1,0,1,8,1,6,1,4,1,"","","","","","","","","","","","","","","","","","","","","","","","",20000,1,"","",3,1,1,1,"","","","","","","","","","",4,1,270,1,"","","","","","","","","","","","","","","","","","","","","","","","","","","","","","","","","","","","","","","","","","","","","","","","","","","",""
"33236002","CAP-FERRET",44.630667,-1.252,8,1977012015,"","","","",6.,1,200,1,"","","","","","","","","","","","","","","","","","","","","","","","","","","","",12.8,1,9.4,1,"","","","","","","","","","","","","","","","","","","","","","","","","","",81,1,"","","","","","","","","","","","",12.,1,1001.8,1,"","","","","","",6,1,0,1,5,1,7,1,0,1,"","","","","","","","","","","","","","","","","","","","","","","","",22000,1,"","",61,1,2,1,"","","","","","","","","","",4,1,270,1,"","","","","","","","","","","","","","","","","","","","","","","","","","","","","","","","","","","","","","","","","","","","","","","","","","","",""
"33236002","CAP-FERRET",44.630667,-1.252,8,1977012018,"","","","",10.,1,260,1,"","","","","","","","","","","","","","","","","","","","","","","","","","","","",11.2,1,10.1,1,"","","","","","","","","","","","","","","","","","","","","","","","","","",95,1,"","","","","","","","","","","","",12.6,1,1003.4,1,"","","","","","",8,1,6,1,7,1,7,1,"","","","","","","","","","","","","","","","","","","","","","","","","","",9000,1,"","",61,1,6,1,"","","","","","","","","","",4,1,270,1,"","","","","","","","","","","","","","","","","","","","","","","","","","","","","","","","","","","","","","","","","","","","","","","","","","","",""
"33236002","CAP-FERRET",44.630667,-1.252,8,1977012021,"","","","",2.,1,160,1,"","","","","","","","","","","","","","","","","","","","","","","","","","","","",9.2,1,8.5,1,"","","","","","","","","","","","","","","","","","","","","","","","","","",97,1,"","","","","","","","","","","","",11.3,1,1004.8,1,"","","","","","",8,1,6,1,7,1,7,1,"","","","","","","","","","","","","","","","","","","","","","","","","","",12000,1,"","",2,1,6,1,"","","","","","","","","","",4,1,270,1,"","","","","","","","","","","","","","","","","","","","","","","","","","","","","","","","","","","","","","","","","","","","","","","","","","","",""
"33236002","CAP-FERRET",44.630667,-1.252,8,1977012100,"","","","","","","","","","","","","","","","","","","","","","","","","","","","","","","","","","","","","","","","","","","","","","","","","","","","","","","","","","","","","","","","","","","","","","","","","","","","","","","","","","",1005.9,1,"","","","","","","","","","","","","","","","","","","","","","","","","","","","","","","","","","","","","","","","","","","","","","","","","","","","","","","","","","","","","","","","","","","","","","","","","","","","","","","","","","","","","","","","","","","","","","","","","","","","","","","","","","","","","","","","","",""
"33236002","CAP-FERRET",44.630667,-1.252,8,1977012103,"","","","",1.,1,120,1,"","","","","","","","","","","","","","","","","","","","","","","","","","","","",8.4,1,8.4,1,"","","","","","","","","","","","","","","","","","","","","","","","","","",100,1,"","","","","","","","","","","","",11.,1,1006.7,1,"","","","","","",8,1,8,1,5,1,"","","","","","","","","","","","","","","","","","","","","","","","","","","","",10000,1,"","",0,1,"","","","","","","","","","","","",4,1,270,1,"","","","","","","","","","","","","","","","","","","","","","","","","","","","","","","","","","","","","","","","","","","","","","","","","","","",""
"33236002","CAP-FERRET",44.630667,-1.252,8,1977012106,"","","","",1.,1,160,1,"","","","","","","","","","","","","","","","","","","","","","","","","","","","",8.3,1,8.3,1,"","","","","","","","","","","","","","","","","","","","","","","","","","",100,1,"","","","","","","","","","","","",10.9,1,1006.9,1,"","","","","","",8,1,8,1,5,1,"","","","","","","","","","","","","","","","","","","","","","","","","","","","",10000,1,"","",0,1,"","","","","","","","","","","","",4,1,270,1,"","","","","","","","","","","","","","","","","","","","","","","","","","","","","","","","","","","","","","","","","","","","","","","","","","","",""
"33236002","CAP-FERRET",44.630667,-1.252,8,1977012109,"","","","",1.,1,160,1,"","","","","","","","","","","","","","","","","","","","","","","","","","","","",8.3,1,8.3,1,"","","","","","","","","","","","","","","","","","","","","","","","","","",100,1,"","","","","","","","","","","","",10.9,1,1008.1,1,"","","","","","",7,1,7,1,5,1,"","","","","","","","","","","","","","","","","","","","","","","","","","","","",9000,1,"","",2,1,2,1,"","","","","","","","","","",4,1,270,1,"","","","","","","","","","","","","","","","","","","","","","","","","","","","","","","","","","","","","","","","","","","","","","","","","","","",""
"33236002","CAP-FERRET",44.630667,-1.252,8,1977012112,"","","","",1.,1,200,1,"","","","","","","","","","","","","","","","","","","","","","","","","","","","",9.5,1,8.7,1,"","","","","","","","","","","","","","","","","","","","","","","","","","",96,1,"","","","","","","","","","","","",11.4,1,1008.7,1,"","","","","","",8,1,8,1,5,1,"","","","","","","","","","","","","","","","","","","","","","","","","","","","",9000,1,"","",2,1,2,1,"","","","","","","","","","",4,1,270,1,"","","","","","","","","","","","","","","","","","","","","","","","","","","","","","","","","","","","","","","","","","","","","","","","","","","",""
"33236002","CAP-FERRET",44.630667,-1.252,8,1977012115,"","","","",1.,1,220,1,"","","","","","","","","","","","","","","","","","","","","","","","","","","","",10.1,1,8.8,1,"","","","","","","","","","","","","","","","","","","","","","","","","","",94,1,"","","","","","","","","","","","",11.5,1,1009.7,1,"","","","","","",8,1,8,1,5,1,"","","","","","","","","","","","","","","","","","","","","","","","","","","","",3500,1,"","",10,1,2,1,"","","","","","","","","","",4,1,270,1,"","","","","","","","","","","","","","","","","","","","","","","","","","","","","","","","","","","","","","","","","","","","","","","","","","","",""
"33236002","CAP-FERRET",44.630667,-1.252,8,1977012118,"","","","",1.,1,200,1,"","","","","","","","","","","","","","","","","","","","","","","","","","","","",9.5,1,8.8,1,"","","","","","","","","","","","","","","","","","","","","","","","","","",97,1,"","","","","","","","","","","","",11.5,1,1010.1,1,"","","","","","",8,1,8,1,5,1,"","","","","","","","","","","","","","","","","","","","","","","","","","","","",4000,1,"","",10,1,8,1,"","","","","","","","","","",4,1,270,1,"","","","","","","","","","","","","","","","","","","","","","","","","","","","","","","","","","","","","","","","","","","","","","","","","","","",""
"33236002","CAP-FERRET",44.630667,-1.252,8,1977012121,"","","","",4.,1,200,1,"","","","","","","","","","","","","","","","","","","","","","","","","","","","",9.2,1,8.4,1,"","","","","","","","","","","","","","","","","","","","","","","","","","",96,1,"","","","","","","","","","","","",11.2,1,1010.6,1,"","","","","","",3,1,0,1,5,1,0,1,0,1,"","","","","","","","","","","","","","","","","","","","","","","","",5000,1,"","",2,1,1,1,"","","","","","","","","","",4,1,270,1,"","","","","","","","","","","","","","","","","","","","","","","","","","","","","","","","","","","","","","","","","","","","","","","","","","","",""
"33236002","CAP-FERRET",44.630667,-1.252,8,1977012200,"","","","","","","","","","","","","","","","","","","","","","","","","","","","","","","","","","","","","","","","","","","","","","","","","","","","","","","","","","","","","","","","","","","","","","","","","","","","","","","","","","",1010.,1,"","","","","","","","","","","","","","","","","","","","","","","","","","","","","","","","","","","","","","","","","","","","","","","","","","","","","","","","","","","","","","","","","","","","","","","","","","","","","","","","","","","","","","","","","","","","","","","","","","","","","","","","","","","","","","","","","",""
"33236002","CAP-FERRET",44.630667,-1.252,8,1977012203,"","","","",3.,1,180,1,"","","","","","","","","","","","","","","","","","","","","","","","","","","","",7.8,1,7.8,1,"","","","","","","","","","","","","","","","","","","","","","","","","","",100,1,"","","","","","","","","","","","",10.6,1,1009.,1,"","","","","","",0,1,"","",0,1,0,1,0,1,"","","","","","","","","","","","","","","","","","","","","","","","",3000,1,"","",10,1,"","","","","","","","","","","","",4,1,270,1,"","","","","","","","","","","","","","","","","","","","","","","","","","","","","","","","","","","","","","","","","","","","","","","","","","","",""
"33236002","CAP-FERRET",44.630667,-1.252,8,1977012206,"","","","",4.,1,160,1,"","","","","","","","","","","","","","","","","","","","","","","","","","","","",7.8,1,7.8,1,"","","","","","","","","","","","","","","","","","","","","","","","","","",100,1,"","","","","","","","","","","","",10.6,1,1006.6,1,"","","","","","",8,1,8,1,5,1,"","","","","","","","","","","","","","","","","","","","","","","","","","","","",4500,1,"","",10,1,1,1,"","","","","","","","","","",4,1,270,1,"","","","","","","","","","","","","","","","","","","","","","","","","","","","","","","","","","","","","","","","","","","","","","","","","","","",""
"33236002","CAP-FERRET",44.630667,-1.252,8,1977012209,"","","","",4.,1,160,1,"","","","","","","","","","","","","","","","","","","","","","","","","","","","",7.8,1,6.4,1,"","","","","","","","","","","","","","","","","","","","","","","","","","",91,1,"","","","","","","","","","","","",9.7,1,1004.5,1,"","","","","","",8,1,8,1,5,1,"","","","","","","","","","","","","","","","","","","","","","","","","","","","",7000,1,"","",2,1,2,1,"","","","","","","","","","",4,1,270,1,"","","","","","","","","","","","","","","","","","","","","","","","","","","","","","","","","","","","","","","","","","","","","","","","","","","",""
"33236002","CAP-FERRET",44.630667,-1.252,8,1977012212,"","","","",8.,1,220,1,"","","","","","","","","","","","","","","","","","","","","","","","","","","","",11.4,1,8.4,1,"","","","","","","","","","","","","","","","","","","","","","","","","","",83,1,"","","","","","","","","","","","",11.2,1,1003.7,1,"","","","","","",6,1,5,1,5,1,4,1,0,1,"","","","","","","","","","","","","","","","","","","","","","","","",15000,1,"","",1,1,2,1,"","","","","","","","","","",4,1,270,1,"","","","","","","","","","","","","","","","","","","","","","","","","","","","","","","","","","","","","","","","","","","","","","","","","","","",""
"33236002","CAP-FERRET",44.630667,-1.252,8,1977012215,"","","","",13.,1,220,1,"","","","","","","","","","","","","","","","","","","","","","","","","","","","",10.5,1,8.8,1,"","","","","","","","","","","","","","","","","","","","","","","","","","",91,1,"","","","","","","","","","","","",11.5,1,1002.9,1,"","","","","","",8,1,6,1,7,1,7,1,"","","","","","","","","","","","","","","","","","","","","","","","","","",15000,1,"","",2,1,2,1,"","","","","","","","","","",4,1,270,1,"","","","","","","","","","","","","","","","","","","","","","","","","","","","","","","","","","","","","","","","","","","","","","","","","","","",""
"33236002","CAP-FERRET",44.630667,-1.252,8,1977012218,"","","","",10.,1,220,1,"","","","","","","","","","","","","","","","","","","","","","","","","","","","",11.5,1,9.9,1,"","","","","","","","","","","","","","","","","","","","","","","","","","",91,1,"","","","","","","","","","","","",12.4,1,1003.7,1,"","","","","","",7,1,5,1,5,1,7,1,"","","","","","","","","","","","","","","","","","","","","","","","","","",20000,1,"","",2,1,2,1,"","","","","","","","","","",4,1,270,1,"","","","","","","","","","","","","","","","","","","","","","","","","","","","","","","","","","","","","","","","","","","","","","","","","","","",""
"33236002","CAP-FERRET",44.630667,-1.252,8,1977012221,"","","","",10.,1,240,1,"","","","","","","","","","","","","","","","","","","","","","","","","","","","",11.,1,9.2,1,"","","","","","","","","","","","","","","","","","","","","","","","","","",90,1,"","","","","","","","","","","","",11.8,1,1005.3,1,"","","","","","",7,1,7,1,5,1,"","","","","","","","","","","","","","","","","","","","","","","","","","","","",20000,1,"","",2,1,2,1,"","","","","","","","","","",4,1,270,1,"","","","","","","","","","","","","","","","","","","","","","","","","","","","","","","","","","","","","","","","","","","","","","","","","","","",""
"33236002","CAP-FERRET",44.630667,-1.252,8,1977012300,"","","","","","","","","","","","","","","","","","","","","","","","","","","","","","","","","","","","","","","","","","","","","","","","","","","","","","","","","","","","","","","","","","","","","","","","","","","","","","","","","","",1005.7,1,"","","","","","","","","","","","","","","","","","","","","","","","","","","","","","","","","","","","","","","","","","","","","","","","","","","","","","","","","","","","","","","","","","","","","","","","","","","","","","","","","","","","","","","","","","","","","","","","","","","","","","","","","","","","","","","","","",""
"33236002","CAP-FERRET",44.630667,-1.252,8,1977012303,"","","","",5.,1,220,1,"","","","","","","","","","","","","","","","","","","","","","","","","","","","",9.5,1,8.4,1,"","","","","","","","","","","","","","","","","","","","","","","","","","",95,1,"","","","","","","","","","","","",11.2,1,1006.7,1,"","","","","","",0,1,"","",0,1,0,1,0,1,"","","","","","","","","","","","","","","","","","","","","","","","",5000,1,"","",0,1,"","","","","","","","","","","","",4,1,270,1,"","","","","","","","","","","","","","","","","","","","","","","","","","","","","","","","","","","","","","","","","","","","","","","","","","","",""
"33236002","CAP-FERRET",44.630667,-1.252,8,1977012306,"","","","",3.,1,240,1,"","","","","","","","","","","","","","","","","","","","","","","","","","","","",9.3,1,8.4,1,"","","","","","","","","","","","","","","","","","","","","","","","","","",97,1,"","","","","","","","","","","","",11.2,1,1007.1,1,"","","","","","",6,1,6,1,5,1,0,1,0,1,"","","","","","","","","","","","","","","","","","","","","","","","",5000,1,"","",0,1,"","","","","","","","","","","","",4,1,270,1,"","","","","","","","","","","","","","","","","","","","","","","","","","","","","","","","","","","","","","","","","","","","","","","","","","","",""
"33236002","CAP-FERRET",44.630667,-1.252,8,1977012309,"","","","",1.,1,160,1,"","","","","","","","","","","","","","","","","","","","","","","","","","","","",7.3,1,6.6,1,"","","","","","","","","","","","","","","","","","","","","","","","","","",97,1,"","","","","","","","","","","","",9.9,1,1007.1,1,"","","","","","",5,1,5,1,0,1,0,1,2,1,"","","","","","","","","","","","","","","","","","","","","","","","",8000,1,"","",2,1,2,1,"","","","","","","","","","",4,1,270,1,"","","","","","","","","","","","","","","","","","","","","","","","","","","","","","","","","","","","","","","","","","","","","","","","","","","",""
"33236002","CAP-FERRET",44.630667,-1.252,8,1977012312,"","","","",1.,1,180,1,"","","","","","","","","","","","","","","","","","","","","","","","","","","","",12.2,1,8.,1,"","","","","","","","","","","","","","","","","","","","","","","","","","",76,1,"","","","","","","","","","","","",10.9,1,1006.2,1,"","","","","","",2,1,0,1,0,1,0,1,2,1,"","","","","","","","","","","","","","","","","","","","","","","","",15000,1,"","",2,1,1,1,"","","","","","","","","","",4,1,270,1,"","","","","","","","","","","","","","","","","","","","","","","","","","","","","","","","","","","","","","","","","","","","","","","","","","","",""
"33236002","CAP-FERRET",44.630667,-1.252,8,1977012315,"","","","",1.,1,120,1,"","","","","","","","","","","","","","","","","","","","","","","","","","","","",13.8,1,11.1,1,"","","","","","","","","","","","","","","","","","","","","","","","","","",85,1,"","","","","","","","","","","","",13.5,1,1004.2,1,"","","","","","",3,1,0,1,1,1,0,1,2,1,"","","","","","","","","","","","","","","","","","","","","","","","",15000,1,"","",2,1,0,1,"","","","","","","","","","",3,1,270,1,"","","","","","","","","","","","","","","","","","","","","","","","","","","","","","","","","","","","","","","","","","","","","","","","","","","",""
"33236002","CAP-FERRET",44.630667,-1.252,8,1977012318,"","","","",4.,1,120,1,"","","","","","","","","","","","","","","","","","","","","","","","","","","","",10.3,1,8.,1,"","","","","","","","","","","","","","","","","","","","","","","","","","",87,1,"","","","","","","","","","","","",10.9,1,1004.2,1,"","","","","","",3,1,0,1,0,1,0,1,2,1,"","","","","","","","","","","","","","","","","","","","","","","","",15000,1,"","",2,1,0,1,"","","","","","","","","","",3,1,270,1,"","","","","","","","","","","","","","","","","","","","","","","","","","","","","","","","","","","","","","","","","","","","","","","","","","","",""
"33236002","CAP-FERRET",44.630667,-1.252,8,1977012321,"","","","",5.,1,120,1,"","","","","","","","","","","","","","","","","","","","","","","","","","","","",8.3,1,6.2,1,"","","","","","","","","","","","","","","","","","","","","","","","","","",88,1,"","","","","","","","","","","","",9.6,1,1004.5,1,"","","","","","",2,1,0,1,0,1,0,1,2,1,"","","","","","","","","","","","","","","","","","","","","","","","",12000,1,"","",2,1,0,1,"","","","","","","","","","",3,1,270,1,"","","","","","","","","","","","","","","","","","","","","","","","","","","","","","","","","","","","","","","","","","","","","","","","","","","",""
"33236002","CAP-FERRET",44.630667,-1.252,8,1977012400,"","","","","","","","","","","","","","","","","","","","","","","","","","","","","","","","","","","","","","","","","","","","","","","","","","","","","","","","","","","","","","","","","","","","","","","","","","","","","","","","","","",1005.2,1,"","","","","","","","","","","","","","","","","","","","","","","","","","","","","","","","","","","","","","","","","","","","","","","","","","","","","","","","","","","","","","","","","","","","","","","","","","","","","","","","","","","","","","","","","","","","","","","","","","","","","","","","","","","","","","","","","",""
"33236002","CAP-FERRET",44.630667,-1.252,8,1977012403,"","","","",3.,1,180,1,"","","","","","","","","","","","","","","","","","","","","","","","","","","","",7.5,1,5.8,1,"","","","","","","","","","","","","","","","","","","","","","","","","","",90,1,"","","","","","","","","","","","",9.3,1,1006.7,1,"","","","","","",0,1,"","",0,1,0,1,0,1,"","","","","","","","","","","","","","","","","","","","","","","","",12000,1,"","",0,1,"","","","","","","","","","","","",3,1,270,1,"","","","","","","","","","","","","","","","","","","","","","","","","","","","","","","","","","","","","","","","","","","","","","","","","","","",""
"33236002","CAP-FERRET",44.630667,-1.252,8,1977012406,"","","","",6.,1,240,1,"","","","","","","","","","","","","","","","","","","","","","","","","","","","",10.5,1,8.9,1,"","","","","","","","","","","","","","","","","","","","","","","","","","",91,1,"","","","","","","","","","","","",11.6,1,1008.5,1,"","","","","","",4,1,0,1,5,1,0,1,0,1,"","","","","","","","","","","","","","","","","","","","","","","","",12000,1,"","",3,1,0,1,"","","","","","","","","","",3,1,270,1,"","","","","","","","","","","","","","","","","","","","","","","","","","","","","","","","","","","","","","","","","","","","","","","","","","","",""
"33236002","CAP-FERRET",44.630667,-1.252,8,1977012409,"","","","",8.,1,240,1,"","","","","","","","","","","","","","","","","","","","","","","","","","","","",11.2,1,10.1,1,"","","","","","","","","","","","","","","","","","","","","","","","","","",95,1,"","","","","","","","","","","","",12.6,1,1010.3,1,"","","","","","",8,1,5,1,7,1,7,1,"","","","","","","","","","","","","","","","","","","","","","","","","","",10000,1,"","",15,1,6,1,"","","","","","","","","","",4,1,270,1,"","","","","","","","","","","","","","","","","","","","","","","","","","","","","","","","","","","","","","","","","","","","","","","","","","","",""
"33236002","CAP-FERRET",44.630667,-1.252,8,1977012412,"","","","",11.,1,260,1,"","","","","","","","","","","","","","","","","","","","","","","","","","","","",11.8,1,9.5,1,"","","","","","","","","","","","","","","","","","","","","","","","","","",87,1,"","","","","","","","","","","","",12.1,1,1012.5,1,"","","","","","",6,1,5,1,8,1,7,1,0,1,"","","","","","","","","","","","","","","","","","","","","","","","",15000,1,"","",2,1,6,1,"","","","","","","","","","",4,1,270,1,"","","","","","","","","","","","","","","","","","","","","","","","","","","","","","","","","","","","","","","","","","","","","","","","","","","",""
"33236002","CAP-FERRET",44.630667,-1.252,8,1977012415,"","","","",9.,1,240,1,"","","","","","","","","","","","","","","","","","","","","","","","","","","","",11.6,1,9.8,1,"","","","","","","","","","","","","","","","","","","","","","","","","","",90,1,"","","","","","","","","","","","",12.3,1,1013.3,1,"","","","","","",7,1,5,1,8,1,"","","","","","","","","","","","","","","","","","","","","","","","","","","","",12000,1,"","",2,1,2,1,"","","","","","","","","","",5,1,270,1,"","","","","","","","","","","","","","","","","","","","","","","","","","","","","","","","","","","","","","","","","","","","","","","","","","","",""
"33236002","CAP-FERRET",44.630667,-1.252,8,1977012418,"","","","",6.,1,200,1,"","","","","","","","","","","","","","","","","","","","","","","","","","","","",10.8,1,9.4,1,"","","","","","","","","","","","","","","","","","","","","","","","","","",92,1,"","","","","","","","","","","","",12.,1,1013.6,1,"","","","","","",7,1,7,1,5,1,"","","","","","","","","","","","","","","","","","","","","","","","","","","","",6000,1,"","",2,1,2,1,"","","","","","","","","","",5,1,270,1,"","","","","","","","","","","","","","","","","","","","","","","","","","","","","","","","","","","","","","","","","","","","","","","","","","","",""
"33236002","CAP-FERRET",44.630667,-1.252,8,1977012421,"","","","",5.,1,180,1,"","","","","","","","","","","","","","","","","","","","","","","","","","","","",10.4,1,7.7,1,"","","","","","","","","","","","","","","","","","","","","","","","","","",84,1,"","","","","","","","","","","","",10.7,1,1012.3,1,"","","","","","",8,1,8,1,5,1,"","","","","","","","","","","","","","","","","","","","","","","","","","","","",8000,1,"","",2,1,2,1,"","","","","","","","","","",5,1,270,1,"","","","","","","","","","","","","","","","","","","","","","","","","","","","","","","","","","","","","","","","","","","","","","","","","","","",""
"33236002","CAP-FERRET",44.630667,-1.252,8,1977012500,"","","","","","","","","","","","","","","","","","","","","","","","","","","","","","","","","","","","","","","","","","","","","","","","","","","","","","","","","","","","","","","","","","","","","","","","","","","","","","","","","","",1011.6,1,"","","","","","","","","","","","","","","","","","","","","","","","","","","","","","","","","","","","","","","","","","","","","","","","","","","","","","","","","","","","","","","","","","","","","","","","","","","","","","","","","","","","","","","","","","","","","","","","","","","","","","","","","","","","","","","","","",""
"33236002","CAP-FERRET",44.630667,-1.252,8,1977012503,"","","","",7.,1,200,1,"","","","","","","","","","","","","","","","","","","","","","","","","","","","",10.,1,10.,1,"","","","","","","","","","","","","","","","","","","","","","","","","","",100,1,"","","","","","","","","","","","",12.3,1,1010.7,1,"","","","","","",8,1,8,1,5,1,"","","","","","","","","","","","","","","","","","","","","","","","","","","","",6000,1,"","",63,1,"","","","","","","","","","","","",4,1,270,1,"","","","","","","","","","","","","","","","","","","","","","","","","","","","","","","","","","","","","","","","","","","","","","","","","","","",""
"33236002","CAP-FERRET",44.630667,-1.252,8,1977012506,"","","","",7.,1,200,1,"","","","","","","","","","","","","","","","","","","","","","","","","","","","",11.2,1,9.5,1,"","","","","","","","","","","","","","","","","","","","","","","","","","",91,1,"","","","","","","","","","","","",12.1,1,1009.9,1,"","","","","","",8,1,8,1,5,1,"","","","","","","","","","","","","","","","","","","","","","","","","","","","",6000,1,"","",0,1,"","","","","","","","","","","","",4,1,270,1,"","","","","","","","","","","","","","","","","","","","","","","","","","","","","","","","","","","","","","","","","","","","","","","","","","","",""
"33236002","CAP-FERRET",44.630667,-1.252,8,1977012509,"","","","",8.,1,180,1,"","","","","","","","","","","","","","","","","","","","","","","","","","","","",12.1,1,9.8,1,"","","","","","","","","","","","","","","","","","","","","","","","","","",87,1,"","","","","","","","","","","","",12.3,1,1009.3,1,"","","","","","",7,1,7,1,5,1,"","","","","","","","","","","","","","","","","","","","","","","","","","","","",8000,1,"","",2,1,2,1,"","","","","","","","","","",4,1,270,1,"","","","","","","","","","","","","","","","","","","","","","","","","","","","","","","","","","","","","","","","","","","","","","","","","","","",""
"33236002","CAP-FERRET",44.630667,-1.252,8,1977012512,"","","","",10.,1,180,1,"","","","","","","","","","","","","","","","","","","","","","","","","","","","",13.9,1,10.6,1,"","","","","","","","","","","","","","","","","","","","","","","","","","","","","","","","","","","","","","","","",13.,1,1007.4,1,"","","","","","",7,1,7,1,0,1,4,1,2,1,"","","","","","","","","","","","","","","","","","","","","","","","",9000,1,"","",2,1,2,1,"","","","","","","","","","",4,1,270,1,"","","","","","","","","","","","","","","","","","","","","","","","","","","","","","","","","","","","","","","","","","","","","","","","","","","",""
"33236002","CAP-FERRET",44.630667,-1.252,8,1977012515,"","","","",8.,1,200,1,"","","","","","","","","","","","","","","","","","","","","","","","","","","","",12.7,1,10.7,1,"","","","","","","","","","","","","","","","","","","","","","","","","","",89,1,"","","","","","","","","","","","",13.1,1,1006.7,1,"","","","","","",8,1,8,1,5,1,"","","","","","","","","","","","","","","","","","","","","","","","","","","","",10000,1,"","",60,1,6,1,"","","","","","","","","","",4,1,270,1,"","","","","","","","","","","","","","","","","","","","","","","","","","","","","","","","","","","","","","","","","","","","","","","","","","","",""
"33236002","CAP-FERRET",44.630667,-1.252,8,1977012518,"","","","",6.,1,200,1,"","","","","","","","","","","","","","","","","","","","","","","","","","","","",12.,1,10.6,1,"","","","","","","","","","","","","","","","","","","","","","","","","","",97,1,"","","","","","","","","","","","",13.,1,1005.7,1,"","","","","","",8,1,8,1,5,1,"","","","","","","","","","","","","","","","","","","","","","","","","","","","",8000,1,"","",60,1,6,1,"","","","","","","","","","",5,1,270,1,"","","","","","","","","","","","","","","","","","","","","","","","","","","","","","","","","","","","","","","","","","","","","","","","","","","",""
"33236002","CAP-FERRET",44.630667,-1.252,8,1977012521,"","","","",6.,1,300,1,"","","","","","","","","","","","","","","","","","","","","","","","","","","","",11.6,1,11.6,1,"","","","","","","","","","","","","","","","","","","","","","","","","","",100,1,"","","","","","","","","","","","",13.6,1,1006.6,1,"","","","","","",8,1,8,1,5,1,"","","","","","","","","","","","","","","","","","","","","","","","","","","","",8000,1,"","",60,1,6,1,"","","","","","","","","","",5,1,270,1,"","","","","","","","","","","","","","","","","","","","","","","","","","","","","","","","","","","","","","","","","","","","","","","","","","","",""
"33236002","CAP-FERRET",44.630667,-1.252,8,1977012600,"","","","","","","","","","","","","","","","","","","","","","","","","","","","","","","","","","","","","","","","","","","","","","","","","","","","","","","","","","","","","","","","","","","","","","","","","","","","","","","","","","",1006.7,1,"","","","","","","","","","","","","","","","","","","","","","","","","","","","","","","","","","","","","","","","","","","","","","","","","","","","","","","","","","","","","","","","","","","","","","","","","","","","","","","","","","","","","","","","","","","","","","","","","","","","","","","","","","","","","","","","","",""
"33236002","CAP-FERRET",44.630667,-1.252,8,1977012603,"","","","",8.,1,200,1,"","","","","","","","","","","","","","","","","","","","","","","","","","","","",10.8,1,10.8,1,"","","","","","","","","","","","","","","","","","","","","","","","","","",100,1,"","","","","","","","","","","","",12.9,1,1005.7,1,"","","","","","",8,1,5,1,7,1,7,1,"","","","","","","","","","","","","","","","","","","","","","","","","","",5000,1,"","",0,1,"","","","","","","","","","","","",5,1,270,1,"","","","","","","","","","","","","","","","","","","","","","","","","","","","","","","","","","","","","","","","","","","","","","","","","","","",""
"33236002","CAP-FERRET",44.630667,-1.252,8,1977012606,"","","","",7.,1,200,1,"","","","","","","","","","","","","","","","","","","","","","","","","","","","",11.,1,11.,1,"","","","","","","","","","","","","","","","","","","","","","","","","","",100,1,"","","","","","","","","","","","",13.1,1,1005.4,1,"","","","","","",8,1,6,1,7,1,7,1,"","","","","","","","","","","","","","","","","","","","","","","","","","",5000,1,"","",2,1,6,1,"","","","","","","","","","",5,1,270,1,"","","","","","","","","","","","","","","","","","","","","","","","","","","","","","","","","","","","","","","","","","","","","","","","","","","",""
"33236002","CAP-FERRET",44.630667,-1.252,8,1977012609,"","","","",8.,1,280,1,"","","","","","","","","","","","","","","","","","","","","","","","","","","","",11.4,1,9.2,1,"","","","","","","","","","","","","","","","","","","","","","","","","","",87,1,"","","","","","","","","","","","",11.8,1,1007.1,1,"","","","","","",8,1,7,1,5,1,7,1,"","","","","","","","","","","","","","","","","","","","","","","","","","",10000,1,"","",2,1,6,1,"","","","","","","","","","",5,1,270,1,"","","","","","","","","","","","","","","","","","","","","","","","","","","","","","","","","","","","","","","","","","","","","","","","","","","",""
"33236002","CAP-FERRET",44.630667,-1.252,8,1977012612,"","","","",8.,1,300,1,"","","","","","","","","","","","","","","","","","","","","","","","","","","","",11.5,1,8.7,1,"","","","","","","","","","","","","","","","","","","","","","","","","","",84,1,"","","","","","","","","","","","",11.4,1,1010.3,1,"","","","","","",8,1,7,1,5,1,7,1,"","","","","","","","","","","","","","","","","","","","","","","","","","",12000,1,"","",2,1,6,1,"","","","","","","","","","",5,1,270,1,"","","","","","","","","","","","","","","","","","","","","","","","","","","","","","","","","","","","","","","","","","","","","","","","","","","",""
"33236002","CAP-FERRET",44.630667,-1.252,8,1977012615,"","","","",8.,1,280,1,"","","","","","","","","","","","","","","","","","","","","","","","","","","","",11.8,1,10.,1,"","","","","","","","","","","","","","","","","","","","","","","","","","",90,1,"","","","","","","","","","","","",12.5,1,1009.7,1,"","","","","","",7,1,7,1,8,1,6,1,4,1,"","","","","","","","","","","","","","","","","","","","","","","","",12000,1,"","",1,1,2,1,"","","","","","","","","","",5,1,270,1,"","","","","","","","","","","","","","","","","","","","","","","","","","","","","","","","","","","","","","","","","","","","","","","","","","","",""
"33236002","CAP-FERRET",44.630667,-1.252,8,1977012618,"","","","",6.,1,240,1,"","","","","","","","","","","","","","","","","","","","","","","","","","","","",10.4,1,8.9,1,"","","","","","","","","","","","","","","","","","","","","","","","","","",92,1,"","","","","","","","","","","","",11.6,1,1009.7,1,"","","","","","",7,1,5,1,8,1,6,1,4,1,"","","","","","","","","","","","","","","","","","","","","","","","",10000,1,"","",1,1,2,1,"","","","","","","","","","",4,1,270,1,"","","","","","","","","","","","","","","","","","","","","","","","","","","","","","","","","","","","","","","","","","","","","","","","","","","",""
"33236002","CAP-FERRET",44.630667,-1.252,8,1977012621,"","","","",5.,1,200,1,"","","","","","","","","","","","","","","","","","","","","","","","","","","","",9.4,1,8.4,1,"","","","","","","","","","","","","","","","","","","","","","","","","","",95,1,"","","","","","","","","","","","",11.2,1,1009.5,1,"","","","","","",2,1,0,1,8,1,0,1,0,1,"","","","","","","","","","","","","","","","","","","","","","","","",10000,1,"","",1,1,1,1,"","","","","","","","","","",4,1,270,1,"","","","","","","","","","","","","","","","","","","","","","","","","","","","","","","","","","","","","","","","","","","","","","","","","","","",""
"33236002","CAP-FERRET",44.630667,-1.252,8,1977012700,"","","","","","","","","","","","","","","","","","","","","","","","","","","","","","","","","","","","","","","","","","","","","","","","","","","","","","","","","","","","","","","","","","","","","","","","","","","","","","","","","","",1008.8,1,"","","","","","","","","","","","","","","","","","","","","","","","","","","","","","","","","","","","","","","","","","","","","","","","","","","","","","","","","","","","","","","","","","","","","","","","","","","","","","","","","","","","","","","","","","","","","","","","","","","","","","","","","","","","","","","","","",""
"33236002","CAP-FERRET",44.630667,-1.252,8,1977012703,"","","","",4.,1,180,1,"","","","","","","","","","","","","","","","","","","","","","","","","","","","",7.7,1,5.6,1,"","","","","","","","","","","","","","","","","","","","","","","","","","",87,1,"","","","","","","","","","","","",9.2,1,1008.,1,"","","","","","",2,1,0,1,5,1,0,1,0,1,"","","","","","","","","","","","","","","","","","","","","","","","",5000,1,"","",0,1,"","","","","","","","","","","","",4,1,270,1,"","","","","","","","","","","","","","","","","","","","","","","","","","","","","","","","","","","","","","","","","","","","","","","","","","","",""
"33236002","CAP-FERRET",44.630667,-1.252,8,1977012706,"","","","",4.,1,200,1,"","","","","","","","","","","","","","","","","","","","","","","","","","","","",8.,1,7.2,1,"","","","","","","","","","","","","","","","","","","","","","","","","","",96,1,"","","","","","","","","","","","",10.3,1,1007.9,1,"","","","","","",2,1,0,1,5,1,0,1,0,1,"","","","","","","","","","","","","","","","","","","","","","","","",5000,1,"","",0,1,"","","","","","","","","","","","",4,1,270,1,"","","","","","","","","","","","","","","","","","","","","","","","","","","","","","","","","","","","","","","","","","","","","","","","","","","",""
"33236002","CAP-FERRET",44.630667,-1.252,8,1977012709,"","","","",8.,1,220,1,"","","","","","","","","","","","","","","","","","","","","","","","","","","","",10.8,1,8.4,1,"","","","","","","","","","","","","","","","","","","","","","","","","","",86,1,"","","","","","","","","","","","",11.2,1,1008.5,1,"","","","","","",5,1,5,1,5,1,0,1,0,1,"","","","","","","","","","","","","","","","","","","","","","","","",9000,1,"","",3,1,1,1,"","","","","","","","","","",4,1,270,1,"","","","","","","","","","","","","","","","","","","","","","","","","","","","","","","","","","","","","","","","","","","","","","","","","","","",""
"33236002","CAP-FERRET",44.630667,-1.252,8,1977012712,"","","","",8.,1,260,1,"","","","","","","","","","","","","","","","","","","","","","","","","","","","",12.7,1,7.6,1,"","","","","","","","","","","","","","","","","","","","","","","","","","",72,1,"","","","","","","","","","","","",10.6,1,1009.5,1,"","","","","","",6,1,5,1,2,1,4,1,2,1,"","","","","","","","","","","","","","","","","","","","","","","","",15000,1,"","",2,1,1,1,"","","","","","","","","","",4,1,270,1,"","","","","","","","","","","","","","","","","","","","","","","","","","","","","","","","","","","","","","","","","","","","","","","","","","","",""
"33236002","CAP-FERRET",44.630667,-1.252,8,1977012715,"","","","",5.,1,260,1,"","","","","","","","","","","","","","","","","","","","","","","","","","","","",12.,1,10.2,1,"","","","","","","","","","","","","","","","","","","","","","","","","","",91,1,"","","","","","","","","","","","",12.7,1,1009.6,1,"","","","","","",7,1,6,1,2,1,3,1,2,1,"","","","","","","","","","","","","","","","","","","","","","","","",15000,1,"","",2,1,2,1,"","","","","","","","","","",4,1,270,1,"","","","","","","","","","","","","","","","","","","","","","","","","","","","","","","","","","","","","","","","","","","","","","","","","","","",""
"33236002","CAP-FERRET",44.630667,-1.252,8,1977012718,"","","","",5.,1,280,1,"","","","","","","","","","","","","","","","","","","","","","","","","","","","",10.5,1,8.7,1,"","","","","","","","","","","","","","","","","","","","","","","","","","",90,1,"","","","","","","","","","","","",11.4,1,1009.7,1,"","","","","","",5,1,5,1,0,1,0,1,2,1,"","","","","","","","","","","","","","","","","","","","","","","","",10000,1,"","",2,1,2,1,"","","","","","","","","","",4,1,270,1,"","","","","","","","","","","","","","","","","","","","","","","","","","","","","","","","","","","","","","","","","","","","","","","","","","","",""
"33236002","CAP-FERRET",44.630667,-1.252,8,1977012721,"","","","",2.,1,180,1,"","","","","","","","","","","","","","","","","","","","","","","","","","","","",8.,1,7.2,1,"","","","","","","","","","","","","","","","","","","","","","","","","","",96,1,"","","","","","","","","","","","",10.3,1,1009.5,1,"","","","","","",7,1,7,1,0,1,0,1,2,1,"","","","","","","","","","","","","","","","","","","","","","","","",10000,1,"","",2,1,2,1,"","","","","","","","","","",4,1,270,1,"","","","","","","","","","","","","","","","","","","","","","","","","","","","","","","","","","","","","","","","","","","","","","","","","","","",""
"33236002","CAP-FERRET",44.630667,-1.252,8,1977012800,"","","","","","","","","","","","","","","","","","","","","","","","","","","","","","","","","","","","","","","","","","","","","","","","","","","","","","","","","","","","","","","","","","","","","","","","","","","","","","","","","","",1008.2,1,"","","","","","","","","","","","","","","","","","","","","","","","","","","","","","","","","","","","","","","","","","","","","","","","","","","","","","","","","","","","","","","","","","","","","","","","","","","","","","","","","","","","","","","","","","","","","","","","","","","","","","","","","","","","","","","","","",""
"33236002","CAP-FERRET",44.630667,-1.252,8,1977012803,"","","","",4.,1,120,1,"","","","","","","","","","","","","","","","","","","","","","","","","","","","",7.4,1,4.,1,"","","","","","","","","","","","","","","","","","","","","","","","","","",80,1,"","","","","","","","","","","","",8.2,1,1006.2,1,"","","","","","",7,1,7,1,5,1,"","","","","","","","","","","","","","","","","","","","","","","","","","","","",12000,1,"","",0,1,"","","","","","","","","","","","",4,1,270,1,"","","","","","","","","","","","","","","","","","","","","","","","","","","","","","","","","","","","","","","","","","","","","","","","","","","",""
"33236002","CAP-FERRET",44.630667,-1.252,8,1977012806,"","","","",5.,1,120,1,"","","","","","","","","","","","","","","","","","","","","","","","","","","","",7.,1,4.7,1,"","","","","","","","","","","","","","","","","","","","","","","","","","",85,1,"","","","","","","","","","","","",8.6,1,1003.2,1,"","","","","","",8,1,8,1,5,1,"","","","","","","","","","","","","","","","","","","","","","","","","","","","",12000,1,"","",2,1,2,1,"","","","","","","","","","",4,1,270,1,"","","","","","","","","","","","","","","","","","","","","","","","","","","","","","","","","","","","","","","","","","","","","","","","","","","",""
"33236002","CAP-FERRET",44.630667,-1.252,8,1977012809,"","","","",4.,1,140,1,"","","","","","","","","","","","","","","","","","","","","","","","","","","","",7.,1,5.,1,"","","","","","","","","","","","","","","","","","","","","","","","","","",88,1,"","","","","","","","","","","","",8.8,1,1002.2,1,"","","","","","",8,1,8,1,6,1,"","","","","","","","","","","","","","","","","","","","","","","","","","","","",10000,1,"","",61,1,2,1,"","","","","","","","","","",4,1,270,1,"","","","","","","","","","","","","","","","","","","","","","","","","","","","","","","","","","","","","","","","","","","","","","","","","","","",""
"33236002","CAP-FERRET",44.630667,-1.252,8,1977012812,"","","","",3.,1,120,1,"","","","","","","","","","","","","","","","","","","","","","","","","","","","",7.8,1,7.2,1,"","","","","","","","","","","","","","","","","","","","","","","","","","",97,1,"","","","","","","","","","","","",10.3,1,1000.2,1,"","","","","","",8,1,6,1,7,1,2,1,"","","","","","","","","","","","","","","","","","","","","","","","","","",9000,1,"","",2,1,6,1,"","","","","","","","","","",4,1,270,1,"","","","","","","","","","","","","","","","","","","","","","","","","","","","","","","","","","","","","","","","","","","","","","","","","","","",""
"33236002","CAP-FERRET",44.630667,-1.252,8,1977012815,"","","","",4.,1,140,1,"","","","","","","","","","","","","","","","","","","","","","","","","","","","",9.5,1,8.3,1,"","","","","","","","","","","","","","","","","","","","","","","","","","",94,1,"","","","","","","","","","","","",11.1,1,997.3,1,"","","","","","",6,1,6,1,5,1,0,1,0,1,"","","","","","","","","","","","","","","","","","","","","","","","",9000,1,"","",1,1,2,1,"","","","","","","","","","",3,1,270,1,"","","","","","","","","","","","","","","","","","","","","","","","","","","","","","","","","","","","","","","","","","","","","","","","","","","",""
"33236002","CAP-FERRET",44.630667,-1.252,8,1977012818,"","","","",5.,1,240,1,"","","","","","","","","","","","","","","","","","","","","","","","","","","","",10.4,1,8.1,1,"","","","","","","","","","","","","","","","","","","","","","","","","","",87,1,"","","","","","","","","","","","",11.,1,996.6,1,"","","","","","",3,1,0,1,5,1,0,1,0,1,"","","","","","","","","","","","","","","","","","","","","","","","",10000,1,"","",1,1,1,1,"","","","","","","","","","",3,1,270,1,"","","","","","","","","","","","","","","","","","","","","","","","","","","","","","","","","","","","","","","","","","","","","","","","","","","",""
"33236002","CAP-FERRET",44.630667,-1.252,8,1977012821,"","","","",8.,1,280,1,"","","","","","","","","","","","","","","","","","","","","","","","","","","","",9.8,1,7.5,1,"","","","","","","","","","","","","","","","","","","","","","","","","","",87,1,"","","","","","","","","","","","",10.5,1,998.2,1,"","","","","","",3,1,0,1,5,1,0,1,0,1,"","","","","","","","","","","","","","","","","","","","","","","","",11000,1,"","",2,1,0,1,"","","","","","","","","","",3,1,270,1,"","","","","","","","","","","","","","","","","","","","","","","","","","","","","","","","","","","","","","","","","","","","","","","","","","","",""
"33236002","CAP-FERRET",44.630667,-1.252,8,1977012900,"","","","","","","","","","","","","","","","","","","","","","","","","","","","","","","","","","","","","","","","","","","","","","","","","","","","","","","","","","","","","","","","","","","","","","","","","","","","","","","","","","",998.2,1,"","","","","","","","","","","","","","","","","","","","","","","","","","","","","","","","","","","","","","","","","","","","","","","","","","","","","","","","","","","","","","","","","","","","","","","","","","","","","","","","","","","","","","","","","","","","","","","","","","","","","","","","","","","","","","","","","",""
"33236002","CAP-FERRET",44.630667,-1.252,8,1977012903,"","","","",12.,1,260,1,"","","","","","","","","","","","","","","","","","","","","","","","","","","","",8.6,1,8.6,1,"","","","","","","","","","","","","","","","","","","","","","","","","","",100,1,"","","","","","","","","","","","",11.2,1,998.7,1,"","","","","","",6,1,5,1,8,1,0,1,0,1,"","","","","","","","","","","","","","","","","","","","","","","","",8000,1,"","",0,1,"","","","","","","","","","","","",4,1,270,1,"","","","","","","","","","","","","","","","","","","","","","","","","","","","","","","","","","","","","","","","","","","","","","","","","","","",""
"33236002","CAP-FERRET",44.630667,-1.252,8,1977012906,"","","","",8.,1,280,1,"","","","","","","","","","","","","","","","","","","","","","","","","","","","",7.8,1,6.9,1,"","","","","","","","","","","","","","","","","","","","","","","","","","",96,1,"","","","","","","","","","","","",10.1,1,1000.5,1,"","","","","","",8,1,8,1,7,1,"","","","","","","","","","","","","","","","","","","","","","","","","","","","",8000,1,"","",0,1,"","","","","","","","","","","","",4,1,270,1,"","","","","","","","","","","","","","","","","","","","","","","","","","","","","","","","","","","","","","","","","","","","","","","","","","","",""
"33236002","CAP-FERRET",44.630667,-1.252,8,1977012909,"","","","",13.,1,260,1,"","","","","","","","","","","","","","","","","","","","","","","","","","","","",9.6,1,7.1,1,"","","","","","","","","","","","","","","","","","","","","","","","","","",85,1,"","","","","","","","","","","","",10.2,1,1001.8,1,"","","","","","",6,1,0,1,9,1,0,1,2,1,"","","","","","","","","","","","","","","","","","","","","","","","",12000,1,"","",2,1,8,1,"","","","","","","","","","",4,1,270,1,"","","","","","","","","","","","","","","","","","","","","","","","","","","","","","","","","","","","","","","","","","","","","","","","","","","",""
"33236002","CAP-FERRET",44.630667,-1.252,8,1977012912,"","","","",7.,1,300,1,"","","","","","","","","","","","","","","","","","","","","","","","","","","","",8.2,1,7.2,1,"","","","","","","","","","","","","","","","","","","","","","","","","","",94,1,"","","","","","","","","","","","",10.3,1,1004.6,1,"","","","","","",7,1,5,1,8,1,"","","","","","","","","","","","","","","","","","","","","","","","","","","","",15000,1,"","",25,1,8,1,"","","","","","","","","","",4,1,270,1,"","","","","","","","","","","","","","","","","","","","","","","","","","","","","","","","","","","","","","","","","","","","","","","","","","","",""
"33236002","CAP-FERRET",44.630667,-1.252,8,1977012915,"","","","",5.,1,300,1,"","","","","","","","","","","","","","","","","","","","","","","","","","","","",8.7,1,7.6,1,"","","","","","","","","","","","","","","","","","","","","","","","","","",95,1,"","","","","","","","","","","","",10.6,1,1005.3,1,"","","","","","",6,1,6,1,9,1,0,1,0,1,"","","","","","","","","","","","","","","","","","","","","","","","",15000,1,"","",2,1,8,1,"","","","","","","","","","",4,1,270,1,"","","","","","","","","","","","","","","","","","","","","","","","","","","","","","","","","","","","","","","","","","","","","","","","","","","",""
"33236002","CAP-FERRET",44.630667,-1.252,8,1977012918,"","","","",8.,1,260,1,"","","","","","","","","","","","","","","","","","","","","","","","","","","","",9.2,1,7.3,1,"","","","","","","","","","","","","","","","","","","","","","","","","","",89,1,"","","","","","","","","","","","",10.4,1,1006.1,1,"","","","","","",7,1,0,1,8,1,"","","","","","","","","","","","","","","","","","","","","","","","","","","","",15000,1,"","",2,1,8,1,"","","","","","","","","","",4,1,270,1,"","","","","","","","","","","","","","","","","","","","","","","","","","","","","","","","","","","","","","","","","","","","","","","","","","","",""
"33236002","CAP-FERRET",44.630667,-1.252,8,1977012921,"","","","",3.,1,260,1,"","","","","","","","","","","","","","","","","","","","","","","","","","","","",8.4,1,6.9,1,"","","","","","","","","","","","","","","","","","","","","","","","","","",92,1,"","","","","","","","","","","","",10.1,1,1007.5,1,"","","","","","",6,1,6,1,5,1,0,1,0,1,"","","","","","","","","","","","","","","","","","","","","","","","",15000,1,"","",2,1,2,1,"","","","","","","","","","",4,1,270,1,"","","","","","","","","","","","","","","","","","","","","","","","","","","","","","","","","","","","","","","","","","","","","","","","","","","",""
"33236002","CAP-FERRET",44.630667,-1.252,8,1977013000,"","","","","","","","","","","","","","","","","","","","","","","","","","","","","","","","","","","","","","","","","","","","","","","","","","","","","","","","","","","","","","","","","","","","","","","","","","","","","","","","","","",1007.5,1,"","","","","","","","","","","","","","","","","","","","","","","","","","","","","","","","","","","","","","","","","","","","","","","","","","","","","","","","","","","","","","","","","","","","","","","","","","","","","","","","","","","","","","","","","","","","","","","","","","","","","","","","","","","","","","","","","",""
"33236002","CAP-FERRET",44.630667,-1.252,8,1977013003,"","","","",8.,1,220,1,"","","","","","","","","","","","","","","","","","","","","","","","","","","","",9.4,1,7.9,1,"","","","","","","","","","","","","","","","","","","","","","","","","","",92,1,"","","","","","","","","","","","",10.8,1,1007.5,1,"","","","","","",6,1,6,1,8,1,0,1,0,1,"","","","","","","","","","","","","","","","","","","","","","","","",12000,1,"","",80,1,"","","","","","","","","","","","",4,1,270,1,"","","","","","","","","","","","","","","","","","","","","","","","","","","","","","","","","","","","","","","","","","","","","","","","","","","",""
"33236002","CAP-FERRET",44.630667,-1.252,8,1977013006,"","","","",7.,1,260,1,"","","","","","","","","","","","","","","","","","","","","","","","","","","","",9.4,1,7.9,1,"","","","","","","","","","","","","","","","","","","","","","","","","","",92,1,"","","","","","","","","","","","",10.8,1,1007.7,1,"","","","","","",7,1,7,1,8,1,"","","","","","","","","","","","","","","","","","","","","","","","","","","","",16000,1,"","",2,1,8,1,"","","","","","","","","","",4,1,270,1,"","","","","","","","","","","","","","","","","","","","","","","","","","","","","","","","","","","","","","","","","","","","","","","","","","","",""
"33236002","CAP-FERRET",44.630667,-1.252,8,1977013009,"","","","",5.,1,320,1,"","","","","","","","","","","","","","","","","","","","","","","","","","","","",8.6,1,7.5,1,"","","","","","","","","","","","","","","","","","","","","","","","","","",95,1,"","","","","","","","","","","","",10.5,1,1008.7,1,"","","","","","",6,1,0,1,8,1,6,1,3,1,"","","","","","","","","","","","","","","","","","","","","","","","",20000,1,"","",2,1,2,1,"","","","","","","","","","",3,1,270,1,"","","","","","","","","","","","","","","","","","","","","","","","","","","","","","","","","","","","","","","","","","","","","","","","","","","",""
"33236002","CAP-FERRET",44.630667,-1.252,8,1977013012,"","","","",2.,1,20,1,"","","","","","","","","","","","","","","","","","","","","","","","","","","","",7.4,1,6.4,1,"","","","","","","","","","","","","","","","","","","","","","","","","","",94,1,"","","","","","","","","","","","",9.7,1,1010.1,1,"","","","","","",8,1,8,1,6,1,"","","","","","","","","","","","","","","","","","","","","","","","","","","","",18000,1,"","",3,1,2,1,"","","","","","","","","","",3,1,270,1,"","","","","","","","","","","","","","","","","","","","","","","","","","","","","","","","","","","","","","","","","","","","","","","","","","","",""
"33236002","CAP-FERRET",44.630667,-1.252,8,1977013015,"","","","",3.,1,40,1,"","","","","","","","","","","","","","","","","","","","","","","","","","","","",7.5,1,5.8,1,"","","","","","","","","","","","","","","","","","","","","","","","","","",90,1,"","","","","","","","","","","","",9.3,1,1009.5,1,"","","","","","",6,1,6,1,8,1,0,1,0,1,"","","","","","","","","","","","","","","","","","","","","","","","",20000,1,"","",2,1,2,1,"","","","","","","","","","",3,1,270,1,"","","","","","","","","","","","","","","","","","","","","","","","","","","","","","","","","","","","","","","","","","","","","","","","","","","",""
"33236002","CAP-FERRET",44.630667,-1.252,8,1977013018,"","","","",4.,1,40,1,"","","","","","","","","","","","","","","","","","","","","","","","","","","","",6.,1,4.5,1,"","","","","","","","","","","","","","","","","","","","","","","","","","",91,1,"","","","","","","","","","","","",8.5,1,1010.3,1,"","","","","","",6,1,6,1,8,1,0,1,0,1,"","","","","","","","","","","","","","","","","","","","","","","","",20000,1,"","",2,1,2,1,"","","","","","","","","","",3,1,270,1,"","","","","","","","","","","","","","","","","","","","","","","","","","","","","","","","","","","","","","","","","","","","","","","","","","","",""
"33236002","CAP-FERRET",44.630667,-1.252,8,1977013021,"","","","",6.,1,40,1,"","","","","","","","","","","","","","","","","","","","","","","","","","","","",5.,1,3.8,1,"","","","","","","","","","","","","","","","","","","","","","","","","","",93,1,"","","","","","","","","","","","",8.1,1,1010.9,1,"","","","","","",8,1,5,1,8,1,0,1,6,1,"","","","","","","","","","","","","","","","","","","","","","","","",16000,1,"","",2,1,2,1,"","","","","","","","","","",3,1,"","","","","","","","","","","","","","","","","","","","","","","","","","","","","","","","","","","","","","","","","","","","","","","","","","","","","",""
"33236002","CAP-FERRET",44.630667,-1.252,8,1977013100,"","","","","","","","","","","","","","","","","","","","","","","","","","","","","","","","","","","","","","","","","","","","","","","","","","","","","","","","","","","","","","","","","","","","","","","","","","","","","","","","","","",1010.6,1,"","","","","","","","","","","","","","","","","","","","","","","","","","","","","","","","","","","","","","","","","","","","","","","","","","","","","","","","","","","","","","","","","","","","","","","","","","","","","","","","","","","","","","","","","","","","","","","","","","","","","","","","","","","","","","","","","",""
"33236002","CAP-FERRET",44.630667,-1.252,8,1977013103,"","","","",5.,1,60,1,"","","","","","","","","","","","","","","","","","","","","","","","","","","","",3.3,1,2.4,1,"","","","","","","","","","","","","","","","","","","","","","","","","","",95,1,"","","","","","","","","","","","",7.3,1,1010.2,1,"","","","","","",2,1,0,1,0,1,0,1,2,1,"","","","","","","","","","","","","","","","","","","","","","","","",15000,1,"","",0,1,"","","","","","","","","","","","",3,1,270,1,"","","","","","","","","","","","","","","","","","","","","","","","","","","","","","","","","","","","","","","","","","","","","","","","","","","",""
"33236002","CAP-FERRET",44.630667,-1.252,8,1977013106,"","","","",5.,1,60,1,"","","","","","","","","","","","","","","","","","","","","","","","","","","","",2.5,1,2.,1,"","","","","","","","","","","","","","","","","","","","","","","","","","",97,1,"","","","","","","","","","","","",7.1,1,1009.9,1,"","","","","","",2,1,0,1,0,1,0,1,2,1,"","","","","","","","","","","","","","","","","","","","","","","","",15000,1,"","",0,1,"","","","","","","","","","","","",3,1,270,1,"","","","","","","","","","","","","","","","","","","","","","","","","","","","","","","","","","","","","","","","","","","","","","","","","","","",""
"33236002","CAP-FERRET",44.630667,-1.252,8,1977013109,"","","","",4.,1,60,1,"","","","","","","","","","","","","","","","","","","","","","","","","","","","",2.2,1,1.6,1,"","","","","","","","","","","","","","","","","","","","","","","","","","",96,1,"","","","","","","","","","","","",6.9,1,1010.5,1,"","","","","","",6,1,6,1,6,1,0,1,0,1,"","","","","","","","","","","","","","","","","","","","","","","","",4000,1,"","",10,1,1,1,"","","","","","","","","","",3,1,270,1,"","","","","","","","","","","","","","","","","","","","","","","","","","","","","","","","","","","","","","","","","","","","","","","","","","","",""
"33236002","CAP-FERRET",44.630667,-1.252,8,1977013112,"","","","",4.,1,80,1,"","","","","","","","","","","","","","","","","","","","","","","","","","","","",3.2,1,2.6,1,"","","","","","","","","","","","","","","","","","","","","","","","","","",96,1,"","","","","","","","","","","","",7.4,1,1011.,1,"","","","","","",8,1,8,1,6,1,"","","","","","","","","","","","","","","","","","","","","","","","","","","","",2000,1,"","",10,1,4,1,"","","","","","","","","","",3,1,270,1,"","","","","","","","","","","","","","","","","","","","","","","","","","","","","","","","","","","","","","","","","","","","","","","","","","","",""
"33236002","CAP-FERRET",44.630667,-1.252,8,1977013115,"","","","",1.,1,60,1,"","","","","","","","","","","","","","","","","","","","","","","","","","","","",7.6,1,5.5,1,"","","","","","","","","","","","","","","","","","","","","","","","","","",87,1,"","","","","","","","","","","","",9.1,1,1010.7,1,"","","","","","",6,1,6,1,0,1,0,1,2,1,"","","","","","","","","","","","","","","","","","","","","","","","",7000,1,"","",2,1,2,1,"","","","","","","","","","",3,1,270,1,"","","","","","","","","","","","","","","","","","","","","","","","","","","","","","","","","","","","","","","","","","","","","","","","","","","",""
"33236002","CAP-FERRET",44.630667,-1.252,8,1977013118,"","","","",1.,1,100,1,"","","","","","","","","","","","","","","","","","","","","","","","","","","","",3.7,1,2.6,1,"","","","","","","","","","","","","","","","","","","","","","","","","","",93,1,"","","","","","","","","","","","",7.4,1,1011.1,1,"","","","","","",2,1,0,1,0,1,0,1,2,1,"","","","","","","","","","","","","","","","","","","","","","","","",7000,1,"","",2,1,1,1,"","","","","","","","","","",3,1,270,1,"","","","","","","","","","","","","","","","","","","","","","","","","","","","","","","","","","","","","","","","","","","","","","","","","","","",""
"33236002","CAP-FERRET",44.630667,-1.252,8,1977013121,"","","","",1.,1,340,1,"","","","","","","","","","","","","","","","","","","","","","","","","","","","",0.,1,0.,1,"","","","","","","","","","","","","","","","","","","","","","","","","","",100,1,"","","","","","","","","","","","",6.1,1,1012.8,1,"","","","","","",0,1,"","",0,1,0,1,0,1,"","","","","","","","","","","","","","","","","","","","","","","","",2000,1,"","",10,1,0,1,"","","","","","","","","","",3,1,270,1,"","","","","","","","","","","","","","","","","","","","","","","","","","","","","","","","","","","","","","","","","","","","","","","","","","","",""
"33236002","CAP-FERRET",44.630667,-1.252,8,1977020100,"","","","","","","","","","","","","","","","","","","","","","","","","","","","","","","","","","","","","","","","","","","","","","","","","","","","","","","","","","","","","","","","","","","","","","","","","","","","","","","","","","",1014.1,1,"","","","","","","","","","","","","","","","","","","","","","","","","","","","","","","","","","","","","","","","","","","","","","","","","","","","","","","","","","","","","","","","","","","","","","","","","","","","","","","","","","","","","","","","","","","","","","","","","","","","","","","","","","","","","","","","","",""
"33236002","CAP-FERRET",44.630667,-1.252,8,1977020103,"","","","",2.,1,20,1,"","","","","","","","","","","","","","","","","","","","","","","","","","","","",-0.5,1,-0.5,1,"","","","","","","","","","","","","","","","","","","","","","","","","","",100,1,"","","","","","","","","","","","",5.9,1,1015.1,1,"","","","","","",3,1,0,1,5,1,0,1,0,1,"","","","","","","","","","","","","","","","","","","","","","","","",8000,1,"","",0,1,"","","","","","","","","","","","",3,1,270,1,"","","","","","","","","","","","","","","","","","","","","","","","","","","","","","","","","","","","","","","","","","","","","","","","","","","",""
"33236002","CAP-FERRET",44.630667,-1.252,8,1977020106,"","","","",2.,1,20,1,"","","","","","","","","","","","","","","","","","","","","","","","","","","","",1.,1,1.,1,"","","","","","","","","","","","","","","","","","","","","","","","","","",100,1,"","","","","","","","","","","","",6.6,1,1015.5,1,"","","","","","",2,1,0,1,6,1,0,1,0,1,"","","","","","","","","","","","","","","","","","","","","","","","",800,1,"","",44,1,0,1,"","","","","","","","","","",3,1,270,1,"","","","","","","","","","","","","","","","","","","","","","","","","","","","","","","","","","","","","","","","","","","","","","","","","","","",""
"33236002","CAP-FERRET",44.630667,-1.252,8,1977020109,"","","","",3.,1,100,1,"","","","","","","","","","","","","","","","","","","","","","","","","","","","",0.6,1,0.6,1,"","","","","","","","","","","","","","","","","","","","","","","","","","",100,1,"","","","","","","","","","","","",6.4,1,1017.2,1,"","","","","","",8,1,8,1,6,1,0,1,0,1,"","","","","","","","","","","","","","","","","","","","","","","","",2000,1,"","",10,1,4,1,"","","","","","","","","","",3,1,270,1,"","","","","","","","","","","","","","","","","","","","","","","","","","","","","","","","","","","","","","","","","","","","","","","","","","","",""
"33236002","CAP-FERRET",44.630667,-1.252,8,1977020112,"","","","",2.,1,120,1,"","","","","","","","","","","","","","","","","","","","","","","","","","","","",3.4,1,2.8,1,"","","","","","","","","","","","","","","","","","","","","","","","","","",97,1,"","","","","","","","","","","","",7.5,1,1018.2,1,"","","","","","",5,1,5,1,5,1,0,1,0,1,"","","","","","","","","","","","","","","","","","","","","","","","",12000,1,"","",1,1,4,1,"","","","","","","","","","",3,1,270,1,"","","","","","","","","","","","","","","","","","","","","","","","","","","","","","","","","","","","","","","","","","","","","","","","","","","",""
"33236002","CAP-FERRET",44.630667,-1.252,8,1977020115,"","","","",6.,1,280,1,"","","","","","","","","","","","","","","","","","","","","","","","","","","","",10.,1,7.7,1,"","","","","","","","","","","","","","","","","","","","","","","","","","",87,1,"","","","","","","","","","","","",10.7,1,1017.2,1,"","","","","","",3,1,0,1,2,1,0,1,0,1,"","","","","","","","","","","","","","","","","","","","","","","","",18000,1,"","",1,1,1,1,"","","","","","","","","","",3,1,270,1,"","","","","","","","","","","","","","","","","","","","","","","","","","","","","","","","","","","","","","","","","","","","","","","","","","","",""
"33236002","CAP-FERRET",44.630667,-1.252,8,1977020118,"","","","",5.,1,260,1,"","","","","","","","","","","","","","","","","","","","","","","","","","","","",8.5,1,6.8,1,"","","","","","","","","","","","","","","","","","","","","","","","","","",90,1,"","","","","","","","","","","","",10.,1,1018.,1,"","","","","","",5,1,5,1,8,1,0,1,0,1,"","","","","","","","","","","","","","","","","","","","","","","","",20000,1,"","",3,1,1,1,"","","","","","","","","","",3,1,270,1,"","","","","","","","","","","","","","","","","","","","","","","","","","","","","","","","","","","","","","","","","","","","","","","","","","","",""
"33236002","CAP-FERRET",44.630667,-1.252,8,1977020121,"","","","",5.,1,260,1,"","","","","","","","","","","","","","","","","","","","","","","","","","","","",8.5,1,6.8,1,"","","","","","","","","","","","","","","","","","","","","","","","","","",90,1,"","","","","","","","","","","","",10.,1,1017.1,1,"","","","","","",7,1,7,1,5,1,"","","","","","","","","","","","","","","","","","","","","","","","","","","","",15000,1,"","",2,1,2,1,"","","","","","","","","","",3,1,270,1,"","","","","","","","","","","","","","","","","","","","","","","","","","","","","","","","","","","","","","","","","","","","","","","","","","","",""
"33236002","CAP-FERRET",44.630667,-1.252,8,1977020200,"","","","","","","","","","","","","","","","","","","","","","","","","","","","","","","","","","","","","","","","","","","","","","","","","","","","","","","","","","","","","","","","","","","","","","","","","","","","","","","","","","",1015.1,1,"","","","","","","","","","","","","","","","","","","","","","","","","","","","","","","","","","","","","","","","","","","","","","","","","","","","","","","","","","","","","","","","","","","","","","","","","","","","","","","","","","","","","","","","","","","","","","","","","","","","","","","","","","","","","","","","","",""
"33236002","CAP-FERRET",44.630667,-1.252,8,1977020203,"","","","",2.,1,180,1,"","","","","","","","","","","","","","","","","","","","","","","","","","","","",7.,1,5.9,1,"","","","","","","","","","","","","","","","","","","","","","","","","","",94,1,"","","","","","","","","","","","",9.4,1,1014.,1,"","","","","","",7,1,7,1,5,1,"","","","","","","","","","","","","","","","","","","","","","","","","","","","",15000,1,"","",0,1,"","","","","","","","","","","","",3,1,270,1,"","","","","","","","","","","","","","","","","","","","","","","","","","","","","","","","","","","","","","","","","","","","","","","","","","","",""
"33236002","CAP-FERRET",44.630667,-1.252,8,1977020206,"","","","",3.,1,180,1,"","","","","","","","","","","","","","","","","","","","","","","","","","","","",6.5,1,4.8,1,"","","","","","","","","","","","","","","","","","","","","","","","","","",90,1,"","","","","","","","","","","","",8.7,1,1011.8,1,"","","","","","",8,1,8,1,5,1,"","","","","","","","","","","","","","","","","","","","","","","","","","","","",15000,1,"","",0,1,"","","","","","","","","","","","",3,1,270,1,"","","","","","","","","","","","","","","","","","","","","","","","","","","","","","","","","","","","","","","","","","","","","","","","","","","",""
"33236002","CAP-FERRET",44.630667,-1.252,8,1977020209,"","","","",6.,1,120,1,"","","","","","","","","","","","","","","","","","","","","","","","","","","","",6.3,1,3.3,1,"","","","","","","","","","","","","","","","","","","","","","","","","","",82,1,"","","","","","","","","","","","",7.8,1,1010.8,1,"","","","","","",7,1,7,1,5,1,"","","","","","","","","","","","","","","","","","","","","","","","","","","","",18000,1,"","",1,1,2,1,"","","","","","","","","","",3,1,270,1,"","","","","","","","","","","","","","","","","","","","","","","","","","","","","","","","","","","","","","","","","","","","","","","","","","","",""
"33236002","CAP-FERRET",44.630667,-1.252,8,1977020212,"","","","",5.,1,140,1,"","","","","","","","","","","","","","","","","","","","","","","","","","","","",7.,1,6.2,1,"","","","","","","","","","","","","","","","","","","","","","","","","","",96,1,"","","","","","","","","","","","",9.6,1,1010.6,1,"","","","","","",6,1,6,1,0,1,7,1,0,1,"","","","","","","","","","","","","","","","","","","","","","","","",10000,1,"","",60,1,6,1,"","","","","","","","","","",3,1,270,1,"","","","","","","","","","","","","","","","","","","","","","","","","","","","","","","","","","","","","","","","","","","","","","","","","","","",""
"33236002","CAP-FERRET",44.630667,-1.252,8,1977020215,"","","","",4.,1,120,1,"","","","","","","","","","","","","","","","","","","","","","","","","","","","",7.7,1,6.6,1,"","","","","","","","","","","","","","","","","","","","","","","","","","",94,1,"","","","","","","","","","","","",9.9,1,1010.3,1,"","","","","","",8,1,8,1,5,1,"","","","","","","","","","","","","","","","","","","","","","","","","","","","",9000,1,"","",2,1,2,1,"","","","","","","","","","",3,1,270,1,"","","","","","","","","","","","","","","","","","","","","","","","","","","","","","","","","","","","","","","","","","","","","","","","","","","",""
"33236002","CAP-FERRET",44.630667,-1.252,8,1977020218,"","","","",5.,1,120,1,"","","","","","","","","","","","","","","","","","","","","","","","","","","","",7.5,1,6.9,1,"","","","","","","","","","","","","","","","","","","","","","","","","","",97,1,"","","","","","","","","","","","",10.1,1,1010.6,1,"","","","","","",8,1,8,1,5,1,"","","","","","","","","","","","","","","","","","","","","","","","","","","","",7000,1,"","",2,1,5,1,"","","","","","","","","","",3,1,270,1,"","","","","","","","","","","","","","","","","","","","","","","","","","","","","","","","","","","","","","","","","","","","","","","","","","","",""
"33236002","CAP-FERRET",44.630667,-1.252,8,1977020221,"","","","",1.,1,180,1,"","","","","","","","","","","","","","","","","","","","","","","","","","","","",7.9,1,7.9,1,"","","","","","","","","","","","","","","","","","","","","","","","","","",100,1,"","","","","","","","","","","","",10.7,1,1011.6,1,"","","","","","",8,1,8,1,5,1,"","","","","","","","","","","","","","","","","","","","","","","","","","","","",7000,1,"","",60,1,6,1,"","","","","","","","","","",3,1,270,1,"","","","","","","","","","","","","","","","","","","","","","","","","","","","","","","","","","","","","","","","","","","","","","","","","","","",""
"33236002","CAP-FERRET",44.630667,-1.252,8,1977020300,"","","","","","","","","","","","","","","","","","","","","","","","","","","","","","","","","","","","","","","","","","","","","","","","","","","","","","","","","","","","","","","","","","","","","","","","","","","","","","","","","","",1010.,1,"","","","","","","","","","","","","","","","","","","","","","","","","","","","","","","","","","","","","","","","","","","","","","","","","","","","","","","","","","","","","","","","","","","","","","","","","","","","","","","","","","","","","","","","","","","","","","","","","","","","","","","","","","","","","","","","","",""
"33236002","CAP-FERRET",44.630667,-1.252,8,1977020303,"","","","",3.,1,180,1,"","","","","","","","","","","","","","","","","","","","","","","","","","","","",9.8,1,9.8,1,"","","","","","","","","","","","","","","","","","","","","","","","","","",100,1,"","","","","","","","","","","","",12.1,1,1010.8,1,"","","","","","",8,1,8,1,5,1,"","","","","","","","","","","","","","","","","","","","","","","","","","","","",9000,1,"","",0,1,"","","","","","","","","","","","",3,1,270,1,"","","","","","","","","","","","","","","","","","","","","","","","","","","","","","","","","","","","","","","","","","","","","","","","","","","",""
"33236002","CAP-FERRET",44.630667,-1.252,8,1977020306,"","","","",3.,1,180,1,"","","","","","","","","","","","","","","","","","","","","","","","","","","","",10.2,1,9.5,1,"","","","","","","","","","","","","","","","","","","","","","","","","","",97,1,"","","","","","","","","","","","",12.1,1,1009.6,1,"","","","","","",8,1,8,1,5,1,"","","","","","","","","","","","","","","","","","","","","","","","","","","","",10000,1,"","",2,1,2,1,"","","","","","","","","","",3,1,270,1,"","","","","","","","","","","","","","","","","","","","","","","","","","","","","","","","","","","","","","","","","","","","","","","","","","","",""
"33236002","CAP-FERRET",44.630667,-1.252,8,1977020309,"","","","",5.,1,200,1,"","","","","","","","","","","","","","","","","","","","","","","","","","","","",10.4,1,9.3,1,"","","","","","","","","","","","","","","","","","","","","","","","","","",95,1,"","","","","","","","","","","","",11.9,1,1010.6,1,"","","","","","",8,1,5,1,7,1,2,1,"","","","","","","","","","","","","","","","","","","","","","","","","","",8000,1,"","",61,1,6,1,"","","","","","","","","","",3,1,270,1,"","","","","","","","","","","","","","","","","","","","","","","","","","","","","","","","","","","","","","","","","","","","","","","","","","","",""
"33236002","CAP-FERRET",44.630667,-1.252,8,1977020312,"","","","",7.,1,220,1,"","","","","","","","","","","","","","","","","","","","","","","","","","","","",11.8,1,11.8,1,"","","","","","","","","","","","","","","","","","","","","","","","","","",100,1,"","","","","","","","","","","","",13.8,1,1011.6,1,"","","","","","",8,1,6,1,7,1,2,1,"","","","","","","","","","","","","","","","","","","","","","","","","","",5000,1,"","",63,1,6,1,"","","","","","","","","","",3,1,270,1,"","","","","","","","","","","","","","","","","","","","","","","","","","","","","","","","","","","","","","","","","","","","","","","","","","","",""
"33236002","CAP-FERRET",44.630667,-1.252,8,1977020315,"","","","",8.,1,240,1,"","","","","","","","","","","","","","","","","","","","","","","","","","","","",12.4,1,11.3,1,"","","","","","","","","","","","","","","","","","","","","","","","","","",94,1,"","","","","","","","","","","","",13.7,1,1011.8,1,"","","","","","",8,1,5,1,5,1,7,1,"","","","","","","","","","","","","","","","","","","","","","","","","","",16000,1,"","",1,1,6,1,"","","","","","","","","","",3,1,270,1,"","","","","","","","","","","","","","","","","","","","","","","","","","","","","","","","","","","","","","","","","","","","","","","","","","","",""
"33236002","CAP-FERRET",44.630667,-1.252,8,1977020318,"","","","",6.,1,260,1,"","","","","","","","","","","","","","","","","","","","","","","","","","","","",12.,1,10.9,1,"","","","","","","","","","","","","","","","","","","","","","","","","","",95,1,"","","","","","","","","","","","",13.3,1,1013.8,1,"","","","","","",7,1,7,1,5,1,"","","","","","","","","","","","","","","","","","","","","","","","","","","","",15000,1,"","",2,1,6,1,"","","","","","","","","","",3,1,270,1,"","","","","","","","","","","","","","","","","","","","","","","","","","","","","","","","","","","","","","","","","","","","","","","","","","","",""
"33236002","CAP-FERRET",44.630667,-1.252,8,1977020321,"","","","",2.,1,220,1,"","","","","","","","","","","","","","","","","","","","","","","","","","","","",11.,1,11.,1,"","","","","","","","","","","","","","","","","","","","","","","","","","",100,1,"","","","","","","","","","","","",13.1,1,1015.,1,"","","","","","",8,1,6,1,6,1,7,1,"","","","","","","","","","","","","","","","","","","","","","","","","","",4000,1,"","",10,1,6,1,"","","","","","","","","","",3,1,270,1,"","","","","","","","","","","","","","","","","","","","","","","","","","","","","","","","","","","","","","","","","","","","","","","","","","","",""
"33236002","CAP-FERRET",44.630667,-1.252,8,1977020400,"","","","","","","","","","","","","","","","","","","","","","","","","","","","","","","","","","","","","","","","","","","","","","","","","","","","","","","","","","","","","","","","","","","","","","","","","","","","","","","","","","",1015.3,1,"","","","","","","","","","","","","","","","","","","","","","","","","","","","","","","","","","","","","","","","","","","","","","","","","","","","","","","","","","","","","","","","","","","","","","","","","","","","","","","","","","","","","","","","","","","","","","","","","","","","","","","","","","","","","","","","","",""
"33236002","CAP-FERRET",44.630667,-1.252,8,1977020403,"","","","",3.,1,160,1,"","","","","","","","","","","","","","","","","","","","","","","","","","","","",11.1,1,11.1,1,"","","","","","","","","","","","","","","","","","","","","","","","","","",100,1,"","","","","","","","","","","","",13.2,1,1014.4,1,"","","","","","",7,1,7,1,5,1,"","","","","","","","","","","","","","","","","","","","","","","","","","","","",4000,1,"","",10,1,"","","","","","","","","","","","",3,1,270,1,"","","","","","","","","","","","","","","","","","","","","","","","","","","","","","","","","","","","","","","","","","","","","","","","","","","",""
"33236002","CAP-FERRET",44.630667,-1.252,8,1977020406,"","","","",6.,1,180,1,"","","","","","","","","","","","","","","","","","","","","","","","","","","","",11.4,1,11.4,1,"","","","","","","","","","","","","","","","","","","","","","","","","","",100,1,"","","","","","","","","","","","",13.5,1,1013.7,1,"","","","","","",8,1,8,1,5,1,"","","","","","","","","","","","","","","","","","","","","","","","","","","","",4000,1,"","",60,1,"","","","","","","","","","","","",3,1,270,1,"","","","","","","","","","","","","","","","","","","","","","","","","","","","","","","","","","","","","","","","","","","","","","","","","","","",""
"33236002","CAP-FERRET",44.630667,-1.252,8,1977020409,"","","","",7.,1,220,1,"","","","","","","","","","","","","","","","","","","","","","","","","","","","",11.9,1,11.9,1,"","","","","","","","","","","","","","","","","","","","","","","","","","",100,1,"","","","","","","","","","","","",13.9,1,1015.3,1,"","","","","","",8,1,8,1,7,1,"","","","","","","","","","","","","","","","","","","","","","","","","","","","",5000,1,"","",63,1,6,1,"","","","","","","","","","",3,1,270,1,"","","","","","","","","","","","","","","","","","","","","","","","","","","","","","","","","","","","","","","","","","","","","","","","","","","",""
"33236002","CAP-FERRET",44.630667,-1.252,8,1977020412,"","","","",7.,1,240,1,"","","","","","","","","","","","","","","","","","","","","","","","","","","","",13.2,1,11.7,1,"","","","","","","","","","","","","","","","","","","","","","","","","","",93,1,"","","","","","","","","","","","",14.1,1,1016.8,1,"","","","","","",8,1,8,1,5,1,"","","","","","","","","","","","","","","","","","","","","","","","","","","","",12000,1,"","",2,1,6,1,"","","","","","","","","","",3,1,270,1,"","","","","","","","","","","","","","","","","","","","","","","","","","","","","","","","","","","","","","","","","","","","","","","","","","","",""
"33236002","CAP-FERRET",44.630667,-1.252,8,1977020415,"","","","",6.,1,220,1,"","","","","","","","","","","","","","","","","","","","","","","","","","","","",13.4,1,11.7,1,"","","","","","","","","","","","","","","","","","","","","","","","","","",92,1,"","","","","","","","","","","","",14.1,1,1017.,1,"","","","","","",7,1,7,1,5,1,"","","","","","","","","","","","","","","","","","","","","","","","","","","","",18000,1,"","",2,1,8,1,"","","","","","","","","","",3,1,270,1,"","","","","","","","","","","","","","","","","","","","","","","","","","","","","","","","","","","","","","","","","","","","","","","","","","","",""
"33236002","CAP-FERRET",44.630667,-1.252,8,1977020418,"","","","",5.,1,200,1,"","","","","","","","","","","","","","","","","","","","","","","","","","","","",12.4,1,11.1,1,"","","","","","","","","","","","","","","","","","","","","","","","","","",94,1,"","","","","","","","","","","","",13.5,1,1017.8,1,"","","","","","",7,1,7,1,5,1,"","","","","","","","","","","","","","","","","","","","","","","","","","","","",15000,1,"","",2,1,8,1,"","","","","","","","","","",3,1,270,1,"","","","","","","","","","","","","","","","","","","","","","","","","","","","","","","","","","","","","","","","","","","","","","","","","","","",""
"33236002","CAP-FERRET",44.630667,-1.252,8,1977020421,"","","","",5.,1,200,1,"","","","","","","","","","","","","","","","","","","","","","","","","","","","",11.8,1,10.8,1,"","","","","","","","","","","","","","","","","","","","","","","","","","",95,1,"","","","","","","","","","","","",13.2,1,1019.6,1,"","","","","","",8,1,8,1,5,1,"","","","","","","","","","","","","","","","","","","","","","","","","","","","",9000,1,"","",2,1,2,1,"","","","","","","","","","",3,1,270,1,"","","","","","","","","","","","","","","","","","","","","","","","","","","","","","","","","","","","","","","","","","","","","","","","","","","",""
"33236002","CAP-FERRET",44.630667,-1.252,8,1977020500,"","","","","","","","","","","","","","","","","","","","","","","","","","","","","","","","","","","","","","","","","","","","","","","","","","","","","","","","","","","","","","","","","","","","","","","","","","","","","","","","","","",1019.5,1,"","","","","","","","","","","","","","","","","","","","","","","","","","","","","","","","","","","","","","","","","","","","","","","","","","","","","","","","","","","","","","","","","","","","","","","","","","","","","","","","","","","","","","","","","","","","","","","","","","","","","","","","","","","","","","","","","",""
"33236002","CAP-FERRET",44.630667,-1.252,8,1977020503,"","","","",2.,1,120,1,"","","","","","","","","","","","","","","","","","","","","","","","","","","","",12.,1,11.3,1,"","","","","","","","","","","","","","","","","","","","","","","","","","",97,1,"","","","","","","","","","","","",13.7,1,1020.,1,"","","","","","",8,1,8,1,5,1,"","","","","","","","","","","","","","","","","","","","","","","","","","","","",10000,1,"","",0,1,"","","","","","","","","","","","",3,1,270,1,"","","","","","","","","","","","","","","","","","","","","","","","","","","","","","","","","","","","","","","","","","","","","","","","","","","",""
"33236002","CAP-FERRET",44.630667,-1.252,8,1977020506,"","","","",5.,1,200,1,"","","","","","","","","","","","","","","","","","","","","","","","","","","","","","",9.9,1,"","","","","","","","","","","","","","","","","","","","","","","","","","",91,1,"","","","","","","","","","","","",12.4,1,1019.9,1,"","","","","","",8,1,5,1,5,1,1,1,"","","","","","","","","","","","","","","","","","","","","","","","","","",11000,1,"","",2,1,2,1,"","","","","","","","","","",3,1,270,1,"","","","","","","","","","","","","","","","","","","","","","","","","","","","","","","","","","","","","","","","","","","","","","","","","","","",""
"33236002","CAP-FERRET",44.630667,-1.252,8,1977020509,"","","","",5.,1,220,1,"","","","","","","","","","","","","","","","","","","","","","","","","","","","",12.4,1,10.9,1,"","","","","","","","","","","","","","","","","","","","","","","","","","",93,1,"","","","","","","","","","","","",13.3,1,1021.5,1,"","","","","","",8,1,8,1,5,1,"","","","","","","","","","","","","","","","","","","","","","","","","","","","",6000,1,"","",2,1,2,1,"","","","","","","","","","",4,1,270,1,"","","","","","","","","","","","","","","","","","","","","","","","","","","","","","","","","","","","","","","","","","","","","","","","","","","",""
"33236002","CAP-FERRET",44.630667,-1.252,8,1977020512,"","","","",2.,1,40,1,"","","","","","","","","","","","","","","","","","","","","","","","","","","","",13.5,1,12.3,1,"","","","","","","","","","","","","","","","","","","","","","","","","","",94,1,"","","","","","","","","","","","",14.6,1,1022.1,1,"","","","","","",6,1,6,1,5,1,0,1,0,1,"","","","","","","","","","","","","","","","","","","","","","","","",6000,1,"","",1,1,6,1,"","","","","","","","","","",4,1,270,1,"","","","","","","","","","","","","","","","","","","","","","","","","","","","","","","","","","","","","","","","","","","","","","","","","","","",""
"33236002","CAP-FERRET",44.630667,-1.252,8,1977020515,"","","","",2.,1,260,1,"","","","","","","","","","","","","","","","","","","","","","","","","","","","",12.8,1,12.8,1,"","","","","","","","","","","","","","","","","","","","","","","","","","",100,1,"","","","","","","","","","","","",14.8,1,1022.9,1,"","","","","","",8,1,8,1,5,1,"","","","","","","","","","","","","","","","","","","","","","","","","","","","",6000,1,"","",2,1,6,1,"","","","","","","","","","",4,1,270,1,"","","","","","","","","","","","","","","","","","","","","","","","","","","","","","","","","","","","","","","","","","","","","","","","","","","",""
"33236002","CAP-FERRET",44.630667,-1.252,8,1977020518,"","","","",5.,1,220,1,"","","","","","","","","","","","","","","","","","","","","","","","","","","","","","",10.7,1,"","","","","","","","","","","","","","","","","","","","","","","","","","",97,1,"","","","","","","","","","","","",13.1,1,1023.7,1,"","","","","","",7,1,7,1,5,1,"","","","","","","","","","","","","","","","","","","","","","","","","","","","",10000,1,"","",2,1,6,1,"","","","","","","","","","",4,1,270,1,"","","","","","","","","","","","","","","","","","","","","","","","","","","","","","","","","","","","","","","","","","","","","","","","","","","",""
"33236002","CAP-FERRET",44.630667,-1.252,8,1977020521,"","","","",5.,1,200,1,"","","","","","","","","","","","","","","","","","","","","","","","","","","","",10.,1,10.,1,"","","","","","","","","","","","","","","","","","","","","","","","","","",100,1,"","","","","","","","","","","","",12.3,1,1024.3,1,"","","","","","",1,1,0,1,0,1,0,1,1,1,"","","","","","","","","","","","","","","","","","","","","","","","",6000,1,"","",1,1,1,1,"","","","","","","","","","",4,1,270,1,"","","","","","","","","","","","","","","","","","","","","","","","","","","","","","","","","","","","","","","","","","","","","","","","","","","",""
"33236002","CAP-FERRET",44.630667,-1.252,8,1977020603,"","","","","","","","","","","","","","","","","","","","","","","","","","","","","","","","","","","","","","","","","","","","","","","","","","","","","","","","","","","","","","","","","","","","","","","","","","","","","","","","","","",1025.7,1,"","","","","","","","","","","","","","","","","","","","","","","","","","","","","","","","","","","","","","","","","","","","","","","","","","","","","","","","","","","","","","","","","","","","","","","","","","","","","","","","","","","","","","","","","","","","","","","","","","","","","","","","","","","","","","","","","",""
"33236002","CAP-FERRET",44.630667,-1.252,8,1977020606,"","","","",7.,1,260,1,"","","","","","","","","","","","","","","","","","","","","","","","","","","","",11.4,1,10.3,1,"","","","","","","","","","","","","","","","","","","","","","","","","","",95,1,"","","","","","","","","","","","",12.8,1,1025.7,1,"","","","","","",8,1,8,1,5,1,"","","","","","","","","","","","","","","","","","","","","","","","","","","","",9000,1,"","",0,1,"","","","","","","","","","","","",4,1,230,1,"","","","","","","","","","","","","","","","","","","","","","","","","","","","","","","","","","","","","","","","","","","","","","","","","","","",""
"33236002","CAP-FERRET",44.630667,-1.252,8,1977020609,"","","","",11.,1,260,1,"","","","","","","","","","","","","","","","","","","","","","","","","","","","",12.4,1,11.3,1,"","","","","","","","","","","","","","","","","","","","","","","","","","",95,1,"","","","","","","","","","","","",13.7,1,1026.5,1,"","","","","","",6,1,0,1,5,1,0,1,2,1,"","","","","","","","","","","","","","","","","","","","","","","","",10000,1,"","",1,1,2,1,"","","","","","","","","","",5,1,230,1,"","","","","","","","","","","","","","","","","","","","","","","","","","","","","","","","","","","","","","","","","","","","","","","","","","","",""
"33236002","CAP-FERRET",44.630667,-1.252,8,1977020612,"","","","",10.,1,260,1,"","","","","","","","","","","","","","","","","","","","","","","","","","","","",13.,1,12.,1,"","","","","","","","","","","","","","","","","","","","","","","","","","",96,1,"","","","","","","","","","","","",14.3,1,1028.1,1,"","","","","","",8,1,8,1,5,1,"","","","","","","","","","","","","","","","","","","","","","","","","","","","",10000,1,"","",3,1,1,1,"","","","","","","","","","",6,1,230,1,"","","","","","","","","","","","","","","","","","","","","","","","","","","","","","","","","","","","","","","","","","","","","","","","","","","",""
"33236002","CAP-FERRET",44.630667,-1.252,8,1977020615,"","","","",5.,1,260,1,"","","","","","","","","","","","","","","","","","","","","","","","","","","","",12.6,1,11.5,1,"","","","","","","","","","","","","","","","","","","","","","","","","","",95,1,"","","","","","","","","","","","",13.9,1,1027.7,1,"","","","","","",7,1,7,1,5,1,"","","","","","","","","","","","","","","","","","","","","","","","","","","","",12000,1,"","",2,1,2,1,"","","","","","","","","","",5,1,230,1,"","","","","","","","","","","","","","","","","","","","","","","","","","","","","","","","","","","","","","","","","","","","","","","","","","","",""
"33236002","CAP-FERRET",44.630667,-1.252,8,1977020618,"","","","",5.,1,240,1,"","","","","","","","","","","","","","","","","","","","","","","","","","","","",11.5,1,8.7,1,"","","","","","","","","","","","","","","","","","","","","","","","","","",84,1,"","","","","","","","","","","","",11.4,1,1027.7,1,"","","","","","",7,1,7,1,5,1,"","","","","","","","","","","","","","","","","","","","","","","","","","","","",10000,1,"","",2,1,2,1,"","","","","","","","","","",6,1,230,1,"","","","","","","","","","","","","","","","","","","","","","","","","","","","","","","","","","","","","","","","","","","","","","","","","","","",""
"33236002","CAP-FERRET",44.630667,-1.252,8,1977020621,"","","","",0.,1,0,1,"","","","","","","","","","","","","","","","","","","","","","","","","","","","",7.8,1,7.8,1,"","","","","","","","","","","","","","","","","","","","","","","","","","",100,1,"","","","","","","","","","","","",10.6,1,1027.1,1,"","","","","","",0,1,"","",0,1,0,1,0,1,"","","","","","","","","","","","","","","","","","","","","","","","",4000,1,"","",10,1,1,1,"","","","","","","","","","",6,1,230,1,"","","","","","","","","","","","","","","","","","","","","","","","","","","","","","","","","","","","","","","","","","","","","","","","","","","",""
"33236002","CAP-FERRET",44.630667,-1.252,8,1977020703,"","","","","","","","","","","","","","","","","","","","","","","","","","","","","","","","","","","","","","","","","","","","","","","","","","","","","","","","","","","","","","","","","","","","","","","","","","","","","","","","","","",1024.,1,"","","","","","","","","","","","","","","","","","","","","","","","","","","","","","","","","","","","","","","","","","","","","","","","","","","","","","","","","","","","","","","","","","","","","","","","","","","","","","","","","","","","","","","","","","","","","","","","","","","","","","","","","","","","","","","","","",""
"33236002","CAP-FERRET",44.630667,-1.252,8,1977020706,"","","","",5.,1,140,1,"","","","","","","","","","","","","","","","","","","","","","","","","","","","",7.5,1,6.6,1,"","","","","","","","","","","","","","","","","","","","","","","","","","",96,1,"","","","","","","","","","","","",9.9,1,1022.5,1,"","","","","","",0,1,"","",0,1,0,1,0,1,"","","","","","","","","","","","","","","","","","","","","","","","",10000,1,"","",0,1,"","","","","","","","","","","","",5,1,270,1,"","","","","","","","","","","","","","","","","","","","","","","","","","","","","","","","","","","","","","","","","","","","","","","","","","","",""
"33236002","CAP-FERRET",44.630667,-1.252,8,1977020709,"","","","",4.,1,160,1,"","","","","","","","","","","","","","","","","","","","","","","","","","","","",9.5,1,6.9,1,"","","","","","","","","","","","","","","","","","","","","","","","","","",86,1,"","","","","","","","","","","","",10.1,1,1022.3,1,"","","","","","",3,1,0,1,0,1,0,1,4,1,"","","","","","","","","","","","","","","","","","","","","","","","",9000,1,"","",3,1,0,1,"","","","","","","","","","",5,1,270,1,"","","","","","","","","","","","","","","","","","","","","","","","","","","","","","","","","","","","","","","","","","","","","","","","","","","",""
"33236002","CAP-FERRET",44.630667,-1.252,8,1977020712,"","","","",4.,1,220,1,"","","","","","","","","","","","","","","","","","","","","","","","","","","","",12.5,1,11.2,1,"","","","","","","","","","","","","","","","","","","","","","","","","","",94,1,"","","","","","","","","","","","",13.6,1,1022.5,1,"","","","","","",5,1,5,1,0,1,0,1,4,1,"","","","","","","","","","","","","","","","","","","","","","","","",12000,1,"","",3,1,1,1,"","","","","","","","","","",5,1,270,1,"","","","","","","","","","","","","","","","","","","","","","","","","","","","","","","","","","","","","","","","","","","","","","","","","","","",""
"33236002","CAP-FERRET",44.630667,-1.252,8,1977020715,"","","","",4.,1,220,1,"","","","","","","","","","","","","","","","","","","","","","","","","","","","",13.6,1,12.6,1,"","","","","","","","","","","","","","","","","","","","","","","","","","",96,1,"","","","","","","","","","","","",14.9,1,1021.1,1,"","","","","","",4,1,0,1,5,1,0,1,2,1,"","","","","","","","","","","","","","","","","","","","","","","","",9000,1,"","",3,1,1,1,"","","","","","","","","","",5,1,270,1,"","","","","","","","","","","","","","","","","","","","","","","","","","","","","","","","","","","","","","","","","","","","","","","","","","","",""
"33236002","CAP-FERRET",44.630667,-1.252,8,1977020718,"","","","",4.,1,200,1,"","","","","","","","","","","","","","","","","","","","","","","","","","","","",10.6,1,9.9,1,"","","","","","","","","","","","","","","","","","","","","","","","","","",97,1,"","","","","","","","","","","","",12.4,1,1021.3,1,"","","","","","",2,1,0,1,5,1,0,1,0,1,"","","","","","","","","","","","","","","","","","","","","","","","",7000,1,"","",1,1,0,1,"","","","","","","","","","",5,1,270,1,"","","","","","","","","","","","","","","","","","","","","","","","","","","","","","","","","","","","","","","","","","","","","","","","","","","",""
"33236002","CAP-FERRET",44.630667,-1.252,8,1977020721,"","","","",4.,1,200,1,"","","","","","","","","","","","","","","","","","","","","","","","","","","","",9.2,1,8.5,1,"","","","","","","","","","","","","","","","","","","","","","","","","","",97,1,"","","","","","","","","","","","",11.3,1,1020.5,1,"","","","","","",0,1,"","",0,1,0,1,0,1,"","","","","","","","","","","","","","","","","","","","","","","","",7000,1,"","",2,1,0,1,"","","","","","","","","","",5,1,270,1,"","","","","","","","","","","","","","","","","","","","","","","","","","","","","","","","","","","","","","","","","","","","","","","","","","","",""
"33236002","CAP-FERRET",44.630667,-1.252,8,1977020803,"","","","","","","","","","","","","","","","","","","","","","","","","","","","","","","","","","","","","","","","","","","","","","","","","","","","","","","","","","","","","","","","","","","","","","","","","","","","","","","","","","",1018.6,1,"","","","","","","","","","","","","","","","","","","","","","","","","","","","","","","","","","","","","","","","","","","","","","","","","","","","","","","","","","","","","","","","","","","","","","","","","","","","","","","","","","","","","","","","","","","","","","","","","","","","","","","","","","","","","","","","","",""
"33236002","CAP-FERRET",44.630667,-1.252,8,1977020806,"","","","",5.,1,200,1,"","","","","","","","","","","","","","","","","","","","","","","","","","","","",10.,1,7.1,1,"","","","","","","","","","","","","","","","","","","","","","","","","","",87,1,"","","","","","","","","","","","",10.2,1,1017.1,1,"","","","","","",8,1,8,1,5,1,"","","","","","","","","","","","","","","","","","","","","","","","","","","","",10000,1,"","",0,1,"","","","","","","","","","","","",4,1,270,1,"","","","","","","","","","","","","","","","","","","","","","","","","","","","","","","","","","","","","","","","","","","","","","","","","","","",""
"33236002","CAP-FERRET",44.630667,-1.252,8,1977020809,"","","","",3.,1,200,1,"","","","","","","","","","","","","","","","","","","","","","","","","","","","",10.5,1,9.3,1,"","","","","","","","","","","","","","","","","","","","","","","","","","",94,1,"","","","","","","","","","","","",11.9,1,1017.5,1,"","","","","","",8,1,5,1,7,1,7,1,"","","","","","","","","","","","","","","","","","","","","","","","","","",9000,1,"","",2,1,2,1,"","","","","","","","","","",4,1,270,1,"","","","","","","","","","","","","","","","","","","","","","","","","","","","","","","","","","","","","","","","","","","","","","","","","","","",""
"33236002","CAP-FERRET",44.630667,-1.252,8,1977020812,"","","","",5.,1,200,1,"","","","","","","","","","","","","","","","","","","","","","","","","","","","",12.4,1,10.9,1,"","","","","","","","","","","","","","","","","","","","","","","","","","",93,1,"","","","","","","","","","","","",13.3,1,1017.1,1,"","","","","","",8,1,8,1,5,1,"","","","","","","","","","","","","","","","","","","","","","","","","","","","",8000,1,"","",2,1,2,1,"","","","","","","","","","",4,1,270,1,"","","","","","","","","","","","","","","","","","","","","","","","","","","","","","","","","","","","","","","","","","","","","","","","","","","",""
"33236002","CAP-FERRET",44.630667,-1.252,8,1977020815,"","","","",7.,1,220,1,"","","","","","","","","","","","","","","","","","","","","","","","","","","","",11.4,1,11.4,1,"","","","","","","","","","","","","","","","","","","","","","","","","","",100,1,"","","","","","","","","","","","",13.5,1,1015.5,1,"","","","","","",8,1,6,1,7,1,2,1,"","","","","","","","","","","","","","","","","","","","","","","","","","",5000,1,"","",63,1,6,1,"","","","","","","","","","",4,1,270,1,"","","","","","","","","","","","","","","","","","","","","","","","","","","","","","","","","","","","","","","","","","","","","","","","","","","",""
"33236002","CAP-FERRET",44.630667,-1.252,8,1977020818,"","","","",11.,1,260,1,"","","","","","","","","","","","","","","","","","","","","","","","","","","","",12.,1,12.,1,"","","","","","","","","","","","","","","","","","","","","","","","","","",100,1,"","","","","","","","","","","","",14.,1,1015.7,1,"","","","","","",8,1,8,1,7,1,"","","","","","","","","","","","","","","","","","","","","","","","","","","","",2000,1,"","",63,1,6,1,"","","","","","","","","","",4,1,270,1,"","","","","","","","","","","","","","","","","","","","","","","","","","","","","","","","","","","","","","","","","","","","","","","","","","","",""
"33236002","CAP-FERRET",44.630667,-1.252,8,1977020821,"","","","",8.,1,280,1,"","","","","","","","","","","","","","","","","","","","","","","","","","","","",12.4,1,11.6,1,"","","","","","","","","","","","","","","","","","","","","","","","","","",97,1,"","","","","","","","","","","","",14.,1,1016.9,1,"","","","","","",8,1,6,1,7,1,7,1,"","","","","","","","","","","","","","","","","","","","","","","","","","",7000,1,"","",2,1,6,1,"","","","","","","","","","",4,1,270,1,"","","","","","","","","","","","","","","","","","","","","","","","","","","","","","","","","","","","","","","","","","","","","","","","","","","",""
"33236002","CAP-FERRET",44.630667,-1.252,8,1977020903,"","","","","","","","","","","","","","","","","","","","","","","","","","","","","","","","","","","","","","","","","","","","","","","","","","","","","","","","","","","","","","","","","","","","","","","","","","","","","","","","","","",1016.1,1,"","","","","","","","","","","","","","","","","","","","","","","","","","","","","","","","","","","","","","","","","","","","","","","","","","","","","","","","","","","","","","","","","","","","","","","","","","","","","","","","","","","","","","","","","","","","","","","","","","","","","","","","","","","","","","","","","",""
"33236002","CAP-FERRET",44.630667,-1.252,8,1977020906,"","","","",7.,1,260,1,"","","","","","","","","","","","","","","","","","","","","","","","","","","","",12.,1,12.,1,"","","","","","","","","","","","","","","","","","","","","","","","","","",100,1,"","","","","","","","","","","","",14.,1,1016.1,1,"","","","","","",8,1,8,1,7,1,"","","","","","","","","","","","","","","","","","","","","","","","","","","","",4000,1,"","",10,1,"","","","","","","","","","","","",5,1,270,1,"","","","","","","","","","","","","","","","","","","","","","","","","","","","","","","","","","","","","","","","","","","","","","","","","","","",""
"33236002","CAP-FERRET",44.630667,-1.252,8,1977020909,"","","","",6.,1,220,1,"","","","","","","","","","","","","","","","","","","","","","","","","","","","",12.2,1,12.2,1,"","","","","","","","","","","","","","","","","","","","","","","","","","",100,1,"","","","","","","","","","","","",14.2,1,1015.5,1,"","","","","","",8,1,8,1,5,1,"","","","","","","","","","","","","","","","","","","","","","","","","","","","",4000,1,"","",10,1,2,1,"","","","","","","","","","",5,1,270,1,"","","","","","","","","","","","","","","","","","","","","","","","","","","","","","","","","","","","","","","","","","","","","","","","","","","",""
"33236002","CAP-FERRET",44.630667,-1.252,8,1977020912,"","","","",5.,1,200,1,"","","","","","","","","","","","","","","","","","","","","","","","","","","","",13.4,1,12.3,1,"","","","","","","","","","","","","","","","","","","","","","","","","","",96,1,"","","","","","","","","","","","",14.6,1,1014.5,1,"","","","","","",8,1,5,1,8,1,7,1,"","","","","","","","","","","","","","","","","","","","","","","","","","",6000,1,"","",80,1,8,1,"","","","","","","","","","",5,1,270,1,"","","","","","","","","","","","","","","","","","","","","","","","","","","","","","","","","","","","","","","","","","","","","","","","","","","",""
"33236002","CAP-FERRET",44.630667,-1.252,8,1977020915,"","","","",3.,1,180,1,"","","","","","","","","","","","","","","","","","","","","","","","","","","","",12.6,1,11.9,1,"","","","","","","","","","","","","","","","","","","","","","","","","","",97,1,"","","","","","","","","","","","",14.2,1,1012.2,1,"","","","","","",8,1,6,1,6,1,7,1,"","","","","","","","","","","","","","","","","","","","","","","","","","",4000,1,"","",10,1,6,1,"","","","","","","","","","",5,1,270,1,"","","","","","","","","","","","","","","","","","","","","","","","","","","","","","","","","","","","","","","","","","","","","","","","","","","",""
"33236002","CAP-FERRET",44.630667,-1.252,8,1977020918,"","","","",3.,1,180,1,"","","","","","","","","","","","","","","","","","","","","","","","","","","","",12.2,1,11.4,1,"","","","","","","","","","","","","","","","","","","","","","","","","","",97,1,"","","","","","","","","","","","",13.8,1,1010.1,1,"","","","","","",8,1,8,1,7,1,"","","","","","","","","","","","","","","","","","","","","","","","","","","","",4000,1,"","",63,1,6,1,"","","","","","","","","","",4,1,270,1,"","","","","","","","","","","","","","","","","","","","","","","","","","","","","","","","","","","","","","","","","","","","","","","","","","","",""
"33236002","CAP-FERRET",44.630667,-1.252,8,1977020921,"","","","",5.,1,160,1,"","","","","","","","","","","","","","","","","","","","","","","","","","","","",12.8,1,12.8,1,"","","","","","","","","","","","","","","","","","","","","","","","","","",100,1,"","","","","","","","","","","","",14.8,1,1006.5,1,"","","","","","",8,1,5,1,7,1,7,1,"","","","","","","","","","","","","","","","","","","","","","","","","","",4000,1,"","",10,1,6,1,"","","","","","","","","","",4,1,270,1,"","","","","","","","","","","","","","","","","","","","","","","","","","","","","","","","","","","","","","","","","","","","","","","","","","","",""
"33236002","CAP-FERRET",44.630667,-1.252,8,1977021003,"","","","","","","","","","","","","","","","","","","","","","","","","","","","","","","","","","","","","","","","","","","","","","","","","","","","","","","","","","","","","","","","","","","","","","","","","","","","","","","","","","",1003.6,1,"","","","","","","","","","","","","","","","","","","","","","","","","","","","","","","","","","","","","","","","","","","","","","","","","","","","","","","","","","","","","","","","","","","","","","","","","","","","","","","","","","","","","","","","","","","","","","","","","","","","","","","","","","","","","","","","","",""
"33236002","CAP-FERRET",44.630667,-1.252,8,1977021006,"","","","",10.,1,240,1,"","","","","","","","","","","","","","","","","","","","","","","","","","","","",10.8,1,8.9,1,"","","","","","","","","","","","","","","","","","","","","","","","","","",90,1,"","","","","","","","","","","","",11.6,1,1003.1,1,"","","","","","",8,1,5,1,8,1,7,1,"","","","","","","","","","","","","","","","","","","","","","","","","","",9000,1,"","",0,1,"","","","","","","","","","","","",4,1,270,1,"","","","","","","","","","","","","","","","","","","","","","","","","","","","","","","","","","","","","","","","","","","","","","","","","","","",""
"33236002","CAP-FERRET",44.630667,-1.252,8,1977021009,"","","","",8.,1,260,1,"","","","","","","","","","","","","","","","","","","","","","","","","","","","",11.6,1,10.6,1,"","","","","","","","","","","","","","","","","","","","","","","","","","",95,1,"","","","","","","","","","","","",13.,1,1004.5,1,"","","","","","",7,1,5,1,5,1,7,1,"","","","","","","","","","","","","","","","","","","","","","","","","","",14000,1,"","",1,1,2,1,"","","","","","","","","","",5,1,270,1,"","","","","","","","","","","","","","","","","","","","","","","","","","","","","","","","","","","","","","","","","","","","","","","","","","","",""
"33236002","CAP-FERRET",44.630667,-1.252,8,1977021012,"","","","",8.,1,240,1,"","","","","","","","","","","","","","","","","","","","","","","","","","","","",13.,1,12.,1,"","","","","","","","","","","","","","","","","","","","","","","","","","",96,1,"","","","","","","","","","","","",14.3,1,1004.5,1,"","","","","","",2,1,0,1,8,1,0,1,0,1,"","","","","","","","","","","","","","","","","","","","","","","","",20000,1,"","",1,1,1,1,"","","","","","","","","","",5,1,250,1,"","","","","","","","","","","","","","","","","","","","","","","","","","","","","","","","","","","","","","","","","","","","","","","","","","","",""
"33236002","CAP-FERRET",44.630667,-1.252,8,1977021015,"","","","",7.,1,240,1,"","","","","","","","","","","","","","","","","","","","","","","","","","","","",13.,1,12.,1,"","","","","","","","","","","","","","","","","","","","","","","","","","",96,1,"","","","","","","","","","","","",14.3,1,1003.3,1,"","","","","","",4,1,0,1,8,1,7,1,0,1,"","","","","","","","","","","","","","","","","","","","","","","","",15000,1,"","",3,1,0,1,"","","","","","","","","","",5,1,250,1,"","","","","","","","","","","","","","","","","","","","","","","","","","","","","","","","","","","","","","","","","","","","","","","","","","","",""
"33236002","CAP-FERRET",44.630667,-1.252,8,1977021018,"","","","",8.,1,220,1,"","","","","","","","","","","","","","","","","","","","","","","","","","","","",11.8,1,11.8,1,"","","","","","","","","","","","","","","","","","","","","","","","","","",100,1,"","","","","","","","","","","","",13.8,1,1001.6,1,"","","","","","",7,1,5,1,8,1,7,1,"","","","","","","","","","","","","","","","","","","","","","","","","","",9000,1,"","",81,1,1,1,"","","","","","","","","","",5,1,250,1,"","","","","","","","","","","","","","","","","","","","","","","","","","","","","","","","","","","","","","","","","","","","","","","","","","","",""
"33236002","CAP-FERRET",44.630667,-1.252,8,1977021021,"","","","",12.,1,260,1,"","","","","","","","","","","","","","","","","","","","","","","","","","","","",9.8,1,8.3,1,"","","","","","","","","","","","","","","","","","","","","","","","","","",91,1,"","","","","","","","","","","","",11.1,1,1001.6,1,"","","","","","",8,1,6,1,8,1,7,1,"","","","","","","","","","","","","","","","","","","","","","","","","","",12000,1,"","",2,1,9,1,"","","","","","","","","","",5,1,250,1,"","","","","","","","","","","","","","","","","","","","","","","","","","","","","","","","","","","","","","","","","","","","","","","","","","","",""
"33236002","CAP-FERRET",44.630667,-1.252,8,1977021103,"","","","","","","","","","","","","","","","","","","","","","","","","","","","","","","","","","","","","","","","","","","","","","","","","","","","","","","","","","","","","","","","","","","","","","","","","","","","","","","","","","",998.9,1,"","","","","","","","","","","","","","","","","","","","","","","","","","","","","","","","","","","","","","","","","","","","","","","","","","","","","","","","","","","","","","","","","","","","","","","","","","","","","","","","","","","","","","","","","","","","","","","","","","","","","","","","","","","","","","","","","",""
"33236002","CAP-FERRET",44.630667,-1.252,8,1977021106,"","","","",4.,1,140,1,"","","","","","","","","","","","","","","","","","","","","","","","","","","","",9.4,1,6.9,1,"","","","","","","","","","","","","","","","","","","","","","","","","","",86,1,"","","","","","","","","","","","",10.1,1,996.9,1,"","","","","","",8,1,8,1,8,1,"","","","","","","","","","","","","","","","","","","","","","","","","","","","",14000,1,"","",0,1,"","","","","","","","","","","","",5,1,250,1,"","","","","","","","","","","","","","","","","","","","","","","","","","","","","","","","","","","","","","","","","","","","","","","","","","","",""
"33236002","CAP-FERRET",44.630667,-1.252,8,1977021109,"","","","",6.,1,180,1,"","","","","","","","","","","","","","","","","","","","","","","","","","","","",9.,1,8.4,1,"","","","","","","","","","","","","","","","","","","","","","","","","","",97,1,"","","","","","","","","","","","",11.2,1,994.9,1,"","","","","","",8,1,5,1,8,1,7,1,"","","","","","","","","","","","","","","","","","","","","","","","","","",12000,1,"","",16,1,8,1,"","","","","","","","","","",5,1,250,1,"","","","","","","","","","","","","","","","","","","","","","","","","","","","","","","","","","","","","","","","","","","","","","","","","","","",""
"33236002","CAP-FERRET",44.630667,-1.252,8,1977021112,"","","","",6.,1,140,1,"","","","","","","","","","","","","","","","","","","","","","","","","","","","","","",8.9,1,"","","","","","","","","","","","","","","","","","","","","","","","","","",92,1,"","","","","","","","","","","","",11.6,1,991.5,1,"","","","","","",8,1,8,1,5,1,"","","","","","","","","","","","","","","","","","","","","","","","","","","","",16000,1,"","",2,1,8,1,"","","","","","","","","","",5,1,250,1,"","","","","","","","","","","","","","","","","","","","","","","","","","","","","","","","","","","","","","","","","","","","","","","","","","","",""
"33236002","CAP-FERRET",44.630667,-1.252,8,1977021115,"","","","",4.,1,200,1,"","","","","","","","","","","","","","","","","","","","","","","","","","","","",8.4,1,7.7,1,"","","","","","","","","","","","","","","","","","","","","","","","","","",97,1,"","","","","","","","","","","","",10.7,1,990.5,1,"","","","","","",8,1,7,1,9,1,7,1,"","","","","","","","","","","","","","","","","","","","","","","","","","",4000,1,"","","","","","","","","","","","","","","","",6,1,250,1,"","","","","","","","","","","","","","","","","","","","","","","","","","","","","","","","","","","","","","","","","","","","","","","","","","","",""
"33236002","CAP-FERRET",44.630667,-1.252,8,1977021118,"","","","",14.,1,280,1,"","","","","","","","","","","","","","","","","","","","","","","","","","","","",9.2,1,8.1,1,"","","","","","","","","","","","","","","","","","","","","","","","","","",95,1,"","","","","","","","","","","","",11.,1,993.1,1,"","","","","","",8,1,5,1,8,1,7,1,"","","","","","","","","","","","","","","","","","","","","","","","","","",14000,1,"","",15,1,9,1,"","","","","","","","","","",6,1,250,1,"","","","","","","","","","","","","","","","","","","","","","","","","","","","","","","","","","","","","","","","","","","","","","","","","","","",""
"33236002","CAP-FERRET",44.630667,-1.252,8,1977021121,"","","","",11.,1,280,1,"","","","","","","","","","","","","","","","","","","","","","","","","","","","",10.,1,8.9,1,"","","","","","","","","","","","","","","","","","","","","","","","","","",95,1,"","","","","","","","","","","","",11.6,1,995.9,1,"","","","","","",4,1,0,1,8,1,7,1,0,1,"","","","","","","","","","","","","","","","","","","","","","","","",16000,1,"","",1,1,8,1,"","","","","","","","","","",6,1,250,1,"","","","","","","","","","","","","","","","","","","","","","","","","","","","","","","","","","","","","","","","","","","","","","","","","","","",""
"33236002","CAP-FERRET",44.630667,-1.252,8,1977021203,"","","","","","","","","","","","","","","","","","","","","","","","","","","","","","","","","","","","","","","","","","","","","","","","","","","","","","","","","","","","","","","","","","","","","","","","","","","","","","","","","","",998.9,1,"","","","","","","","","","","","","","","","","","","","","","","","","","","","","","","","","","","","","","","","","","","","","","","","","","","","","","","","","","","","","","","","","","","","","","","","","","","","","","","","","","","","","","","","","","","","","","","","","","","","","","","","","","","","","","","","","",""
"33236002","CAP-FERRET",44.630667,-1.252,8,1977021206,"","","","",13.,1,260,1,"","","","","","","","","","","","","","","","","","","","","","","","","","","","",9.6,1,8.9,1,"","","","","","","","","","","","","","","","","","","","","","","","","","",97,1,"","","","","","","","","","","","",11.6,1,1000.9,1,"","","","","","",8,1,5,1,8,1,7,1,"","","","","","","","","","","","","","","","","","","","","","","","","","",14000,1,"","",0,1,"","","","","","","","","","","","",6,1,250,1,"","","","","","","","","","","","","","","","","","","","","","","","","","","","","","","","","","","","","","","","","","","","","","","","","","","",""
"33236002","CAP-FERRET",44.630667,-1.252,8,1977021209,"","","","",10.,1,280,1,"","","","","","","","","","","","","","","","","","","","","","","","","","","","",9.,1,6.6,1,"","","","","","","","","","","","","","","","","","","","","","","","","","",87,1,"","","","","","","","","","","","",9.9,1,1002.7,1,"","","","","","",8,1,5,1,9,1,7,1,"","","","","","","","","","","","","","","","","","","","","","","","","","",14000,1,"","",27,1,8,1,"","","","","","","","","","",6,1,250,1,"","","","","","","","","","","","","","","","","","","","","","","","","","","","","","","","","","","","","","","","","","","","","","","","","","","",""
"33236002","CAP-FERRET",44.630667,-1.252,8,1977021212,"","","","",12.,1,260,1,"","","","","","","","","","","","","","","","","","","","","","","","","","","","",10.4,1,8.9,1,"","","","","","","","","","","","","","","","","","","","","","","","","","",92,1,"","","","","","","","","","","","",11.6,1,1004.5,1,"","","","","","",7,1,0,1,9,1,7,1,3,1,"","","","","","","","","","","","","","","","","","","","","","","","",16000,1,"","",15,1,2,1,"","","","","","","","","","",5,1,250,1,"","","","","","","","","","","","","","","","","","","","","","","","","","","","","","","","","","","","","","","","","","","","","","","","","","","",""
"33236002","CAP-FERRET",44.630667,-1.252,8,1977021215,"","","","",11.,1,280,1,"","","","","","","","","","","","","","","","","","","","","","","","","","","","",11.4,1,8.4,1,"","","","","","","","","","","","","","","","","","","","","","","","","","",83,1,"","","","","","","","","","","","",11.2,1,1005.7,1,"","","","","","",6,1,5,1,8,1,0,1,2,1,"","","","","","","","","","","","","","","","","","","","","","","","",18000,1,"","",2,1,2,1,"","","","","","","","","","",5,1,250,1,"","","","","","","","","","","","","","","","","","","","","","","","","","","","","","","","","","","","","","","","","","","","","","","","","","","",""
"33236002","CAP-FERRET",44.630667,-1.252,8,1977021218,"","","","",11.,1,280,1,"","","","","","","","","","","","","","","","","","","","","","","","","","","","",9.5,1,6.5,1,"","","","","","","","","","","","","","","","","","","","","","","","","","",83,1,"","","","","","","","","","","","",9.8,1,1007.7,1,"","","","","","",3,1,0,1,8,1,0,1,2,1,"","","","","","","","","","","","","","","","","","","","","","","","",18000,1,"","",1,1,1,1,"","","","","","","","","","",5,1,250,1,"","","","","","","","","","","","","","","","","","","","","","","","","","","","","","","","","","","","","","","","","","","","","","","","","","","",""
"33236002","CAP-FERRET",44.630667,-1.252,8,1977021221,"","","","",9.,1,260,1,"","","","","","","","","","","","","","","","","","","","","","","","","","","","",9.4,1,6.9,1,"","","","","","","","","","","","","","","","","","","","","","","","","","",86,1,"","","","","","","","","","","","",10.1,1,1009.2,1,"","","","","","",5,1,5,1,8,1,0,1,0,1,"","","","","","","","","","","","","","","","","","","","","","","","",18000,1,"","",3,1,1,1,"","","","","","","","","","",5,1,250,1,"","","","","","","","","","","","","","","","","","","","","","","","","","","","","","","","","","","","","","","","","","","","","","","","","","","",""
"33236002","CAP-FERRET",44.630667,-1.252,8,1977021303,"","","","","","","","","","","","","","","","","","","","","","","","","","","","","","","","","","","","","","","","","","","","","","","","","","","","","","","","","","","","","","","","","","","","","","","","","","","","","","","","","","",1010.9,1,"","","","","","","","","","","","","","","","","","","","","","","","","","","","","","","","","","","","","","","","","","","","","","","","","","","","","","","","","","","","","","","","","","","","","","","","","","","","","","","","","","","","","","","","","","","","","","","","","","","","","","","","","","","","","","","","","",""
"33236002","CAP-FERRET",44.630667,-1.252,8,1977021306,"","","","",4.,1,240,1,"","","","","","","","","","","","","","","","","","","","","","","","","","","","",7.4,1,5.,1,"","","","","","","","","","","","","","","","","","","","","","","","","","",86,1,"","","","","","","","","","","","",8.8,1,1011.9,1,"","","","","","",5,1,5,1,8,1,0,1,0,1,"","","","","","","","","","","","","","","","","","","","","","","","",14000,1,"","",0,1,"","","","","","","","","","","","",4,1,250,1,"","","","","","","","","","","","","","","","","","","","","","","","","","","","","","","","","","","","","","","","","","","","","","","","","","","",""
"33236002","CAP-FERRET",44.630667,-1.252,8,1977021309,"","","","",6.,1,220,1,"","","","","","","","","","","","","","","","","","","","","","","","","","","","",9.4,1,5.3,1,"","","","","","","","","","","","","","","","","","","","","","","","","","",77,1,"","","","","","","","","","","","",9.,1,1012.5,1,"","","","","","",4,1,0,1,8,1,0,1,0,1,"","","","","","","","","","","","","","","","","","","","","","","","",20000,1,"","",2,1,8,1,"","","","","","","","","","",4,1,250,1,"","","","","","","","","","","","","","","","","","","","","","","","","","","","","","","","","","","","","","","","","","","","","","","","","","","",""
"33236002","CAP-FERRET",44.630667,-1.252,8,1977021312,"","","","",8.,1,180,1,"","","","","","","","","","","","","","","","","","","","","","","","","","","","",10.6,1,5.8,1,"","","","","","","","","","","","","","","","","","","","","","","","","","",73,1,"","","","","","","","","","","","",9.3,1,1010.9,1,"","","","","","",6,1,0,1,8,1,0,1,5,1,"","","","","","","","","","","","","","","","","","","","","","","","",22000,1,"","",3,1,8,1,"","","","","","","","","","",4,1,250,1,"","","","","","","","","","","","","","","","","","","","","","","","","","","","","","","","","","","","","","","","","","","","","","","","","","","",""
"33236002","CAP-FERRET",44.630667,-1.252,8,1977021315,"","","","",7.,1,180,1,"","","","","","","","","","","","","","","","","","","","","","","","","","","","",11.4,1,4.7,1,"","","","","","","","","","","","","","","","","","","","","","","","","","",64,1,"","","","","","","","","","","","",8.6,1,1008.1,1,"","","","","","",8,1,8,1,0,1,0,1,7,1,"","","","","","","","","","","","","","","","","","","","","","","","",18000,1,"","",3,1,1,1,"","","","","","","","","","",4,1,250,1,"","","","","","","","","","","","","","","","","","","","","","","","","","","","","","","","","","","","","","","","","","","","","","","","","","","",""
"33236002","CAP-FERRET",44.630667,-1.252,8,1977021318,"","","","",10.,1,180,1,"","","","","","","","","","","","","","","","","","","","","","","","","","","","",10.2,1,4.3,1,"","","","","","","","","","","","","","","","","","","","","","","","","","",67,1,"","","","","","","","","","","","",8.4,1,1006.9,1,"","","","","","",5,1,0,1,8,1,7,1,0,1,"","","","","","","","","","","","","","","","","","","","","","","","",18000,1,"","",2,1,1,1,"","","","","","","","","","",4,1,250,1,"","","","","","","","","","","","","","","","","","","","","","","","","","","","","","","","","","","","","","","","","","","","","","","","","","","",""
"33236002","CAP-FERRET",44.630667,-1.252,8,1977021321,"","","","",16.,1,240,1,"","","","","","","","","","","","","","","","","","","","","","","","","","","","",10.,1,7.3,1,"","","","","","","","","","","","","","","","","","","","","","","","","","",85,1,"","","","","","","","","","","","",10.4,1,1007.3,1,"","","","","","",5,1,0,1,8,1,0,1,0,1,"","","","","","","","","","","","","","","","","","","","","","","","",16000,1,"","",1,1,8,1,"","","","","","","","","","",5,1,250,1,"","","","","","","","","","","","","","","","","","","","","","","","","","","","","","","","","","","","","","","","","","","","","","","","","","","",""
"33236002","CAP-FERRET",44.630667,-1.252,8,1977021403,"","","","","","","","","","","","","","","","","","","","","","","","","","","","","","","","","","","","","","","","","","","","","","","","","","","","","","","","","","","","","","","","","","","","","","","","","","","","","","","","","","",1008.,1,"","","","","","","","","","","","","","","","","","","","","","","","","","","","","","","","","","","","","","","","","","","","","","","","","","","","","","","","","","","","","","","","","","","","","","","","","","","","","","","","","","","","","","","","","","","","","","","","","","","","","","","","","","","","","","","","","",""
"33236002","CAP-FERRET",44.630667,-1.252,8,1977021406,"","","","",16.,1,260,1,"","","","","","","","","","","","","","","","","","","","","","","","","","","","",9.,1,4.8,1,"","","","","","","","","","","","","","","","","","","","","","","","","","",76,1,"","","","","","","","","","","","",8.7,1,1008.5,1,"","","","","","",3,1,0,1,8,1,0,1,0,1,"","","","","","","","","","","","","","","","","","","","","","","","",15000,1,"","",0,1,"","","","","","","","","","","","",6,1,270,1,"","","","","","","","","","","","","","","","","","","","","","","","","","","","","","","","","","","","","","","","","","","","","","","","","","","",""
"33236002","CAP-FERRET",44.630667,-1.252,8,1977021409,"","","","",18.,1,280,1,"","","","","","","","","","","","","","","","","","","","","","","","","","","","",9.8,1,4.5,1,"","","","","","","","","","","","","","","","","","","","","","","","","","",71,1,"","","","","","","","","","","","",8.5,1,1010.1,1,"","","","","","",6,1,6,1,8,1,0,1,0,1,"","","","","","","","","","","","","","","","","","","","","","","","",10000,1,"","",80,1,8,1,"","","","","","","","","","",6,1,270,1,"","","","","","","","","","","","","","","","","","","","","","","","","","","","","","","","","","","","","","","","","","","","","","","","","","","",""
"33236002","CAP-FERRET",44.630667,-1.252,8,1977021412,"","","","",18.,1,280,1,"","","","","","","","","","","","","","","","","","","","","","","","","","","","",8.8,1,5.8,1,"","","","","","","","","","","","","","","","","","","","","","","","","","",83,1,"","","","","","","","","","","","",9.3,1,1010.3,1,"","","","","","",8,1,6,1,9,1,7,1,"","","","","","","","","","","","","","","","","","","","","","","","","","",10000,1,"","",80,1,8,1,"","","","","","","","","","",6,1,270,1,"","","","","","","","","","","","","","","","","","","","","","","","","","","","","","","","","","","","","","","","","","","","","","","","","","","",""
"33236002","CAP-FERRET",44.630667,-1.252,8,1977021415,"","","","",12.,1,280,1,"","","","","","","","","","","","","","","","","","","","","","","","","","","","",9.,1,7.5,1,"","","","","","","","","","","","","","","","","","","","","","","","","","",91,1,"","","","","","","","","","","","",10.5,1,1009.3,1,"","","","","","",7,1,6,1,9,1,7,1,"","","","","","","","","","","","","","","","","","","","","","","","","","",10000,1,"","",16,1,8,1,"","","","","","","","","","",7,1,270,1,"","","","","","","","","","","","","","","","","","","","","","","","","","","","","","","","","","","","","","","","","","","","","","","","","","","",""
"33236002","CAP-FERRET",44.630667,-1.252,8,1977021418,"","","","",14.,1,280,1,"","","","","","","","","","","","","","","","","","","","","","","","","","","","",9.4,1,5.1,1,"","","","","","","","","","","","","","","","","","","","","","","","","","",75,1,"","","","","","","","","","","","",8.9,1,1010.3,1,"","","","","","",6,1,6,1,9,1,0,1,0,1,"","","","","","","","","","","","","","","","","","","","","","","","",15000,1,"","",15,1,8,1,"","","","","","","","","","",7,1,270,1,"","","","","","","","","","","","","","","","","","","","","","","","","","","","","","","","","","","","","","","","","","","","","","","","","","","",""
"33236002","CAP-FERRET",44.630667,-1.252,8,1977021421,"","","","",15.,1,280,1,"","","","","","","","","","","","","","","","","","","","","","","","","","","","",8.6,1,5.8,1,"","","","","","","","","","","","","","","","","","","","","","","","","","",84,1,"","","","","","","","","","","","",9.3,1,1011.3,1,"","","","","","",4,1,0,1,9,1,0,1,0,1,"","","","","","","","","","","","","","","","","","","","","","","","",15000,1,"","",1,1,8,1,"","","","","","","","","","",7,1,270,1,"","","","","","","","","","","","","","","","","","","","","","","","","","","","","","","","","","","","","","","","","","","","","","","","","","","",""
"33236002","CAP-FERRET",44.630667,-1.252,8,1977021503,"","","","","","","","","","","","","","","","","","","","","","","","","","","","","","","","","","","","","","","","","","","","","","","","","","","","","","","","","","","","","","","","","","","","","","","","","","","","","","","","","","",1012.8,1,"","","","","","","","","","","","","","","","","","","","","","","","","","","","","","","","","","","","","","","","","","","","","","","","","","","","","","","","","","","","","","","","","","","","","","","","","","","","","","","","","","","","","","","","","","","","","","","","","","","","","","","","","","","","","","","","","",""
"33236002","CAP-FERRET",44.630667,-1.252,8,1977021506,"","","","",10.,1,300,1,"","","","","","","","","","","","","","","","","","","","","","","","","","","","",8.8,1,3.1,1,"","","","","","","","","","","","","","","","","","","","","","","","","","",68,1,"","","","","","","","","","","","",7.7,1,1014.3,1,"","","","","","",1,1,0,1,8,1,0,1,0,1,"","","","","","","","","","","","","","","","","","","","","","","","",18000,1,"","",0,1,"","","","","","","","","","","","",6,1,270,1,"","","","","","","","","","","","","","","","","","","","","","","","","","","","","","","","","","","","","","","","","","","","","","","","","","","",""
"33236002","CAP-FERRET",44.630667,-1.252,8,1977021509,"","","","",8.,1,300,1,"","","","","","","","","","","","","","","","","","","","","","","","","","","","",9.,1,5.6,1,"","","","","","","","","","","","","","","","","","","","","","","","","","",80,1,"","","","","","","","","","","","",9.2,1,1016.1,1,"","","","","","",7,1,7,1,8,1,"","","","","","","","","","","","","","","","","","","","","","","","","","","","",18000,1,"","",2,1,8,1,"","","","","","","","","","",5,1,290,1,"","","","","","","","","","","","","","","","","","","","","","","","","","","","","","","","","","","","","","","","","","","","","","","","","","","",""
"33236002","CAP-FERRET",44.630667,-1.252,8,1977021512,"","","","",2.,1,300,1,"","","","","","","","","","","","","","","","","","","","","","","","","","","","",10.4,1,6.2,1,"","","","","","","","","","","","","","","","","","","","","","","","","","",76,1,"","","","","","","","","","","","",9.6,1,1016.5,1,"","","","","","",3,1,0,1,8,1,0,1,0,1,"","","","","","","","","","","","","","","","","","","","","","","","",20000,1,"","",1,1,8,1,"","","","","","","","","","",4,1,290,1,"","","","","","","","","","","","","","","","","","","","","","","","","","","","","","","","","","","","","","","","","","","","","","","","","","","",""
"33236002","CAP-FERRET",44.630667,-1.252,8,1977021515,"","","","",13.,1,260,1,"","","","","","","","","","","","","","","","","","","","","","","","","","","","",8.8,1,6.1,1,"","","","","","","","","","","","","","","","","","","","","","","","","","",84,1,"","","","","","","","","","","","",9.5,1,1014.9,1,"","","","","","",8,1,7,1,8,1,7,1,"","","","","","","","","","","","","","","","","","","","","","","","","","",18000,1,"","",16,1,8,1,"","","","","","","","","","",4,1,290,1,"","","","","","","","","","","","","","","","","","","","","","","","","","","","","","","","","","","","","","","","","","","","","","","","","","","",""
"33236002","CAP-FERRET",44.630667,-1.252,8,1977021518,"","","","",9.,1,220,1,"","","","","","","","","","","","","","","","","","","","","","","","","","","","",10.,1,6.6,1,"","","","","","","","","","","","","","","","","","","","","","","","","","",80,1,"","","","","","","","","","","","",9.9,1,1013.9,1,"","","","","","",8,1,5,1,8,1,7,1,"","","","","","","","","","","","","","","","","","","","","","","","","","",18000,1,"","",15,1,8,1,"","","","","","","","","","",3,1,290,1,"","","","","","","","","","","","","","","","","","","","","","","","","","","","","","","","","","","","","","","","","","","","","","","","","","","",""
"33236002","CAP-FERRET",44.630667,-1.252,8,1977021521,"","","","",16.,1,240,1,"","","","","","","","","","","","","","","","","","","","","","","","","","","","",10.,1,5.9,1,"","","","","","","","","","","","","","","","","","","","","","","","","","",77,1,"","","","","","","","","","","","",9.4,1,1012.3,1,"","","","","","",8,1,6,1,8,1,7,1,"","","","","","","","","","","","","","","","","","","","","","","","","","",12000,1,"","",80,1,2,1,"","","","","","","","","","",4,1,290,1,"","","","","","","","","","","","","","","","","","","","","","","","","","","","","","","","","","","","","","","","","","","","","","","","","","","",""
"33236002","CAP-FERRET",44.630667,-1.252,8,1977021600,"","","","","","","","","","","","","","","","","","","","","","","","","","","","","","","","","","","","","","","","","","","","","","","","","","","","","","","","","","","","","","","","","","","","","","","","","","","","","","","","","","",1013.1,1,"","","","","","","","","","","","","","","","","","","","","","","","","","","","","","","","","","","","","","","","","","","","","","","","","","","","","","","","","","","","","","","","","","","","","","","","","","","","","","","","","","","","","","","","","","","","","","","","","","","","","","","","","","","","","","","","","",""
"33236002","CAP-FERRET",44.630667,-1.252,8,1977021603,"","","","",10.,1,280,1,"","","","","","","","","","","","","","","","","","","","","","","","","","","","",9.8,1,5.,1,"","","","","","","","","","","","","","","","","","","","","","","","","","",73,1,"","","","","","","","","","","","",8.8,1,1013.5,1,"","","","","","",2,1,0,1,2,1,0,1,0,1,"","","","","","","","","","","","","","","","","","","","","","","","",10000,1,"","",0,1,"","","","","","","","","","","","",4,1,270,1,"","","","","","","","","","","","","","","","","","","","","","","","","","","","","","","","","","","","","","","","","","","","","","","","","","","",""
"33236002","CAP-FERRET",44.630667,-1.252,8,1977021606,"","","","",10.,1,280,1,"","","","","","","","","","","","","","","","","","","","","","","","","","","","",8.8,1,6.9,1,"","","","","","","","","","","","","","","","","","","","","","","","","","",89,1,"","","","","","","","","","","","",10.1,1,1013.8,1,"","","","","","",8,1,8,1,7,1,"","","","","","","","","","","","","","","","","","","","","","","","","","","","",7000,1,"","",25,1,"","","","","","","","","","","","",4,1,270,1,"","","","","","","","","","","","","","","","","","","","","","","","","","","","","","","","","","","","","","","","","","","","","","","","","","","",""
"33236002","CAP-FERRET",44.630667,-1.252,8,1977021609,"","","","",8.,1,260,1,"","","","","","","","","","","","","","","","","","","","","","","","","","","","",10.2,1,8.1,1,"","","","","","","","","","","","","","","","","","","","","","","","","","",88,1,"","","","","","","","","","","","",11.,1,1014.8,1,"","","","","","",7,1,6,1,8,1,"","","","","","","","","","","","","","","","","","","","","","","","","","","","",18000,1,"","",2,1,2,1,"","","","","","","","","","",4,1,270,1,"","","","","","","","","","","","","","","","","","","","","","","","","","","","","","","","","","","","","","","","","","","","","","","","","","","",""
"33236002","CAP-FERRET",44.630667,-1.252,8,1977021612,"","","","",10.,1,280,1,"","","","","","","","","","","","","","","","","","","","","","","","","","","","",9.7,1,8.4,1,"","","","","","","","","","","","","","","","","","","","","","","","","","",93,1,"","","","","","","","","","","","",11.2,1,1016.,1,"","","","","","",8,1,8,1,7,1,"","","","","","","","","","","","","","","","","","","","","","","","","","","","",8000,1,"","",61,1,6,1,"","","","","","","","","","",4,1,270,1,"","","","","","","","","","","","","","","","","","","","","","","","","","","","","","","","","","","","","","","","","","","","","","","","","","","",""
"33236002","CAP-FERRET",44.630667,-1.252,8,1977021615,"","","","",10.,1,260,1,"","","","","","","","","","","","","","","","","","","","","","","","","","","","",10.4,1,8.8,1,"","","","","","","","","","","","","","","","","","","","","","","","","","",91,1,"","","","","","","","","","","","",11.5,1,1015.7,1,"","","","","","",8,1,8,1,8,1,"","","","","","","","","","","","","","","","","","","","","","","","","","","","",10000,1,"","",21,1,6,1,"","","","","","","","","","",4,1,270,1,"","","","","","","","","","","","","","","","","","","","","","","","","","","","","","","","","","","","","","","","","","","","","","","","","","","",""
"33236002","CAP-FERRET",44.630667,-1.252,8,1977021618,"","","","",12.,1,260,1,"","","","","","","","","","","","","","","","","","","","","","","","","","","","",10.3,1,8.8,1,"","","","","","","","","","","","","","","","","","","","","","","","","","",92,1,"","","","","","","","","","","","",11.5,1,1016.,1,"","","","","","",8,1,8,1,8,1,"","","","","","","","","","","","","","","","","","","","","","","","","","","","",8000,1,"","",21,1,6,1,"","","","","","","","","","",4,1,270,1,"","","","","","","","","","","","","","","","","","","","","","","","","","","","","","","","","","","","","","","","","","","","","","","","","","","",""
"33236002","CAP-FERRET",44.630667,-1.252,8,1977021621,"","","","",10.,1,260,1,"","","","","","","","","","","","","","","","","","","","","","","","","","","","",11.1,1,8.7,1,"","","","","","","","","","","","","","","","","","","","","","","","","","",86,1,"","","","","","","","","","","","",11.4,1,1016.3,1,"","","","","","",8,1,8,1,8,1,"","","","","","","","","","","","","","","","","","","","","","","","","","","","",10000,1,"","",2,1,2,1,"","","","","","","","","","",4,1,270,1,"","","","","","","","","","","","","","","","","","","","","","","","","","","","","","","","","","","","","","","","","","","","","","","","","","","",""
"33236002","CAP-FERRET",44.630667,-1.252,8,1977021700,"","","","","","","","","","","","","","","","","","","","","","","","","","","","","","","","","","","","","","","","","","","","","","","","","","","","","","","","","","","","","","","","","","","","","","","","","","","","","","","","","","",1016.,1,"","","","","","","","","","","","","","","","","","","","","","","","","","","","","","","","","","","","","","","","","","","","","","","","","","","","","","","","","","","","","","","","","","","","","","","","","","","","","","","","","","","","","","","","","","","","","","","","","","","","","","","","","","","","","","","","","",""
"33236002","CAP-FERRET",44.630667,-1.252,8,1977021703,"","","","",5.,1,240,1,"","","","","","","","","","","","","","","","","","","","","","","","","","","","",11.,1,9.4,1,"","","","","","","","","","","","","","","","","","","","","","","","","","",91,1,"","","","","","","","","","","","",12.,1,1016.,1,"","","","","","",8,1,8,1,5,1,"","","","","","","","","","","","","","","","","","","","","","","","","","","","",10000,1,"","",0,1,"","","","","","","","","","","","",4,1,270,1,"","","","","","","","","","","","","","","","","","","","","","","","","","","","","","","","","","","","","","","","","","","","","","","","","","","",""
"33236002","CAP-FERRET",44.630667,-1.252,8,1977021706,"","","","",6.,1,200,1,"","","","","","","","","","","","","","","","","","","","","","","","","","","","",10.3,1,9.4,1,"","","","","","","","","","","","","","","","","","","","","","","","","","",96,1,"","","","","","","","","","","","",12.,1,1015.2,1,"","","","","","",8,1,8,1,5,1,"","","","","","","","","","","","","","","","","","","","","","","","","","","","",10000,1,"","",0,1,"","","","","","","","","","","","",4,1,270,1,"","","","","","","","","","","","","","","","","","","","","","","","","","","","","","","","","","","","","","","","","","","","","","","","","","","",""
"33236002","CAP-FERRET",44.630667,-1.252,8,1977021709,"","","","",3.,1,180,1,"","","","","","","","","","","","","","","","","","","","","","","","","","","","",10.6,1,7.7,1,"","","","","","","","","","","","","","","","","","","","","","","","","","",84,1,"","","","","","","","","","","","",10.7,1,1014.8,1,"","","","","","",8,1,8,1,5,1,"","","","","","","","","","","","","","","","","","","","","","","","","","","","",15000,1,"","",2,1,2,1,"","","","","","","","","","",4,1,270,1,"","","","","","","","","","","","","","","","","","","","","","","","","","","","","","","","","","","","","","","","","","","","","","","","","","","",""
"33236002","CAP-FERRET",44.630667,-1.252,8,1977021712,"","","","",8.,1,200,1,"","","","","","","","","","","","","","","","","","","","","","","","","","","","",13.2,1,9.,1,"","","","","","","","","","","","","","","","","","","","","","","","","","",77,1,"","","","","","","","","","","","",11.7,1,1014.2,1,"","","","","","",7,1,7,1,0,1,0,1,2,1,"","","","","","","","","","","","","","","","","","","","","","","","",15000,1,"","",2,1,6,1,"","","","","","","","","","",4,1,270,1,"","","","","","","","","","","","","","","","","","","","","","","","","","","","","","","","","","","","","","","","","","","","","","","","","","","",""
"33236002","CAP-FERRET",44.630667,-1.252,8,1977021715,"","","","",5.,1,200,1,"","","","","","","","","","","","","","","","","","","","","","","","","","","","",12.3,1,10.1,1,"","","","","","","","","","","","","","","","","","","","","","","","","","",88,1,"","","","","","","","","","","","",12.6,1,1013.6,1,"","","","","","",7,1,7,1,5,1,"","","","","","","","","","","","","","","","","","","","","","","","","","","","",7000,1,"","",2,1,8,1,"","","","","","","","","","",4,1,270,1,"","","","","","","","","","","","","","","","","","","","","","","","","","","","","","","","","","","","","","","","","","","","","","","","","","","",""
"33236002","CAP-FERRET",44.630667,-1.252,8,1977021718,"","","","",8.,1,240,1,"","","","","","","","","","","","","","","","","","","","","","","","","","","","",11.3,1,10.2,1,"","","","","","","","","","","","","","","","","","","","","","","","","","",95,1,"","","","","","","","","","","","",12.7,1,1014.8,1,"","","","","","",7,1,7,1,5,1,"","","","","","","","","","","","","","","","","","","","","","","","","","","","",7000,1,"","",2,1,8,1,"","","","","","","","","","",4,1,270,1,"","","","","","","","","","","","","","","","","","","","","","","","","","","","","","","","","","","","","","","","","","","","","","","","","","","",""
"33236002","CAP-FERRET",44.630667,-1.252,8,1977021721,"","","","",7.,1,240,1,"","","","","","","","","","","","","","","","","","","","","","","","","","","","",11.6,1,10.1,1,"","","","","","","","","","","","","","","","","","","","","","","","","","",93,1,"","","","","","","","","","","","",12.6,1,1015.6,1,"","","","","","",3,1,0,1,5,1,0,1,0,1,"","","","","","","","","","","","","","","","","","","","","","","","",10000,1,"","",2,1,1,1,"","","","","","","","","","",4,1,270,1,"","","","","","","","","","","","","","","","","","","","","","","","","","","","","","","","","","","","","","","","","","","","","","","","","","","",""
"33236002","CAP-FERRET",44.630667,-1.252,8,1977021800,"","","","","","","","","","","","","","","","","","","","","","","","","","","","","","","","","","","","","","","","","","","","","","","","","","","","","","","","","","","","","","","","","","","","","","","","","","","","","","","","","","",1016.9,1,"","","","","","","","","","","","","","","","","","","","","","","","","","","","","","","","","","","","","","","","","","","","","","","","","","","","","","","","","","","","","","","","","","","","","","","","","","","","","","","","","","","","","","","","","","","","","","","","","","","","","","","","","","","","","","","","","",""
"33236002","CAP-FERRET",44.630667,-1.252,8,1977021803,"","","","",6.,1,240,1,"","","","","","","","","","","","","","","","","","","","","","","","","","","","",10.6,1,8.9,1,"","","","","","","","","","","","","","","","","","","","","","","","","","",91,1,"","","","","","","","","","","","",11.6,1,1017.2,1,"","","","","","",8,1,8,1,8,1,"","","","","","","","","","","","","","","","","","","","","","","","","","","","",10000,1,"","",0,1,"","","","","","","","","","","","",4,1,270,1,"","","","","","","","","","","","","","","","","","","","","","","","","","","","","","","","","","","","","","","","","","","","","","","","","","","",""
"33236002","CAP-FERRET",44.630667,-1.252,8,1977021806,"","","","",5.,1,220,1,"","","","","","","","","","","","","","","","","","","","","","","","","","","","",10.5,1,9.6,1,"","","","","","","","","","","","","","","","","","","","","","","","","","",96,1,"","","","","","","","","","","","",12.2,1,1017.3,1,"","","","","","",8,1,8,1,8,1,"","","","","","","","","","","","","","","","","","","","","","","","","","","","",10000,1,"","",0,1,"","","","","","","","","","","","",4,1,270,1,"","","","","","","","","","","","","","","","","","","","","","","","","","","","","","","","","","","","","","","","","","","","","","","","","","","",""
"33236002","CAP-FERRET",44.630667,-1.252,8,1977021809,"","","","",4.,1,200,1,"","","","","","","","","","","","","","","","","","","","","","","","","","","","",10.7,1,9.6,1,"","","","","","","","","","","","","","","","","","","","","","","","","","",95,1,"","","","","","","","","","","","",12.2,1,1018.2,1,"","","","","","",7,1,7,1,5,1,"","","","","","","","","","","","","","","","","","","","","","","","","","","","",5000,1,"","",2,1,2,1,"","","","","","","","","","",4,1,270,1,"","","","","","","","","","","","","","","","","","","","","","","","","","","","","","","","","","","","","","","","","","","","","","","","","","","",""
"33236002","CAP-FERRET",44.630667,-1.252,8,1977021812,"","","","",5.,1,180,1,"","","","","","","","","","","","","","","","","","","","","","","","","","","","",12.8,1,9.6,1,"","","","","","","","","","","","","","","","","","","","","","","","","","",82,1,"","","","","","","","","","","","",12.2,1,1016.6,1,"","","","","","",7,1,7,1,0,1,3,1,8,1,"","","","","","","","","","","","","","","","","","","","","","","","",7000,1,"","",2,1,2,1,"","","","","","","","","","",4,1,270,1,"","","","","","","","","","","","","","","","","","","","","","","","","","","","","","","","","","","","","","","","","","","","","","","","","","","",""
"33236002","CAP-FERRET",44.630667,-1.252,8,1977021815,"","","","",6.,1,200,1,"","","","","","","","","","","","","","","","","","","","","","","","","","","","",15.5,1,9.5,1,"","","","","","","","","","","","","","","","","","","","","","","","","","",69,1,"","","","","","","","","","","","",12.1,1,1014.5,1,"","","","","","",4,1,0,1,1,1,0,1,2,1,"","","","","","","","","","","","","","","","","","","","","","","","",7000,1,"","",2,1,1,1,"","","","","","","","","","",4,1,270,1,"","","","","","","","","","","","","","","","","","","","","","","","","","","","","","","","","","","","","","","","","","","","","","","","","","","",""
"33236002","CAP-FERRET",44.630667,-1.252,8,1977021818,"","","","",2.,1,180,1,"","","","","","","","","","","","","","","","","","","","","","","","","","","","",11.,1,9.2,1,"","","","","","","","","","","","","","","","","","","","","","","","","","",90,1,"","","","","","","","","","","","",11.8,1,1013.5,1,"","","","","","",4,1,0,1,0,1,0,1,2,1,"","","","","","","","","","","","","","","","","","","","","","","","",7000,1,"","",2,1,1,1,"","","","","","","","","","",4,1,270,1,"","","","","","","","","","","","","","","","","","","","","","","","","","","","","","","","","","","","","","","","","","","","","","","","","","","",""
"33236002","CAP-FERRET",44.630667,-1.252,8,1977021821,"","","","",5.,1,180,1,"","","","","","","","","","","","","","","","","","","","","","","","","","","","",12.3,1,7.6,1,"","","","","","","","","","","","","","","","","","","","","","","","","","",74,1,"","","","","","","","","","","","",10.6,1,1011.9,1,"","","","","","",3,1,0,1,0,1,0,1,2,1,"","","","","","","","","","","","","","","","","","","","","","","","",7000,1,"","",2,1,0,1,"","","","","","","","","","",4,1,270,1,"","","","","","","","","","","","","","","","","","","","","","","","","","","","","","","","","","","","","","","","","","","","","","","","","","","",""
"33236002","CAP-FERRET",44.630667,-1.252,8,1977021900,"","","","","","","","","","","","","","","","","","","","","","","","","","","","","","","","","","","","","","","","","","","","","","","","","","","","","","","","","","","","","","","","","","","","","","","","","","","","","","","","","","",1010.5,1,"","","","","","","","","","","","","","","","","","","","","","","","","","","","","","","","","","","","","","","","","","","","","","","","","","","","","","","","","","","","","","","","","","","","","","","","","","","","","","","","","","","","","","","","","","","","","","","","","","","","","","","","","","","","","","","","","",""
"33236002","CAP-FERRET",44.630667,-1.252,8,1977021903,"","","","",2.,1,180,1,"","","","","","","","","","","","","","","","","","","","","","","","","","","","",10.9,1,9.6,1,"","","","","","","","","","","","","","","","","","","","","","","","","","",94,1,"","","","","","","","","","","","",12.2,1,1009.5,1,"","","","","","",0,1,"","",0,1,0,1,0,1,"","","","","","","","","","","","","","","","","","","","","","","","",5000,1,"","",0,1,"","","","","","","","","","","","",4,1,270,1,"","","","","","","","","","","","","","","","","","","","","","","","","","","","","","","","","","","","","","","","","","","","","","","","","","","",""
"33236002","CAP-FERRET",44.630667,-1.252,8,1977021906,"","","","",8.,1,200,1,"","","","","","","","","","","","","","","","","","","","","","","","","","","","",11.8,1,9.4,1,"","","","","","","","","","","","","","","","","","","","","","","","","","",87,1,"","","","","","","","","","","","",12.,1,1008.4,1,"","","","","","",0,1,"","",0,1,0,1,0,1,"","","","","","","","","","","","","","","","","","","","","","","","",5000,1,"","",0,1,"","","","","","","","","","","","",4,1,270,1,"","","","","","","","","","","","","","","","","","","","","","","","","","","","","","","","","","","","","","","","","","","","","","","","","","","",""
"33236002","CAP-FERRET",44.630667,-1.252,8,1977021909,"","","","",8.,1,200,1,"","","","","","","","","","","","","","","","","","","","","","","","","","","","",12.,1,9.,1,"","","","","","","","","","","","","","","","","","","","","","","","","","",83,1,"","","","","","","","","","","","",11.7,1,1008.1,1,"","","","","","",6,1,6,1,0,1,0,1,2,1,"","","","","","","","","","","","","","","","","","","","","","","","",7000,1,"","",2,1,1,1,"","","","","","","","","","",4,1,270,1,"","","","","","","","","","","","","","","","","","","","","","","","","","","","","","","","","","","","","","","","","","","","","","","","","","","",""
"33236002","CAP-FERRET",44.630667,-1.252,8,1977021912,"","","","",7.,1,200,1,"","","","","","","","","","","","","","","","","","","","","","","","","","","","",13.6,1,10.4,1,"","","","","","","","","","","","","","","","","","","","","","","","","","",83,1,"","","","","","","","","","","","",12.9,1,1009.,1,"","","","","","",7,1,7,1,5,1,"","","","","","","","","","","","","","","","","","","","","","","","","","","","",10000,1,"","",2,1,1,1,"","","","","","","","","","",4,1,270,1,"","","","","","","","","","","","","","","","","","","","","","","","","","","","","","","","","","","","","","","","","","","","","","","","","","","",""
"33236002","CAP-FERRET",44.630667,-1.252,8,1977021915,"","","","",6.,1,240,1,"","","","","","","","","","","","","","","","","","","","","","","","","","","","",12.7,1,10.4,1,"","","","","","","","","","","","","","","","","","","","","","","","","","",88,1,"","","","","","","","","","","","",12.9,1,1008.8,1,"","","","","","",7,1,7,1,5,1,"","","","","","","","","","","","","","","","","","","","","","","","","","","","",6000,1,"","",2,1,2,1,"","","","","","","","","","",3,1,270,1,"","","","","","","","","","","","","","","","","","","","","","","","","","","","","","","","","","","","","","","","","","","","","","","","","","","",""
"33236002","CAP-FERRET",44.630667,-1.252,8,1977021918,"","","","",6.,1,200,1,"","","","","","","","","","","","","","","","","","","","","","","","","","","","",11.4,1,10.3,1,"","","","","","","","","","","","","","","","","","","","","","","","","","",95,1,"","","","","","","","","","","","",12.8,1,1008.8,1,"","","","","","",6,1,0,1,5,1,0,1,2,1,"","","","","","","","","","","","","","","","","","","","","","","","",10000,1,"","",2,1,2,1,"","","","","","","","","","",3,1,270,1,"","","","","","","","","","","","","","","","","","","","","","","","","","","","","","","","","","","","","","","","","","","","","","","","","","","",""
"33236002","CAP-FERRET",44.630667,-1.252,8,1977021921,"","","","",5.,1,200,1,"","","","","","","","","","","","","","","","","","","","","","","","","","","","",11.4,1,10.3,1,"","","","","","","","","","","","","","","","","","","","","","","","","","",95,1,"","","","","","","","","","","","",12.8,1,1008.8,1,"","","","","","",8,1,8,1,5,1,"","","","","","","","","","","","","","","","","","","","","","","","","","","","",7000,1,"","",2,1,2,1,"","","","","","","","","","",3,1,270,1,"","","","","","","","","","","","","","","","","","","","","","","","","","","","","","","","","","","","","","","","","","","","","","","","","","","",""
"33236002","CAP-FERRET",44.630667,-1.252,8,1977022000,"","","","","","","","","","","","","","","","","","","","","","","","","","","","","","","","","","","","","","","","","","","","","","","","","","","","","","","","","","","","","","","","","","","","","","","","","","","","","","","","","","",1006.2,1,"","","","","","","","","","","","","","","","","","","","","","","","","","","","","","","","","","","","","","","","","","","","","","","","","","","","","","","","","","","","","","","","","","","","","","","","","","","","","","","","","","","","","","","","","","","","","","","","","","","","","","","","","","","","","","","","","",""
"33236002","CAP-FERRET",44.630667,-1.252,8,1977022003,"","","","",7.,1,180,1,"","","","","","","","","","","","","","","","","","","","","","","","","","","","",13.5,1,10.2,1,"","","","","","","","","","","","","","","","","","","","","","","","","","",82,1,"","","","","","","","","","","","",12.7,1,1003.4,1,"","","","","","",8,1,8,1,5,1,"","","","","","","","","","","","","","","","","","","","","","","","","","","","",10000,1,"","",0,1,"","","","","","","","","","","","",3,1,270,1,"","","","","","","","","","","","","","","","","","","","","","","","","","","","","","","","","","","","","","","","","","","","","","","","","","","",""
"33236002","CAP-FERRET",44.630667,-1.252,8,1977022006,"","","","",10.,1,200,1,"","","","","","","","","","","","","","","","","","","","","","","","","","","","",13.3,1,10.1,1,"","","","","","","","","","","","","","","","","","","","","","","","","","",83,1,"","","","","","","","","","","","",12.6,1,1001.5,1,"","","","","","",7,1,7,1,5,1,"","","","","","","","","","","","","","","","","","","","","","","","","","","","",10000,1,"","",0,1,"","","","","","","","","","","","",3,1,270,1,"","","","","","","","","","","","","","","","","","","","","","","","","","","","","","","","","","","","","","","","","","","","","","","","","","","",""
"33236002","CAP-FERRET",44.630667,-1.252,8,1977022009,"","","","",6.,1,240,1,"","","","","","","","","","","","","","","","","","","","","","","","","","","","",13.,1,10.8,1,"","","","","","","","","","","","","","","","","","","","","","","","","","",88,1,"","","","","","","","","","","","",13.2,1,1002.2,1,"","","","","","",7,1,7,1,5,1,"","","","","","","","","","","","","","","","","","","","","","","","","","","","",10000,1,"","",2,1,8,1,"","","","","","","","","","",3,1,270,1,"","","","","","","","","","","","","","","","","","","","","","","","","","","","","","","","","","","","","","","","","","","","","","","","","","","",""
"33236002","CAP-FERRET",44.630667,-1.252,8,1977022012,"","","","",7.,1,220,1,"","","","","","","","","","","","","","","","","","","","","","","","","","","","",12.3,1,11.5,1,"","","","","","","","","","","","","","","","","","","","","","","","","","",98,1,"","","","","","","","","","","","",13.9,1,1002.2,1,"","","","","","",8,1,8,1,5,1,"","","","","","","","","","","","","","","","","","","","","","","","","","","","",7000,1,"","",63,1,8,1,"","","","","","","","","","",3,1,270,1,"","","","","","","","","","","","","","","","","","","","","","","","","","","","","","","","","","","","","","","","","","","","","","","","","","","",""
"33236002","CAP-FERRET",44.630667,-1.252,8,1977022015,"","","","",8.,1,220,1,"","","","","","","","","","","","","","","","","","","","","","","","","","","","",10.3,1,8.8,1,"","","","","","","","","","","","","","","","","","","","","","","","","","",92,1,"","","","","","","","","","","","",11.5,1,1003.2,1,"","","","","","",8,1,8,1,7,1,"","","","","","","","","","","","","","","","","","","","","","","","","","","","",10000,1,"","",61,1,6,1,"","","","","","","","","","",3,1,270,1,"","","","","","","","","","","","","","","","","","","","","","","","","","","","","","","","","","","","","","","","","","","","","","","","","","","",""
"33236002","CAP-FERRET",44.630667,-1.252,8,1977022018,"","","","",10.,1,200,1,"","","","","","","","","","","","","","","","","","","","","","","","","","","","",10.1,1,8.7,1,"","","","","","","","","","","","","","","","","","","","","","","","","","",92,1,"","","","","","","","","","","","",11.4,1,1004.,1,"","","","","","",7,1,7,1,5,1,"","","","","","","","","","","","","","","","","","","","","","","","","","","","",15000,1,"","",2,1,6,1,"","","","","","","","","","",3,1,270,1,"","","","","","","","","","","","","","","","","","","","","","","","","","","","","","","","","","","","","","","","","","","","","","","","","","","",""
"33236002","CAP-FERRET",44.630667,-1.252,8,1977022021,"","","","",6.,1,180,1,"","","","","","","","","","","","","","","","","","","","","","","","","","","","",9.,1,7.7,1,"","","","","","","","","","","","","","","","","","","","","","","","","","",93,1,"","","","","","","","","","","","",10.7,1,1003.4,1,"","","","","","",8,1,8,1,5,1,"","","","","","","","","","","","","","","","","","","","","","","","","","","","",10000,1,"","",2,1,2,1,"","","","","","","","","","",3,1,270,1,"","","","","","","","","","","","","","","","","","","","","","","","","","","","","","","","","","","","","","","","","","","","","","","","","","","",""
"33236002","CAP-FERRET",44.630667,-1.252,8,1977022100,"","","","","","","","","","","","","","","","","","","","","","","","","","","","","","","","","","","","","","","","","","","","","","","","","","","","","","","","","","","","","","","","","","","","","","","","","","","","","","","","","","",1003.7,1,"","","","","","","","","","","","","","","","","","","","","","","","","","","","","","","","","","","","","","","","","","","","","","","","","","","","","","","","","","","","","","","","","","","","","","","","","","","","","","","","","","","","","","","","","","","","","","","","","","","","","","","","","","","","","","","","","",""
"33236002","CAP-FERRET",44.630667,-1.252,8,1977022103,"","","","",11.,1,260,1,"","","","","","","","","","","","","","","","","","","","","","","","","","","","",10.2,1,6.9,1,"","","","","","","","","","","","","","","","","","","","","","","","","","",81,1,"","","","","","","","","","","","",10.1,1,1004.1,1,"","","","","","",2,1,0,1,2,1,0,1,0,1,"","","","","","","","","","","","","","","","","","","","","","","","",10000,1,"","",0,1,"","","","","","","","","","","","",3,1,270,1,"","","","","","","","","","","","","","","","","","","","","","","","","","","","","","","","","","","","","","","","","","","","","","","","","","","",""
"33236002","CAP-FERRET",44.630667,-1.252,8,1977022106,"","","","",7.,1,240,1,"","","","","","","","","","","","","","","","","","","","","","","","","","","","",10.7,1,7.2,1,"","","","","","","","","","","","","","","","","","","","","","","","","","",80,1,"","","","","","","","","","","","",10.3,1,1004.2,1,"","","","","","",2,1,0,1,2,1,0,1,0,1,"","","","","","","","","","","","","","","","","","","","","","","","",10000,1,"","",0,1,"","","","","","","","","","","","",3,1,270,1,"","","","","","","","","","","","","","","","","","","","","","","","","","","","","","","","","","","","","","","","","","","","","","","","","","","",""
"33236002","CAP-FERRET",44.630667,-1.252,8,1977022109,"","","","",8.,1,200,1,"","","","","","","","","","","","","","","","","","","","","","","","","","","","",11.3,1,8.3,1,"","","","","","","","","","","","","","","","","","","","","","","","","","",83,1,"","","","","","","","","","","","",11.1,1,1004.8,1,"","","","","","",7,1,7,1,2,1,"","","","","","","","","","","","","","","","","","","","","","","","","","","","",5000,1,"","",2,1,1,1,"","","","","","","","","","",4,1,270,1,"","","","","","","","","","","","","","","","","","","","","","","","","","","","","","","","","","","","","","","","","","","","","","","","","","","",""
"33236002","CAP-FERRET",44.630667,-1.252,8,1977022112,"","","","",9.,1,220,1,"","","","","","","","","","","","","","","","","","","","","","","","","","","","",12.6,1,6.4,1,"","","","","","","","","","","","","","","","","","","","","","","","","","",67,1,"","","","","","","","","","","","",9.7,1,1004.8,1,"","","","","","",3,1,0,1,8,1,0,1,0,1,"","","","","","","","","","","","","","","","","","","","","","","","",8000,1,"","",2,1,1,1,"","","","","","","","","","",4,1,270,1,"","","","","","","","","","","","","","","","","","","","","","","","","","","","","","","","","","","","","","","","","","","","","","","","","","","",""
"33236002","CAP-FERRET",44.630667,-1.252,8,1977022115,"","","","",5.,1,240,1,"","","","","","","","","","","","","","","","","","","","","","","","","","","","",13.9,1,8.8,1,"","","","","","","","","","","","","","","","","","","","","","","","","","",72,1,"","","","","","","","","","","","",11.5,1,1004.2,1,"","","","","","",4,1,0,1,2,1,0,1,0,1,"","","","","","","","","","","","","","","","","","","","","","","","",6000,1,"","",2,1,0,1,"","","","","","","","","","",4,1,270,1,"","","","","","","","","","","","","","","","","","","","","","","","","","","","","","","","","","","","","","","","","","","","","","","","","","","",""
"33236002","CAP-FERRET",44.630667,-1.252,8,1977022118,"","","","",2.,1,240,1,"","","","","","","","","","","","","","","","","","","","","","","","","","","","",10.,1,8.1,1,"","","","","","","","","","","","","","","","","","","","","","","","","","",90,1,"","","","","","","","","","","","",11.,1,1003.6,1,"","","","","","",2,1,0,1,2,1,0,1,0,1,"","","","","","","","","","","","","","","","","","","","","","","","",5000,1,"","",2,1,0,1,"","","","","","","","","","",4,1,270,1,"","","","","","","","","","","","","","","","","","","","","","","","","","","","","","","","","","","","","","","","","","","","","","","","","","","",""
"33236002","CAP-FERRET",44.630667,-1.252,8,1977022121,"","","","",1.,1,120,1,"","","","","","","","","","","","","","","","","","","","","","","","","","","","",5.7,1,5.1,1,"","","","","","","","","","","","","","","","","","","","","","","","","","",97,1,"","","","","","","","","","","","",8.9,1,1003.5,1,"","","","","","",0,1,"","",0,1,0,1,0,1,"","","","","","","","","","","","","","","","","","","","","","","","",5000,1,"","",2,1,0,1,"","","","","","","","","","",4,1,270,1,"","","","","","","","","","","","","","","","","","","","","","","","","","","","","","","","","","","","","","","","","","","","","","","","","","","",""
"33236002","CAP-FERRET",44.630667,-1.252,8,1977022200,"","","","","","","","","","","","","","","","","","","","","","","","","","","","","","","","","","","","","","","","","","","","","","","","","","","","","","","","","","","","","","","","","","","","","","","","","","","","","","","","","","",1002.1,1,"","","","","","","","","","","","","","","","","","","","","","","","","","","","","","","","","","","","","","","","","","","","","","","","","","","","","","","","","","","","","","","","","","","","","","","","","","","","","","","","","","","","","","","","","","","","","","","","","","","","","","","","","","","","","","","","","",""
"33236002","CAP-FERRET",44.630667,-1.252,8,1977022203,"","","","",8.,1,220,1,"","","","","","","","","","","","","","","","","","","","","","","","","","","","",10.6,1,5.8,1,"","","","","","","","","","","","","","","","","","","","","","","","","","",74,1,"","","","","","","","","","","","",9.3,1,1001.1,1,"","","","","","",2,1,0,1,2,1,0,1,0,1,"","","","","","","","","","","","","","","","","","","","","","","","",7000,1,"","",0,1,"","","","","","","","","","","","",4,1,290,1,"","","","","","","","","","","","","","","","","","","","","","","","","","","","","","","","","","","","","","","","","","","","","","","","","","","",""
"33236002","CAP-FERRET",44.630667,-1.252,8,1977022206,"","","","",11.,1,220,1,"","","","","","","","","","","","","","","","","","","","","","","","","","","","",10.6,1,5.8,1,"","","","","","","","","","","","","","","","","","","","","","","","","","",74,1,"","","","","","","","","","","","",9.3,1,1000.5,1,"","","","","","",0,1,"","",0,1,0,1,0,1,"","","","","","","","","","","","","","","","","","","","","","","","",14000,1,"","",2,1,0,1,"","","","","","","","","","",4,1,290,1,"","","","","","","","","","","","","","","","","","","","","","","","","","","","","","","","","","","","","","","","","","","","","","","","","","","",""
"33236002","CAP-FERRET",44.630667,-1.252,8,1977022209,"","","","",15.,1,220,1,"","","","","","","","","","","","","","","","","","","","","","","","","","","","",11.8,1,4.7,1,"","","","","","","","","","","","","","","","","","","","","","","","","","",63,1,"","","","","","","","","","","","",8.6,1,1001.1,1,"","","","","","",1,1,0,1,8,1,0,1,0,1,"","","","","","","","","","","","","","","","","","","","","","","","",16000,1,"","",2,1,0,1,"","","","","","","","","","",6,1,290,1,"","","","","","","","","","","","","","","","","","","","","","","","","","","","","","","","","","","","","","","","","","","","","","","","","","","",""
"33236002","CAP-FERRET",44.630667,-1.252,8,1977022212,"","","","",12.,1,200,1,"","","","","","","","","","","","","","","","","","","","","","","","","","","","",12.4,1,6.2,1,"","","","","","","","","","","","","","","","","","","","","","","","","","",66,1,"","","","","","","","","","","","",9.6,1,1001.9,1,"","","","","","",4,1,0,1,9,1,6,1,3,1,"","","","","","","","","","","","","","","","","","","","","","","","",16000,1,"","",3,1,0,1,"","","","","","","","","","",6,1,290,1,"","","","","","","","","","","","","","","","","","","","","","","","","","","","","","","","","","","","","","","","","","","","","","","","","","","",""
"33236002","CAP-FERRET",44.630667,-1.252,8,1977022215,"","","","",9.,1,200,1,"","","","","","","","","","","","","","","","","","","","","","","","","","","","",12.6,1,7.5,1,"","","","","","","","","","","","","","","","","","","","","","","","","","",72,1,"","","","","","","","","","","","",10.5,1,1001.9,1,"","","","","","",6,1,6,1,8,1,0,1,0,1,"","","","","","","","","","","","","","","","","","","","","","","","",16000,1,"","",3,1,1,1,"","","","","","","","","","",6,1,290,1,"","","","","","","","","","","","","","","","","","","","","","","","","","","","","","","","","","","","","","","","","","","","","","","","","","","",""
"33236002","CAP-FERRET",44.630667,-1.252,8,1977022218,"","","","",8.,1,220,1,"","","","","","","","","","","","","","","","","","","","","","","","","","","","",11.8,1,7.5,1,"","","","","","","","","","","","","","","","","","","","","","","","","","",76,1,"","","","","","","","","","","","",10.5,1,1003.3,1,"","","","","","",5,1,0,1,8,1,0,1,3,1,"","","","","","","","","","","","","","","","","","","","","","","","",10000,1,"","",1,1,1,1,"","","","","","","","","","",5,1,290,1,"","","","","","","","","","","","","","","","","","","","","","","","","","","","","","","","","","","","","","","","","","","","","","","","","","","",""
"33236002","CAP-FERRET",44.630667,-1.252,8,1977022221,"","","","",5.,1,240,1,"","","","","","","","","","","","","","","","","","","","","","","","","","","","",10.4,1,9.2,1,"","","","","","","","","","","","","","","","","","","","","","","","","","",90,1,"","","","","","","","","","","","",11.8,1,1005.9,1,"","","","","","",0,1,"","",0,1,0,1,0,1,"","","","","","","","","","","","","","","","","","","","","","","","",8000,1,"","",1,1,1,1,"","","","","","","","","","",5,1,290,1,"","","","","","","","","","","","","","","","","","","","","","","","","","","","","","","","","","","","","","","","","","","","","","","","","","","",""
"33236002","CAP-FERRET",44.630667,-1.252,8,1977022300,"","","","","","","","","","","","","","","","","","","","","","","","","","","","","","","","","","","","","","","","","","","","","","","","","","","","","","","","","","","","","","","","","","","","","","","","","","","","","","","","","","",1006.9,1,"","","","","","","","","","","","","","","","","","","","","","","","","","","","","","","","","","","","","","","","","","","","","","","","","","","","","","","","","","","","","","","","","","","","","","","","","","","","","","","","","","","","","","","","","","","","","","","","","","","","","","","","","","","","","","","","","",""
"33236002","CAP-FERRET",44.630667,-1.252,8,1977022303,"","","","",2.,1,180,1,"","","","","","","","","","","","","","","","","","","","","","","","","","","","",7.5,1,6.9,1,"","","","","","","","","","","","","","","","","","","","","","","","","","",97,1,"","","","","","","","","","","","",10.1,1,1007.2,1,"","","","","","",0,1,"","",0,1,0,1,0,1,"","","","","","","","","","","","","","","","","","","","","","","","",5000,1,"","",0,1,"","","","","","","","","","","","",5,1,270,1,"","","","","","","","","","","","","","","","","","","","","","","","","","","","","","","","","","","","","","","","","","","","","","","","","","","",""
"33236002","CAP-FERRET",44.630667,-1.252,8,1977022306,"","","","",4.,1,180,1,"","","","","","","","","","","","","","","","","","","","","","","","","","","","",8.,1,3.3,1,"","","","","","","","","","","","","","","","","","","","","","","","","","",72,1,"","","","","","","","","","","","",7.8,1,1007.,1,"","","","","","",0,1,"","",0,1,0,1,0,1,"","","","","","","","","","","","","","","","","","","","","","","","",8000,1,"","",0,1,"","","","","","","","","","","","",5,1,270,1,"","","","","","","","","","","","","","","","","","","","","","","","","","","","","","","","","","","","","","","","","","","","","","","","","","","",""
"33236002","CAP-FERRET",44.630667,-1.252,8,1977022309,"","","","",5.,1,140,1,"","","","","","","","","","","","","","","","","","","","","","","","","","","","",9.3,1,3.,1,"","","","","","","","","","","","","","","","","","","","","","","","","","",65,1,"","","","","","","","","","","","",7.6,1,1007.4,1,"","","","","","",6,1,6,1,0,1,8,1,0,1,"","","","","","","","","","","","","","","","","","","","","","","","",15000,1,"","",2,1,1,1,"","","","","","","","","","",4,1,270,1,"","","","","","","","","","","","","","","","","","","","","","","","","","","","","","","","","","","","","","","","","","","","","","","","","","","",""
"33236002","CAP-FERRET",44.630667,-1.252,8,1977022312,"","","","",5.,1,140,1,"","","","","","","","","","","","","","","","","","","","","","","","","","","","",12.6,1,5.,1,"","","","","","","","","","","","","","","","","","","","","","","","","","",60,1,"","","","","","","","","","","","",8.8,1,1006.7,1,"","","","","","",7,1,7,1,0,1,8,1,"","","","","","","","","","","","","","","","","","","","","","","","","","",15000,1,"","",2,1,1,1,"","","","","","","","","","",4,1,270,1,"","","","","","","","","","","","","","","","","","","","","","","","","","","","","","","","","","","","","","","","","","","","","","","","","","","",""
"33236002","CAP-FERRET",44.630667,-1.252,8,1977022315,"","","","",6.,1,160,1,"","","","","","","","","","","","","","","","","","","","","","","","","","","","",12.4,1,5.6,1,"","","","","","","","","","","","","","","","","","","","","","","","","","",63,1,"","","","","","","","","","","","",9.2,1,1004.7,1,"","","","","","",8,1,8,1,5,1,"","","","","","","","","","","","","","","","","","","","","","","","","","","","",15000,1,"","",2,1,2,1,"","","","","","","","","","",4,1,270,1,"","","","","","","","","","","","","","","","","","","","","","","","","","","","","","","","","","","","","","","","","","","","","","","","","","","",""
"33236002","CAP-FERRET",44.630667,-1.252,8,1977022318,"","","","",3.,1,60,1,"","","","","","","","","","","","","","","","","","","","","","","","","","","","",10.1,1,6.9,1,"","","","","","","","","","","","","","","","","","","","","","","","","","",82,1,"","","","","","","","","","","","",10.1,1,1003.8,1,"","","","","","",8,1,8,1,5,1,"","","","","","","","","","","","","","","","","","","","","","","","","","","","",10000,1,"","",2,1,2,1,"","","","","","","","","","",4,1,270,1,"","","","","","","","","","","","","","","","","","","","","","","","","","","","","","","","","","","","","","","","","","","","","","","","","","","",""
"33236002","CAP-FERRET",44.630667,-1.252,8,1977022321,"","","","",3.,1,60,1,"","","","","","","","","","","","","","","","","","","","","","","","","","","","",8.7,1,7.5,1,"","","","","","","","","","","","","","","","","","","","","","","","","","",93,1,"","","","","","","","","","","","",10.5,1,1003.5,1,"","","","","","",8,1,8,1,5,1,"","","","","","","","","","","","","","","","","","","","","","","","","","","","",10000,1,"","",60,1,2,1,"","","","","","","","","","",4,1,270,1,"","","","","","","","","","","","","","","","","","","","","","","","","","","","","","","","","","","","","","","","","","","","","","","","","","","",""
"33236002","CAP-FERRET",44.630667,-1.252,8,1977022400,"","","","","","","","","","","","","","","","","","","","","","","","","","","","","","","","","","","","","","","","","","","","","","","","","","","","","","","","","","","","","","","","","","","","","","","","","","","","","","","","","","",1003.6,1,"","","","","","","","","","","","","","","","","","","","","","","","","","","","","","","","","","","","","","","","","","","","","","","","","","","","","","","","","","","","","","","","","","","","","","","","","","","","","","","","","","","","","","","","","","","","","","","","","","","","","","","","","","","","","","","","","",""
"33236002","CAP-FERRET",44.630667,-1.252,8,1977022403,"","","","",3.,1,300,1,"","","","","","","","","","","","","","","","","","","","","","","","","","","","",8.4,1,8.4,1,"","","","","","","","","","","","","","","","","","","","","","","","","","",100,1,"","","","","","","","","","","","",11.,1,1004.6,1,"","","","","","",8,1,5,1,7,1,7,1,"","","","","","","","","","","","","","","","","","","","","","","","","","",9000,1,"","",63,1,"","","","","","","","","","","","",3,1,270,1,"","","","","","","","","","","","","","","","","","","","","","","","","","","","","","","","","","","","","","","","","","","","","","","","","","","",""
"33236002","CAP-FERRET",44.630667,-1.252,8,1977022406,"","","","",11.,1,260,1,"","","","","","","","","","","","","","","","","","","","","","","","","","","","",9.6,1,7.3,1,"","","","","","","","","","","","","","","","","","","","","","","","","","",87,1,"","","","","","","","","","","","",10.4,1,1005.5,1,"","","","","","",8,1,8,1,8,1,"","","","","","","","","","","","","","","","","","","","","","","","","","","","",12000,1,"","",2,1,6,1,"","","","","","","","","","",3,1,270,1,"","","","","","","","","","","","","","","","","","","","","","","","","","","","","","","","","","","","","","","","","","","","","","","","","","","",""
"33236002","CAP-FERRET",44.630667,-1.252,8,1977022409,"","","","",7.,1,220,1,"","","","","","","","","","","","","","","","","","","","","","","","","","","","",9.,1,6.6,1,"","","","","","","","","","","","","","","","","","","","","","","","","","",87,1,"","","","","","","","","","","","",9.9,1,1008.9,1,"","","","","","",8,1,5,1,8,1,2,1,"","","","","","","","","","","","","","","","","","","","","","","","","","",14000,1,"","",80,1,8,1,"","","","","","","","","","",3,1,270,1,"","","","","","","","","","","","","","","","","","","","","","","","","","","","","","","","","","","","","","","","","","","","","","","","","","","",""
"33236002","CAP-FERRET",44.630667,-1.252,8,1977022412,"","","","",4.,1,240,1,"","","","","","","","","","","","","","","","","","","","","","","","","","","","",9.4,1,7.1,1,"","","","","","","","","","","","","","","","","","","","","","","","","","",87,1,"","","","","","","","","","","","",10.2,1,1010.7,1,"","","","","","",6,1,5,1,9,1,0,1,0,1,"","","","","","","","","","","","","","","","","","","","","","","","",18000,1,"","",1,1,8,1,"","","","","","","","","","",3,1,270,1,"","","","","","","","","","","","","","","","","","","","","","","","","","","","","","","","","","","","","","","","","","","","","","","","","","","",""
"33236002","CAP-FERRET",44.630667,-1.252,8,1977022415,"","","","",2.,1,220,1,"","","","","","","","","","","","","","","","","","","","","","","","","","","","",10.4,1,7.3,1,"","","","","","","","","","","","","","","","","","","","","","","","","","",82,1,"","","","","","","","","","","","",10.4,1,1011.1,1,"","","","","","",5,1,5,1,8,1,0,1,0,1,"","","","","","","","","","","","","","","","","","","","","","","","",18000,1,"","",1,1,1,1,"","","","","","","","","","",3,1,270,1,"","","","","","","","","","","","","","","","","","","","","","","","","","","","","","","","","","","","","","","","","","","","","","","","","","","",""
"33236002","CAP-FERRET",44.630667,-1.252,8,1977022418,"","","","",6.,1,240,1,"","","","","","","","","","","","","","","","","","","","","","","","","","","","",9.8,1,4.8,1,"","","","","","","","","","","","","","","","","","","","","","","","","","",72,1,"","","","","","","","","","","","",8.7,1,1011.9,1,"","","","","","",3,1,0,1,8,1,0,1,0,1,"","","","","","","","","","","","","","","","","","","","","","","","",20000,1,"","",1,1,1,1,"","","","","","","","","","",3,1,270,1,"","","","","","","","","","","","","","","","","","","","","","","","","","","","","","","","","","","","","","","","","","","","","","","","","","","",""
"33236002","CAP-FERRET",44.630667,-1.252,8,1977022421,"","","","",6.,1,220,1,"","","","","","","","","","","","","","","","","","","","","","","","","","","","",9.4,1,6.6,1,"","","","","","","","","","","","","","","","","","","","","","","","","","",84,1,"","","","","","","","","","","","",9.9,1,1013.1,1,"","","","","","",3,1,0,1,8,1,0,1,0,1,"","","","","","","","","","","","","","","","","","","","","","","","",18000,1,"","",2,1,0,1,"","","","","","","","","","",3,1,270,1,"","","","","","","","","","","","","","","","","","","","","","","","","","","","","","","","","","","","","","","","","","","","","","","","","","","",""
"33236002","CAP-FERRET",44.630667,-1.252,8,1977022500,"","","","","","","","","","","","","","","","","","","","","","","","","","","","","","","","","","","","","","","","","","","","","","","","","","","","","","","","","","","","","","","","","","","","","","","","","","","","","","","","","","",1013.2,1,"","","","","","","","","","","","","","","","","","","","","","","","","","","","","","","","","","","","","","","","","","","","","","","","","","","","","","","","","","","","","","","","","","","","","","","","","","","","","","","","","","","","","","","","","","","","","","","","","","","","","","","","","","","","","","","","","",""
"33236002","CAP-FERRET",44.630667,-1.252,8,1977022503,"","","","",10.,1,300,1,"","","","","","","","","","","","","","","","","","","","","","","","","","","","",8.6,1,7.1,1,"","","","","","","","","","","","","","","","","","","","","","","","","","",92,1,"","","","","","","","","","","","",10.2,1,1013.5,1,"","","","","","",7,1,7,1,8,1,"","","","","","","","","","","","","","","","","","","","","","","","","","","","",10000,1,"","",0,1,"","","","","","","","","","","","",3,1,270,1,"","","","","","","","","","","","","","","","","","","","","","","","","","","","","","","","","","","","","","","","","","","","","","","","","","","",""
"33236002","CAP-FERRET",44.630667,-1.252,8,1977022506,"","","","",7.,1,300,1,"","","","","","","","","","","","","","","","","","","","","","","","","","","","",8.3,1,6.4,1,"","","","","","","","","","","","","","","","","","","","","","","","","","",89,1,"","","","","","","","","","","","",9.7,1,1014.5,1,"","","","","","",8,1,8,1,8,1,"","","","","","","","","","","","","","","","","","","","","","","","","","","","",10000,1,"","",0,1,"","","","","","","","","","","","",3,1,270,1,"","","","","","","","","","","","","","","","","","","","","","","","","","","","","","","","","","","","","","","","","","","","","","","","","","","",""
"33236002","CAP-FERRET",44.630667,-1.252,8,1977022509,"","","","",7.,1,280,1,"","","","","","","","","","","","","","","","","","","","","","","","","","","","",10.2,1,7.3,1,"","","","","","","","","","","","","","","","","","","","","","","","","","",83,1,"","","","","","","","","","","","",10.4,1,1015.5,1,"","","","","","",6,1,6,1,2,1,0,1,0,1,"","","","","","","","","","","","","","","","","","","","","","","","",20000,1,"","",2,1,8,1,"","","","","","","","","","",3,1,270,1,"","","","","","","","","","","","","","","","","","","","","","","","","","","","","","","","","","","","","","","","","","","","","","","","","","","",""
"33236002","CAP-FERRET",44.630667,-1.252,8,1977022512,"","","","",6.,1,240,1,"","","","","","","","","","","","","","","","","","","","","","","","","","","","",12.4,1,8.5,1,"","","","","","","","","","","","","","","","","","","","","","","","","","",79,1,"","","","","","","","","","","","",11.3,1,1016.4,1,"","","","","","",5,1,5,1,2,1,0,1,9,1,"","","","","","","","","","","","","","","","","","","","","","","","",20000,1,"","",2,1,8,1,"","","","","","","","","","",3,1,270,1,"","","","","","","","","","","","","","","","","","","","","","","","","","","","","","","","","","","","","","","","","","","","","","","","","","","",""
"33236002","CAP-FERRET",44.630667,-1.252,8,1977022515,"","","","",4.,1,260,1,"","","","","","","","","","","","","","","","","","","","","","","","","","","","",13.4,1,8.7,1,"","","","","","","","","","","","","","","","","","","","","","","","","","",74,1,"","","","","","","","","","","","",11.4,1,1016.2,1,"","","","","","",4,1,0,1,2,1,0,1,2,1,"","","","","","","","","","","","","","","","","","","","","","","","",20000,1,"","",2,1,1,1,"","","","","","","","","","",3,1,270,1,"","","","","","","","","","","","","","","","","","","","","","","","","","","","","","","","","","","","","","","","","","","","","","","","","","","",""
"33236002","CAP-FERRET",44.630667,-1.252,8,1977022518,"","","","",1.,1,280,1,"","","","","","","","","","","","","","","","","","","","","","","","","","","","",9.6,1,7.7,1,"","","","","","","","","","","","","","","","","","","","","","","","","","",90,1,"","","","","","","","","","","","",10.7,1,1016.7,1,"","","","","","",2,1,0,1,0,1,0,1,2,1,"","","","","","","","","","","","","","","","","","","","","","","","",20000,1,"","",2,1,1,1,"","","","","","","","","","",3,1,270,1,"","","","","","","","","","","","","","","","","","","","","","","","","","","","","","","","","","","","","","","","","","","","","","","","","","","",""
"33236002","CAP-FERRET",44.630667,-1.252,8,1977022521,"","","","",1.,1,20,1,"","","","","","","","","","","","","","","","","","","","","","","","","","","","",4.7,1,4.2,1,"","","","","","","","","","","","","","","","","","","","","","","","","","",97,1,"","","","","","","","","","","","",8.3,1,1018.1,1,"","","","","","",0,1,"","",0,1,0,1,0,1,"","","","","","","","","","","","","","","","","","","","","","","","",10000,1,"","",2,1,0,1,"","","","","","","","","","",3,1,270,1,"","","","","","","","","","","","","","","","","","","","","","","","","","","","","","","","","","","","","","","","","","","","","","","","","","","",""
"33236002","CAP-FERRET",44.630667,-1.252,8,1977022600,"","","","","","","","","","","","","","","","","","","","","","","","","","","","","","","","","","","","","","","","","","","","","","","","","","","","","","","","","","","","","","","","","","","","","","","","","","","","","","","","","","",1019.2,1,"","","","","","","","","","","","","","","","","","","","","","","","","","","","","","","","","","","","","","","","","","","","","","","","","","","","","","","","","","","","","","","","","","","","","","","","","","","","","","","","","","","","","","","","","","","","","","","","","","","","","","","","","","","","","","","","","",""
"33236002","CAP-FERRET",44.630667,-1.252,8,1977022603,"","","","",2.,1,80,1,"","","","","","","","","","","","","","","","","","","","","","","","","","","","",6.,1,6.,1,"","","","","","","","","","","","","","","","","","","","","","","","","","",100,1,"","","","","","","","","","","","",9.3,1,1019.2,1,"","","","","","",0,1,"","",0,1,0,1,0,1,"","","","","","","","","","","","","","","","","","","","","","","","",10000,1,"","",0,1,"","","","","","","","","","","","",3,1,"","","","","","","","","","","","","","","","","","","","","","","","","","","","","","","","","","","","","","","","","","","","","","","","","","","","","",""
"33236002","CAP-FERRET",44.630667,-1.252,8,1977022606,"","","","",2.,1,60,1,"","","","","","","","","","","","","","","","","","","","","","","","","","","","",5.4,1,5.4,1,"","","","","","","","","","","","","","","","","","","","","","","","","","",100,1,"","","","","","","","","","","","",9.,1,1019.8,1,"","","","","","",0,1,"","",0,1,0,1,0,1,"","","","","","","","","","","","","","","","","","","","","","","","",10000,1,"","",2,1,0,1,"","","","","","","","","","",3,1,"","","","","","","","","","","","","","","","","","","","","","","","","","","","","","","","","","","","","","","","","","","","","","","","","","","","","",""
"33236002","CAP-FERRET",44.630667,-1.252,8,1977022609,"","","","",3.,1,60,1,"","","","","","","","","","","","","","","","","","","","","","","","","","","","",8.,1,6.6,1,"","","","","","","","","","","","","","","","","","","","","","","","","","",93,1,"","","","","","","","","","","","",9.9,1,1020.2,1,"","","","","","",3,1,0,1,0,1,0,1,1,1,"","","","","","","","","","","","","","","","","","","","","","","","",6000,1,"","",2,1,0,1,"","","","","","","","","","",2,1,"","","","","","","","","","","","","","","","","","","","","","","","","","","","","","","","","","","","","","","","","","","","","","","","","","","","","",""
"33236002","CAP-FERRET",44.630667,-1.252,8,1977022612,"","","","",5.,1,60,1,"","","","","","","","","","","","","","","","","","","","","","","","","","","","",12.,1,7.3,1,"","","","","","","","","","","","","","","","","","","","","","","","","","",74,1,"","","","","","","","","","","","",10.4,1,1019.8,1,"","","","","","",5,1,5,1,0,1,0,1,5,1,"","","","","","","","","","","","","","","","","","","","","","","","",9000,1,"","",3,1,1,1,"","","","","","","","","","",2,1,"","","","","","","","","","","","","","","","","","","","","","","","","","","","","","","","","","","","","","","","","","","","","","","","","","","","","",""
"33236002","CAP-FERRET",44.630667,-1.252,8,1977022615,"","","","",5.,1,40,1,"","","","","","","","","","","","","","","","","","","","","","","","","","","","",14.,1,9.5,1,"","","","","","","","","","","","","","","","","","","","","","","","","","",76,1,"","","","","","","","","","","","",12.1,1,1018.2,1,"","","","","","",5,1,0,1,1,1,0,1,2,1,"","","","","","","","","","","","","","","","","","","","","","","","",20000,1,"","",2,1,2,1,"","","","","","","","","","",2,1,"","","","","","","","","","","","","","","","","","","","","","","","","","","","","","","","","","","","","","","","","","","","","","","","","","","","","",""
"33236002","CAP-FERRET",44.630667,-1.252,8,1977022618,"","","","",5.,1,60,1,"","","","","","","","","","","","","","","","","","","","","","","","","","","","",10.8,1,7.9,1,"","","","","","","","","","","","","","","","","","","","","","","","","","",84,1,"","","","","","","","","","","","",10.8,1,1017.2,1,"","","","","","",2,1,0,1,0,1,0,1,1,1,"","","","","","","","","","","","","","","","","","","","","","","","",20000,1,"","",1,1,1,1,"","","","","","","","","","",2,1,"","","","","","","","","","","","","","","","","","","","","","","","","","","","","","","","","","","","","","","","","","","","","","","","","","","","","",""
"33236002","CAP-FERRET",44.630667,-1.252,8,1977022621,"","","","",6.,1,80,1,"","","","","","","","","","","","","","","","","","","","","","","","","","","","",9.4,1,5.3,1,"","","","","","","","","","","","","","","","","","","","","","","","","","",76,1,"","","","","","","","","","","","",9.,1,1017.,1,"","","","","","",4,1,0,1,0,1,5,1,1,1,"","","","","","","","","","","","","","","","","","","","","","","","",20000,1,"","",3,1,0,1,"","","","","","","","","","",2,1,"","","","","","","","","","","","","","","","","","","","","","","","","","","","","","","","","","","","","","","","","","","","","","","","","","","","","",""
"33236002","CAP-FERRET",44.630667,-1.252,8,1977022700,"","","","","","","","","","","","","","","","","","","","","","","","","","","","","","","","","","","","","","","","","","","","","","","","","","","","","","","","","","","","","","","","","","","","","","","","","","","","","","","","","","",1015.8,1,"","","","","","","","","","","","","","","","","","","","","","","","","","","","","","","","","","","","","","","","","","","","","","","","","","","","","","","","","","","","","","","","","","","","","","","","","","","","","","","","","","","","","","","","","","","","","","","","","","","","","","","","","","","","","","","","","",""
"33236002","CAP-FERRET",44.630667,-1.252,8,1977022703,"","","","",5.,1,100,1,"","","","","","","","","","","","","","","","","","","","","","","","","","","","",7.1,1,4.5,1,"","","","","","","","","","","","","","","","","","","","","","","","","","",84,1,"","","","","","","","","","","","",8.5,1,1014.,1,"","","","","","",5,1,5,1,0,1,0,1,2,1,"","","","","","","","","","","","","","","","","","","","","","","","",15000,1,"","",0,1,"","","","","","","","","","","","",2,1,"","","","","","","","","","","","","","","","","","","","","","","","","","","","","","","","","","","","","","","","","","","","","","","","","","","","","",""
"33236002","CAP-FERRET",44.630667,-1.252,8,1977022706,"","","","",4.,1,160,1,"","","","","","","","","","","","","","","","","","","","","","","","","","","","",8.8,1,6.2,1,"","","","","","","","","","","","","","","","","","","","","","","","","","",85,1,"","","","","","","","","","","","",9.6,1,1013.,1,"","","","","","",8,1,8,1,5,1,"","","","","","","","","","","","","","","","","","","","","","","","","","","","",15000,1,"","",0,1,"","","","","","","","","","","","",2,1,"","","","","","","","","","","","","","","","","","","","","","","","","","","","","","","","","","","","","","","","","","","","","","","","","","","","","",""
"33236002","CAP-FERRET",44.630667,-1.252,8,1977022709,"","","","",1.,1,80,1,"","","","","","","","","","","","","","","","","","","","","","","","","","","","",9.2,1,7.7,1,"","","","","","","","","","","","","","","","","","","","","","","","","","",92,1,"","","","","","","","","","","","",10.7,1,1015.,1,"","","","","","",7,1,5,1,0,1,3,1,2,1,"","","","","","","","","","","","","","","","","","","","","","","","",10000,1,"","",2,1,8,1,"","","","","","","","","","",2,1,"","","","","","","","","","","","","","","","","","","","","","","","","","","","","","","","","","","","","","","","","","","","","","","","","","","","","",""
"33236002","CAP-FERRET",44.630667,-1.252,8,1977022712,"","","","",4.,1,240,1,"","","","","","","","","","","","","","","","","","","","","","","","","","","","",13.4,1,10.4,1,"","","","","","","","","","","","","","","","","","","","","","","","","","",84,1,"","","","","","","","","","","","",12.9,1,1016.8,1,"","","","","","",6,1,6,1,0,1,0,1,2,1,"","","","","","","","","","","","","","","","","","","","","","","","",10000,1,"","",2,1,8,1,"","","","","","","","","","",2,1,"","","","","","","","","","","","","","","","","","","","","","","","","","","","","","","","","","","","","","","","","","","","","","","","","","","","","",""
"33236002","CAP-FERRET",44.630667,-1.252,8,1977022715,"","","","",4.,1,280,1,"","","","","","","","","","","","","","","","","","","","","","","","","","","","",13.7,1,11.,1,"","","","","","","","","","","","","","","","","","","","","","","","","","",85,1,"","","","","","","","","","","","",13.4,1,1018.6,1,"","","","","","",7,1,7,1,5,1,"","","","","","","","","","","","","","","","","","","","","","","","","","","","",15000,1,"","",2,1,2,1,"","","","","","","","","","",3,1,270,1,"","","","","","","","","","","","","","","","","","","","","","","","","","","","","","","","","","","","","","","","","","","","","","","","","","","",""
"33236002","CAP-FERRET",44.630667,-1.252,8,1977022718,"","","","",6.,1,260,1,"","","","","","","","","","","","","","","","","","","","","","","","","","","","",12.,1,10.3,1,"","","","","","","","","","","","","","","","","","","","","","","","","","",92,1,"","","","","","","","","","","","",12.8,1,1021.2,1,"","","","","","",8,1,8,1,5,1,"","","","","","","","","","","","","","","","","","","","","","","","","","","","",10000,1,"","",2,1,2,1,"","","","","","","","","","",3,1,270,1,"","","","","","","","","","","","","","","","","","","","","","","","","","","","","","","","","","","","","","","","","","","","","","","","","","","",""
"33236002","CAP-FERRET",44.630667,-1.252,8,1977022721,"","","","",5.,1,240,1,"","","","","","","","","","","","","","","","","","","","","","","","","","","","",10.7,1,9.6,1,"","","","","","","","","","","","","","","","","","","","","","","","","","",95,1,"","","","","","","","","","","","",12.2,1,1022.9,1,"","","","","","",4,1,0,1,0,1,0,1,2,1,"","","","","","","","","","","","","","","","","","","","","","","","",10000,1,"","",2,1,8,1,"","","","","","","","","","",3,1,270,1,"","","","","","","","","","","","","","","","","","","","","","","","","","","","","","","","","","","","","","","","","","","","","","","","","","","",""
"33236002","CAP-FERRET",44.630667,-1.252,8,1977022800,"","","","","","","","","","","","","","","","","","","","","","","","","","","","","","","","","","","","","","","","","","","","","","","","","","","","","","","","","","","","","","","","","","","","","","","","","","","","","","","","","","",1024.1,1,"","","","","","","","","","","","","","","","","","","","","","","","","","","","","","","","","","","","","","","","","","","","","","","","","","","","","","","","","","","","","","","","","","","","","","","","","","","","","","","","","","","","","","","","","","","","","","","","","","","","","","","","","","","","","","","","","",""
"33236002","CAP-FERRET",44.630667,-1.252,8,1977022803,"","","","",6.,1,280,1,"","","","","","","","","","","","","","","","","","","","","","","","","","","","",11.4,1,10.3,1,"","","","","","","","","","","","","","","","","","","","","","","","","","",94,1,"","","","","","","","","","","","",12.8,1,1025.1,1,"","","","","","",8,1,5,1,8,1,7,1,"","","","","","","","","","","","","","","","","","","","","","","","","","",10000,1,"","",0,1,"","","","","","","","","","","","",3,1,270,1,"","","","","","","","","","","","","","","","","","","","","","","","","","","","","","","","","","","","","","","","","","","","","","","","","","","",""
"33236002","CAP-FERRET",44.630667,-1.252,8,1977022806,"","","","",2.,1,300,1,"","","","","","","","","","","","","","","","","","","","","","","","","","","","",11.,1,11.,1,"","","","","","","","","","","","","","","","","","","","","","","","","","",100,1,"","","","","","","","","","","","",13.1,1,1026.3,1,"","","","","","",8,1,5,1,8,1,7,1,"","","","","","","","","","","","","","","","","","","","","","","","","","",10000,1,"","",2,1,2,1,"","","","","","","","","","",3,1,270,1,"","","","","","","","","","","","","","","","","","","","","","","","","","","","","","","","","","","","","","","","","","","","","","","","","","","",""
"33236002","CAP-FERRET",44.630667,-1.252,8,1977022809,"","","","",0.,1,0,1,"","","","","","","","","","","","","","","","","","","","","","","","","","","","",11.8,1,11.8,1,"","","","","","","","","","","","","","","","","","","","","","","","","","",100,1,"","","","","","","","","","","","",13.8,1,1028.3,1,"","","","","","",8,1,8,1,5,1,"","","","","","","","","","","","","","","","","","","","","","","","","","","","",9000,1,"","",2,1,2,1,"","","","","","","","","","",3,1,270,1,"","","","","","","","","","","","","","","","","","","","","","","","","","","","","","","","","","","","","","","","","","","","","","","","","","","",""
"33236002","CAP-FERRET",44.630667,-1.252,8,1977022812,"","","","",1.,1,60,1,"","","","","","","","","","","","","","","","","","","","","","","","","","","","",12.8,1,11.,1,"","","","","","","","","","","","","","","","","","","","","","","","","","",91,1,"","","","","","","","","","","","",13.4,1,1030.3,1,"","","","","","",8,1,8,1,8,1,"","","","","","","","","","","","","","","","","","","","","","","","","","","","",7000,1,"","",2,1,2,1,"","","","","","","","","","",3,1,270,1,"","","","","","","","","","","","","","","","","","","","","","","","","","","","","","","","","","","","","","","","","","","","","","","","","","","",""
"33236002","CAP-FERRET",44.630667,-1.252,8,1977022815,"","","","",1.,1,280,1,"","","","","","","","","","","","","","","","","","","","","","","","","","","","",13.8,1,11.2,1,"","","","","","","","","","","","","","","","","","","","","","","","","","",86,1,"","","","","","","","","","","","",13.6,1,1030.6,1,"","","","","","",7,1,0,1,8,1,3,1,2,1,"","","","","","","","","","","","","","","","","","","","","","","","",9000,1,"","",1,1,2,1,"","","","","","","","","","",3,1,270,1,"","","","","","","","","","","","","","","","","","","","","","","","","","","","","","","","","","","","","","","","","","","","","","","","","","","",""
"33236002","CAP-FERRET",44.630667,-1.252,8,1977022818,"","","","",2.,1,340,1,"","","","","","","","","","","","","","","","","","","","","","","","","","","","",12.,1,10.6,1,"","","","","","","","","","","","","","","","","","","","","","","","","","",93,1,"","","","","","","","","","","","",13.,1,1031.3,1,"","","","","","",7,1,7,1,5,1,"","","","","","","","","","","","","","","","","","","","","","","","","","","","",8000,1,"","",2,1,2,1,"","","","","","","","","","",3,1,270,1,"","","","","","","","","","","","","","","","","","","","","","","","","","","","","","","","","","","","","","","","","","","","","","","","","","","",""
"33236002","CAP-FERRET",44.630667,-1.252,8,1977022821,"","","","",2.,1,40,1,"","","","","","","","","","","","","","","","","","","","","","","","","","","","",10.,1,9.3,1,"","","","","","","","","","","","","","","","","","","","","","","","","","",97,1,"","","","","","","","","","","","",11.9,1,1033.3,1,"","","","","","",7,1,7,1,5,1,"","","","","","","","","","","","","","","","","","","","","","","","","","","","",6000,1,"","",2,1,2,1,"","","","","","","","","","",3,1,270,1,"","","","","","","","","","","","","","","","","","","","","","","","","","","","","","","","","","","","","","","","","","","","","","","","","","","",""
"33236002","CAP-FERRET",44.630667,-1.252,8,1977030100,"","","","","","","","","","","","","","","","","","","","","","","","","","","","","","","","","","","","","","","","","","","","","","","","","","","","","","","","","","","","","","","","","","","","","","","","","","","","","","","","","","",1032.9,1,"","","","","","","","","","","","","","","","","","","","","","","","","","","","","","","","","","","","","","","","","","","","","","","","","","","","","","","","","","","","","","","","","","","","","","","","","","","","","","","","","","","","","","","","","","","","","","","","","","","","","","","","","","","","","","","","","",""
"33236002","CAP-FERRET",44.630667,-1.252,8,1977030103,"","","","",1.,1,160,1,"","","","","","","","","","","","","","","","","","","","","","","","","","","","",8.5,1,7.6,1,"","","","","","","","","","","","","","","","","","","","","","","","","","",96,1,"","","","","","","","","","","","",10.6,1,1032.9,1,"","","","","","",3,1,0,1,5,1,0,1,0,1,"","","","","","","","","","","","","","","","","","","","","","","","",6000,1,"","",0,1,"","","","","","","","","","","","",3,1,270,1,"","","","","","","","","","","","","","","","","","","","","","","","","","","","","","","","","","","","","","","","","","","","","","","","","","","",""
"33236002","CAP-FERRET",44.630667,-1.252,8,1977030106,"","","","",3.,1,180,1,"","","","","","","","","","","","","","","","","","","","","","","","","","","","",8.5,1,7.6,1,"","","","","","","","","","","","","","","","","","","","","","","","","","",96,1,"","","","","","","","","","","","",10.6,1,1032.6,1,"","","","","","",0,1,"","",0,1,0,1,0,1,"","","","","","","","","","","","","","","","","","","","","","","","",6000,1,"","",0,1,"","","","","","","","","","","","",3,1,270,1,"","","","","","","","","","","","","","","","","","","","","","","","","","","","","","","","","","","","","","","","","","","","","","","","","","","",""
"33236002","CAP-FERRET",44.630667,-1.252,8,1977030109,"","","","",1.,1,60,1,"","","","","","","","","","","","","","","","","","","","","","","","","","","","",11.5,1,9.9,1,"","","","","","","","","","","","","","","","","","","","","","","","","","",91,1,"","","","","","","","","","","","",12.4,1,1033.4,1,"","","","","","",3,1,0,1,0,1,0,1,2,1,"","","","","","","","","","","","","","","","","","","","","","","","",8000,1,"","",2,1,0,1,"","","","","","","","","","",3,1,270,1,"","","","","","","","","","","","","","","","","","","","","","","","","","","","","","","","","","","","","","","","","","","","","","","","","","","",""
"33236002","CAP-FERRET",44.630667,-1.252,8,1977030112,"","","","",1.,1,160,1,"","","","","","","","","","","","","","","","","","","","","","","","","","","","",16.,1,10.6,1,"","","","","","","","","","","","","","","","","","","","","","","","","","",71,1,"","","","","","","","","","","","",13.,1,1033.1,1,"","","","","","",2,1,0,1,0,1,0,1,2,1,"","","","","","","","","","","","","","","","","","","","","","","","",8000,1,"","",2,1,0,1,"","","","","","","","","","",3,1,270,1,"","","","","","","","","","","","","","","","","","","","","","","","","","","","","","","","","","","","","","","","","","","","","","","","","","","",""
"33236002","CAP-FERRET",44.630667,-1.252,8,1977030115,"","","","",2.,1,320,1,"","","","","","","","","","","","","","","","","","","","","","","","","","","","",17.1,1,12.1,1,"","","","","","","","","","","","","","","","","","","","","","","","","","",74,1,"","","","","","","","","","","","",14.4,1,1032.1,1,"","","","","","",5,1,5,1,0,1,0,1,2,1,"","","","","","","","","","","","","","","","","","","","","","","","",8000,1,"","",2,1,1,1,"","","","","","","","","","",3,1,270,1,"","","","","","","","","","","","","","","","","","","","","","","","","","","","","","","","","","","","","","","","","","","","","","","","","","","",""
"33236002","CAP-FERRET",44.630667,-1.252,8,1977030118,"","","","",2.,1,340,1,"","","","","","","","","","","","","","","","","","","","","","","","","","","","",14.3,1,11.5,1,"","","","","","","","","","","","","","","","","","","","","","","","","","",86,1,"","","","","","","","","","","","",13.9,1,1031.8,1,"","","","","","",6,1,6,1,0,1,0,1,2,1,"","","","","","","","","","","","","","","","","","","","","","","","",7000,1,"","",2,1,1,1,"","","","","","","","","","",3,1,270,1,"","","","","","","","","","","","","","","","","","","","","","","","","","","","","","","","","","","","","","","","","","","","","","","","","","","",""
"33236002","CAP-FERRET",44.630667,-1.252,8,1977030121,"","","","",3.,1,40,1,"","","","","","","","","","","","","","","","","","","","","","","","","","","","",10.5,1,9.3,1,"","","","","","","","","","","","","","","","","","","","","","","","","","",94,1,"","","","","","","","","","","","",11.9,1,1031.7,1,"","","","","","",0,1,"","",0,1,0,1,0,1,"","","","","","","","","","","","","","","","","","","","","","","","",7000,1,"","",2,1,1,1,"","","","","","","","","","",3,1,270,1,"","","","","","","","","","","","","","","","","","","","","","","","","","","","","","","","","","","","","","","","","","","","","","","","","","","",""
"33236002","CAP-FERRET",44.630667,-1.252,8,1977030200,"","","","","","","","","","","","","","","","","","","","","","","","","","","","","","","","","","","","","","","","","","","","","","","","","","","","","","","","","","","","","","","","","","","","","","","","","","","","","","","","","","",1031.3,1,"","","","","","","","","","","","","","","","","","","","","","","","","","","","","","","","","","","","","","","","","","","","","","","","","","","","","","","","","","","","","","","","","","","","","","","","","","","","","","","","","","","","","","","","","","","","","","","","","","","","","","","","","","","","","","","","","",""
"33236002","CAP-FERRET",44.630667,-1.252,8,1977030203,"","","","",2.,1,80,1,"","","","","","","","","","","","","","","","","","","","","","","","","","","","",9.4,1,9.4,1,"","","","","","","","","","","","","","","","","","","","","","","","","","",100,1,"","","","","","","","","","","","",11.8,1,1030.8,1,"","","","","","",0,1,"","",0,1,0,1,0,1,"","","","","","","","","","","","","","","","","","","","","","","","",7000,1,"","",0,1,"","","","","","","","","","","","",3,1,270,1,"","","","","","","","","","","","","","","","","","","","","","","","","","","","","","","","","","","","","","","","","","","","","","","","","","","",""
"33236002","CAP-FERRET",44.630667,-1.252,8,1977030206,"","","","",1.,1,120,1,"","","","","","","","","","","","","","","","","","","","","","","","","","","","",8.6,1,8.6,1,"","","","","","","","","","","","","","","","","","","","","","","","","","",100,1,"","","","","","","","","","","","",11.2,1,1030.1,1,"","","","","","",1,1,0,1,0,1,0,1,3,1,"","","","","","","","","","","","","","","","","","","","","","","","",8000,1,"","",2,1,0,1,"","","","","","","","","","",3,1,270,1,"","","","","","","","","","","","","","","","","","","","","","","","","","","","","","","","","","","","","","","","","","","","","","","","","","","",""
"33236002","CAP-FERRET",44.630667,-1.252,8,1977030209,"","","","",3.,1,120,1,"","","","","","","","","","","","","","","","","","","","","","","","","","","","",13.2,1,10.7,1,"","","","","","","","","","","","","","","","","","","","","","","","","","",86,1,"","","","","","","","","","","","",13.1,1,1030.6,1,"","","","","","",7,1,0,1,0,1,0,1,4,1,"","","","","","","","","","","","","","","","","","","","","","","","",16000,1,"","",3,1,1,1,"","","","","","","","","","",3,1,270,1,"","","","","","","","","","","","","","","","","","","","","","","","","","","","","","","","","","","","","","","","","","","","","","","","","","","",""
"33236002","CAP-FERRET",44.630667,-1.252,8,1977030212,"","","","",1.,1,40,1,"","","","","","","","","","","","","","","","","","","","","","","","","","","","",14.8,1,10.8,1,"","","","","","","","","","","","","","","","","","","","","","","","","","",78,1,"","","","","","","","","","","","",13.2,1,1029.6,1,"","","","","","",5,1,5,1,0,1,0,1,2,1,"","","","","","","","","","","","","","","","","","","","","","","","",16000,1,"","",2,1,2,1,"","","","","","","","","","",3,1,270,1,"","","","","","","","","","","","","","","","","","","","","","","","","","","","","","","","","","","","","","","","","","","","","","","","","","","",""
"33236002","CAP-FERRET",44.630667,-1.252,8,1977030215,"","","","",4.,1,40,1,"","","","","","","","","","","","","","","","","","","","","","","","","","","","",21.,1,14.2,1,"","","","","","","","","","","","","","","","","","","","","","","","","","",67,1,"","","","","","","","","","","","",16.6,1,1027.8,1,"","","","","","",5,1,5,1,0,1,0,1,5,1,"","","","","","","","","","","","","","","","","","","","","","","","",16000,1,"","",3,1,2,1,"","","","","","","","","","",2,1,270,1,"","","","","","","","","","","","","","","","","","","","","","","","","","","","","","","","","","","","","","","","","","","","","","","","","","","",""
"33236002","CAP-FERRET",44.630667,-1.252,8,1977030218,"","","","",4.,1,80,1,"","","","","","","","","","","","","","","","","","","","","","","","","","","","",17.4,1,13.5,1,"","","","","","","","","","","","","","","","","","","","","","","","","","",80,1,"","","","","","","","","","","","",15.9,1,1027.8,1,"","","","","","",5,1,5,1,0,1,0,1,2,1,"","","","","","","","","","","","","","","","","","","","","","","","",16000,1,"","",2,1,2,1,"","","","","","","","","","",2,1,270,1,"","","","","","","","","","","","","","","","","","","","","","","","","","","","","","","","","","","","","","","","","","","","","","","","","","","",""
"33236002","CAP-FERRET",44.630667,-1.252,8,1977030221,"","","","",4.,1,100,1,"","","","","","","","","","","","","","","","","","","","","","","","","","","","",13.6,1,11.2,1,"","","","","","","","","","","","","","","","","","","","","","","","","","",88,1,"","","","","","","","","","","","",13.6,1,1028.8,1,"","","","","","",5,1,5,1,0,1,0,1,2,1,"","","","","","","","","","","","","","","","","","","","","","","","",9000,1,"","",2,1,2,1,"","","","","","","","","","",2,1,270,1,"","","","","","","","","","","","","","","","","","","","","","","","","","","","","","","","","","","","","","","","","","","","","","","","","","","",""
"33236002","CAP-FERRET",44.630667,-1.252,8,1977030300,"","","","","","","","","","","","","","","","","","","","","","","","","","","","","","","","","","","","","","","","","","","","","","","","","","","","","","","","","","","","","","","","","","","","","","","","","","","","","","","","","","",1028.6,1,"","","","","","","","","","","","","","","","","","","","","","","","","","","","","","","","","","","","","","","","","","","","","","","","","","","","","","","","","","","","","","","","","","","","","","","","","","","","","","","","","","","","","","","","","","","","","","","","","","","","","","","","","","","","","","","","","",""
"33236002","CAP-FERRET",44.630667,-1.252,8,1977030303,"","","","",1.,1,100,1,"","","","","","","","","","","","","","","","","","","","","","","","","","","","",9.,1,8.1,1,"","","","","","","","","","","","","","","","","","","","","","","","","","",96,1,"","","","","","","","","","","","",11.,1,1028.6,1,"","","","","","",2,1,0,1,0,1,0,1,2,1,"","","","","","","","","","","","","","","","","","","","","","","","",6000,1,"","",0,1,"","","","","","","","","","","","",2,1,"","","","","","","","","","","","","","","","","","","","","","","","","","","","","","","","","","","","","","","","","","","","","","","","","","","","","",""
"33236002","CAP-FERRET",44.630667,-1.252,8,1977030306,"","","","",4.,1,160,1,"","","","","","","","","","","","","","","","","","","","","","","","","","","","",9.3,1,8.4,1,"","","","","","","","","","","","","","","","","","","","","","","","","","",96,1,"","","","","","","","","","","","",11.2,1,1028.,1,"","","","","","",2,1,0,1,0,1,0,1,2,1,"","","","","","","","","","","","","","","","","","","","","","","","",8000,1,"","",0,1,"","","","","","","","","","","","",2,1,"","","","","","","","","","","","","","","","","","","","","","","","","","","","","","","","","","","","","","","","","","","","","","","","","","","","","",""
"33236002","CAP-FERRET",44.630667,-1.252,8,1977030309,"","","","",3.,1,260,1,"","","","","","","","","","","","","","","","","","","","","","","","","","","","",12.,1,12.,1,"","","","","","","","","","","","","","","","","","","","","","","","","","",100,1,"","","","","","","","","","","","",14.,1,1029.6,1,"","","","","","",7,1,7,1,6,1,"","","","","","","","","","","","","","","","","","","","","","","","","","","","",3000,1,"","",10,1,1,1,"","","","","","","","","","",3,1,270,1,"","","","","","","","","","","","","","","","","","","","","","","","","","","","","","","","","","","","","","","","","","","","","","","","","","","",""
"33236002","CAP-FERRET",44.630667,-1.252,8,1977030312,"","","","",4.,1,260,1,"","","","","","","","","","","","","","","","","","","","","","","","","","","","",13.,1,11.3,1,"","","","","","","","","","","","","","","","","","","","","","","","","","",92,1,"","","","","","","","","","","","",13.7,1,1030.,1,"","","","","","",8,1,8,1,6,1,"","","","","","","","","","","","","","","","","","","","","","","","","","","","",4000,1,"","",10,1,1,1,"","","","","","","","","","",3,1,270,1,"","","","","","","","","","","","","","","","","","","","","","","","","","","","","","","","","","","","","","","","","","","","","","","","","","","",""
"33236002","CAP-FERRET",44.630667,-1.252,8,1977030315,"","","","",3.,1,240,1,"","","","","","","","","","","","","","","","","","","","","","","","","","","","",13.7,1,11.7,1,"","","","","","","","","","","","","","","","","","","","","","","","","","",90,1,"","","","","","","","","","","","",14.1,1,1029.1,1,"","","","","","",8,1,8,1,6,1,"","","","","","","","","","","","","","","","","","","","","","","","","","","","",6000,1,"","",2,1,2,1,"","","","","","","","","","",3,1,270,1,"","","","","","","","","","","","","","","","","","","","","","","","","","","","","","","","","","","","","","","","","","","","","","","","","","","",""
"33236002","CAP-FERRET",44.630667,-1.252,8,1977030318,"","","","",2.,1,240,1,"","","","","","","","","","","","","","","","","","","","","","","","","","","","",12.2,1,11.3,1,"","","","","","","","","","","","","","","","","","","","","","","","","","",96,1,"","","","","","","","","","","","",13.7,1,1028.6,1,"","","","","","",8,1,8,1,6,1,"","","","","","","","","","","","","","","","","","","","","","","","","","","","",800,1,"","",46,1,2,1,"","","","","","","","","","",3,1,270,1,"","","","","","","","","","","","","","","","","","","","","","","","","","","","","","","","","","","","","","","","","","","","","","","","","","","",""
"33236002","CAP-FERRET",44.630667,-1.252,8,1977030321,"","","","",1.,1,260,1,"","","","","","","","","","","","","","","","","","","","","","","","","","","","",11.,1,11.,1,"","","","","","","","","","","","","","","","","","","","","","","","","","",100,1,"","","","","","","","","","","","",13.1,1,1029.,1,"","","","","","",8,1,8,1,"","","","","","","","","","","","","","","","","","","","","","","","","","","","","","",400,1,"","",44,1,4,1,"","","","","","","","","","",3,1,270,1,"","","","","","","","","","","","","","","","","","","","","","","","","","","","","","","","","","","","","","","","","","","","","","","","","","","",""
"33236002","CAP-FERRET",44.630667,-1.252,8,1977030400,"","","","","","","","","","","","","","","","","","","","","","","","","","","","","","","","","","","","","","","","","","","","","","","","","","","","","","","","","","","","","","","","","","","","","","","","","","","","","","","","","","",1028.7,1,"","","","","","","","","","","","","","","","","","","","","","","","","","","","","","","","","","","","","","","","","","","","","","","","","","","","","","","","","","","","","","","","","","","","","","","","","","","","","","","","","","","","","","","","","","","","","","","","","","","","","","","","","","","","","","","","","",""
"33236002","CAP-FERRET",44.630667,-1.252,8,1977030403,"","","","",1.,1,180,1,"","","","","","","","","","","","","","","","","","","","","","","","","","","","",9.2,1,9.2,1,"","","","","","","","","","","","","","","","","","","","","","","","","","",100,1,"","","","","","","","","","","","",11.6,1,1028.2,1,"","","","","","",9,1,"","","","","","","","","","","","","","","","","","","","","","","","","","","","","","","","",400,1,"","",45,1,"","","","","","","","","","","","",3,1,"","","","","","","","","","","","","","","","","","","","","","","","","","","","","","","","","","","","","","","","","","","","","","","","","","","","","",""
"33236002","CAP-FERRET",44.630667,-1.252,8,1977030406,"","","","",1.,1,220,1,"","","","","","","","","","","","","","","","","","","","","","","","","","","","",9.,1,9.,1,"","","","","","","","","","","","","","","","","","","","","","","","","","",100,1,"","","","","","","","","","","","",11.5,1,1028.8,1,"","","","","","",9,1,"","","","","","","","","","","","","","","","","","","","","","","","","","","","","","","","",400,1,"","",45,1,4,1,"","","","","","","","","","",3,1,"","","","","","","","","","","","","","","","","","","","","","","","","","","","","","","","","","","","","","","","","","","","","","","","","","","","","",""
"33236002","CAP-FERRET",44.630667,-1.252,8,1977030409,"","","","",3.,1,220,1,"","","","","","","","","","","","","","","","","","","","","","","","","","","","",10.,1,10.,1,"","","","","","","","","","","","","","","","","","","","","","","","","","",100,1,"","","","","","","","","","","","",12.3,1,1029.8,1,"","","","","","",9,1,"","","","","","","","","","","","","","","","","","","","","","","","","","","","","","","","",400,1,"","",45,1,4,1,"","","","","","","","","","",3,1,"","","","","","","","","","","","","","","","","","","","","","","","","","","","","","","","","","","","","","","","","","","","","","","","","","","","","",""
"33236002","CAP-FERRET",44.630667,-1.252,8,1977030412,"","","","",4.,1,220,1,"","","","","","","","","","","","","","","","","","","","","","","","","","","","",12.2,1,11.1,1,"","","","","","","","","","","","","","","","","","","","","","","","","","",95,1,"","","","","","","","","","","","",13.5,1,1030.8,1,"","","","","","",9,1,"","","","","","","","","","","","","","","","","","","","","","","","","","","","","","","","",900,1,"","",43,1,4,1,"","","","","","","","","","",3,1,"","","","","","","","","","","","","","","","","","","","","","","","","","","","","","","","","","","","","","","","","","","","","","","","","","","","","",""
"33236002","CAP-FERRET",44.630667,-1.252,8,1977030415,"","","","",2.,1,240,1,"","","","","","","","","","","","","","","","","","","","","","","","","","","","",12.8,1,11.,1,"","","","","","","","","","","","","","","","","","","","","","","","","","",91,1,"","","","","","","","","","","","",13.4,1,1029.8,1,"","","","","","",8,1,8,1,"","","","","","","","","","","","","","","","","","","","","","","","","","","","","","",900,1,"","",42,1,4,1,"","","","","","","","","","",3,1,"","","","","","","","","","","","","","","","","","","","","","","","","","","","","","","","","","","","","","","","","","","","","","","","","","","","","",""
"33236002","CAP-FERRET",44.630667,-1.252,8,1977030418,"","","","",1.,1,360,1,"","","","","","","","","","","","","","","","","","","","","","","","","","","","",12.,1,10.8,1,"","","","","","","","","","","","","","","","","","","","","","","","","","",94,1,"","","","","","","","","","","","",13.2,1,1030.2,1,"","","","","","",6,1,5,1,5,1,0,1,2,1,"","","","","","","","","","","","","","","","","","","","","","","","",10000,1,"","",1,1,4,1,"","","","","","","","","","",2,1,"","","","","","","","","","","","","","","","","","","","","","","","","","","","","","","","","","","","","","","","","","","","","","","","","","","","","",""
"33236002","CAP-FERRET",44.630667,-1.252,8,1977030421,"","","","",2.,1,20,1,"","","","","","","","","","","","","","","","","","","","","","","","","","","","",9.8,1,8.8,1,"","","","","","","","","","","","","","","","","","","","","","","","","","",95,1,"","","","","","","","","","","","",11.5,1,1030.2,1,"","","","","","",6,1,5,1,5,1,0,1,2,1,"","","","","","","","","","","","","","","","","","","","","","","","",10000,1,"","",2,1,2,1,"","","","","","","","","","",2,1,"","","","","","","","","","","","","","","","","","","","","","","","","","","","","","","","","","","","","","","","","","","","","","","","","","","","","",""
"33236002","CAP-FERRET",44.630667,-1.252,8,1977030500,"","","","","","","","","","","","","","","","","","","","","","","","","","","","","","","","","","","","","","","","","","","","","","","","","","","","","","","","","","","","","","","","","","","","","","","","","","","","","","","","","","",1030.,1,"","","","","","","","","","","","","","","","","","","","","","","","","","","","","","","","","","","","","","","","","","","","","","","","","","","","","","","","","","","","","","","","","","","","","","","","","","","","","","","","","","","","","","","","","","","","","","","","","","","","","","","","","","","","","","","","","",""
"33236002","CAP-FERRET",44.630667,-1.252,8,1977030503,"","","","",4.,1,60,1,"","","","","","","","","","","","","","","","","","","","","","","","","","","","",8.5,1,8.5,1,"","","","","","","","","","","","","","","","","","","","","","","","","","",100,1,"","","","","","","","","","","","",11.1,1,1029.6,1,"","","","","","",4,1,0,1,0,1,0,1,2,1,"","","","","","","","","","","","","","","","","","","","","","","","",10000,1,"","",0,1,"","","","","","","","","","","","",3,1,270,1,"","","","","","","","","","","","","","","","","","","","","","","","","","","","","","","","","","","","","","","","","","","","","","","","","","","",""
"33236002","CAP-FERRET",44.630667,-1.252,8,1977030506,"","","","",3.,1,60,1,"","","","","","","","","","","","","","","","","","","","","","","","","","","","",7.7,1,7.7,1,"","","","","","","","","","","","","","","","","","","","","","","","","","",100,1,"","","","","","","","","","","","",10.5,1,1028.5,1,"","","","","","",5,1,5,1,0,1,0,1,2,1,"","","","","","","","","","","","","","","","","","","","","","","","",6000,1,"","",0,1,"","","","","","","","","","","","",3,1,270,1,"","","","","","","","","","","","","","","","","","","","","","","","","","","","","","","","","","","","","","","","","","","","","","","","","","","",""
"33236002","CAP-FERRET",44.630667,-1.252,8,1977030509,"","","","",3.,1,60,1,"","","","","","","","","","","","","","","","","","","","","","","","","","","","",9.,1,9.,1,"","","","","","","","","","","","","","","","","","","","","","","","","","",100,1,"","","","","","","","","","","","",11.5,1,1028.3,1,"","","","","","",3,1,0,1,0,1,0,1,2,1,"","","","","","","","","","","","","","","","","","","","","","","","",1000,1,"","",28,1,4,1,"","","","","","","","","","",3,1,270,1,"","","","","","","","","","","","","","","","","","","","","","","","","","","","","","","","","","","","","","","","","","","","","","","","","","","",""
"33236002","CAP-FERRET",44.630667,-1.252,8,1977030512,"","","","",2.,1,40,1,"","","","","","","","","","","","","","","","","","","","","","","","","","","","",14.9,1,11.9,1,"","","","","","","","","","","","","","","","","","","","","","","","","","",84,1,"","","","","","","","","","","","",14.2,1,1027.6,1,"","","","","","",2,1,0,1,0,1,0,1,2,1,"","","","","","","","","","","","","","","","","","","","","","","","",6000,1,"","",2,1,4,1,"","","","","","","","","","",3,1,270,1,"","","","","","","","","","","","","","","","","","","","","","","","","","","","","","","","","","","","","","","","","","","","","","","","","","","",""
"33236002","CAP-FERRET",44.630667,-1.252,8,1977030515,"","","","",4.,1,340,1,"","","","","","","","","","","","","","","","","","","","","","","","","","","","",18.8,1,11.6,1,"","","","","","","","","","","","","","","","","","","","","","","","","","",65,1,"","","","","","","","","","","","",14.,1,1025.3,1,"","","","","","",4,1,0,1,0,1,0,1,2,1,"","","","","","","","","","","","","","","","","","","","","","","","",8000,1,"","",2,1,0,1,"","","","","","","","","","",3,1,270,1,"","","","","","","","","","","","","","","","","","","","","","","","","","","","","","","","","","","","","","","","","","","","","","","","","","","",""
"33236002","CAP-FERRET",44.630667,-1.252,8,1977030518,"","","","",3.,1,40,1,"","","","","","","","","","","","","","","","","","","","","","","","","","","","",16.2,1,12.3,1,"","","","","","","","","","","","","","","","","","","","","","","","","","",79,1,"","","","","","","","","","","","",14.6,1,1024.,1,"","","","","","",4,1,0,1,0,1,0,1,2,1,"","","","","","","","","","","","","","","","","","","","","","","","",9000,1,"","",2,1,0,1,"","","","","","","","","","",3,1,270,1,"","","","","","","","","","","","","","","","","","","","","","","","","","","","","","","","","","","","","","","","","","","","","","","","","","","",""
"33236002","CAP-FERRET",44.630667,-1.252,8,1977030521,"","","","",3.,1,60,1,"","","","","","","","","","","","","","","","","","","","","","","","","","","","",12.8,1,11.3,1,"","","","","","","","","","","","","","","","","","","","","","","","","","",93,1,"","","","","","","","","","","","",13.7,1,1024.1,1,"","","","","","",2,1,0,1,0,1,0,1,2,1,"","","","","","","","","","","","","","","","","","","","","","","","",6000,1,"","",2,1,0,1,"","","","","","","","","","",3,1,270,1,"","","","","","","","","","","","","","","","","","","","","","","","","","","","","","","","","","","","","","","","","","","","","","","","","","","",""
"33236002","CAP-FERRET",44.630667,-1.252,8,1977030600,"","","","","","","","","","","","","","","","","","","","","","","","","","","","","","","","","","","","","","","","","","","","","","","","","","","","","","","","","","","","","","","","","","","","","","","","","","","","","","","","","","",1022.2,1,"","","","","","","","","","","","","","","","","","","","","","","","","","","","","","","","","","","","","","","","","","","","","","","","","","","","","","","","","","","","","","","","","","","","","","","","","","","","","","","","","","","","","","","","","","","","","","","","","","","","","","","","","","","","","","","","","",""
"33236002","CAP-FERRET",44.630667,-1.252,8,1977030603,"","","","",4.,1,80,1,"","","","","","","","","","","","","","","","","","","","","","","","","","","","",10.2,1,8.5,1,"","","","","","","","","","","","","","","","","","","","","","","","","","",91,1,"","","","","","","","","","","","",11.3,1,1021.2,1,"","","","","","",4,1,0,1,0,1,0,1,2,1,"","","","","","","","","","","","","","","","","","","","","","","","",7000,1,"","",0,1,"","","","","","","","","","","","",3,1,270,1,"","","","","","","","","","","","","","","","","","","","","","","","","","","","","","","","","","","","","","","","","","","","","","","","","","","",""
"33236002","CAP-FERRET",44.630667,-1.252,8,1977030606,"","","","",5.,1,80,1,"","","","","","","","","","","","","","","","","","","","","","","","","","","","",10.4,1,8.1,1,"","","","","","","","","","","","","","","","","","","","","","","","","","",87,1,"","","","","","","","","","","","",11.,1,1020.2,1,"","","","","","",0,1,"","",0,1,0,1,0,1,"","","","","","","","","","","","","","","","","","","","","","","","",12000,1,"","",2,1,0,1,"","","","","","","","","","",3,1,270,1,"","","","","","","","","","","","","","","","","","","","","","","","","","","","","","","","","","","","","","","","","","","","","","","","","","","",""
"33236002","CAP-FERRET",44.630667,-1.252,8,1977030609,"","","","",5.,1,80,1,"","","","","","","","","","","","","","","","","","","","","","","","","","","","",13.8,1,9.8,1,"","","","","","","","","","","","","","","","","","","","","","","","","","",78,1,"","","","","","","","","","","","",12.3,1,1019.8,1,"","","","","","",3,1,0,1,0,1,0,1,4,1,"","","","","","","","","","","","","","","","","","","","","","","","",12000,1,"","",3,1,0,1,"","","","","","","","","","",3,1,270,1,"","","","","","","","","","","","","","","","","","","","","","","","","","","","","","","","","","","","","","","","","","","","","","","","","","","",""
"33236002","CAP-FERRET",44.630667,-1.252,8,1977030612,"","","","",3.,1,180,1,"","","","","","","","","","","","","","","","","","","","","","","","","","","","",20.6,1,11.4,1,"","","","","","","","","","","","","","","","","","","","","","","","","","",53,1,"","","","","","","","","","","","",13.8,1,1018.8,1,"","","","","","",0,1,"","",0,1,0,1,0,1,"","","","","","","","","","","","","","","","","","","","","","","","",18000,1,"","",3,1,0,1,"","","","","","","","","","",3,1,270,1,"","","","","","","","","","","","","","","","","","","","","","","","","","","","","","","","","","","","","","","","","","","","","","","","","","","",""
"33236002","CAP-FERRET",44.630667,-1.252,8,1977030615,"","","","",2.,1,220,1,"","","","","","","","","","","","","","","","","","","","","","","","","","","","",21.,1,11.3,1,"","","","","","","","","","","","","","","","","","","","","","","","","","",55,1,"","","","","","","","","","","","",13.7,1,1017.2,1,"","","","","","",5,1,5,1,0,1,0,1,5,1,"","","","","","","","","","","","","","","","","","","","","","","","",14000,1,"","",3,1,1,1,"","","","","","","","","","",3,1,270,1,"","","","","","","","","","","","","","","","","","","","","","","","","","","","","","","","","","","","","","","","","","","","","","","","","","","",""
"33236002","CAP-FERRET",44.630667,-1.252,8,1977030618,"","","","",0.,1,0,1,"","","","","","","","","","","","","","","","","","","","","","","","","","","","",15.8,1,10.8,1,"","","","","","","","","","","","","","","","","","","","","","","","","","",74,1,"","","","","","","","","","","","",13.2,1,1016.8,1,"","","","","","",6,1,6,1,0,1,0,1,5,1,"","","","","","","","","","","","","","","","","","","","","","","","",12000,1,"","",3,1,1,1,"","","","","","","","","","",3,1,270,1,"","","","","","","","","","","","","","","","","","","","","","","","","","","","","","","","","","","","","","","","","","","","","","","","","","","",""
"33236002","CAP-FERRET",44.630667,-1.252,8,1977030621,"","","","",1.,1,160,1,"","","","","","","","","","","","","","","","","","","","","","","","","","","","",11.,1,8.8,1,"","","","","","","","","","","","","","","","","","","","","","","","","","",87,1,"","","","","","","","","","","","",11.5,1,1017.8,1,"","","","","","",0,1,"","",0,1,0,1,0,1,"","","","","","","","","","","","","","","","","","","","","","","","",10000,1,"","",1,1,1,1,"","","","","","","","","","",3,1,270,1,"","","","","","","","","","","","","","","","","","","","","","","","","","","","","","","","","","","","","","","","","","","","","","","","","","","",""
"33236002","CAP-FERRET",44.630667,-1.252,8,1977030700,"","","","","","","","","","","","","","","","","","","","","","","","","","","","","","","","","","","","","","","","","","","","","","","","","","","","","","","","","","","","","","","","","","","","","","","","","","","","","","","","","","",1017.3,1,"","","","","","","","","","","","","","","","","","","","","","","","","","","","","","","","","","","","","","","","","","","","","","","","","","","","","","","","","","","","","","","","","","","","","","","","","","","","","","","","","","","","","","","","","","","","","","","","","","","","","","","","","","","","","","","","","",""
"33236002","CAP-FERRET",44.630667,-1.252,8,1977030703,"","","","",3.,1,120,1,"","","","","","","","","","","","","","","","","","","","","","","","","","","","",10.8,1,9.2,1,"","","","","","","","","","","","","","","","","","","","","","","","","","",91,1,"","","","","","","","","","","","",11.8,1,1017.3,1,"","","","","","",0,1,"","",0,1,0,1,0,1,"","","","","","","","","","","","","","","","","","","","","","","","",10000,1,"","",0,1,"","","","","","","","","","","","",3,1,270,1,"","","","","","","","","","","","","","","","","","","","","","","","","","","","","","","","","","","","","","","","","","","","","","","","","","","",""
"33236002","CAP-FERRET",44.630667,-1.252,8,1977030706,"","","","",4.,1,160,1,"","","","","","","","","","","","","","","","","","","","","","","","","","","","",10.8,1,8.8,1,"","","","","","","","","","","","","","","","","","","","","","","","","","",89,1,"","","","","","","","","","","","",11.5,1,1017.7,1,"","","","","","",0,1,"","",0,1,0,1,0,1,"","","","","","","","","","","","","","","","","","","","","","","","",10000,1,"","",0,1,"","","","","","","","","","","","",3,1,270,1,"","","","","","","","","","","","","","","","","","","","","","","","","","","","","","","","","","","","","","","","","","","","","","","","","","","",""
"33236002","CAP-FERRET",44.630667,-1.252,8,1977030709,"","","","",2.,1,120,1,"","","","","","","","","","","","","","","","","","","","","","","","","","","","",12.9,1,9.8,1,"","","","","","","","","","","","","","","","","","","","","","","","","","",83,1,"","","","","","","","","","","","",12.3,1,1019.5,1,"","","","","","",5,1,5,1,0,1,0,1,2,1,"","","","","","","","","","","","","","","","","","","","","","","","",10000,1,"","",2,1,1,1,"","","","","","","","","","",3,1,270,1,"","","","","","","","","","","","","","","","","","","","","","","","","","","","","","","","","","","","","","","","","","","","","","","","","","","",""
"33236002","CAP-FERRET",44.630667,-1.252,8,1977030712,"","","","",6.,1,240,1,"","","","","","","","","","","","","","","","","","","","","","","","","","","","",15.2,1,12.5,1,"","","","","","","","","","","","","","","","","","","","","","","","","","",86,1,"","","","","","","","","","","","",14.8,1,1021.2,1,"","","","","","",5,1,5,1,0,1,0,1,2,1,"","","","","","","","","","","","","","","","","","","","","","","","",6000,1,"","",2,1,1,1,"","","","","","","","","","",3,1,270,1,"","","","","","","","","","","","","","","","","","","","","","","","","","","","","","","","","","","","","","","","","","","","","","","","","","","",""
"33236002","CAP-FERRET",44.630667,-1.252,8,1977030715,"","","","",6.,1,300,1,"","","","","","","","","","","","","","","","","","","","","","","","","","","","",13.,1,10.8,1,"","","","","","","","","","","","","","","","","","","","","","","","","","",88,1,"","","","","","","","","","","","",13.2,1,1025.7,1,"","","","","","",7,1,7,1,5,1,"","","","","","","","","","","","","","","","","","","","","","","","","","","","",4000,1,"","",10,1,4,1,"","","","","","","","","","",3,1,270,1,"","","","","","","","","","","","","","","","","","","","","","","","","","","","","","","","","","","","","","","","","","","","","","","","","","","",""
"33236002","CAP-FERRET",44.630667,-1.252,8,1977030718,"","","","",7.,1,320,1,"","","","","","","","","","","","","","","","","","","","","","","","","","","","",12.7,1,9.5,1,"","","","","","","","","","","","","","","","","","","","","","","","","","",83,1,"","","","","","","","","","","","",12.1,1,1029.,1,"","","","","","",7,1,7,1,5,1,"","","","","","","","","","","","","","","","","","","","","","","","","","","","",20000,1,"","",2,1,4,1,"","","","","","","","","","",3,1,270,1,"","","","","","","","","","","","","","","","","","","","","","","","","","","","","","","","","","","","","","","","","","","","","","","","","","","",""
"33236002","CAP-FERRET",44.630667,-1.252,8,1977030721,"","","","",2.,1,280,1,"","","","","","","","","","","","","","","","","","","","","","","","","","","","",11.8,1,9.8,1,"","","","","","","","","","","","","","","","","","","","","","","","","","",89,1,"","","","","","","","","","","","",12.3,1,1031.9,1,"","","","","","",6,1,6,1,5,1,0,1,0,1,"","","","","","","","","","","","","","","","","","","","","","","","",15000,1,"","",2,1,2,1,"","","","","","","","","","",3,1,270,1,"","","","","","","","","","","","","","","","","","","","","","","","","","","","","","","","","","","","","","","","","","","","","","","","","","","",""
"33236002","CAP-FERRET",44.630667,-1.252,8,1977030800,"","","","","","","","","","","","","","","","","","","","","","","","","","","","","","","","","","","","","","","","","","","","","","","","","","","","","","","","","","","","","","","","","","","","","","","","","","","","","","","","","","",1031.9,1,"","","","","","","","","","","","","","","","","","","","","","","","","","","","","","","","","","","","","","","","","","","","","","","","","","","","","","","","","","","","","","","","","","","","","","","","","","","","","","","","","","","","","","","","","","","","","","","","","","","","","","","","","","","","","","","","","",""
"33236002","CAP-FERRET",44.630667,-1.252,8,1977030803,"","","","",2.,1,120,1,"","","","","","","","","","","","","","","","","","","","","","","","","","","","",8.2,1,8.2,1,"","","","","","","","","","","","","","","","","","","","","","","","","","",100,1,"","","","","","","","","","","","",10.9,1,1031.4,1,"","","","","","",3,1,0,1,0,1,0,1,2,1,"","","","","","","","","","","","","","","","","","","","","","","","",9000,1,"","",0,1,"","","","","","","","","","","","",2,1,"","","","","","","","","","","","","","","","","","","","","","","","","","","","","","","","","","","","","","","","","","","","","","","","","","","","","",""
"33236002","CAP-FERRET",44.630667,-1.252,8,1977030806,"","","","",2.,1,80,1,"","","","","","","","","","","","","","","","","","","","","","","","","","","","",8.,1,8.,1,"","","","","","","","","","","","","","","","","","","","","","","","","","",100,1,"","","","","","","","","","","","",10.7,1,1031.4,1,"","","","","","",3,1,0,1,0,1,0,1,2,1,"","","","","","","","","","","","","","","","","","","","","","","","",7000,1,"","",2,1,0,1,"","","","","","","","","","",2,1,"","","","","","","","","","","","","","","","","","","","","","","","","","","","","","","","","","","","","","","","","","","","","","","","","","","","","",""
"33236002","CAP-FERRET",44.630667,-1.252,8,1977030809,"","","","",4.,1,80,1,"","","","","","","","","","","","","","","","","","","","","","","","","","","","",10.4,1,7.7,1,"","","","","","","","","","","","","","","","","","","","","","","","","","",84,1,"","","","","","","","","","","","",10.7,1,1031.4,1,"","","","","","",3,1,0,1,0,1,0,1,2,1,"","","","","","","","","","","","","","","","","","","","","","","","",16000,1,"","",2,1,0,1,"","","","","","","","","","",2,1,290,1,"","","","","","","","","","","","","","","","","","","","","","","","","","","","","","","","","","","","","","","","","","","","","","","","","","","",""
"33236002","CAP-FERRET",44.630667,-1.252,8,1977030812,"","","","",6.,1,120,1,"","","","","","","","","","","","","","","","","","","","","","","","","","","","",17.2,1,10.,1,"","","","","","","","","","","","","","","","","","","","","","","","","","",64,1,"","","","","","","","","","","","",12.5,1,1029.2,1,"","","","","","",4,1,0,1,0,1,0,1,2,1,"","","","","","","","","","","","","","","","","","","","","","","","",16000,1,"","",2,1,0,1,"","","","","","","","","","",3,1,290,1,"","","","","","","","","","","","","","","","","","","","","","","","","","","","","","","","","","","","","","","","","","","","","","","","","","","",""
"33236002","CAP-FERRET",44.630667,-1.252,8,1977030815,"","","","",5.,1,180,1,"","","","","","","","","","","","","","","","","","","","","","","","","","","","",22.4,1,10.2,1,"","","","","","","","","","","","","","","","","","","","","","","","","","",47,1,"","","","","","","","","","","","",12.7,1,1026.8,1,"","","","","","",1,1,0,1,0,1,0,1,2,1,"","","","","","","","","","","","","","","","","","","","","","","","","","","","",9,1,0,1,"","","","","","","","","","",3,1,290,1,"","","","","","","","","","","","","","","","","","","","","","","","","","","","","","","","","","","","","","","","","","","","","","","","","","","",""
"33236002","CAP-FERRET",44.630667,-1.252,8,1977030818,"","","","",3.,1,120,1,"","","","","","","","","","","","","","","","","","","","","","","","","","","","",17.8,1,10.9,1,"","","","","","","","","","","","","","","","","","","","","","","","","","",65,1,"","","","","","","","","","","","",13.3,1,1025.,1,"","","","","","",0,1,"","",0,1,0,1,0,1,"","","","","","","","","","","","","","","","","","","","","","","","",14000,1,"","",2,1,0,1,"","","","","","","","","","",3,1,290,1,"","","","","","","","","","","","","","","","","","","","","","","","","","","","","","","","","","","","","","","","","","","","","","","","","","","",""
"33236002","CAP-FERRET",44.630667,-1.252,8,1977030821,"","","","",6.,1,120,1,"","","","","","","","","","","","","","","","","","","","","","","","","","","","",15.2,1,10.,1,"","","","","","","","","","","","","","","","","","","","","","","","","","",73,1,"","","","","","","","","","","","",12.5,1,1023.8,1,"","","","","","",0,1,"","",0,1,0,1,0,1,"","","","","","","","","","","","","","","","","","","","","","","","",12000,1,"","",2,1,0,1,"","","","","","","","","","",3,1,290,1,"","","","","","","","","","","","","","","","","","","","","","","","","","","","","","","","","","","","","","","","","","","","","","","","","","","",""
"33236002","CAP-FERRET",44.630667,-1.252,8,1977030900,"","","","","","","","","","","","","","","","","","","","","","","","","","","","","","","","","","","","","","","","","","","","","","","","","","","","","","","","","","","","","","","","","","","","","","","","","","","","","","","","","","",1023.,1,"","","","","","","","","","","","","","","","","","","","","","","","","","","","","","","","","","","","","","","","","","","","","","","","","","","","","","","","","","","","","","","","","","","","","","","","","","","","","","","","","","","","","","","","","","","","","","","","","","","","","","","","","","","","","","","","","",""
"33236002","CAP-FERRET",44.630667,-1.252,8,1977030903,"","","","",8.,1,160,1,"","","","","","","","","","","","","","","","","","","","","","","","","","","","",10.9,1,8.7,1,"","","","","","","","","","","","","","","","","","","","","","","","","","",88,1,"","","","","","","","","","","","",11.4,1,1020.5,1,"","","","","","",0,1,"","",0,1,0,1,0,1,"","","","","","","","","","","","","","","","","","","","","","","","",10000,1,"","",0,1,"","","","","","","","","","","","",4,1,270,1,"","","","","","","","","","","","","","","","","","","","","","","","","","","","","","","","","","","","","","","","","","","","","","","","","","","",""
"33236002","CAP-FERRET",44.630667,-1.252,8,1977030906,"","","","",7.,1,120,1,"","","","","","","","","","","","","","","","","","","","","","","","","","","","",11.,1,8.8,1,"","","","","","","","","","","","","","","","","","","","","","","","","","",88,1,"","","","","","","","","","","","",11.5,1,1019.7,1,"","","","","","",4,1,0,1,0,1,0,1,2,1,"","","","","","","","","","","","","","","","","","","","","","","","",10000,1,"","",0,1,"","","","","","","","","","","","",4,1,270,1,"","","","","","","","","","","","","","","","","","","","","","","","","","","","","","","","","","","","","","","","","","","","","","","","","","","",""
"33236002","CAP-FERRET",44.630667,-1.252,8,1977030909,"","","","",7.,1,160,1,"","","","","","","","","","","","","","","","","","","","","","","","","","","","",14.2,1,9.2,1,"","","","","","","","","","","","","","","","","","","","","","","","","","",73,1,"","","","","","","","","","","","",11.8,1,1018.9,1,"","","","","","",6,1,6,1,0,1,0,1,2,1,"","","","","","","","","","","","","","","","","","","","","","","","",9000,1,"","",3,1,1,1,"","","","","","","","","","",4,1,270,1,"","","","","","","","","","","","","","","","","","","","","","","","","","","","","","","","","","","","","","","","","","","","","","","","","","","",""
"33236002","CAP-FERRET",44.630667,-1.252,8,1977030912,"","","","",7.,1,160,1,"","","","","","","","","","","","","","","","","","","","","","","","","","","","",15.1,1,9.5,1,"","","","","","","","","","","","","","","","","","","","","","","","","","",70,1,"","","","","","","","","","","","",12.1,1,1018.7,1,"","","","","","",7,1,7,1,5,1,"","","","","","","","","","","","","","","","","","","","","","","","","","","","",9000,1,"","",2,1,1,1,"","","","","","","","","","",4,1,270,1,"","","","","","","","","","","","","","","","","","","","","","","","","","","","","","","","","","","","","","","","","","","","","","","","","","","",""
"33236002","CAP-FERRET",44.630667,-1.252,8,1977030915,"","","","",7.,1,300,1,"","","","","","","","","","","","","","","","","","","","","","","","","","","","",15.,1,10.4,1,"","","","","","","","","","","","","","","","","","","","","","","","","","",75,1,"","","","","","","","","","","","",12.9,1,1021.2,1,"","","","","","",8,1,8,1,5,1,"","","","","","","","","","","","","","","","","","","","","","","","","","","","",6000,1,"","",2,1,2,1,"","","","","","","","","","",4,1,270,1,"","","","","","","","","","","","","","","","","","","","","","","","","","","","","","","","","","","","","","","","","","","","","","","","","","","",""
"33236002","CAP-FERRET",44.630667,-1.252,8,1977030918,"","","","",3.,1,280,1,"","","","","","","","","","","","","","","","","","","","","","","","","","","","",13.2,1,10.1,1,"","","","","","","","","","","","","","","","","","","","","","","","","","",83,1,"","","","","","","","","","","","",12.6,1,1023.8,1,"","","","","","",7,1,6,1,8,1,"","","","","","","","","","","","","","","","","","","","","","","","","","","","",18000,1,"","",2,1,2,1,"","","","","","","","","","",4,1,270,1,"","","","","","","","","","","","","","","","","","","","","","","","","","","","","","","","","","","","","","","","","","","","","","","","","","","",""
"33236002","CAP-FERRET",44.630667,-1.252,8,1977030921,"","","","",3.,1,280,1,"","","","","","","","","","","","","","","","","","","","","","","","","","","","",11.7,1,10.2,1,"","","","","","","","","","","","","","","","","","","","","","","","","","",93,1,"","","","","","","","","","","","",12.7,1,1025.9,1,"","","","","","",3,1,0,1,5,1,0,1,0,1,"","","","","","","","","","","","","","","","","","","","","","","","",15000,1,"","",2,1,1,1,"","","","","","","","","","",3,1,270,1,"","","","","","","","","","","","","","","","","","","","","","","","","","","","","","","","","","","","","","","","","","","","","","","","","","","",""
"33236002","CAP-FERRET",44.630667,-1.252,8,1977031000,"","","","","","","","","","","","","","","","","","","","","","","","","","","","","","","","","","","","","","","","","","","","","","","","","","","","","","","","","","","","","","","","","","","","","","","","","","","","","","","","","","",1024.9,1,"","","","","","","","","","","","","","","","","","","","","","","","","","","","","","","","","","","","","","","","","","","","","","","","","","","","","","","","","","","","","","","","","","","","","","","","","","","","","","","","","","","","","","","","","","","","","","","","","","","","","","","","","","","","","","","","","",""
"33236002","CAP-FERRET",44.630667,-1.252,8,1977031003,"","","","",2.,1,200,1,"","","","","","","","","","","","","","","","","","","","","","","","","","","","",9.,1,9.,1,"","","","","","","","","","","","","","","","","","","","","","","","","","",100,1,"","","","","","","","","","","","",11.5,1,1023.4,1,"","","","","","",3,1,0,1,5,1,0,1,0,1,"","","","","","","","","","","","","","","","","","","","","","","","",10000,1,"","",0,1,"","","","","","","","","","","","",3,1,290,1,"","","","","","","","","","","","","","","","","","","","","","","","","","","","","","","","","","","","","","","","","","","","","","","","","","","",""
"33236002","CAP-FERRET",44.630667,-1.252,8,1977031006,"","","","",2.,1,120,1,"","","","","","","","","","","","","","","","","","","","","","","","","","","","",8.2,1,8.2,1,"","","","","","","","","","","","","","","","","","","","","","","","","","",100,1,"","","","","","","","","","","","",10.9,1,1020.,1,"","","","","","",3,1,0,1,0,1,0,1,2,1,"","","","","","","","","","","","","","","","","","","","","","","","",10000,1,"","",2,1,0,1,"","","","","","","","","","",3,1,290,1,"","","","","","","","","","","","","","","","","","","","","","","","","","","","","","","","","","","","","","","","","","","","","","","","","","","",""
"33236002","CAP-FERRET",44.630667,-1.252,8,1977031009,"","","","",7.,1,120,1,"","","","","","","","","","","","","","","","","","","","","","","","","","","","",10.4,1,8.5,1,"","","","","","","","","","","","","","","","","","","","","","","","","","",90,1,"","","","","","","","","","","","",11.3,1,1016.1,1,"","","","","","",7,1,5,1,0,1,7,1,6,1,"","","","","","","","","","","","","","","","","","","","","","","","",14000,1,"","",3,1,1,1,"","","","","","","","","","",4,1,290,1,"","","","","","","","","","","","","","","","","","","","","","","","","","","","","","","","","","","","","","","","","","","","","","","","","","","",""
"33236002","CAP-FERRET",44.630667,-1.252,8,1977031012,"","","","",4.,1,180,1,"","","","","","","","","","","","","","","","","","","","","","","","","","","","",15.6,1,9.6,1,"","","","","","","","","","","","","","","","","","","","","","","","","","",69,1,"","","","","","","","","","","","",12.2,1,1014.8,1,"","","","","","",6,1,6,1,5,1,0,1,0,1,"","","","","","","","","","","","","","","","","","","","","","","","",18000,1,"","",1,1,2,1,"","","","","","","","","","",4,1,290,1,"","","","","","","","","","","","","","","","","","","","","","","","","","","","","","","","","","","","","","","","","","","","","","","","","","","",""
"33236002","CAP-FERRET",44.630667,-1.252,8,1977031015,"","","","",4.,1,220,1,"","","","","","","","","","","","","","","","","","","","","","","","","","","","",15.8,1,11.4,1,"","","","","","","","","","","","","","","","","","","","","","","","","","",77,1,"","","","","","","","","","","","",13.8,1,1011.9,1,"","","","","","",6,1,6,1,5,1,0,1,0,1,"","","","","","","","","","","","","","","","","","","","","","","","",18000,1,"","",2,1,2,1,"","","","","","","","","","",4,1,290,1,"","","","","","","","","","","","","","","","","","","","","","","","","","","","","","","","","","","","","","","","","","","","","","","","","","","",""
"33236002","CAP-FERRET",44.630667,-1.252,8,1977031018,"","","","",4.,1,200,1,"","","","","","","","","","","","","","","","","","","","","","","","","","","","",14.4,1,10.3,1,"","","","","","","","","","","","","","","","","","","","","","","","","","",78,1,"","","","","","","","","","","","",12.8,1,1010.,1,"","","","","","",7,1,6,1,5,1,0,1,2,1,"","","","","","","","","","","","","","","","","","","","","","","","",16000,1,"","",2,1,2,1,"","","","","","","","","","",4,1,290,1,"","","","","","","","","","","","","","","","","","","","","","","","","","","","","","","","","","","","","","","","","","","","","","","","","","","",""
"33236002","CAP-FERRET",44.630667,-1.252,8,1977031021,"","","","",5.,1,180,1,"","","","","","","","","","","","","","","","","","","","","","","","","","","","",14.,1,5.9,1,"","","","","","","","","","","","","","","","","","","","","","","","","","","","","","","","","","","","","","","","",9.4,1,1008.6,1,"","","","","","",8,1,7,1,5,1,"","","","","","","","","","","","","","","","","","","","","","","","","","","","",16000,1,"","",2,1,2,1,"","","","","","","","","","",4,1,290,1,"","","","","","","","","","","","","","","","","","","","","","","","","","","","","","","","","","","","","","","","","","","","","","","","","","","",""
"33236002","CAP-FERRET",44.630667,-1.252,8,1977031100,"","","","","","","","","","","","","","","","","","","","","","","","","","","","","","","","","","","","","","","","","","","","","","","","","","","","","","","","","","","","","","","","","","","","","","","","","","","","","","","","","","",1008.9,1,"","","","","","","","","","","","","","","","","","","","","","","","","","","","","","","","","","","","","","","","","","","","","","","","","","","","","","","","","","","","","","","","","","","","","","","","","","","","","","","","","","","","","","","","","","","","","","","","","","","","","","","","","","","","","","","","","",""
"33236002","CAP-FERRET",44.630667,-1.252,8,1977031103,"","","","",1.,1,260,1,"","","","","","","","","","","","","","","","","","","","","","","","","","","","",9.5,1,8.3,1,"","","","","","","","","","","","","","","","","","","","","","","","","","",94,1,"","","","","","","","","","","","",11.1,1,1008.9,1,"","","","","","",8,1,8,1,5,1,"","","","","","","","","","","","","","","","","","","","","","","","","","","","",10000,1,"","",61,1,"","","","","","","","","","","","",4,1,290,1,"","","","","","","","","","","","","","","","","","","","","","","","","","","","","","","","","","","","","","","","","","","","","","","","","","","",""
"33236002","CAP-FERRET",44.630667,-1.252,8,1977031106,"","","","",6.,1,260,1,"","","","","","","","","","","","","","","","","","","","","","","","","","","","",10.6,1,9.4,1,"","","","","","","","","","","","","","","","","","","","","","","","","","",94,1,"","","","","","","","","","","","",12.,1,1009.3,1,"","","","","","",4,1,0,1,2,1,0,1,0,1,"","","","","","","","","","","","","","","","","","","","","","","","",10000,1,"","",0,1,"","","","","","","","","","","","",4,1,290,1,"","","","","","","","","","","","","","","","","","","","","","","","","","","","","","","","","","","","","","","","","","","","","","","","","","","",""
"33236002","CAP-FERRET",44.630667,-1.252,8,1977031109,"","","","",7.,1,280,1,"","","","","","","","","","","","","","","","","","","","","","","","","","","","",12.4,1,8.,1,"","","","","","","","","","","","","","","","","","","","","","","","","","",76,1,"","","","","","","","","","","","",10.9,1,1010.5,1,"","","","","","",6,1,6,1,2,1,0,1,0,1,"","","","","","","","","","","","","","","","","","","","","","","","",15000,1,"","",2,1,1,1,"","","","","","","","","","",4,1,290,1,"","","","","","","","","","","","","","","","","","","","","","","","","","","","","","","","","","","","","","","","","","","","","","","","","","","",""
"33236002","CAP-FERRET",44.630667,-1.252,8,1977031112,"","","","",8.,1,280,1,"","","","","","","","","","","","","","","","","","","","","","","","","","","","",14.,1,9.9,1,"","","","","","","","","","","","","","","","","","","","","","","","","","",78,1,"","","","","","","","","","","","",12.4,1,1010.8,1,"","","","","","",6,1,6,1,2,1,0,1,0,1,"","","","","","","","","","","","","","","","","","","","","","","","",12000,1,"","",2,1,1,1,"","","","","","","","","","",4,1,270,1,"","","","","","","","","","","","","","","","","","","","","","","","","","","","","","","","","","","","","","","","","","","","","","","","","","","",""
"33236002","CAP-FERRET",44.630667,-1.252,8,1977031115,"","","","",7.,1,300,1,"","","","","","","","","","","","","","","","","","","","","","","","","","","","",14.,1,9.3,1,"","","","","","","","","","","","","","","","","","","","","","","","","","",75,1,"","","","","","","","","","","","",11.9,1,1010.3,1,"","","","","","",5,1,0,1,2,1,0,1,2,1,"","","","","","","","","","","","","","","","","","","","","","","","",15000,1,"","",2,1,2,1,"","","","","","","","","","",4,1,270,1,"","","","","","","","","","","","","","","","","","","","","","","","","","","","","","","","","","","","","","","","","","","","","","","","","","","",""
"33236002","CAP-FERRET",44.630667,-1.252,8,1977031118,"","","","",5.,1,300,1,"","","","","","","","","","","","","","","","","","","","","","","","","","","","",11.,1,7.7,1,"","","","","","","","","","","","","","","","","","","","","","","","","","",81,1,"","","","","","","","","","","","",10.7,1,1010.2,1,"","","","","","",3,1,0,1,0,1,0,1,2,1,"","","","","","","","","","","","","","","","","","","","","","","","",15000,1,"","",2,1,1,1,"","","","","","","","","","",4,1,270,1,"","","","","","","","","","","","","","","","","","","","","","","","","","","","","","","","","","","","","","","","","","","","","","","","","","","",""
"33236002","CAP-FERRET",44.630667,-1.252,8,1977031121,"","","","",6.,1,280,1,"","","","","","","","","","","","","","","","","","","","","","","","","","","","",10.4,1,6.6,1,"","","","","","","","","","","","","","","","","","","","","","","","","","",78,1,"","","","","","","","","","","","",9.9,1,1010.6,1,"","","","","","",7,1,7,1,0,1,0,1,2,1,"","","","","","","","","","","","","","","","","","","","","","","","",10000,1,"","",2,1,1,1,"","","","","","","","","","",4,1,270,1,"","","","","","","","","","","","","","","","","","","","","","","","","","","","","","","","","","","","","","","","","","","","","","","","","","","",""
"33236002","CAP-FERRET",44.630667,-1.252,8,1977031200,"","","","","","","","","","","","","","","","","","","","","","","","","","","","","","","","","","","","","","","","","","","","","","","","","","","","","","","","","","","","","","","","","","","","","","","","","","","","","","","","","","",1010.9,1,"","","","","","","","","","","","","","","","","","","","","","","","","","","","","","","","","","","","","","","","","","","","","","","","","","","","","","","","","","","","","","","","","","","","","","","","","","","","","","","","","","","","","","","","","","","","","","","","","","","","","","","","","","","","","","","","","",""
"33236002","CAP-FERRET",44.630667,-1.252,8,1977031203,"","","","",9.,1,260,1,"","","","","","","","","","","","","","","","","","","","","","","","","","","","",9.2,1,6.5,1,"","","","","","","","","","","","","","","","","","","","","","","","","","",84,1,"","","","","","","","","","","","",9.8,1,1010.9,1,"","","","","","",4,1,0,1,8,1,7,1,3,1,"","","","","","","","","","","","","","","","","","","","","","","","",14000,1,"","",0,1,"","","","","","","","","","","","",4,1,270,1,"","","","","","","","","","","","","","","","","","","","","","","","","","","","","","","","","","","","","","","","","","","","","","","","","","","",""
"33236002","CAP-FERRET",44.630667,-1.252,8,1977031206,"","","","",11.,1,280,1,"","","","","","","","","","","","","","","","","","","","","","","","","","","","",10.,1,4.,1,"","","","","","","","","","","","","","","","","","","","","","","","","","",67,1,"","","","","","","","","","","","",8.2,1,1011.8,1,"","","","","","",6,1,0,1,8,1,7,1,3,1,"","","","","","","","","","","","","","","","","","","","","","","","",16000,1,"","",2,1,2,1,"","","","","","","","","","",5,1,270,1,"","","","","","","","","","","","","","","","","","","","","","","","","","","","","","","","","","","","","","","","","","","","","","","","","","","",""
"33236002","CAP-FERRET",44.630667,-1.252,8,1977031209,"","","","",9.,1,300,1,"","","","","","","","","","","","","","","","","","","","","","","","","","","","",10.,1,7.3,1,"","","","","","","","","","","","","","","","","","","","","","","","","","",84,1,"","","","","","","","","","","","",10.4,1,1014.6,1,"","","","","","",7,1,5,1,9,1,7,1,3,1,"","","","","","","","","","","","","","","","","","","","","","","","",12000,1,"","",15,1,8,1,"","","","","","","","","","",5,1,270,1,"","","","","","","","","","","","","","","","","","","","","","","","","","","","","","","","","","","","","","","","","","","","","","","","","","","",""
"33236002","CAP-FERRET",44.630667,-1.252,8,1977031212,"","","","",11.,1,300,1,"","","","","","","","","","","","","","","","","","","","","","","","","","","","",13.,1,10.4,1,"","","","","","","","","","","","","","","","","","","","","","","","","","",86,1,"","","","","","","","","","","","",12.9,1,1016.2,1,"","","","","","",5,1,5,1,8,1,0,1,0,1,"","","","","","","","","","","","","","","","","","","","","","","","",20000,1,"","",1,1,8,1,"","","","","","","","","","",5,1,270,1,"","","","","","","","","","","","","","","","","","","","","","","","","","","","","","","","","","","","","","","","","","","","","","","","","","","",""
"33236002","CAP-FERRET",44.630667,-1.252,8,1977031215,"","","","",9.,1,280,1,"","","","","","","","","","","","","","","","","","","","","","","","","","","","",13.2,1,8.1,1,"","","","","","","","","","","","","","","","","","","","","","","","","","",75,1,"","","","","","","","","","","","",11.,1,1016.2,1,"","","","","","",4,1,0,1,2,1,0,1,0,1,"","","","","","","","","","","","","","","","","","","","","","","","",20000,1,"","",1,1,1,1,"","","","","","","","","","",5,1,270,1,"","","","","","","","","","","","","","","","","","","","","","","","","","","","","","","","","","","","","","","","","","","","","","","","","","","",""
"33236002","CAP-FERRET",44.630667,-1.252,8,1977031218,"","","","",7.,1,240,1,"","","","","","","","","","","","","","","","","","","","","","","","","","","","",11.,1,7.5,1,"","","","","","","","","","","","","","","","","","","","","","","","","","",80,1,"","","","","","","","","","","","",10.5,1,1016.6,1,"","","","","","",6,1,6,1,9,1,0,1,0,1,"","","","","","","","","","","","","","","","","","","","","","","","",20000,1,"","",3,1,1,1,"","","","","","","","","","",4,1,270,1,"","","","","","","","","","","","","","","","","","","","","","","","","","","","","","","","","","","","","","","","","","","","","","","","","","","",""
"33236002","CAP-FERRET",44.630667,-1.252,8,1977031221,"","","","",5.,1,220,1,"","","","","","","","","","","","","","","","","","","","","","","","","","","","",11.4,1,7.3,1,"","","","","","","","","","","","","","","","","","","","","","","","","","",77,1,"","","","","","","","","","","","",10.4,1,1016.8,1,"","","","","","",8,1,5,1,8,1,7,1,"","","","","","","","","","","","","","","","","","","","","","","","","","",18000,1,"","",3,1,2,1,"","","","","","","","","","",4,1,270,1,"","","","","","","","","","","","","","","","","","","","","","","","","","","","","","","","","","","","","","","","","","","","","","","","","","","",""
"33236002","CAP-FERRET",44.630667,-1.252,8,1977031300,"","","","","","","","","","","","","","","","","","","","","","","","","","","","","","","","","","","","","","","","","","","","","","","","","","","","","","","","","","","","","","","","","","","","","","","","","","","","","","","","","","",1016.9,1,"","","","","","","","","","","","","","","","","","","","","","","","","","","","","","","","","","","","","","","","","","","","","","","","","","","","","","","","","","","","","","","","","","","","","","","","","","","","","","","","","","","","","","","","","","","","","","","","","","","","","","","","","","","","","","","","","",""
"33236002","CAP-FERRET",44.630667,-1.252,8,1977031303,"","","","",13.,1,280,1,"","","","","","","","","","","","","","","","","","","","","","","","","","","","",11.,1,8.8,1,"","","","","","","","","","","","","","","","","","","","","","","","","","",87,1,"","","","","","","","","","","","",11.5,1,1015.8,1,"","","","","","",8,1,8,1,8,1,"","","","","","","","","","","","","","","","","","","","","","","","","","","","",10000,1,"","",0,1,"","","","","","","","","","","","",4,1,270,1,"","","","","","","","","","","","","","","","","","","","","","","","","","","","","","","","","","","","","","","","","","","","","","","","","","","",""
"33236002","CAP-FERRET",44.630667,-1.252,8,1977031306,"","","","",12.,1,280,1,"","","","","","","","","","","","","","","","","","","","","","","","","","","","",12.4,1,9.4,1,"","","","","","","","","","","","","","","","","","","","","","","","","","",84,1,"","","","","","","","","","","","",12.,1,1017.1,1,"","","","","","",8,1,8,1,8,1,"","","","","","","","","","","","","","","","","","","","","","","","","","","","",10000,1,"","",0,1,"","","","","","","","","","","","",4,1,270,1,"","","","","","","","","","","","","","","","","","","","","","","","","","","","","","","","","","","","","","","","","","","","","","","","","","","",""
"33236002","CAP-FERRET",44.630667,-1.252,8,1977031309,"","","","",10.,1,260,1,"","","","","","","","","","","","","","","","","","","","","","","","","","","","",12.1,1,10.1,1,"","","","","","","","","","","","","","","","","","","","","","","","","","",89,1,"","","","","","","","","","","","",12.6,1,1019.1,1,"","","","","","",8,1,8,1,7,1,"","","","","","","","","","","","","","","","","","","","","","","","","","","","",6000,1,"","",60,1,6,1,"","","","","","","","","","",4,1,270,1,"","","","","","","","","","","","","","","","","","","","","","","","","","","","","","","","","","","","","","","","","","","","","","","","","","","",""
"33236002","CAP-FERRET",44.630667,-1.252,8,1977031312,"","","","",6.,1,260,1,"","","","","","","","","","","","","","","","","","","","","","","","","","","","",14.5,1,10.2,1,"","","","","","","","","","","","","","","","","","","","","","","","","","",77,1,"","","","","","","","","","","","",12.7,1,1019.7,1,"","","","","","",7,1,7,1,0,1,3,1,2,1,"","","","","","","","","","","","","","","","","","","","","","","","",15000,1,"","",2,1,6,1,"","","","","","","","","","",4,1,270,1,"","","","","","","","","","","","","","","","","","","","","","","","","","","","","","","","","","","","","","","","","","","","","","","","","","","",""
"33236002","CAP-FERRET",44.630667,-1.252,8,1977031315,"","","","",5.,1,200,1,"","","","","","","","","","","","","","","","","","","","","","","","","","","","",14.6,1,11.3,1,"","","","","","","","","","","","","","","","","","","","","","","","","","",83,1,"","","","","","","","","","","","",13.7,1,1018.7,1,"","","","","","",7,1,7,1,2,1,0,1,2,1,"","","","","","","","","","","","","","","","","","","","","","","","",9000,1,"","",2,1,2,1,"","","","","","","","","","",4,1,270,1,"","","","","","","","","","","","","","","","","","","","","","","","","","","","","","","","","","","","","","","","","","","","","","","","","","","",""
"33236002","CAP-FERRET",44.630667,-1.252,8,1977031318,"","","","",6.,1,200,1,"","","","","","","","","","","","","","","","","","","","","","","","","","","","",13.7,1,8.5,1,"","","","","","","","","","","","","","","","","","","","","","","","","","",72,1,"","","","","","","","","","","","",11.3,1,1017.,1,"","","","","","",8,1,8,1,5,1,"","","","","","","","","","","","","","","","","","","","","","","","","","","","",6000,1,"","",2,1,2,1,"","","","","","","","","","",4,1,270,1,"","","","","","","","","","","","","","","","","","","","","","","","","","","","","","","","","","","","","","","","","","","","","","","","","","","",""
"33236002","CAP-FERRET",44.630667,-1.252,8,1977031321,"","","","",7.,1,220,1,"","","","","","","","","","","","","","","","","","","","","","","","","","","","",13.4,1,9.9,1,"","","","","","","","","","","","","","","","","","","","","","","","","","",81,1,"","","","","","","","","","","","",12.4,1,1015.9,1,"","","","","","",8,1,8,1,5,1,"","","","","","","","","","","","","","","","","","","","","","","","","","","","",5000,1,"","",2,1,2,1,"","","","","","","","","","",4,1,270,1,"","","","","","","","","","","","","","","","","","","","","","","","","","","","","","","","","","","","","","","","","","","","","","","","","","","",""
"33236002","CAP-FERRET",44.630667,-1.252,8,1977031400,"","","","","","","","","","","","","","","","","","","","","","","","","","","","","","","","","","","","","","","","","","","","","","","","","","","","","","","","","","","","","","","","","","","","","","","","","","","","","","","","","","",1018.1,1,"","","","","","","","","","","","","","","","","","","","","","","","","","","","","","","","","","","","","","","","","","","","","","","","","","","","","","","","","","","","","","","","","","","","","","","","","","","","","","","","","","","","","","","","","","","","","","","","","","","","","","","","","","","","","","","","","",""
"33236002","CAP-FERRET",44.630667,-1.252,8,1977031403,"","","","",11.,1,280,1,"","","","","","","","","","","","","","","","","","","","","","","","","","","","",12.,1,7.7,1,"","","","","","","","","","","","","","","","","","","","","","","","","","",76,1,"","","","","","","","","","","","",10.7,1,1019.1,1,"","","","","","",8,1,8,1,8,1,"","","","","","","","","","","","","","","","","","","","","","","","","","","","",14000,1,"","",0,1,"","","","","","","","","","","","",5,1,270,1,"","","","","","","","","","","","","","","","","","","","","","","","","","","","","","","","","","","","","","","","","","","","","","","","","","","",""
"33236002","CAP-FERRET",44.630667,-1.252,8,1977031406,"","","","",11.,1,300,1,"","","","","","","","","","","","","","","","","","","","","","","","","","","","",11.,1,6.6,1,"","","","","","","","","","","","","","","","","","","","","","","","","","",75,1,"","","","","","","","","","","","",9.9,1,1021.7,1,"","","","","","",8,1,8,1,8,1,7,1,"","","","","","","","","","","","","","","","","","","","","","","","","","",14000,1,"","",2,1,2,1,"","","","","","","","","","",5,1,270,1,"","","","","","","","","","","","","","","","","","","","","","","","","","","","","","","","","","","","","","","","","","","","","","","","","","","",""
"33236002","CAP-FERRET",44.630667,-1.252,8,1977031409,"","","","",9.,1,300,1,"","","","","","","","","","","","","","","","","","","","","","","","","","","","",11.8,1,7.5,1,"","","","","","","","","","","","","","","","","","","","","","","","","","",76,1,"","","","","","","","","","","","",10.5,1,1025.3,1,"","","","","","",5,1,5,1,5,1,0,1,0,1,"","","","","","","","","","","","","","","","","","","","","","","","",18000,1,"","",1,1,2,1,"","","","","","","","","","",5,1,270,1,"","","","","","","","","","","","","","","","","","","","","","","","","","","","","","","","","","","","","","","","","","","","","","","","","","","",""
"33236002","CAP-FERRET",44.630667,-1.252,8,1977031412,"","","","",8.,1,280,1,"","","","","","","","","","","","","","","","","","","","","","","","","","","","",13.,1,8.4,1,"","","","","","","","","","","","","","","","","","","","","","","","","","",75,1,"","","","","","","","","","","","",11.2,1,1027.3,1,"","","","","","",2,1,0,1,8,1,0,1,0,1,"","","","","","","","","","","","","","","","","","","","","","","","",20000,1,"","",1,1,1,1,"","","","","","","","","","",5,1,270,1,"","","","","","","","","","","","","","","","","","","","","","","","","","","","","","","","","","","","","","","","","","","","","","","","","","","",""
"33236002","CAP-FERRET",44.630667,-1.252,8,1977031415,"","","","",8.,1,280,1,"","","","","","","","","","","","","","","","","","","","","","","","","","","","",14.2,1,9.3,1,"","","","","","","","","","","","","","","","","","","","","","","","","","",74,1,"","","","","","","","","","","","",11.9,1,1027.3,1,"","","","","","",1,1,0,1,2,1,0,1,0,1,"","","","","","","","","","","","","","","","","","","","","","","","",20000,1,"","",1,1,0,1,"","","","","","","","","","",5,1,270,1,"","","","","","","","","","","","","","","","","","","","","","","","","","","","","","","","","","","","","","","","","","","","","","","","","","","",""
"33236002","CAP-FERRET",44.630667,-1.252,8,1977031418,"","","","",2.,1,280,1,"","","","","","","","","","","","","","","","","","","","","","","","","","","","",11.,1,9.5,1,"","","","","","","","","","","","","","","","","","","","","","","","","","",92,1,"","","","","","","","","","","","",12.1,1,1028.1,1,"","","","","","",1,1,0,1,2,1,0,1,0,1,"","","","","","","","","","","","","","","","","","","","","","","","",20000,1,"","",2,1,0,1,"","","","","","","","","","",5,1,270,1,"","","","","","","","","","","","","","","","","","","","","","","","","","","","","","","","","","","","","","","","","","","","","","","","","","","",""
"33236002","CAP-FERRET",44.630667,-1.252,8,1977031421,"","","","",2.,1,240,1,"","","","","","","","","","","","","","","","","","","","","","","","","","","","",7.2,1,5.8,1,"","","","","","","","","","","","","","","","","","","","","","","","","","",91,1,"","","","","","","","","","","","",9.3,1,1029.3,1,"","","","","","",0,1,"","",0,1,0,1,0,1,"","","","","","","","","","","","","","","","","","","","","","","","",15000,1,"","",2,1,0,1,"","","","","","","","","","",4,1,270,1,"","","","","","","","","","","","","","","","","","","","","","","","","","","","","","","","","","","","","","","","","","","","","","","","","","","",""
"33236002","CAP-FERRET",44.630667,-1.252,8,1977031500,"","","","","","","","","","","","","","","","","","","","","","","","","","","","","","","","","","","","","","","","","","","","","","","","","","","","","","","","","","","","","","","","","","","","","","","","","","","","","","","","","","",1029.2,1,"","","","","","","","","","","","","","","","","","","","","","","","","","","","","","","","","","","","","","","","","","","","","","","","","","","","","","","","","","","","","","","","","","","","","","","","","","","","","","","","","","","","","","","","","","","","","","","","","","","","","","","","","","","","","","","","","",""
"33236002","CAP-FERRET",44.630667,-1.252,8,1977031503,"","","","",4.,1,120,1,"","","","","","","","","","","","","","","","","","","","","","","","","","","","",6.7,1,5.5,1,"","","","","","","","","","","","","","","","","","","","","","","","","","",93,1,"","","","","","","","","","","","",9.1,1,1027.8,1,"","","","","","",0,1,"","",0,1,0,1,0,1,"","","","","","","","","","","","","","","","","","","","","","","","",10000,1,"","",0,1,"","","","","","","","","","","","",4,1,270,1,"","","","","","","","","","","","","","","","","","","","","","","","","","","","","","","","","","","","","","","","","","","","","","","","","","","",""
"33236002","CAP-FERRET",44.630667,-1.252,8,1977031506,"","","","",6.,1,100,1,"","","","","","","","","","","","","","","","","","","","","","","","","","","","",6.4,1,4.2,1,"","","","","","","","","","","","","","","","","","","","","","","","","","",86,1,"","","","","","","","","","","","",8.3,1,1025.3,1,"","","","","","",0,1,"","",0,1,0,1,0,1,"","","","","","","","","","","","","","","","","","","","","","","","",10000,1,"","",0,1,"","","","","","","","","","","","",4,1,270,1,"","","","","","","","","","","","","","","","","","","","","","","","","","","","","","","","","","","","","","","","","","","","","","","","","","","",""
"33236002","CAP-FERRET",44.630667,-1.252,8,1977031509,"","","","",7.,1,120,1,"","","","","","","","","","","","","","","","","","","","","","","","","","","","",10.4,1,6.4,1,"","","","","","","","","","","","","","","","","","","","","","","","","","",77,1,"","","","","","","","","","","","",9.7,1,1024.8,1,"","","","","","",6,1,6,1,0,1,0,1,2,1,"","","","","","","","","","","","","","","","","","","","","","","","",20000,1,"","",2,1,1,1,"","","","","","","","","","",4,1,270,1,"","","","","","","","","","","","","","","","","","","","","","","","","","","","","","","","","","","","","","","","","","","","","","","","","","","",""
"33236002","CAP-FERRET",44.630667,-1.252,8,1977031512,"","","","",6.,1,160,1,"","","","","","","","","","","","","","","","","","","","","","","","","","","","",17.2,1,7.1,1,"","","","","","","","","","","","","","","","","","","","","","","","","","",52,1,"","","","","","","","","","","","",10.2,1,1022.9,1,"","","","","","",6,1,6,1,0,1,0,1,2,1,"","","","","","","","","","","","","","","","","","","","","","","","",20000,1,"","",2,1,1,1,"","","","","","","","","","",4,1,270,1,"","","","","","","","","","","","","","","","","","","","","","","","","","","","","","","","","","","","","","","","","","","","","","","","","","","",""
"33236002","CAP-FERRET",44.630667,-1.252,8,1977031515,"","","","",1.,1,220,1,"","","","","","","","","","","","","","","","","","","","","","","","","","","","",16.6,1,12.2,1,"","","","","","","","","","","","","","","","","","","","","","","","","","",77,1,"","","","","","","","","","","","",14.5,1,1021.2,1,"","","","","","",7,1,7,1,0,1,2,1,"","","","","","","","","","","","","","","","","","","","","","","","","","",7000,1,"","",2,1,2,1,"","","","","","","","","","",4,1,270,1,"","","","","","","","","","","","","","","","","","","","","","","","","","","","","","","","","","","","","","","","","","","","","","","","","","","",""
"33236002","CAP-FERRET",44.630667,-1.252,8,1977031518,"","","","",4.,1,120,1,"","","","","","","","","","","","","","","","","","","","","","","","","","","","",16.4,1,10.6,1,"","","","","","","","","","","","","","","","","","","","","","","","","","",70,1,"","","","","","","","","","","","",13.,1,1019.4,1,"","","","","","",7,1,7,1,0,1,2,1,"","","","","","","","","","","","","","","","","","","","","","","","","","",15000,1,"","",2,1,2,1,"","","","","","","","","","",4,1,270,1,"","","","","","","","","","","","","","","","","","","","","","","","","","","","","","","","","","","","","","","","","","","","","","","","","","","",""
"33236002","CAP-FERRET",44.630667,-1.252,8,1977031521,"","","","",6.,1,120,1,"","","","","","","","","","","","","","","","","","","","","","","","","","","","",14.6,1,10.2,1,"","","","","","","","","","","","","","","","","","","","","","","","","","",76,1,"","","","","","","","","","","","",12.7,1,1018.2,1,"","","","","","",0,1,"","",0,1,0,1,0,1,"","","","","","","","","","","","","","","","","","","","","","","","",10000,1,"","",2,1,1,1,"","","","","","","","","","",4,1,270,1,"","","","","","","","","","","","","","","","","","","","","","","","","","","","","","","","","","","","","","","","","","","","","","","","","","","",""
"33236002","CAP-FERRET",44.630667,-1.252,8,1977031600,"","","","","","","","","","","","","","","","","","","","","","","","","","","","","","","","","","","","","","","","","","","","","","","","","","","","","","","","","","","","","","","","","","","","","","","","","","","","","","","","","","",1018.2,1,"","","","","","","","","","","","","","","","","","","","","","","","","","","","","","","","","","","","","","","","","","","","","","","","","","","","","","","","","","","","","","","","","","","","","","","","","","","","","","","","","","","","","","","","","","","","","","","","","","","","","","","","","","","","","","","","","",""
"33236002","CAP-FERRET",44.630667,-1.252,8,1977031603,"","","","",6.,1,160,1,"","","","","","","","","","","","","","","","","","","","","","","","","","","","",13.,1,9.6,1,"","","","","","","","","","","","","","","","","","","","","","","","","","",81,1,"","","","","","","","","","","","",12.2,1,1017.2,1,"","","","","","",8,1,8,1,5,1,"","","","","","","","","","","","","","","","","","","","","","","","","","","","",12000,1,"","",0,1,"","","","","","","","","","","","",4,1,270,1,"","","","","","","","","","","","","","","","","","","","","","","","","","","","","","","","","","","","","","","","","","","","","","","","","","","",""
"33236002","CAP-FERRET",44.630667,-1.252,8,1977031606,"","","","",7.,1,120,1,"","","","","","","","","","","","","","","","","","","","","","","","","","","","",10.8,1,7.7,1,"","","","","","","","","","","","","","","","","","","","","","","","","","",82,1,"","","","","","","","","","","","",10.7,1,1016.4,1,"","","","","","",3,1,0,1,5,1,0,1,1,1,"","","","","","","","","","","","","","","","","","","","","","","","",12000,1,"","",1,1,1,1,"","","","","","","","","","",4,1,270,1,"","","","","","","","","","","","","","","","","","","","","","","","","","","","","","","","","","","","","","","","","","","","","","","","","","","",""
"33236002","CAP-FERRET",44.630667,-1.252,8,1977031609,"","","","",8.,1,180,1,"","","","","","","","","","","","","","","","","","","","","","","","","","","","",15.2,1,8.3,1,"","","","","","","","","","","","","","","","","","","","","","","","","","",64,1,"","","","","","","","","","","","",11.1,1,1016.8,1,"","","","","","",6,1,6,1,0,1,0,1,6,1,"","","","","","","","","","","","","","","","","","","","","","","","",12000,1,"","",3,1,1,1,"","","","","","","","","","",4,1,270,1,"","","","","","","","","","","","","","","","","","","","","","","","","","","","","","","","","","","","","","","","","","","","","","","","","","","",""
"33236002","CAP-FERRET",44.630667,-1.252,8,1977031612,"","","","",8.,1,200,1,"","","","","","","","","","","","","","","","","","","","","","","","","","","","",20.2,1,9.2,1,"","","","","","","","","","","","","","","","","","","","","","","","","","",50,1,"","","","","","","","","","","","",11.8,1,1016.3,1,"","","","","","",7,1,7,1,0,1,5,1,"","","","","","","","","","","","","","","","","","","","","","","","","","",12000,1,"","",3,1,1,1,"","","","","","","","","","",4,1,270,1,"","","","","","","","","","","","","","","","","","","","","","","","","","","","","","","","","","","","","","","","","","","","","","","","","","","",""
"33236002","CAP-FERRET",44.630667,-1.252,8,1977031615,"","","","",9.,1,300,1,"","","","","","","","","","","","","","","","","","","","","","","","","","","","",18.2,1,14.,1,"","","","","","","","","","","","","","","","","","","","","","","","","","",78,1,"","","","","","","","","","","","",16.4,1,1014.2,1,"","","","","","",7,1,7,1,5,1,"","","","","","","","","","","","","","","","","","","","","","","","","","","","",12000,1,"","",2,1,2,1,"","","","","","","","","","",4,1,270,1,"","","","","","","","","","","","","","","","","","","","","","","","","","","","","","","","","","","","","","","","","","","","","","","","","","","",""
"33236002","CAP-FERRET",44.630667,-1.252,8,1977031618,"","","","",7.,1,340,1,"","","","","","","","","","","","","","","","","","","","","","","","","","","","",13.6,1,9.9,1,"","","","","","","","","","","","","","","","","","","","","","","","","","",80,1,"","","","","","","","","","","","",12.4,1,1016.3,1,"","","","","","",6,1,6,1,0,1,5,1,2,1,"","","","","","","","","","","","","","","","","","","","","","","","",16000,1,"","",1,1,2,1,"","","","","","","","","","",4,1,270,1,"","","","","","","","","","","","","","","","","","","","","","","","","","","","","","","","","","","","","","","","","","","","","","","","","","","",""
"33236002","CAP-FERRET",44.630667,-1.252,8,1977031621,"","","","",5.,1,340,1,"","","","","","","","","","","","","","","","","","","","","","","","","","","","",12.2,1,8.8,1,"","","","","","","","","","","","","","","","","","","","","","","","","","",81,1,"","","","","","","","","","","","",11.5,1,1019.3,1,"","","","","","",4,1,0,1,0,1,0,1,2,1,"","","","","","","","","","","","","","","","","","","","","","","","",15000,1,"","",2,1,1,1,"","","","","","","","","","",4,1,270,1,"","","","","","","","","","","","","","","","","","","","","","","","","","","","","","","","","","","","","","","","","","","","","","","","","","","",""
"33236002","CAP-FERRET",44.630667,-1.252,8,1977031700,"","","","","","","","","","","","","","","","","","","","","","","","","","","","","","","","","","","","","","","","","","","","","","","","","","","","","","","","","","","","","","","","","","","","","","","","","","","","","","","","","","",1020.1,1,"","","","","","","","","","","","","","","","","","","","","","","","","","","","","","","","","","","","","","","","","","","","","","","","","","","","","","","","","","","","","","","","","","","","","","","","","","","","","","","","","","","","","","","","","","","","","","","","","","","","","","","","","","","","","","","","","",""
"33236002","CAP-FERRET",44.630667,-1.252,8,1977031703,"","","","",2.,1,340,1,"","","","","","","","","","","","","","","","","","","","","","","","","","","","",11.,1,6.6,1,"","","","","","","","","","","","","","","","","","","","","","","","","","",75,1,"","","","","","","","","","","","",9.9,1,1020.6,1,"","","","","","",7,1,7,1,5,1,"","","","","","","","","","","","","","","","","","","","","","","","","","","","",10000,1,"","",0,1,"","","","","","","","","","","","",4,1,270,1,"","","","","","","","","","","","","","","","","","","","","","","","","","","","","","","","","","","","","","","","","","","","","","","","","","","",""
"33236002","CAP-FERRET",44.630667,-1.252,8,1977031706,"","","","",1.,1,300,1,"","","","","","","","","","","","","","","","","","","","","","","","","","","","",9.6,1,7.7,1,"","","","","","","","","","","","","","","","","","","","","","","","","","",90,1,"","","","","","","","","","","","",10.7,1,1021.,1,"","","","","","",7,1,7,1,5,1,"","","","","","","","","","","","","","","","","","","","","","","","","","","","",10000,1,"","",60,1,"","","","","","","","","","","","",4,1,270,1,"","","","","","","","","","","","","","","","","","","","","","","","","","","","","","","","","","","","","","","","","","","","","","","","","","","",""
"33236002","CAP-FERRET",44.630667,-1.252,8,1977031709,"","","","",3.,1,120,1,"","","","","","","","","","","","","","","","","","","","","","","","","","","","",9.6,1,7.1,1,"","","","","","","","","","","","","","","","","","","","","","","","","","",86,1,"","","","","","","","","","","","",10.2,1,1021.1,1,"","","","","","",7,1,7,1,5,1,"","","","","","","","","","","","","","","","","","","","","","","","","","","","",18000,1,"","",60,1,6,1,"","","","","","","","","","",4,1,270,1,"","","","","","","","","","","","","","","","","","","","","","","","","","","","","","","","","","","","","","","","","","","","","","","","","","","",""
"33236002","CAP-FERRET",44.630667,-1.252,8,1977031712,"","","","",1.,1,260,1,"","","","","","","","","","","","","","","","","","","","","","","","","","","","",13.9,1,7.7,1,"","","","","","","","","","","","","","","","","","","","","","","","","","",67,1,"","","","","","","","","","","","",10.7,1,1020.6,1,"","","","","","",6,1,6,1,5,1,0,1,0,1,"","","","","","","","","","","","","","","","","","","","","","","","",18000,1,"","",2,1,6,1,"","","","","","","","","","",4,1,270,1,"","","","","","","","","","","","","","","","","","","","","","","","","","","","","","","","","","","","","","","","","","","","","","","","","","","",""
"33236002","CAP-FERRET",44.630667,-1.252,8,1977031715,"","","","",4.,1,340,1,"","","","","","","","","","","","","","","","","","","","","","","","","","","","",15.8,1,8.7,1,"","","","","","","","","","","","","","","","","","","","","","","","","","",66,1,"","","","","","","","","","","","",11.4,1,1018.8,1,"","","","","","",2,1,0,1,2,1,0,1,0,1,"","","","","","","","","","","","","","","","","","","","","","","","",15000,1,"","",2,1,1,1,"","","","","","","","","","",4,1,270,1,"","","","","","","","","","","","","","","","","","","","","","","","","","","","","","","","","","","","","","","","","","","","","","","","","","","",""
"33236002","CAP-FERRET",44.630667,-1.252,8,1977031718,"","","","",2.,1,360,1,"","","","","","","","","","","","","","","","","","","","","","","","","","","","",12.2,1,8.,1,"","","","","","","","","","","","","","","","","","","","","","","","","","",76,1,"","","","","","","","","","","","",10.9,1,1017.7,1,"","","","","","",0,1,"","",0,1,0,1,0,1,"","","","","","","","","","","","","","","","","","","","","","","","",15000,1,"","",2,1,1,1,"","","","","","","","","","",3,1,270,1,"","","","","","","","","","","","","","","","","","","","","","","","","","","","","","","","","","","","","","","","","","","","","","","","","","","",""
"33236002","CAP-FERRET",44.630667,-1.252,8,1977031721,"","","","",1.,1,60,1,"","","","","","","","","","","","","","","","","","","","","","","","","","","","",7.8,1,6.5,1,"","","","","","","","","","","","","","","","","","","","","","","","","","",93,1,"","","","","","","","","","","","",9.8,1,1017.7,1,"","","","","","",0,1,"","",0,1,0,1,0,1,"","","","","","","","","","","","","","","","","","","","","","","","",10000,1,"","",2,1,0,1,"","","","","","","","","","",3,1,270,1,"","","","","","","","","","","","","","","","","","","","","","","","","","","","","","","","","","","","","","","","","","","","","","","","","","","",""
"33236002","CAP-FERRET",44.630667,-1.252,8,1977031800,"","","","","","","","","","","","","","","","","","","","","","","","","","","","","","","","","","","","","","","","","","","","","","","","","","","","","","","","","","","","","","","","","","","","","","","","","","","","","","","","","","",1017.5,1,"","","","","","","","","","","","","","","","","","","","","","","","","","","","","","","","","","","","","","","","","","","","","","","","","","","","","","","","","","","","","","","","","","","","","","","","","","","","","","","","","","","","","","","","","","","","","","","","","","","","","","","","","","","","","","","","","",""
"33236002","CAP-FERRET",44.630667,-1.252,8,1977031803,"","","","",7.,1,280,1,"","","","","","","","","","","","","","","","","","","","","","","","","","","","",11.,1,6.6,1,"","","","","","","","","","","","","","","","","","","","","","","","","","",75,1,"","","","","","","","","","","","",9.9,1,1017.5,1,"","","","","","",8,1,8,1,5,1,"","","","","","","","","","","","","","","","","","","","","","","","","","","","",16000,1,"","",0,1,"","","","","","","","","","","","",3,1,270,1,"","","","","","","","","","","","","","","","","","","","","","","","","","","","","","","","","","","","","","","","","","","","","","","","","","","",""
"33236002","CAP-FERRET",44.630667,-1.252,8,1977031806,"","","","",8.,1,280,1,"","","","","","","","","","","","","","","","","","","","","","","","","","","","",10.6,1,7.1,1,"","","","","","","","","","","","","","","","","","","","","","","","","","",80,1,"","","","","","","","","","","","",10.2,1,1017.7,1,"","","","","","",8,1,5,1,5,1,0,1,2,1,"","","","","","","","","","","","","","","","","","","","","","","","",16000,1,"","",2,1,2,1,"","","","","","","","","","",3,1,270,1,"","","","","","","","","","","","","","","","","","","","","","","","","","","","","","","","","","","","","","","","","","","","","","","","","","","",""
"33236002","CAP-FERRET",44.630667,-1.252,8,1977031809,"","","","",10.,1,280,1,"","","","","","","","","","","","","","","","","","","","","","","","","","","","",11.6,1,7.7,1,"","","","","","","","","","","","","","","","","","","","","","","","","","",78,1,"","","","","","","","","","","","",10.7,1,1018.7,1,"","","","","","",3,1,0,1,9,1,0,1,0,1,"","","","","","","","","","","","","","","","","","","","","","","","",16000,1,"","",1,1,8,1,"","","","","","","","","","",3,1,270,1,"","","","","","","","","","","","","","","","","","","","","","","","","","","","","","","","","","","","","","","","","","","","","","","","","","","",""
"33236002","CAP-FERRET",44.630667,-1.252,8,1977031812,"","","","",12.,1,280,1,"","","","","","","","","","","","","","","","","","","","","","","","","","","","",13.,1,9.3,1,"","","","","","","","","","","","","","","","","","","","","","","","","","",79,1,"","","","","","","","","","","","",11.9,1,1018.7,1,"","","","","","",3,1,0,1,8,1,0,1,0,1,"","","","","","","","","","","","","","","","","","","","","","","","",16000,1,"","",2,1,8,1,"","","","","","","","","","",4,1,270,1,"","","","","","","","","","","","","","","","","","","","","","","","","","","","","","","","","","","","","","","","","","","","","","","","","","","",""
"33236002","CAP-FERRET",44.630667,-1.252,8,1977031815,"","","","",10.,1,280,1,"","","","","","","","","","","","","","","","","","","","","","","","","","","","",13.2,1,9.4,1,"","","","","","","","","","","","","","","","","","","","","","","","","","",79,1,"","","","","","","","","","","","",12.,1,1018.7,1,"","","","","","",4,1,0,1,8,1,0,1,0,1,"","","","","","","","","","","","","","","","","","","","","","","","",20000,1,"","",2,1,0,1,"","","","","","","","","","",5,1,270,1,"","","","","","","","","","","","","","","","","","","","","","","","","","","","","","","","","","","","","","","","","","","","","","","","","","","",""
"33236002","CAP-FERRET",44.630667,-1.252,8,1977031818,"","","","",12.,1,280,1,"","","","","","","","","","","","","","","","","","","","","","","","","","","","",10.8,1,7.3,1,"","","","","","","","","","","","","","","","","","","","","","","","","","",80,1,"","","","","","","","","","","","",10.4,1,1018.7,1,"","","","","","",4,1,0,1,8,1,7,1,3,1,"","","","","","","","","","","","","","","","","","","","","","","","",18000,1,"","",15,1,8,1,"","","","","","","","","","",5,1,270,1,"","","","","","","","","","","","","","","","","","","","","","","","","","","","","","","","","","","","","","","","","","","","","","","","","","","",""
"33236002","CAP-FERRET",44.630667,-1.252,8,1977031821,"","","","",11.,1,300,1,"","","","","","","","","","","","","","","","","","","","","","","","","","","","",10.4,1,6.9,1,"","","","","","","","","","","","","","","","","","","","","","","","","","",80,1,"","","","","","","","","","","","",10.1,1,1019.1,1,"","","","","","",3,1,0,1,8,1,0,1,0,1,"","","","","","","","","","","","","","","","","","","","","","","","",16000,1,"","",2,1,0,1,"","","","","","","","","","",5,1,270,1,"","","","","","","","","","","","","","","","","","","","","","","","","","","","","","","","","","","","","","","","","","","","","","","","","","","",""
"33236002","CAP-FERRET",44.630667,-1.252,8,1977031900,"","","","","","","","","","","","","","","","","","","","","","","","","","","","","","","","","","","","","","","","","","","","","","","","","","","","","","","","","","","","","","","","","","","","","","","","","","","","","","","","","","",1018.9,1,"","","","","","","","","","","","","","","","","","","","","","","","","","","","","","","","","","","","","","","","","","","","","","","","","","","","","","","","","","","","","","","","","","","","","","","","","","","","","","","","","","","","","","","","","","","","","","","","","","","","","","","","","","","","","","","","","",""
"33236002","CAP-FERRET",44.630667,-1.252,8,1977031903,"","","","",8.,1,280,1,"","","","","","","","","","","","","","","","","","","","","","","","","","","","",10.1,1,6.5,1,"","","","","","","","","","","","","","","","","","","","","","","","","","",80,1,"","","","","","","","","","","","",9.8,1,1016.9,1,"","","","","","",6,1,0,1,8,1,0,1,0,1,"","","","","","","","","","","","","","","","","","","","","","","","",10000,1,"","",0,1,"","","","","","","","","","","","",5,1,270,1,"","","","","","","","","","","","","","","","","","","","","","","","","","","","","","","","","","","","","","","","","","","","","","","","","","","",""
"33236002","CAP-FERRET",44.630667,-1.252,8,1977031906,"","","","",7.,1,280,1,"","","","","","","","","","","","","","","","","","","","","","","","","","","","",9.4,1,6.2,1,"","","","","","","","","","","","","","","","","","","","","","","","","","",82,1,"","","","","","","","","","","","",9.6,1,1015.5,1,"","","","","","",6,1,5,1,8,1,0,1,0,1,"","","","","","","","","","","","","","","","","","","","","","","","",10000,1,"","",0,1,"","","","","","","","","","","","",5,1,270,1,"","","","","","","","","","","","","","","","","","","","","","","","","","","","","","","","","","","","","","","","","","","","","","","","","","","",""
"33236002","CAP-FERRET",44.630667,-1.252,8,1977031909,"","","","",8.,1,260,1,"","","","","","","","","","","","","","","","","","","","","","","","","","","","",10.9,1,7.3,1,"","","","","","","","","","","","","","","","","","","","","","","","","","",80,1,"","","","","","","","","","","","",10.4,1,1014.3,1,"","","","","","",7,1,6,1,8,1,"","","","","","","","","","","","","","","","","","","","","","","","","","","","",15000,1,"","",2,1,8,1,"","","","","","","","","","",4,1,270,1,"","","","","","","","","","","","","","","","","","","","","","","","","","","","","","","","","","","","","","","","","","","","","","","","","","","",""
"33236002","CAP-FERRET",44.630667,-1.252,8,1977031912,"","","","",6.,1,280,1,"","","","","","","","","","","","","","","","","","","","","","","","","","","","",8.8,1,7.5,1,"","","","","","","","","","","","","","","","","","","","","","","","","","",93,1,"","","","","","","","","","","","",10.5,1,1013.3,1,"","","","","","",8,1,8,1,8,1,"","","","","","","","","","","","","","","","","","","","","","","","","","","","",8000,1,"","",61,1,8,1,"","","","","","","","","","",4,1,270,1,"","","","","","","","","","","","","","","","","","","","","","","","","","","","","","","","","","","","","","","","","","","","","","","","","","","",""
"33236002","CAP-FERRET",44.630667,-1.252,8,1977031915,"","","","",5.,1,220,1,"","","","","","","","","","","","","","","","","","","","","","","","","","","","",9.4,1,8.4,1,"","","","","","","","","","","","","","","","","","","","","","","","","","",95,1,"","","","","","","","","","","","",11.2,1,1010.6,1,"","","","","","",8,1,8,1,8,1,"","","","","","","","","","","","","","","","","","","","","","","","","","","","",7000,1,"","",60,1,6,1,"","","","","","","","","","",4,1,270,1,"","","","","","","","","","","","","","","","","","","","","","","","","","","","","","","","","","","","","","","","","","","","","","","","","","","",""
"33236002","CAP-FERRET",44.630667,-1.252,8,1977031918,"","","","",5.,1,340,1,"","","","","","","","","","","","","","","","","","","","","","","","","","","","",8.8,1,8.,1,"","","","","","","","","","","","","","","","","","","","","","","","","","",96,1,"","","","","","","","","","","","",10.9,1,1009.9,1,"","","","","","",7,1,6,1,8,1,"","","","","","","","","","","","","","","","","","","","","","","","","","","","",7000,1,"","",2,1,6,1,"","","","","","","","","","",4,1,270,1,"","","","","","","","","","","","","","","","","","","","","","","","","","","","","","","","","","","","","","","","","","","","","","","","","","","",""
"33236002","CAP-FERRET",44.630667,-1.252,8,1977031921,"","","","",6.,1,340,1,"","","","","","","","","","","","","","","","","","","","","","","","","","","","",7.7,1,6.1,1,"","","","","","","","","","","","","","","","","","","","","","","","","","",90,1,"","","","","","","","","","","","",9.5,1,1011.4,1,"","","","","","",8,1,6,1,8,1,"","","","","","","","","","","","","","","","","","","","","","","","","","","","",10000,1,"","",25,1,8,1,"","","","","","","","","","",4,1,270,1,"","","","","","","","","","","","","","","","","","","","","","","","","","","","","","","","","","","","","","","","","","","","","","","","","","","",""
"33236002","CAP-FERRET",44.630667,-1.252,8,1977032000,"","","","","","","","","","","","","","","","","","","","","","","","","","","","","","","","","","","","","","","","","","","","","","","","","","","","","","","","","","","","","","","","","","","","","","","","","","","","","","","","","","",1011.8,1,"","","","","","","","","","","","","","","","","","","","","","","","","","","","","","","","","","","","","","","","","","","","","","","","","","","","","","","","","","","","","","","","","","","","","","","","","","","","","","","","","","","","","","","","","","","","","","","","","","","","","","","","","","","","","","","","","",""
"33236002","CAP-FERRET",44.630667,-1.252,8,1977032003,"","","","",9.,1,300,1,"","","","","","","","","","","","","","","","","","","","","","","","","","","","",9.6,1,5.5,1,"","","","","","","","","","","","","","","","","","","","","","","","","","",77,1,"","","","","","","","","","","","",9.1,1,1010.8,1,"","","","","","",3,1,0,1,8,1,0,1,0,1,"","","","","","","","","","","","","","","","","","","","","","","","",15000,1,"","",0,1,"","","","","","","","","","","","",4,1,270,1,"","","","","","","","","","","","","","","","","","","","","","","","","","","","","","","","","","","","","","","","","","","","","","","","","","","",""
"33236002","CAP-FERRET",44.630667,-1.252,8,1977032006,"","","","",10.,1,300,1,"","","","","","","","","","","","","","","","","","","","","","","","","","","","",8.8,1,6.5,1,"","","","","","","","","","","","","","","","","","","","","","","","","","",87,1,"","","","","","","","","","","","",9.8,1,1009.8,1,"","","","","","",3,1,0,1,8,1,0,1,0,1,"","","","","","","","","","","","","","","","","","","","","","","","",15000,1,"","",2,1,8,1,"","","","","","","","","","",4,1,270,1,"","","","","","","","","","","","","","","","","","","","","","","","","","","","","","","","","","","","","","","","","","","","","","","","","","","",""
"33236002","CAP-FERRET",44.630667,-1.252,8,1977032009,"","","","",7.,1,320,1,"","","","","","","","","","","","","","","","","","","","","","","","","","","","",9.4,1,7.1,1,"","","","","","","","","","","","","","","","","","","","","","","","","","",87,1,"","","","","","","","","","","","",10.2,1,1010.,1,"","","","","","",4,1,0,1,9,1,0,1,0,1,"","","","","","","","","","","","","","","","","","","","","","","","",20000,1,"","",15,1,8,1,"","","","","","","","","","",4,1,270,1,"","","","","","","","","","","","","","","","","","","","","","","","","","","","","","","","","","","","","","","","","","","","","","","","","","","",""
"33236002","CAP-FERRET",44.630667,-1.252,8,1977032012,"","","","",9.,1,280,1,"","","","","","","","","","","","","","","","","","","","","","","","","","","","",10.,1,4.3,1,"","","","","","","","","","","","","","","","","","","","","","","","","","",68,1,"","","","","","","","","","","","",8.4,1,1009.8,1,"","","","","","",4,1,0,1,9,1,0,1,0,1,"","","","","","","","","","","","","","","","","","","","","","","","",18000,1,"","",15,1,8,1,"","","","","","","","","","",4,1,270,1,"","","","","","","","","","","","","","","","","","","","","","","","","","","","","","","","","","","","","","","","","","","","","","","","","","","",""
"33236002","CAP-FERRET",44.630667,-1.252,8,1977032015,"","","","",9.,1,280,1,"","","","","","","","","","","","","","","","","","","","","","","","","","","","",12.6,1,8.9,1,"","","","","","","","","","","","","","","","","","","","","","","","","","",80,1,"","","","","","","","","","","","",11.6,1,1008.8,1,"","","","","","",5,1,5,1,9,1,0,1,0,1,"","","","","","","","","","","","","","","","","","","","","","","","",20000,1,"","",2,1,1,1,"","","","","","","","","","",4,1,270,1,"","","","","","","","","","","","","","","","","","","","","","","","","","","","","","","","","","","","","","","","","","","","","","","","","","","",""
"33236002","CAP-FERRET",44.630667,-1.252,8,1977032018,"","","","",8.,1,300,1,"","","","","","","","","","","","","","","","","","","","","","","","","","","","",9.6,1,6.9,1,"","","","","","","","","","","","","","","","","","","","","","","","","","",84,1,"","","","","","","","","","","","",10.1,1,1009.,1,"","","","","","",6,1,6,1,9,1,0,1,0,1,"","","","","","","","","","","","","","","","","","","","","","","","",15000,1,"","",80,1,8,1,"","","","","","","","","","",4,1,270,1,"","","","","","","","","","","","","","","","","","","","","","","","","","","","","","","","","","","","","","","","","","","","","","","","","","","",""
"33236002","CAP-FERRET",44.630667,-1.252,8,1977032021,"","","","",5.,1,300,1,"","","","","","","","","","","","","","","","","","","","","","","","","","","","",9.4,1,5.3,1,"","","","","","","","","","","","","","","","","","","","","","","","","","",77,1,"","","","","","","","","","","","",9.,1,1009.4,1,"","","","","","",3,1,0,1,8,1,0,1,0,1,"","","","","","","","","","","","","","","","","","","","","","","","",15000,1,"","",2,1,1,1,"","","","","","","","","","",3,1,"","","","","","","","","","","","","","","","","","","","","","","","","","","","","","","","","","","","","","","","","","","","","","","","","","","","","",""
"33236002","CAP-FERRET",44.630667,-1.252,8,1977032100,"","","","","","","","","","","","","","","","","","","","","","","","","","","","","","","","","","","","","","","","","","","","","","","","","","","","","","","","","","","","","","","","","","","","","","","","","","","","","","","","","","",1009.,1,"","","","","","","","","","","","","","","","","","","","","","","","","","","","","","","","","","","","","","","","","","","","","","","","","","","","","","","","","","","","","","","","","","","","","","","","","","","","","","","","","","","","","","","","","","","","","","","","","","","","","","","","","","","","","","","","","",""
"33236002","CAP-FERRET",44.630667,-1.252,8,1977032103,"","","","",5.,1,200,1,"","","","","","","","","","","","","","","","","","","","","","","","","","","","",7.2,1,6.6,1,"","","","","","","","","","","","","","","","","","","","","","","","","","",97,1,"","","","","","","","","","","","",9.9,1,1008.6,1,"","","","","","",8,1,8,1,8,1,"","","","","","","","","","","","","","","","","","","","","","","","","","","","",10000,1,"","",0,1,"","","","","","","","","","","","",3,1,270,1,"","","","","","","","","","","","","","","","","","","","","","","","","","","","","","","","","","","","","","","","","","","","","","","","","","","",""
"33236002","CAP-FERRET",44.630667,-1.252,8,1977032106,"","","","",4.,1,340,1,"","","","","","","","","","","","","","","","","","","","","","","","","","","","",7.5,1,6.2,1,"","","","","","","","","","","","","","","","","","","","","","","","","","",93,1,"","","","","","","","","","","","",9.6,1,1008.1,1,"","","","","","",7,1,6,1,8,1,"","","","","","","","","","","","","","","","","","","","","","","","","","","","",10000,1,"","",0,1,"","","","","","","","","","","","",3,1,270,1,"","","","","","","","","","","","","","","","","","","","","","","","","","","","","","","","","","","","","","","","","","","","","","","","","","","",""
"33236002","CAP-FERRET",44.630667,-1.252,8,1977032109,"","","","",3.,1,340,1,"","","","","","","","","","","","","","","","","","","","","","","","","","","","",8.2,1,6.4,1,"","","","","","","","","","","","","","","","","","","","","","","","","","",89,1,"","","","","","","","","","","","",9.7,1,1008.9,1,"","","","","","",7,1,7,1,9,1,"","","","","","","","","","","","","","","","","","","","","","","","","","","","",20000,1,"","",2,1,8,1,"","","","","","","","","","",3,1,270,1,"","","","","","","","","","","","","","","","","","","","","","","","","","","","","","","","","","","","","","","","","","","","","","","","","","","",""
"33236002","CAP-FERRET",44.630667,-1.252,8,1977032112,"","","","",5.,1,200,1,"","","","","","","","","","","","","","","","","","","","","","","","","","","","",7.7,1,6.4,1,"","","","","","","","","","","","","","","","","","","","","","","","","","",93,1,"","","","","","","","","","","","",9.7,1,1009.5,1,"","","","","","",7,1,5,1,8,1,"","","","","","","","","","","","","","","","","","","","","","","","","","","","",18000,1,"","",2,1,8,1,"","","","","","","","","","",3,1,270,1,"","","","","","","","","","","","","","","","","","","","","","","","","","","","","","","","","","","","","","","","","","","","","","","","","","","",""
"33236002","CAP-FERRET",44.630667,-1.252,8,1977032115,"","","","",2.,1,260,1,"","","","","","","","","","","","","","","","","","","","","","","","","","","","",10.8,1,7.1,1,"","","","","","","","","","","","","","","","","","","","","","","","","","",79,1,"","","","","","","","","","","","",10.2,1,1008.9,1,"","","","","","",6,1,6,1,9,1,0,1,0,1,"","","","","","","","","","","","","","","","","","","","","","","","",18000,1,"","",2,1,8,1,"","","","","","","","","","",3,1,270,1,"","","","","","","","","","","","","","","","","","","","","","","","","","","","","","","","","","","","","","","","","","","","","","","","","","","",""
"33236002","CAP-FERRET",44.630667,-1.252,8,1977032118,"","","","",3.,1,280,1,"","","","","","","","","","","","","","","","","","","","","","","","","","","","",9.6,1,6.5,1,"","","","","","","","","","","","","","","","","","","","","","","","","","",82,1,"","","","","","","","","","","","",9.8,1,1008.9,1,"","","","","","",6,1,6,1,2,1,0,1,0,1,"","","","","","","","","","","","","","","","","","","","","","","","",30000,1,"","",2,1,8,1,"","","","","","","","","","",3,1,270,1,"","","","","","","","","","","","","","","","","","","","","","","","","","","","","","","","","","","","","","","","","","","","","","","","","","","",""
"33236002","CAP-FERRET",44.630667,-1.252,8,1977032121,"","","","",2.,1,240,1,"","","","","","","","","","","","","","","","","","","","","","","","","","","","",8.7,1,5.9,1,"","","","","","","","","","","","","","","","","","","","","","","","","","",84,1,"","","","","","","","","","","","",9.4,1,1009.9,1,"","","","","","",8,1,5,1,8,1,"","","","","","","","","","","","","","","","","","","","","","","","","","","","",15000,1,"","",2,1,2,1,"","","","","","","","","","",3,1,270,1,"","","","","","","","","","","","","","","","","","","","","","","","","","","","","","","","","","","","","","","","","","","","","","","","","","","",""
"33236002","CAP-FERRET",44.630667,-1.252,8,1977032200,"","","","","","","","","","","","","","","","","","","","","","","","","","","","","","","","","","","","","","","","","","","","","","","","","","","","","","","","","","","","","","","","","","","","","","","","","","","","","","","","","","",1009.9,1,"","","","","","","","","","","","","","","","","","","","","","","","","","","","","","","","","","","","","","","","","","","","","","","","","","","","","","","","","","","","","","","","","","","","","","","","","","","","","","","","","","","","","","","","","","","","","","","","","","","","","","","","","","","","","","","","","",""
"33236002","CAP-FERRET",44.630667,-1.252,8,1977032203,"","","","",3.,1,180,1,"","","","","","","","","","","","","","","","","","","","","","","","","","","","",7.,1,6.2,1,"","","","","","","","","","","","","","","","","","","","","","","","","","",96,1,"","","","","","","","","","","","",9.6,1,1009.9,1,"","","","","","",1,1,0,1,1,1,0,1,0,1,"","","","","","","","","","","","","","","","","","","","","","","","",10000,1,"","",0,1,"","","","","","","","","","","","",3,1,"","","","","","","","","","","","","","","","","","","","","","","","","","","","","","","","","","","","","","","","","","","","","","","","","","","","","",""
"33236002","CAP-FERRET",44.630667,-1.252,8,1977032206,"","","","",3.,1,160,1,"","","","","","","","","","","","","","","","","","","","","","","","","","","","",7.2,1,6.5,1,"","","","","","","","","","","","","","","","","","","","","","","","","","",97,1,"","","","","","","","","","","","",9.8,1,1010.7,1,"","","","","","",3,1,0,1,8,1,0,1,0,1,"","","","","","","","","","","","","","","","","","","","","","","","",10000,1,"","",2,1,0,1,"","","","","","","","","","",3,1,"","","","","","","","","","","","","","","","","","","","","","","","","","","","","","","","","","","","","","","","","","","","","","","","","","","","","",""
"33236002","CAP-FERRET",44.630667,-1.252,8,1977032209,"","","","",4.,1,180,1,"","","","","","","","","","","","","","","","","","","","","","","","","","","","",10.8,1,7.7,1,"","","","","","","","","","","","","","","","","","","","","","","","","","",82,1,"","","","","","","","","","","","",10.7,1,1011.7,1,"","","","","","",6,1,6,1,8,1,0,1,0,1,"","","","","","","","","","","","","","","","","","","","","","","","",15000,1,"","",80,1,1,1,"","","","","","","","","","",3,1,"","","","","","","","","","","","","","","","","","","","","","","","","","","","","","","","","","","","","","","","","","","","","","","","","","","","","",""
"33236002","CAP-FERRET",44.630667,-1.252,8,1977032212,"","","","",2.,1,180,1,"","","","","","","","","","","","","","","","","","","","","","","","","","","","",12.8,1,5.9,1,"","","","","","","","","","","","","","","","","","","","","","","","","","",64,1,"","","","","","","","","","","","",9.4,1,1011.5,1,"","","","","","",3,1,0,1,8,1,0,1,0,1,"","","","","","","","","","","","","","","","","","","","","","","","",20000,1,"","",1,1,8,1,"","","","","","","","","","",3,1,"","","","","","","","","","","","","","","","","","","","","","","","","","","","","","","","","","","","","","","","","","","","","","","","","","","","","",""
"33236002","CAP-FERRET",44.630667,-1.252,8,1977032215,"","","","",3.,1,340,1,"","","","","","","","","","","","","","","","","","","","","","","","","","","","",14.8,1,10.,1,"","","","","","","","","","","","","","","","","","","","","","","","","","",74,1,"","","","","","","","","","","","",12.5,1,1009.5,1,"","","","","","",2,1,0,1,8,1,0,1,0,1,"","","","","","","","","","","","","","","","","","","","","","","","",24000,1,"","",1,1,1,1,"","","","","","","","","","",2,1,"","","","","","","","","","","","","","","","","","","","","","","","","","","","","","","","","","","","","","","","","","","","","","","","","","","","","",""
"33236002","CAP-FERRET",44.630667,-1.252,8,1977032218,"","","","",5.,1,20,1,"","","","","","","","","","","","","","","","","","","","","","","","","","","","",12.6,1,8.1,1,"","","","","","","","","","","","","","","","","","","","","","","","","","",75,1,"","","","","","","","","","","","",11.,1,1009.7,1,"","","","","","",6,1,6,1,9,1,0,1,0,1,"","","","","","","","","","","","","","","","","","","","","","","","",15000,1,"","",91,1,1,1,"","","","","","","","","","",2,1,"","","","","","","","","","","","","","","","","","","","","","","","","","","","","","","","","","","","","","","","","","","","","","","","","","","","","",""
"33236002","CAP-FERRET",44.630667,-1.252,8,1977032221,"","","","",4.,1,360,1,"","","","","","","","","","","","","","","","","","","","","","","","","","","","",8.6,1,7.6,1,"","","","","","","","","","","","","","","","","","","","","","","","","","",95,1,"","","","","","","","","","","","",10.6,1,1010.4,1,"","","","","","",8,1,8,1,8,1,"","","","","","","","","","","","","","","","","","","","","","","","","","","","",10000,1,"","",2,1,9,1,"","","","","","","","","","",2,1,"","","","","","","","","","","","","","","","","","","","","","","","","","","","","","","","","","","","","","","","","","","","","","","","","","","","","",""
"33236002","CAP-FERRET",44.630667,-1.252,8,1977032300,"","","","","","","","","","","","","","","","","","","","","","","","","","","","","","","","","","","","","","","","","","","","","","","","","","","","","","","","","","","","","","","","","","","","","","","","","","","","","","","","","","",1008.8,1,"","","","","","","","","","","","","","","","","","","","","","","","","","","","","","","","","","","","","","","","","","","","","","","","","","","","","","","","","","","","","","","","","","","","","","","","","","","","","","","","","","","","","","","","","","","","","","","","","","","","","","","","","","","","","","","","","",""
"33236002","CAP-FERRET",44.630667,-1.252,8,1977032303,"","","","",3.,1,40,1,"","","","","","","","","","","","","","","","","","","","","","","","","","","","",7.8,1,6.5,1,"","","","","","","","","","","","","","","","","","","","","","","","","","",93,1,"","","","","","","","","","","","",9.8,1,1007.6,1,"","","","","","",8,1,8,1,8,1,"","","","","","","","","","","","","","","","","","","","","","","","","","","","",10000,1,"","",0,1,"","","","","","","","","","","","",2,1,"","","","","","","","","","","","","","","","","","","","","","","","","","","","","","","","","","","","","","","","","","","","","","","","","","","","","",""
"33236002","CAP-FERRET",44.630667,-1.252,8,1977032306,"","","","",2.,1,220,1,"","","","","","","","","","","","","","","","","","","","","","","","","","","","",8.4,1,6.6,1,"","","","","","","","","","","","","","","","","","","","","","","","","","",90,1,"","","","","","","","","","","","",9.9,1,1007.3,1,"","","","","","",8,1,8,1,8,1,"","","","","","","","","","","","","","","","","","","","","","","","","","","","",10000,1,"","",0,1,"","","","","","","","","","","","",2,1,"","","","","","","","","","","","","","","","","","","","","","","","","","","","","","","","","","","","","","","","","","","","","","","","","","","","","",""
"33236002","CAP-FERRET",44.630667,-1.252,8,1977032309,"","","","",5.,1,300,1,"","","","","","","","","","","","","","","","","","","","","","","","","","","","",10.3,1,7.2,1,"","","","","","","","","","","","","","","","","","","","","","","","","","",82,1,"","","","","","","","","","","","",10.3,1,1007.7,1,"","","","","","",7,1,7,1,5,1,"","","","","","","","","","","","","","","","","","","","","","","","","","","","",15000,1,"","",2,1,6,1,"","","","","","","","","","",2,1,"","","","","","","","","","","","","","","","","","","","","","","","","","","","","","","","","","","","","","","","","","","","","","","","","","","","","",""
"33236002","CAP-FERRET",44.630667,-1.252,8,1977032312,"","","","",9.,1,280,1,"","","","","","","","","","","","","","","","","","","","","","","","","","","","",11.1,1,7.6,1,"","","","","","","","","","","","","","","","","","","","","","","","","","",80,1,"","","","","","","","","","","","",10.6,1,1008.7,1,"","","","","","",8,1,8,1,8,1,"","","","","","","","","","","","","","","","","","","","","","","","","","","","",20000,1,"","",2,1,6,1,"","","","","","","","","","",2,1,"","","","","","","","","","","","","","","","","","","","","","","","","","","","","","","","","","","","","","","","","","","","","","","","","","","","","",""
"33236002","CAP-FERRET",44.630667,-1.252,8,1977032315,"","","","",8.,1,320,1,"","","","","","","","","","","","","","","","","","","","","","","","","","","","",10.8,1,7.7,1,"","","","","","","","","","","","","","","","","","","","","","","","","","",82,1,"","","","","","","","","","","","",10.7,1,1009.5,1,"","","","","","",8,1,8,1,8,1,"","","","","","","","","","","","","","","","","","","","","","","","","","","","",20000,1,"","",2,1,2,1,"","","","","","","","","","",2,1,"","","","","","","","","","","","","","","","","","","","","","","","","","","","","","","","","","","","","","","","","","","","","","","","","","","","","",""
"33236002","CAP-FERRET",44.630667,-1.252,8,1977032318,"","","","",11.,1,280,1,"","","","","","","","","","","","","","","","","","","","","","","","","","","","",9.4,1,7.5,1,"","","","","","","","","","","","","","","","","","","","","","","","","","",89,1,"","","","","","","","","","","","",10.5,1,1011.9,1,"","","","","","",8,1,5,1,8,1,7,1,"","","","","","","","","","","","","","","","","","","","","","","","","","",14000,1,"","",16,1,8,1,"","","","","","","","","","",3,1,"","","","","","","","","","","","","","","","","","","","","","","","","","","","","","","","","","","","","","","","","","","","","","","","","","","","","",""
"33236002","CAP-FERRET",44.630667,-1.252,8,1977032321,"","","","",6.,1,300,1,"","","","","","","","","","","","","","","","","","","","","","","","","","","","",8.2,1,7.3,1,"","","","","","","","","","","","","","","","","","","","","","","","","","",96,1,"","","","","","","","","","","","",10.4,1,1015.5,1,"","","","","","",8,1,8,1,8,1,"","","","","","","","","","","","","","","","","","","","","","","","","","","","",10000,1,"","",80,1,8,1,"","","","","","","","","","",3,1,"","","","","","","","","","","","","","","","","","","","","","","","","","","","","","","","","","","","","","","","","","","","","","","","","","","","","",""
"33236002","CAP-FERRET",44.630667,-1.252,8,1977032400,"","","","","","","","","","","","","","","","","","","","","","","","","","","","","","","","","","","","","","","","","","","","","","","","","","","","","","","","","","","","","","","","","","","","","","","","","","","","","","","","","","",1017.7,1,"","","","","","","","","","","","","","","","","","","","","","","","","","","","","","","","","","","","","","","","","","","","","","","","","","","","","","","","","","","","","","","","","","","","","","","","","","","","","","","","","","","","","","","","","","","","","","","","","","","","","","","","","","","","","","","","","",""
"33236002","CAP-FERRET",44.630667,-1.252,8,1977032403,"","","","",8.,1,300,1,"","","","","","","","","","","","","","","","","","","","","","","","","","","","",10.,1,7.3,1,"","","","","","","","","","","","","","","","","","","","","","","","","","",84,1,"","","","","","","","","","","","",10.4,1,1019.7,1,"","","","","","",3,1,0,1,8,1,0,1,0,1,"","","","","","","","","","","","","","","","","","","","","","","","",16000,1,"","",0,1,"","","","","","","","","","","","",3,1,270,1,"","","","","","","","","","","","","","","","","","","","","","","","","","","","","","","","","","","","","","","","","","","","","","","","","","","",""
"33236002","CAP-FERRET",44.630667,-1.252,8,1977032406,"","","","",5.,1,300,1,"","","","","","","","","","","","","","","","","","","","","","","","","","","","",9.,1,6.6,1,"","","","","","","","","","","","","","","","","","","","","","","","","","",87,1,"","","","","","","","","","","","",9.9,1,1021.3,1,"","","","","","",2,1,0,1,8,1,0,1,0,1,"","","","","","","","","","","","","","","","","","","","","","","","",16000,1,"","",2,1,0,1,"","","","","","","","","","",3,1,270,1,"","","","","","","","","","","","","","","","","","","","","","","","","","","","","","","","","","","","","","","","","","","","","","","","","","","",""
"33236002","CAP-FERRET",44.630667,-1.252,8,1977032409,"","","","",1.,1,300,1,"","","","","","","","","","","","","","","","","","","","","","","","","","","","",11.8,1,7.1,1,"","","","","","","","","","","","","","","","","","","","","","","","","","",74,1,"","","","","","","","","","","","",10.2,1,1023.3,1,"","","","","","",3,1,0,1,8,1,0,1,0,1,"","","","","","","","","","","","","","","","","","","","","","","","",18000,1,"","",2,1,0,1,"","","","","","","","","","",3,1,270,1,"","","","","","","","","","","","","","","","","","","","","","","","","","","","","","","","","","","","","","","","","","","","","","","","","","","",""
"33236002","CAP-FERRET",44.630667,-1.252,8,1977032412,"","","","",1.,1,280,1,"","","","","","","","","","","","","","","","","","","","","","","","","","","","",13.4,1,8.4,1,"","","","","","","","","","","","","","","","","","","","","","","","","","",73,1,"","","","","","","","","","","","",11.2,1,1023.9,1,"","","","","","",2,1,0,1,8,1,0,1,0,1,"","","","","","","","","","","","","","","","","","","","","","","","",25000,1,"","",1,1,0,1,"","","","","","","","","","",2,1,270,1,"","","","","","","","","","","","","","","","","","","","","","","","","","","","","","","","","","","","","","","","","","","","","","","","","","","",""
"33236002","CAP-FERRET",44.630667,-1.252,8,1977032415,"","","","",4.,1,340,1,"","","","","","","","","","","","","","","","","","","","","","","","","","","","",16.2,1,10.9,1,"","","","","","","","","","","","","","","","","","","","","","","","","","",72,1,"","","","","","","","","","","","",13.3,1,1022.3,1,"","","","","","",1,1,0,1,2,1,0,1,0,1,"","","","","","","","","","","","","","","","","","","","","","","","",25000,1,"","",2,1,0,1,"","","","","","","","","","",2,1,270,1,"","","","","","","","","","","","","","","","","","","","","","","","","","","","","","","","","","","","","","","","","","","","","","","","","","","",""
"33236002","CAP-FERRET",44.630667,-1.252,8,1977032418,"","","","",3.,1,100,1,"","","","","","","","","","","","","","","","","","","","","","","","","","","","",13.8,1,8.,1,"","","","","","","","","","","","","","","","","","","","","","","","","","",69,1,"","","","","","","","","","","","",10.9,1,1022.,1,"","","","","","",1,1,0,1,0,1,0,1,2,1,"","","","","","","","","","","","","","","","","","","","","","","","",25000,1,"","",2,1,0,1,"","","","","","","","","","",2,1,270,1,"","","","","","","","","","","","","","","","","","","","","","","","","","","","","","","","","","","","","","","","","","","","","","","","","","","",""
"33236002","CAP-FERRET",44.630667,-1.252,8,1977032421,"","","","",3.,1,100,1,"","","","","","","","","","","","","","","","","","","","","","","","","","","","",11.2,1,7.3,1,"","","","","","","","","","","","","","","","","","","","","","","","","","",78,1,"","","","","","","","","","","","",10.4,1,1023.5,1,"","","","","","",0,1,"","",0,1,0,1,0,1,"","","","","","","","","","","","","","","","","","","","","","","","",18000,1,"","",2,1,0,1,"","","","","","","","","","",2,1,270,1,"","","","","","","","","","","","","","","","","","","","","","","","","","","","","","","","","","","","","","","","","","","","","","","","","","","",""
"33236002","CAP-FERRET",44.630667,-1.252,8,1977032500,"","","","","","","","","","","","","","","","","","","","","","","","","","","","","","","","","","","","","","","","","","","","","","","","","","","","","","","","","","","","","","","","","","","","","","","","","","","","","","","","","","",1022.4,1,"","","","","","","","","","","","","","","","","","","","","","","","","","","","","","","","","","","","","","","","","","","","","","","","","","","","","","","","","","","","","","","","","","","","","","","","","","","","","","","","","","","","","","","","","","","","","","","","","","","","","","","","","","","","","","","","","",""
"33236002","CAP-FERRET",44.630667,-1.252,8,1977032503,"","","","",6.,1,100,1,"","","","","","","","","","","","","","","","","","","","","","","","","","","","",8.3,1,5.3,1,"","","","","","","","","","","","","","","","","","","","","","","","","","",82,1,"","","","","","","","","","","","",9.,1,1021.5,1,"","","","","","",0,1,"","",0,1,0,1,0,1,"","","","","","","","","","","","","","","","","","","","","","","","",15000,1,"","",0,1,"","","","","","","","","","","","",2,1,"","","","","","","","","","","","","","","","","","","","","","","","","","","","","","","","","","","","","","","","","","","","","","","","","","","","","",""
"33236002","CAP-FERRET",44.630667,-1.252,8,1977032506,"","","","",7.,1,100,1,"","","","","","","","","","","","","","","","","","","","","","","","","","","","",7.8,1,4.7,1,"","","","","","","","","","","","","","","","","","","","","","","","","","",82,1,"","","","","","","","","","","","",8.6,1,1021.3,1,"","","","","","",2,1,0,1,0,1,0,1,2,1,"","","","","","","","","","","","","","","","","","","","","","","","",15000,1,"","",0,1,"","","","","","","","","","","","",2,1,"","","","","","","","","","","","","","","","","","","","","","","","","","","","","","","","","","","","","","","","","","","","","","","","","","","","","",""
"33236002","CAP-FERRET",44.630667,-1.252,8,1977032509,"","","","",7.,1,100,1,"","","","","","","","","","","","","","","","","","","","","","","","","","","","",11.2,1,6.9,1,"","","","","","","","","","","","","","","","","","","","","","","","","","",76,1,"","","","","","","","","","","","",10.1,1,1021.,1,"","","","","","",7,1,7,1,0,1,3,1,2,1,"","","","","","","","","","","","","","","","","","","","","","","","",15000,1,"","",2,1,1,1,"","","","","","","","","","",2,1,"","","","","","","","","","","","","","","","","","","","","","","","","","","","","","","","","","","","","","","","","","","","","","","","","","","","","",""
"33236002","CAP-FERRET",44.630667,-1.252,8,1977032512,"","","","",4.,1,80,1,"","","","","","","","","","","","","","","","","","","","","","","","","","","","",16.9,1,11.3,1,"","","","","","","","","","","","","","","","","","","","","","","","","","",71,1,"","","","","","","","","","","","",13.7,1,1020.5,1,"","","","","","",7,1,7,1,0,1,3,1,2,1,"","","","","","","","","","","","","","","","","","","","","","","","",15000,1,"","",2,1,1,1,"","","","","","","","","","",3,1,270,1,"","","","","","","","","","","","","","","","","","","","","","","","","","","","","","","","","","","","","","","","","","","","","","","","","","","",""
"33236002","CAP-FERRET",44.630667,-1.252,8,1977032515,"","","","",6.,1,40,1,"","","","","","","","","","","","","","","","","","","","","","","","","","","","",19.,1,13.4,1,"","","","","","","","","","","","","","","","","","","","","","","","","","",72,1,"","","","","","","","","","","","",15.8,1,1018.7,1,"","","","","","",7,1,6,1,5,1,0,1,2,1,"","","","","","","","","","","","","","","","","","","","","","","","",20000,1,"","",3,1,1,1,"","","","","","","","","","",2,1,"","","","","","","","","","","","","","","","","","","","","","","","","","","","","","","","","","","","","","","","","","","","","","","","","","","","","",""
"33236002","CAP-FERRET",44.630667,-1.252,8,1977032518,"","","","",5.,1,80,1,"","","","","","","","","","","","","","","","","","","","","","","","","","","","",16.1,1,11.2,1,"","","","","","","","","","","","","","","","","","","","","","","","","","",74,1,"","","","","","","","","","","","",13.6,1,1018.1,1,"","","","","","",7,1,7,1,0,1,3,1,2,1,"","","","","","","","","","","","","","","","","","","","","","","","",18000,1,"","",2,1,2,1,"","","","","","","","","","",3,1,270,1,"","","","","","","","","","","","","","","","","","","","","","","","","","","","","","","","","","","","","","","","","","","","","","","","","","","",""
"33236002","CAP-FERRET",44.630667,-1.252,8,1977032521,"","","","",5.,1,100,1,"","","","","","","","","","","","","","","","","","","","","","","","","","","","",14.4,1,9.5,1,"","","","","","","","","","","","","","","","","","","","","","","","","","",74,1,"","","","","","","","","","","","",12.1,1,1017.4,1,"","","","","","",7,1,7,1,0,1,0,1,2,1,"","","","","","","","","","","","","","","","","","","","","","","","",15000,1,"","",2,1,2,1,"","","","","","","","","","",3,1,270,1,"","","","","","","","","","","","","","","","","","","","","","","","","","","","","","","","","","","","","","","","","","","","","","","","","","","",""
"33236002","CAP-FERRET",44.630667,-1.252,8,1977032603,"","","","","","","","","","","","","","","","","","","","","","","","","","","","","","","","","","","","","","","","","","","","","","","","","","","","","","","","","","","","","","","","","","","","","","","","","","","","","","","","","","",1016.,1,"","","","","","","","","","","","","","","","","","","","","","","","","","","","","","","","","","","","","","","","","","","","","","","","","","","","","","","","","","","","","","","","","","","","","","","","","","","","","","","","","","","","","","","","","","","","","","","","","","","","","","","","","","","","","","","","","",""
"33236002","CAP-FERRET",44.630667,-1.252,8,1977032606,"","","","",4.,1,200,1,"","","","","","","","","","","","","","","","","","","","","","","","","","","","",12.5,1,9.5,1,"","","","","","","","","","","","","","","","","","","","","","","","","","",84,1,"","","","","","","","","","","","",12.1,1,1015.4,1,"","","","","","",8,1,8,1,0,1,3,1,2,1,"","","","","","","","","","","","","","","","","","","","","","","","",15000,1,"","",0,1,"","","","","","","","","","","","",2,1,"","","","","","","","","","","","","","","","","","","","","","","","","","","","","","","","","","","","","","","","","","","","","","","","","","","","","",""
"33236002","CAP-FERRET",44.630667,-1.252,8,1977032609,"","","","",5.,1,260,1,"","","","","","","","","","","","","","","","","","","","","","","","","","","","",14.,1,11.4,1,"","","","","","","","","","","","","","","","","","","","","","","","","","",87,1,"","","","","","","","","","","","",13.8,1,1016.4,1,"","","","","","",6,1,6,1,0,1,3,1,0,1,"","","","","","","","","","","","","","","","","","","","","","","","",12000,1,"","",2,1,2,1,"","","","","","","","","","",3,1,270,1,"","","","","","","","","","","","","","","","","","","","","","","","","","","","","","","","","","","","","","","","","","","","","","","","","","","",""
"33236002","CAP-FERRET",44.630667,-1.252,8,1977032612,"","","","",5.,1,300,1,"","","","","","","","","","","","","","","","","","","","","","","","","","","","",15.1,1,12.3,1,"","","","","","","","","","","","","","","","","","","","","","","","","","",85,1,"","","","","","","","","","","","",14.6,1,1017.1,1,"","","","","","",7,1,7,1,5,1,"","","","","","","","","","","","","","","","","","","","","","","","","","","","",10000,1,"","",2,1,2,1,"","","","","","","","","","",3,1,270,1,"","","","","","","","","","","","","","","","","","","","","","","","","","","","","","","","","","","","","","","","","","","","","","","","","","","",""
"33236002","CAP-FERRET",44.630667,-1.252,8,1977032615,"","","","",2.,1,340,1,"","","","","","","","","","","","","","","","","","","","","","","","","","","","",15.7,1,12.3,1,"","","","","","","","","","","","","","","","","","","","","","","","","","",82,1,"","","","","","","","","","","","",14.6,1,1017.3,1,"","","","","","",7,1,7,1,8,1,"","","","","","","","","","","","","","","","","","","","","","","","","","","","",10000,1,"","",2,1,2,1,"","","","","","","","","","",3,1,270,1,"","","","","","","","","","","","","","","","","","","","","","","","","","","","","","","","","","","","","","","","","","","","","","","","","","","",""
"33236002","CAP-FERRET",44.630667,-1.252,8,1977032618,"","","","",1.,1,340,1,"","","","","","","","","","","","","","","","","","","","","","","","","","","","",13.4,1,11.7,1,"","","","","","","","","","","","","","","","","","","","","","","","","","",92,1,"","","","","","","","","","","","",14.1,1,1017.3,1,"","","","","","",7,1,7,1,5,1,"","","","","","","","","","","","","","","","","","","","","","","","","","","","",10000,1,"","",2,1,8,1,"","","","","","","","","","",3,1,270,1,"","","","","","","","","","","","","","","","","","","","","","","","","","","","","","","","","","","","","","","","","","","","","","","","","","","",""
"33236002","CAP-FERRET",44.630667,-1.252,8,1977032621,"","","","",2.,1,300,1,"","","","","","","","","","","","","","","","","","","","","","","","","","","","",12.2,1,11.1,1,"","","","","","","","","","","","","","","","","","","","","","","","","","",95,1,"","","","","","","","","","","","",13.5,1,1018.1,1,"","","","","","",7,1,7,1,5,1,"","","","","","","","","","","","","","","","","","","","","","","","","","","","",8000,1,"","",2,1,2,1,"","","","","","","","","","",3,1,270,1,"","","","","","","","","","","","","","","","","","","","","","","","","","","","","","","","","","","","","","","","","","","","","","","","","","","",""
"33236002","CAP-FERRET",44.630667,-1.252,8,1977032703,"","","","","","","","","","","","","","","","","","","","","","","","","","","","","","","","","","","","","","","","","","","","","","","","","","","","","","","","","","","","","","","","","","","","","","","","","","","","","","","","","","",1016.3,1,"","","","","","","","","","","","","","","","","","","","","","","","","","","","","","","","","","","","","","","","","","","","","","","","","","","","","","","","","","","","","","","","","","","","","","","","","","","","","","","","","","","","","","","","","","","","","","","","","","","","","","","","","","","","","","","","","",""
"33236002","CAP-FERRET",44.630667,-1.252,8,1977032706,"","","","",2.,1,260,1,"","","","","","","","","","","","","","","","","","","","","","","","","","","","",11.8,1,10.6,1,"","","","","","","","","","","","","","","","","","","","","","","","","","",94,1,"","","","","","","","","","","","",13.,1,1015.3,1,"","","","","","",8,1,8,1,5,1,"","","","","","","","","","","","","","","","","","","","","","","","","","","","",10000,1,"","",0,1,"","","","","","","","","","","","",3,1,270,1,"","","","","","","","","","","","","","","","","","","","","","","","","","","","","","","","","","","","","","","","","","","","","","","","","","","",""
"33236002","CAP-FERRET",44.630667,-1.252,8,1977032709,"","","","",2.,1,260,1,"","","","","","","","","","","","","","","","","","","","","","","","","","","","",12.,1,10.9,1,"","","","","","","","","","","","","","","","","","","","","","","","","","",95,1,"","","","","","","","","","","","",13.3,1,1015.,1,"","","","","","",8,1,8,1,8,1,"","","","","","","","","","","","","","","","","","","","","","","","","","","","",10000,1,"","",2,1,8,1,"","","","","","","","","","",3,1,270,1,"","","","","","","","","","","","","","","","","","","","","","","","","","","","","","","","","","","","","","","","","","","","","","","","","","","",""
"33236002","CAP-FERRET",44.630667,-1.252,8,1977032712,"","","","",6.,1,220,1,"","","","","","","","","","","","","","","","","","","","","","","","","","","","",13.1,1,10.7,1,"","","","","","","","","","","","","","","","","","","","","","","","","","",87,1,"","","","","","","","","","","","",13.1,1,1013.7,1,"","","","","","",8,1,8,1,8,1,"","","","","","","","","","","","","","","","","","","","","","","","","","","","",8000,1,"","",2,1,8,1,"","","","","","","","","","",3,1,270,1,"","","","","","","","","","","","","","","","","","","","","","","","","","","","","","","","","","","","","","","","","","","","","","","","","","","",""
"33236002","CAP-FERRET",44.630667,-1.252,8,1977032715,"","","","",6.,1,240,1,"","","","","","","","","","","","","","","","","","","","","","","","","","","","",13.6,1,11.7,1,"","","","","","","","","","","","","","","","","","","","","","","","","","",91,1,"","","","","","","","","","","","",14.1,1,1011.7,1,"","","","","","",7,1,7,1,8,1,"","","","","","","","","","","","","","","","","","","","","","","","","","","","",10000,1,"","",2,1,6,1,"","","","","","","","","","",3,1,270,1,"","","","","","","","","","","","","","","","","","","","","","","","","","","","","","","","","","","","","","","","","","","","","","","","","","","",""
"33236002","CAP-FERRET",44.630667,-1.252,8,1977032718,"","","","",12.,1,280,1,"","","","","","","","","","","","","","","","","","","","","","","","","","","","",12.3,1,10.7,1,"","","","","","","","","","","","","","","","","","","","","","","","","","",92,1,"","","","","","","","","","","","",13.1,1,1010.6,1,"","","","","","",7,1,7,1,8,1,"","","","","","","","","","","","","","","","","","","","","","","","","","","","",12000,1,"","",2,1,8,1,"","","","","","","","","","",3,1,270,1,"","","","","","","","","","","","","","","","","","","","","","","","","","","","","","","","","","","","","","","","","","","","","","","","","","","",""
"33236002","CAP-FERRET",44.630667,-1.252,8,1977032721,"","","","",11.,1,300,1,"","","","","","","","","","","","","","","","","","","","","","","","","","","","",11.8,1,9.6,1,"","","","","","","","","","","","","","","","","","","","","","","","","","",88,1,"","","","","","","","","","","","",12.2,1,1010.4,1,"","","","","","",7,1,7,1,8,1,"","","","","","","","","","","","","","","","","","","","","","","","","","","","",10000,1,"","",2,1,2,1,"","","","","","","","","","",3,1,270,1,"","","","","","","","","","","","","","","","","","","","","","","","","","","","","","","","","","","","","","","","","","","","","","","","","","","",""
"33236002","CAP-FERRET",44.630667,-1.252,8,1977032803,"","","","","","","","","","","","","","","","","","","","","","","","","","","","","","","","","","","","","","","","","","","","","","","","","","","","","","","","","","","","","","","","","","","","","","","","","","","","","","","","","","",1008.4,1,"","","","","","","","","","","","","","","","","","","","","","","","","","","","","","","","","","","","","","","","","","","","","","","","","","","","","","","","","","","","","","","","","","","","","","","","","","","","","","","","","","","","","","","","","","","","","","","","","","","","","","","","","","","","","","","","","",""
"33236002","CAP-FERRET",44.630667,-1.252,8,1977032806,"","","","",8.,1,300,1,"","","","","","","","","","","","","","","","","","","","","","","","","","","","",10.4,1,9.4,1,"","","","","","","","","","","","","","","","","","","","","","","","","","",95,1,"","","","","","","","","","","","",12.,1,1007.,1,"","","","","","",7,1,7,1,8,1,"","","","","","","","","","","","","","","","","","","","","","","","","","","","",12000,1,"","",0,1,"","","","","","","","","","","","",3,1,270,1,"","","","","","","","","","","","","","","","","","","","","","","","","","","","","","","","","","","","","","","","","","","","","","","","","","","",""
"33236002","CAP-FERRET",44.630667,-1.252,8,1977032809,"","","","",4.,1,20,1,"","","","","","","","","","","","","","","","","","","","","","","","","","","","",10.6,1,9.5,1,"","","","","","","","","","","","","","","","","","","","","","","","","","",95,1,"","","","","","","","","","","","",12.1,1,1007.7,1,"","","","","","",8,1,8,1,8,1,"","","","","","","","","","","","","","","","","","","","","","","","","","","","",10000,1,"","",81,1,8,1,"","","","","","","","","","",3,1,270,1,"","","","","","","","","","","","","","","","","","","","","","","","","","","","","","","","","","","","","","","","","","","","","","","","","","","",""
"33236002","CAP-FERRET",44.630667,-1.252,8,1977032812,"","","","",8.,1,20,1,"","","","","","","","","","","","","","","","","","","","","","","","","","","","",8.3,1,5.9,1,"","","","","","","","","","","","","","","","","","","","","","","","","","",86,1,"","","","","","","","","","","","",9.4,1,1010.4,1,"","","","","","",7,1,7,1,8,1,"","","","","","","","","","","","","","","","","","","","","","","","","","","","",12000,1,"","",2,1,8,1,"","","","","","","","","","",3,1,270,1,"","","","","","","","","","","","","","","","","","","","","","","","","","","","","","","","","","","","","","","","","","","","","","","","","","","",""
"33236002","CAP-FERRET",44.630667,-1.252,8,1977032815,"","","","",11.,1,20,1,"","","","","","","","","","","","","","","","","","","","","","","","","","","","",7.3,1,4.,1,"","","","","","","","","","","","","","","","","","","","","","","","","","",80,1,"","","","","","","","","","","","",8.2,1,1013.4,1,"","","","","","",6,1,6,1,2,1,0,1,0,1,"","","","","","","","","","","","","","","","","","","","","","","","",10000,1,"","",2,1,2,1,"","","","","","","","","","",3,1,270,1,"","","","","","","","","","","","","","","","","","","","","","","","","","","","","","","","","","","","","","","","","","","","","","","","","","","",""
"33236002","CAP-FERRET",44.630667,-1.252,8,1977032818,"","","","",5.,1,20,1,"","","","","","","","","","","","","","","","","","","","","","","","","","","","",7.,1,3.,1,"","","","","","","","","","","","","","","","","","","","","","","","","","",76,1,"","","","","","","","","","","","",7.6,1,1016.7,1,"","","","","","",6,1,0,1,8,1,0,1,0,1,"","","","","","","","","","","","","","","","","","","","","","","","",20000,1,"","",2,1,2,1,"","","","","","","","","","",3,1,270,1,"","","","","","","","","","","","","","","","","","","","","","","","","","","","","","","","","","","","","","","","","","","","","","","","","","","",""
"33236002","CAP-FERRET",44.630667,-1.252,8,1977032821,"","","","",6.,1,40,1,"","","","","","","","","","","","","","","","","","","","","","","","","","","","",4.7,1,1.,1,"","","","","","","","","","","","","","","","","","","","","","","","","","",78,1,"","","","","","","","","","","","",6.6,1,1021.6,1,"","","","","","",2,1,0,1,2,1,0,1,0,1,"","","","","","","","","","","","","","","","","","","","","","","","",15000,1,"","",2,1,1,1,"","","","","","","","","","",3,1,270,1,"","","","","","","","","","","","","","","","","","","","","","","","","","","","","","","","","","","","","","","","","","","","","","","","","","","",""
"33236002","CAP-FERRET",44.630667,-1.252,8,1977032903,"","","","","","","","","","","","","","","","","","","","","","","","","","","","","","","","","","","","","","","","","","","","","","","","","","","","","","","","","","","","","","","","","","","","","","","","","","","","","","","","","","",1024.5,1,"","","","","","","","","","","","","","","","","","","","","","","","","","","","","","","","","","","","","","","","","","","","","","","","","","","","","","","","","","","","","","","","","","","","","","","","","","","","","","","","","","","","","","","","","","","","","","","","","","","","","","","","","","","","","","","","","",""
"33236002","CAP-FERRET",44.630667,-1.252,8,1977032906,"","","","",7.,1,20,1,"","","","","","","","","","","","","","","","","","","","","","","","","","","","",1.1,1,-1.4,1,"","","","","","","","","","","","","","","","","","","","","","","","","","",83,1,"","","","","","","","","","","","",5.5,1,1025.5,1,"","","","","","",2,1,0,1,2,1,0,1,0,1,"","","","","","","","","","","","","","","","","","","","","","","","",15000,1,"","",2,1,"","","","","","","","","","","","",3,1,310,1,"","","","","","","","","","","","","","","","","","","","","","","","","","","","","","","","","","","","","","","","","","","","","","","","","","","",""
"33236002","CAP-FERRET",44.630667,-1.252,8,1977032909,"","","","",9.,1,20,1,"","","","","","","","","","","","","","","","","","","","","","","","","","","","",4.6,1,0.4,1,"","","","","","","","","","","","","","","","","","","","","","","","","","",75,1,"","","","","","","","","","","","",6.3,1,1026.2,1,"","","","","","",3,1,0,1,2,1,0,1,0,1,"","","","","","","","","","","","","","","","","","","","","","","","",18000,1,"","",2,1,0,1,"","","","","","","","","","",4,1,310,1,"","","","","","","","","","","","","","","","","","","","","","","","","","","","","","","","","","","","","","","","","","","","","","","","","","","",""
"33236002","CAP-FERRET",44.630667,-1.252,8,1977032912,"","","","",9.,1,20,1,"","","","","","","","","","","","","","","","","","","","","","","","","","","","",6.6,1,1.4,1,"","","","","","","","","","","","","","","","","","","","","","","","","","",69,1,"","","","","","","","","","","","",6.8,1,1025.4,1,"","","","","","",4,1,0,1,2,1,0,1,0,1,"","","","","","","","","","","","","","","","","","","","","","","","",18000,1,"","",2,1,0,1,"","","","","","","","","","",4,1,310,1,"","","","","","","","","","","","","","","","","","","","","","","","","","","","","","","","","","","","","","","","","","","","","","","","","","","",""
"33236002","CAP-FERRET",44.630667,-1.252,8,1977032915,"","","","",8.,1,360,1,"","","","","","","","","","","","","","","","","","","","","","","","","","","","",7.7,1,2.6,1,"","","","","","","","","","","","","","","","","","","","","","","","","","",71,1,"","","","","","","","","","","","",7.4,1,1024.1,1,"","","","","","",5,1,5,1,2,1,0,1,0,1,"","","","","","","","","","","","","","","","","","","","","","","","",18000,1,"","",2,1,1,1,"","","","","","","","","","",4,1,310,1,"","","","","","","","","","","","","","","","","","","","","","","","","","","","","","","","","","","","","","","","","","","","","","","","","","","",""
"33236002","CAP-FERRET",44.630667,-1.252,8,1977032918,"","","","",7.,1,360,1,"","","","","","","","","","","","","","","","","","","","","","","","","","","","",5.9,1,-4.3,1,"","","","","","","","","","","","","","","","","","","","","","","","","","",47,1,"","","","","","","","","","","","",4.4,1,1023.9,1,"","","","","","",6,1,6,1,2,1,0,1,0,1,"","","","","","","","","","","","","","","","","","","","","","","","",18000,1,"","",2,1,1,1,"","","","","","","","","","",4,1,310,1,"","","","","","","","","","","","","","","","","","","","","","","","","","","","","","","","","","","","","","","","","","","","","","","","","","","",""
"33236002","CAP-FERRET",44.630667,-1.252,8,1977032921,"","","","",6.,1,20,1,"","","","","","","","","","","","","","","","","","","","","","","","","","","","",4.3,1,-0.7,1,"","","","","","","","","","","","","","","","","","","","","","","","","","",69,1,"","","","","","","","","","","","",5.8,1,1024.5,1,"","","","","","",0,1,"","",0,1,0,1,0,1,"","","","","","","","","","","","","","","","","","","","","","","","",15000,1,"","",2,1,1,1,"","","","","","","","","","",4,1,310,1,"","","","","","","","","","","","","","","","","","","","","","","","","","","","","","","","","","","","","","","","","","","","","","","","","","","",""
"33236002","CAP-FERRET",44.630667,-1.252,8,1977033003,"","","","","","","","","","","","","","","","","","","","","","","","","","","","","","","","","","","","","","","","","","","","","","","","","","","","","","","","","","","","","","","","","","","","","","","","","","","","","","","","","","",1023.1,1,"","","","","","","","","","","","","","","","","","","","","","","","","","","","","","","","","","","","","","","","","","","","","","","","","","","","","","","","","","","","","","","","","","","","","","","","","","","","","","","","","","","","","","","","","","","","","","","","","","","","","","","","","","","","","","","","","",""
"33236002","CAP-FERRET",44.630667,-1.252,8,1977033006,"","","","",5.,1,360,1,"","","","","","","","","","","","","","","","","","","","","","","","","","","","",0.,1,-3.7,1,"","","","","","","","","","","","","","","","","","","","","","","","","","",78,1,"","","","","","","","","","","","",4.6,1,1023.1,1,"","","","","","",2,1,0,1,1,1,0,1,0,1,"","","","","","","","","","","","","","","","","","","","","","","","",15000,1,"","",2,1,"","","","","","","","","","","","",3,1,290,1,"","","","","","","","","","","","","","","","","","","","","","","","","","","","","","","","","","","","","","","","","","","","","","","","","","","",""
"33236002","CAP-FERRET",44.630667,-1.252,8,1977033009,"","","","",5.,1,20,1,"","","","","","","","","","","","","","","","","","","","","","","","","","","","",4.2,1,-1.2,1,"","","","","","","","","","","","","","","","","","","","","","","","","","",67,1,"","","","","","","","","","","","",5.6,1,1023.,1,"","","","","","",0,1,"","",0,1,0,1,0,1,"","","","","","","","","","","","","","","","","","","","","","","","",15000,1,"","",2,1,0,1,"","","","","","","","","","",4,1,290,1,"","","","","","","","","","","","","","","","","","","","","","","","","","","","","","","","","","","","","","","","","","","","","","","","","","","",""
"33236002","CAP-FERRET",44.630667,-1.252,8,1977033012,"","","","",7.,1,340,1,"","","","","","","","","","","","","","","","","","","","","","","","","","","","",6.8,1,2.4,1,"","","","","","","","","","","","","","","","","","","","","","","","","","",74,1,"","","","","","","","","","","","",7.3,1,1021.5,1,"","","","","","",0,1,"","",0,1,0,1,0,1,"","","","","","","","","","","","","","","","","","","","","","","","",15000,1,"","",2,1,0,1,"","","","","","","","","","",4,1,290,1,"","","","","","","","","","","","","","","","","","","","","","","","","","","","","","","","","","","","","","","","","","","","","","","","","","","",""
"33236002","CAP-FERRET",44.630667,-1.252,8,1977033015,"","","","",8.,1,340,1,"","","","","","","","","","","","","","","","","","","","","","","","","","","","",8.7,1,2.2,1,"","","","","","","","","","","","","","","","","","","","","","","","","","",64,1,"","","","","","","","","","","","",7.2,1,1020.6,1,"","","","","","",0,1,"","",0,1,0,1,0,1,"","","","","","","","","","","","","","","","","","","","","","","","",15000,1,"","",2,1,0,1,"","","","","","","","","","",4,1,290,1,"","","","","","","","","","","","","","","","","","","","","","","","","","","","","","","","","","","","","","","","","","","","","","","","","","","",""
"33236002","CAP-FERRET",44.630667,-1.252,8,1977033018,"","","","",7.,1,340,1,"","","","","","","","","","","","","","","","","","","","","","","","","","","","",6.6,1,2.6,1,"","","","","","","","","","","","","","","","","","","","","","","","","","",77,1,"","","","","","","","","","","","",7.4,1,1020.7,1,"","","","","","",0,1,"","",0,1,0,1,0,1,"","","","","","","","","","","","","","","","","","","","","","","","",18000,1,"","",2,1,0,1,"","","","","","","","","","",4,1,290,1,"","","","","","","","","","","","","","","","","","","","","","","","","","","","","","","","","","","","","","","","","","","","","","","","","","","",""
"33236002","CAP-FERRET",44.630667,-1.252,8,1977033021,"","","","",4.,1,20,1,"","","","","","","","","","","","","","","","","","","","","","","","","","","","",3.6,1,-0.7,1,"","","","","","","","","","","","","","","","","","","","","","","","","","",73,1,"","","","","","","","","","","","",5.8,1,1022.,1,"","","","","","",0,1,"","",0,1,0,1,0,1,"","","","","","","","","","","","","","","","","","","","","","","","",15000,1,"","",2,1,0,1,"","","","","","","","","","",3,1,290,1,"","","","","","","","","","","","","","","","","","","","","","","","","","","","","","","","","","","","","","","","","","","","","","","","","","","",""
"33236002","CAP-FERRET",44.630667,-1.252,8,1977033103,"","","","","","","","","","","","","","","","","","","","","","","","","","","","","","","","","","","","","","","","","","","","","","","","","","","","","","","","","","","","","","","","","","","","","","","","","","","","","","","","","","",1021.6,1,"","","","","","","","","","","","","","","","","","","","","","","","","","","","","","","","","","","","","","","","","","","","","","","","","","","","","","","","","","","","","","","","","","","","","","","","","","","","","","","","","","","","","","","","","","","","","","","","","","","","","","","","","","","","","","","","","",""
"33236002","CAP-FERRET",44.630667,-1.252,8,1977033106,"","","","",2.,1,100,1,"","","","","","","","","","","","","","","","","","","","","","","","","","","","",0.2,1,-1.6,1,"","","","","","","","","","","","","","","","","","","","","","","","","","",89,1,"","","","","","","","","","","","",5.4,1,1021.6,1,"","","","","","",5,1,5,1,0,1,0,1,2,1,"","","","","","","","","","","","","","","","","","","","","","","","",10000,1,"","",2,1,"","","","","","","","","","","","",3,1,270,1,"","","","","","","","","","","","","","","","","","","","","","","","","","","","","","","","","","","","","","","","","","","","","","","","","","","",""
"33236002","CAP-FERRET",44.630667,-1.252,8,1977033109,"","","","",3.,1,160,1,"","","","","","","","","","","","","","","","","","","","","","","","","","","","",7.4,1,-1.6,1,"","","","","","","","","","","","","","","","","","","","","","","","","","",53,1,"","","","","","","","","","","","",5.4,1,1022.6,1,"","","","","","",6,1,6,1,0,1,0,1,2,1,"","","","","","","","","","","","","","","","","","","","","","","","",18000,1,"","",2,1,2,1,"","","","","","","","","","",3,1,270,1,"","","","","","","","","","","","","","","","","","","","","","","","","","","","","","","","","","","","","","","","","","","","","","","","","","","",""
"33236002","CAP-FERRET",44.630667,-1.252,8,1977033112,"","","","",5.,1,220,1,"","","","","","","","","","","","","","","","","","","","","","","","","","","","",10.,1,5.3,1,"","","","","","","","","","","","","","","","","","","","","","","","","","",73,1,"","","","","","","","","","","","",9.,1,1022.2,1,"","","","","","",6,1,0,1,0,1,3,1,2,1,"","","","","","","","","","","","","","","","","","","","","","","","",18000,1,"","",2,1,2,1,"","","","","","","","","","",3,1,270,1,"","","","","","","","","","","","","","","","","","","","","","","","","","","","","","","","","","","","","","","","","","","","","","","","","","","",""
"33236002","CAP-FERRET",44.630667,-1.252,8,1977033115,"","","","",5.,1,240,1,"","","","","","","","","","","","","","","","","","","","","","","","","","","","",11.8,1,8.4,1,"","","","","","","","","","","","","","","","","","","","","","","","","","",81,1,"","","","","","","","","","","","",11.2,1,1021.6,1,"","","","","","",6,1,6,1,0,1,3,1,0,1,"","","","","","","","","","","","","","","","","","","","","","","","",18000,1,"","",2,1,2,1,"","","","","","","","","","",3,1,270,1,"","","","","","","","","","","","","","","","","","","","","","","","","","","","","","","","","","","","","","","","","","","","","","","","","","","",""
"33236002","CAP-FERRET",44.630667,-1.252,8,1977033118,"","","","",5.,1,240,1,"","","","","","","","","","","","","","","","","","","","","","","","","","","","",9.2,1,6.6,1,"","","","","","","","","","","","","","","","","","","","","","","","","","",86,1,"","","","","","","","","","","","",9.9,1,1021.,1,"","","","","","",8,1,8,1,5,1,"","","","","","","","","","","","","","","","","","","","","","","","","","","","",18000,1,"","",2,1,2,1,"","","","","","","","","","",3,1,270,1,"","","","","","","","","","","","","","","","","","","","","","","","","","","","","","","","","","","","","","","","","","","","","","","","","","","",""
"33236002","CAP-FERRET",44.630667,-1.252,8,1977033121,"","","","",7.,1,240,1,"","","","","","","","","","","","","","","","","","","","","","","","","","","","",9.,1,7.3,1,"","","","","","","","","","","","","","","","","","","","","","","","","","",90,1,"","","","","","","","","","","","",10.4,1,1021.5,1,"","","","","","",8,1,8,1,5,1,"","","","","","","","","","","","","","","","","","","","","","","","","","","","",15000,1,"","",2,1,2,1,"","","","","","","","","","",3,1,270,1,"","","","","","","","","","","","","","","","","","","","","","","","","","","","","","","","","","","","","","","","","","","","","","","","","","","",""
"33236002","CAP-FERRET",44.630667,-1.252,8,1977040100,"","","","","","","","","","","","","","","","","","","","","","","","","","","","","","","","","","","","","","","","","","","","","","","","","","","","","","","","","","","","","","","","","","","","","","","","","","","","","","","","","","",1020.7,1,"","","","","","","","","","","","","","","","","","","","","","","","","","","","","","","","","","","","","","","","","","","","","","","","","","","","","","","","","","","","","","","","","","","","","","","","","","","","","","","","","","","","","","","","","","","","","","","","","","","","","","","","","","","","","","","","","",""
"33236002","CAP-FERRET",44.630667,-1.252,8,1977040103,"","","","",6.,1,260,1,"","","","","","","","","","","","","","","","","","","","","","","","","","","","",11.8,1,10.,1,"","","","","","","","","","","","","","","","","","","","","","","","","","",90,1,"","","","","","","","","","","","",12.5,1,1019.7,1,"","","","","","",7,1,7,1,5,1,"","","","","","","","","","","","","","","","","","","","","","","","","","","","",15000,1,"","",0,1,"","","","","","","","","","","","",3,1,270,1,"","","","","","","","","","","","","","","","","","","","","","","","","","","","","","","","","","","","","","","","","","","","","","","","","","","",""
"33236002","CAP-FERRET",44.630667,-1.252,8,1977040106,"","","","",7.,1,260,1,"","","","","","","","","","","","","","","","","","","","","","","","","","","","",11.4,1,10.,1,"","","","","","","","","","","","","","","","","","","","","","","","","","",92,1,"","","","","","","","","","","","",12.5,1,1019.7,1,"","","","","","",7,1,6,1,0,1,3,1,2,1,"","","","","","","","","","","","","","","","","","","","","","","","",10000,1,"","",1,1,"","","","","","","","","","","","",3,1,270,1,"","","","","","","","","","","","","","","","","","","","","","","","","","","","","","","","","","","","","","","","","","","","","","","","","","","",""
"33236002","CAP-FERRET",44.630667,-1.252,8,1977040109,"","","","",7.,1,240,1,"","","","","","","","","","","","","","","","","","","","","","","","","","","","",13.7,1,11.7,1,"","","","","","","","","","","","","","","","","","","","","","","","","","",90,1,"","","","","","","","","","","","",14.1,1,1020.1,1,"","","","","","",7,1,7,1,5,1,"","","","","","","","","","","","","","","","","","","","","","","","","","","","",10000,1,"","",3,1,2,1,"","","","","","","","","","",3,1,270,1,"","","","","","","","","","","","","","","","","","","","","","","","","","","","","","","","","","","","","","","","","","","","","","","","","","","",""
"33236002","CAP-FERRET",44.630667,-1.252,8,1977040112,"","","","",8.,1,240,1,"","","","","","","","","","","","","","","","","","","","","","","","","","","","",14.9,1,12.6,1,"","","","","","","","","","","","","","","","","","","","","","","","","","",88,1,"","","","","","","","","","","","",14.9,1,1019.6,1,"","","","","","",7,1,7,1,8,1,"","","","","","","","","","","","","","","","","","","","","","","","","","","","",8000,1,"","",2,1,2,1,"","","","","","","","","","",3,1,270,1,"","","","","","","","","","","","","","","","","","","","","","","","","","","","","","","","","","","","","","","","","","","","","","","","","","","",""
"33236002","CAP-FERRET",44.630667,-1.252,8,1977040115,"","","","",8.,1,260,1,"","","","","","","","","","","","","","","","","","","","","","","","","","","","",15.,1,13.1,1,"","","","","","","","","","","","","","","","","","","","","","","","","","",90,1,"","","","","","","","","","","","",15.4,1,1018.3,1,"","","","","","",7,1,7,1,2,1,3,1,2,1,"","","","","","","","","","","","","","","","","","","","","","","","",10000,1,"","",2,1,2,1,"","","","","","","","","","",4,1,270,1,"","","","","","","","","","","","","","","","","","","","","","","","","","","","","","","","","","","","","","","","","","","","","","","","","","","",""
"33236002","CAP-FERRET",44.630667,-1.252,8,1977040118,"","","","",8.,1,260,1,"","","","","","","","","","","","","","","","","","","","","","","","","","","","",12.,1,11.1,1,"","","","","","","","","","","","","","","","","","","","","","","","","","",96,1,"","","","","","","","","","","","",13.5,1,1018.1,1,"","","","","","",8,1,8,1,5,1,"","","","","","","","","","","","","","","","","","","","","","","","","","","","",6000,1,"","",61,1,6,1,"","","","","","","","","","",4,1,270,1,"","","","","","","","","","","","","","","","","","","","","","","","","","","","","","","","","","","","","","","","","","","","","","","","","","","",""
"33236002","CAP-FERRET",44.630667,-1.252,8,1977040121,"","","","",9.,1,260,1,"","","","","","","","","","","","","","","","","","","","","","","","","","","","",11.7,1,11.,1,"","","","","","","","","","","","","","","","","","","","","","","","","","",97,1,"","","","","","","","","","","","",13.4,1,1018.4,1,"","","","","","",8,1,8,1,5,1,"","","","","","","","","","","","","","","","","","","","","","","","","","","","",8000,1,"","",2,1,6,1,"","","","","","","","","","",4,1,270,1,"","","","","","","","","","","","","","","","","","","","","","","","","","","","","","","","","","","","","","","","","","","","","","","","","","","",""
"33236002","CAP-FERRET",44.630667,-1.252,8,1977040200,"","","","","","","","","","","","","","","","","","","","","","","","","","","","","","","","","","","","","","","","","","","","","","","","","","","","","","","","","","","","","","","","","","","","","","","","","","","","","","","","","","",1017.3,1,"","","","","","","","","","","","","","","","","","","","","","","","","","","","","","","","","","","","","","","","","","","","","","","","","","","","","","","","","","","","","","","","","","","","","","","","","","","","","","","","","","","","","","","","","","","","","","","","","","","","","","","","","","","","","","","","","",""
"33236002","CAP-FERRET",44.630667,-1.252,8,1977040203,"","","","",8.,1,260,1,"","","","","","","","","","","","","","","","","","","","","","","","","","","","",11.5,1,11.5,1,"","","","","","","","","","","","","","","","","","","","","","","","","","",100,1,"","","","","","","","","","","","",13.6,1,1014.9,1,"","","","","","",8,1,8,1,8,1,"","","","","","","","","","","","","","","","","","","","","","","","","","","","",6000,1,"","",61,1,"","","","","","","","","","","","",4,1,270,1,"","","","","","","","","","","","","","","","","","","","","","","","","","","","","","","","","","","","","","","","","","","","","","","","","","","",""
"33236002","CAP-FERRET",44.630667,-1.252,8,1977040206,"","","","",8.,1,260,1,"","","","","","","","","","","","","","","","","","","","","","","","","","","","",11.5,1,11.5,1,"","","","","","","","","","","","","","","","","","","","","","","","","","",100,1,"","","","","","","","","","","","",13.6,1,1014.8,1,"","","","","","",8,1,8,1,8,1,"","","","","","","","","","","","","","","","","","","","","","","","","","","","",5000,1,"","",61,1,"","","","","","","","","","","","",4,1,270,1,"","","","","","","","","","","","","","","","","","","","","","","","","","","","","","","","","","","","","","","","","","","","","","","","","","","",""
"33236002","CAP-FERRET",44.630667,-1.252,8,1977040209,"","","","",7.,1,240,1,"","","","","","","","","","","","","","","","","","","","","","","","","","","","",12.,1,11.1,1,"","","","","","","","","","","","","","","","","","","","","","","","","","",96,1,"","","","","","","","","","","","",13.5,1,1014.8,1,"","","","","","",8,1,8,1,8,1,"","","","","","","","","","","","","","","","","","","","","","","","","","","","",5000,1,"","",61,1,6,1,"","","","","","","","","","",4,1,270,1,"","","","","","","","","","","","","","","","","","","","","","","","","","","","","","","","","","","","","","","","","","","","","","","","","","","",""
"33236002","CAP-FERRET",44.630667,-1.252,8,1977040212,"","","","",7.,1,240,1,"","","","","","","","","","","","","","","","","","","","","","","","","","","","",13.1,1,11.4,1,"","","","","","","","","","","","","","","","","","","","","","","","","","",92,1,"","","","","","","","","","","","",13.8,1,1013.8,1,"","","","","","",8,1,8,1,5,1,"","","","","","","","","","","","","","","","","","","","","","","","","","","","",5000,1,"","",2,1,6,1,"","","","","","","","","","",4,1,270,1,"","","","","","","","","","","","","","","","","","","","","","","","","","","","","","","","","","","","","","","","","","","","","","","","","","","",""
"33236002","CAP-FERRET",44.630667,-1.252,8,1977040215,"","","","",5.,1,240,1,"","","","","","","","","","","","","","","","","","","","","","","","","","","","",14.4,1,11.9,1,"","","","","","","","","","","","","","","","","","","","","","","","","","",87,1,"","","","","","","","","","","","",14.2,1,1011.4,1,"","","","","","",7,1,7,1,2,1,1,1,"","","","","","","","","","","","","","","","","","","","","","","","","","",6000,1,"","",2,1,8,1,"","","","","","","","","","",4,1,270,1,"","","","","","","","","","","","","","","","","","","","","","","","","","","","","","","","","","","","","","","","","","","","","","","","","","","",""
"33236002","CAP-FERRET",44.630667,-1.252,8,1977040218,"","","","",3.,1,200,1,"","","","","","","","","","","","","","","","","","","","","","","","","","","","",13.8,1,11.4,1,"","","","","","","","","","","","","","","","","","","","","","","","","","",88,1,"","","","","","","","","","","","",13.8,1,1008.5,1,"","","","","","",7,1,7,1,5,1,"","","","","","","","","","","","","","","","","","","","","","","","","","","","",7000,1,"","",2,1,8,1,"","","","","","","","","","",4,1,270,1,"","","","","","","","","","","","","","","","","","","","","","","","","","","","","","","","","","","","","","","","","","","","","","","","","","","",""
"33236002","CAP-FERRET",44.630667,-1.252,8,1977040221,"","","","",7.,1,220,1,"","","","","","","","","","","","","","","","","","","","","","","","","","","","",12.3,1,11.2,1,"","","","","","","","","","","","","","","","","","","","","","","","","","",95,1,"","","","","","","","","","","","",13.6,1,1007.3,1,"","","","","","",5,1,5,1,5,1,0,1,0,1,"","","","","","","","","","","","","","","","","","","","","","","","",9000,1,"","",2,1,2,1,"","","","","","","","","","",4,1,270,1,"","","","","","","","","","","","","","","","","","","","","","","","","","","","","","","","","","","","","","","","","","","","","","","","","","","",""
"33236002","CAP-FERRET",44.630667,-1.252,8,1977040300,"","","","","","","","","","","","","","","","","","","","","","","","","","","","","","","","","","","","","","","","","","","","","","","","","","","","","","","","","","","","","","","","","","","","","","","","","","","","","","","","","","",1009.9,1,"","","","","","","","","","","","","","","","","","","","","","","","","","","","","","","","","","","","","","","","","","","","","","","","","","","","","","","","","","","","","","","","","","","","","","","","","","","","","","","","","","","","","","","","","","","","","","","","","","","","","","","","","","","","","","","","","",""
"33236002","CAP-FERRET",44.630667,-1.252,8,1977040303,"","","","",10.,1,320,1,"","","","","","","","","","","","","","","","","","","","","","","","","","","","",9.,1,7.7,1,"","","","","","","","","","","","","","","","","","","","","","","","","","",93,1,"","","","","","","","","","","","",10.7,1,1011.9,1,"","","","","","",6,1,0,1,2,1,0,1,2,1,"","","","","","","","","","","","","","","","","","","","","","","","",15000,1,"","",0,1,"","","","","","","","","","","","",4,1,290,1,"","","","","","","","","","","","","","","","","","","","","","","","","","","","","","","","","","","","","","","","","","","","","","","","","","","",""
"33236002","CAP-FERRET",44.630667,-1.252,8,1977040306,"","","","",10.,1,320,1,"","","","","","","","","","","","","","","","","","","","","","","","","","","","",9.2,1,7.5,1,"","","","","","","","","","","","","","","","","","","","","","","","","","",91,1,"","","","","","","","","","","","",10.5,1,1012.,1,"","","","","","",6,1,0,1,2,1,0,1,2,1,"","","","","","","","","","","","","","","","","","","","","","","","",15000,1,"","",2,1,"","","","","","","","","","","","",5,1,290,1,"","","","","","","","","","","","","","","","","","","","","","","","","","","","","","","","","","","","","","","","","","","","","","","","","","","",""
"33236002","CAP-FERRET",44.630667,-1.252,8,1977040309,"","","","",4.,1,320,1,"","","","","","","","","","","","","","","","","","","","","","","","","","","","",12.2,1,9.8,1,"","","","","","","","","","","","","","","","","","","","","","","","","","",87,1,"","","","","","","","","","","","",12.3,1,1013.4,1,"","","","","","",6,1,0,1,2,1,0,1,2,1,"","","","","","","","","","","","","","","","","","","","","","","","",15000,1,"","",2,1,2,1,"","","","","","","","","","",5,1,290,1,"","","","","","","","","","","","","","","","","","","","","","","","","","","","","","","","","","","","","","","","","","","","","","","","","","","",""
"33236002","CAP-FERRET",44.630667,-1.252,8,1977040312,"","","","",4.,1,300,1,"","","","","","","","","","","","","","","","","","","","","","","","","","","","",13.4,1,10.9,1,"","","","","","","","","","","","","","","","","","","","","","","","","","",86,1,"","","","","","","","","","","","",13.3,1,1013.2,1,"","","","","","",6,1,6,1,2,1,0,1,0,1,"","","","","","","","","","","","","","","","","","","","","","","","",15000,1,"","",2,1,2,1,"","","","","","","","","","",4,1,290,1,"","","","","","","","","","","","","","","","","","","","","","","","","","","","","","","","","","","","","","","","","","","","","","","","","","","",""
"33236002","CAP-FERRET",44.630667,-1.252,8,1977040315,"","","","",6.,1,260,1,"","","","","","","","","","","","","","","","","","","","","","","","","","","","",13.3,1,11.3,1,"","","","","","","","","","","","","","","","","","","","","","","","","","",90,1,"","","","","","","","","","","","",13.7,1,1012.7,1,"","","","","","",6,1,6,1,2,1,0,1,0,1,"","","","","","","","","","","","","","","","","","","","","","","","",18000,1,"","",2,1,2,1,"","","","","","","","","","",4,1,290,1,"","","","","","","","","","","","","","","","","","","","","","","","","","","","","","","","","","","","","","","","","","","","","","","","","","","",""
"33236002","CAP-FERRET",44.630667,-1.252,8,1977040318,"","","","",6.,1,240,1,"","","","","","","","","","","","","","","","","","","","","","","","","","","","",10.5,1,9.,1,"","","","","","","","","","","","","","","","","","","","","","","","","","",92,1,"","","","","","","","","","","","",11.7,1,1012.5,1,"","","","","","",6,1,0,1,8,1,0,1,0,1,"","","","","","","","","","","","","","","","","","","","","","","","",18000,1,"","",2,1,2,1,"","","","","","","","","","",4,1,290,1,"","","","","","","","","","","","","","","","","","","","","","","","","","","","","","","","","","","","","","","","","","","","","","","","","","","",""
"33236002","CAP-FERRET",44.630667,-1.252,8,1977040321,"","","","",4.,1,300,1,"","","","","","","","","","","","","","","","","","","","","","","","","","","","",8.8,1,6.9,1,"","","","","","","","","","","","","","","","","","","","","","","","","","",89,1,"","","","","","","","","","","","",10.1,1,1012.7,1,"","","","","","",4,1,0,1,2,1,0,1,0,1,"","","","","","","","","","","","","","","","","","","","","","","","",15000,1,"","",2,1,1,1,"","","","","","","","","","",3,1,290,1,"","","","","","","","","","","","","","","","","","","","","","","","","","","","","","","","","","","","","","","","","","","","","","","","","","","",""
"33236002","CAP-FERRET",44.630667,-1.252,8,1977040400,"","","","","","","","","","","","","","","","","","","","","","","","","","","","","","","","","","","","","","","","","","","","","","","","","","","","","","","","","","","","","","","","","","","","","","","","","","","","","","","","","","",1011.4,1,"","","","","","","","","","","","","","","","","","","","","","","","","","","","","","","","","","","","","","","","","","","","","","","","","","","","","","","","","","","","","","","","","","","","","","","","","","","","","","","","","","","","","","","","","","","","","","","","","","","","","","","","","","","","","","","","","",""
"33236002","CAP-FERRET",44.630667,-1.252,8,1977040403,"","","","",4.,1,300,1,"","","","","","","","","","","","","","","","","","","","","","","","","","","","",8.4,1,6.9,1,"","","","","","","","","","","","","","","","","","","","","","","","","","",91,1,"","","","","","","","","","","","",10.1,1,1011.9,1,"","","","","","",8,1,5,1,8,1,7,1,"","","","","","","","","","","","","","","","","","","","","","","","","","",14000,1,"","",80,1,"","","","","","","","","","","","",3,1,270,1,"","","","","","","","","","","","","","","","","","","","","","","","","","","","","","","","","","","","","","","","","","","","","","","","","","","",""
"33236002","CAP-FERRET",44.630667,-1.252,8,1977040406,"","","","",3.,1,280,1,"","","","","","","","","","","","","","","","","","","","","","","","","","","","",8.2,1,6.4,1,"","","","","","","","","","","","","","","","","","","","","","","","","","",89,1,"","","","","","","","","","","","",9.7,1,1012.3,1,"","","","","","",8,1,6,1,7,1,7,1,"","","","","","","","","","","","","","","","","","","","","","","","","","",9000,1,"","",61,1,8,1,"","","","","","","","","","",3,1,270,1,"","","","","","","","","","","","","","","","","","","","","","","","","","","","","","","","","","","","","","","","","","","","","","","","","","","",""
"33236002","CAP-FERRET",44.630667,-1.252,8,1977040409,"","","","",3.,1,300,1,"","","","","","","","","","","","","","","","","","","","","","","","","","","","",8.8,1,7.3,1,"","","","","","","","","","","","","","","","","","","","","","","","","","",91,1,"","","","","","","","","","","","",10.4,1,1013.9,1,"","","","","","",8,1,6,1,8,1,7,1,"","","","","","","","","","","","","","","","","","","","","","","","","","",16000,1,"","",61,1,6,1,"","","","","","","","","","",3,1,270,1,"","","","","","","","","","","","","","","","","","","","","","","","","","","","","","","","","","","","","","","","","","","","","","","","","","","",""
"33236002","CAP-FERRET",44.630667,-1.252,8,1977040412,"","","","",1.,1,340,1,"","","","","","","","","","","","","","","","","","","","","","","","","","","","",10.,1,7.7,1,"","","","","","","","","","","","","","","","","","","","","","","","","","",87,1,"","","","","","","","","","","","",10.7,1,1015.3,1,"","","","","","",8,1,6,1,8,1,7,1,"","","","","","","","","","","","","","","","","","","","","","","","","","",18000,1,"","",2,1,6,1,"","","","","","","","","","",3,1,270,1,"","","","","","","","","","","","","","","","","","","","","","","","","","","","","","","","","","","","","","","","","","","","","","","","","","","",""
"33236002","CAP-FERRET",44.630667,-1.252,8,1977040415,"","","","",1.,1,340,1,"","","","","","","","","","","","","","","","","","","","","","","","","","","","",11.,1,8.8,1,"","","","","","","","","","","","","","","","","","","","","","","","","","",87,1,"","","","","","","","","","","","",11.5,1,1015.3,1,"","","","","","",7,1,5,1,8,1,7,1,"","","","","","","","","","","","","","","","","","","","","","","","","","",24000,1,"","",1,1,2,1,"","","","","","","","","","",2,1,"","","","","","","","","","","","","","","","","","","","","","","","","","","","","","","","","","","","","","","","","","","","","","","","","","","","","",""
"33236002","CAP-FERRET",44.630667,-1.252,8,1977040418,"","","","",1.,1,360,1,"","","","","","","","","","","","","","","","","","","","","","","","","","","","",10.,1,8.1,1,"","","","","","","","","","","","","","","","","","","","","","","","","","",90,1,"","","","","","","","","","","","",11.,1,1015.9,1,"","","","","","",6,1,5,1,8,1,7,1,3,1,"","","","","","","","","","","","","","","","","","","","","","","","",24000,1,"","",1,1,2,1,"","","","","","","","","","",2,1,"","","","","","","","","","","","","","","","","","","","","","","","","","","","","","","","","","","","","","","","","","","","","","","","","","","","","",""
"33236002","CAP-FERRET",44.630667,-1.252,8,1977040421,"","","","",5.,1,60,1,"","","","","","","","","","","","","","","","","","","","","","","","","","","","",9.2,1,7.3,1,"","","","","","","","","","","","","","","","","","","","","","","","","","",89,1,"","","","","","","","","","","","",10.4,1,1017.7,1,"","","","","","",6,1,0,1,8,1,7,1,0,1,"","","","","","","","","","","","","","","","","","","","","","","","",22000,1,"","",2,1,2,1,"","","","","","","","","","",2,1,"","","","","","","","","","","","","","","","","","","","","","","","","","","","","","","","","","","","","","","","","","","","","","","","","","","","","",""
"33236002","CAP-FERRET",44.630667,-1.252,8,1977040500,"","","","","","","","","","","","","","","","","","","","","","","","","","","","","","","","","","","","","","","","","","","","","","","","","","","","","","","","","","","","","","","","","","","","","","","","","","","","","","","","","","",1018.1,1,"","","","","","","","","","","","","","","","","","","","","","","","","","","","","","","","","","","","","","","","","","","","","","","","","","","","","","","","","","","","","","","","","","","","","","","","","","","","","","","","","","","","","","","","","","","","","","","","","","","","","","","","","","","","","","","","","",""
"33236002","CAP-FERRET",44.630667,-1.252,8,1977040503,"","","","",7.,1,60,1,"","","","","","","","","","","","","","","","","","","","","","","","","","","","",7.2,1,5.8,1,"","","","","","","","","","","","","","","","","","","","","","","","","","",91,1,"","","","","","","","","","","","",9.3,1,1018.1,1,"","","","","","",5,1,5,1,8,1,0,1,0,1,"","","","","","","","","","","","","","","","","","","","","","","","",15000,1,"","",0,1,"","","","","","","","","","","","",2,1,"","","","","","","","","","","","","","","","","","","","","","","","","","","","","","","","","","","","","","","","","","","","","","","","","","","","","",""
"33236002","CAP-FERRET",44.630667,-1.252,8,1977040506,"","","","",7.,1,60,1,"","","","","","","","","","","","","","","","","","","","","","","","","","","","",7.2,1,5.8,1,"","","","","","","","","","","","","","","","","","","","","","","","","","",91,1,"","","","","","","","","","","","",9.3,1,1018.3,1,"","","","","","",5,1,5,1,8,1,0,1,0,1,"","","","","","","","","","","","","","","","","","","","","","","","",15000,1,"","",2,1,2,1,"","","","","","","","","","",2,1,"","","","","","","","","","","","","","","","","","","","","","","","","","","","","","","","","","","","","","","","","","","","","","","","","","","","","",""
"33236002","CAP-FERRET",44.630667,-1.252,8,1977040509,"","","","",6.,1,60,1,"","","","","","","","","","","","","","","","","","","","","","","","","","","","",10.,1,7.3,1,"","","","","","","","","","","","","","","","","","","","","","","","","","",84,1,"","","","","","","","","","","","",10.4,1,1018.9,1,"","","","","","",3,1,0,1,5,1,4,1,0,1,"","","","","","","","","","","","","","","","","","","","","","","","",12000,1,"","",1,1,1,1,"","","","","","","","","","",2,1,"","","","","","","","","","","","","","","","","","","","","","","","","","","","","","","","","","","","","","","","","","","","","","","","","","","","","",""
"33236002","CAP-FERRET",44.630667,-1.252,8,1977040512,"","","","",6.,1,60,1,"","","","","","","","","","","","","","","","","","","","","","","","","","","","",14.2,1,7.6,1,"","","","","","","","","","","","","","","","","","","","","","","","","","",65,1,"","","","","","","","","","","","",10.6,1,1017.9,1,"","","","","","",2,1,0,1,5,1,0,1,0,1,"","","","","","","","","","","","","","","","","","","","","","","","",23000,1,"","",1,1,1,1,"","","","","","","","","","",2,1,"","","","","","","","","","","","","","","","","","","","","","","","","","","","","","","","","","","","","","","","","","","","","","","","","","","","","",""
"33236002","CAP-FERRET",44.630667,-1.252,8,1977040515,"","","","",6.,1,60,1,"","","","","","","","","","","","","","","","","","","","","","","","","","","","","","",4.5,1,"","","","","","","","","","","","","","","","","","","","","","","","","","",47,1,"","","","","","","","","","","","",8.5,1,1016.9,1,"","","","","","",1,1,0,1,5,1,0,1,0,1,"","","","","","","","","","","","","","","","","","","","","","","","",23000,1,"","",2,1,0,1,"","","","","","","","","","",2,1,"","","","","","","","","","","","","","","","","","","","","","","","","","","","","","","","","","","","","","","","","","","","","","","","","","","","","",""
"33236002","CAP-FERRET",44.630667,-1.252,8,1977040518,"","","","",5.,1,80,1,"","","","","","","","","","","","","","","","","","","","","","","","","","","","",14.8,1,6.5,1,"","","","","","","","","","","","","","","","","","","","","","","","","","",58,1,"","","","","","","","","","","","",9.8,1,1015.7,1,"","","","","","",0,1,"","",0,1,0,1,0,1,"","","","","","","","","","","","","","","","","","","","","","","","",23000,1,"","",2,1,0,1,"","","","","","","","","","",2,1,"","","","","","","","","","","","","","","","","","","","","","","","","","","","","","","","","","","","","","","","","","","","","","","","","","","","","",""
"33236002","CAP-FERRET",44.630667,-1.252,8,1977040521,"","","","",3.,1,80,1,"","","","","","","","","","","","","","","","","","","","","","","","","","","","",11.8,1,5.8,1,"","","","","","","","","","","","","","","","","","","","","","","","","","",67,1,"","","","","","","","","","","","",9.3,1,1015.9,1,"","","","","","",0,1,"","",0,1,0,1,0,1,"","","","","","","","","","","","","","","","","","","","","","","","",23000,1,"","",2,1,0,1,"","","","","","","","","","",2,1,"","","","","","","","","","","","","","","","","","","","","","","","","","","","","","","","","","","","","","","","","","","","","","","","","","","","","",""
"33236002","CAP-FERRET",44.630667,-1.252,8,1977040600,"","","","","","","","","","","","","","","","","","","","","","","","","","","","","","","","","","","","","","","","","","","","","","","","","","","","","","","","","","","","","","","","","","","","","","","","","","","","","","","","","","",1014.3,1,"","","","","","","","","","","","","","","","","","","","","","","","","","","","","","","","","","","","","","","","","","","","","","","","","","","","","","","","","","","","","","","","","","","","","","","","","","","","","","","","","","","","","","","","","","","","","","","","","","","","","","","","","","","","","","","","","",""
"33236002","CAP-FERRET",44.630667,-1.252,8,1977040603,"","","","",5.,1,60,1,"","","","","","","","","","","","","","","","","","","","","","","","","","","","",7.8,1,5.9,1,"","","","","","","","","","","","","","","","","","","","","","","","","","",89,1,"","","","","","","","","","","","",9.4,1,1013.3,1,"","","","","","",5,1,0,1,5,1,0,1,2,1,"","","","","","","","","","","","","","","","","","","","","","","","",16000,1,"","",0,1,"","","","","","","","","","","","",2,1,"","","","","","","","","","","","","","","","","","","","","","","","","","","","","","","","","","","","","","","","","","","","","","","","","","","","","",""
"33236002","CAP-FERRET",44.630667,-1.252,8,1977040606,"","","","",3.,1,80,1,"","","","","","","","","","","","","","","","","","","","","","","","","","","","",7.2,1,6.6,1,"","","","","","","","","","","","","","","","","","","","","","","","","","",97,1,"","","","","","","","","","","","",9.9,1,1013.2,1,"","","","","","",5,1,0,1,5,1,6,1,3,1,"","","","","","","","","","","","","","","","","","","","","","","","",16000,1,"","",2,1,2,1,"","","","","","","","","","",2,1,"","","","","","","","","","","","","","","","","","","","","","","","","","","","","","","","","","","","","","","","","","","","","","","","","","","","","",""
"33236002","CAP-FERRET",44.630667,-1.252,8,1977040609,"","","","",3.,1,200,1,"","","","","","","","","","","","","","","","","","","","","","","","","","","","",14.8,1,8.8,1,"","","","","","","","","","","","","","","","","","","","","","","","","","",68,1,"","","","","","","","","","","","",11.5,1,1013.3,1,"","","","","","",3,1,0,1,0,1,0,1,2,1,"","","","","","","","","","","","","","","","","","","","","","","","",20000,1,"","",1,1,1,1,"","","","","","","","","","",2,1,"","","","","","","","","","","","","","","","","","","","","","","","","","","","","","","","","","","","","","","","","","","","","","","","","","","","","",""
"33236002","CAP-FERRET",44.630667,-1.252,8,1977040612,"","","","",4.,1,240,1,"","","","","","","","","","","","","","","","","","","","","","","","","","","","",15.8,1,11.1,1,"","","","","","","","","","","","","","","","","","","","","","","","","","",75,1,"","","","","","","","","","","","",13.5,1,1013.3,1,"","","","","","",3,1,0,1,0,1,0,1,2,1,"","","","","","","","","","","","","","","","","","","","","","","","",12000,1,"","",2,1,0,1,"","","","","","","","","","",2,1,"","","","","","","","","","","","","","","","","","","","","","","","","","","","","","","","","","","","","","","","","","","","","","","","","","","","","",""
"33236002","CAP-FERRET",44.630667,-1.252,8,1977040615,"","","","",5.,1,300,1,"","","","","","","","","","","","","","","","","","","","","","","","","","","","",15.2,1,10.4,1,"","","","","","","","","","","","","","","","","","","","","","","","","","",75,1,"","","","","","","","","","","","",12.9,1,1012.1,1,"","","","","","",4,1,0,1,2,1,0,1,2,1,"","","","","","","","","","","","","","","","","","","","","","","","",12000,1,"","",3,1,0,1,"","","","","","","","","","",2,1,"","","","","","","","","","","","","","","","","","","","","","","","","","","","","","","","","","","","","","","","","","","","","","","","","","","","","",""
"33236002","CAP-FERRET",44.630667,-1.252,8,1977040618,"","","","",5.,1,300,1,"","","","","","","","","","","","","","","","","","","","","","","","","","","","",12.4,1,9.4,1,"","","","","","","","","","","","","","","","","","","","","","","","","","",84,1,"","","","","","","","","","","","",12.,1,1011.3,1,"","","","","","",7,1,7,1,6,1,"","","","","","","","","","","","","","","","","","","","","","","","","","","","",9000,1,"","",3,1,1,1,"","","","","","","","","","",2,1,"","","","","","","","","","","","","","","","","","","","","","","","","","","","","","","","","","","","","","","","","","","","","","","","","","","","","",""
"33236002","CAP-FERRET",44.630667,-1.252,8,1977040621,"","","","",5.,1,320,1,"","","","","","","","","","","","","","","","","","","","","","","","","","","","",11.,1,9.2,1,"","","","","","","","","","","","","","","","","","","","","","","","","","",90,1,"","","","","","","","","","","","",11.8,1,1011.9,1,"","","","","","",3,1,0,1,6,1,0,1,0,1,"","","","","","","","","","","","","","","","","","","","","","","","",12000,1,"","",1,1,1,1,"","","","","","","","","","",2,1,"","","","","","","","","","","","","","","","","","","","","","","","","","","","","","","","","","","","","","","","","","","","","","","","","","","","","",""
"33236002","CAP-FERRET",44.630667,-1.252,8,1977040700,"","","","","","","","","","","","","","","","","","","","","","","","","","","","","","","","","","","","","","","","","","","","","","","","","","","","","","","","","","","","","","","","","","","","","","","","","","","","","","","","","","",1010.9,1,"","","","","","","","","","","","","","","","","","","","","","","","","","","","","","","","","","","","","","","","","","","","","","","","","","","","","","","","","","","","","","","","","","","","","","","","","","","","","","","","","","","","","","","","","","","","","","","","","","","","","","","","","","","","","","","","","",""
"33236002","CAP-FERRET",44.630667,-1.252,8,1977040703,"","","","",4.,1,20,1,"","","","","","","","","","","","","","","","","","","","","","","","","","","","",8.2,1,5.9,1,"","","","","","","","","","","","","","","","","","","","","","","","","","",86,1,"","","","","","","","","","","","",9.4,1,1010.9,1,"","","","","","",7,1,7,1,5,1,"","","","","","","","","","","","","","","","","","","","","","","","","","","","",14000,1,"","",0,1,"","","","","","","","","","","","",2,1,"","","","","","","","","","","","","","","","","","","","","","","","","","","","","","","","","","","","","","","","","","","","","","","","","","","","","",""
"33236002","CAP-FERRET",44.630667,-1.252,8,1977040706,"","","","",3.,1,20,1,"","","","","","","","","","","","","","","","","","","","","","","","","","","","",7.8,1,4.5,1,"","","","","","","","","","","","","","","","","","","","","","","","","","",80,1,"","","","","","","","","","","","",8.5,1,1010.9,1,"","","","","","",7,1,7,1,5,1,"","","","","","","","","","","","","","","","","","","","","","","","","","","","",14000,1,"","",2,1,2,1,"","","","","","","","","","",2,1,"","","","","","","","","","","","","","","","","","","","","","","","","","","","","","","","","","","","","","","","","","","","","","","","","","","","","",""
"33236002","CAP-FERRET",44.630667,-1.252,8,1977040709,"","","","",1.,1,60,1,"","","","","","","","","","","","","","","","","","","","","","","","","","","","",10.4,1,6.1,1,"","","","","","","","","","","","","","","","","","","","","","","","","","",75,1,"","","","","","","","","","","","",9.5,1,1010.9,1,"","","","","","",4,1,0,1,5,1,0,1,0,1,"","","","","","","","","","","","","","","","","","","","","","","","",16000,1,"","",1,1,1,1,"","","","","","","","","","",2,1,"","","","","","","","","","","","","","","","","","","","","","","","","","","","","","","","","","","","","","","","","","","","","","","","","","","","","",""
"33236002","CAP-FERRET",44.630667,-1.252,8,1977040712,"","","","",4.,1,340,1,"","","","","","","","","","","","","","","","","","","","","","","","","","","","",12.6,1,8.1,1,"","","","","","","","","","","","","","","","","","","","","","","","","","",76,1,"","","","","","","","","","","","",11.,1,1010.3,1,"","","","","","",7,1,7,1,5,1,"","","","","","","","","","","","","","","","","","","","","","","","","","","","",20000,1,"","",3,1,1,1,"","","","","","","","","","",2,1,"","","","","","","","","","","","","","","","","","","","","","","","","","","","","","","","","","","","","","","","","","","","","","","","","","","","","",""
"33236002","CAP-FERRET",44.630667,-1.252,8,1977040715,"","","","",3.,1,340,1,"","","","","","","","","","","","","","","","","","","","","","","","","","","","",10.8,1,5.,1,"","","","","","","","","","","","","","","","","","","","","","","","","","",71,1,"","","","","","","","","","","","",8.8,1,1008.9,1,"","","","","","",8,1,8,1,5,1,"","","","","","","","","","","","","","","","","","","","","","","","","","","","",20000,1,"","",2,1,2,1,"","","","","","","","","","",2,1,"","","","","","","","","","","","","","","","","","","","","","","","","","","","","","","","","","","","","","","","","","","","","","","","","","","","","",""
"33236002","CAP-FERRET",44.630667,-1.252,8,1977040718,"","","","",6.,1,340,1,"","","","","","","","","","","","","","","","","","","","","","","","","","","","",8.8,1,6.9,1,"","","","","","","","","","","","","","","","","","","","","","","","","","",89,1,"","","","","","","","","","","","",10.1,1,1008.9,1,"","","","","","",8,1,5,1,5,1,7,1,"","","","","","","","","","","","","","","","","","","","","","","","","","",8000,1,"","",63,1,6,1,"","","","","","","","","","",2,1,"","","","","","","","","","","","","","","","","","","","","","","","","","","","","","","","","","","","","","","","","","","","","","","","","","","","","",""
"33236002","CAP-FERRET",44.630667,-1.252,8,1977040721,"","","","",7.,1,360,1,"","","","","","","","","","","","","","","","","","","","","","","","","","","","",5.8,1,3.8,1,"","","","","","","","","","","","","","","","","","","","","","","","","","",87,1,"","","","","","","","","","","","",8.1,1,1010.3,1,"","","","","","",8,1,6,1,5,1,7,1,"","","","","","","","","","","","","","","","","","","","","","","","","","",14000,1,"","",2,1,6,1,"","","","","","","","","","",2,1,"","","","","","","","","","","","","","","","","","","","","","","","","","","","","","","","","","","","","","","","","","","","","","","","","","","","","",""
"33236002","CAP-FERRET",44.630667,-1.252,8,1977040803,"","","","","","","","","","","","","","","","","","","","","","","","","","","","","","","","","","","","","","","","","","","","","","","","","","","","","","","","","","","","","","","","","","","","","","","","","","","","","","","","","","",1012.4,1,"","","","","","","","","","","","","","","","","","","","","","","","","","","","","","","","","","","","","","","","","","","","","","","","","","","","","","","","","","","","","","","","","","","","","","","","","","","","","","","","","","","","","","","","","","","","","","","","","","","","","","","","","","","","","","","","","",""
"33236002","CAP-FERRET",44.630667,-1.252,8,1977040806,"","","","",4.,1,40,1,"","","","","","","","","","","","","","","","","","","","","","","","","","","","",4.4,1,2.8,1,"","","","","","","","","","","","","","","","","","","","","","","","","","",90,1,"","","","","","","","","","","","",7.5,1,1013.9,1,"","","","","","",5,1,5,1,8,1,0,1,0,1,"","","","","","","","","","","","","","","","","","","","","","","","",15000,1,"","",0,1,"","","","","","","","","","","","",3,1,"","","","","","","","","","","","","","","","","","","","","","","","","","","","","","","","","","","","","","","","","","","","","","","","","","","","","",""
"33236002","CAP-FERRET",44.630667,-1.252,8,1977040809,"","","","",4.,1,40,1,"","","","","","","","","","","","","","","","","","","","","","","","","","","","",7.6,1,3.3,1,"","","","","","","","","","","","","","","","","","","","","","","","","","",75,1,"","","","","","","","","","","","",7.8,1,1015.3,1,"","","","","","",3,1,0,1,8,1,0,1,0,1,"","","","","","","","","","","","","","","","","","","","","","","","",15000,1,"","",1,1,1,1,"","","","","","","","","","",2,1,"","","","","","","","","","","","","","","","","","","","","","","","","","","","","","","","","","","","","","","","","","","","","","","","","","","","","",""
"33236002","CAP-FERRET",44.630667,-1.252,8,1977040812,"","","","",5.,1,360,1,"","","","","","","","","","","","","","","","","","","","","","","","","","","","",7.2,1,4.8,1,"","","","","","","","","","","","","","","","","","","","","","","","","","",85,1,"","","","","","","","","","","","",8.7,1,1016.3,1,"","","","","","",4,1,0,1,8,1,0,1,0,1,"","","","","","","","","","","","","","","","","","","","","","","","",15000,1,"","",2,1,2,1,"","","","","","","","","","",2,1,"","","","","","","","","","","","","","","","","","","","","","","","","","","","","","","","","","","","","","","","","","","","","","","","","","","","","",""
"33236002","CAP-FERRET",44.630667,-1.252,8,1977040815,"","","","",7.,1,340,1,"","","","","","","","","","","","","","","","","","","","","","","","","","","","",10.8,1,7.3,1,"","","","","","","","","","","","","","","","","","","","","","","","","","",80,1,"","","","","","","","","","","","",10.4,1,1016.1,1,"","","","","","",3,1,0,1,8,1,0,1,0,1,"","","","","","","","","","","","","","","","","","","","","","","","",20000,1,"","",2,1,2,1,"","","","","","","","","","",3,1,"","","","","","","","","","","","","","","","","","","","","","","","","","","","","","","","","","","","","","","","","","","","","","","","","","","","","",""
"33236002","CAP-FERRET",44.630667,-1.252,8,1977040818,"","","","",6.,1,340,1,"","","","","","","","","","","","","","","","","","","","","","","","","","","","",7.6,1,4.8,1,"","","","","","","","","","","","","","","","","","","","","","","","","","",83,1,"","","","","","","","","","","","",8.7,1,1016.7,1,"","","","","","",3,1,0,1,8,1,0,1,0,1,"","","","","","","","","","","","","","","","","","","","","","","","",20000,1,"","",2,1,1,1,"","","","","","","","","","",4,1,"","","","","","","","","","","","","","","","","","","","","","","","","","","","","","","","","","","","","","","","","","","","","","","","","","","","","",""
"33236002","CAP-FERRET",44.630667,-1.252,8,1977040821,"","","","",7.,1,360,1,"","","","","","","","","","","","","","","","","","","","","","","","","","","","",5.4,1,3.1,1,"","","","","","","","","","","","","","","","","","","","","","","","","","",86,1,"","","","","","","","","","","","",7.7,1,1017.1,1,"","","","","","",4,1,0,1,8,1,0,1,0,1,"","","","","","","","","","","","","","","","","","","","","","","","",16000,1,"","",2,1,0,1,"","","","","","","","","","",3,1,"","","","","","","","","","","","","","","","","","","","","","","","","","","","","","","","","","","","","","","","","","","","","","","","","","","","","",""
"33236002","CAP-FERRET",44.630667,-1.252,8,1977040900,"","","","","","","","","","","","","","","","","","","","","","","","","","","","","","","","","","","","","","","","","","","","","","","","","","","","","","","","","","","","","","","","","","","","","","","","","","","","","","","","","","",1016.,1,"","","","","","","","","","","","","","","","","","","","","","","","","","","","","","","","","","","","","","","","","","","","","","","","","","","","","","","","","","","","","","","","","","","","","","","","","","","","","","","","","","","","","","","","","","","","","","","","","","","","","","","","","","","","","","","","","",""
"33236002","CAP-FERRET",44.630667,-1.252,8,1977040903,"","","","",0.,1,0,1,"","","","","","","","","","","","","","","","","","","","","","","","","","","","",3.,1,2.,1,"","","","","","","","","","","","","","","","","","","","","","","","","","",93,1,"","","","","","","","","","","","",7.1,1,1014.5,1,"","","","","","",5,1,5,1,8,1,0,1,0,1,"","","","","","","","","","","","","","","","","","","","","","","","",15000,1,"","",0,1,"","","","","","","","","","","","",3,1,"","","","","","","","","","","","","","","","","","","","","","","","","","","","","","","","","","","","","","","","","","","","","","","","","","","","","",""
"33236002","CAP-FERRET",44.630667,-1.252,8,1977040906,"","","","",1.,1,80,1,"","","","","","","","","","","","","","","","","","","","","","","","","","","","",2.6,1,1.,1,"","","","","","","","","","","","","","","","","","","","","","","","","","",89,1,"","","","","","","","","","","","",6.6,1,1014.5,1,"","","","","","",7,1,5,1,8,1,0,1,4,1,"","","","","","","","","","","","","","","","","","","","","","","","",15000,1,"","",2,1,2,1,"","","","","","","","","","",3,1,"","","","","","","","","","","","","","","","","","","","","","","","","","","","","","","","","","","","","","","","","","","","","","","","","","","","","",""
"33236002","CAP-FERRET",44.630667,-1.252,8,1977040909,"","","","",3.,1,180,1,"","","","","","","","","","","","","","","","","","","","","","","","","","","","",4.8,1,3.7,1,"","","","","","","","","","","","","","","","","","","","","","","","","","",93,1,"","","","","","","","","","","","",8.,1,1013.7,1,"","","","","","",6,1,0,1,8,1,7,1,0,1,"","","","","","","","","","","","","","","","","","","","","","","","",18000,1,"","",1,1,6,1,"","","","","","","","","","",2,1,"","","","","","","","","","","","","","","","","","","","","","","","","","","","","","","","","","","","","","","","","","","","","","","","","","","","","",""
"33236002","CAP-FERRET",44.630667,-1.252,8,1977040912,"","","","",2.,1,240,1,"","","","","","","","","","","","","","","","","","","","","","","","","","","","",6.2,1,5.1,1,"","","","","","","","","","","","","","","","","","","","","","","","","","",94,1,"","","","","","","","","","","","",8.9,1,1012.3,1,"","","","","","",7,1,0,1,8,1,7,1,"","","","","","","","","","","","","","","","","","","","","","","","","","",12000,1,"","",61,1,6,1,"","","","","","","","","","",2,1,"","","","","","","","","","","","","","","","","","","","","","","","","","","","","","","","","","","","","","","","","","","","","","","","","","","","","",""
"33236002","CAP-FERRET",44.630667,-1.252,8,1977040915,"","","","",8.,1,220,1,"","","","","","","","","","","","","","","","","","","","","","","","","","","","",6.6,1,5.6,1,"","","","","","","","","","","","","","","","","","","","","","","","","","",94,1,"","","","","","","","","","","","",9.2,1,1008.9,1,"","","","","","",8,1,6,1,8,1,7,1,"","","","","","","","","","","","","","","","","","","","","","","","","","",9000,1,"","",63,1,6,1,"","","","","","","","","","",3,1,"","","","","","","","","","","","","","","","","","","","","","","","","","","","","","","","","","","","","","","","","","","","","","","","","","","","","",""
"33236002","CAP-FERRET",44.630667,-1.252,8,1977040918,"","","","",13.,1,280,1,"","","","","","","","","","","","","","","","","","","","","","","","","","","","",8.8,1,7.7,1,"","","","","","","","","","","","","","","","","","","","","","","","","","",95,1,"","","","","","","","","","","","",10.7,1,1003.9,1,"","","","","","",8,1,5,1,8,1,7,1,3,1,"","","","","","","","","","","","","","","","","","","","","","","","",15000,1,"","",1,1,8,1,"","","","","","","","","","",4,1,"","","","","","","","","","","","","","","","","","","","","","","","","","","","","","","","","","","","","","","","","","","","","","","","","","","","","",""
"33236002","CAP-FERRET",44.630667,-1.252,8,1977040921,"","","","",11.,1,60,1,"","","","","","","","","","","","","","","","","","","","","","","","","","","","",2.8,1,2.2,1,"","","","","","","","","","","","","","","","","","","","","","","","","","",96,1,"","","","","","","","","","","","",7.2,1,1005.2,1,"","","","","","",8,1,8,1,8,1,"","","","","","","","","","","","","","","","","","","","","","","","","","","","",15000,1,"","",2,1,8,1,"","","","","","","","","","",4,1,"","","","","","","","","","","","","","","","","","","","","","","","","","","","","","","","","","","","","","","","","","","","","","","","","","","","","",""
"33236002","CAP-FERRET",44.630667,-1.252,8,1977041000,"","","","","","","","","","","","","","","","","","","","","","","","","","","","","","","","","","","","","","","","","","","","","","","","","","","","","","","","","","","","","","","","","","","","","","","","","","","","","","","","","","",1012.3,1,"","","","","","","","","","","","","","","","","","","","","","","","","","","","","","","","","","","","","","","","","","","","","","","","","","","","","","","","","","","","","","","","","","","","","","","","","","","","","","","","","","","","","","","","","","","","","","","","","","","","","","","","","","","","","","","","","",""
"33236002","CAP-FERRET",44.630667,-1.252,8,1977041003,"","","","",3.,1,360,1,"","","","","","","","","","","","","","","","","","","","","","","","","","","","",1.2,1,0.6,1,"","","","","","","","","","","","","","","","","","","","","","","","","","",96,1,"","","","","","","","","","","","",6.4,1,1014.3,1,"","","","","","",3,1,0,1,8,1,0,1,0,1,"","","","","","","","","","","","","","","","","","","","","","","","",15000,1,"","",0,1,"","","","","","","","","","","","",4,1,310,1,"","","","","","","","","","","","","","","","","","","","","","","","","","","","","","","","","","","","","","","","","","","","","","","","","","","",""
"33236002","CAP-FERRET",44.630667,-1.252,8,1977041006,"","","","",3.,1,20,1,"","","","","","","","","","","","","","","","","","","","","","","","","","","","",1.2,1,0.6,1,"","","","","","","","","","","","","","","","","","","","","","","","","","",96,1,"","","","","","","","","","","","",6.4,1,1015.3,1,"","","","","","",2,1,0,1,8,1,0,1,0,1,"","","","","","","","","","","","","","","","","","","","","","","","",15000,1,"","",2,1,0,1,"","","","","","","","","","",3,1,310,1,"","","","","","","","","","","","","","","","","","","","","","","","","","","","","","","","","","","","","","","","","","","","","","","","","","","",""
"33236002","CAP-FERRET",44.630667,-1.252,8,1977041009,"","","","",10.,1,20,1,"","","","","","","","","","","","","","","","","","","","","","","","","","","","",6.8,1,3.3,1,"","","","","","","","","","","","","","","","","","","","","","","","","","",79,1,"","","","","","","","","","","","",7.8,1,1017.9,1,"","","","","","",3,1,0,1,8,1,0,1,0,1,"","","","","","","","","","","","","","","","","","","","","","","","",18000,1,"","",2,1,0,1,"","","","","","","","","","",3,1,310,1,"","","","","","","","","","","","","","","","","","","","","","","","","","","","","","","","","","","","","","","","","","","","","","","","","","","",""
"33236002","CAP-FERRET",44.630667,-1.252,8,1977041012,"","","","",8.,1,340,1,"","","","","","","","","","","","","","","","","","","","","","","","","","","","",8.6,1,5.3,1,"","","","","","","","","","","","","","","","","","","","","","","","","","",81,1,"","","","","","","","","","","","",9.,1,1019.7,1,"","","","","","",3,1,0,1,8,1,0,1,0,1,"","","","","","","","","","","","","","","","","","","","","","","","",20000,1,"","",2,1,0,1,"","","","","","","","","","",3,1,310,1,"","","","","","","","","","","","","","","","","","","","","","","","","","","","","","","","","","","","","","","","","","","","","","","","","","","",""
"33236002","CAP-FERRET",44.630667,-1.252,8,1977041015,"","","","",8.,1,340,1,"","","","","","","","","","","","","","","","","","","","","","","","","","","","",9.8,1,6.6,1,"","","","","","","","","","","","","","","","","","","","","","","","","","",81,1,"","","","","","","","","","","","",9.9,1,1021.9,1,"","","","","","",2,1,0,1,8,1,0,1,0,1,"","","","","","","","","","","","","","","","","","","","","","","","",20000,1,"","",2,1,0,1,"","","","","","","","","","",3,1,310,1,"","","","","","","","","","","","","","","","","","","","","","","","","","","","","","","","","","","","","","","","","","","","","","","","","","","",""
"33236002","CAP-FERRET",44.630667,-1.252,8,1977041018,"","","","",7.,1,340,1,"","","","","","","","","","","","","","","","","","","","","","","","","","","","",7.4,1,5.,1,"","","","","","","","","","","","","","","","","","","","","","","","","","",86,1,"","","","","","","","","","","","",8.8,1,1023.7,1,"","","","","","",4,1,0,1,8,1,7,1,3,1,"","","","","","","","","","","","","","","","","","","","","","","","",20000,1,"","",3,1,0,1,"","","","","","","","","","",3,1,310,1,"","","","","","","","","","","","","","","","","","","","","","","","","","","","","","","","","","","","","","","","","","","","","","","","","","","",""
"33236002","CAP-FERRET",44.630667,-1.252,8,1977041021,"","","","",6.,1,340,1,"","","","","","","","","","","","","","","","","","","","","","","","","","","","",7.8,1,3.5,1,"","","","","","","","","","","","","","","","","","","","","","","","","","",75,1,"","","","","","","","","","","","",7.9,1,1025.5,1,"","","","","","",8,1,8,1,8,1,"","","","","","","","","","","","","","","","","","","","","","","","","","","","",20000,1,"","",3,1,1,1,"","","","","","","","","","",3,1,310,1,"","","","","","","","","","","","","","","","","","","","","","","","","","","","","","","","","","","","","","","","","","","","","","","","","","","",""
"33236002","CAP-FERRET",44.630667,-1.252,8,1977041100,"","","","","","","","","","","","","","","","","","","","","","","","","","","","","","","","","","","","","","","","","","","","","","","","","","","","","","","","","","","","","","","","","","","","","","","","","","","","","","","","","","",1024.1,1,"","","","","","","","","","","","","","","","","","","","","","","","","","","","","","","","","","","","","","","","","","","","","","","","","","","","","","","","","","","","","","","","","","","","","","","","","","","","","","","","","","","","","","","","","","","","","","","","","","","","","","","","","","","","","","","","","",""
"33236002","CAP-FERRET",44.630667,-1.252,8,1977041103,"","","","",0.,1,0,1,"","","","","","","","","","","","","","","","","","","","","","","","","","","","",6.,1,6.,1,"","","","","","","","","","","","","","","","","","","","","","","","","","",100,1,"","","","","","","","","","","","",9.3,1,1024.1,1,"","","","","","",4,1,0,1,8,1,0,1,0,1,"","","","","","","","","","","","","","","","","","","","","","","","",12000,1,"","",0,1,"","","","","","","","","","","","",3,1,310,1,"","","","","","","","","","","","","","","","","","","","","","","","","","","","","","","","","","","","","","","","","","","","","","","","","","","",""
"33236002","CAP-FERRET",44.630667,-1.252,8,1977041106,"","","","",0.,1,0,1,"","","","","","","","","","","","","","","","","","","","","","","","","","","","",5.8,1,5.1,1,"","","","","","","","","","","","","","","","","","","","","","","","","","",95,1,"","","","","","","","","","","","",8.9,1,1024.3,1,"","","","","","",4,1,0,1,8,1,0,1,0,1,"","","","","","","","","","","","","","","","","","","","","","","","",12000,1,"","",2,1,0,1,"","","","","","","","","","",3,1,310,1,"","","","","","","","","","","","","","","","","","","","","","","","","","","","","","","","","","","","","","","","","","","","","","","","","","","",""
"33236002","CAP-FERRET",44.630667,-1.252,8,1977041109,"","","","",7.,1,340,1,"","","","","","","","","","","","","","","","","","","","","","","","","","","","",10.8,1,6.8,1,"","","","","","","","","","","","","","","","","","","","","","","","","","",77,1,"","","","","","","","","","","","",10.,1,1025.3,1,"","","","","","",7,1,7,1,8,1,"","","","","","","","","","","","","","","","","","","","","","","","","","","","",18000,1,"","",2,1,8,1,"","","","","","","","","","",3,1,310,1,"","","","","","","","","","","","","","","","","","","","","","","","","","","","","","","","","","","","","","","","","","","","","","","","","","","",""
"33236002","CAP-FERRET",44.630667,-1.252,8,1977041112,"","","","",9.,1,340,1,"","","","","","","","","","","","","","","","","","","","","","","","","","","","",8.8,1,8.,1,"","","","","","","","","","","","","","","","","","","","","","","","","","",96,1,"","","","","","","","","","","","",10.9,1,1026.3,1,"","","","","","",7,1,5,1,8,1,7,1,"","","","","","","","","","","","","","","","","","","","","","","","","","",16000,1,"","",16,1,8,1,"","","","","","","","","","",3,1,310,1,"","","","","","","","","","","","","","","","","","","","","","","","","","","","","","","","","","","","","","","","","","","","","","","","","","","",""
"33236002","CAP-FERRET",44.630667,-1.252,8,1977041115,"","","","",12.,1,320,1,"","","","","","","","","","","","","","","","","","","","","","","","","","","","",12.8,1,10.6,1,"","","","","","","","","","","","","","","","","","","","","","","","","","",88,1,"","","","","","","","","","","","",13.,1,1026.3,1,"","","","","","",7,1,0,1,8,1,6,1,3,1,"","","","","","","","","","","","","","","","","","","","","","","","",16000,1,"","",2,1,2,1,"","","","","","","","","","",4,1,310,1,"","","","","","","","","","","","","","","","","","","","","","","","","","","","","","","","","","","","","","","","","","","","","","","","","","","",""
"33236002","CAP-FERRET",44.630667,-1.252,8,1977041118,"","","","",11.,1,320,1,"","","","","","","","","","","","","","","","","","","","","","","","","","","","",10.8,1,8.1,1,"","","","","","","","","","","","","","","","","","","","","","","","","","",87,1,"","","","","","","","","","","","",11.,1,1026.5,1,"","","","","","",7,1,5,1,8,1,6,1,"","","","","","","","","","","","","","","","","","","","","","","","","","",16000,1,"","",2,1,2,1,"","","","","","","","","","",4,1,310,1,"","","","","","","","","","","","","","","","","","","","","","","","","","","","","","","","","","","","","","","","","","","","","","","","","","","",""
"33236002","CAP-FERRET",44.630667,-1.252,8,1977041121,"","","","",9.,1,340,1,"","","","","","","","","","","","","","","","","","","","","","","","","","","","",10.2,1,6.9,1,"","","","","","","","","","","","","","","","","","","","","","","","","","",81,1,"","","","","","","","","","","","",10.1,1,1027.9,1,"","","","","","",8,1,8,1,8,1,"","","","","","","","","","","","","","","","","","","","","","","","","","","","",16000,1,"","",2,1,2,1,"","","","","","","","","","",4,1,310,1,"","","","","","","","","","","","","","","","","","","","","","","","","","","","","","","","","","","","","","","","","","","","","","","","","","","",""
"33236002","CAP-FERRET",44.630667,-1.252,8,1977041200,"","","","","","","","","","","","","","","","","","","","","","","","","","","","","","","","","","","","","","","","","","","","","","","","","","","","","","","","","","","","","","","","","","","","","","","","","","","","","","","","","","",1028.5,1,"","","","","","","","","","","","","","","","","","","","","","","","","","","","","","","","","","","","","","","","","","","","","","","","","","","","","","","","","","","","","","","","","","","","","","","","","","","","","","","","","","","","","","","","","","","","","","","","","","","","","","","","","","","","","","","","","",""
"33236002","CAP-FERRET",44.630667,-1.252,8,1977041203,"","","","",6.,1,340,1,"","","","","","","","","","","","","","","","","","","","","","","","","","","","",9.2,1,7.9,1,"","","","","","","","","","","","","","","","","","","","","","","","","","",93,1,"","","","","","","","","","","","",10.8,1,1028.5,1,"","","","","","",8,1,8,1,8,1,"","","","","","","","","","","","","","","","","","","","","","","","","","","","",10000,1,"","",0,1,"","","","","","","","","","","","",4,1,270,1,"","","","","","","","","","","","","","","","","","","","","","","","","","","","","","","","","","","","","","","","","","","","","","","","","","","",""
"33236002","CAP-FERRET",44.630667,-1.252,8,1977041206,"","","","",7.,1,300,1,"","","","","","","","","","","","","","","","","","","","","","","","","","","","",10.,1,8.9,1,"","","","","","","","","","","","","","","","","","","","","","","","","","",95,1,"","","","","","","","","","","","",11.6,1,1028.1,1,"","","","","","",8,1,8,1,8,1,"","","","","","","","","","","","","","","","","","","","","","","","","","","","",10000,1,"","",2,1,"","","","","","","","","","","","",4,1,270,1,"","","","","","","","","","","","","","","","","","","","","","","","","","","","","","","","","","","","","","","","","","","","","","","","","","","",""
"33236002","CAP-FERRET",44.630667,-1.252,8,1977041209,"","","","",9.,1,320,1,"","","","","","","","","","","","","","","","","","","","","","","","","","","","",11.6,1,10.9,1,"","","","","","","","","","","","","","","","","","","","","","","","","","",97,1,"","","","","","","","","","","","",13.3,1,1028.1,1,"","","","","","",8,1,6,1,8,1,"","","","","","","","","","","","","","","","","","","","","","","","","","","","",5000,1,"","",21,1,6,1,"","","","","","","","","","",4,1,270,1,"","","","","","","","","","","","","","","","","","","","","","","","","","","","","","","","","","","","","","","","","","","","","","","","","","","",""
"33236002","CAP-FERRET",44.630667,-1.252,8,1977041212,"","","","",9.,1,320,1,"","","","","","","","","","","","","","","","","","","","","","","","","","","","",13.1,1,10.1,1,"","","","","","","","","","","","","","","","","","","","","","","","","","",84,1,"","","","","","","","","","","","",12.6,1,1028.8,1,"","","","","","",8,1,8,1,8,1,"","","","","","","","","","","","","","","","","","","","","","","","","","","","",15000,1,"","",2,1,6,1,"","","","","","","","","","",4,1,270,1,"","","","","","","","","","","","","","","","","","","","","","","","","","","","","","","","","","","","","","","","","","","","","","","","","","","",""
"33236002","CAP-FERRET",44.630667,-1.252,8,1977041215,"","","","",8.,1,320,1,"","","","","","","","","","","","","","","","","","","","","","","","","","","","",12.8,1,10.,1,"","","","","","","","","","","","","","","","","","","","","","","","","","",85,1,"","","","","","","","","","","","",12.5,1,1029.,1,"","","","","","",8,1,8,1,8,1,"","","","","","","","","","","","","","","","","","","","","","","","","","","","",15000,1,"","",2,1,2,1,"","","","","","","","","","",4,1,270,1,"","","","","","","","","","","","","","","","","","","","","","","","","","","","","","","","","","","","","","","","","","","","","","","","","","","",""
"33236002","CAP-FERRET",44.630667,-1.252,8,1977041218,"","","","",8.,1,320,1,"","","","","","","","","","","","","","","","","","","","","","","","","","","","",11.5,1,9.5,1,"","","","","","","","","","","","","","","","","","","","","","","","","","",89,1,"","","","","","","","","","","","",12.1,1,1029.5,1,"","","","","","",8,1,8,1,8,1,"","","","","","","","","","","","","","","","","","","","","","","","","","","","",12000,1,"","",2,1,2,1,"","","","","","","","","","",4,1,270,1,"","","","","","","","","","","","","","","","","","","","","","","","","","","","","","","","","","","","","","","","","","","","","","","","","","","",""
"33236002","CAP-FERRET",44.630667,-1.252,8,1977041221,"","","","",7.,1,300,1,"","","","","","","","","","","","","","","","","","","","","","","","","","","","",10.6,1,9.8,1,"","","","","","","","","","","","","","","","","","","","","","","","","","",96,1,"","","","","","","","","","","","",12.3,1,1031.1,1,"","","","","","",8,1,8,1,8,1,"","","","","","","","","","","","","","","","","","","","","","","","","","","","",7000,1,"","",50,1,5,1,"","","","","","","","","","",4,1,270,1,"","","","","","","","","","","","","","","","","","","","","","","","","","","","","","","","","","","","","","","","","","","","","","","","","","","",""
"33236002","CAP-FERRET",44.630667,-1.252,8,1977041300,"","","","","","","","","","","","","","","","","","","","","","","","","","","","","","","","","","","","","","","","","","","","","","","","","","","","","","","","","","","","","","","","","","","","","","","","","","","","","","","","","","",1031.5,1,"","","","","","","","","","","","","","","","","","","","","","","","","","","","","","","","","","","","","","","","","","","","","","","","","","","","","","","","","","","","","","","","","","","","","","","","","","","","","","","","","","","","","","","","","","","","","","","","","","","","","","","","","","","","","","","","","",""
"33236002","CAP-FERRET",44.630667,-1.252,8,1977041303,"","","","",6.,1,320,1,"","","","","","","","","","","","","","","","","","","","","","","","","","","","",10.4,1,9.8,1,"","","","","","","","","","","","","","","","","","","","","","","","","","",97,1,"","","","","","","","","","","","",12.3,1,1029.5,1,"","","","","","",8,1,6,1,7,1,7,1,"","","","","","","","","","","","","","","","","","","","","","","","","","",8000,1,"","",0,1,6,1,"","","","","","","","","","",4,1,310,1,"","","","","","","","","","","","","","","","","","","","","","","","","","","","","","","","","","","","","","","","","","","","","","","","","","","",""
"33236002","CAP-FERRET",44.630667,-1.252,8,1977041306,"","","","",9.,1,320,1,"","","","","","","","","","","","","","","","","","","","","","","","","","","","",10.9,1,9.,1,"","","","","","","","","","","","","","","","","","","","","","","","","","",90,1,"","","","","","","","","","","","",11.7,1,1029.8,1,"","","","","","",8,1,8,1,8,1,"","","","","","","","","","","","","","","","","","","","","","","","","","","","",12000,1,"","",2,1,6,1,"","","","","","","","","","",4,1,310,1,"","","","","","","","","","","","","","","","","","","","","","","","","","","","","","","","","","","","","","","","","","","","","","","","","","","",""
"33236002","CAP-FERRET",44.630667,-1.252,8,1977041309,"","","","",7.,1,300,1,"","","","","","","","","","","","","","","","","","","","","","","","","","","","",12.1,1,9.9,1,"","","","","","","","","","","","","","","","","","","","","","","","","","",88,1,"","","","","","","","","","","","",12.4,1,1029.9,1,"","","","","","",8,1,8,1,8,1,"","","","","","","","","","","","","","","","","","","","","","","","","","","","",10000,1,"","",2,1,2,1,"","","","","","","","","","",4,1,310,1,"","","","","","","","","","","","","","","","","","","","","","","","","","","","","","","","","","","","","","","","","","","","","","","","","","","",""
"33236002","CAP-FERRET",44.630667,-1.252,8,1977041312,"","","","",8.,1,320,1,"","","","","","","","","","","","","","","","","","","","","","","","","","","","",14.2,1,11.2,1,"","","","","","","","","","","","","","","","","","","","","","","","","","",84,1,"","","","","","","","","","","","",13.6,1,1029.1,1,"","","","","","",8,1,8,1,8,1,"","","","","","","","","","","","","","","","","","","","","","","","","","","","",18000,1,"","",1,1,2,1,"","","","","","","","","","",3,1,310,1,"","","","","","","","","","","","","","","","","","","","","","","","","","","","","","","","","","","","","","","","","","","","","","","","","","","",""
"33236002","CAP-FERRET",44.630667,-1.252,8,1977041315,"","","","",7.,1,320,1,"","","","","","","","","","","","","","","","","","","","","","","","","","","","",14.8,1,10.8,1,"","","","","","","","","","","","","","","","","","","","","","","","","","",78,1,"","","","","","","","","","","","",13.2,1,1028.2,1,"","","","","","",7,1,7,1,8,1,"","","","","","","","","","","","","","","","","","","","","","","","","","","","",20000,1,"","",1,1,2,1,"","","","","","","","","","",3,1,310,1,"","","","","","","","","","","","","","","","","","","","","","","","","","","","","","","","","","","","","","","","","","","","","","","","","","","",""
"33236002","CAP-FERRET",44.630667,-1.252,8,1977041318,"","","","",5.,1,340,1,"","","","","","","","","","","","","","","","","","","","","","","","","","","","",10.2,1,9.5,1,"","","","","","","","","","","","","","","","","","","","","","","","","","",97,1,"","","","","","","","","","","","",12.1,1,1027.5,1,"","","","","","",6,1,6,1,8,1,0,1,0,1,"","","","","","","","","","","","","","","","","","","","","","","","",20000,1,"","",1,1,2,1,"","","","","","","","","","",3,1,310,1,"","","","","","","","","","","","","","","","","","","","","","","","","","","","","","","","","","","","","","","","","","","","","","","","","","","",""
"33236002","CAP-FERRET",44.630667,-1.252,8,1977041321,"","","","",5.,1,340,1,"","","","","","","","","","","","","","","","","","","","","","","","","","","","",9.8,1,6.9,1,"","","","","","","","","","","","","","","","","","","","","","","","","","",83,1,"","","","","","","","","","","","",10.1,1,1028.1,1,"","","","","","",1,1,0,1,8,1,0,1,0,1,"","","","","","","","","","","","","","","","","","","","","","","","",20000,1,"","",1,1,1,1,"","","","","","","","","","",3,1,"","","","","","","","","","","","","","","","","","","","","","","","","","","","","","","","","","","","","","","","","","","","","","","","","","","","","",""
"33236002","CAP-FERRET",44.630667,-1.252,8,1977041400,"","","","","","","","","","","","","","","","","","","","","","","","","","","","","","","","","","","","","","","","","","","","","","","","","","","","","","","","","","","","","","","","","","","","","","","","","","","","","","","","","","",1026.9,1,"","","","","","","","","","","","","","","","","","","","","","","","","","","","","","","","","","","","","","","","","","","","","","","","","","","","","","","","","","","","","","","","","","","","","","","","","","","","","","","","","","","","","","","","","","","","","","","","","","","","","","","","","","","","","","","","","",""
"33236002","CAP-FERRET",44.630667,-1.252,8,1977041403,"","","","",5.,1,360,1,"","","","","","","","","","","","","","","","","","","","","","","","","","","","",10.1,1,9.3,1,"","","","","","","","","","","","","","","","","","","","","","","","","","",97,1,"","","","","","","","","","","","",11.9,1,1025.7,1,"","","","","","",7,1,7,1,8,1,"","","","","","","","","","","","","","","","","","","","","","","","","","","","",10000,1,"","",0,1,"","","","","","","","","","","","",3,1,310,1,"","","","","","","","","","","","","","","","","","","","","","","","","","","","","","","","","","","","","","","","","","","","","","","","","","","",""
"33236002","CAP-FERRET",44.630667,-1.252,8,1977041406,"","","","",3.,1,360,1,"","","","","","","","","","","","","","","","","","","","","","","","","","","","",10.,1,8.4,1,"","","","","","","","","","","","","","","","","","","","","","","","","","",91,1,"","","","","","","","","","","","",11.2,1,1025.,1,"","","","","","",7,1,7,1,5,1,"","","","","","","","","","","","","","","","","","","","","","","","","","","","",15000,1,"","",2,1,"","","","","","","","","","","","",3,1,310,1,"","","","","","","","","","","","","","","","","","","","","","","","","","","","","","","","","","","","","","","","","","","","","","","","","","","",""
"33236002","CAP-FERRET",44.630667,-1.252,8,1977041409,"","","","",3.,1,360,1,"","","","","","","","","","","","","","","","","","","","","","","","","","","","","","",10.3,1,"","","","","","","","","","","","","","","","","","","","","","","","","","",81,1,"","","","","","","","","","","","",12.8,1,1024.6,1,"","","","","","",6,1,5,1,8,1,0,1,0,1,"","","","","","","","","","","","","","","","","","","","","","","","",15000,1,"","",2,1,2,1,"","","","","","","","","","",3,1,310,1,"","","","","","","","","","","","","","","","","","","","","","","","","","","","","","","","","","","","","","","","","","","","","","","","","","","",""
"33236002","CAP-FERRET",44.630667,-1.252,8,1977041412,"","","","",3.,1,340,1,"","","","","","","","","","","","","","","","","","","","","","","","","","","","","","",10.3,1,"","","","","","","","","","","","","","","","","","","","","","","","","","",82,1,"","","","","","","","","","","","",12.8,1,1023.9,1,"","","","","","",7,1,6,1,8,1,"","","","","","","","","","","","","","","","","","","","","","","","","","","","",20000,1,"","",2,1,2,1,"","","","","","","","","","",3,1,310,1,"","","","","","","","","","","","","","","","","","","","","","","","","","","","","","","","","","","","","","","","","","","","","","","","","","","",""
"33236002","CAP-FERRET",44.630667,-1.252,8,1977041415,"","","","",5.,1,340,1,"","","","","","","","","","","","","","","","","","","","","","","","","","","","","","",8.1,1,"","","","","","","","","","","","","","","","","","","","","","","","","","",66,1,"","","","","","","","","","","","",11.,1,1022.2,1,"","","","","","",2,1,0,1,2,1,0,1,0,1,"","","","","","","","","","","","","","","","","","","","","","","","",18000,1,"","",2,1,1,1,"","","","","","","","","","",3,1,290,1,"","","","","","","","","","","","","","","","","","","","","","","","","","","","","","","","","","","","","","","","","","","","","","","","","","","",""
"33236002","CAP-FERRET",44.630667,-1.252,8,1977041418,"","","","",5.,1,360,1,"","","","","","","","","","","","","","","","","","","","","","","","","","","","",11.4,1,6.2,1,"","","","","","","","","","","","","","","","","","","","","","","","","","",71,1,"","","","","","","","","","","","",9.6,1,1021.2,1,"","","","","","",2,1,0,1,2,1,0,1,0,1,"","","","","","","","","","","","","","","","","","","","","","","","",15000,1,"","",2,1,1,1,"","","","","","","","","","",3,1,290,1,"","","","","","","","","","","","","","","","","","","","","","","","","","","","","","","","","","","","","","","","","","","","","","","","","","","",""
"33236002","CAP-FERRET",44.630667,-1.252,8,1977041421,"","","","",4.,1,20,1,"","","","","","","","","","","","","","","","","","","","","","","","","","","","",8.3,1,5.3,1,"","","","","","","","","","","","","","","","","","","","","","","","","","",82,1,"","","","","","","","","","","","",9.,1,1021.6,1,"","","","","","",0,1,"","",0,1,0,1,0,1,"","","","","","","","","","","","","","","","","","","","","","","","",15000,1,"","",2,1,0,1,"","","","","","","","","","",3,1,290,1,"","","","","","","","","","","","","","","","","","","","","","","","","","","","","","","","","","","","","","","","","","","","","","","","","","","",""
"33236002","CAP-FERRET",44.630667,-1.252,8,1977041500,"","","","","","","","","","","","","","","","","","","","","","","","","","","","","","","","","","","","","","","","","","","","","","","","","","","","","","","","","","","","","","","","","","","","","","","","","","","","","","","","","","",1020.9,1,"","","","","","","","","","","","","","","","","","","","","","","","","","","","","","","","","","","","","","","","","","","","","","","","","","","","","","","","","","","","","","","","","","","","","","","","","","","","","","","","","","","","","","","","","","","","","","","","","","","","","","","","","","","","","","","","","",""
"33236002","CAP-FERRET",44.630667,-1.252,8,1977041503,"","","","",5.,1,60,1,"","","","","","","","","","","","","","","","","","","","","","","","","","","","",7.8,1,4.,1,"","","","","","","","","","","","","","","","","","","","","","","","","","",77,1,"","","","","","","","","","","","",8.2,1,1020.9,1,"","","","","","",6,1,6,1,5,1,0,1,0,1,"","","","","","","","","","","","","","","","","","","","","","","","",15000,1,"","",0,1,"","","","","","","","","","","","",3,1,"","","","","","","","","","","","","","","","","","","","","","","","","","","","","","","","","","","","","","","","","","","","","","","","","","","","","",""
"33236002","CAP-FERRET",44.630667,-1.252,8,1977041506,"","","","",3.,1,60,1,"","","","","","","","","","","","","","","","","","","","","","","","","","","","",6.4,1,4.,1,"","","","","","","","","","","","","","","","","","","","","","","","","","",85,1,"","","","","","","","","","","","",8.2,1,1021.1,1,"","","","","","",3,1,0,1,5,1,0,1,2,1,"","","","","","","","","","","","","","","","","","","","","","","","",15000,1,"","",1,1,1,1,"","","","","","","","","","",3,1,"","","","","","","","","","","","","","","","","","","","","","","","","","","","","","","","","","","","","","","","","","","","","","","","","","","","","",""
"33236002","CAP-FERRET",44.630667,-1.252,8,1977041509,"","","","",3.,1,80,1,"","","","","","","","","","","","","","","","","","","","","","","","","","","","",11.2,1,5.3,1,"","","","","","","","","","","","","","","","","","","","","","","","","","",67,1,"","","","","","","","","","","","",9.,1,1021.7,1,"","","","","","",0,1,"","",0,1,0,1,0,1,"","","","","","","","","","","","","","","","","","","","","","","","",20000,1,"","",1,1,0,1,"","","","","","","","","","",2,1,"","","","","","","","","","","","","","","","","","","","","","","","","","","","","","","","","","","","","","","","","","","","","","","","","","","","","",""
"33236002","CAP-FERRET",44.630667,-1.252,8,1977041512,"","","","",4.,1,60,1,"","","","","","","","","","","","","","","","","","","","","","","","","","","","",15.,1,1.8,1,"","","","","","","","","","","","","","","","","","","","","","","","","","",41,1,"","","","","","","","","","","","",7.,1,1020.9,1,"","","","","","",0,1,"","",0,1,0,1,0,1,"","","","","","","","","","","","","","","","","","","","","","","","",20000,1,"","",2,1,0,1,"","","","","","","","","","",2,1,"","","","","","","","","","","","","","","","","","","","","","","","","","","","","","","","","","","","","","","","","","","","","","","","","","","","","",""
"33236002","CAP-FERRET",44.630667,-1.252,8,1977041515,"","","","",2.,1,60,1,"","","","","","","","","","","","","","","","","","","","","","","","","","","","",16.,1,3.3,1,"","","","","","","","","","","","","","","","","","","","","","","","","","",43,1,"","","","","","","","","","","","",7.8,1,1019.7,1,"","","","","","",2,1,0,1,0,1,0,1,2,1,"","","","","","","","","","","","","","","","","","","","","","","","",20000,1,"","",2,1,0,1,"","","","","","","","","","",2,1,"","","","","","","","","","","","","","","","","","","","","","","","","","","","","","","","","","","","","","","","","","","","","","","","","","","","","",""
"33236002","CAP-FERRET",44.630667,-1.252,8,1977041518,"","","","",5.,1,80,1,"","","","","","","","","","","","","","","","","","","","","","","","","","","","",14.,1,2.2,1,"","","","","","","","","","","","","","","","","","","","","","","","","","",45,1,"","","","","","","","","","","","",7.2,1,1019.5,1,"","","","","","",3,1,0,1,0,1,0,1,2,1,"","","","","","","","","","","","","","","","","","","","","","","","",24000,1,"","",3,1,0,1,"","","","","","","","","","",2,1,"","","","","","","","","","","","","","","","","","","","","","","","","","","","","","","","","","","","","","","","","","","","","","","","","","","","","",""
"33236002","CAP-FERRET",44.630667,-1.252,8,1977041521,"","","","",3.,1,60,1,"","","","","","","","","","","","","","","","","","","","","","","","","","","","",10.,1,4.,1,"","","","","","","","","","","","","","","","","","","","","","","","","","",67,1,"","","","","","","","","","","","",8.2,1,1020.5,1,"","","","","","",0,1,"","",0,1,0,1,0,1,"","","","","","","","","","","","","","","","","","","","","","","","",18000,1,"","",2,1,0,1,"","","","","","","","","","",2,1,"","","","","","","","","","","","","","","","","","","","","","","","","","","","","","","","","","","","","","","","","","","","","","","","","","","","","",""
"33236002","CAP-FERRET",44.630667,-1.252,8,1977041600,"","","","","","","","","","","","","","","","","","","","","","","","","","","","","","","","","","","","","","","","","","","","","","","","","","","","","","","","","","","","","","","","","","","","","","","","","","","","","","","","","","",1020.4,1,"","","","","","","","","","","","","","","","","","","","","","","","","","","","","","","","","","","","","","","","","","","","","","","","","","","","","","","","","","","","","","","","","","","","","","","","","","","","","","","","","","","","","","","","","","","","","","","","","","","","","","","","","","","","","","","","","",""
"33236002","CAP-FERRET",44.630667,-1.252,8,1977041603,"","","","",7.,1,100,1,"","","","","","","","","","","","","","","","","","","","","","","","","","","","",7.5,1,0.4,1,"","","","","","","","","","","","","","","","","","","","","","","","","","",61,1,"","","","","","","","","","","","",6.3,1,1019.4,1,"","","","","","",0,1,"","",0,1,0,1,0,1,"","","","","","","","","","","","","","","","","","","","","","","","",15000,1,"","",0,1,"","","","","","","","","","","","",2,1,"","","","","","","","","","","","","","","","","","","","","","","","","","","","","","","","","","","","","","","","","","","","","","","","","","","","","",""
"33236002","CAP-FERRET",44.630667,-1.252,8,1977041606,"","","","",5.,1,120,1,"","","","","","","","","","","","","","","","","","","","","","","","","","","","",6.1,1,0.2,1,"","","","","","","","","","","","","","","","","","","","","","","","","","",66,1,"","","","","","","","","","","","",6.2,1,1018.8,1,"","","","","","",3,1,0,1,0,1,0,1,2,1,"","","","","","","","","","","","","","","","","","","","","","","","",15000,1,"","",2,1,"","","","","","","","","","","","",2,1,"","","","","","","","","","","","","","","","","","","","","","","","","","","","","","","","","","","","","","","","","","","","","","","","","","","","","",""
"33236002","CAP-FERRET",44.630667,-1.252,8,1977041609,"","","","",5.,1,100,1,"","","","","","","","","","","","","","","","","","","","","","","","","","","","",12.2,1,1.4,1,"","","","","","","","","","","","","","","","","","","","","","","","","","",48,1,"","","","","","","","","","","","",6.8,1,1018.4,1,"","","","","","",4,1,0,1,0,1,0,1,2,1,"","","","","","","","","","","","","","","","","","","","","","","","",25000,1,"","",2,1,0,1,"","","","","","","","","","",2,1,"","","","","","","","","","","","","","","","","","","","","","","","","","","","","","","","","","","","","","","","","","","","","","","","","","","","","",""
"33236002","CAP-FERRET",44.630667,-1.252,8,1977041612,"","","","",5.,1,100,1,"","","","","","","","","","","","","","","","","","","","","","","","","","","","",17.4,1,0.6,1,"","","","","","","","","","","","","","","","","","","","","","","","","","",32,1,"","","","","","","","","","","","",6.4,1,1016.4,1,"","","","","","",4,1,0,1,0,1,0,1,2,1,"","","","","","","","","","","","","","","","","","","","","","","","",30000,1,"","",2,1,0,1,"","","","","","","","","","",2,1,"","","","","","","","","","","","","","","","","","","","","","","","","","","","","","","","","","","","","","","","","","","","","","","","","","","","","",""
"33236002","CAP-FERRET",44.630667,-1.252,8,1977041615,"","","","",6.,1,80,1,"","","","","","","","","","","","","","","","","","","","","","","","","","","","",18.8,1,4.7,1,"","","","","","","","","","","","","","","","","","","","","","","","","","",40,1,"","","","","","","","","","","","",8.6,1,1013.8,1,"","","","","","",6,1,6,1,0,1,0,1,2,1,"","","","","","","","","","","","","","","","","","","","","","","","",25000,1,"","",2,1,1,1,"","","","","","","","","","",2,1,"","","","","","","","","","","","","","","","","","","","","","","","","","","","","","","","","","","","","","","","","","","","","","","","","","","","","",""
"33236002","CAP-FERRET",44.630667,-1.252,8,1977041618,"","","","",5.,1,100,1,"","","","","","","","","","","","","","","","","","","","","","","","","","","","",16.,1,4.8,1,"","","","","","","","","","","","","","","","","","","","","","","","","","",48,1,"","","","","","","","","","","","",8.7,1,1012.1,1,"","","","","","",7,1,7,1,0,1,0,1,2,1,"","","","","","","","","","","","","","","","","","","","","","","","",20000,1,"","",2,1,1,1,"","","","","","","","","","",2,1,"","","","","","","","","","","","","","","","","","","","","","","","","","","","","","","","","","","","","","","","","","","","","","","","","","","","","",""
"33236002","CAP-FERRET",44.630667,-1.252,8,1977041621,"","","","",5.,1,120,1,"","","","","","","","","","","","","","","","","","","","","","","","","","","","",13.,1,4.2,1,"","","","","","","","","","","","","","","","","","","","","","","","","","",55,1,"","","","","","","","","","","","",8.3,1,1012.5,1,"","","","","","",0,1,"","",0,1,0,1,0,1,"","","","","","","","","","","","","","","","","","","","","","","","",20000,1,"","",2,1,1,1,"","","","","","","","","","",2,1,"","","","","","","","","","","","","","","","","","","","","","","","","","","","","","","","","","","","","","","","","","","","","","","","","","","","","",""
"33236002","CAP-FERRET",44.630667,-1.252,8,1977041700,"","","","","","","","","","","","","","","","","","","","","","","","","","","","","","","","","","","","","","","","","","","","","","","","","","","","","","","","","","","","","","","","","","","","","","","","","","","","","","","","","","",1011.1,1,"","","","","","","","","","","","","","","","","","","","","","","","","","","","","","","","","","","","","","","","","","","","","","","","","","","","","","","","","","","","","","","","","","","","","","","","","","","","","","","","","","","","","","","","","","","","","","","","","","","","","","","","","","","","","","","","","",""
"33236002","CAP-FERRET",44.630667,-1.252,8,1977041703,"","","","",9.,1,280,1,"","","","","","","","","","","","","","","","","","","","","","","","","","","","",11.8,1,8.,1,"","","","","","","","","","","","","","","","","","","","","","","","","","",78,1,"","","","","","","","","","","","",10.9,1,1010.6,1,"","","","","","",8,1,8,1,5,1,"","","","","","","","","","","","","","","","","","","","","","","","","","","","",15000,1,"","",0,1,"","","","","","","","","","","","",3,1,270,1,"","","","","","","","","","","","","","","","","","","","","","","","","","","","","","","","","","","","","","","","","","","","","","","","","","","",""
"33236002","CAP-FERRET",44.630667,-1.252,8,1977041706,"","","","",8.,1,300,1,"","","","","","","","","","","","","","","","","","","","","","","","","","","","",11.8,1,8.,1,"","","","","","","","","","","","","","","","","","","","","","","","","","",78,1,"","","","","","","","","","","","",10.9,1,1011.3,1,"","","","","","",8,1,6,1,5,1,6,1,2,1,"","","","","","","","","","","","","","","","","","","","","","","","",15000,1,"","",2,1,2,1,"","","","","","","","","","",3,1,270,1,"","","","","","","","","","","","","","","","","","","","","","","","","","","","","","","","","","","","","","","","","","","","","","","","","","","",""
"33236002","CAP-FERRET",44.630667,-1.252,8,1977041709,"","","","",5.,1,280,1,"","","","","","","","","","","","","","","","","","","","","","","","","","","","",12.2,1,7.5,1,"","","","","","","","","","","","","","","","","","","","","","","","","","",74,1,"","","","","","","","","","","","",10.5,1,1012.9,1,"","","","","","",6,1,0,1,5,1,8,1,2,1,"","","","","","","","","","","","","","","","","","","","","","","","",15000,1,"","",1,1,6,1,"","","","","","","","","","",3,1,270,1,"","","","","","","","","","","","","","","","","","","","","","","","","","","","","","","","","","","","","","","","","","","","","","","","","","","",""
"33236002","CAP-FERRET",44.630667,-1.252,8,1977041712,"","","","",5.,1,240,1,"","","","","","","","","","","","","","","","","","","","","","","","","","","","",12.8,1,8.7,1,"","","","","","","","","","","","","","","","","","","","","","","","","","",77,1,"","","","","","","","","","","","",11.4,1,1013.5,1,"","","","","","",8,1,5,1,8,1,7,1,"","","","","","","","","","","","","","","","","","","","","","","","","","",15000,1,"","",2,1,1,1,"","","","","","","","","","",3,1,270,1,"","","","","","","","","","","","","","","","","","","","","","","","","","","","","","","","","","","","","","","","","","","","","","","","","","","",""
"33236002","CAP-FERRET",44.630667,-1.252,8,1977041715,"","","","",6.,1,220,1,"","","","","","","","","","","","","","","","","","","","","","","","","","","","",13.6,1,10.3,1,"","","","","","","","","","","","","","","","","","","","","","","","","","",82,1,"","","","","","","","","","","","",12.8,1,1013.1,1,"","","","","","",6,1,0,1,9,1,6,1,3,1,"","","","","","","","","","","","","","","","","","","","","","","","",20000,1,"","",1,1,8,1,"","","","","","","","","","",3,1,270,1,"","","","","","","","","","","","","","","","","","","","","","","","","","","","","","","","","","","","","","","","","","","","","","","","","","","",""
"33236002","CAP-FERRET",44.630667,-1.252,8,1977041718,"","","","",4.,1,220,1,"","","","","","","","","","","","","","","","","","","","","","","","","","","","","","",8.1,1,"","","","","","","","","","","","","","","","","","","","","","","","","","",85,1,"","","","","","","","","","","","",11.,1,1013.4,1,"","","","","","",7,1,0,1,9,1,6,1,3,1,"","","","","","","","","","","","","","","","","","","","","","","","",18000,1,"","",15,1,8,1,"","","","","","","","","","",3,1,270,1,"","","","","","","","","","","","","","","","","","","","","","","","","","","","","","","","","","","","","","","","","","","","","","","","","","","",""
"33236002","CAP-FERRET",44.630667,-1.252,8,1977041721,"","","","",3.,1,120,1,"","","","","","","","","","","","","","","","","","","","","","","","","","","","",10.2,1,8.5,1,"","","","","","","","","","","","","","","","","","","","","","","","","","",91,1,"","","","","","","","","","","","",11.3,1,1014.3,1,"","","","","","",7,1,7,1,8,1,"","","","","","","","","","","","","","","","","","","","","","","","","","","","",18000,1,"","",2,1,2,1,"","","","","","","","","","",3,1,270,1,"","","","","","","","","","","","","","","","","","","","","","","","","","","","","","","","","","","","","","","","","","","","","","","","","","","",""
"33236002","CAP-FERRET",44.630667,-1.252,8,1977041800,"","","","","","","","","","","","","","","","","","","","","","","","","","","","","","","","","","","","","","","","","","","","","","","","","","","","","","","","","","","","","","","","","","","","","","","","","","","","","","","","","","",1015.,1,"","","","","","","","","","","","","","","","","","","","","","","","","","","","","","","","","","","","","","","","","","","","","","","","","","","","","","","","","","","","","","","","","","","","","","","","","","","","","","","","","","","","","","","","","","","","","","","","","","","","","","","","","","","","","","","","","",""
"33236002","CAP-FERRET",44.630667,-1.252,8,1977041803,"","","","",1.,1,80,1,"","","","","","","","","","","","","","","","","","","","","","","","","","","","",9.2,1,8.5,1,"","","","","","","","","","","","","","","","","","","","","","","","","","",97,1,"","","","","","","","","","","","",11.3,1,1016.,1,"","","","","","",7,1,7,1,8,1,"","","","","","","","","","","","","","","","","","","","","","","","","","","","",15000,1,"","",0,1,"","","","","","","","","","","","",3,1,270,1,"","","","","","","","","","","","","","","","","","","","","","","","","","","","","","","","","","","","","","","","","","","","","","","","","","","",""
"33236002","CAP-FERRET",44.630667,-1.252,8,1977041806,"","","","",2.,1,100,1,"","","","","","","","","","","","","","","","","","","","","","","","","","","","",8.8,1,8.1,1,"","","","","","","","","","","","","","","","","","","","","","","","","","",97,1,"","","","","","","","","","","","",11.,1,1017.7,1,"","","","","","",8,1,8,1,6,1,"","","","","","","","","","","","","","","","","","","","","","","","","","","","",5000,1,"","",2,1,"","","","","","","","","","","","",3,1,270,1,"","","","","","","","","","","","","","","","","","","","","","","","","","","","","","","","","","","","","","","","","","","","","","","","","","","",""
"33236002","CAP-FERRET",44.630667,-1.252,8,1977041809,"","","","",4.,1,60,1,"","","","","","","","","","","","","","","","","","","","","","","","","","","","",10.3,1,9.,1,"","","","","","","","","","","","","","","","","","","","","","","","","","",94,1,"","","","","","","","","","","","",11.7,1,1019.3,1,"","","","","","",7,1,7,1,6,1,"","","","","","","","","","","","","","","","","","","","","","","","","","","","",6000,1,"","",1,1,2,1,"","","","","","","","","","",3,1,270,1,"","","","","","","","","","","","","","","","","","","","","","","","","","","","","","","","","","","","","","","","","","","","","","","","","","","",""
"33236002","CAP-FERRET",44.630667,-1.252,8,1977041812,"","","","",5.,1,340,1,"","","","","","","","","","","","","","","","","","","","","","","","","","","","",14.,1,9.5,1,"","","","","","","","","","","","","","","","","","","","","","","","","","",76,1,"","","","","","","","","","","","",12.1,1,1020.1,1,"","","","","","",6,1,6,1,2,1,0,1,0,1,"","","","","","","","","","","","","","","","","","","","","","","","",10000,1,"","",2,1,2,1,"","","","","","","","","","",3,1,270,1,"","","","","","","","","","","","","","","","","","","","","","","","","","","","","","","","","","","","","","","","","","","","","","","","","","","",""
"33236002","CAP-FERRET",44.630667,-1.252,8,1977041815,"","","","",5.,1,340,1,"","","","","","","","","","","","","","","","","","","","","","","","","","","","",13.7,1,9.2,1,"","","","","","","","","","","","","","","","","","","","","","","","","","",75,1,"","","","","","","","","","","","",11.8,1,1020.4,1,"","","","","","",7,1,7,1,8,1,"","","","","","","","","","","","","","","","","","","","","","","","","","","","",13000,1,"","",2,1,2,1,"","","","","","","","","","",3,1,270,1,"","","","","","","","","","","","","","","","","","","","","","","","","","","","","","","","","","","","","","","","","","","","","","","","","","","",""
"33236002","CAP-FERRET",44.630667,-1.252,8,1977041818,"","","","",2.,1,20,1,"","","","","","","","","","","","","","","","","","","","","","","","","","","","",12.8,1,10.,1,"","","","","","","","","","","","","","","","","","","","","","","","","","",85,1,"","","","","","","","","","","","",12.5,1,1021.6,1,"","","","","","",7,1,7,1,5,1,"","","","","","","","","","","","","","","","","","","","","","","","","","","","",8000,1,"","",2,1,2,1,"","","","","","","","","","",3,1,270,1,"","","","","","","","","","","","","","","","","","","","","","","","","","","","","","","","","","","","","","","","","","","","","","","","","","","",""
"33236002","CAP-FERRET",44.630667,-1.252,8,1977041821,"","","","",4.,1,360,1,"","","","","","","","","","","","","","","","","","","","","","","","","","","","",11.2,1,10.1,1,"","","","","","","","","","","","","","","","","","","","","","","","","","",95,1,"","","","","","","","","","","","",12.6,1,1022.8,1,"","","","","","",0,1,"","",0,1,0,1,0,1,"","","","","","","","","","","","","","","","","","","","","","","","",5000,1,"","",2,1,1,1,"","","","","","","","","","",3,1,270,1,"","","","","","","","","","","","","","","","","","","","","","","","","","","","","","","","","","","","","","","","","","","","","","","","","","","",""
"33236002","CAP-FERRET",44.630667,-1.252,8,1977041900,"","","","","","","","","","","","","","","","","","","","","","","","","","","","","","","","","","","","","","","","","","","","","","","","","","","","","","","","","","","","","","","","","","","","","","","","","","","","","","","","","","",1023.5,1,"","","","","","","","","","","","","","","","","","","","","","","","","","","","","","","","","","","","","","","","","","","","","","","","","","","","","","","","","","","","","","","","","","","","","","","","","","","","","","","","","","","","","","","","","","","","","","","","","","","","","","","","","","","","","","","","","",""
"33236002","CAP-FERRET",44.630667,-1.252,8,1977041903,"","","","",6.,1,320,1,"","","","","","","","","","","","","","","","","","","","","","","","","","","","",10.8,1,9.8,1,"","","","","","","","","","","","","","","","","","","","","","","","","","",95,1,"","","","","","","","","","","","",12.3,1,1023.9,1,"","","","","","",6,1,6,1,6,1,0,1,0,1,"","","","","","","","","","","","","","","","","","","","","","","","",6000,1,"","",0,1,"","","","","","","","","","","","",3,1,270,1,"","","","","","","","","","","","","","","","","","","","","","","","","","","","","","","","","","","","","","","","","","","","","","","","","","","",""
"33236002","CAP-FERRET",44.630667,-1.252,8,1977041906,"","","","",5.,1,340,1,"","","","","","","","","","","","","","","","","","","","","","","","","","","","",11.,1,9.9,1,"","","","","","","","","","","","","","","","","","","","","","","","","","",95,1,"","","","","","","","","","","","",12.4,1,1024.1,1,"","","","","","",8,1,8,1,6,1,"","","","","","","","","","","","","","","","","","","","","","","","","","","","",5000,1,"","",60,1,2,1,"","","","","","","","","","",3,1,270,1,"","","","","","","","","","","","","","","","","","","","","","","","","","","","","","","","","","","","","","","","","","","","","","","","","","","",""
"33236002","CAP-FERRET",44.630667,-1.252,8,1977041909,"","","","",1.,1,20,1,"","","","","","","","","","","","","","","","","","","","","","","","","","","","",12.2,1,11.1,1,"","","","","","","","","","","","","","","","","","","","","","","","","","",96,1,"","","","","","","","","","","","",13.5,1,1025.5,1,"","","","","","",8,1,8,1,6,1,"","","","","","","","","","","","","","","","","","","","","","","","","","","","",5000,1,"","",2,1,2,1,"","","","","","","","","","",3,1,270,1,"","","","","","","","","","","","","","","","","","","","","","","","","","","","","","","","","","","","","","","","","","","","","","","","","","","",""
"33236002","CAP-FERRET",44.630667,-1.252,8,1977041912,"","","","",7.,1,360,1,"","","","","","","","","","","","","","","","","","","","","","","","","","","","",15.2,1,12.4,1,"","","","","","","","","","","","","","","","","","","","","","","","","","",85,1,"","","","","","","","","","","","",14.7,1,1026.5,1,"","","","","","",1,1,0,1,5,1,0,1,0,1,"","","","","","","","","","","","","","","","","","","","","","","","",12000,1,"","",1,1,1,1,"","","","","","","","","","",3,1,270,1,"","","","","","","","","","","","","","","","","","","","","","","","","","","","","","","","","","","","","","","","","","","","","","","","","","","",""
"33236002","CAP-FERRET",44.630667,-1.252,8,1977041915,"","","","",7.,1,340,1,"","","","","","","","","","","","","","","","","","","","","","","","","","","","",14.8,1,13.,1,"","","","","","","","","","","","","","","","","","","","","","","","","","",91,1,"","","","","","","","","","","","",15.3,1,1026.5,1,"","","","","","",1,1,0,1,5,1,0,1,0,1,"","","","","","","","","","","","","","","","","","","","","","","","",18000,1,"","",2,1,1,1,"","","","","","","","","","",3,1,270,1,"","","","","","","","","","","","","","","","","","","","","","","","","","","","","","","","","","","","","","","","","","","","","","","","","","","",""
"33236002","CAP-FERRET",44.630667,-1.252,8,1977041918,"","","","",8.,1,340,1,"","","","","","","","","","","","","","","","","","","","","","","","","","","","",11.8,1,10.3,1,"","","","","","","","","","","","","","","","","","","","","","","","","","",92,1,"","","","","","","","","","","","",12.8,1,1026.9,1,"","","","","","",0,1,"","",0,1,0,1,0,1,"","","","","","","","","","","","","","","","","","","","","","","","",20000,1,"","",2,1,0,1,"","","","","","","","","","",3,1,270,1,"","","","","","","","","","","","","","","","","","","","","","","","","","","","","","","","","","","","","","","","","","","","","","","","","","","",""
"33236002","CAP-FERRET",44.630667,-1.252,8,1977041921,"","","","",6.,1,360,1,"","","","","","","","","","","","","","","","","","","","","","","","","","","","",10.4,1,9.3,1,"","","","","","","","","","","","","","","","","","","","","","","","","","",95,1,"","","","","","","","","","","","",11.9,1,1028.7,1,"","","","","","",0,1,"","",0,1,0,1,0,1,"","","","","","","","","","","","","","","","","","","","","","","","",12000,1,"","",2,1,0,1,"","","","","","","","","","",3,1,270,1,"","","","","","","","","","","","","","","","","","","","","","","","","","","","","","","","","","","","","","","","","","","","","","","","","","","",""
"33236002","CAP-FERRET",44.630667,-1.252,8,1977042000,"","","","","","","","","","","","","","","","","","","","","","","","","","","","","","","","","","","","","","","","","","","","","","","","","","","","","","","","","","","","","","","","","","","","","","","","","","","","","","","","","","",1029.5,1,"","","","","","","","","","","","","","","","","","","","","","","","","","","","","","","","","","","","","","","","","","","","","","","","","","","","","","","","","","","","","","","","","","","","","","","","","","","","","","","","","","","","","","","","","","","","","","","","","","","","","","","","","","","","","","","","","",""
"33236002","CAP-FERRET",44.630667,-1.252,8,1977042003,"","","","",3.,1,60,1,"","","","","","","","","","","","","","","","","","","","","","","","","","","","",9.4,1,8.1,1,"","","","","","","","","","","","","","","","","","","","","","","","","","",94,1,"","","","","","","","","","","","",11.,1,1029.5,1,"","","","","","",0,1,"","",0,1,0,1,0,1,"","","","","","","","","","","","","","","","","","","","","","","","",10000,1,"","",0,1,"","","","","","","","","","","","",3,1,270,1,"","","","","","","","","","","","","","","","","","","","","","","","","","","","","","","","","","","","","","","","","","","","","","","","","","","",""
"33236002","CAP-FERRET",44.630667,-1.252,8,1977042006,"","","","",3.,1,40,1,"","","","","","","","","","","","","","","","","","","","","","","","","","","","",8.4,1,6.1,1,"","","","","","","","","","","","","","","","","","","","","","","","","","",86,1,"","","","","","","","","","","","",9.5,1,1030.2,1,"","","","","","",0,1,"","",0,1,0,1,0,1,"","","","","","","","","","","","","","","","","","","","","","","","",6000,1,"","",2,1,"","","","","","","","","","","","",3,1,270,1,"","","","","","","","","","","","","","","","","","","","","","","","","","","","","","","","","","","","","","","","","","","","","","","","","","","",""
"33236002","CAP-FERRET",44.630667,-1.252,8,1977042009,"","","","",3.,1,60,1,"","","","","","","","","","","","","","","","","","","","","","","","","","","","",12.8,1,6.9,1,"","","","","","","","","","","","","","","","","","","","","","","","","","",68,1,"","","","","","","","","","","","",10.1,1,1031.4,1,"","","","","","",0,1,"","",0,1,0,1,0,1,"","","","","","","","","","","","","","","","","","","","","","","","",7000,1,"","",2,1,0,1,"","","","","","","","","","",3,1,270,1,"","","","","","","","","","","","","","","","","","","","","","","","","","","","","","","","","","","","","","","","","","","","","","","","","","","",""
"33236002","CAP-FERRET",44.630667,-1.252,8,1977042012,"","","","",6.,1,340,1,"","","","","","","","","","","","","","","","","","","","","","","","","","","","",16.5,1,8.5,1,"","","","","","","","","","","","","","","","","","","","","","","","","","",60,1,"","","","","","","","","","","","",11.3,1,1031.6,1,"","","","","","",2,1,0,1,2,1,0,1,2,1,"","","","","","","","","","","","","","","","","","","","","","","","",8000,1,"","",2,1,0,1,"","","","","","","","","","",3,1,270,1,"","","","","","","","","","","","","","","","","","","","","","","","","","","","","","","","","","","","","","","","","","","","","","","","","","","",""
"33236002","CAP-FERRET",44.630667,-1.252,8,1977042015,"","","","",8.,1,360,1,"","","","","","","","","","","","","","","","","","","","","","","","","","","","",15.6,1,7.1,1,"","","","","","","","","","","","","","","","","","","","","","","","","","",57,1,"","","","","","","","","","","","",10.2,1,1031.1,1,"","","","","","",0,1,"","",0,1,0,1,0,1,"","","","","","","","","","","","","","","","","","","","","","","","",10000,1,"","",2,1,0,1,"","","","","","","","","","",3,1,270,1,"","","","","","","","","","","","","","","","","","","","","","","","","","","","","","","","","","","","","","","","","","","","","","","","","","","",""
"33236002","CAP-FERRET",44.630667,-1.252,8,1977042018,"","","","",7.,1,360,1,"","","","","","","","","","","","","","","","","","","","","","","","","","","","",13.1,1,7.2,1,"","","","","","","","","","","","","","","","","","","","","","","","","","",68,1,"","","","","","","","","","","","",10.3,1,1030.7,1,"","","","","","",3,1,0,1,0,1,0,1,2,1,"","","","","","","","","","","","","","","","","","","","","","","","",10000,1,"","",2,1,0,1,"","","","","","","","","","",3,1,270,1,"","","","","","","","","","","","","","","","","","","","","","","","","","","","","","","","","","","","","","","","","","","","","","","","","","","",""
"33236002","CAP-FERRET",44.630667,-1.252,8,1977042021,"","","","",5.,1,40,1,"","","","","","","","","","","","","","","","","","","","","","","","","","","","",11.,1,6.9,1,"","","","","","","","","","","","","","","","","","","","","","","","","","",77,1,"","","","","","","","","","","","",10.1,1,1031.2,1,"","","","","","",0,1,"","",0,1,0,1,0,1,"","","","","","","","","","","","","","","","","","","","","","","","",8000,1,"","",2,1,0,1,"","","","","","","","","","",3,1,270,1,"","","","","","","","","","","","","","","","","","","","","","","","","","","","","","","","","","","","","","","","","","","","","","","","","","","",""
"33236002","CAP-FERRET",44.630667,-1.252,8,1977042100,"","","","","","","","","","","","","","","","","","","","","","","","","","","","","","","","","","","","","","","","","","","","","","","","","","","","","","","","","","","","","","","","","","","","","","","","","","","","","","","","","","",1030.9,1,"","","","","","","","","","","","","","","","","","","","","","","","","","","","","","","","","","","","","","","","","","","","","","","","","","","","","","","","","","","","","","","","","","","","","","","","","","","","","","","","","","","","","","","","","","","","","","","","","","","","","","","","","","","","","","","","","",""
"33236002","CAP-FERRET",44.630667,-1.252,8,1977042103,"","","","",2.,1,60,1,"","","","","","","","","","","","","","","","","","","","","","","","","","","","",9.,1,7.5,1,"","","","","","","","","","","","","","","","","","","","","","","","","","",91,1,"","","","","","","","","","","","",10.5,1,1030.9,1,"","","","","","",4,1,0,1,0,1,0,1,2,1,"","","","","","","","","","","","","","","","","","","","","","","","",8000,1,"","",0,1,"","","","","","","","","","","","",3,1,270,1,"","","","","","","","","","","","","","","","","","","","","","","","","","","","","","","","","","","","","","","","","","","","","","","","","","","",""
"33236002","CAP-FERRET",44.630667,-1.252,8,1977042106,"","","","",3.,1,80,1,"","","","","","","","","","","","","","","","","","","","","","","","","","","","",9.4,1,8.,1,"","","","","","","","","","","","","","","","","","","","","","","","","","",92,1,"","","","","","","","","","","","",10.9,1,1030.9,1,"","","","","","",6,1,6,1,5,1,0,1,0,1,"","","","","","","","","","","","","","","","","","","","","","","","",8000,1,"","",3,1,1,1,"","","","","","","","","","",3,1,270,1,"","","","","","","","","","","","","","","","","","","","","","","","","","","","","","","","","","","","","","","","","","","","","","","","","","","",""
"33236002","CAP-FERRET",44.630667,-1.252,8,1977042109,"","","","",2.,1,80,1,"","","","","","","","","","","","","","","","","","","","","","","","","","","","",13.8,1,8.7,1,"","","","","","","","","","","","","","","","","","","","","","","","","","",72,1,"","","","","","","","","","","","",11.4,1,1031.2,1,"","","","","","",5,1,5,1,0,1,0,1,2,1,"","","","","","","","","","","","","","","","","","","","","","","","",6000,1,"","",1,1,1,1,"","","","","","","","","","",3,1,270,1,"","","","","","","","","","","","","","","","","","","","","","","","","","","","","","","","","","","","","","","","","","","","","","","","","","","",""
"33236002","CAP-FERRET",44.630667,-1.252,8,1977042112,"","","","",5.,1,300,1,"","","","","","","","","","","","","","","","","","","","","","","","","","","","",16.,1,14.5,1,"","","","","","","","","","","","","","","","","","","","","","","","","","",94,1,"","","","","","","","","","","","",17.,1,1030.9,1,"","","","","","",5,1,5,1,0,1,0,1,2,1,"","","","","","","","","","","","","","","","","","","","","","","","",6000,1,"","",2,1,2,1,"","","","","","","","","","",3,1,270,1,"","","","","","","","","","","","","","","","","","","","","","","","","","","","","","","","","","","","","","","","","","","","","","","","","","","",""
"33236002","CAP-FERRET",44.630667,-1.252,8,1977042115,"","","","",5.,1,360,1,"","","","","","","","","","","","","","","","","","","","","","","","","","","","",16.,1,12.6,1,"","","","","","","","","","","","","","","","","","","","","","","","","","",79,1,"","","","","","","","","","","","",14.9,1,1029.5,1,"","","","","","",7,1,7,1,0,1,0,1,6,1,"","","","","","","","","","","","","","","","","","","","","","","","",6000,1,"","",3,1,2,1,"","","","","","","","","","",3,1,270,1,"","","","","","","","","","","","","","","","","","","","","","","","","","","","","","","","","","","","","","","","","","","","","","","","","","","",""
"33236002","CAP-FERRET",44.630667,-1.252,8,1977042118,"","","","",3.,1,320,1,"","","","","","","","","","","","","","","","","","","","","","","","","","","","",15.,1,6.6,1,"","","","","","","","","","","","","","","","","","","","","","","","","","",58,1,"","","","","","","","","","","","",9.9,1,1028.3,1,"","","","","","","","",6,1,0,1,0,1,"","","","","","","","","","","","","","","","","","","","","","","","","","",8000,1,"","",2,1,2,1,"","","","","","","","","","",3,1,270,1,"","","","","","","","","","","","","","","","","","","","","","","","","","","","","","","","","","","","","","","","","","","","","","","","","","","",""
"33236002","CAP-FERRET",44.630667,-1.252,8,1977042121,"","","","",3.,1,60,1,"","","","","","","","","","","","","","","","","","","","","","","","","","","","",12.2,1,9.3,1,"","","","","","","","","","","","","","","","","","","","","","","","","","",84,1,"","","","","","","","","","","","",11.9,1,1028.9,1,"","","","","","",2,1,0,1,0,1,0,1,2,1,"","","","","","","","","","","","","","","","","","","","","","","","",12000,1,"","",1,1,1,1,"","","","","","","","","","",3,1,270,1,"","","","","","","","","","","","","","","","","","","","","","","","","","","","","","","","","","","","","","","","","","","","","","","","","","","",""
"33236002","CAP-FERRET",44.630667,-1.252,8,1977042200,"","","","","","","","","","","","","","","","","","","","","","","","","","","","","","","","","","","","","","","","","","","","","","","","","","","","","","","","","","","","","","","","","","","","","","","","","","","","","","","","","","",1028.6,1,"","","","","","","","","","","","","","","","","","","","","","","","","","","","","","","","","","","","","","","","","","","","","","","","","","","","","","","","","","","","","","","","","","","","","","","","","","","","","","","","","","","","","","","","","","","","","","","","","","","","","","","","","","","","","","","","","",""
"33236002","CAP-FERRET",44.630667,-1.252,8,1977042203,"","","","",2.,1,100,1,"","","","","","","","","","","","","","","","","","","","","","","","","","","","",8.3,1,6.4,1,"","","","","","","","","","","","","","","","","","","","","","","","","","",89,1,"","","","","","","","","","","","",9.7,1,1027.6,1,"","","","","","",0,1,"","",0,1,0,1,0,1,"","","","","","","","","","","","","","","","","","","","","","","","",10000,1,"","",0,1,"","","","","","","","","","","","",3,1,270,1,"","","","","","","","","","","","","","","","","","","","","","","","","","","","","","","","","","","","","","","","","","","","","","","","","","","",""
"33236002","CAP-FERRET",44.630667,-1.252,8,1977042206,"","","","",1.,1,200,1,"","","","","","","","","","","","","","","","","","","","","","","","","","","","",6.9,1,5.9,1,"","","","","","","","","","","","","","","","","","","","","","","","","","",94,1,"","","","","","","","","","","","",9.4,1,1027.6,1,"","","","","","",2,1,0,1,0,1,0,1,2,1,"","","","","","","","","","","","","","","","","","","","","","","","",7000,1,"","",2,1,"","","","","","","","","","","","",3,1,270,1,"","","","","","","","","","","","","","","","","","","","","","","","","","","","","","","","","","","","","","","","","","","","","","","","","","","",""
"33236002","CAP-FERRET",44.630667,-1.252,8,1977042209,"","","","",1.,1,240,1,"","","","","","","","","","","","","","","","","","","","","","","","","","","","",16.,1,9.9,1,"","","","","","","","","","","","","","","","","","","","","","","","","","",68,1,"","","","","","","","","","","","",12.4,1,1027.5,1,"","","","","","",3,1,0,1,0,1,0,1,2,1,"","","","","","","","","","","","","","","","","","","","","","","","",8000,1,"","",2,1,0,1,"","","","","","","","","","",3,1,270,1,"","","","","","","","","","","","","","","","","","","","","","","","","","","","","","","","","","","","","","","","","","","","","","","","","","","",""
"33236002","CAP-FERRET",44.630667,-1.252,8,1977042212,"","","","",4.,1,300,1,"","","","","","","","","","","","","","","","","","","","","","","","","","","","",18.1,1,12.1,1,"","","","","","","","","","","","","","","","","","","","","","","","","","",69,1,"","","","","","","","","","","","",14.4,1,1027.,1,"","","","","","",4,1,0,1,0,1,0,1,2,1,"","","","","","","","","","","","","","","","","","","","","","","","",6000,1,"","",2,1,0,1,"","","","","","","","","","",3,1,270,1,"","","","","","","","","","","","","","","","","","","","","","","","","","","","","","","","","","","","","","","","","","","","","","","","","","","",""
"33236002","CAP-FERRET",44.630667,-1.252,8,1977042215,"","","","",2.,1,300,1,"","","","","","","","","","","","","","","","","","","","","","","","","","","","",18.5,1,12.,1,"","","","","","","","","","","","","","","","","","","","","","","","","","",67,1,"","","","","","","","","","","","",14.3,1,1025.1,1,"","","","","","",5,1,5,1,0,1,8,1,0,1,"","","","","","","","","","","","","","","","","","","","","","","","",8000,1,"","",2,1,1,1,"","","","","","","","","","",3,1,270,1,"","","","","","","","","","","","","","","","","","","","","","","","","","","","","","","","","","","","","","","","","","","","","","","","","","","",""
"33236002","CAP-FERRET",44.630667,-1.252,8,1977042218,"","","","",1.,1,340,1,"","","","","","","","","","","","","","","","","","","","","","","","","","","","",16.3,1,11.2,1,"","","","","","","","","","","","","","","","","","","","","","","","","","",73,1,"","","","","","","","","","","","",13.6,1,1023.6,1,"","","","","","",6,1,6,1,0,1,8,1,0,1,"","","","","","","","","","","","","","","","","","","","","","","","",10000,1,"","",3,1,1,1,"","","","","","","","","","",3,1,270,1,"","","","","","","","","","","","","","","","","","","","","","","","","","","","","","","","","","","","","","","","","","","","","","","","","","","",""
"33236002","CAP-FERRET",44.630667,-1.252,8,1977042221,"","","","",1.,1,340,1,"","","","","","","","","","","","","","","","","","","","","","","","","","","","",13.1,1,11.4,1,"","","","","","","","","","","","","","","","","","","","","","","","","","",92,1,"","","","","","","","","","","","",13.8,1,1023.,1,"","","","","","",5,1,5,1,5,1,0,1,0,1,"","","","","","","","","","","","","","","","","","","","","","","","",10000,1,"","",1,1,2,1,"","","","","","","","","","",3,1,270,1,"","","","","","","","","","","","","","","","","","","","","","","","","","","","","","","","","","","","","","","","","","","","","","","","","","","",""
"33236002","CAP-FERRET",44.630667,-1.252,8,1977042300,"","","","","","","","","","","","","","","","","","","","","","","","","","","","","","","","","","","","","","","","","","","","","","","","","","","","","","","","","","","","","","","","","","","","","","","","","","","","","","","","","","",1020.4,1,"","","","","","","","","","","","","","","","","","","","","","","","","","","","","","","","","","","","","","","","","","","","","","","","","","","","","","","","","","","","","","","","","","","","","","","","","","","","","","","","","","","","","","","","","","","","","","","","","","","","","","","","","","","","","","","","","",""
"33236002","CAP-FERRET",44.630667,-1.252,8,1977042303,"","","","",5.,1,240,1,"","","","","","","","","","","","","","","","","","","","","","","","","","","","",12.6,1,12.6,1,"","","","","","","","","","","","","","","","","","","","","","","","","","",99,1,"","","","","","","","","","","","",14.4,1,1019.9,1,"","","","","","",5,1,5,1,6,1,0,1,0,1,"","","","","","","","","","","","","","","","","","","","","","","","",4000,1,"","",10,1,"","","","","","","","","","","","",3,1,270,1,"","","","","","","","","","","","","","","","","","","","","","","","","","","","","","","","","","","","","","","","","","","","","","","","","","","",""
"33236002","CAP-FERRET",44.630667,-1.252,8,1977042306,"","","","",6.,1,300,1,"","","","","","","","","","","","","","","","","","","","","","","","","","","","",10.8,1,9.9,1,"","","","","","","","","","","","","","","","","","","","","","","","","","",96,1,"","","","","","","","","","","","",12.4,1,1020.3,1,"","","","","","",6,1,0,1,5,1,0,1,2,1,"","","","","","","","","","","","","","","","","","","","","","","","",6000,1,"","",2,1,2,1,"","","","","","","","","","",3,1,270,1,"","","","","","","","","","","","","","","","","","","","","","","","","","","","","","","","","","","","","","","","","","","","","","","","","","","",""
"33236002","CAP-FERRET",44.630667,-1.252,8,1977042309,"","","","",7.,1,280,1,"","","","","","","","","","","","","","","","","","","","","","","","","","","","",13.8,1,11.2,1,"","","","","","","","","","","","","","","","","","","","","","","","","","",86,1,"","","","","","","","","","","","",13.6,1,1020.9,1,"","","","","","",8,1,8,1,5,1,"","","","","","","","","","","","","","","","","","","","","","","","","","","","",6000,1,"","",3,1,2,1,"","","","","","","","","","",3,1,270,1,"","","","","","","","","","","","","","","","","","","","","","","","","","","","","","","","","","","","","","","","","","","","","","","","","","","",""
"33236002","CAP-FERRET",44.630667,-1.252,8,1977042312,"","","","",8.,1,260,1,"","","","","","","","","","","","","","","","","","","","","","","","","","","","",15.4,1,11.7,1,"","","","","","","","","","","","","","","","","","","","","","","","","","",81,1,"","","","","","","","","","","","",14.1,1,1020.9,1,"","","","","","",8,1,8,1,5,1,"","","","","","","","","","","","","","","","","","","","","","","","","","","","",13000,1,"","",2,1,2,1,"","","","","","","","","","",3,1,270,1,"","","","","","","","","","","","","","","","","","","","","","","","","","","","","","","","","","","","","","","","","","","","","","","","","","","",""
"33236002","CAP-FERRET",44.630667,-1.252,8,1977042315,"","","","",8.,1,280,1,"","","","","","","","","","","","","","","","","","","","","","","","","","","","",14.8,1,12.6,1,"","","","","","","","","","","","","","","","","","","","","","","","","","",85,1,"","","","","","","","","","","","",14.9,1,1020.5,1,"","","","","","",8,1,8,1,5,1,"","","","","","","","","","","","","","","","","","","","","","","","","","","","",10000,1,"","",2,1,5,1,"","","","","","","","","","",4,1,270,1,"","","","","","","","","","","","","","","","","","","","","","","","","","","","","","","","","","","","","","","","","","","","","","","","","","","",""
"33236002","CAP-FERRET",44.630667,-1.252,8,1977042318,"","","","",8.,1,260,1,"","","","","","","","","","","","","","","","","","","","","","","","","","","","",13.8,1,12.,1,"","","","","","","","","","","","","","","","","","","","","","","","","","",91,1,"","","","","","","","","","","","",14.3,1,1020.5,1,"","","","","","",8,1,8,1,5,1,"","","","","","","","","","","","","","","","","","","","","","","","","","","","",9000,1,"","",2,1,5,1,"","","","","","","","","","",4,1,270,1,"","","","","","","","","","","","","","","","","","","","","","","","","","","","","","","","","","","","","","","","","","","","","","","","","","","",""
"33236002","CAP-FERRET",44.630667,-1.252,8,1977042321,"","","","",8.,1,260,1,"","","","","","","","","","","","","","","","","","","","","","","","","","","","",13.,1,11.7,1,"","","","","","","","","","","","","","","","","","","","","","","","","","",94,1,"","","","","","","","","","","","",14.1,1,1020.9,1,"","","","","","",4,1,0,1,5,1,0,1,0,1,"","","","","","","","","","","","","","","","","","","","","","","","",12000,1,"","",1,1,1,1,"","","","","","","","","","",4,1,270,1,"","","","","","","","","","","","","","","","","","","","","","","","","","","","","","","","","","","","","","","","","","","","","","","","","","","",""
"33236002","CAP-FERRET",44.630667,-1.252,8,1977042400,"","","","","","","","","","","","","","","","","","","","","","","","","","","","","","","","","","","","","","","","","","","","","","","","","","","","","","","","","","","","","","","","","","","","","","","","","","","","","","","","","","",1020.7,1,"","","","","","","","","","","","","","","","","","","","","","","","","","","","","","","","","","","","","","","","","","","","","","","","","","","","","","","","","","","","","","","","","","","","","","","","","","","","","","","","","","","","","","","","","","","","","","","","","","","","","","","","","","","","","","","","","",""
"33236002","CAP-FERRET",44.630667,-1.252,8,1977042403,"","","","",9.,1,280,1,"","","","","","","","","","","","","","","","","","","","","","","","","","","","",12.2,1,11.1,1,"","","","","","","","","","","","","","","","","","","","","","","","","","",95,1,"","","","","","","","","","","","",13.5,1,1020.3,1,"","","","","","",2,1,0,1,2,1,0,1,0,1,"","","","","","","","","","","","","","","","","","","","","","","","",10000,1,"","",0,1,"","","","","","","","","","","","",4,1,270,1,"","","","","","","","","","","","","","","","","","","","","","","","","","","","","","","","","","","","","","","","","","","","","","","","","","","",""
"33236002","CAP-FERRET",44.630667,-1.252,8,1977042406,"","","","",9.,1,280,1,"","","","","","","","","","","","","","","","","","","","","","","","","","","","",12.2,1,10.,1,"","","","","","","","","","","","","","","","","","","","","","","","","","",88,1,"","","","","","","","","","","","",12.5,1,1020.7,1,"","","","","","",6,1,0,1,8,1,0,1,2,1,"","","","","","","","","","","","","","","","","","","","","","","","",15000,1,"","",1,1,"","","","","","","","","","","","",4,1,270,1,"","","","","","","","","","","","","","","","","","","","","","","","","","","","","","","","","","","","","","","","","","","","","","","","","","","",""
"33236002","CAP-FERRET",44.630667,-1.252,8,1977042409,"","","","",8.,1,280,1,"","","","","","","","","","","","","","","","","","","","","","","","","","","","",14.4,1,10.3,1,"","","","","","","","","","","","","","","","","","","","","","","","","","",78,1,"","","","","","","","","","","","",12.8,1,1021.8,1,"","","","","","",6,1,5,1,8,1,0,1,0,1,"","","","","","","","","","","","","","","","","","","","","","","","",20000,1,"","",2,1,2,1,"","","","","","","","","","",4,1,270,1,"","","","","","","","","","","","","","","","","","","","","","","","","","","","","","","","","","","","","","","","","","","","","","","","","","","",""
"33236002","CAP-FERRET",44.630667,-1.252,8,1977042412,"","","","",8.,1,280,1,"","","","","","","","","","","","","","","","","","","","","","","","","","","","",15.6,1,10.2,1,"","","","","","","","","","","","","","","","","","","","","","","","","","",72,1,"","","","","","","","","","","","",12.7,1,1023.1,1,"","","","","","",7,1,5,1,2,1,3,1,"","","","","","","","","","","","","","","","","","","","","","","","","","",15000,1,"","",2,1,2,1,"","","","","","","","","","",4,1,270,1,"","","","","","","","","","","","","","","","","","","","","","","","","","","","","","","","","","","","","","","","","","","","","","","","","","","",""
"33236002","CAP-FERRET",44.630667,-1.252,8,1977042415,"","","","",7.,1,280,1,"","","","","","","","","","","","","","","","","","","","","","","","","","","","",14.,1,10.4,1,"","","","","","","","","","","","","","","","","","","","","","","","","","",81,1,"","","","","","","","","","","","",12.9,1,1023.,1,"","","","","","",8,1,8,1,5,1,"","","","","","","","","","","","","","","","","","","","","","","","","","","","",15000,1,"","",2,1,2,1,"","","","","","","","","","",4,1,270,1,"","","","","","","","","","","","","","","","","","","","","","","","","","","","","","","","","","","","","","","","","","","","","","","","","","","",""
"33236002","CAP-FERRET",44.630667,-1.252,8,1977042418,"","","","",6.,1,280,1,"","","","","","","","","","","","","","","","","","","","","","","","","","","","",13.7,1,12.1,1,"","","","","","","","","","","","","","","","","","","","","","","","","","",92,1,"","","","","","","","","","","","",14.4,1,1023.4,1,"","","","","","",7,1,7,1,8,1,"","","","","","","","","","","","","","","","","","","","","","","","","","","","",15000,1,"","",2,1,2,1,"","","","","","","","","","",4,1,270,1,"","","","","","","","","","","","","","","","","","","","","","","","","","","","","","","","","","","","","","","","","","","","","","","","","","","",""
"33236002","CAP-FERRET",44.630667,-1.252,8,1977042421,"","","","",6.,1,300,1,"","","","","","","","","","","","","","","","","","","","","","","","","","","","",12.9,1,10.6,1,"","","","","","","","","","","","","","","","","","","","","","","","","","",87,1,"","","","","","","","","","","","",13.,1,1024.2,1,"","","","","","",8,1,8,1,5,1,"","","","","","","","","","","","","","","","","","","","","","","","","","","","",10000,1,"","",2,1,2,1,"","","","","","","","","","",4,1,270,1,"","","","","","","","","","","","","","","","","","","","","","","","","","","","","","","","","","","","","","","","","","","","","","","","","","","",""
"33236002","CAP-FERRET",44.630667,-1.252,8,1977042500,"","","","","","","","","","","","","","","","","","","","","","","","","","","","","","","","","","","","","","","","","","","","","","","","","","","","","","","","","","","","","","","","","","","","","","","","","","","","","","","","","","",1024.1,1,"","","","","","","","","","","","","","","","","","","","","","","","","","","","","","","","","","","","","","","","","","","","","","","","","","","","","","","","","","","","","","","","","","","","","","","","","","","","","","","","","","","","","","","","","","","","","","","","","","","","","","","","","","","","","","","","","",""
"33236002","CAP-FERRET",44.630667,-1.252,8,1977042503,"","","","",3.,1,260,1,"","","","","","","","","","","","","","","","","","","","","","","","","","","","",12.8,1,10.6,1,"","","","","","","","","","","","","","","","","","","","","","","","","","",88,1,"","","","","","","","","","","","",13.,1,1023.5,1,"","","","","","",8,1,8,1,5,1,"","","","","","","","","","","","","","","","","","","","","","","","","","","","",10000,1,"","",0,1,"","","","","","","","","","","","",3,1,270,1,"","","","","","","","","","","","","","","","","","","","","","","","","","","","","","","","","","","","","","","","","","","","","","","","","","","",""
"33236002","CAP-FERRET",44.630667,-1.252,8,1977042506,"","","","",0.,1,0,1,"","","","","","","","","","","","","","","","","","","","","","","","","","","","",12.2,1,10.6,1,"","","","","","","","","","","","","","","","","","","","","","","","","","",92,1,"","","","","","","","","","","","",13.,1,1023.3,1,"","","","","","","","",0,1,5,1,0,1,"","","","","","","","","","","","","","","","","","","","","","","","","","",10000,1,"","",1,1,2,1,"","","","","","","","","","",4,1,270,1,"","","","","","","","","","","","","","","","","","","","","","","","","","","","","","","","","","","","","","","","","","","","","","","","","","","",""
"33236002","CAP-FERRET",44.630667,-1.252,8,1977042509,"","","","",2.,1,160,1,"","","","","","","","","","","","","","","","","","","","","","","","","","","","",16.,1,10.9,1,"","","","","","","","","","","","","","","","","","","","","","","","","","",73,1,"","","","","","","","","","","","",13.3,1,1023.3,1,"","","","","","",3,1,0,1,2,1,0,1,2,1,"","","","","","","","","","","","","","","","","","","","","","","","",10000,1,"","",2,1,1,1,"","","","","","","","","","",4,1,270,1,"","","","","","","","","","","","","","","","","","","","","","","","","","","","","","","","","","","","","","","","","","","","","","","","","","","",""
"33236002","CAP-FERRET",44.630667,-1.252,8,1977042512,"","","","",2.,1,320,1,"","","","","","","","","","","","","","","","","","","","","","","","","","","","",18.4,1,13.9,1,"","","","","","","","","","","","","","","","","","","","","","","","","","",77,1,"","","","","","","","","","","","",16.3,1,1023.9,1,"","","","","","",6,1,0,1,5,1,0,1,2,1,"","","","","","","","","","","","","","","","","","","","","","","","",13000,1,"","",2,1,1,1,"","","","","","","","","","",4,1,270,1,"","","","","","","","","","","","","","","","","","","","","","","","","","","","","","","","","","","","","","","","","","","","","","","","","","","",""
"33236002","CAP-FERRET",44.630667,-1.252,8,1977042515,"","","","",6.,1,360,1,"","","","","","","","","","","","","","","","","","","","","","","","","","","","",17.8,1,11.3,1,"","","","","","","","","","","","","","","","","","","","","","","","","","",68,1,"","","","","","","","","","","","",13.7,1,1021.1,1,"","","","","","",6,1,0,1,5,1,0,1,2,1,"","","","","","","","","","","","","","","","","","","","","","","","",15000,1,"","",2,1,2,1,"","","","","","","","","","",4,1,270,1,"","","","","","","","","","","","","","","","","","","","","","","","","","","","","","","","","","","","","","","","","","","","","","","","","","","",""
"33236002","CAP-FERRET",44.630667,-1.252,8,1977042518,"","","","",7.,1,360,1,"","","","","","","","","","","","","","","","","","","","","","","","","","","","",15.,1,11.7,1,"","","","","","","","","","","","","","","","","","","","","","","","","","",83,1,"","","","","","","","","","","","",14.1,1,1019.9,1,"","","","","","",2,1,0,1,0,1,0,1,2,1,"","","","","","","","","","","","","","","","","","","","","","","","",16000,1,"","",1,1,1,1,"","","","","","","","","","",4,1,270,1,"","","","","","","","","","","","","","","","","","","","","","","","","","","","","","","","","","","","","","","","","","","","","","","","","","","",""
"33236002","CAP-FERRET",44.630667,-1.252,8,1977042521,"","","","",2.,1,20,1,"","","","","","","","","","","","","","","","","","","","","","","","","","","","",12.2,1,10.6,1,"","","","","","","","","","","","","","","","","","","","","","","","","","",92,1,"","","","","","","","","","","","",13.,1,1020.9,1,"","","","","","",0,1,"","",0,1,0,1,0,1,"","","","","","","","","","","","","","","","","","","","","","","","",12000,1,"","",2,1,0,1,"","","","","","","","","","",4,1,270,1,"","","","","","","","","","","","","","","","","","","","","","","","","","","","","","","","","","","","","","","","","","","","","","","","","","","",""
"33236002","CAP-FERRET",44.630667,-1.252,8,1977042600,"","","","","","","","","","","","","","","","","","","","","","","","","","","","","","","","","","","","","","","","","","","","","","","","","","","","","","","","","","","","","","","","","","","","","","","","","","","","","","","","","","",1019.7,1,"","","","","","","","","","","","","","","","","","","","","","","","","","","","","","","","","","","","","","","","","","","","","","","","","","","","","","","","","","","","","","","","","","","","","","","","","","","","","","","","","","","","","","","","","","","","","","","","","","","","","","","","","","","","","","","","","",""
"33236002","CAP-FERRET",44.630667,-1.252,8,1977042603,"","","","",1.,1,80,1,"","","","","","","","","","","","","","","","","","","","","","","","","","","","",11.2,1,10.1,1,"","","","","","","","","","","","","","","","","","","","","","","","","","",95,1,"","","","","","","","","","","","",12.6,1,1018.6,1,"","","","","","",0,1,"","",0,1,0,1,0,1,"","","","","","","","","","","","","","","","","","","","","","","","",6000,1,"","",0,1,"","","","","","","","","","","","",4,1,270,1,"","","","","","","","","","","","","","","","","","","","","","","","","","","","","","","","","","","","","","","","","","","","","","","","","","","",""
"33236002","CAP-FERRET",44.630667,-1.252,8,1977042606,"","","","",1.,1,120,1,"","","","","","","","","","","","","","","","","","","","","","","","","","","","",10.8,1,10.,1,"","","","","","","","","","","","","","","","","","","","","","","","","","",96,1,"","","","","","","","","","","","",12.5,1,1017.9,1,"","","","","","",3,1,0,1,0,1,0,1,2,1,"","","","","","","","","","","","","","","","","","","","","","","","",7000,1,"","",2,1,"","","","","","","","","","","","",4,1,270,1,"","","","","","","","","","","","","","","","","","","","","","","","","","","","","","","","","","","","","","","","","","","","","","","","","","","",""
"33236002","CAP-FERRET",44.630667,-1.252,8,1977042609,"","","","",1.,1,260,1,"","","","","","","","","","","","","","","","","","","","","","","","","","","","",16.4,1,12.9,1,"","","","","","","","","","","","","","","","","","","","","","","","","","",81,1,"","","","","","","","","","","","",15.2,1,1017.4,1,"","","","","","",6,1,6,1,0,1,0,1,2,1,"","","","","","","","","","","","","","","","","","","","","","","","",5000,1,"","",2,1,1,1,"","","","","","","","","","",3,1,270,1,"","","","","","","","","","","","","","","","","","","","","","","","","","","","","","","","","","","","","","","","","","","","","","","","","","","",""
"33236002","CAP-FERRET",44.630667,-1.252,8,1977042612,"","","","",5.,1,240,1,"","","","","","","","","","","","","","","","","","","","","","","","","","","","",16.,1,13.,1,"","","","","","","","","","","","","","","","","","","","","","","","","","",84,1,"","","","","","","","","","","","",15.3,1,1017.,1,"","","","","","",7,1,7,1,6,1,"","","","","","","","","","","","","","","","","","","","","","","","","","","","",4000,1,"","",10,1,4,1,"","","","","","","","","","",3,1,270,1,"","","","","","","","","","","","","","","","","","","","","","","","","","","","","","","","","","","","","","","","","","","","","","","","","","","",""
"33236002","CAP-FERRET",44.630667,-1.252,8,1977042615,"","","","",6.,1,320,1,"","","","","","","","","","","","","","","","","","","","","","","","","","","","",16.5,1,13.5,1,"","","","","","","","","","","","","","","","","","","","","","","","","","",85,1,"","","","","","","","","","","","",15.9,1,1017.3,1,"","","","","","","","",5,1,6,1,0,1,"","","","","","","","","","","","","","","","","","","","","","","","","","",7000,1,"","",2,1,2,1,"","","","","","","","","","",3,1,270,1,"","","","","","","","","","","","","","","","","","","","","","","","","","","","","","","","","","","","","","","","","","","","","","","","","","","",""
"33236002","CAP-FERRET",44.630667,-1.252,8,1977042618,"","","","",6.,1,320,1,"","","","","","","","","","","","","","","","","","","","","","","","","","","","",13.6,1,11.,1,"","","","","","","","","","","","","","","","","","","","","","","","","","",86,1,"","","","","","","","","","","","",13.4,1,1018.4,1,"","","","","","",8,1,8,1,5,1,"","","","","","","","","","","","","","","","","","","","","","","","","","","","",10000,1,"","",2,1,2,1,"","","","","","","","","","",3,1,270,1,"","","","","","","","","","","","","","","","","","","","","","","","","","","","","","","","","","","","","","","","","","","","","","","","","","","",""
"33236002","CAP-FERRET",44.630667,-1.252,8,1977042621,"","","","",7.,1,280,1,"","","","","","","","","","","","","","","","","","","","","","","","","","","","",13.3,1,11.4,1,"","","","","","","","","","","","","","","","","","","","","","","","","","",91,1,"","","","","","","","","","","","",13.8,1,1020.4,1,"","","","","","",8,1,8,1,5,1,"","","","","","","","","","","","","","","","","","","","","","","","","","","","",10000,1,"","",2,1,2,1,"","","","","","","","","","",3,1,270,1,"","","","","","","","","","","","","","","","","","","","","","","","","","","","","","","","","","","","","","","","","","","","","","","","","","","",""
"33236002","CAP-FERRET",44.630667,-1.252,8,1977042700,"","","","","","","","","","","","","","","","","","","","","","","","","","","","","","","","","","","","","","","","","","","","","","","","","","","","","","","","","","","","","","","","","","","","","","","","","","","","","","","","","","",1020.3,1,"","","","","","","","","","","","","","","","","","","","","","","","","","","","","","","","","","","","","","","","","","","","","","","","","","","","","","","","","","","","","","","","","","","","","","","","","","","","","","","","","","","","","","","","","","","","","","","","","","","","","","","","","","","","","","","","","",""
"33236002","CAP-FERRET",44.630667,-1.252,8,1977042703,"","","","",5.,1,360,1,"","","","","","","","","","","","","","","","","","","","","","","","","","","","",12.8,1,11.9,1,"","","","","","","","","","","","","","","","","","","","","","","","","","",96,1,"","","","","","","","","","","","",14.2,1,1020.3,1,"","","","","","",8,1,8,1,5,1,"","","","","","","","","","","","","","","","","","","","","","","","","","","","",8000,1,"","",51,1,"","","","","","","","","","","","",4,1,270,1,"","","","","","","","","","","","","","","","","","","","","","","","","","","","","","","","","","","","","","","","","","","","","","","","","","","",""
"33236002","CAP-FERRET",44.630667,-1.252,8,1977042706,"","","","",3.,1,40,1,"","","","","","","","","","","","","","","","","","","","","","","","","","","","",10.4,1,9.8,1,"","","","","","","","","","","","","","","","","","","","","","","","","","",97,1,"","","","","","","","","","","","",12.3,1,1021.1,1,"","","","","","",8,1,8,1,6,1,"","","","","","","","","","","","","","","","","","","","","","","","","","","","",6000,1,"","",53,1,5,1,"","","","","","","","","","",4,1,270,1,"","","","","","","","","","","","","","","","","","","","","","","","","","","","","","","","","","","","","","","","","","","","","","","","","","","",""
"33236002","CAP-FERRET",44.630667,-1.252,8,1977042709,"","","","",4.,1,60,1,"","","","","","","","","","","","","","","","","","","","","","","","","","","","",11.4,1,9.5,1,"","","","","","","","","","","","","","","","","","","","","","","","","","",90,1,"","","","","","","","","","","","",12.1,1,1021.5,1,"","","","","","",7,1,7,1,5,1,"","","","","","","","","","","","","","","","","","","","","","","","","","","","",18000,1,"","",1,1,5,1,"","","","","","","","","","",3,1,270,1,"","","","","","","","","","","","","","","","","","","","","","","","","","","","","","","","","","","","","","","","","","","","","","","","","","","",""
"33236002","CAP-FERRET",44.630667,-1.252,8,1977042712,"","","","",4.,1,80,1,"","","","","","","","","","","","","","","","","","","","","","","","","","","","",16.,1,12.1,1,"","","","","","","","","","","","","","","","","","","","","","","","","","",79,1,"","","","","","","","","","","","",14.4,1,1020.9,1,"","","","","","",6,1,0,1,8,1,8,1,0,1,"","","","","","","","","","","","","","","","","","","","","","","","",20000,1,"","",1,1,2,1,"","","","","","","","","","",3,1,270,1,"","","","","","","","","","","","","","","","","","","","","","","","","","","","","","","","","","","","","","","","","","","","","","","","","","","",""
"33236002","CAP-FERRET",44.630667,-1.252,8,1977042715,"","","","",7.,1,360,1,"","","","","","","","","","","","","","","","","","","","","","","","","","","","",15.8,1,8.1,1,"","","","","","","","","","","","","","","","","","","","","","","","","","",61,1,"","","","","","","","","","","","",11.,1,1019.5,1,"","","","","","",5,1,5,1,8,1,0,1,0,1,"","","","","","","","","","","","","","","","","","","","","","","","",20000,1,"","",1,1,2,1,"","","","","","","","","","",3,1,270,1,"","","","","","","","","","","","","","","","","","","","","","","","","","","","","","","","","","","","","","","","","","","","","","","","","","","",""
"33236002","CAP-FERRET",44.630667,-1.252,8,1977042718,"","","","",7.,1,360,1,"","","","","","","","","","","","","","","","","","","","","","","","","","","","",13.8,1,9.8,1,"","","","","","","","","","","","","","","","","","","","","","","","","","",78,1,"","","","","","","","","","","","",12.3,1,1017.3,1,"","","","","","",6,1,6,1,5,1,0,1,0,1,"","","","","","","","","","","","","","","","","","","","","","","","",20000,1,"","",2,1,2,1,"","","","","","","","","","",3,1,270,1,"","","","","","","","","","","","","","","","","","","","","","","","","","","","","","","","","","","","","","","","","","","","","","","","","","","",""
"33236002","CAP-FERRET",44.630667,-1.252,8,1977042721,"","","","",3.,1,20,1,"","","","","","","","","","","","","","","","","","","","","","","","","","","","",11.4,1,9.2,1,"","","","","","","","","","","","","","","","","","","","","","","","","","",87,1,"","","","","","","","","","","","",11.8,1,1016.9,1,"","","","","","",1,1,0,1,5,1,0,1,0,1,"","","","","","","","","","","","","","","","","","","","","","","","",16000,1,"","",1,1,1,1,"","","","","","","","","","",3,1,270,1,"","","","","","","","","","","","","","","","","","","","","","","","","","","","","","","","","","","","","","","","","","","","","","","","","","","",""
"33236002","CAP-FERRET",44.630667,-1.252,8,1977042800,"","","","","","","","","","","","","","","","","","","","","","","","","","","","","","","","","","","","","","","","","","","","","","","","","","","","","","","","","","","","","","","","","","","","","","","","","","","","","","","","","","",1015.3,1,"","","","","","","","","","","","","","","","","","","","","","","","","","","","","","","","","","","","","","","","","","","","","","","","","","","","","","","","","","","","","","","","","","","","","","","","","","","","","","","","","","","","","","","","","","","","","","","","","","","","","","","","","","","","","","","","","",""
"33236002","CAP-FERRET",44.630667,-1.252,8,1977042803,"","","","",1.,1,40,1,"","","","","","","","","","","","","","","","","","","","","","","","","","","","",10.8,1,8.5,1,"","","","","","","","","","","","","","","","","","","","","","","","","","",88,1,"","","","","","","","","","","","",11.3,1,1013.3,1,"","","","","","",8,1,8,1,5,1,"","","","","","","","","","","","","","","","","","","","","","","","","","","","",10000,1,"","",0,1,"","","","","","","","","","","","",3,1,270,1,"","","","","","","","","","","","","","","","","","","","","","","","","","","","","","","","","","","","","","","","","","","","","","","","","","","",""
"33236002","CAP-FERRET",44.630667,-1.252,8,1977042806,"","","","",2.,1,40,1,"","","","","","","","","","","","","","","","","","","","","","","","","","","","",10.3,1,8.9,1,"","","","","","","","","","","","","","","","","","","","","","","","","","",93,1,"","","","","","","","","","","","",11.6,1,1013.,1,"","","","","","",8,1,8,1,5,1,"","","","","","","","","","","","","","","","","","","","","","","","","","","","",10000,1,"","",0,1,"","","","","","","","","","","","",3,1,270,1,"","","","","","","","","","","","","","","","","","","","","","","","","","","","","","","","","","","","","","","","","","","","","","","","","","","",""
"33236002","CAP-FERRET",44.630667,-1.252,8,1977042809,"","","","",3.,1,300,1,"","","","","","","","","","","","","","","","","","","","","","","","","","","","",12.6,1,9.3,1,"","","","","","","","","","","","","","","","","","","","","","","","","","",81,1,"","","","","","","","","","","","",11.9,1,1013.,1,"","","","","","",7,1,7,1,8,1,"","","","","","","","","","","","","","","","","","","","","","","","","","","","",20000,1,"","",1,1,2,1,"","","","","","","","","","",3,1,270,1,"","","","","","","","","","","","","","","","","","","","","","","","","","","","","","","","","","","","","","","","","","","","","","","","","","","",""
"33236002","CAP-FERRET",44.630667,-1.252,8,1977042812,"","","","",7.,1,300,1,"","","","","","","","","","","","","","","","","","","","","","","","","","","","",17.,1,8.3,1,"","","","","","","","","","","","","","","","","","","","","","","","","","",57,1,"","","","","","","","","","","","",11.1,1,1013.4,1,"","","","","","",6,1,0,1,2,1,0,1,2,1,"","","","","","","","","","","","","","","","","","","","","","","","",20000,1,"","",2,1,2,1,"","","","","","","","","","",3,1,270,1,"","","","","","","","","","","","","","","","","","","","","","","","","","","","","","","","","","","","","","","","","","","","","","","","","","","",""
"33236002","CAP-FERRET",44.630667,-1.252,8,1977042815,"","","","",7.,1,260,1,"","","","","","","","","","","","","","","","","","","","","","","","","","","","",15.4,1,9.6,1,"","","","","","","","","","","","","","","","","","","","","","","","","","",70,1,"","","","","","","","","","","","",12.2,1,1013.3,1,"","","","","","",6,1,5,1,2,1,5,1,0,1,"","","","","","","","","","","","","","","","","","","","","","","","",20000,1,"","",2,1,2,1,"","","","","","","","","","",3,1,270,1,"","","","","","","","","","","","","","","","","","","","","","","","","","","","","","","","","","","","","","","","","","","","","","","","","","","",""
"33236002","CAP-FERRET",44.630667,-1.252,8,1977042818,"","","","",9.,1,280,1,"","","","","","","","","","","","","","","","","","","","","","","","","","","","",13.,1,10.9,1,"","","","","","","","","","","","","","","","","","","","","","","","","","",93,1,"","","","","","","","","","","","",13.3,1,1013.3,1,"","","","","","",8,1,5,1,8,1,"","","","","","","","","","","","","","","","","","","","","","","","","","","","",20000,1,"","",2,1,2,1,"","","","","","","","","","",4,1,270,1,"","","","","","","","","","","","","","","","","","","","","","","","","","","","","","","","","","","","","","","","","","","","","","","","","","","",""
"33236002","CAP-FERRET",44.630667,-1.252,8,1977042821,"","","","",9.,1,340,1,"","","","","","","","","","","","","","","","","","","","","","","","","","","","",11.,1,6.6,1,"","","","","","","","","","","","","","","","","","","","","","","","","","",75,1,"","","","","","","","","","","","",9.9,1,1015.9,1,"","","","","","",7,1,7,1,5,1,"","","","","","","","","","","","","","","","","","","","","","","","","","","","",10000,1,"","",2,1,2,1,"","","","","","","","","","",4,1,270,1,"","","","","","","","","","","","","","","","","","","","","","","","","","","","","","","","","","","","","","","","","","","","","","","","","","","",""
"33236002","CAP-FERRET",44.630667,-1.252,8,1977042900,"","","","","","","","","","","","","","","","","","","","","","","","","","","","","","","","","","","","","","","","","","","","","","","","","","","","","","","","","","","","","","","","","","","","","","","","","","","","","","","","","","",1016.9,1,"","","","","","","","","","","","","","","","","","","","","","","","","","","","","","","","","","","","","","","","","","","","","","","","","","","","","","","","","","","","","","","","","","","","","","","","","","","","","","","","","","","","","","","","","","","","","","","","","","","","","","","","","","","","","","","","","",""
"33236002","CAP-FERRET",44.630667,-1.252,8,1977042903,"","","","",4.,1,360,1,"","","","","","","","","","","","","","","","","","","","","","","","","","","","",8.8,1,5.6,1,"","","","","","","","","","","","","","","","","","","","","","","","","","",81,1,"","","","","","","","","","","","",9.2,1,1016.9,1,"","","","","","",0,1,"","",0,1,0,1,0,1,"","","","","","","","","","","","","","","","","","","","","","","","",16000,1,"","",0,1,"","","","","","","","","","","","",4,1,310,1,"","","","","","","","","","","","","","","","","","","","","","","","","","","","","","","","","","","","","","","","","","","","","","","","","","","",""
"33236002","CAP-FERRET",44.630667,-1.252,8,1977042906,"","","","",3.,1,20,1,"","","","","","","","","","","","","","","","","","","","","","","","","","","","",8.,1,3.8,1,"","","","","","","","","","","","","","","","","","","","","","","","","","",75,1,"","","","","","","","","","","","",8.1,1,1016.7,1,"","","","","","",3,1,0,1,8,1,0,1,0,1,"","","","","","","","","","","","","","","","","","","","","","","","",16000,1,"","",2,1,0,1,"","","","","","","","","","",4,1,310,1,"","","","","","","","","","","","","","","","","","","","","","","","","","","","","","","","","","","","","","","","","","","","","","","","","","","",""
"33236002","CAP-FERRET",44.630667,-1.252,8,1977042909,"","","","",0.,1,0,1,"","","","","","","","","","","","","","","","","","","","","","","","","","","","",14.6,1,5.3,1,"","","","","","","","","","","","","","","","","","","","","","","","","","",54,1,"","","","","","","","","","","","",9.,1,1017.3,1,"","","","","","",4,1,0,1,8,1,0,1,0,1,"","","","","","","","","","","","","","","","","","","","","","","","",20000,1,"","",3,1,0,1,"","","","","","","","","","",4,1,310,1,"","","","","","","","","","","","","","","","","","","","","","","","","","","","","","","","","","","","","","","","","","","","","","","","","","","",""
"33236002","CAP-FERRET",44.630667,-1.252,8,1977042912,"","","","",5.,1,300,1,"","","","","","","","","","","","","","","","","","","","","","","","","","","","",15.8,1,6.5,1,"","","","","","","","","","","","","","","","","","","","","","","","","","",55,1,"","","","","","","","","","","","",9.8,1,1017.1,1,"","","","","","",2,1,0,1,2,1,0,1,0,1,"","","","","","","","","","","","","","","","","","","","","","","","",24000,1,"","",1,1,1,1,"","","","","","","","","","",4,1,310,1,"","","","","","","","","","","","","","","","","","","","","","","","","","","","","","","","","","","","","","","","","","","","","","","","","","","",""
"33236002","CAP-FERRET",44.630667,-1.252,8,1977042915,"","","","",4.,1,320,1,"","","","","","","","","","","","","","","","","","","","","","","","","","","","",15.4,1,5.,1,"","","","","","","","","","","","","","","","","","","","","","","","","","",50,1,"","","","","","","","","","","","",8.8,1,1016.9,1,"","","","","","",1,1,0,1,2,1,0,1,0,1,"","","","","","","","","","","","","","","","","","","","","","","","",28000,1,"","",2,1,0,1,"","","","","","","","","","",4,1,310,1,"","","","","","","","","","","","","","","","","","","","","","","","","","","","","","","","","","","","","","","","","","","","","","","","","","","",""
"33236002","CAP-FERRET",44.630667,-1.252,8,1977042918,"","","","",6.,1,320,1,"","","","","","","","","","","","","","","","","","","","","","","","","","","","",12.,1,3.3,1,"","","","","","","","","","","","","","","","","","","","","","","","","","",56,1,"","","","","","","","","","","","",7.8,1,1016.1,1,"","","","","","",1,1,0,1,2,1,0,1,0,1,"","","","","","","","","","","","","","","","","","","","","","","","",24000,1,"","",2,1,0,1,"","","","","","","","","","",4,1,310,1,"","","","","","","","","","","","","","","","","","","","","","","","","","","","","","","","","","","","","","","","","","","","","","","","","","","",""
"33236002","CAP-FERRET",44.630667,-1.252,8,1977042921,"","","","",3.,1,320,1,"","","","","","","","","","","","","","","","","","","","","","","","","","","","",9.8,1,3.3,1,"","","","","","","","","","","","","","","","","","","","","","","","","","",64,1,"","","","","","","","","","","","",7.8,1,1016.7,1,"","","","","","",7,1,7,1,5,1,0,1,0,1,"","","","","","","","","","","","","","","","","","","","","","","","",20000,1,"","",3,1,1,1,"","","","","","","","","","",4,1,310,1,"","","","","","","","","","","","","","","","","","","","","","","","","","","","","","","","","","","","","","","","","","","","","","","","","","","",""
"33236002","CAP-FERRET",44.630667,-1.252,8,1977043000,"","","","","","","","","","","","","","","","","","","","","","","","","","","","","","","","","","","","","","","","","","","","","","","","","","","","","","","","","","","","","","","","","","","","","","","","","","","","","","","","","","",1016.2,1,"","","","","","","","","","","","","","","","","","","","","","","","","","","","","","","","","","","","","","","","","","","","","","","","","","","","","","","","","","","","","","","","","","","","","","","","","","","","","","","","","","","","","","","","","","","","","","","","","","","","","","","","","","","","","","","","","",""
"33236002","CAP-FERRET",44.630667,-1.252,8,1977043003,"","","","",3.,1,300,1,"","","","","","","","","","","","","","","","","","","","","","","","","","","","",10.,1,4.8,1,"","","","","","","","","","","","","","","","","","","","","","","","","","",71,1,"","","","","","","","","","","","",8.7,1,1014.2,1,"","","","","","",5,1,5,1,5,1,0,1,0,1,"","","","","","","","","","","","","","","","","","","","","","","","",15000,1,"","",0,1,"","","","","","","","","","","","",4,1,270,1,"","","","","","","","","","","","","","","","","","","","","","","","","","","","","","","","","","","","","","","","","","","","","","","","","","","",""
"33236002","CAP-FERRET",44.630667,-1.252,8,1977043006,"","","","",3.,1,120,1,"","","","","","","","","","","","","","","","","","","","","","","","","","","","",8.1,1,6.8,1,"","","","","","","","","","","","","","","","","","","","","","","","","","",93,1,"","","","","","","","","","","","",10.,1,1014.2,1,"","","","","","",7,1,7,1,2,1,"","","","","","","","","","","","","","","","","","","","","","","","","","","","",18000,1,"","",2,1,8,1,"","","","","","","","","","",3,1,270,1,"","","","","","","","","","","","","","","","","","","","","","","","","","","","","","","","","","","","","","","","","","","","","","","","","","","",""
"33236002","CAP-FERRET",44.630667,-1.252,8,1977043009,"","","","",3.,1,240,1,"","","","","","","","","","","","","","","","","","","","","","","","","","","","",12.7,1,7.2,1,"","","","","","","","","","","","","","","","","","","","","","","","","","",70,1,"","","","","","","","","","","","",10.3,1,1014.3,1,"","","","","","",6,1,0,1,9,1,0,1,0,1,"","","","","","","","","","","","","","","","","","","","","","","","",15000,1,"","",2,1,8,1,"","","","","","","","","","",3,1,270,1,"","","","","","","","","","","","","","","","","","","","","","","","","","","","","","","","","","","","","","","","","","","","","","","","","","","",""
"33236002","CAP-FERRET",44.630667,-1.252,8,1977043012,"","","","",5.,1,260,1,"","","","","","","","","","","","","","","","","","","","","","","","","","","","",12.7,1,7.5,1,"","","","","","","","","","","","","","","","","","","","","","","","","","",71,1,"","","","","","","","","","","","",10.5,1,1014.3,1,"","","","","","",6,1,6,1,9,1,0,1,0,1,"","","","","","","","","","","","","","","","","","","","","","","","",18000,1,"","",2,1,8,1,"","","","","","","","","","",3,1,270,1,"","","","","","","","","","","","","","","","","","","","","","","","","","","","","","","","","","","","","","","","","","","","","","","","","","","",""
"33236002","CAP-FERRET",44.630667,-1.252,8,1977043015,"","","","",6.,1,300,1,"","","","","","","","","","","","","","","","","","","","","","","","","","","","",13.6,1,6.2,1,"","","","","","","","","","","","","","","","","","","","","","","","","","",62,1,"","","","","","","","","","","","",9.6,1,1014.3,1,"","","","","","",5,1,5,1,2,1,0,1,0,1,"","","","","","","","","","","","","","","","","","","","","","","","",25000,1,"","",2,1,2,1,"","","","","","","","","","",3,1,270,1,"","","","","","","","","","","","","","","","","","","","","","","","","","","","","","","","","","","","","","","","","","","","","","","","","","","",""
"33236002","CAP-FERRET",44.630667,-1.252,8,1977043018,"","","","",5.,1,320,1,"","","","","","","","","","","","","","","","","","","","","","","","","","","","",12.9,1,6.5,1,"","","","","","","","","","","","","","","","","","","","","","","","","","",66,1,"","","","","","","","","","","","",9.8,1,1014.3,1,"","","","","","",6,1,0,1,8,1,0,1,0,1,"","","","","","","","","","","","","","","","","","","","","","","","",25000,1,"","",2,1,2,1,"","","","","","","","","","",3,1,270,1,"","","","","","","","","","","","","","","","","","","","","","","","","","","","","","","","","","","","","","","","","","","","","","","","","","","",""
"33236002","CAP-FERRET",44.630667,-1.252,8,1977043021,"","","","",5.,1,320,1,"","","","","","","","","","","","","","","","","","","","","","","","","","","","",9.9,1,5.6,1,"","","","","","","","","","","","","","","","","","","","","","","","","","",76,1,"","","","","","","","","","","","",9.2,1,1014.8,1,"","","","","","",3,1,0,1,2,1,0,1,0,1,"","","","","","","","","","","","","","","","","","","","","","","","",20000,1,"","",2,1,1,1,"","","","","","","","","","",3,1,270,1,"","","","","","","","","","","","","","","","","","","","","","","","","","","","","","","","","","","","","","","","","","","","","","","","","","","",""
"33236002","CAP-FERRET",44.630667,-1.252,8,1977050100,"","","","","","","","","","","","","","","","","","","","","","","","","","","","","","","","","","","","","","","","","","","","","","","","","","","","","","","","","","","","","","","","","","","","","","","","","","","","","","","","","","",1014.3,1,"","","","","","","","","","","","","","","","","","","","","","","","","","","","","","","","","","","","","","","","","","","","","","","","","","","","","","","","","","","","","","","","","","","","","","","","","","","","","","","","","","","","","","","","","","","","","","","","","","","","","","","","","","","","","","","","","",""
"33236002","CAP-FERRET",44.630667,-1.252,8,1977050103,"","","","",2.,1,320,1,"","","","","","","","","","","","","","","","","","","","","","","","","","","","",7.,1,5.,1,"","","","","","","","","","","","","","","","","","","","","","","","","","",88,1,"","","","","","","","","","","","",8.8,1,1013.3,1,"","","","","","",2,1,0,1,3,1,0,1,0,1,"","","","","","","","","","","","","","","","","","","","","","","","",14000,1,"","",0,1,"","","","","","","","","","","","",3,1,270,1,"","","","","","","","","","","","","","","","","","","","","","","","","","","","","","","","","","","","","","","","","","","","","","","","","","","",""
"33236002","CAP-FERRET",44.630667,-1.252,8,1977050106,"","","","",2.,1,360,1,"","","","","","","","","","","","","","","","","","","","","","","","","","","","",5.8,1,4.7,1,"","","","","","","","","","","","","","","","","","","","","","","","","","",94,1,"","","","","","","","","","","","",8.6,1,1013.9,1,"","","","","","",3,1,0,1,9,1,0,1,0,1,"","","","","","","","","","","","","","","","","","","","","","","","",16000,1,"","",3,1,0,1,"","","","","","","","","","",3,1,270,1,"","","","","","","","","","","","","","","","","","","","","","","","","","","","","","","","","","","","","","","","","","","","","","","","","","","",""
"33236002","CAP-FERRET",44.630667,-1.252,8,1977050109,"","","","",2.,1,240,1,"","","","","","","","","","","","","","","","","","","","","","","","","","","","",13.8,1,6.6,1,"","","","","","","","","","","","","","","","","","","","","","","","","","",63,1,"","","","","","","","","","","","",9.9,1,1014.3,1,"","","","","","",3,1,0,1,3,1,0,1,0,1,"","","","","","","","","","","","","","","","","","","","","","","","",20000,1,"","",2,1,0,1,"","","","","","","","","","",3,1,270,1,"","","","","","","","","","","","","","","","","","","","","","","","","","","","","","","","","","","","","","","","","","","","","","","","","","","",""
"33236002","CAP-FERRET",44.630667,-1.252,8,1977050112,"","","","",6.,1,240,1,"","","","","","","","","","","","","","","","","","","","","","","","","","","","",14.4,1,7.3,1,"","","","","","","","","","","","","","","","","","","","","","","","","","",62,1,"","","","","","","","","","","","",10.4,1,1014.3,1,"","","","","","",4,1,0,1,3,1,0,1,3,1,"","","","","","","","","","","","","","","","","","","","","","","","",20000,1,"","",2,1,0,1,"","","","","","","","","","",3,1,270,1,"","","","","","","","","","","","","","","","","","","","","","","","","","","","","","","","","","","","","","","","","","","","","","","","","","","",""
"33236002","CAP-FERRET",44.630667,-1.252,8,1977050115,"","","","",4.,1,320,1,"","","","","","","","","","","","","","","","","","","","","","","","","","","","",15.,1,6.6,1,"","","","","","","","","","","","","","","","","","","","","","","","","","",56,1,"","","","","","","","","","","","",9.9,1,1013.3,1,"","","","","","",2,1,0,1,8,1,0,1,0,1,"","","","","","","","","","","","","","","","","","","","","","","","",22000,1,"","",2,1,0,1,"","","","","","","","","","",2,1,270,1,"","","","","","","","","","","","","","","","","","","","","","","","","","","","","","","","","","","","","","","","","","","","","","","","","","","",""
"33236002","CAP-FERRET",44.630667,-1.252,8,1977050118,"","","","",3.,1,340,1,"","","","","","","","","","","","","","","","","","","","","","","","","","","","",12.8,1,7.7,1,"","","","","","","","","","","","","","","","","","","","","","","","","","",72,1,"","","","","","","","","","","","",10.7,1,1012.7,1,"","","","","","",4,1,0,1,9,1,0,1,3,1,"","","","","","","","","","","","","","","","","","","","","","","","",22000,1,"","",3,1,0,1,"","","","","","","","","","",2,1,270,1,"","","","","","","","","","","","","","","","","","","","","","","","","","","","","","","","","","","","","","","","","","","","","","","","","","","",""
"33236002","CAP-FERRET",44.630667,-1.252,8,1977050121,"","","","",3.,1,40,1,"","","","","","","","","","","","","","","","","","","","","","","","","","","","",10.8,1,5.8,1,"","","","","","","","","","","","","","","","","","","","","","","","","","",72,1,"","","","","","","","","","","","",9.3,1,1012.9,1,"","","","","","",7,1,5,1,8,1,0,1,3,1,"","","","","","","","","","","","","","","","","","","","","","","","",22000,1,"","",3,1,1,1,"","","","","","","","","","",2,1,270,1,"","","","","","","","","","","","","","","","","","","","","","","","","","","","","","","","","","","","","","","","","","","","","","","","","","","",""
"33236002","CAP-FERRET",44.630667,-1.252,8,1977050200,"","","","","","","","","","","","","","","","","","","","","","","","","","","","","","","","","","","","","","","","","","","","","","","","","","","","","","","","","","","","","","","","","","","","","","","","","","","","","","","","","","",1012.2,1,"","","","","","","","","","","","","","","","","","","","","","","","","","","","","","","","","","","","","","","","","","","","","","","","","","","","","","","","","","","","","","","","","","","","","","","","","","","","","","","","","","","","","","","","","","","","","","","","","","","","","","","","","","","","","","","","","",""
"33236002","CAP-FERRET",44.630667,-1.252,8,1977050203,"","","","",2.,1,100,1,"","","","","","","","","","","","","","","","","","","","","","","","","","","","",8.2,1,7.3,1,"","","","","","","","","","","","","","","","","","","","","","","","","","",96,1,"","","","","","","","","","","","",10.4,1,1010.2,1,"","","","","","",7,1,7,1,8,1,"","","","","","","","","","","","","","","","","","","","","","","","","","","","",15000,1,"","",0,1,"","","","","","","","","","","","",3,1,270,1,"","","","","","","","","","","","","","","","","","","","","","","","","","","","","","","","","","","","","","","","","","","","","","","","","","","",""
"33236002","CAP-FERRET",44.630667,-1.252,8,1977050206,"","","","",2.,1,120,1,"","","","","","","","","","","","","","","","","","","","","","","","","","","","",8.2,1,7.6,1,"","","","","","","","","","","","","","","","","","","","","","","","","","",97,1,"","","","","","","","","","","","",10.6,1,1009.4,1,"","","","","","",4,1,0,1,8,1,0,1,0,1,"","","","","","","","","","","","","","","","","","","","","","","","",12000,1,"","",1,1,"","","","","","","","","","","","",2,1,"","","","","","","","","","","","","","","","","","","","","","","","","","","","","","","","","","","","","","","","","","","","","","","","","","","","","",""
"33236002","CAP-FERRET",44.630667,-1.252,8,1977050209,"","","","",6.,1,180,1,"","","","","","","","","","","","","","","","","","","","","","","","","","","","",10.,1,7.5,1,"","","","","","","","","","","","","","","","","","","","","","","","","","",86,1,"","","","","","","","","","","","",10.5,1,1009.5,1,"","","","","","",7,1,5,1,8,1,"","","","","","","","","","","","","","","","","","","","","","","","","","","","",25000,1,"","",25,1,8,1,"","","","","","","","","","",3,1,250,1,"","","","","","","","","","","","","","","","","","","","","","","","","","","","","","","","","","","","","","","","","","","","","","","","","","","",""
"33236002","CAP-FERRET",44.630667,-1.252,8,1977050212,"","","","",7.,1,260,1,"","","","","","","","","","","","","","","","","","","","","","","","","","","","",13.5,1,8.3,1,"","","","","","","","","","","","","","","","","","","","","","","","","","",72,1,"","","","","","","","","","","","",11.1,1,1010.6,1,"","","","","","",5,1,5,1,2,1,0,1,0,1,"","","","","","","","","","","","","","","","","","","","","","","","",20000,1,"","",2,1,8,1,"","","","","","","","","","",3,1,250,1,"","","","","","","","","","","","","","","","","","","","","","","","","","","","","","","","","","","","","","","","","","","","","","","","","","","",""
"33236002","CAP-FERRET",44.630667,-1.252,8,1977050215,"","","","",9.,1,260,1,"","","","","","","","","","","","","","","","","","","","","","","","","","","","",13.8,1,9.,1,"","","","","","","","","","","","","","","","","","","","","","","","","","",74,1,"","","","","","","","","","","","",11.7,1,1011.2,1,"","","","","","",6,1,6,1,2,1,0,1,0,1,"","","","","","","","","","","","","","","","","","","","","","","","",25000,1,"","",2,1,2,1,"","","","","","","","","","",3,1,250,1,"","","","","","","","","","","","","","","","","","","","","","","","","","","","","","","","","","","","","","","","","","","","","","","","","","","",""
"33236002","CAP-FERRET",44.630667,-1.252,8,1977050218,"","","","",10.,1,260,1,"","","","","","","","","","","","","","","","","","","","","","","","","","","","",11.6,1,7.1,1,"","","","","","","","","","","","","","","","","","","","","","","","","","",75,1,"","","","","","","","","","","","",10.2,1,1012.3,1,"","","","","","",5,1,5,1,2,1,0,1,0,1,"","","","","","","","","","","","","","","","","","","","","","","","",25000,1,"","",2,1,2,1,"","","","","","","","","","",3,1,270,1,"","","","","","","","","","","","","","","","","","","","","","","","","","","","","","","","","","","","","","","","","","","","","","","","","","","",""
"33236002","CAP-FERRET",44.630667,-1.252,8,1977050221,"","","","",9.,1,260,1,"","","","","","","","","","","","","","","","","","","","","","","","","","","","",10.5,1,5.6,1,"","","","","","","","","","","","","","","","","","","","","","","","","","",73,1,"","","","","","","","","","","","",9.2,1,1013.4,1,"","","","","","",6,1,6,1,2,1,0,1,0,1,"","","","","","","","","","","","","","","","","","","","","","","","",20000,1,"","",2,1,2,1,"","","","","","","","","","",3,1,270,1,"","","","","","","","","","","","","","","","","","","","","","","","","","","","","","","","","","","","","","","","","","","","","","","","","","","",""
"33236002","CAP-FERRET",44.630667,-1.252,8,1977050300,"","","","","","","","","","","","","","","","","","","","","","","","","","","","","","","","","","","","","","","","","","","","","","","","","","","","","","","","","","","","","","","","","","","","","","","","","","","","","","","","","","",1014.2,1,"","","","","","","","","","","","","","","","","","","","","","","","","","","","","","","","","","","","","","","","","","","","","","","","","","","","","","","","","","","","","","","","","","","","","","","","","","","","","","","","","","","","","","","","","","","","","","","","","","","","","","","","","","","","","","","","","",""
"33236002","CAP-FERRET",44.630667,-1.252,8,1977050303,"","","","",4.,1,260,1,"","","","","","","","","","","","","","","","","","","","","","","","","","","","",9.8,1,4.8,1,"","","","","","","","","","","","","","","","","","","","","","","","","","",72,1,"","","","","","","","","","","","",8.7,1,1014.7,1,"","","","","","",2,1,0,1,3,1,0,1,0,1,"","","","","","","","","","","","","","","","","","","","","","","","",20000,1,"","",0,1,"","","","","","","","","","","","",3,1,"","","","","","","","","","","","","","","","","","","","","","","","","","","","","","","","","","","","","","","","","","","","","","","","","","","","","",""
"33236002","CAP-FERRET",44.630667,-1.252,8,1977050306,"","","","",1.,1,180,1,"","","","","","","","","","","","","","","","","","","","","","","","","","","","",8.2,1,6.5,1,"","","","","","","","","","","","","","","","","","","","","","","","","","",90,1,"","","","","","","","","","","","",9.8,1,1014.7,1,"","","","","","",4,1,0,1,8,1,0,1,0,1,"","","","","","","","","","","","","","","","","","","","","","","","",20000,1,"","",3,1,0,1,"","","","","","","","","","",3,1,"","","","","","","","","","","","","","","","","","","","","","","","","","","","","","","","","","","","","","","","","","","","","","","","","","","","","",""
"33236002","CAP-FERRET",44.630667,-1.252,8,1977050309,"","","","",1.,1,240,1,"","","","","","","","","","","","","","","","","","","","","","","","","","","","",13.7,1,7.7,1,"","","","","","","","","","","","","","","","","","","","","","","","","","",68,1,"","","","","","","","","","","","",10.7,1,1015.7,1,"","","","","","",3,1,0,1,8,1,0,1,0,1,"","","","","","","","","","","","","","","","","","","","","","","","",20000,1,"","",2,1,0,1,"","","","","","","","","","",3,1,"","","","","","","","","","","","","","","","","","","","","","","","","","","","","","","","","","","","","","","","","","","","","","","","","","","","","",""
"33236002","CAP-FERRET",44.630667,-1.252,8,1977050312,"","","","",6.,1,300,1,"","","","","","","","","","","","","","","","","","","","","","","","","","","","",13.8,1,6.6,1,"","","","","","","","","","","","","","","","","","","","","","","","","","",63,1,"","","","","","","","","","","","",9.9,1,1014.7,1,"","","","","","",4,1,0,1,8,1,0,1,0,1,"","","","","","","","","","","","","","","","","","","","","","","","",20000,1,"","",2,1,0,1,"","","","","","","","","","",3,1,"","","","","","","","","","","","","","","","","","","","","","","","","","","","","","","","","","","","","","","","","","","","","","","","","","","","","",""
"33236002","CAP-FERRET",44.630667,-1.252,8,1977050315,"","","","",6.,1,340,1,"","","","","","","","","","","","","","","","","","","","","","","","","","","","",14.,1,7.3,1,"","","","","","","","","","","","","","","","","","","","","","","","","","",65,1,"","","","","","","","","","","","",10.4,1,1014.4,1,"","","","","","",7,1,5,1,9,1,1,1,3,1,"","","","","","","","","","","","","","","","","","","","","","","","",20000,1,"","",3,1,1,1,"","","","","","","","","","",3,1,"","","","","","","","","","","","","","","","","","","","","","","","","","","","","","","","","","","","","","","","","","","","","","","","","","","","","",""
"33236002","CAP-FERRET",44.630667,-1.252,8,1977050318,"","","","",7.,1,360,1,"","","","","","","","","","","","","","","","","","","","","","","","","","","","",12.,1,5.5,1,"","","","","","","","","","","","","","","","","","","","","","","","","","",65,1,"","","","","","","","","","","","",9.1,1,1014.2,1,"","","","","","",7,1,5,1,8,1,1,1,3,1,"","","","","","","","","","","","","","","","","","","","","","","","",22000,1,"","",2,1,1,1,"","","","","","","","","","",3,1,"","","","","","","","","","","","","","","","","","","","","","","","","","","","","","","","","","","","","","","","","","","","","","","","","","","","","",""
"33236002","CAP-FERRET",44.630667,-1.252,8,1977050321,"","","","",5.,1,360,1,"","","","","","","","","","","","","","","","","","","","","","","","","","","","",11.,1,6.2,1,"","","","","","","","","","","","","","","","","","","","","","","","","","",73,1,"","","","","","","","","","","","",9.6,1,1014.6,1,"","","","","","",8,1,6,1,8,1,1,1,"","","","","","","","","","","","","","","","","","","","","","","","","","",20000,1,"","",2,1,2,1,"","","","","","","","","","",3,1,"","","","","","","","","","","","","","","","","","","","","","","","","","","","","","","","","","","","","","","","","","","","","","","","","","","","","",""
"33236002","CAP-FERRET",44.630667,-1.252,8,1977050400,"","","","","","","","","","","","","","","","","","","","","","","","","","","","","","","","","","","","","","","","","","","","","","","","","","","","","","","","","","","","","","","","","","","","","","","","","","","","","","","","","","",1014.6,1,"","","","","","","","","","","","","","","","","","","","","","","","","","","","","","","","","","","","","","","","","","","","","","","","","","","","","","","","","","","","","","","","","","","","","","","","","","","","","","","","","","","","","","","","","","","","","","","","","","","","","","","","","","","","","","","","","",""
"33236002","CAP-FERRET",44.630667,-1.252,8,1977050403,"","","","",8.,1,360,1,"","","","","","","","","","","","","","","","","","","","","","","","","","","","",10.8,1,5.8,1,"","","","","","","","","","","","","","","","","","","","","","","","","","",72,1,"","","","","","","","","","","","",9.3,1,1013.4,1,"","","","","","",7,1,7,1,2,1,1,1,"","","","","","","","","","","","","","","","","","","","","","","","","","",15000,1,"","",0,1,"","","","","","","","","","","","",3,1,270,1,"","","","","","","","","","","","","","","","","","","","","","","","","","","","","","","","","","","","","","","","","","","","","","","","","","","",""
"33236002","CAP-FERRET",44.630667,-1.252,8,1977050406,"","","","",10.,1,340,1,"","","","","","","","","","","","","","","","","","","","","","","","","","","","",11.1,1,7.3,1,"","","","","","","","","","","","","","","","","","","","","","","","","","",79,1,"","","","","","","","","","","","",10.4,1,1013.1,1,"","","","","","",7,1,5,1,2,1,0,1,2,1,"","","","","","","","","","","","","","","","","","","","","","","","",15000,1,"","",2,1,"","","","","","","","","","","","",3,1,270,1,"","","","","","","","","","","","","","","","","","","","","","","","","","","","","","","","","","","","","","","","","","","","","","","","","","","",""
"33236002","CAP-FERRET",44.630667,-1.252,8,1977050409,"","","","",5.,1,340,1,"","","","","","","","","","","","","","","","","","","","","","","","","","","","",12.4,1,7.6,1,"","","","","","","","","","","","","","","","","","","","","","","","","","",74,1,"","","","","","","","","","","","",10.6,1,1014.5,1,"","","","","","",7,1,7,1,2,1,0,1,2,1,"","","","","","","","","","","","","","","","","","","","","","","","",10000,1,"","",2,1,2,1,"","","","","","","","","","",3,1,270,1,"","","","","","","","","","","","","","","","","","","","","","","","","","","","","","","","","","","","","","","","","","","","","","","","","","","",""
"33236002","CAP-FERRET",44.630667,-1.252,8,1977050412,"","","","",8.,1,340,1,"","","","","","","","","","","","","","","","","","","","","","","","","","","","",14.8,1,7.3,1,"","","","","","","","","","","","","","","","","","","","","","","","","","",62,1,"","","","","","","","","","","","",10.4,1,1015.5,1,"","","","","","",6,1,6,1,2,1,0,1,0,1,"","","","","","","","","","","","","","","","","","","","","","","","",12000,1,"","",2,1,2,1,"","","","","","","","","","",3,1,270,1,"","","","","","","","","","","","","","","","","","","","","","","","","","","","","","","","","","","","","","","","","","","","","","","","","","","",""
"33236002","CAP-FERRET",44.630667,-1.252,8,1977050415,"","","","",5.,1,300,1,"","","","","","","","","","","","","","","","","","","","","","","","","","","","",13.7,1,6.5,1,"","","","","","","","","","","","","","","","","","","","","","","","","","",63,1,"","","","","","","","","","","","",9.8,1,1016.1,1,"","","","","","",5,1,5,1,2,1,0,1,0,1,"","","","","","","","","","","","","","","","","","","","","","","","",15000,1,"","",2,1,8,1,"","","","","","","","","","",3,1,270,1,"","","","","","","","","","","","","","","","","","","","","","","","","","","","","","","","","","","","","","","","","","","","","","","","","","","",""
"33236002","CAP-FERRET",44.630667,-1.252,8,1977050418,"","","","",5.,1,300,1,"","","","","","","","","","","","","","","","","","","","","","","","","","","","",12.4,1,7.3,1,"","","","","","","","","","","","","","","","","","","","","","","","","","",72,1,"","","","","","","","","","","","",10.4,1,1015.8,1,"","","","","","",5,1,5,1,2,1,0,1,0,1,"","","","","","","","","","","","","","","","","","","","","","","","",15000,1,"","",2,1,8,1,"","","","","","","","","","",3,1,270,1,"","","","","","","","","","","","","","","","","","","","","","","","","","","","","","","","","","","","","","","","","","","","","","","","","","","",""
"33236002","CAP-FERRET",44.630667,-1.252,8,1977050421,"","","","",1.,1,320,1,"","","","","","","","","","","","","","","","","","","","","","","","","","","","",7.5,1,5.3,1,"","","","","","","","","","","","","","","","","","","","","","","","","","",87,1,"","","","","","","","","","","","",9.,1,1016.1,1,"","","","","","",2,1,0,1,2,1,0,1,0,1,"","","","","","","","","","","","","","","","","","","","","","","","",15000,1,"","",2,1,1,1,"","","","","","","","","","",3,1,270,1,"","","","","","","","","","","","","","","","","","","","","","","","","","","","","","","","","","","","","","","","","","","","","","","","","","","",""
"33236002","CAP-FERRET",44.630667,-1.252,8,1977050500,"","","","","","","","","","","","","","","","","","","","","","","","","","","","","","","","","","","","","","","","","","","","","","","","","","","","","","","","","","","","","","","","","","","","","","","","","","","","","","","","","","",1016.,1,"","","","","","","","","","","","","","","","","","","","","","","","","","","","","","","","","","","","","","","","","","","","","","","","","","","","","","","","","","","","","","","","","","","","","","","","","","","","","","","","","","","","","","","","","","","","","","","","","","","","","","","","","","","","","","","","","",""
"33236002","CAP-FERRET",44.630667,-1.252,8,1977050503,"","","","",0.,1,0,1,"","","","","","","","","","","","","","","","","","","","","","","","","","","","",5.6,1,5.,1,"","","","","","","","","","","","","","","","","","","","","","","","","","",97,1,"","","","","","","","","","","","",8.8,1,1016.,1,"","","","","","",3,1,0,1,5,1,0,1,0,1,"","","","","","","","","","","","","","","","","","","","","","","","",12000,1,"","",0,1,"","","","","","","","","","","","",3,1,270,1,"","","","","","","","","","","","","","","","","","","","","","","","","","","","","","","","","","","","","","","","","","","","","","","","","","","",""
"33236002","CAP-FERRET",44.630667,-1.252,8,1977050506,"","","","",1.,1,120,1,"","","","","","","","","","","","","","","","","","","","","","","","","","","","",7.2,1,5.3,1,"","","","","","","","","","","","","","","","","","","","","","","","","","",89,1,"","","","","","","","","","","","",9.,1,1017.,1,"","","","","","",3,1,0,1,5,1,0,1,0,1,"","","","","","","","","","","","","","","","","","","","","","","","",4000,1,"","",10,1,0,1,"","","","","","","","","","",3,1,270,1,"","","","","","","","","","","","","","","","","","","","","","","","","","","","","","","","","","","","","","","","","","","","","","","","","","","",""
"33236002","CAP-FERRET",44.630667,-1.252,8,1977050509,"","","","",1.,1,160,1,"","","","","","","","","","","","","","","","","","","","","","","","","","","","",13.7,1,6.5,1,"","","","","","","","","","","","","","","","","","","","","","","","","","",63,1,"","","","","","","","","","","","",9.8,1,1018.2,1,"","","","","","",3,1,0,1,2,1,0,1,0,1,"","","","","","","","","","","","","","","","","","","","","","","","",12000,1,"","",2,1,0,1,"","","","","","","","","","",3,1,270,1,"","","","","","","","","","","","","","","","","","","","","","","","","","","","","","","","","","","","","","","","","","","","","","","","","","","",""
"33236002","CAP-FERRET",44.630667,-1.252,8,1977050512,"","","","",4.,1,300,1,"","","","","","","","","","","","","","","","","","","","","","","","","","","","",15.8,1,8.1,1,"","","","","","","","","","","","","","","","","","","","","","","","","","",61,1,"","","","","","","","","","","","",11.,1,1019.2,1,"","","","","","",7,1,0,1,9,1,6,1,3,1,"","","","","","","","","","","","","","","","","","","","","","","","",18000,1,"","",3,1,1,1,"","","","","","","","","","",3,1,270,1,"","","","","","","","","","","","","","","","","","","","","","","","","","","","","","","","","","","","","","","","","","","","","","","","","","","",""
"33236002","CAP-FERRET",44.630667,-1.252,8,1977050515,"","","","",4.,1,320,1,"","","","","","","","","","","","","","","","","","","","","","","","","","","","",13.8,1,7.1,1,"","","","","","","","","","","","","","","","","","","","","","","","","","",65,1,"","","","","","","","","","","","",10.2,1,1019.8,1,"","","","","","",7,1,0,1,5,1,6,1,"","","","","","","","","","","","","","","","","","","","","","","","","","",14000,1,"","",2,1,2,1,"","","","","","","","","","",3,1,270,1,"","","","","","","","","","","","","","","","","","","","","","","","","","","","","","","","","","","","","","","","","","","","","","","","","","","",""
"33236002","CAP-FERRET",44.630667,-1.252,8,1977050518,"","","","",2.,1,360,1,"","","","","","","","","","","","","","","","","","","","","","","","","","","","",12.8,1,6.9,1,"","","","","","","","","","","","","","","","","","","","","","","","","","",68,1,"","","","","","","","","","","","",10.1,1,1019.8,1,"","","","","","",6,1,0,1,5,1,8,1,0,1,"","","","","","","","","","","","","","","","","","","","","","","","",12000,1,"","",2,1,2,1,"","","","","","","","","","",2,1,"","","","","","","","","","","","","","","","","","","","","","","","","","","","","","","","","","","","","","","","","","","","","","","","","","","","","",""
"33236002","CAP-FERRET",44.630667,-1.252,8,1977050521,"","","","",2.,1,40,1,"","","","","","","","","","","","","","","","","","","","","","","","","","","","",14.,1,12.2,1,"","","","","","","","","","","","","","","","","","","","","","","","","","",91,1,"","","","","","","","","","","","",14.5,1,1021.2,1,"","","","","","",3,1,0,1,5,1,0,1,0,1,"","","","","","","","","","","","","","","","","","","","","","","","",18000,1,"","",1,1,1,1,"","","","","","","","","","",2,1,"","","","","","","","","","","","","","","","","","","","","","","","","","","","","","","","","","","","","","","","","","","","","","","","","","","","","",""
"33236002","CAP-FERRET",44.630667,-1.252,8,1977050600,"","","","","","","","","","","","","","","","","","","","","","","","","","","","","","","","","","","","","","","","","","","","","","","","","","","","","","","","","","","","","","","","","","","","","","","","","","","","","","","","","","",1022.,1,"","","","","","","","","","","","","","","","","","","","","","","","","","","","","","","","","","","","","","","","","","","","","","","","","","","","","","","","","","","","","","","","","","","","","","","","","","","","","","","","","","","","","","","","","","","","","","","","","","","","","","","","","","","","","","","","","",""
"33236002","CAP-FERRET",44.630667,-1.252,8,1977050603,"","","","",1.,1,100,1,"","","","","","","","","","","","","","","","","","","","","","","","","","","","",5.7,1,5.1,1,"","","","","","","","","","","","","","","","","","","","","","","","","","",97,1,"","","","","","","","","","","","",8.9,1,1022.,1,"","","","","","",7,1,7,1,5,1,"","","","","","","","","","","","","","","","","","","","","","","","","","","","",15000,1,"","",0,1,"","","","","","","","","","","","",2,1,"","","","","","","","","","","","","","","","","","","","","","","","","","","","","","","","","","","","","","","","","","","","","","","","","","","","","",""
"33236002","CAP-FERRET",44.630667,-1.252,8,1977050606,"","","","",1.,1,100,1,"","","","","","","","","","","","","","","","","","","","","","","","","","","","",6.3,1,5.6,1,"","","","","","","","","","","","","","","","","","","","","","","","","","",97,1,"","","","","","","","","","","","",9.2,1,1022.3,1,"","","","","","",0,1,"","",0,1,0,1,0,1,"","","","","","","","","","","","","","","","","","","","","","","","",10000,1,"","",2,1,"","","","","","","","","","","","",2,1,"","","","","","","","","","","","","","","","","","","","","","","","","","","","","","","","","","","","","","","","","","","","","","","","","","","","","",""
"33236002","CAP-FERRET",44.630667,-1.252,8,1977050609,"","","","",1.,1,300,1,"","","","","","","","","","","","","","","","","","","","","","","","","","","","",15.2,1,7.9,1,"","","","","","","","","","","","","","","","","","","","","","","","","","",63,1,"","","","","","","","","","","","",10.8,1,1022.5,1,"","","","","","",3,1,0,1,2,1,0,1,0,1,"","","","","","","","","","","","","","","","","","","","","","","","",14000,1,"","",3,1,0,1,"","","","","","","","","","",2,1,"","","","","","","","","","","","","","","","","","","","","","","","","","","","","","","","","","","","","","","","","","","","","","","","","","","","","",""
"33236002","CAP-FERRET",44.630667,-1.252,8,1977050612,"","","","",5.,1,300,1,"","","","","","","","","","","","","","","","","","","","","","","","","","","","",15.9,1,8.5,1,"","","","","","","","","","","","","","","","","","","","","","","","","","",62,1,"","","","","","","","","","","","",11.3,1,1022.7,1,"","","","","","",5,1,0,1,2,1,0,1,2,1,"","","","","","","","","","","","","","","","","","","","","","","","",12000,1,"","",2,1,1,1,"","","","","","","","","","",2,1,"","","","","","","","","","","","","","","","","","","","","","","","","","","","","","","","","","","","","","","","","","","","","","","","","","","","","",""
"33236002","CAP-FERRET",44.630667,-1.252,8,1977050615,"","","","",5.,1,340,1,"","","","","","","","","","","","","","","","","","","","","","","","","","","","",17.5,1,9.3,1,"","","","","","","","","","","","","","","","","","","","","","","","","","",60,1,"","","","","","","","","","","","",11.9,1,1023.1,1,"","","","","","",2,1,0,1,2,1,0,1,0,1,"","","","","","","","","","","","","","","","","","","","","","","","",15000,1,"","",2,1,1,1,"","","","","","","","","","",2,1,"","","","","","","","","","","","","","","","","","","","","","","","","","","","","","","","","","","","","","","","","","","","","","","","","","","","","",""
"33236002","CAP-FERRET",44.630667,-1.252,8,1977050618,"","","","",5.,1,340,1,"","","","","","","","","","","","","","","","","","","","","","","","","","","","",14.6,1,8.5,1,"","","","","","","","","","","","","","","","","","","","","","","","","","",68,1,"","","","","","","","","","","","",11.3,1,1023.3,1,"","","","","","",0,1,"","",0,1,0,1,0,1,"","","","","","","","","","","","","","","","","","","","","","","","",18000,1,"","",2,1,1,1,"","","","","","","","","","",2,1,"","","","","","","","","","","","","","","","","","","","","","","","","","","","","","","","","","","","","","","","","","","","","","","","","","","","","",""
"33236002","CAP-FERRET",44.630667,-1.252,8,1977050621,"","","","",3.,1,340,1,"","","","","","","","","","","","","","","","","","","","","","","","","","","","",10.3,1,8.,1,"","","","","","","","","","","","","","","","","","","","","","","","","","",87,1,"","","","","","","","","","","","",10.9,1,1023.9,1,"","","","","","",0,1,"","",0,1,0,1,0,1,"","","","","","","","","","","","","","","","","","","","","","","","",15000,1,"","",2,1,0,1,"","","","","","","","","","",2,1,"","","","","","","","","","","","","","","","","","","","","","","","","","","","","","","","","","","","","","","","","","","","","","","","","","","","","",""
"33236002","CAP-FERRET",44.630667,-1.252,8,1977050700,"","","","","","","","","","","","","","","","","","","","","","","","","","","","","","","","","","","","","","","","","","","","","","","","","","","","","","","","","","","","","","","","","","","","","","","","","","","","","","","","","","",1023.9,1,"","","","","","","","","","","","","","","","","","","","","","","","","","","","","","","","","","","","","","","","","","","","","","","","","","","","","","","","","","","","","","","","","","","","","","","","","","","","","","","","","","","","","","","","","","","","","","","","","","","","","","","","","","","","","","","","","",""
"33236002","CAP-FERRET",44.630667,-1.252,8,1977050703,"","","","",1.,1,20,1,"","","","","","","","","","","","","","","","","","","","","","","","","","","","",5.8,1,5.,1,"","","","","","","","","","","","","","","","","","","","","","","","","","",95,1,"","","","","","","","","","","","",8.8,1,1023.4,1,"","","","","","",6,1,6,1,5,1,0,1,0,1,"","","","","","","","","","","","","","","","","","","","","","","","",10000,1,"","",0,1,"","","","","","","","","","","","",2,1,"","","","","","","","","","","","","","","","","","","","","","","","","","","","","","","","","","","","","","","","","","","","","","","","","","","","","",""
"33236002","CAP-FERRET",44.630667,-1.252,8,1977050706,"","","","",0.,1,0,1,"","","","","","","","","","","","","","","","","","","","","","","","","","","","",7.,1,6.1,1,"","","","","","","","","","","","","","","","","","","","","","","","","","",94,1,"","","","","","","","","","","","",9.5,1,1023.4,1,"","","","","","",2,1,0,1,5,1,0,1,0,1,"","","","","","","","","","","","","","","","","","","","","","","","",9000,1,"","",1,1,1,1,"","","","","","","","","","",2,1,"","","","","","","","","","","","","","","","","","","","","","","","","","","","","","","","","","","","","","","","","","","","","","","","","","","","","",""
"33236002","CAP-FERRET",44.630667,-1.252,8,1977050709,"","","","",2.,1,260,1,"","","","","","","","","","","","","","","","","","","","","","","","","","","","",14.8,1,10.2,1,"","","","","","","","","","","","","","","","","","","","","","","","","","",75,1,"","","","","","","","","","","","",12.7,1,1023.9,1,"","","","","","",2,1,0,1,2,1,0,1,0,1,"","","","","","","","","","","","","","","","","","","","","","","","",12000,1,"","",3,1,0,1,"","","","","","","","","","",2,1,"","","","","","","","","","","","","","","","","","","","","","","","","","","","","","","","","","","","","","","","","","","","","","","","","","","","","",""
"33236002","CAP-FERRET",44.630667,-1.252,8,1977050712,"","","","",6.,1,320,1,"","","","","","","","","","","","","","","","","","","","","","","","","","","","",17.2,1,10.,1,"","","","","","","","","","","","","","","","","","","","","","","","","","",64,1,"","","","","","","","","","","","",12.5,1,1023.9,1,"","","","","","",1,1,0,1,0,1,0,1,2,1,"","","","","","","","","","","","","","","","","","","","","","","","",18000,1,"","",1,1,0,1,"","","","","","","","","","",2,1,"","","","","","","","","","","","","","","","","","","","","","","","","","","","","","","","","","","","","","","","","","","","","","","","","","","","","",""
"33236002","CAP-FERRET",44.630667,-1.252,8,1977050715,"","","","",4.,1,320,1,"","","","","","","","","","","","","","","","","","","","","","","","","","","","",16.8,1,9.8,1,"","","","","","","","","","","","","","","","","","","","","","","","","","",64,1,"","","","","","","","","","","","",12.3,1,1023.1,1,"","","","","","",7,1,5,1,5,1,0,1,2,1,"","","","","","","","","","","","","","","","","","","","","","","","",16000,1,"","",3,1,1,1,"","","","","","","","","","",2,1,"","","","","","","","","","","","","","","","","","","","","","","","","","","","","","","","","","","","","","","","","","","","","","","","","","","","","",""
"33236002","CAP-FERRET",44.630667,-1.252,8,1977050718,"","","","",4.,1,340,1,"","","","","","","","","","","","","","","","","","","","","","","","","","","","",15.6,1,9.6,1,"","","","","","","","","","","","","","","","","","","","","","","","","","",69,1,"","","","","","","","","","","","",12.2,1,1022.3,1,"","","","","","",3,1,0,1,5,1,0,1,0,1,"","","","","","","","","","","","","","","","","","","","","","","","",18000,1,"","",2,1,1,1,"","","","","","","","","","",2,1,"","","","","","","","","","","","","","","","","","","","","","","","","","","","","","","","","","","","","","","","","","","","","","","","","","","","","",""
"33236002","CAP-FERRET",44.630667,-1.252,8,1977050721,"","","","",4.,1,340,1,"","","","","","","","","","","","","","","","","","","","","","","","","","","","",11.8,1,10.,1,"","","","","","","","","","","","","","","","","","","","","","","","","","",90,1,"","","","","","","","","","","","",12.5,1,1022.6,1,"","","","","","",1,1,0,1,5,1,0,1,0,1,"","","","","","","","","","","","","","","","","","","","","","","","",14000,1,"","",2,1,0,1,"","","","","","","","","","",2,1,"","","","","","","","","","","","","","","","","","","","","","","","","","","","","","","","","","","","","","","","","","","","","","","","","","","","","",""
"33236002","CAP-FERRET",44.630667,-1.252,8,1977050800,"","","","","","","","","","","","","","","","","","","","","","","","","","","","","","","","","","","","","","","","","","","","","","","","","","","","","","","","","","","","","","","","","","","","","","","","","","","","","","","","","","",1022.2,1,"","","","","","","","","","","","","","","","","","","","","","","","","","","","","","","","","","","","","","","","","","","","","","","","","","","","","","","","","","","","","","","","","","","","","","","","","","","","","","","","","","","","","","","","","","","","","","","","","","","","","","","","","","","","","","","","","",""
"33236002","CAP-FERRET",44.630667,-1.252,8,1977050803,"","","","",5.,1,300,1,"","","","","","","","","","","","","","","","","","","","","","","","","","","","",11.8,1,10.,1,"","","","","","","","","","","","","","","","","","","","","","","","","","",90,1,"","","","","","","","","","","","",12.5,1,1021.,1,"","","","","","",2,1,0,1,5,1,0,1,0,1,"","","","","","","","","","","","","","","","","","","","","","","","",12000,1,"","",0,1,"","","","","","","","","","","","",2,1,"","","","","","","","","","","","","","","","","","","","","","","","","","","","","","","","","","","","","","","","","","","","","","","","","","","","","",""
"33236002","CAP-FERRET",44.630667,-1.252,8,1977050806,"","","","",4.,1,340,1,"","","","","","","","","","","","","","","","","","","","","","","","","","","","",12.1,1,9.2,1,"","","","","","","","","","","","","","","","","","","","","","","","","","",83,1,"","","","","","","","","","","","",11.8,1,1020.8,1,"","","","","","",7,1,5,1,8,1,"","","","","","","","","","","","","","","","","","","","","","","","","","","","",20000,1,"","",25,1,"","","","","","","","","","","","",2,1,"","","","","","","","","","","","","","","","","","","","","","","","","","","","","","","","","","","","","","","","","","","","","","","","","","","","","",""
"33236002","CAP-FERRET",44.630667,-1.252,8,1977050809,"","","","",5.,1,340,1,"","","","","","","","","","","","","","","","","","","","","","","","","","","","",15.7,1,8.9,1,"","","","","","","","","","","","","","","","","","","","","","","","","","",65,1,"","","","","","","","","","","","",11.6,1,1020.8,1,"","","","","","",3,1,0,1,2,1,0,1,0,1,"","","","","","","","","","","","","","","","","","","","","","","","",25000,1,"","",2,1,1,1,"","","","","","","","","","",2,1,"","","","","","","","","","","","","","","","","","","","","","","","","","","","","","","","","","","","","","","","","","","","","","","","","","","","","",""
"33236002","CAP-FERRET",44.630667,-1.252,8,1977050812,"","","","",5.,1,320,1,"","","","","","","","","","","","","","","","","","","","","","","","","","","","",18.4,1,9.5,1,"","","","","","","","","","","","","","","","","","","","","","","","","","",57,1,"","","","","","","","","","","","",12.1,1,1020.8,1,"","","","","","",5,1,5,1,2,1,0,1,0,1,"","","","","","","","","","","","","","","","","","","","","","","","",20000,1,"","",2,1,1,1,"","","","","","","","","","",2,1,"","","","","","","","","","","","","","","","","","","","","","","","","","","","","","","","","","","","","","","","","","","","","","","","","","","","","",""
"33236002","CAP-FERRET",44.630667,-1.252,8,1977050815,"","","","",8.,1,320,1,"","","","","","","","","","","","","","","","","","","","","","","","","","","","",16.2,1,8.9,1,"","","","","","","","","","","","","","","","","","","","","","","","","","",63,1,"","","","","","","","","","","","",11.6,1,1020.2,1,"","","","","","",6,1,6,1,2,1,0,1,0,1,"","","","","","","","","","","","","","","","","","","","","","","","",25000,1,"","",2,1,2,1,"","","","","","","","","","",3,1,270,1,"","","","","","","","","","","","","","","","","","","","","","","","","","","","","","","","","","","","","","","","","","","","","","","","","","","",""
"33236002","CAP-FERRET",44.630667,-1.252,8,1977050818,"","","","",7.,1,320,1,"","","","","","","","","","","","","","","","","","","","","","","","","","","","",14.,1,8.5,1,"","","","","","","","","","","","","","","","","","","","","","","","","","",70,1,"","","","","","","","","","","","",11.3,1,1020.1,1,"","","","","","",6,1,6,1,2,1,0,1,0,1,"","","","","","","","","","","","","","","","","","","","","","","","",25000,1,"","",2,1,2,1,"","","","","","","","","","",3,1,270,1,"","","","","","","","","","","","","","","","","","","","","","","","","","","","","","","","","","","","","","","","","","","","","","","","","","","",""
"33236002","CAP-FERRET",44.630667,-1.252,8,1977050821,"","","","",6.,1,320,1,"","","","","","","","","","","","","","","","","","","","","","","","","","","","",11.7,1,9.5,1,"","","","","","","","","","","","","","","","","","","","","","","","","","",88,1,"","","","","","","","","","","","",12.1,1,1020.6,1,"","","","","","",2,1,0,1,2,1,0,1,0,1,"","","","","","","","","","","","","","","","","","","","","","","","",25000,1,"","",2,1,1,1,"","","","","","","","","","",3,1,270,1,"","","","","","","","","","","","","","","","","","","","","","","","","","","","","","","","","","","","","","","","","","","","","","","","","","","",""
"33236002","CAP-FERRET",44.630667,-1.252,8,1977050900,"","","","","","","","","","","","","","","","","","","","","","","","","","","","","","","","","","","","","","","","","","","","","","","","","","","","","","","","","","","","","","","","","","","","","","","","","","","","","","","","","","",1020.6,1,"","","","","","","","","","","","","","","","","","","","","","","","","","","","","","","","","","","","","","","","","","","","","","","","","","","","","","","","","","","","","","","","","","","","","","","","","","","","","","","","","","","","","","","","","","","","","","","","","","","","","","","","","","","","","","","","","",""
"33236002","CAP-FERRET",44.630667,-1.252,8,1977050903,"","","","",5.,1,300,1,"","","","","","","","","","","","","","","","","","","","","","","","","","","","",11.8,1,9.8,1,"","","","","","","","","","","","","","","","","","","","","","","","","","",89,1,"","","","","","","","","","","","",12.3,1,1020.6,1,"","","","","","",6,1,6,1,5,1,0,1,0,1,"","","","","","","","","","","","","","","","","","","","","","","","",14000,1,"","",0,1,"","","","","","","","","","","","",3,1,"","","","","","","","","","","","","","","","","","","","","","","","","","","","","","","","","","","","","","","","","","","","","","","","","","","","","",""
"33236002","CAP-FERRET",44.630667,-1.252,8,1977050906,"","","","",5.,1,320,1,"","","","","","","","","","","","","","","","","","","","","","","","","","","","",12.,1,8.5,1,"","","","","","","","","","","","","","","","","","","","","","","","","","",81,1,"","","","","","","","","","","","",11.3,1,1021.2,1,"","","","","","",7,1,7,1,8,1,"","","","","","","","","","","","","","","","","","","","","","","","","","","","",20000,1,"","",2,1,2,1,"","","","","","","","","","",2,1,"","","","","","","","","","","","","","","","","","","","","","","","","","","","","","","","","","","","","","","","","","","","","","","","","","","","","",""
"33236002","CAP-FERRET",44.630667,-1.252,8,1977050909,"","","","",5.,1,320,1,"","","","","","","","","","","","","","","","","","","","","","","","","","","","",13.8,1,8.,1,"","","","","","","","","","","","","","","","","","","","","","","","","","",69,1,"","","","","","","","","","","","",10.9,1,1022.2,1,"","","","","","",7,1,7,1,8,1,"","","","","","","","","","","","","","","","","","","","","","","","","","","","",20000,1,"","",2,1,2,1,"","","","","","","","","","",2,1,"","","","","","","","","","","","","","","","","","","","","","","","","","","","","","","","","","","","","","","","","","","","","","","","","","","","","",""
"33236002","CAP-FERRET",44.630667,-1.252,8,1977050912,"","","","",4.,1,300,1,"","","","","","","","","","","","","","","","","","","","","","","","","","","","",18.,1,9.,1,"","","","","","","","","","","","","","","","","","","","","","","","","","",57,1,"","","","","","","","","","","","",11.7,1,1022.2,1,"","","","","","",3,1,0,1,8,1,0,1,1,1,"","","","","","","","","","","","","","","","","","","","","","","","",24000,1,"","",1,1,1,1,"","","","","","","","","","",2,1,"","","","","","","","","","","","","","","","","","","","","","","","","","","","","","","","","","","","","","","","","","","","","","","","","","","","","",""
"33236002","CAP-FERRET",44.630667,-1.252,8,1977050915,"","","","",5.,1,320,1,"","","","","","","","","","","","","","","","","","","","","","","","","","","","",17.2,1,10.4,1,"","","","","","","","","","","","","","","","","","","","","","","","","","",63,1,"","","","","","","","","","","","",12.9,1,1021.8,1,"","","","","","",4,1,0,1,5,1,0,1,5,1,"","","","","","","","","","","","","","","","","","","","","","","","",24000,1,"","",3,1,0,1,"","","","","","","","","","",2,1,"","","","","","","","","","","","","","","","","","","","","","","","","","","","","","","","","","","","","","","","","","","","","","","","","","","","","",""
"33236002","CAP-FERRET",44.630667,-1.252,8,1977050918,"","","","",2.,1,360,1,"","","","","","","","","","","","","","","","","","","","","","","","","","","","",14.8,1,7.9,1,"","","","","","","","","","","","","","","","","","","","","","","","","","",64,1,"","","","","","","","","","","","",10.8,1,1021.4,1,"","","","","","",5,1,0,1,5,1,0,1,5,1,"","","","","","","","","","","","","","","","","","","","","","","","",24000,1,"","",2,1,1,1,"","","","","","","","","","",3,1,270,1,"","","","","","","","","","","","","","","","","","","","","","","","","","","","","","","","","","","","","","","","","","","","","","","","","","","",""
"33236002","CAP-FERRET",44.630667,-1.252,8,1977050921,"","","","",1.,1,20,1,"","","","","","","","","","","","","","","","","","","","","","","","","","","","",11.,1,7.7,1,"","","","","","","","","","","","","","","","","","","","","","","","","","",81,1,"","","","","","","","","","","","",10.7,1,1021.8,1,"","","","","","",6,1,0,1,5,1,0,1,2,1,"","","","","","","","","","","","","","","","","","","","","","","","",24000,1,"","",2,1,2,1,"","","","","","","","","","",3,1,270,1,"","","","","","","","","","","","","","","","","","","","","","","","","","","","","","","","","","","","","","","","","","","","","","","","","","","",""
"33236002","CAP-FERRET",44.630667,-1.252,8,1977051000,"","","","","","","","","","","","","","","","","","","","","","","","","","","","","","","","","","","","","","","","","","","","","","","","","","","","","","","","","","","","","","","","","","","","","","","","","","","","","","","","","","",1021.4,1,"","","","","","","","","","","","","","","","","","","","","","","","","","","","","","","","","","","","","","","","","","","","","","","","","","","","","","","","","","","","","","","","","","","","","","","","","","","","","","","","","","","","","","","","","","","","","","","","","","","","","","","","","","","","","","","","","",""
"33236002","CAP-FERRET",44.630667,-1.252,8,1977051003,"","","","",2.,1,260,1,"","","","","","","","","","","","","","","","","","","","","","","","","","","","",8.,1,7.2,1,"","","","","","","","","","","","","","","","","","","","","","","","","","",96,1,"","","","","","","","","","","","",10.3,1,1020.8,1,"","","","","","",2,1,0,1,0,1,0,1,2,1,"","","","","","","","","","","","","","","","","","","","","","","","",15000,1,"","",0,1,"","","","","","","","","","","","",3,1,270,1,"","","","","","","","","","","","","","","","","","","","","","","","","","","","","","","","","","","","","","","","","","","","","","","","","","","",""
"33236002","CAP-FERRET",44.630667,-1.252,8,1977051006,"","","","",2.,1,280,1,"","","","","","","","","","","","","","","","","","","","","","","","","","","","",11.4,1,9.4,1,"","","","","","","","","","","","","","","","","","","","","","","","","","",89,1,"","","","","","","","","","","","",12.,1,1021.1,1,"","","","","","",6,1,6,1,0,1,0,1,2,1,"","","","","","","","","","","","","","","","","","","","","","","","",18000,1,"","",1,1,"","","","","","","","","","","","",2,1,"","","","","","","","","","","","","","","","","","","","","","","","","","","","","","","","","","","","","","","","","","","","","","","","","","","","","",""
"33236002","CAP-FERRET",44.630667,-1.252,8,1977051009,"","","","",2.,1,300,1,"","","","","","","","","","","","","","","","","","","","","","","","","","","","",16.6,1,10.6,1,"","","","","","","","","","","","","","","","","","","","","","","","","","",69,1,"","","","","","","","","","","","",13.,1,1021.5,1,"","","","","","",3,1,0,1,0,1,0,1,2,1,"","","","","","","","","","","","","","","","","","","","","","","","",20000,1,"","",2,1,1,1,"","","","","","","","","","",2,1,"","","","","","","","","","","","","","","","","","","","","","","","","","","","","","","","","","","","","","","","","","","","","","","","","","","","","",""
"33236002","CAP-FERRET",44.630667,-1.252,8,1977051012,"","","","",5.,1,320,1,"","","","","","","","","","","","","","","","","","","","","","","","","","","","",18.8,1,12.3,1,"","","","","","","","","","","","","","","","","","","","","","","","","","",67,1,"","","","","","","","","","","","",14.6,1,1021.3,1,"","","","","","",5,1,5,1,1,1,0,1,4,1,"","","","","","","","","","","","","","","","","","","","","","","","",20000,1,"","",3,1,1,1,"","","","","","","","","","",2,1,"","","","","","","","","","","","","","","","","","","","","","","","","","","","","","","","","","","","","","","","","","","","","","","","","","","","","",""
"33236002","CAP-FERRET",44.630667,-1.252,8,1977051015,"","","","",5.,1,340,1,"","","","","","","","","","","","","","","","","","","","","","","","","","","","",19.4,1,16.,1,"","","","","","","","","","","","","","","","","","","","","","","","","","",83,1,"","","","","","","","","","","","",18.7,1,1020.9,1,"","","","","","",6,1,6,1,1,1,0,1,4,1,"","","","","","","","","","","","","","","","","","","","","","","","",24000,1,"","",2,1,2,1,"","","","","","","","","","",2,1,"","","","","","","","","","","","","","","","","","","","","","","","","","","","","","","","","","","","","","","","","","","","","","","","","","","","","",""
"33236002","CAP-FERRET",44.630667,-1.252,8,1977051018,"","","","",5.,1,340,1,"","","","","","","","","","","","","","","","","","","","","","","","","","","","",15.4,1,11.2,1,"","","","","","","","","","","","","","","","","","","","","","","","","","",78,1,"","","","","","","","","","","","",13.6,1,1021.2,1,"","","","","","",6,1,6,1,1,1,0,1,2,1,"","","","","","","","","","","","","","","","","","","","","","","","",25000,1,"","",2,1,2,1,"","","","","","","","","","",2,1,"","","","","","","","","","","","","","","","","","","","","","","","","","","","","","","","","","","","","","","","","","","","","","","","","","","","","",""
"33236002","CAP-FERRET",44.630667,-1.252,8,1977051021,"","","","",6.,1,320,1,"","","","","","","","","","","","","","","","","","","","","","","","","","","","",13.8,1,11.4,1,"","","","","","","","","","","","","","","","","","","","","","","","","","",88,1,"","","","","","","","","","","","",13.8,1,1021.8,1,"","","","","","",4,1,0,1,0,1,0,1,2,1,"","","","","","","","","","","","","","","","","","","","","","","","",20000,1,"","",2,1,1,1,"","","","","","","","","","",2,1,"","","","","","","","","","","","","","","","","","","","","","","","","","","","","","","","","","","","","","","","","","","","","","","","","","","","","",""
"33236002","CAP-FERRET",44.630667,-1.252,8,1977051100,"","","","","","","","","","","","","","","","","","","","","","","","","","","","","","","","","","","","","","","","","","","","","","","","","","","","","","","","","","","","","","","","","","","","","","","","","","","","","","","","","","",1021.,1,"","","","","","","","","","","","","","","","","","","","","","","","","","","","","","","","","","","","","","","","","","","","","","","","","","","","","","","","","","","","","","","","","","","","","","","","","","","","","","","","","","","","","","","","","","","","","","","","","","","","","","","","","","","","","","","","","",""
"33236002","CAP-FERRET",44.630667,-1.252,8,1977051103,"","","","",4.,1,260,1,"","","","","","","","","","","","","","","","","","","","","","","","","","","","",13.8,1,12.,1,"","","","","","","","","","","","","","","","","","","","","","","","","","",91,1,"","","","","","","","","","","","",14.3,1,1021.,1,"","","","","","",5,1,5,1,5,1,0,1,0,1,"","","","","","","","","","","","","","","","","","","","","","","","",20000,1,"","",0,1,"","","","","","","","","","","","",2,1,"","","","","","","","","","","","","","","","","","","","","","","","","","","","","","","","","","","","","","","","","","","","","","","","","","","","","",""
"33236002","CAP-FERRET",44.630667,-1.252,8,1977051106,"","","","",6.,1,260,1,"","","","","","","","","","","","","","","","","","","","","","","","","","","","",14.2,1,12.6,1,"","","","","","","","","","","","","","","","","","","","","","","","","","",92,1,"","","","","","","","","","","","",14.9,1,1021.,1,"","","","","","",8,1,8,1,8,1,"","","","","","","","","","","","","","","","","","","","","","","","","","","","",14000,1,"","",3,1,1,1,"","","","","","","","","","",2,1,"","","","","","","","","","","","","","","","","","","","","","","","","","","","","","","","","","","","","","","","","","","","","","","","","","","","","",""
"33236002","CAP-FERRET",44.630667,-1.252,8,1977051109,"","","","",7.,1,260,1,"","","","","","","","","","","","","","","","","","","","","","","","","","","","",15.5,1,12.5,1,"","","","","","","","","","","","","","","","","","","","","","","","","","",84,1,"","","","","","","","","","","","",14.8,1,1021.,1,"","","","","","",6,1,6,1,5,1,0,1,0,1,"","","","","","","","","","","","","","","","","","","","","","","","",16000,1,"","",1,1,2,1,"","","","","","","","","","",2,1,"","","","","","","","","","","","","","","","","","","","","","","","","","","","","","","","","","","","","","","","","","","","","","","","","","","","","",""
"33236002","CAP-FERRET",44.630667,-1.252,8,1977051112,"","","","",5.,1,280,1,"","","","","","","","","","","","","","","","","","","","","","","","","","","","",19.,1,11.9,1,"","","","","","","","","","","","","","","","","","","","","","","","","","",65,1,"","","","","","","","","","","","",14.2,1,1021.,1,"","","","","","",4,1,0,1,5,1,0,1,0,1,"","","","","","","","","","","","","","","","","","","","","","","","",20000,1,"","",1,1,1,1,"","","","","","","","","","",3,1,270,1,"","","","","","","","","","","","","","","","","","","","","","","","","","","","","","","","","","","","","","","","","","","","","","","","","","","",""
"33236002","CAP-FERRET",44.630667,-1.252,8,1977051115,"","","","",4.,1,240,1,"","","","","","","","","","","","","","","","","","","","","","","","","","","","",18.8,1,13.6,1,"","","","","","","","","","","","","","","","","","","","","","","","","","",74,1,"","","","","","","","","","","","",16.,1,1018.9,1,"","","","","","",3,1,0,1,1,1,0,1,2,1,"","","","","","","","","","","","","","","","","","","","","","","","",20000,1,"","",1,1,0,1,"","","","","","","","","","",3,1,270,1,"","","","","","","","","","","","","","","","","","","","","","","","","","","","","","","","","","","","","","","","","","","","","","","","","","","",""
"33236002","CAP-FERRET",44.630667,-1.252,8,1977051118,"","","","",3.,1,240,1,"","","","","","","","","","","","","","","","","","","","","","","","","","","","",17.,1,13.2,1,"","","","","","","","","","","","","","","","","","","","","","","","","","",80,1,"","","","","","","","","","","","",15.5,1,1017.,1,"","","","","","",3,1,0,1,0,1,0,1,2,1,"","","","","","","","","","","","","","","","","","","","","","","","",15000,1,"","",2,1,0,1,"","","","","","","","","","",3,1,270,1,"","","","","","","","","","","","","","","","","","","","","","","","","","","","","","","","","","","","","","","","","","","","","","","","","","","",""
"33236002","CAP-FERRET",44.630667,-1.252,8,1977051121,"","","","",1.,1,200,1,"","","","","","","","","","","","","","","","","","","","","","","","","","","","",13.4,1,12.,1,"","","","","","","","","","","","","","","","","","","","","","","","","","",93,1,"","","","","","","","","","","","",14.3,1,1015.3,1,"","","","","","",2,1,0,1,0,1,0,1,2,1,"","","","","","","","","","","","","","","","","","","","","","","","",12000,1,"","",2,1,0,1,"","","","","","","","","","",3,1,270,1,"","","","","","","","","","","","","","","","","","","","","","","","","","","","","","","","","","","","","","","","","","","","","","","","","","","",""
"33236002","CAP-FERRET",44.630667,-1.252,8,1977051200,"","","","","","","","","","","","","","","","","","","","","","","","","","","","","","","","","","","","","","","","","","","","","","","","","","","","","","","","","","","","","","","","","","","","","","","","","","","","","","","","","","",1012.6,1,"","","","","","","","","","","","","","","","","","","","","","","","","","","","","","","","","","","","","","","","","","","","","","","","","","","","","","","","","","","","","","","","","","","","","","","","","","","","","","","","","","","","","","","","","","","","","","","","","","","","","","","","","","","","","","","","","",""
"33236002","CAP-FERRET",44.630667,-1.252,8,1977051203,"","","","",2.,1,240,1,"","","","","","","","","","","","","","","","","","","","","","","","","","","","",13.5,1,12.3,1,"","","","","","","","","","","","","","","","","","","","","","","","","","",94,1,"","","","","","","","","","","","",14.6,1,1011.4,1,"","","","","","",8,1,8,1,5,1,"","","","","","","","","","","","","","","","","","","","","","","","","","","","",12000,1,"","",0,1,"","","","","","","","","","","","",3,1,270,1,"","","","","","","","","","","","","","","","","","","","","","","","","","","","","","","","","","","","","","","","","","","","","","","","","","","",""
"33236002","CAP-FERRET",44.630667,-1.252,8,1977051206,"","","","",2.,1,260,1,"","","","","","","","","","","","","","","","","","","","","","","","","","","","",14.2,1,13.,1,"","","","","","","","","","","","","","","","","","","","","","","","","","",94,1,"","","","","","","","","","","","",15.3,1,1009.8,1,"","","","","","",7,1,7,1,5,1,"","","","","","","","","","","","","","","","","","","","","","","","","","","","",10000,1,"","",2,1,"","","","","","","","","","","","",3,1,270,1,"","","","","","","","","","","","","","","","","","","","","","","","","","","","","","","","","","","","","","","","","","","","","","","","","","","",""
"33236002","CAP-FERRET",44.630667,-1.252,8,1977051209,"","","","",4.,1,240,1,"","","","","","","","","","","","","","","","","","","","","","","","","","","","",15.4,1,13.8,1,"","","","","","","","","","","","","","","","","","","","","","","","","","",93,1,"","","","","","","","","","","","",16.2,1,1009.4,1,"","","","","","",8,1,8,1,5,1,"","","","","","","","","","","","","","","","","","","","","","","","","","","","",12000,1,"","",60,1,2,1,"","","","","","","","","","",3,1,270,1,"","","","","","","","","","","","","","","","","","","","","","","","","","","","","","","","","","","","","","","","","","","","","","","","","","","",""
"33236002","CAP-FERRET",44.630667,-1.252,8,1977051212,"","","","",11.,1,240,1,"","","","","","","","","","","","","","","","","","","","","","","","","","","","",14.5,1,13.1,1,"","","","","","","","","","","","","","","","","","","","","","","","","","",93,1,"","","","","","","","","","","","",15.4,1,1008.7,1,"","","","","","",8,1,8,1,7,1,"","","","","","","","","","","","","","","","","","","","","","","","","","","","",10000,1,"","",61,1,6,1,"","","","","","","","","","",3,1,270,1,"","","","","","","","","","","","","","","","","","","","","","","","","","","","","","","","","","","","","","","","","","","","","","","","","","","",""
"33236002","CAP-FERRET",44.630667,-1.252,8,1977051215,"","","","",10.,1,280,1,"","","","","","","","","","","","","","","","","","","","","","","","","","","","",14.3,1,12.9,1,"","","","","","","","","","","","","","","","","","","","","","","","","","",93,1,"","","","","","","","","","","","",15.2,1,1009.3,1,"","","","","","",7,1,7,1,1,1,1,1,"","","","","","","","","","","","","","","","","","","","","","","","","","",15000,1,"","",2,1,6,1,"","","","","","","","","","",4,1,270,1,"","","","","","","","","","","","","","","","","","","","","","","","","","","","","","","","","","","","","","","","","","","","","","","","","","","",""
"33236002","CAP-FERRET",44.630667,-1.252,8,1977051218,"","","","",11.,1,280,1,"","","","","","","","","","","","","","","","","","","","","","","","","","","","",14.1,1,9.9,1,"","","","","","","","","","","","","","","","","","","","","","","","","","",77,1,"","","","","","","","","","","","",12.4,1,1009.9,1,"","","","","","",6,1,6,1,2,1,0,1,0,1,"","","","","","","","","","","","","","","","","","","","","","","","",25000,1,"","",2,1,6,1,"","","","","","","","","","",4,1,270,1,"","","","","","","","","","","","","","","","","","","","","","","","","","","","","","","","","","","","","","","","","","","","","","","","","","","",""
"33236002","CAP-FERRET",44.630667,-1.252,8,1977051221,"","","","",11.,1,280,1,"","","","","","","","","","","","","","","","","","","","","","","","","","","","",13.1,1,8.8,1,"","","","","","","","","","","","","","","","","","","","","","","","","","",76,1,"","","","","","","","","","","","",11.5,1,1011.2,1,"","","","","","",5,1,5,1,2,1,0,1,0,1,"","","","","","","","","","","","","","","","","","","","","","","","",15000,1,"","",2,1,2,1,"","","","","","","","","","",4,1,270,1,"","","","","","","","","","","","","","","","","","","","","","","","","","","","","","","","","","","","","","","","","","","","","","","","","","","",""
"33236002","CAP-FERRET",44.630667,-1.252,8,1977051300,"","","","","","","","","","","","","","","","","","","","","","","","","","","","","","","","","","","","","","","","","","","","","","","","","","","","","","","","","","","","","","","","","","","","","","","","","","","","","","","","","","",1010.4,1,"","","","","","","","","","","","","","","","","","","","","","","","","","","","","","","","","","","","","","","","","","","","","","","","","","","","","","","","","","","","","","","","","","","","","","","","","","","","","","","","","","","","","","","","","","","","","","","","","","","","","","","","","","","","","","","","","",""
"33236002","CAP-FERRET",44.630667,-1.252,8,1977051303,"","","","",10.,1,300,1,"","","","","","","","","","","","","","","","","","","","","","","","","","","","",11.8,1,9.8,1,"","","","","","","","","","","","","","","","","","","","","","","","","","",89,1,"","","","","","","","","","","","",12.3,1,1010.9,1,"","","","","","",7,1,7,1,8,1,"","","","","","","","","","","","","","","","","","","","","","","","","","","","",15000,1,"","",0,1,8,1,"","","","","","","","","","",4,1,270,1,"","","","","","","","","","","","","","","","","","","","","","","","","","","","","","","","","","","","","","","","","","","","","","","","","","","",""
"33236002","CAP-FERRET",44.630667,-1.252,8,1977051306,"","","","",11.,1,320,1,"","","","","","","","","","","","","","","","","","","","","","","","","","","","",11.2,1,9.5,1,"","","","","","","","","","","","","","","","","","","","","","","","","","",91,1,"","","","","","","","","","","","",12.1,1,1011.9,1,"","","","","","",8,1,7,1,8,1,"","","","","","","","","","","","","","","","","","","","","","","","","","","","",10000,1,"","",81,1,8,1,"","","","","","","","","","",4,1,270,1,"","","","","","","","","","","","","","","","","","","","","","","","","","","","","","","","","","","","","","","","","","","","","","","","","","","",""
"33236002","CAP-FERRET",44.630667,-1.252,8,1977051309,"","","","",6.,1,320,1,"","","","","","","","","","","","","","","","","","","","","","","","","","","","",14.8,1,6.5,1,"","","","","","","","","","","","","","","","","","","","","","","","","","",58,1,"","","","","","","","","","","","",9.8,1,1012.9,1,"","","","","","",6,1,6,1,8,1,0,1,0,1,"","","","","","","","","","","","","","","","","","","","","","","","",20000,1,"","",1,1,8,1,"","","","","","","","","","",4,1,270,1,"","","","","","","","","","","","","","","","","","","","","","","","","","","","","","","","","","","","","","","","","","","","","","","","","","","",""
"33236002","CAP-FERRET",44.630667,-1.252,8,1977051312,"","","","",6.,1,300,1,"","","","","","","","","","","","","","","","","","","","","","","","","","","","",15.8,1,9.9,1,"","","","","","","","","","","","","","","","","","","","","","","","","","",69,1,"","","","","","","","","","","","",12.4,1,1013.1,1,"","","","","","",3,1,0,1,8,1,0,1,0,1,"","","","","","","","","","","","","","","","","","","","","","","","",20000,1,"","",1,1,8,1,"","","","","","","","","","",4,1,270,1,"","","","","","","","","","","","","","","","","","","","","","","","","","","","","","","","","","","","","","","","","","","","","","","","","","","",""
"33236002","CAP-FERRET",44.630667,-1.252,8,1977051315,"","","","",6.,1,300,1,"","","","","","","","","","","","","","","","","","","","","","","","","","","","",15.8,1,10.,1,"","","","","","","","","","","","","","","","","","","","","","","","","","",75,1,"","","","","","","","","","","","",12.5,1,1012.9,1,"","","","","","",2,1,0,1,2,1,0,1,0,1,"","","","","","","","","","","","","","","","","","","","","","","","",20000,1,"","",2,1,0,1,"","","","","","","","","","",4,1,270,1,"","","","","","","","","","","","","","","","","","","","","","","","","","","","","","","","","","","","","","","","","","","","","","","","","","","",""
"33236002","CAP-FERRET",44.630667,-1.252,8,1977051318,"","","","",5.,1,280,1,"","","","","","","","","","","","","","","","","","","","","","","","","","","","",14.2,1,10.7,1,"","","","","","","","","","","","","","","","","","","","","","","","","","",81,1,"","","","","","","","","","","","",13.1,1,1012.1,1,"","","","","","",5,1,0,1,8,1,6,1,2,1,"","","","","","","","","","","","","","","","","","","","","","","","",20000,1,"","",3,1,1,1,"","","","","","","","","","",4,1,270,1,"","","","","","","","","","","","","","","","","","","","","","","","","","","","","","","","","","","","","","","","","","","","","","","","","","","",""
"33236002","CAP-FERRET",44.630667,-1.252,8,1977051321,"","","","",3.,1,280,1,"","","","","","","","","","","","","","","","","","","","","","","","","","","","",12.2,1,9.3,1,"","","","","","","","","","","","","","","","","","","","","","","","","","",83,1,"","","","","","","","","","","","",11.9,1,1011.3,1,"","","","","","",8,1,8,1,8,1,"","","","","","","","","","","","","","","","","","","","","","","","","","","","",18000,1,"","",3,1,2,1,"","","","","","","","","","",4,1,270,1,"","","","","","","","","","","","","","","","","","","","","","","","","","","","","","","","","","","","","","","","","","","","","","","","","","","",""
"33236002","CAP-FERRET",44.630667,-1.252,8,1977051400,"","","","","","","","","","","","","","","","","","","","","","","","","","","","","","","","","","","","","","","","","","","","","","","","","","","","","","","","","","","","","","","","","","","","","","","","","","","","","","","","","","",1009.5,1,"","","","","","","","","","","","","","","","","","","","","","","","","","","","","","","","","","","","","","","","","","","","","","","","","","","","","","","","","","","","","","","","","","","","","","","","","","","","","","","","","","","","","","","","","","","","","","","","","","","","","","","","","","","","","","","","","",""
"33236002","CAP-FERRET",44.630667,-1.252,8,1977051403,"","","","",3.,1,220,1,"","","","","","","","","","","","","","","","","","","","","","","","","","","","",11.2,1,9.4,1,"","","","","","","","","","","","","","","","","","","","","","","","","","",90,1,"","","","","","","","","","","","",12.,1,1007.8,1,"","","","","","",8,1,8,1,8,1,"","","","","","","","","","","","","","","","","","","","","","","","","","","","",15000,1,"","",80,1,"","","","","","","","","","","","",4,1,270,1,"","","","","","","","","","","","","","","","","","","","","","","","","","","","","","","","","","","","","","","","","","","","","","","","","","","",""
"33236002","CAP-FERRET",44.630667,-1.252,8,1977051406,"","","","",5.,1,220,1,"","","","","","","","","","","","","","","","","","","","","","","","","","","","",10.4,1,9.2,1,"","","","","","","","","","","","","","","","","","","","","","","","","","",94,1,"","","","","","","","","","","","",11.8,1,1007.7,1,"","","","","","",8,1,8,1,7,1,"","","","","","","","","","","","","","","","","","","","","","","","","","","","",12000,1,"","",60,1,"","","","","","","","","","","","",4,1,270,1,"","","","","","","","","","","","","","","","","","","","","","","","","","","","","","","","","","","","","","","","","","","","","","","","","","","",""
"33236002","CAP-FERRET",44.630667,-1.252,8,1977051409,"","","","",4.,1,200,1,"","","","","","","","","","","","","","","","","","","","","","","","","","","","",11.6,1,9.4,1,"","","","","","","","","","","","","","","","","","","","","","","","","","",88,1,"","","","","","","","","","","","",12.,1,1007.8,1,"","","","","","",8,1,8,1,7,1,"","","","","","","","","","","","","","","","","","","","","","","","","","","","",15000,1,"","",60,1,6,1,"","","","","","","","","","",4,1,270,1,"","","","","","","","","","","","","","","","","","","","","","","","","","","","","","","","","","","","","","","","","","","","","","","","","","","",""
"33236002","CAP-FERRET",44.630667,-1.252,8,1977051412,"","","","",1.,1,160,1,"","","","","","","","","","","","","","","","","","","","","","","","","","","","",12.,1,10.2,1,"","","","","","","","","","","","","","","","","","","","","","","","","","",90,1,"","","","","","","","","","","","",12.7,1,1007.5,1,"","","","","","",8,1,8,1,7,1,"","","","","","","","","","","","","","","","","","","","","","","","","","","","",15000,1,"","",60,1,6,1,"","","","","","","","","","",4,1,270,1,"","","","","","","","","","","","","","","","","","","","","","","","","","","","","","","","","","","","","","","","","","","","","","","","","","","",""
"33236002","CAP-FERRET",44.630667,-1.252,8,1977051415,"","","","",6.,1,260,1,"","","","","","","","","","","","","","","","","","","","","","","","","","","","",13.,1,12.3,1,"","","","","","","","","","","","","","","","","","","","","","","","","","",98,1,"","","","","","","","","","","","",14.6,1,1005.9,1,"","","","","","",8,1,6,1,7,1,2,1,"","","","","","","","","","","","","","","","","","","","","","","","","","",10000,1,"","",60,1,6,1,"","","","","","","","","","",3,1,270,1,"","","","","","","","","","","","","","","","","","","","","","","","","","","","","","","","","","","","","","","","","","","","","","","","","","","",""
"33236002","CAP-FERRET",44.630667,-1.252,8,1977051418,"","","","",13.,1,300,1,"","","","","","","","","","","","","","","","","","","","","","","","","","","","",12.9,1,11.9,1,"","","","","","","","","","","","","","","","","","","","","","","","","","",95,1,"","","","","","","","","","","","",14.2,1,1005.7,1,"","","","","","",7,1,7,1,8,1,"","","","","","","","","","","","","","","","","","","","","","","","","","","","",15000,1,"","",25,1,8,1,"","","","","","","","","","",4,1,270,1,"","","","","","","","","","","","","","","","","","","","","","","","","","","","","","","","","","","","","","","","","","","","","","","","","","","",""
"33236002","CAP-FERRET",44.630667,-1.252,8,1977051421,"","","","",15.,1,300,1,"","","","","","","","","","","","","","","","","","","","","","","","","","","","",14.4,1,11.9,1,"","","","","","","","","","","","","","","","","","","","","","","","","","",87,1,"","","","","","","","","","","","",14.2,1,1007.9,1,"","","","","","",8,1,8,1,8,1,"","","","","","","","","","","","","","","","","","","","","","","","","","","","",15000,1,"","",2,1,8,1,"","","","","","","","","","",5,1,270,1,"","","","","","","","","","","","","","","","","","","","","","","","","","","","","","","","","","","","","","","","","","","","","","","","","","","",""
"33236002","CAP-FERRET",44.630667,-1.252,8,1977051500,"","","","","","","","","","","","","","","","","","","","","","","","","","","","","","","","","","","","","","","","","","","","","","","","","","","","","","","","","","","","","","","","","","","","","","","","","","","","","","","","","","",1006.9,1,"","","","","","","","","","","","","","","","","","","","","","","","","","","","","","","","","","","","","","","","","","","","","","","","","","","","","","","","","","","","","","","","","","","","","","","","","","","","","","","","","","","","","","","","","","","","","","","","","","","","","","","","","","","","","","","","","",""
"33236002","CAP-FERRET",44.630667,-1.252,8,1977051503,"","","","",16.,1,300,1,"","","","","","","","","","","","","","","","","","","","","","","","","","","","",12.9,1,10.1,1,"","","","","","","","","","","","","","","","","","","","","","","","","","",85,1,"","","","","","","","","","","","",12.6,1,1006.9,1,"","","","","","",6,1,5,1,8,1,0,1,0,1,"","","","","","","","","","","","","","","","","","","","","","","","",16000,1,"","",0,1,"","","","","","","","","","","","",6,1,270,1,"","","","","","","","","","","","","","","","","","","","","","","","","","","","","","","","","","","","","","","","","","","","","","","","","","","",""
"33236002","CAP-FERRET",44.630667,-1.252,8,1977051506,"","","","",11.,1,280,1,"","","","","","","","","","","","","","","","","","","","","","","","","","","","",13.2,1,11.3,1,"","","","","","","","","","","","","","","","","","","","","","","","","","",91,1,"","","","","","","","","","","","",13.7,1,1007.3,1,"","","","","","",7,1,5,1,8,1,"","","","","","","","","","","","","","","","","","","","","","","","","","","","",14000,1,"","",2,1,2,1,"","","","","","","","","","",5,1,270,1,"","","","","","","","","","","","","","","","","","","","","","","","","","","","","","","","","","","","","","","","","","","","","","","","","","","",""
"33236002","CAP-FERRET",44.630667,-1.252,8,1977051509,"","","","",10.,1,280,1,"","","","","","","","","","","","","","","","","","","","","","","","","","","","",14.4,1,11.9,1,"","","","","","","","","","","","","","","","","","","","","","","","","","",87,1,"","","","","","","","","","","","",14.2,1,1007.9,1,"","","","","","",6,1,5,1,8,1,0,1,0,1,"","","","","","","","","","","","","","","","","","","","","","","","",18000,1,"","",1,1,2,1,"","","","","","","","","","",5,1,270,1,"","","","","","","","","","","","","","","","","","","","","","","","","","","","","","","","","","","","","","","","","","","","","","","","","","","",""
"33236002","CAP-FERRET",44.630667,-1.252,8,1977051512,"","","","",10.,1,280,1,"","","","","","","","","","","","","","","","","","","","","","","","","","","","",15.2,1,13.4,1,"","","","","","","","","","","","","","","","","","","","","","","","","","",91,1,"","","","","","","","","","","","",15.8,1,1007.9,1,"","","","","","",7,1,7,1,8,1,"","","","","","","","","","","","","","","","","","","","","","","","","","","","",18000,1,"","",2,1,2,1,"","","","","","","","","","",5,1,270,1,"","","","","","","","","","","","","","","","","","","","","","","","","","","","","","","","","","","","","","","","","","","","","","","","","","","",""
"33236002","CAP-FERRET",44.630667,-1.252,8,1977051515,"","","","",8.,1,280,1,"","","","","","","","","","","","","","","","","","","","","","","","","","","","",14.2,1,11.5,1,"","","","","","","","","","","","","","","","","","","","","","","","","","",86,1,"","","","","","","","","","","","",13.9,1,1006.3,1,"","","","","","",8,1,8,1,8,1,"","","","","","","","","","","","","","","","","","","","","","","","","","","","",22000,1,"","",3,1,8,1,"","","","","","","","","","",4,1,270,1,"","","","","","","","","","","","","","","","","","","","","","","","","","","","","","","","","","","","","","","","","","","","","","","","","","","",""
"33236002","CAP-FERRET",44.630667,-1.252,8,1977051518,"","","","",5.,1,260,1,"","","","","","","","","","","","","","","","","","","","","","","","","","","","",14.2,1,11.5,1,"","","","","","","","","","","","","","","","","","","","","","","","","","",86,1,"","","","","","","","","","","","",13.9,1,1006.1,1,"","","","","","",4,1,0,1,8,1,7,1,0,1,"","","","","","","","","","","","","","","","","","","","","","","","",18000,1,"","",15,1,8,1,"","","","","","","","","","",4,1,270,1,"","","","","","","","","","","","","","","","","","","","","","","","","","","","","","","","","","","","","","","","","","","","","","","","","","","",""
"33236002","CAP-FERRET",44.630667,-1.252,8,1977051521,"","","","",8.,1,260,1,"","","","","","","","","","","","","","","","","","","","","","","","","","","","",12.6,1,11.2,1,"","","","","","","","","","","","","","","","","","","","","","","","","","",93,1,"","","","","","","","","","","","",13.6,1,1006.1,1,"","","","","","",6,1,0,1,8,1,7,1,0,1,"","","","","","","","","","","","","","","","","","","","","","","","",14000,1,"","",80,1,2,1,"","","","","","","","","","",4,1,270,1,"","","","","","","","","","","","","","","","","","","","","","","","","","","","","","","","","","","","","","","","","","","","","","","","","","","",""
"33236002","CAP-FERRET",44.630667,-1.252,8,1977051600,"","","","","","","","","","","","","","","","","","","","","","","","","","","","","","","","","","","","","","","","","","","","","","","","","","","","","","","","","","","","","","","","","","","","","","","","","","","","","","","","","","",1005.4,1,"","","","","","","","","","","","","","","","","","","","","","","","","","","","","","","","","","","","","","","","","","","","","","","","","","","","","","","","","","","","","","","","","","","","","","","","","","","","","","","","","","","","","","","","","","","","","","","","","","","","","","","","","","","","","","","","","",""
"33236002","CAP-FERRET",44.630667,-1.252,8,1977051603,"","","","",7.,1,260,1,"","","","","","","","","","","","","","","","","","","","","","","","","","","","",11.1,1,9.6,1,"","","","","","","","","","","","","","","","","","","","","","","","","","",92,1,"","","","","","","","","","","","",12.2,1,1004.8,1,"","","","","","",2,1,0,1,2,1,0,1,0,1,"","","","","","","","","","","","","","","","","","","","","","","","",12000,1,"","",0,1,"","","","","","","","","","","","",4,1,270,1,"","","","","","","","","","","","","","","","","","","","","","","","","","","","","","","","","","","","","","","","","","","","","","","","","","","",""
"33236002","CAP-FERRET",44.630667,-1.252,8,1977051606,"","","","",6.,1,300,1,"","","","","","","","","","","","","","","","","","","","","","","","","","","","",11.7,1,9.6,1,"","","","","","","","","","","","","","","","","","","","","","","","","","",89,1,"","","","","","","","","","","","",12.2,1,1004.7,1,"","","","","","",7,1,7,1,2,1,"","","","","","","","","","","","","","","","","","","","","","","","","","","","",12000,1,"","",2,1,"","","","","","","","","","","","",4,1,270,1,"","","","","","","","","","","","","","","","","","","","","","","","","","","","","","","","","","","","","","","","","","","","","","","","","","","",""
"33236002","CAP-FERRET",44.630667,-1.252,8,1977051609,"","","","",2.,1,320,1,"","","","","","","","","","","","","","","","","","","","","","","","","","","","",12.4,1,10.9,1,"","","","","","","","","","","","","","","","","","","","","","","","","","",93,1,"","","","","","","","","","","","",13.3,1,1005.3,1,"","","","","","",6,1,6,1,8,1,0,1,0,1,"","","","","","","","","","","","","","","","","","","","","","","","",14000,1,"","",16,1,8,1,"","","","","","","","","","",4,1,270,1,"","","","","","","","","","","","","","","","","","","","","","","","","","","","","","","","","","","","","","","","","","","","","","","","","","","",""
"33236002","CAP-FERRET",44.630667,-1.252,8,1977051612,"","","","",4.,1,300,1,"","","","","","","","","","","","","","","","","","","","","","","","","","","","",15.8,1,13.,1,"","","","","","","","","","","","","","","","","","","","","","","","","","",85,1,"","","","","","","","","","","","",15.3,1,1005.9,1,"","","","","","",6,1,0,1,9,1,0,1,2,1,"","","","","","","","","","","","","","","","","","","","","","","","",15000,1,"","",2,1,8,1,"","","","","","","","","","",3,1,270,1,"","","","","","","","","","","","","","","","","","","","","","","","","","","","","","","","","","","","","","","","","","","","","","","","","","","",""
"33236002","CAP-FERRET",44.630667,-1.252,8,1977051615,"","","","",5.,1,320,1,"","","","","","","","","","","","","","","","","","","","","","","","","","","","",16.7,1,13.9,1,"","","","","","","","","","","","","","","","","","","","","","","","","","",86,1,"","","","","","","","","","","","",16.3,1,1006.4,1,"","","","","","",5,1,0,1,9,1,0,1,2,1,"","","","","","","","","","","","","","","","","","","","","","","","",25000,1,"","",2,1,2,1,"","","","","","","","","","",3,1,270,1,"","","","","","","","","","","","","","","","","","","","","","","","","","","","","","","","","","","","","","","","","","","","","","","","","","","",""
"33236002","CAP-FERRET",44.630667,-1.252,8,1977051618,"","","","",5.,1,340,1,"","","","","","","","","","","","","","","","","","","","","","","","","","","","",15.2,1,11.5,1,"","","","","","","","","","","","","","","","","","","","","","","","","","",81,1,"","","","","","","","","","","","",13.9,1,1007.,1,"","","","","","",6,1,0,1,9,1,0,1,2,1,"","","","","","","","","","","","","","","","","","","","","","","","",25000,1,"","",2,1,2,1,"","","","","","","","","","",3,1,270,1,"","","","","","","","","","","","","","","","","","","","","","","","","","","","","","","","","","","","","","","","","","","","","","","","","","","",""
"33236002","CAP-FERRET",44.630667,-1.252,8,1977051621,"","","","",3.,1,20,1,"","","","","","","","","","","","","","","","","","","","","","","","","","","","",12.5,1,8.7,1,"","","","","","","","","","","","","","","","","","","","","","","","","","",79,1,"","","","","","","","","","","","",11.4,1,1008.8,1,"","","","","","",5,1,5,1,2,1,0,1,0,1,"","","","","","","","","","","","","","","","","","","","","","","","",20000,1,"","",2,1,2,1,"","","","","","","","","","",3,1,270,1,"","","","","","","","","","","","","","","","","","","","","","","","","","","","","","","","","","","","","","","","","","","","","","","","","","","",""
"33236002","CAP-FERRET",44.630667,-1.252,8,1977051700,"","","","","","","","","","","","","","","","","","","","","","","","","","","","","","","","","","","","","","","","","","","","","","","","","","","","","","","","","","","","","","","","","","","","","","","","","","","","","","","","","","",1010.1,1,"","","","","","","","","","","","","","","","","","","","","","","","","","","","","","","","","","","","","","","","","","","","","","","","","","","","","","","","","","","","","","","","","","","","","","","","","","","","","","","","","","","","","","","","","","","","","","","","","","","","","","","","","","","","","","","","","",""
"33236002","CAP-FERRET",44.630667,-1.252,8,1977051703,"","","","",1.,1,60,1,"","","","","","","","","","","","","","","","","","","","","","","","","","","","",10.4,1,9.3,1,"","","","","","","","","","","","","","","","","","","","","","","","","","",95,1,"","","","","","","","","","","","",11.9,1,1010.1,1,"","","","","","",5,1,5,1,5,1,0,1,0,1,"","","","","","","","","","","","","","","","","","","","","","","","",12000,1,"","",0,1,"","","","","","","","","","","","",3,1,270,1,"","","","","","","","","","","","","","","","","","","","","","","","","","","","","","","","","","","","","","","","","","","","","","","","","","","",""
"33236002","CAP-FERRET",44.630667,-1.252,8,1977051706,"","","","",2.,1,60,1,"","","","","","","","","","","","","","","","","","","","","","","","","","","","",12.2,1,9.2,1,"","","","","","","","","","","","","","","","","","","","","","","","","","",84,1,"","","","","","","","","","","","",11.8,1,1010.7,1,"","","","","","",6,1,0,1,8,1,6,1,3,1,"","","","","","","","","","","","","","","","","","","","","","","","",16000,1,"","",2,1,2,1,"","","","","","","","","","",3,1,270,1,"","","","","","","","","","","","","","","","","","","","","","","","","","","","","","","","","","","","","","","","","","","","","","","","","","","",""
"33236002","CAP-FERRET",44.630667,-1.252,8,1977051709,"","","","",4.,1,60,1,"","","","","","","","","","","","","","","","","","","","","","","","","","","","",14.8,1,6.5,1,"","","","","","","","","","","","","","","","","","","","","","","","","","",58,1,"","","","","","","","","","","","",9.8,1,1012.1,1,"","","","","","",7,1,5,1,8,1,6,1,3,1,"","","","","","","","","","","","","","","","","","","","","","","","",15000,1,"","",2,1,2,1,"","","","","","","","","","",3,1,270,1,"","","","","","","","","","","","","","","","","","","","","","","","","","","","","","","","","","","","","","","","","","","","","","","","","","","",""
"33236002","CAP-FERRET",44.630667,-1.252,8,1977051712,"","","","",6.,1,360,1,"","","","","","","","","","","","","","","","","","","","","","","","","","","","",16.,1,12.1,1,"","","","","","","","","","","","","","","","","","","","","","","","","","",79,1,"","","","","","","","","","","","",14.4,1,1012.9,1,"","","","","","",7,1,7,1,8,1,"","","","","","","","","","","","","","","","","","","","","","","","","","","","",15000,1,"","",3,1,2,1,"","","","","","","","","","",3,1,270,1,"","","","","","","","","","","","","","","","","","","","","","","","","","","","","","","","","","","","","","","","","","","","","","","","","","","",""
"33236002","CAP-FERRET",44.630667,-1.252,8,1977051715,"","","","",5.,1,360,1,"","","","","","","","","","","","","","","","","","","","","","","","","","","","",14.6,1,12.6,1,"","","","","","","","","","","","","","","","","","","","","","","","","","",89,1,"","","","","","","","","","","","",14.9,1,1013.1,1,"","","","","","",7,1,7,1,8,1,"","","","","","","","","","","","","","","","","","","","","","","","","","","","",14000,1,"","",2,1,8,1,"","","","","","","","","","",3,1,270,1,"","","","","","","","","","","","","","","","","","","","","","","","","","","","","","","","","","","","","","","","","","","","","","","","","","","",""
"33236002","CAP-FERRET",44.630667,-1.252,8,1977051718,"","","","",0.,1,0,1,"","","","","","","","","","","","","","","","","","","","","","","","","","","","",11.8,1,10.9,1,"","","","","","","","","","","","","","","","","","","","","","","","","","",96,1,"","","","","","","","","","","","",13.3,1,1013.7,1,"","","","","","",7,1,5,1,9,1,7,1,"","","","","","","","","","","","","","","","","","","","","","","","","","",14000,1,"","",29,1,9,1,"","","","","","","","","","",3,1,270,1,"","","","","","","","","","","","","","","","","","","","","","","","","","","","","","","","","","","","","","","","","","","","","","","","","","","",""
"33236002","CAP-FERRET",44.630667,-1.252,8,1977051721,"","","","",4.,1,60,1,"","","","","","","","","","","","","","","","","","","","","","","","","","","","",11.8,1,10.9,1,"","","","","","","","","","","","","","","","","","","","","","","","","","",96,1,"","","","","","","","","","","","",13.3,1,1014.5,1,"","","","","","",7,1,7,1,8,1,"","","","","","","","","","","","","","","","","","","","","","","","","","","","",14000,1,"","",2,1,2,1,"","","","","","","","","","",3,1,270,1,"","","","","","","","","","","","","","","","","","","","","","","","","","","","","","","","","","","","","","","","","","","","","","","","","","","",""
"33236002","CAP-FERRET",44.630667,-1.252,8,1977051800,"","","","","","","","","","","","","","","","","","","","","","","","","","","","","","","","","","","","","","","","","","","","","","","","","","","","","","","","","","","","","","","","","","","","","","","","","","","","","","","","","","",1015.3,1,"","","","","","","","","","","","","","","","","","","","","","","","","","","","","","","","","","","","","","","","","","","","","","","","","","","","","","","","","","","","","","","","","","","","","","","","","","","","","","","","","","","","","","","","","","","","","","","","","","","","","","","","","","","","","","","","","",""
"33236002","CAP-FERRET",44.630667,-1.252,8,1977051803,"","","","",1.,1,60,1,"","","","","","","","","","","","","","","","","","","","","","","","","","","","",10.5,1,10.5,1,"","","","","","","","","","","","","","","","","","","","","","","","","","",100,1,"","","","","","","","","","","","",12.7,1,1015.3,1,"","","","","","",0,1,"","",0,1,0,1,0,1,"","","","","","","","","","","","","","","","","","","","","","","","",10000,1,"","",0,1,"","","","","","","","","","","","",3,1,270,1,"","","","","","","","","","","","","","","","","","","","","","","","","","","","","","","","","","","","","","","","","","","","","","","","","","","",""
"33236002","CAP-FERRET",44.630667,-1.252,8,1977051806,"","","","",2.,1,60,1,"","","","","","","","","","","","","","","","","","","","","","","","","","","","",11.2,1,11.2,1,"","","","","","","","","","","","","","","","","","","","","","","","","","",100,1,"","","","","","","","","","","","",13.3,1,1015.6,1,"","","","","","",6,1,6,1,0,1,0,1,2,1,"","","","","","","","","","","","","","","","","","","","","","","","",10000,1,"","",2,1,"","","","","","","","","","","","",3,1,270,1,"","","","","","","","","","","","","","","","","","","","","","","","","","","","","","","","","","","","","","","","","","","","","","","","","","","",""
"33236002","CAP-FERRET",44.630667,-1.252,8,1977051809,"","","","",3.,1,360,1,"","","","","","","","","","","","","","","","","","","","","","","","","","","","",14.3,1,13.2,1,"","","","","","","","","","","","","","","","","","","","","","","","","","",96,1,"","","","","","","","","","","","",15.6,1,1015.6,1,"","","","","","",7,1,0,1,8,1,6,1,3,1,"","","","","","","","","","","","","","","","","","","","","","","","",10000,1,"","",3,1,2,1,"","","","","","","","","","",3,1,270,1,"","","","","","","","","","","","","","","","","","","","","","","","","","","","","","","","","","","","","","","","","","","","","","","","","","","",""
"33236002","CAP-FERRET",44.630667,-1.252,8,1977051812,"","","","",3.,1,20,1,"","","","","","","","","","","","","","","","","","","","","","","","","","","","",15.8,1,12.8,1,"","","","","","","","","","","","","","","","","","","","","","","","","","",84,1,"","","","","","","","","","","","",15.1,1,1015.,1,"","","","","","",7,1,7,1,2,1,7,1,"","","","","","","","","","","","","","","","","","","","","","","","","","",10000,1,"","",2,1,2,1,"","","","","","","","","","",3,1,270,1,"","","","","","","","","","","","","","","","","","","","","","","","","","","","","","","","","","","","","","","","","","","","","","","","","","","",""
"33236002","CAP-FERRET",44.630667,-1.252,8,1977051815,"","","","",7.,1,360,1,"","","","","","","","","","","","","","","","","","","","","","","","","","","","",19.3,1,14.8,1,"","","","","","","","","","","","","","","","","","","","","","","","","","",78,1,"","","","","","","","","","","","",17.3,1,1013.5,1,"","","","","","",6,1,6,1,5,1,0,1,0,1,"","","","","","","","","","","","","","","","","","","","","","","","",7000,1,"","",2,1,2,1,"","","","","","","","","","",3,1,270,1,"","","","","","","","","","","","","","","","","","","","","","","","","","","","","","","","","","","","","","","","","","","","","","","","","","","",""
"33236002","CAP-FERRET",44.630667,-1.252,8,1977051818,"","","","",7.,1,40,1,"","","","","","","","","","","","","","","","","","","","","","","","","","","","",19.1,1,13.7,1,"","","","","","","","","","","","","","","","","","","","","","","","","","",73,1,"","","","","","","","","","","","",16.1,1,1011.9,1,"","","","","","",7,1,7,1,5,1,7,1,"","","","","","","","","","","","","","","","","","","","","","","","","","",8000,1,"","",2,1,2,1,"","","","","","","","","","",3,1,270,1,"","","","","","","","","","","","","","","","","","","","","","","","","","","","","","","","","","","","","","","","","","","","","","","","","","","",""
"33236002","CAP-FERRET",44.630667,-1.252,8,1977051821,"","","","",3.,1,60,1,"","","","","","","","","","","","","","","","","","","","","","","","","","","","",15.4,1,14.4,1,"","","","","","","","","","","","","","","","","","","","","","","","","","",97,1,"","","","","","","","","","","","",16.9,1,1012.6,1,"","","","","","",8,1,8,1,5,1,"","","","","","","","","","","","","","","","","","","","","","","","","","","","",8000,1,"","",61,1,2,1,"","","","","","","","","","",3,1,270,1,"","","","","","","","","","","","","","","","","","","","","","","","","","","","","","","","","","","","","","","","","","","","","","","","","","","",""
"33236002","CAP-FERRET",44.630667,-1.252,8,1977051900,"","","","",4.,1,80,1,"","","","","","","","","","","","","","","","","","","","","","","","","","","","","","","","","","","","","","","","","","","","","","","","","","","","","","","","","","","","","","","","","","","","","","","","","","",1013.2,1,"","","","","","","","","","","","","","","","","","","","","","","","","","","","","","","","","","","","","","","","","","","","","","","","","","","","","","","","","","","","","","","","","","","","","","","","","","","","","","","","","","","","","","","","","","","","","","","","","","","","","","","","","","","","","","","","","",""
"33236002","CAP-FERRET",44.630667,-1.252,8,1977051903,"","","","",4.,1,40,1,"","","","","","","","","","","","","","","","","","","","","","","","","","","","",14.8,1,13.9,1,"","","","","","","","","","","","","","","","","","","","","","","","","","",97,1,"","","","","","","","","","","","",16.3,1,1012.2,1,"","","","","","",8,1,6,1,7,1,7,1,"","","","","","","","","","","","","","","","","","","","","","","","","","",6000,1,"","",61,1,"","","","","","","","","","","","",3,1,310,1,"","","","","","","","","","","","","","","","","","","","","","","","","","","","","","","","","","","","","","","","","","","","","","","","","","","",""
"33236002","CAP-FERRET",44.630667,-1.252,8,1977051906,"","","","",4.,1,40,1,"","","","","","","","","","","","","","","","","","","","","","","","","","","","",14.2,1,13.4,1,"","","","","","","","","","","","","","","","","","","","","","","","","","",98,1,"","","","","","","","","","","","",15.8,1,1011.2,1,"","","","","","",6,1,0,1,4,1,6,1,3,1,"","","","","","","","","","","","","","","","","","","","","","","","",6000,1,"","",1,1,6,1,"","","","","","","","","","",3,1,310,1,"","","","","","","","","","","","","","","","","","","","","","","","","","","","","","","","","","","","","","","","","","","","","","","","","","","",""
"33236002","CAP-FERRET",44.630667,-1.252,8,1977051909,"","","","",6.,1,80,1,"","","","","","","","","","","","","","","","","","","","","","","","","","","","",18.,1,12.4,1,"","","","","","","","","","","","","","","","","","","","","","","","","","",71,1,"","","","","","","","","","","","",14.7,1,1010.2,1,"","","","","","",2,1,0,1,5,1,0,1,0,1,"","","","","","","","","","","","","","","","","","","","","","","","",8000,1,"","",1,1,1,1,"","","","","","","","","","",3,1,310,1,"","","","","","","","","","","","","","","","","","","","","","","","","","","","","","","","","","","","","","","","","","","","","","","","","","","",""
"33236002","CAP-FERRET",44.630667,-1.252,8,1977051912,"","","","",10.,1,360,1,"","","","","","","","","","","","","","","","","","","","","","","","","","","","",17.,1,13.2,1,"","","","","","","","","","","","","","","","","","","","","","","","","","",80,1,"","","","","","","","","","","","",15.5,1,1009.2,1,"","","","","","",6,1,6,1,5,1,0,1,0,1,"","","","","","","","","","","","","","","","","","","","","","","","",8000,1,"","",2,1,1,1,"","","","","","","","","","",3,1,310,1,"","","","","","","","","","","","","","","","","","","","","","","","","","","","","","","","","","","","","","","","","","","","","","","","","","","",""
"33236002","CAP-FERRET",44.630667,-1.252,8,1977051915,"","","","",8.,1,360,1,"","","","","","","","","","","","","","","","","","","","","","","","","","","","",17.8,1,14.3,1,"","","","","","","","","","","","","","","","","","","","","","","","","","",82,1,"","","","","","","","","","","","",16.7,1,1007.4,1,"","","","","","",8,1,8,1,5,1,"","","","","","","","","","","","","","","","","","","","","","","","","","","","",6000,1,"","",2,1,2,1,"","","","","","","","","","",3,1,310,1,"","","","","","","","","","","","","","","","","","","","","","","","","","","","","","","","","","","","","","","","","","","","","","","","","","","",""
"33236002","CAP-FERRET",44.630667,-1.252,8,1977051918,"","","","",5.,1,40,1,"","","","","","","","","","","","","","","","","","","","","","","","","","","","",15.,1,13.5,1,"","","","","","","","","","","","","","","","","","","","","","","","","","",93,1,"","","","","","","","","","","","",15.9,1,1008.6,1,"","","","","","",8,1,5,1,9,1,6,1,3,1,"","","","","","","","","","","","","","","","","","","","","","","","",7000,1,"","",2,1,8,1,"","","","","","","","","","",3,1,310,1,"","","","","","","","","","","","","","","","","","","","","","","","","","","","","","","","","","","","","","","","","","","","","","","","","","","",""
"33236002","CAP-FERRET",44.630667,-1.252,8,1977051921,"","","","",1.,1,20,1,"","","","","","","","","","","","","","","","","","","","","","","","","","","","",14.4,1,14.4,1,"","","","","","","","","","","","","","","","","","","","","","","","","","",100,1,"","","","","","","","","","","","",16.4,1,1009.8,1,"","","","","","",8,1,8,1,5,1,"","","","","","","","","","","","","","","","","","","","","","","","","","","","",6000,1,"","",2,1,2,1,"","","","","","","","","","",3,1,310,1,"","","","","","","","","","","","","","","","","","","","","","","","","","","","","","","","","","","","","","","","","","","","","","","","","","","",""
"33236002","CAP-FERRET",44.630667,-1.252,8,1977052000,"","","","","","","","","","","","","","","","","","","","","","","","","","","","","","","","","","","","","","","","","","","","","","","","","","","","","","","","","","","","","","","","","","","","","","","","","","","","","","","","","","",1010.4,1,"","","","","","","","","","","","","","","","","","","","","","","","","","","","","","","","","","","","","","","","","","","","","","","","","","","","","","","","","","","","","","","","","","","","","","","","","","","","","","","","","","","","","","","","","","","","","","","","","","","","","","","","","","","","","","","","","",""
"33236002","CAP-FERRET",44.630667,-1.252,8,1977052003,"","","","",1.,1,60,1,"","","","","","","","","","","","","","","","","","","","","","","","","","","","",14.3,1,14.3,1,"","","","","","","","","","","","","","","","","","","","","","","","","","",100,1,"","","","","","","","","","","","",16.3,1,1010.1,1,"","","","","","",8,1,8,1,5,1,"","","","","","","","","","","","","","","","","","","","","","","","","","","","",6000,1,"","",0,1,"","","","","","","","","","","","",3,1,270,1,"","","","","","","","","","","","","","","","","","","","","","","","","","","","","","","","","","","","","","","","","","","","","","","","","","","",""
"33236002","CAP-FERRET",44.630667,-1.252,8,1977052006,"","","","",1.,1,360,1,"","","","","","","","","","","","","","","","","","","","","","","","","","","","",13.6,1,13.6,1,"","","","","","","","","","","","","","","","","","","","","","","","","","",100,1,"","","","","","","","","","","","",15.5,1,1010.1,1,"","","","","","",8,1,8,1,5,1,"","","","","","","","","","","","","","","","","","","","","","","","","","","","",2000,1,"","",63,1,6,1,"","","","","","","","","","",3,1,270,1,"","","","","","","","","","","","","","","","","","","","","","","","","","","","","","","","","","","","","","","","","","","","","","","","","","","",""
"33236002","CAP-FERRET",44.630667,-1.252,8,1977052009,"","","","",2.,1,360,1,"","","","","","","","","","","","","","","","","","","","","","","","","","","","",13.3,1,13.3,1,"","","","","","","","","","","","","","","","","","","","","","","","","","",100,1,"","","","","","","","","","","","",15.3,1,1010.4,1,"","","","","","",8,1,8,1,5,1,"","","","","","","","","","","","","","","","","","","","","","","","","","","","",2000,1,"","",61,1,6,1,"","","","","","","","","","",3,1,270,1,"","","","","","","","","","","","","","","","","","","","","","","","","","","","","","","","","","","","","","","","","","","","","","","","","","","",""
"33236002","CAP-FERRET",44.630667,-1.252,8,1977052012,"","","","",3.,1,340,1,"","","","","","","","","","","","","","","","","","","","","","","","","","","","",13.,1,13.,1,"","","","","","","","","","","","","","","","","","","","","","","","","","",100,1,"","","","","","","","","","","","",15.,1,1010.7,1,"","","","","","",8,1,8,1,5,1,"","","","","","","","","","","","","","","","","","","","","","","","","","","","",3000,1,"","",61,1,6,1,"","","","","","","","","","",3,1,270,1,"","","","","","","","","","","","","","","","","","","","","","","","","","","","","","","","","","","","","","","","","","","","","","","","","","","",""
"33236002","CAP-FERRET",44.630667,-1.252,8,1977052015,"","","","",6.,1,360,1,"","","","","","","","","","","","","","","","","","","","","","","","","","","","",12.6,1,12.6,1,"","","","","","","","","","","","","","","","","","","","","","","","","","",100,1,"","","","","","","","","","","","",14.6,1,1010.9,1,"","","","","","",8,1,8,1,5,1,"","","","","","","","","","","","","","","","","","","","","","","","","","","","",7000,1,"","",2,1,6,1,"","","","","","","","","","",3,1,270,1,"","","","","","","","","","","","","","","","","","","","","","","","","","","","","","","","","","","","","","","","","","","","","","","","","","","",""
"33236002","CAP-FERRET",44.630667,-1.252,8,1977052018,"","","","",6.,1,360,1,"","","","","","","","","","","","","","","","","","","","","","","","","","","","",12.6,1,11.5,1,"","","","","","","","","","","","","","","","","","","","","","","","","","",95,1,"","","","","","","","","","","","",13.9,1,1011.7,1,"","","","","","",8,1,8,1,8,1,"","","","","","","","","","","","","","","","","","","","","","","","","","","","",7000,1,"","",2,1,6,1,"","","","","","","","","","",3,1,270,1,"","","","","","","","","","","","","","","","","","","","","","","","","","","","","","","","","","","","","","","","","","","","","","","","","","","",""
"33236002","CAP-FERRET",44.630667,-1.252,8,1977052021,"","","","",5.,1,340,1,"","","","","","","","","","","","","","","","","","","","","","","","","","","","",12.6,1,10.8,1,"","","","","","","","","","","","","","","","","","","","","","","","","","",91,1,"","","","","","","","","","","","",13.2,1,1013.5,1,"","","","","","",8,1,8,1,8,1,"","","","","","","","","","","","","","","","","","","","","","","","","","","","",12000,1,"","",2,1,2,1,"","","","","","","","","","",3,1,270,1,"","","","","","","","","","","","","","","","","","","","","","","","","","","","","","","","","","","","","","","","","","","","","","","","","","","",""
"33236002","CAP-FERRET",44.630667,-1.252,8,1977052100,"","","","","","","","","","","","","","","","","","","","","","","","","","","","","","","","","","","","","","","","","","","","","","","","","","","","","","","","","","","","","","","","","","","","","","","","","","","","","","","","","","",1013.7,1,"","","","","","","","","","","","","","","","","","","","","","","","","","","","","","","","","","","","","","","","","","","","","","","","","","","","","","","","","","","","","","","","","","","","","","","","","","","","","","","","","","","","","","","","","","","","","","","","","","","","","","","","","","","","","","","","","",""
"33236002","CAP-FERRET",44.630667,-1.252,8,1977052103,"","","","",1.,1,360,1,"","","","","","","","","","","","","","","","","","","","","","","","","","","","",11.8,1,11.8,1,"","","","","","","","","","","","","","","","","","","","","","","","","","",100,1,"","","","","","","","","","","","",13.8,1,1013.7,1,"","","","","","",8,1,8,1,8,1,"","","","","","","","","","","","","","","","","","","","","","","","","","","","",6000,1,"","",0,1,"","","","","","","","","","","","",3,1,"","","","","","","","","","","","","","","","","","","","","","","","","","","","","","","","","","","","","","","","","","","","","","","","","","","","","",""
"33236002","CAP-FERRET",44.630667,-1.252,8,1977052106,"","","","",2.,1,360,1,"","","","","","","","","","","","","","","","","","","","","","","","","","","","",11.8,1,11.8,1,"","","","","","","","","","","","","","","","","","","","","","","","","","",100,1,"","","","","","","","","","","","",13.8,1,1014.1,1,"","","","","","",8,1,6,1,5,1,7,1,"","","","","","","","","","","","","","","","","","","","","","","","","","",10000,1,"","",2,1,2,1,"","","","","","","","","","",2,1,"","","","","","","","","","","","","","","","","","","","","","","","","","","","","","","","","","","","","","","","","","","","","","","","","","","","","",""
"33236002","CAP-FERRET",44.630667,-1.252,8,1977052109,"","","","",0.,1,0,1,"","","","","","","","","","","","","","","","","","","","","","","","","","","","",13.2,1,11.,1,"","","","","","","","","","","","","","","","","","","","","","","","","","",92,1,"","","","","","","","","","","","",13.4,1,1015.3,1,"","","","","","",8,1,8,1,5,1,"","","","","","","","","","","","","","","","","","","","","","","","","","","","",9000,1,"","",2,1,2,1,"","","","","","","","","","",2,1,"","","","","","","","","","","","","","","","","","","","","","","","","","","","","","","","","","","","","","","","","","","","","","","","","","","","","",""
"33236002","CAP-FERRET",44.630667,-1.252,8,1977052112,"","","","",4.,1,260,1,"","","","","","","","","","","","","","","","","","","","","","","","","","","","",17.,1,12.2,1,"","","","","","","","","","","","","","","","","","","","","","","","","","",75,1,"","","","","","","","","","","","",14.5,1,1015.9,1,"","","","","","",3,1,0,1,2,1,0,1,0,1,"","","","","","","","","","","","","","","","","","","","","","","","",12000,1,"","",1,1,1,1,"","","","","","","","","","",2,1,"","","","","","","","","","","","","","","","","","","","","","","","","","","","","","","","","","","","","","","","","","","","","","","","","","","","","",""
"33236002","CAP-FERRET",44.630667,-1.252,8,1977052115,"","","","",4.,1,260,1,"","","","","","","","","","","","","","","","","","","","","","","","","","","","",17.2,1,11.9,1,"","","","","","","","","","","","","","","","","","","","","","","","","","",72,1,"","","","","","","","","","","","",14.2,1,1016.1,1,"","","","","","",3,1,0,1,2,1,0,1,2,1,"","","","","","","","","","","","","","","","","","","","","","","","",12000,1,"","",2,1,0,1,"","","","","","","","","","",2,1,"","","","","","","","","","","","","","","","","","","","","","","","","","","","","","","","","","","","","","","","","","","","","","","","","","","","","",""
"33236002","CAP-FERRET",44.630667,-1.252,8,1977052118,"","","","",4.,1,260,1,"","","","","","","","","","","","","","","","","","","","","","","","","","","","",15.4,1,11.4,1,"","","","","","","","","","","","","","","","","","","","","","","","","","",79,1,"","","","","","","","","","","","",13.8,1,1016.3,1,"","","","","","",4,1,0,1,8,1,0,1,4,1,"","","","","","","","","","","","","","","","","","","","","","","","",12000,1,"","",3,1,0,1,"","","","","","","","","","",2,1,"","","","","","","","","","","","","","","","","","","","","","","","","","","","","","","","","","","","","","","","","","","","","","","","","","","","","",""
"33236002","CAP-FERRET",44.630667,-1.252,8,1977052121,"","","","",1.,1,240,1,"","","","","","","","","","","","","","","","","","","","","","","","","","","","",11.,1,9.8,1,"","","","","","","","","","","","","","","","","","","","","","","","","","",93,1,"","","","","","","","","","","","",12.3,1,1017.7,1,"","","","","","",2,1,0,1,0,1,0,1,2,1,"","","","","","","","","","","","","","","","","","","","","","","","",10000,1,"","",2,1,0,1,"","","","","","","","","","",2,1,"","","","","","","","","","","","","","","","","","","","","","","","","","","","","","","","","","","","","","","","","","","","","","","","","","","","","",""
"33236002","CAP-FERRET",44.630667,-1.252,8,1977052200,"","","","","","","","","","","","","","","","","","","","","","","","","","","","","","","","","","","","","","","","","","","","","","","","","","","","","","","","","","","","","","","","","","","","","","","","","","","","","","","","","","",1017.3,1,"","","","","","","","","","","","","","","","","","","","","","","","","","","","","","","","","","","","","","","","","","","","","","","","","","","","","","","","","","","","","","","","","","","","","","","","","","","","","","","","","","","","","","","","","","","","","","","","","","","","","","","","","","","","","","","","","",""
"33236002","CAP-FERRET",44.630667,-1.252,8,1977052203,"","","","",1.,1,80,1,"","","","","","","","","","","","","","","","","","","","","","","","","","","","",10.1,1,10.1,1,"","","","","","","","","","","","","","","","","","","","","","","","","","",100,1,"","","","","","","","","","","","",12.4,1,1017.3,1,"","","","","","",8,1,8,1,5,1,"","","","","","","","","","","","","","","","","","","","","","","","","","","","",10000,1,"","",0,1,"","","","","","","","","","","","",2,1,"","","","","","","","","","","","","","","","","","","","","","","","","","","","","","","","","","","","","","","","","","","","","","","","","","","","","",""
"33236002","CAP-FERRET",44.630667,-1.252,8,1977052206,"","","","",1.,1,80,1,"","","","","","","","","","","","","","","","","","","","","","","","","","","","",11.5,1,11.5,1,"","","","","","","","","","","","","","","","","","","","","","","","","","",100,1,"","","","","","","","","","","","",13.6,1,1017.5,1,"","","","","","",7,1,7,1,5,1,"","","","","","","","","","","","","","","","","","","","","","","","","","","","",3000,1,"","",10,1,"","","","","","","","","","","","",2,1,"","","","","","","","","","","","","","","","","","","","","","","","","","","","","","","","","","","","","","","","","","","","","","","","","","","","","",""
"33236002","CAP-FERRET",44.630667,-1.252,8,1977052209,"","","","",4.,1,80,1,"","","","","","","","","","","","","","","","","","","","","","","","","","","","",18.1,1,12.7,1,"","","","","","","","","","","","","","","","","","","","","","","","","","",72,1,"","","","","","","","","","","","",15.,1,1017.1,1,"","","","","","",2,1,0,1,0,1,0,1,1,1,"","","","","","","","","","","","","","","","","","","","","","","","",10000,1,"","",2,1,1,1,"","","","","","","","","","",2,1,"","","","","","","","","","","","","","","","","","","","","","","","","","","","","","","","","","","","","","","","","","","","","","","","","","","","","",""
"33236002","CAP-FERRET",44.630667,-1.252,8,1977052212,"","","","",3.,1,80,1,"","","","","","","","","","","","","","","","","","","","","","","","","","","","",19.7,1,13.4,1,"","","","","","","","","","","","","","","","","","","","","","","","","","",69,1,"","","","","","","","","","","","",15.8,1,1016.9,1,"","","","","","",7,1,7,1,8,1,"","","","","","","","","","","","","","","","","","","","","","","","","","","","",12000,1,"","",2,1,1,1,"","","","","","","","","","",2,1,"","","","","","","","","","","","","","","","","","","","","","","","","","","","","","","","","","","","","","","","","","","","","","","","","","","","","",""
"33236002","CAP-FERRET",44.630667,-1.252,8,1977052215,"","","","",1.,1,240,1,"","","","","","","","","","","","","","","","","","","","","","","","","","","","",18.1,1,13.5,1,"","","","","","","","","","","","","","","","","","","","","","","","","","",77,1,"","","","","","","","","","","","",15.9,1,1016.5,1,"","","","","","",7,1,7,1,5,1,"","","","","","","","","","","","","","","","","","","","","","","","","","","","",10000,1,"","",2,1,2,1,"","","","","","","","","","",2,1,"","","","","","","","","","","","","","","","","","","","","","","","","","","","","","","","","","","","","","","","","","","","","","","","","","","","","",""
"33236002","CAP-FERRET",44.630667,-1.252,8,1977052218,"","","","",4.,1,40,1,"","","","","","","","","","","","","","","","","","","","","","","","","","","","",14.9,1,13.4,1,"","","","","","","","","","","","","","","","","","","","","","","","","","",93,1,"","","","","","","","","","","","",15.8,1,1015.7,1,"","","","","","",7,1,7,1,5,1,"","","","","","","","","","","","","","","","","","","","","","","","","","","","",13000,1,"","",2,1,8,1,"","","","","","","","","","",2,1,"","","","","","","","","","","","","","","","","","","","","","","","","","","","","","","","","","","","","","","","","","","","","","","","","","","","","",""
"33236002","CAP-FERRET",44.630667,-1.252,8,1977052221,"","","","",2.,1,40,1,"","","","","","","","","","","","","","","","","","","","","","","","","","","","",13.6,1,13.6,1,"","","","","","","","","","","","","","","","","","","","","","","","","","",100,1,"","","","","","","","","","","","",15.6,1,1016.1,1,"","","","","","",7,1,7,1,5,1,"","","","","","","","","","","","","","","","","","","","","","","","","","","","",15000,1,"","",2,1,2,1,"","","","","","","","","","",2,1,"","","","","","","","","","","","","","","","","","","","","","","","","","","","","","","","","","","","","","","","","","","","","","","","","","","","","",""
"33236002","CAP-FERRET",44.630667,-1.252,8,1977052300,"","","","","","","","","","","","","","","","","","","","","","","","","","","","","","","","","","","","","","","","","","","","","","","","","","","","","","","","","","","","","","","","","","","","","","","","","","","","","","","","","","",1015.6,1,"","","","","","","","","","","","","","","","","","","","","","","","","","","","","","","","","","","","","","","","","","","","","","","","","","","","","","","","","","","","","","","","","","","","","","","","","","","","","","","","","","","","","","","","","","","","","","","","","","","","","","","","","","","","","","","","","",""
"33236002","CAP-FERRET",44.630667,-1.252,8,1977052303,"","","","",4.,1,80,1,"","","","","","","","","","","","","","","","","","","","","","","","","","","","",12.2,1,12.2,1,"","","","","","","","","","","","","","","","","","","","","","","","","","",100,1,"","","","","","","","","","","","",14.2,1,1015.2,1,"","","","","","",3,1,0,1,0,1,0,1,2,1,"","","","","","","","","","","","","","","","","","","","","","","","",9000,1,"","",0,1,"","","","","","","","","","","","",2,1,"","","","","","","","","","","","","","","","","","","","","","","","","","","","","","","","","","","","","","","","","","","","","","","","","","","","","",""
"33236002","CAP-FERRET",44.630667,-1.252,8,1977052306,"","","","",2.,1,80,1,"","","","","","","","","","","","","","","","","","","","","","","","","","","","",12.2,1,12.2,1,"","","","","","","","","","","","","","","","","","","","","","","","","","",100,1,"","","","","","","","","","","","",14.2,1,1015.2,1,"","","","","","",7,1,7,1,5,1,"","","","","","","","","","","","","","","","","","","","","","","","","","","","",9000,1,"","",3,1,1,1,"","","","","","","","","","",2,1,"","","","","","","","","","","","","","","","","","","","","","","","","","","","","","","","","","","","","","","","","","","","","","","","","","","","","",""
"33236002","CAP-FERRET",44.630667,-1.252,8,1977052309,"","","","",1.,1,120,1,"","","","","","","","","","","","","","","","","","","","","","","","","","","","",15.2,1,5.5,1,"","","","","","","","","","","","","","","","","","","","","","","","","","",53,1,"","","","","","","","","","","","",9.1,1,1015.2,1,"","","","","","",8,1,8,1,5,1,"","","","","","","","","","","","","","","","","","","","","","","","","","","","",7000,1,"","",2,1,2,1,"","","","","","","","","","",2,1,"","","","","","","","","","","","","","","","","","","","","","","","","","","","","","","","","","","","","","","","","","","","","","","","","","","","","",""
"33236002","CAP-FERRET",44.630667,-1.252,8,1977052312,"","","","",2.,1,60,1,"","","","","","","","","","","","","","","","","","","","","","","","","","","","",17.,1,13.2,1,"","","","","","","","","","","","","","","","","","","","","","","","","","",80,1,"","","","","","","","","","","","",15.5,1,1014.2,1,"","","","","","",8,1,8,1,5,1,"","","","","","","","","","","","","","","","","","","","","","","","","","","","",9000,1,"","",2,1,2,1,"","","","","","","","","","",2,1,"","","","","","","","","","","","","","","","","","","","","","","","","","","","","","","","","","","","","","","","","","","","","","","","","","","","","",""
"33236002","CAP-FERRET",44.630667,-1.252,8,1977052315,"","","","",2.,1,60,1,"","","","","","","","","","","","","","","","","","","","","","","","","","","","",19.8,1,15.6,1,"","","","","","","","","","","","","","","","","","","","","","","","","","",79,1,"","","","","","","","","","","","",18.2,1,1013.2,1,"","","","","","",7,1,0,1,5,1,6,1,3,1,"","","","","","","","","","","","","","","","","","","","","","","","",10000,1,"","",1,1,2,1,"","","","","","","","","","",2,1,"","","","","","","","","","","","","","","","","","","","","","","","","","","","","","","","","","","","","","","","","","","","","","","","","","","","","",""
"33236002","CAP-FERRET",44.630667,-1.252,8,1977052318,"","","","",3.,1,40,1,"","","","","","","","","","","","","","","","","","","","","","","","","","","","",20.8,1,14.9,1,"","","","","","","","","","","","","","","","","","","","","","","","","","",71,1,"","","","","","","","","","","","",17.4,1,1012.,1,"","","","","","",3,1,0,1,5,1,0,1,3,1,"","","","","","","","","","","","","","","","","","","","","","","","",12000,1,"","",1,1,1,1,"","","","","","","","","","",2,1,"","","","","","","","","","","","","","","","","","","","","","","","","","","","","","","","","","","","","","","","","","","","","","","","","","","","","",""
"33236002","CAP-FERRET",44.630667,-1.252,8,1977052321,"","","","",4.,1,360,1,"","","","","","","","","","","","","","","","","","","","","","","","","","","","",14.2,1,14.2,1,"","","","","","","","","","","","","","","","","","","","","","","","","","",100,1,"","","","","","","","","","","","",16.2,1,1013.6,1,"","","","","","",7,1,7,1,9,1,"","","","","","","","","","","","","","","","","","","","","","","","","","","","",9000,1,"","",95,1,9,1,"","","","","","","","","","",2,1,"","","","","","","","","","","","","","","","","","","","","","","","","","","","","","","","","","","","","","","","","","","","","","","","","","","","","",""
"33236002","CAP-FERRET",44.630667,-1.252,8,1977052400,"","","","","","","","","","","","","","","","","","","","","","","","","","","","","","","","","","","","","","","","","","","","","","","","","","","","","","","","","","","","","","","","","","","","","","","","","","","","","","","","","","",1012.1,1,"","","","","","","","","","","","","","","","","","","","","","","","","","","","","","","","","","","","","","","","","","","","","","","","","","","","","","","","","","","","","","","","","","","","","","","","","","","","","","","","","","","","","","","","","","","","","","","","","","","","","","","","","","","","","","","","","",""
"33236002","CAP-FERRET",44.630667,-1.252,8,1977052403,"","","","",2.,1,160,1,"","","","","","","","","","","","","","","","","","","","","","","","","","","","",13.1,1,13.1,1,"","","","","","","","","","","","","","","","","","","","","","","","","","",100,1,"","","","","","","","","","","","",15.1,1,1012.1,1,"","","","","","",6,1,5,1,8,1,0,1,0,1,"","","","","","","","","","","","","","","","","","","","","","","","",10000,1,"","",0,1,"","","","","","","","","","","","",2,1,"","","","","","","","","","","","","","","","","","","","","","","","","","","","","","","","","","","","","","","","","","","","","","","","","","","","","",""
"33236002","CAP-FERRET",44.630667,-1.252,8,1977052406,"","","","",0.,1,0,1,"","","","","","","","","","","","","","","","","","","","","","","","","","","","",12.7,1,12.7,1,"","","","","","","","","","","","","","","","","","","","","","","","","","",100,1,"","","","","","","","","","","","",14.7,1,1012.1,1,"","","","","","",4,1,0,1,9,1,8,1,0,1,"","","","","","","","","","","","","","","","","","","","","","","","",13000,1,"","",1,1,"","","","","","","","","","","","",2,1,"","","","","","","","","","","","","","","","","","","","","","","","","","","","","","","","","","","","","","","","","","","","","","","","","","","","","",""
"33236002","CAP-FERRET",44.630667,-1.252,8,1977052409,"","","","",3.,1,220,1,"","","","","","","","","","","","","","","","","","","","","","","","","","","","",17.6,1,15.,1,"","","","","","","","","","","","","","","","","","","","","","","","","","",87,1,"","","","","","","","","","","","",17.5,1,1012.1,1,"","","","","","",3,1,0,1,2,1,0,1,2,1,"","","","","","","","","","","","","","","","","","","","","","","","",15000,1,"","",2,1,0,1,"","","","","","","","","","",2,1,"","","","","","","","","","","","","","","","","","","","","","","","","","","","","","","","","","","","","","","","","","","","","","","","","","","","","",""
"33236002","CAP-FERRET",44.630667,-1.252,8,1977052412,"","","","",4.,1,260,1,"","","","","","","","","","","","","","","","","","","","","","","","","","","","",18.2,1,15.4,1,"","","","","","","","","","","","","","","","","","","","","","","","","","",86,1,"","","","","","","","","","","","",18.,1,1012.3,1,"","","","","","",6,1,6,1,6,1,0,1,0,1,"","","","","","","","","","","","","","","","","","","","","","","","",10000,1,"","",2,1,1,1,"","","","","","","","","","",2,1,"","","","","","","","","","","","","","","","","","","","","","","","","","","","","","","","","","","","","","","","","","","","","","","","","","","","","",""
"33236002","CAP-FERRET",44.630667,-1.252,8,1977052415,"","","","",4.,1,280,1,"","","","","","","","","","","","","","","","","","","","","","","","","","","","",19.,1,15.4,1,"","","","","","","","","","","","","","","","","","","","","","","","","","",82,1,"","","","","","","","","","","","",18.,1,1011.3,1,"","","","","","",3,1,0,1,2,1,0,1,0,1,"","","","","","","","","","","","","","","","","","","","","","","","",10000,1,"","",2,1,1,1,"","","","","","","","","","",2,1,"","","","","","","","","","","","","","","","","","","","","","","","","","","","","","","","","","","","","","","","","","","","","","","","","","","","","",""
"33236002","CAP-FERRET",44.630667,-1.252,8,1977052418,"","","","",4.,1,280,1,"","","","","","","","","","","","","","","","","","","","","","","","","","","","",16.7,1,14.7,1,"","","","","","","","","","","","","","","","","","","","","","","","","","",91,1,"","","","","","","","","","","","",17.2,1,1010.6,1,"","","","","","",8,1,8,1,6,1,"","","","","","","","","","","","","","","","","","","","","","","","","","","","",7000,1,"","",2,1,1,1,"","","","","","","","","","",2,1,"","","","","","","","","","","","","","","","","","","","","","","","","","","","","","","","","","","","","","","","","","","","","","","","","","","","","",""
"33236002","CAP-FERRET",44.630667,-1.252,8,1977052421,"","","","",7.,1,240,1,"","","","","","","","","","","","","","","","","","","","","","","","","","","","",14.9,1,14.,1,"","","","","","","","","","","","","","","","","","","","","","","","","","",97,1,"","","","","","","","","","","","",16.4,1,1011.3,1,"","","","","","",8,1,7,1,9,1,"","","","","","","","","","","","","","","","","","","","","","","","","","","","",8000,1,"","",2,1,2,1,"","","","","","","","","","",2,1,"","","","","","","","","","","","","","","","","","","","","","","","","","","","","","","","","","","","","","","","","","","","","","","","","","","","","",""
"33236002","CAP-FERRET",44.630667,-1.252,8,1977052500,"","","","","","","","","","","","","","","","","","","","","","","","","","","","","","","","","","","","","","","","","","","","","","","","","","","","","","","","","","","","","","","","","","","","","","","","","","","","","","","","","","",1010.9,1,"","","","","","","","","","","","","","","","","","","","","","","","","","","","","","","","","","","","","","","","","","","","","","","","","","","","","","","","","","","","","","","","","","","","","","","","","","","","","","","","","","","","","","","","","","","","","","","","","","","","","","","","","","","","","","","","","",""
"33236002","CAP-FERRET",44.630667,-1.252,8,1977052503,"","","","",4.,1,260,1,"","","","","","","","","","","","","","","","","","","","","","","","","","","","",14.6,1,14.6,1,"","","","","","","","","","","","","","","","","","","","","","","","","","",100,1,"","","","","","","","","","","","",16.6,1,1010.5,1,"","","","","","",8,1,6,1,7,1,7,1,"","","","","","","","","","","","","","","","","","","","","","","","","","",5000,1,"","",81,1,"","","","","","","","","","","","",2,1,"","","","","","","","","","","","","","","","","","","","","","","","","","","","","","","","","","","","","","","","","","","","","","","","","","","","","",""
"33236002","CAP-FERRET",44.630667,-1.252,8,1977052506,"","","","",4.,1,260,1,"","","","","","","","","","","","","","","","","","","","","","","","","","","","",15.,1,15.,1,"","","","","","","","","","","","","","","","","","","","","","","","","","",100,1,"","","","","","","","","","","","",17.1,1,1011.1,1,"","","","","","",8,1,5,1,8,1,7,1,"","","","","","","","","","","","","","","","","","","","","","","","","","",6000,1,"","",1,1,8,1,"","","","","","","","","","",2,1,"","","","","","","","","","","","","","","","","","","","","","","","","","","","","","","","","","","","","","","","","","","","","","","","","","","","","",""
"33236002","CAP-FERRET",44.630667,-1.252,8,1977052509,"","","","",12.,1,240,1,"","","","","","","","","","","","","","","","","","","","","","","","","","","","",14.,1,14.,1,"","","","","","","","","","","","","","","","","","","","","","","","","","",100,1,"","","","","","","","","","","","",16.,1,1012.1,1,"","","","","","",8,1,5,1,8,1,7,1,"","","","","","","","","","","","","","","","","","","","","","","","","","",7000,1,"","",80,1,8,1,"","","","","","","","","","",2,1,"","","","","","","","","","","","","","","","","","","","","","","","","","","","","","","","","","","","","","","","","","","","","","","","","","","","","",""
"33236002","CAP-FERRET",44.630667,-1.252,8,1977052512,"","","","",5.,1,260,1,"","","","","","","","","","","","","","","","","","","","","","","","","","","","",14.2,1,14.2,1,"","","","","","","","","","","","","","","","","","","","","","","","","","",100,1,"","","","","","","","","","","","",16.2,1,1014.2,1,"","","","","","",8,1,5,1,8,1,7,1,"","","","","","","","","","","","","","","","","","","","","","","","","","",6000,1,"","",80,1,8,1,"","","","","","","","","","",2,1,"","","","","","","","","","","","","","","","","","","","","","","","","","","","","","","","","","","","","","","","","","","","","","","","","","","","","",""
"33236002","CAP-FERRET",44.630667,-1.252,8,1977052515,"","","","",7.,1,280,1,"","","","","","","","","","","","","","","","","","","","","","","","","","","","",15.,1,14.3,1,"","","","","","","","","","","","","","","","","","","","","","","","","","",97,1,"","","","","","","","","","","","",16.7,1,1014.5,1,"","","","","","",8,1,5,1,8,1,7,1,"","","","","","","","","","","","","","","","","","","","","","","","","","",6000,1,"","",80,1,8,1,"","","","","","","","","","",2,1,"","","","","","","","","","","","","","","","","","","","","","","","","","","","","","","","","","","","","","","","","","","","","","","","","","","","","",""
"33236002","CAP-FERRET",44.630667,-1.252,8,1977052518,"","","","",6.,1,280,1,"","","","","","","","","","","","","","","","","","","","","","","","","","","","",14.6,1,13.2,1,"","","","","","","","","","","","","","","","","","","","","","","","","","",93,1,"","","","","","","","","","","","",15.5,1,1014.9,1,"","","","","","",8,1,6,1,8,1,7,1,"","","","","","","","","","","","","","","","","","","","","","","","","","",7000,1,"","",2,1,8,1,"","","","","","","","","","",2,1,"","","","","","","","","","","","","","","","","","","","","","","","","","","","","","","","","","","","","","","","","","","","","","","","","","","","","",""
"33236002","CAP-FERRET",44.630667,-1.252,8,1977052521,"","","","",5.,1,300,1,"","","","","","","","","","","","","","","","","","","","","","","","","","","","",14.2,1,12.6,1,"","","","","","","","","","","","","","","","","","","","","","","","","","",92,1,"","","","","","","","","","","","",14.9,1,1015.9,1,"","","","","","",8,1,8,1,8,1,"","","","","","","","","","","","","","","","","","","","","","","","","","","","",8000,1,"","",2,1,8,1,"","","","","","","","","","",2,1,"","","","","","","","","","","","","","","","","","","","","","","","","","","","","","","","","","","","","","","","","","","","","","","","","","","","","",""
"33236002","CAP-FERRET",44.630667,-1.252,8,1977052600,"","","","","","","","","","","","","","","","","","","","","","","","","","","","","","","","","","","","","","","","","","","","","","","","","","","","","","","","","","","","","","","","","","","","","","","","","","","","","","","","","","",1016.7,1,"","","","","","","","","","","","","","","","","","","","","","","","","","","","","","","","","","","","","","","","","","","","","","","","","","","","","","","","","","","","","","","","","","","","","","","","","","","","","","","","","","","","","","","","","","","","","","","","","","","","","","","","","","","","","","","","","",""
"33236002","CAP-FERRET",44.630667,-1.252,8,1977052603,"","","","",6.,1,300,1,"","","","","","","","","","","","","","","","","","","","","","","","","","","","",14.1,1,12.7,1,"","","","","","","","","","","","","","","","","","","","","","","","","","",93,1,"","","","","","","","","","","","",15.,1,1016.7,1,"","","","","","",8,1,8,1,5,1,"","","","","","","","","","","","","","","","","","","","","","","","","","","","",8000,1,"","",0,1,"","","","","","","","","","","","",2,1,"","","","","","","","","","","","","","","","","","","","","","","","","","","","","","","","","","","","","","","","","","","","","","","","","","","","","",""
"33236002","CAP-FERRET",44.630667,-1.252,8,1977052606,"","","","",5.,1,300,1,"","","","","","","","","","","","","","","","","","","","","","","","","","","","",14.,1,11.4,1,"","","","","","","","","","","","","","","","","","","","","","","","","","",86,1,"","","","","","","","","","","","",13.8,1,1017.1,1,"","","","","","",8,1,8,1,5,1,"","","","","","","","","","","","","","","","","","","","","","","","","","","","",6000,1,"","",2,1,"","","","","","","","","","","","",2,1,"","","","","","","","","","","","","","","","","","","","","","","","","","","","","","","","","","","","","","","","","","","","","","","","","","","","","",""
"33236002","CAP-FERRET",44.630667,-1.252,8,1977052609,"","","","",7.,1,300,1,"","","","","","","","","","","","","","","","","","","","","","","","","","","","",14.9,1,12.1,1,"","","","","","","","","","","","","","","","","","","","","","","","","","",85,1,"","","","","","","","","","","","",14.4,1,1018.2,1,"","","","","","",8,1,8,1,5,1,"","","","","","","","","","","","","","","","","","","","","","","","","","","","",6000,1,"","",2,1,2,1,"","","","","","","","","","",3,1,270,1,"","","","","","","","","","","","","","","","","","","","","","","","","","","","","","","","","","","","","","","","","","","","","","","","","","","",""
"33236002","CAP-FERRET",44.630667,-1.252,8,1977052612,"","","","",5.,1,280,1,"","","","","","","","","","","","","","","","","","","","","","","","","","","","",17.5,1,13.6,1,"","","","","","","","","","","","","","","","","","","","","","","","","","",80,1,"","","","","","","","","","","","",16.,1,1018.4,1,"","","","","","",7,1,7,1,2,1,"","","","","","","","","","","","","","","","","","","","","","","","","","","","",6000,1,"","",2,1,2,1,"","","","","","","","","","",3,1,270,1,"","","","","","","","","","","","","","","","","","","","","","","","","","","","","","","","","","","","","","","","","","","","","","","","","","","",""
"33236002","CAP-FERRET",44.630667,-1.252,8,1977052615,"","","","",6.,1,300,1,"","","","","","","","","","","","","","","","","","","","","","","","","","","","",17.2,1,14.4,1,"","","","","","","","","","","","","","","","","","","","","","","","","","",86,1,"","","","","","","","","","","","",16.8,1,1018.7,1,"","","","","","",6,1,6,1,2,1,0,1,0,1,"","","","","","","","","","","","","","","","","","","","","","","","",6000,1,"","",2,1,2,1,"","","","","","","","","","",3,1,270,1,"","","","","","","","","","","","","","","","","","","","","","","","","","","","","","","","","","","","","","","","","","","","","","","","","","","",""
"33236002","CAP-FERRET",44.630667,-1.252,8,1977052618,"","","","",6.,1,300,1,"","","","","","","","","","","","","","","","","","","","","","","","","","","","",14.9,1,13.4,1,"","","","","","","","","","","","","","","","","","","","","","","","","","",93,1,"","","","","","","","","","","","",15.8,1,1018.9,1,"","","","","","",8,1,8,1,8,1,"","","","","","","","","","","","","","","","","","","","","","","","","","","","",6000,1,"","",2,1,2,1,"","","","","","","","","","",3,1,270,1,"","","","","","","","","","","","","","","","","","","","","","","","","","","","","","","","","","","","","","","","","","","","","","","","","","","",""
"33236002","CAP-FERRET",44.630667,-1.252,8,1977052621,"","","","",6.,1,300,1,"","","","","","","","","","","","","","","","","","","","","","","","","","","","",14.6,1,13.2,1,"","","","","","","","","","","","","","","","","","","","","","","","","","",93,1,"","","","","","","","","","","","",15.5,1,1019.7,1,"","","","","","",8,1,8,1,8,1,"","","","","","","","","","","","","","","","","","","","","","","","","","","","",5000,1,"","",2,1,2,1,"","","","","","","","","","",3,1,270,1,"","","","","","","","","","","","","","","","","","","","","","","","","","","","","","","","","","","","","","","","","","","","","","","","","","","",""
"33236002","CAP-FERRET",44.630667,-1.252,8,1977052700,"","","","","","","","","","","","","","","","","","","","","","","","","","","","","","","","","","","","","","","","","","","","","","","","","","","","","","","","","","","","","","","","","","","","","","","","","","","","","","","","","","",1019.5,1,"","","","","","","","","","","","","","","","","","","","","","","","","","","","","","","","","","","","","","","","","","","","","","","","","","","","","","","","","","","","","","","","","","","","","","","","","","","","","","","","","","","","","","","","","","","","","","","","","","","","","","","","","","","","","","","","","",""
"33236002","CAP-FERRET",44.630667,-1.252,8,1977052703,"","","","",7.,1,300,1,"","","","","","","","","","","","","","","","","","","","","","","","","","","","",14.,1,13.,1,"","","","","","","","","","","","","","","","","","","","","","","","","","",95,1,"","","","","","","","","","","","",15.3,1,1019.5,1,"","","","","","",8,1,8,1,5,1,"","","","","","","","","","","","","","","","","","","","","","","","","","","","",6000,1,"","",0,1,"","","","","","","","","","","","",3,1,"","","","","","","","","","","","","","","","","","","","","","","","","","","","","","","","","","","","","","","","","","","","","","","","","","","","","",""
"33236002","CAP-FERRET",44.630667,-1.252,8,1977052706,"","","","",6.,1,320,1,"","","","","","","","","","","","","","","","","","","","","","","","","","","","",14.,1,11.9,1,"","","","","","","","","","","","","","","","","","","","","","","","","","",88,1,"","","","","","","","","","","","",14.2,1,1020.3,1,"","","","","","",8,1,8,1,5,1,"","","","","","","","","","","","","","","","","","","","","","","","","","","","",6000,1,"","",2,1,2,1,"","","","","","","","","","",3,1,"","","","","","","","","","","","","","","","","","","","","","","","","","","","","","","","","","","","","","","","","","","","","","","","","","","","","",""
"33236002","CAP-FERRET",44.630667,-1.252,8,1977052709,"","","","",7.,1,320,1,"","","","","","","","","","","","","","","","","","","","","","","","","","","","",14.,1,11.9,1,"","","","","","","","","","","","","","","","","","","","","","","","","","",88,1,"","","","","","","","","","","","",14.2,1,1021.1,1,"","","","","","",8,1,8,1,5,1,"","","","","","","","","","","","","","","","","","","","","","","","","","","","",6000,1,"","",2,1,2,1,"","","","","","","","","","",3,1,"","","","","","","","","","","","","","","","","","","","","","","","","","","","","","","","","","","","","","","","","","","","","","","","","","","","","",""
"33236002","CAP-FERRET",44.630667,-1.252,8,1977052712,"","","","",6.,1,300,1,"","","","","","","","","","","","","","","","","","","","","","","","","","","","",14.6,1,13.2,1,"","","","","","","","","","","","","","","","","","","","","","","","","","",93,1,"","","","","","","","","","","","",15.5,1,1021.5,1,"","","","","","",8,1,8,1,6,1,"","","","","","","","","","","","","","","","","","","","","","","","","","","","",5000,1,"","",60,1,6,1,"","","","","","","","","","",3,1,"","","","","","","","","","","","","","","","","","","","","","","","","","","","","","","","","","","","","","","","","","","","","","","","","","","","","",""
"33236002","CAP-FERRET",44.630667,-1.252,8,1977052715,"","","","",7.,1,300,1,"","","","","","","","","","","","","","","","","","","","","","","","","","","","",14.6,1,13.2,1,"","","","","","","","","","","","","","","","","","","","","","","","","","",93,1,"","","","","","","","","","","","",15.5,1,1021.5,1,"","","","","","",8,1,8,1,6,1,"","","","","","","","","","","","","","","","","","","","","","","","","","","","",5000,1,"","",2,1,6,1,"","","","","","","","","","",3,1,"","","","","","","","","","","","","","","","","","","","","","","","","","","","","","","","","","","","","","","","","","","","","","","","","","","","","",""
"33236002","CAP-FERRET",44.630667,-1.252,8,1977052718,"","","","",7.,1,320,1,"","","","","","","","","","","","","","","","","","","","","","","","","","","","",14.6,1,13.2,1,"","","","","","","","","","","","","","","","","","","","","","","","","","",93,1,"","","","","","","","","","","","",15.5,1,1021.5,1,"","","","","","",8,1,7,1,6,1,1,1,"","","","","","","","","","","","","","","","","","","","","","","","","","",4000,1,"","",10,1,6,1,"","","","","","","","","","",3,1,"","","","","","","","","","","","","","","","","","","","","","","","","","","","","","","","","","","","","","","","","","","","","","","","","","","","","",""
"33236002","CAP-FERRET",44.630667,-1.252,8,1977052721,"","","","",6.,1,320,1,"","","","","","","","","","","","","","","","","","","","","","","","","","","","",14.2,1,13.2,1,"","","","","","","","","","","","","","","","","","","","","","","","","","",96,1,"","","","","","","","","","","","",15.5,1,1022.5,1,"","","","","","",8,1,8,1,6,1,"","","","","","","","","","","","","","","","","","","","","","","","","","","","",4500,1,"","",10,1,2,1,"","","","","","","","","","",3,1,"","","","","","","","","","","","","","","","","","","","","","","","","","","","","","","","","","","","","","","","","","","","","","","","","","","","","",""
"33236002","CAP-FERRET",44.630667,-1.252,8,1977052800,"","","","","","","","","","","","","","","","","","","","","","","","","","","","","","","","","","","","","","","","","","","","","","","","","","","","","","","","","","","","","","","","","","","","","","","","","","","","","","","","","","",1022.7,1,"","","","","","","","","","","","","","","","","","","","","","","","","","","","","","","","","","","","","","","","","","","","","","","","","","","","","","","","","","","","","","","","","","","","","","","","","","","","","","","","","","","","","","","","","","","","","","","","","","","","","","","","","","","","","","","","","",""
"33236002","CAP-FERRET",44.630667,-1.252,8,1977052803,"","","","",4.,1,320,1,"","","","","","","","","","","","","","","","","","","","","","","","","","","","",14.1,1,12.7,1,"","","","","","","","","","","","","","","","","","","","","","","","","","",93,1,"","","","","","","","","","","","",15.,1,1022.,1,"","","","","","",8,1,8,1,6,1,"","","","","","","","","","","","","","","","","","","","","","","","","","","","",5000,1,"","",0,1,"","","","","","","","","","","","",3,1,270,1,"","","","","","","","","","","","","","","","","","","","","","","","","","","","","","","","","","","","","","","","","","","","","","","","","","","",""
"33236002","CAP-FERRET",44.630667,-1.252,8,1977052806,"","","","",4.,1,300,1,"","","","","","","","","","","","","","","","","","","","","","","","","","","","",14.2,1,12.8,1,"","","","","","","","","","","","","","","","","","","","","","","","","","",93,1,"","","","","","","","","","","","",15.1,1,1022.5,1,"","","","","","",8,1,8,1,6,1,"","","","","","","","","","","","","","","","","","","","","","","","","","","","",5000,1,"","",2,1,"","","","","","","","","","","","",3,1,270,1,"","","","","","","","","","","","","","","","","","","","","","","","","","","","","","","","","","","","","","","","","","","","","","","","","","","",""
"33236002","CAP-FERRET",44.630667,-1.252,8,1977052809,"","","","",6.,1,300,1,"","","","","","","","","","","","","","","","","","","","","","","","","","","","",15.2,1,13.2,1,"","","","","","","","","","","","","","","","","","","","","","","","","","",90,1,"","","","","","","","","","","","",15.6,1,1022.9,1,"","","","","","",8,1,8,1,6,1,"","","","","","","","","","","","","","","","","","","","","","","","","","","","",6000,1,"","",2,1,2,1,"","","","","","","","","","",3,1,270,1,"","","","","","","","","","","","","","","","","","","","","","","","","","","","","","","","","","","","","","","","","","","","","","","","","","","",""
"33236002","CAP-FERRET",44.630667,-1.252,8,1977052812,"","","","",5.,1,300,1,"","","","","","","","","","","","","","","","","","","","","","","","","","","","",16.3,1,13.6,1,"","","","","","","","","","","","","","","","","","","","","","","","","","",86,1,"","","","","","","","","","","","",16.,1,1023.1,1,"","","","","","",8,1,8,1,6,1,"","","","","","","","","","","","","","","","","","","","","","","","","","","","",8000,1,"","",2,1,2,1,"","","","","","","","","","",3,1,270,1,"","","","","","","","","","","","","","","","","","","","","","","","","","","","","","","","","","","","","","","","","","","","","","","","","","","",""
"33236002","CAP-FERRET",44.630667,-1.252,8,1977052815,"","","","",5.,1,300,1,"","","","","","","","","","","","","","","","","","","","","","","","","","","","",15.3,1,13.8,1,"","","","","","","","","","","","","","","","","","","","","","","","","","",93,1,"","","","","","","","","","","","",16.2,1,1022.8,1,"","","","","","",8,1,8,1,6,1,"","","","","","","","","","","","","","","","","","","","","","","","","","","","",6000,1,"","",2,1,2,1,"","","","","","","","","","",3,1,270,1,"","","","","","","","","","","","","","","","","","","","","","","","","","","","","","","","","","","","","","","","","","","","","","","","","","","",""
"33236002","CAP-FERRET",44.630667,-1.252,8,1977052818,"","","","",6.,1,300,1,"","","","","","","","","","","","","","","","","","","","","","","","","","","","",14.8,1,13.3,1,"","","","","","","","","","","","","","","","","","","","","","","","","","",93,1,"","","","","","","","","","","","",15.7,1,1021.9,1,"","","","","","",7,1,7,1,6,1,"","","","","","","","","","","","","","","","","","","","","","","","","","","","",5000,1,"","",1,1,2,1,"","","","","","","","","","",3,1,270,1,"","","","","","","","","","","","","","","","","","","","","","","","","","","","","","","","","","","","","","","","","","","","","","","","","","","",""
"33236002","CAP-FERRET",44.630667,-1.252,8,1977052821,"","","","",4.,1,280,1,"","","","","","","","","","","","","","","","","","","","","","","","","","","","",14.3,1,12.5,1,"","","","","","","","","","","","","","","","","","","","","","","","","","",91,1,"","","","","","","","","","","","",14.8,1,1022.2,1,"","","","","","",8,1,8,1,6,1,"","","","","","","","","","","","","","","","","","","","","","","","","","","","",5000,1,"","",2,1,2,1,"","","","","","","","","","",3,1,270,1,"","","","","","","","","","","","","","","","","","","","","","","","","","","","","","","","","","","","","","","","","","","","","","","","","","","",""
"33236002","CAP-FERRET",44.630667,-1.252,8,1977052900,"","","","","","","","","","","","","","","","","","","","","","","","","","","","","","","","","","","","","","","","","","","","","","","","","","","","","","","","","","","","","","","","","","","","","","","","","","","","","","","","","","",1021.1,1,"","","","","","","","","","","","","","","","","","","","","","","","","","","","","","","","","","","","","","","","","","","","","","","","","","","","","","","","","","","","","","","","","","","","","","","","","","","","","","","","","","","","","","","","","","","","","","","","","","","","","","","","","","","","","","","","","",""
"33236002","CAP-FERRET",44.630667,-1.252,8,1977052903,"","","","",5.,1,300,1,"","","","","","","","","","","","","","","","","","","","","","","","","","","","",13.8,1,12.9,1,"","","","","","","","","","","","","","","","","","","","","","","","","","",97,1,"","","","","","","","","","","","",15.2,1,1020.1,1,"","","","","","",8,1,8,1,6,1,"","","","","","","","","","","","","","","","","","","","","","","","","","","","",6000,1,"","",0,1,"","","","","","","","","","","","",3,1,"","","","","","","","","","","","","","","","","","","","","","","","","","","","","","","","","","","","","","","","","","","","","","","","","","","","","",""
"33236002","CAP-FERRET",44.630667,-1.252,8,1977052906,"","","","",2.,1,280,1,"","","","","","","","","","","","","","","","","","","","","","","","","","","","",13.,1,13.,1,"","","","","","","","","","","","","","","","","","","","","","","","","","",100,1,"","","","","","","","","","","","",15.,1,1019.9,1,"","","","","","",8,1,8,1,6,1,"","","","","","","","","","","","","","","","","","","","","","","","","","","","",4000,1,"","",10,1,2,1,"","","","","","","","","","",3,1,"","","","","","","","","","","","","","","","","","","","","","","","","","","","","","","","","","","","","","","","","","","","","","","","","","","","","",""
"33236002","CAP-FERRET",44.630667,-1.252,8,1977052909,"","","","",1.,1,300,1,"","","","","","","","","","","","","","","","","","","","","","","","","","","","",14.,1,13.2,1,"","","","","","","","","","","","","","","","","","","","","","","","","","",97,1,"","","","","","","","","","","","",15.6,1,1019.7,1,"","","","","","",8,1,8,1,6,1,"","","","","","","","","","","","","","","","","","","","","","","","","","","","",3000,1,"","",10,1,2,1,"","","","","","","","","","",3,1,"","","","","","","","","","","","","","","","","","","","","","","","","","","","","","","","","","","","","","","","","","","","","","","","","","","","","",""
"33236002","CAP-FERRET",44.630667,-1.252,8,1977052912,"","","","",0.,1,0,1,"","","","","","","","","","","","","","","","","","","","","","","","","","","","",15.,1,12.9,1,"","","","","","","","","","","","","","","","","","","","","","","","","","",89,1,"","","","","","","","","","","","",15.2,1,1019.3,1,"","","","","","",8,1,8,1,6,1,"","","","","","","","","","","","","","","","","","","","","","","","","","","","",4000,1,"","",10,1,2,1,"","","","","","","","","","",2,1,"","","","","","","","","","","","","","","","","","","","","","","","","","","","","","","","","","","","","","","","","","","","","","","","","","","","","",""
"33236002","CAP-FERRET",44.630667,-1.252,8,1977052915,"","","","",1.,1,300,1,"","","","","","","","","","","","","","","","","","","","","","","","","","","","",15.8,1,13.2,1,"","","","","","","","","","","","","","","","","","","","","","","","","","",86,1,"","","","","","","","","","","","",15.5,1,1018.1,1,"","","","","","",8,1,8,1,6,1,"","","","","","","","","","","","","","","","","","","","","","","","","","","","",5000,1,"","",2,1,2,1,"","","","","","","","","","",2,1,"","","","","","","","","","","","","","","","","","","","","","","","","","","","","","","","","","","","","","","","","","","","","","","","","","","","","",""
"33236002","CAP-FERRET",44.630667,-1.252,8,1977052918,"","","","",1.,1,360,1,"","","","","","","","","","","","","","","","","","","","","","","","","","","","",15.6,1,13.2,1,"","","","","","","","","","","","","","","","","","","","","","","","","","",88,1,"","","","","","","","","","","","",15.6,1,1016.5,1,"","","","","","",7,1,7,1,6,1,"","","","","","","","","","","","","","","","","","","","","","","","","","","","",7000,1,"","",1,1,2,1,"","","","","","","","","","",2,1,"","","","","","","","","","","","","","","","","","","","","","","","","","","","","","","","","","","","","","","","","","","","","","","","","","","","","",""
"33236002","CAP-FERRET",44.630667,-1.252,8,1977052921,"","","","",2.,1,40,1,"","","","","","","","","","","","","","","","","","","","","","","","","","","","",12.,1,12.,1,"","","","","","","","","","","","","","","","","","","","","","","","","","",100,1,"","","","","","","","","","","","",14.,1,1016.5,1,"","","","","","",7,1,7,1,6,1,"","","","","","","","","","","","","","","","","","","","","","","","","","","","",6000,1,"","",2,1,2,1,"","","","","","","","","","",2,1,"","","","","","","","","","","","","","","","","","","","","","","","","","","","","","","","","","","","","","","","","","","","","","","","","","","","","",""
"33236002","CAP-FERRET",44.630667,-1.252,8,1977053000,"","","","","","","","","","","","","","","","","","","","","","","","","","","","","","","","","","","","","","","","","","","","","","","","","","","","","","","","","","","","","","","","","","","","","","","","","","","","","","","","","","",1014.9,1,"","","","","","","","","","","","","","","","","","","","","","","","","","","","","","","","","","","","","","","","","","","","","","","","","","","","","","","","","","","","","","","","","","","","","","","","","","","","","","","","","","","","","","","","","","","","","","","","","","","","","","","","","","","","","","","","","",""
"33236002","CAP-FERRET",44.630667,-1.252,8,1977053003,"","","","",4.,1,80,1,"","","","","","","","","","","","","","","","","","","","","","","","","","","","",12.6,1,12.6,1,"","","","","","","","","","","","","","","","","","","","","","","","","","",100,1,"","","","","","","","","","","","",14.6,1,1013.9,1,"","","","","","",0,1,"","",0,1,0,1,0,1,"","","","","","","","","","","","","","","","","","","","","","","","",5000,1,"","",0,1,"","","","","","","","","","","","",2,1,"","","","","","","","","","","","","","","","","","","","","","","","","","","","","","","","","","","","","","","","","","","","","","","","","","","","","",""
"33236002","CAP-FERRET",44.630667,-1.252,8,1977053006,"","","","",4.,1,80,1,"","","","","","","","","","","","","","","","","","","","","","","","","","","","",12.7,1,12.7,1,"","","","","","","","","","","","","","","","","","","","","","","","","","",100,1,"","","","","","","","","","","","",14.7,1,1013.7,1,"","","","","","",6,1,6,1,2,1,0,1,0,1,"","","","","","","","","","","","","","","","","","","","","","","","",5000,1,"","",3,1,"","","","","","","","","","","","",2,1,"","","","","","","","","","","","","","","","","","","","","","","","","","","","","","","","","","","","","","","","","","","","","","","","","","","","","",""
"33236002","CAP-FERRET",44.630667,-1.252,8,1977053009,"","","","",3.,1,60,1,"","","","","","","","","","","","","","","","","","","","","","","","","","","","",17.9,1,13.7,1,"","","","","","","","","","","","","","","","","","","","","","","","","","",79,1,"","","","","","","","","","","","",16.1,1,1013.2,1,"","","","","","",7,1,7,1,0,1,0,1,2,1,"","","","","","","","","","","","","","","","","","","","","","","","",5000,1,"","",2,1,2,1,"","","","","","","","","","",2,1,"","","","","","","","","","","","","","","","","","","","","","","","","","","","","","","","","","","","","","","","","","","","","","","","","","","","","",""
"33236002","CAP-FERRET",44.630667,-1.252,8,1977053012,"","","","",4.,1,40,1,"","","","","","","","","","","","","","","","","","","","","","","","","","","","",21.2,1,13.8,1,"","","","","","","","","","","","","","","","","","","","","","","","","","",65,1,"","","","","","","","","","","","",16.2,1,1012.7,1,"","","","","","",6,1,6,1,5,1,0,1,0,1,"","","","","","","","","","","","","","","","","","","","","","","","",8000,1,"","",3,1,2,1,"","","","","","","","","","",2,1,"","","","","","","","","","","","","","","","","","","","","","","","","","","","","","","","","","","","","","","","","","","","","","","","","","","","","",""
"33236002","CAP-FERRET",44.630667,-1.252,8,1977053015,"","","","",6.,1,360,1,"","","","","","","","","","","","","","","","","","","","","","","","","","","","",19.,1,16.4,1,"","","","","","","","","","","","","","","","","","","","","","","","","","",88,1,"","","","","","","","","","","","",19.2,1,1011.4,1,"","","","","","",6,1,6,1,5,1,0,1,0,1,"","","","","","","","","","","","","","","","","","","","","","","","",6000,1,"","",2,1,2,1,"","","","","","","","","","",2,1,"","","","","","","","","","","","","","","","","","","","","","","","","","","","","","","","","","","","","","","","","","","","","","","","","","","","","",""
"33236002","CAP-FERRET",44.630667,-1.252,8,1977053018,"","","","",5.,1,360,1,"","","","","","","","","","","","","","","","","","","","","","","","","","","","",16.9,1,15.7,1,"","","","","","","","","","","","","","","","","","","","","","","","","","",96,1,"","","","","","","","","","","","",18.4,1,1010.7,1,"","","","","","",8,1,8,1,5,1,"","","","","","","","","","","","","","","","","","","","","","","","","","","","",5000,1,"","",2,1,2,1,"","","","","","","","","","",2,1,"","","","","","","","","","","","","","","","","","","","","","","","","","","","","","","","","","","","","","","","","","","","","","","","","","","","","",""
"33236002","CAP-FERRET",44.630667,-1.252,8,1977053021,"","","","",7.,1,200,1,"","","","","","","","","","","","","","","","","","","","","","","","","","","","",16.5,1,15.4,1,"","","","","","","","","","","","","","","","","","","","","","","","","","",96,1,"","","","","","","","","","","","",18.,1,1012.1,1,"","","","","","",8,1,8,1,9,1,"","","","","","","","","","","","","","","","","","","","","","","","","","","","",5000,1,"","",95,1,2,1,"","","","","","","","","","",2,1,"","","","","","","","","","","","","","","","","","","","","","","","","","","","","","","","","","","","","","","","","","","","","","","","","","","","","",""
"33236002","CAP-FERRET",44.630667,-1.252,8,1977053100,"","","","","","","","","","","","","","","","","","","","","","","","","","","","","","","","","","","","","","","","","","","","","","","","","","","","","","","","","","","","","","","","","","","","","","","","","","","","","","","","","","",1012.,1,"","","","","","","","","","","","","","","","","","","","","","","","","","","","","","","","","","","","","","","","","","","","","","","","","","","","","","","","","","","","","","","","","","","","","","","","","","","","","","","","","","","","","","","","","","","","","","","","","","","","","","","","","","","","","","","","","",""
"33236002","CAP-FERRET",44.630667,-1.252,8,1977053103,"","","","",3.,1,40,1,"","","","","","","","","","","","","","","","","","","","","","","","","","","","",14.8,1,14.8,1,"","","","","","","","","","","","","","","","","","","","","","","","","","",100,1,"","","","","","","","","","","","",16.8,1,1010.5,1,"","","","","","",8,1,5,1,8,1,7,1,"","","","","","","","","","","","","","","","","","","","","","","","","","",6000,1,"","",80,1,"","","","","","","","","","","","",2,1,"","","","","","","","","","","","","","","","","","","","","","","","","","","","","","","","","","","","","","","","","","","","","","","","","","","","","",""
"33236002","CAP-FERRET",44.630667,-1.252,8,1977053106,"","","","",7.,1,60,1,"","","","","","","","","","","","","","","","","","","","","","","","","","","","",14.2,1,14.2,1,"","","","","","","","","","","","","","","","","","","","","","","","","","",100,1,"","","","","","","","","","","","",16.2,1,1011.5,1,"","","","","","",8,1,8,1,9,1,7,1,"","","","","","","","","","","","","","","","","","","","","","","","","","",8000,1,"","",16,1,8,1,"","","","","","","","","","",2,1,"","","","","","","","","","","","","","","","","","","","","","","","","","","","","","","","","","","","","","","","","","","","","","","","","","","","","",""
"33236002","CAP-FERRET",44.630667,-1.252,8,1977053109,"","","","",3.,1,80,1,"","","","","","","","","","","","","","","","","","","","","","","","","","","","",15.,1,14.3,1,"","","","","","","","","","","","","","","","","","","","","","","","","","",98,1,"","","","","","","","","","","","",16.7,1,1012.1,1,"","","","","","",8,1,5,1,5,1,7,1,"","","","","","","","","","","","","","","","","","","","","","","","","","",8000,1,"","",2,1,8,1,"","","","","","","","","","",2,1,"","","","","","","","","","","","","","","","","","","","","","","","","","","","","","","","","","","","","","","","","","","","","","","","","","","","","",""
"33236002","CAP-FERRET",44.630667,-1.252,8,1977053112,"","","","",5.,1,60,1,"","","","","","","","","","","","","","","","","","","","","","","","","","","","",17.8,1,15.1,1,"","","","","","","","","","","","","","","","","","","","","","","","","","",87,1,"","","","","","","","","","","","",17.7,1,1012.6,1,"","","","","","",8,1,8,1,5,1,"","","","","","","","","","","","","","","","","","","","","","","","","","","","",9000,1,"","",1,1,8,1,"","","","","","","","","","",2,1,"","","","","","","","","","","","","","","","","","","","","","","","","","","","","","","","","","","","","","","","","","","","","","","","","","","","","",""
"33236002","CAP-FERRET",44.630667,-1.252,8,1977053115,"","","","",2.,1,360,1,"","","","","","","","","","","","","","","","","","","","","","","","","","","","",20.6,1,17.2,1,"","","","","","","","","","","","","","","","","","","","","","","","","","",83,1,"","","","","","","","","","","","",20.3,1,1011.5,1,"","","","","","",7,1,0,1,5,1,6,1,3,1,"","","","","","","","","","","","","","","","","","","","","","","","",10000,1,"","",1,1,2,1,"","","","","","","","","","",2,1,"","","","","","","","","","","","","","","","","","","","","","","","","","","","","","","","","","","","","","","","","","","","","","","","","","","","","",""
"33236002","CAP-FERRET",44.630667,-1.252,8,1977053118,"","","","",3.,1,20,1,"","","","","","","","","","","","","","","","","","","","","","","","","","","","",18.2,1,16.4,1,"","","","","","","","","","","","","","","","","","","","","","","","","","",92,1,"","","","","","","","","","","","",19.2,1,1011.5,1,"","","","","","",8,1,8,1,9,1,"","","","","","","","","","","","","","","","","","","","","","","","","","","","",12000,1,"","",17,1,2,1,"","","","","","","","","","",2,1,"","","","","","","","","","","","","","","","","","","","","","","","","","","","","","","","","","","","","","","","","","","","","","","","","","","","","",""
"33236002","CAP-FERRET",44.630667,-1.252,8,1977053121,"","","","",6.,1,80,1,"","","","","","","","","","","","","","","","","","","","","","","","","","","","",17.,1,15.2,1,"","","","","","","","","","","","","","","","","","","","","","","","","","",91,1,"","","","","","","","","","","","",17.8,1,1012.5,1,"","","","","","",8,1,8,1,9,1,"","","","","","","","","","","","","","","","","","","","","","","","","","","","",9000,1,"","",95,1,9,1,"","","","","","","","","","",2,1,"","","","","","","","","","","","","","","","","","","","","","","","","","","","","","","","","","","","","","","","","","","","","","","","","","","","","",""
"33236002","CAP-FERRET",44.630667,-1.252,8,1977060100,"","","","","","","","","","","","","","","","","","","","","","","","","","","","","","","","","","","","","","","","","","","","","","","","","","","","","","","","","","","","","","","","","","","","","","","","","","","","","","","","","","",1012.8,1,"","","","","","","","","","","","","","","","","","","","","","","","","","","","","","","","","","","","","","","","","","","","","","","","","","","","","","","","","","","","","","","","","","","","","","","","","","","","","","","","","","","","","","","","","","","","","","","","","","","","","","","","","","","","","","","","","",""
"33236002","CAP-FERRET",44.630667,-1.252,8,1977060103,"","","","",1.,1,80,1,"","","","","","","","","","","","","","","","","","","","","","","","","","","","",14.,1,14.,1,"","","","","","","","","","","","","","","","","","","","","","","","","","",100,1,"","","","","","","","","","","","",16.,1,1012.8,1,"","","","","","",6,1,6,1,0,1,2,1,0,1,"","","","","","","","","","","","","","","","","","","","","","","","",10000,1,"","",0,1,"","","","","","","","","","","","","","","","","","","","","","","","","","","","","","","","","","","","","","","","","","","","","","","","","","","","","","","","","","","","","","","","","","","",""
"33236002","CAP-FERRET",44.630667,-1.252,8,1977060106,"","","","",1.,1,80,1,"","","","","","","","","","","","","","","","","","","","","","","","","","","","",14.,1,14.,1,"","","","","","","","","","","","","","","","","","","","","","","","","","",100,1,"","","","","","","","","","","","",16.,1,1013.5,1,"","","","","","",8,1,8,1,5,1,"","","","","","","","","","","","","","","","","","","","","","","","","","","","",8000,1,"","",2,1,"","","","","","","","","","","","",2,1,"","","","","","","","","","","","","","","","","","","","","","","","","","","","","","","","","","","","","","","","","","","","","","","","","","","","","",""
"33236002","CAP-FERRET",44.630667,-1.252,8,1977060109,"","","","",3.,1,60,1,"","","","","","","","","","","","","","","","","","","","","","","","","","","","",14.2,1,14.2,1,"","","","","","","","","","","","","","","","","","","","","","","","","","",100,1,"","","","","","","","","","","","",16.2,1,1014.3,1,"","","","","","",8,1,8,1,5,1,"","","","","","","","","","","","","","","","","","","","","","","","","","","","",10000,1,"","",2,1,2,1,"","","","","","","","","","","","","","","","","","","","","","","","","","","","","","","","","","","","","","","","","","","","","","","","","","","","","","","","","","","","","","","","","",""
"33236002","CAP-FERRET",44.630667,-1.252,8,1977060112,"","","","",1.,1,120,1,"","","","","","","","","","","","","","","","","","","","","","","","","","","","",18.7,1,15.4,1,"","","","","","","","","","","","","","","","","","","","","","","","","","",84,1,"","","","","","","","","","","","",18.,1,1014.9,1,"","","","","","",8,1,8,1,8,1,"","","","","","","","","","","","","","","","","","","","","","","","","","","","",10000,1,"","",2,1,2,1,"","","","","","","","","","",3,1,"","","","","","","","","","","","","","","","","","","","","","","","","","","","","","","","","","","","","","","","","","","","","","","","","","","","","",""
"33236002","CAP-FERRET",44.630667,-1.252,8,1977060115,"","","","",1.,1,340,1,"","","","","","","","","","","","","","","","","","","","","","","","","","","","",20.,1,16.9,1,"","","","","","","","","","","","","","","","","","","","","","","","","","",85,1,"","","","","","","","","","","","",19.9,1,1014.4,1,"","","","","","",7,1,7,1,2,1,0,1,2,1,"","","","","","","","","","","","","","","","","","","","","","","","",10000,1,"","",2,1,2,1,"","","","","","","","","","","","","","","","","","","","","","","","","","","","","","","","","","","","","","","","","","","","","","","","","","","","","","","","","","","","","","","","","",""
"33236002","CAP-FERRET",44.630667,-1.252,8,1977060118,"","","","",5.,1,60,1,"","","","","","","","","","","","","","","","","","","","","","","","","","","","",20.,1,16.2,1,"","","","","","","","","","","","","","","","","","","","","","","","","","",82,1,"","","","","","","","","","","","",19.,1,1014.,1,"","","","","","",5,1,5,1,2,1,0,1,0,1,"","","","","","","","","","","","","","","","","","","","","","","","",10000,1,"","",2,1,2,1,"","","","","","","","","","",2,1,"","","","","","","","","","","","","","","","","","","","","","","","","","","","","","","","","","","","","","","","","","","","","","","","","","","","","",""
"33236002","CAP-FERRET",44.630667,-1.252,8,1977060121,"","","","",6.,1,60,1,"","","","","","","","","","","","","","","","","","","","","","","","","","","","",17.2,1,14.7,1,"","","","","","","","","","","","","","","","","","","","","","","","","","",88,1,"","","","","","","","","","","","",17.2,1,1015.4,1,"","","","","","",7,1,7,1,0,1,3,1,2,1,"","","","","","","","","","","","","","","","","","","","","","","","",15000,1,"","",2,1,2,1,"","","","","","","","","","","","","","","","","","","","","","","","","","","","","","","","","","","","","","","","","","","","","","","","","","","","","","","","","","","","","","","","","",""
"33236002","CAP-FERRET",44.630667,-1.252,8,1977060200,"","","","","","","","","","","","","","","","","","","","","","","","","","","","","","","","","","","","","","","","","","","","","","","","","","","","","","","","","","","","","","","","","","","","","","","","","","","","","","","","","","",1015.,1,"","","","","","","","","","","","","","","","","","","","","","","","","","","","","","","","","","","","","","","","","","","","","","","","","","","","","","","","","","","","","","","","","","","","","","","","","","","","","","","","","","","","","","","","","","","","","","","","","","","","","","","","","","","","","","","","","",""
"33236002","CAP-FERRET",44.630667,-1.252,8,1977060203,"","","","",5.,1,80,1,"","","","","","","","","","","","","","","","","","","","","","","","","","","","",13.8,1,10.9,1,"","","","","","","","","","","","","","","","","","","","","","","","","","",84,1,"","","","","","","","","","","","",13.3,1,1015.3,1,"","","","","","",4,1,0,1,1,1,0,1,2,1,"","","","","","","","","","","","","","","","","","","","","","","","",10000,1,"","",0,1,"","","","","","","","","","","","",2,1,"","","","","","","","","","","","","","","","","","","","","","","","","","","","","","","","","","","","","","","","","","","","","","","","","","","","","",""
"33236002","CAP-FERRET",44.630667,-1.252,8,1977060206,"","","","",6.,1,80,1,"","","","","","","","","","","","","","","","","","","","","","","","","","","","",13.4,1,10.8,1,"","","","","","","","","","","","","","","","","","","","","","","","","","",86,1,"","","","","","","","","","","","",13.2,1,1015.7,1,"","","","","","",4,1,0,1,5,1,0,1,2,1,"","","","","","","","","","","","","","","","","","","","","","","","",12000,1,"","",2,1,0,1,"","","","","","","","","","",2,1,"","","","","","","","","","","","","","","","","","","","","","","","","","","","","","","","","","","","","","","","","","","","","","","","","","","","","",""
"33236002","CAP-FERRET",44.630667,-1.252,8,1977060209,"","","","",3.,1,80,1,"","","","","","","","","","","","","","","","","","","","","","","","","","","","",18.4,1,11.,1,"","","","","","","","","","","","","","","","","","","","","","","","","","",63,1,"","","","","","","","","","","","",13.4,1,1016.5,1,"","","","","","",4,1,0,1,5,1,0,1,2,1,"","","","","","","","","","","","","","","","","","","","","","","","",18000,1,"","",2,1,0,1,"","","","","","","","","","",2,1,"","","","","","","","","","","","","","","","","","","","","","","","","","","","","","","","","","","","","","","","","","","","","","","","","","","","","",""
"33236002","CAP-FERRET",44.630667,-1.252,8,1977060212,"","","","",5.,1,360,1,"","","","","","","","","","","","","","","","","","","","","","","","","","","","",19.8,1,12.5,1,"","","","","","","","","","","","","","","","","","","","","","","","","","",64,1,"","","","","","","","","","","","",14.8,1,1016.5,1,"","","","","","",2,1,0,1,1,1,0,1,0,1,"","","","","","","","","","","","","","","","","","","","","","","","",18000,1,"","",2,1,0,1,"","","","","","","","","","",2,1,"","","","","","","","","","","","","","","","","","","","","","","","","","","","","","","","","","","","","","","","","","","","","","","","","","","","","",""
"33236002","CAP-FERRET",44.630667,-1.252,8,1977060215,"","","","",6.,1,360,1,"","","","","","","","","","","","","","","","","","","","","","","","","","","","",23.4,1,14.7,1,"","","","","","","","","","","","","","","","","","","","","","","","","","",60,1,"","","","","","","","","","","","",17.2,1,1016.1,1,"","","","","","",2,1,0,1,2,1,0,1,0,1,"","","","","","","","","","","","","","","","","","","","","","","","",18000,1,"","",2,1,0,1,"","","","","","","","","","",2,1,"","","","","","","","","","","","","","","","","","","","","","","","","","","","","","","","","","","","","","","","","","","","","","","","","","","","","",""
"33236002","CAP-FERRET",44.630667,-1.252,8,1977060218,"","","","",5.,1,40,1,"","","","","","","","","","","","","","","","","","","","","","","","","","","","",21.8,1,12.1,1,"","","","","","","","","","","","","","","","","","","","","","","","","","",55,1,"","","","","","","","","","","","",14.4,1,1015.9,1,"","","","","","",3,1,0,1,2,1,0,1,0,1,"","","","","","","","","","","","","","","","","","","","","","","","",15000,1,"","",3,1,0,1,"","","","","","","","","","",2,1,"","","","","","","","","","","","","","","","","","","","","","","","","","","","","","","","","","","","","","","","","","","","","","","","","","","","","",""
"33236002","CAP-FERRET",44.630667,-1.252,8,1977060221,"","","","",3.,1,60,1,"","","","","","","","","","","","","","","","","","","","","","","","","","","","",18.,1,14.6,1,"","","","","","","","","","","","","","","","","","","","","","","","","","",85,1,"","","","","","","","","","","","",17.1,1,1017.5,1,"","","","","","",3,1,0,1,5,1,0,1,0,1,"","","","","","","","","","","","","","","","","","","","","","","","",10000,1,"","",2,1,0,1,"","","","","","","","","","",2,1,"","","","","","","","","","","","","","","","","","","","","","","","","","","","","","","","","","","","","","","","","","","","","","","","","","","","","",""
"33236002","CAP-FERRET",44.630667,-1.252,8,1977060300,"","","","","","","","","","","","","","","","","","","","","","","","","","","","","","","","","","","","","","","","","","","","","","","","","","","","","","","","","","","","","","","","","","","","","","","","","","","","","","","","","","",1017.9,1,"","","","","","","","","","","","","","","","","","","","","","","","","","","","","","","","","","","","","","","","","","","","","","","","","","","","","","","","","","","","","","","","","","","","","","","","","","","","","","","","","","","","","","","","","","","","","","","","","","","","","","","","","","","","","","","","","",""
"33236002","CAP-FERRET",44.630667,-1.252,8,1977060303,"","","","",5.,1,60,1,"","","","","","","","","","","","","","","","","","","","","","","","","","","","",13.8,1,11.6,1,"","","","","","","","","","","","","","","","","","","","","","","","","","",89,1,"","","","","","","","","","","","",14.,1,1017.9,1,"","","","","","",0,1,"","",0,1,0,1,0,1,"","","","","","","","","","","","","","","","","","","","","","","","",10000,1,"","",0,1,"","","","","","","","","","","","",2,1,"","","","","","","","","","","","","","","","","","","","","","","","","","","","","","","","","","","","","","","","","","","","","","","","","","","","","",""
"33236002","CAP-FERRET",44.630667,-1.252,8,1977060306,"","","","",6.,1,80,1,"","","","","","","","","","","","","","","","","","","","","","","","","","","","",13.3,1,11.4,1,"","","","","","","","","","","","","","","","","","","","","","","","","","",91,1,"","","","","","","","","","","","",13.8,1,1018.3,1,"","","","","","",0,1,"","",0,1,0,1,0,1,"","","","","","","","","","","","","","","","","","","","","","","","",10000,1,"","",2,1,"","","","","","","","","","","","",2,1,"","","","","","","","","","","","","","","","","","","","","","","","","","","","","","","","","","","","","","","","","","","","","","","","","","","","","",""
"33236002","CAP-FERRET",44.630667,-1.252,8,1977060309,"","","","",3.,1,40,1,"","","","","","","","","","","","","","","","","","","","","","","","","","","","",17.6,1,13.7,1,"","","","","","","","","","","","","","","","","","","","","","","","","","",80,1,"","","","","","","","","","","","",16.1,1,1018.7,1,"","","","","","",2,1,0,1,0,1,0,1,2,1,"","","","","","","","","","","","","","","","","","","","","","","","",12000,1,"","",2,1,0,1,"","","","","","","","","","",2,1,"","","","","","","","","","","","","","","","","","","","","","","","","","","","","","","","","","","","","","","","","","","","","","","","","","","","","",""
"33236002","CAP-FERRET",44.630667,-1.252,8,1977060312,"","","","",7.,1,340,1,"","","","","","","","","","","","","","","","","","","","","","","","","","","","",19.4,1,16.5,1,"","","","","","","","","","","","","","","","","","","","","","","","","","",86,1,"","","","","","","","","","","","",19.3,1,1018.7,1,"","","","","","",3,1,0,1,2,1,0,1,2,1,"","","","","","","","","","","","","","","","","","","","","","","","",8000,1,"","",2,1,0,1,"","","","","","","","","","",2,1,"","","","","","","","","","","","","","","","","","","","","","","","","","","","","","","","","","","","","","","","","","","","","","","","","","","","","",""
"33236002","CAP-FERRET",44.630667,-1.252,8,1977060315,"","","","",8.,1,360,1,"","","","","","","","","","","","","","","","","","","","","","","","","","","","",19.9,1,16.6,1,"","","","","","","","","","","","","","","","","","","","","","","","","","",84,1,"","","","","","","","","","","","",19.5,1,1018.3,1,"","","","","","",7,1,7,1,0,1,0,1,2,1,"","","","","","","","","","","","","","","","","","","","","","","","",7000,1,"","",2,1,1,1,"","","","","","","","","","",3,1,"","","","","","","","","","","","","","","","","","","","","","","","","","","","","","","","","","","","","","","","","","","","","","","","","","","","","",""
"33236002","CAP-FERRET",44.630667,-1.252,8,1977060318,"","","","",6.,1,20,1,"","","","","","","","","","","","","","","","","","","","","","","","","","","","",18.6,1,15.8,1,"","","","","","","","","","","","","","","","","","","","","","","","","","",86,1,"","","","","","","","","","","","",18.5,1,1018.4,1,"","","","","","",6,1,0,1,0,1,8,1,2,1,"","","","","","","","","","","","","","","","","","","","","","","","",7000,1,"","",2,1,1,1,"","","","","","","","","","",3,1,"","","","","","","","","","","","","","","","","","","","","","","","","","","","","","","","","","","","","","","","","","","","","","","","","","","","","",""
"33236002","CAP-FERRET",44.630667,-1.252,8,1977060321,"","","","",5.,1,360,1,"","","","","","","","","","","","","","","","","","","","","","","","","","","","",15.4,1,14.3,1,"","","","","","","","","","","","","","","","","","","","","","","","","","",96,1,"","","","","","","","","","","","",16.7,1,1019.3,1,"","","","","","",0,1,"","",0,1,0,1,0,1,"","","","","","","","","","","","","","","","","","","","","","","","",5000,1,"","",2,1,1,1,"","","","","","","","","","",2,1,"","","","","","","","","","","","","","","","","","","","","","","","","","","","","","","","","","","","","","","","","","","","","","","","","","","","","",""
"33236002","CAP-FERRET",44.630667,-1.252,8,1977060400,"","","","","","","","","","","","","","","","","","","","","","","","","","","","","","","","","","","","","","","","","","","","","","","","","","","","","","","","","","","","","","","","","","","","","","","","","","","","","","","","","","",1019.9,1,"","","","","","","","","","","","","","","","","","","","","","","","","","","","","","","","","","","","","","","","","","","","","","","","","","","","","","","","","","","","","","","","","","","","","","","","","","","","","","","","","","","","","","","","","","","","","","","","","","","","","","","","","","","","","","","","","",""
"33236002","CAP-FERRET",44.630667,-1.252,8,1977060403,"","","","",4.,1,40,1,"","","","","","","","","","","","","","","","","","","","","","","","","","","","",13.8,1,12.,1,"","","","","","","","","","","","","","","","","","","","","","","","","","",91,1,"","","","","","","","","","","","",14.3,1,1020.1,1,"","","","","","",3,1,0,1,5,1,0,1,2,1,"","","","","","","","","","","","","","","","","","","","","","","","",9000,1,"","",0,1,"","","","","","","","","","","","",2,1,"","","","","","","","","","","","","","","","","","","","","","","","","","","","","","","","","","","","","","","","","","","","","","","","","","","","","",""
"33236002","CAP-FERRET",44.630667,-1.252,8,1977060406,"","","","",6.,1,60,1,"","","","","","","","","","","","","","","","","","","","","","","","","","","","",14.,1,12.6,1,"","","","","","","","","","","","","","","","","","","","","","","","","","",93,1,"","","","","","","","","","","","",14.9,1,1021.1,1,"","","","","","",4,1,0,1,5,1,0,1,0,1,"","","","","","","","","","","","","","","","","","","","","","","","",9000,1,"","",3,1,0,1,"","","","","","","","","","",2,1,"","","","","","","","","","","","","","","","","","","","","","","","","","","","","","","","","","","","","","","","","","","","","","","","","","","","","",""
"33236002","CAP-FERRET",44.630667,-1.252,8,1977060409,"","","","",1.,1,60,1,"","","","","","","","","","","","","","","","","","","","","","","","","","","","",16.8,1,14.,1,"","","","","","","","","","","","","","","","","","","","","","","","","","",86,1,"","","","","","","","","","","","",16.4,1,1021.5,1,"","","","","","",6,1,6,1,8,1,0,1,0,1,"","","","","","","","","","","","","","","","","","","","","","","","",11000,1,"","",3,1,1,1,"","","","","","","","","","",2,1,"","","","","","","","","","","","","","","","","","","","","","","","","","","","","","","","","","","","","","","","","","","","","","","","","","","","","",""
"33236002","CAP-FERRET",44.630667,-1.252,8,1977060412,"","","","",7.,1,360,1,"","","","","","","","","","","","","","","","","","","","","","","","","","","","",20.,1,16.2,1,"","","","","","","","","","","","","","","","","","","","","","","","","","",81,1,"","","","","","","","","","","","",19.,1,1021.7,1,"","","","","","",0,1,"","",0,1,0,1,0,1,"","","","","","","","","","","","","","","","","","","","","","","","",15000,1,"","",1,1,1,1,"","","","","","","","","","",2,1,"","","","","","","","","","","","","","","","","","","","","","","","","","","","","","","","","","","","","","","","","","","","","","","","","","","","","",""
"33236002","CAP-FERRET",44.630667,-1.252,8,1977060415,"","","","",8.,1,340,1,"","","","","","","","","","","","","","","","","","","","","","","","","","","","",19.4,1,14.3,1,"","","","","","","","","","","","","","","","","","","","","","","","","","",74,1,"","","","","","","","","","","","",16.7,1,1021.5,1,"","","","","","",0,1,"","",0,1,0,1,0,1,"","","","","","","","","","","","","","","","","","","","","","","","",9000,1,"","",2,1,0,1,"","","","","","","","","","",3,1,"","","","","","","","","","","","","","","","","","","","","","","","","","","","","","","","","","","","","","","","","","","","","","","","","","","","","",""
"33236002","CAP-FERRET",44.630667,-1.252,8,1977060418,"","","","",7.,1,340,1,"","","","","","","","","","","","","","","","","","","","","","","","","","","","",17.8,1,12.5,1,"","","","","","","","","","","","","","","","","","","","","","","","","","",73,1,"","","","","","","","","","","","",14.8,1,1020.7,1,"","","","","","",0,1,"","",0,1,0,1,0,1,"","","","","","","","","","","","","","","","","","","","","","","","",5000,1,"","",2,1,0,1,"","","","","","","","","","",2,1,"","","","","","","","","","","","","","","","","","","","","","","","","","","","","","","","","","","","","","","","","","","","","","","","","","","","","",""
"33236002","CAP-FERRET",44.630667,-1.252,8,1977060421,"","","","",4.,1,320,1,"","","","","","","","","","","","","","","","","","","","","","","","","","","","",14.8,1,14.,1,"","","","","","","","","","","","","","","","","","","","","","","","","","",98,1,"","","","","","","","","","","","",16.4,1,1021.1,1,"","","","","","",0,1,"","",0,1,0,1,0,1,"","","","","","","","","","","","","","","","","","","","","","","","",5000,1,"","",2,1,0,1,"","","","","","","","","","",2,1,"","","","","","","","","","","","","","","","","","","","","","","","","","","","","","","","","","","","","","","","","","","","","","","","","","","","","",""
"33236002","CAP-FERRET",44.630667,-1.252,8,1977060500,"","","","","","","","","","","","","","","","","","","","","","","","","","","","","","","","","","","","","","","","","","","","","","","","","","","","","","","","","","","","","","","","","","","","","","","","","","","","","","","","","","",1020.5,1,"","","","","","","","","","","","","","","","","","","","","","","","","","","","","","","","","","","","","","","","","","","","","","","","","","","","","","","","","","","","","","","","","","","","","","","","","","","","","","","","","","","","","","","","","","","","","","","","","","","","","","","","","","","","","","","","","",""
"33236002","CAP-FERRET",44.630667,-1.252,8,1977060503,"","","","",4.,1,280,1,"","","","","","","","","","","","","","","","","","","","","","","","","","","","",14.9,1,14.9,1,"","","","","","","","","","","","","","","","","","","","","","","","","","",100,1,"","","","","","","","","","","","",16.9,1,1019.8,1,"","","","","","",6,1,6,1,5,1,0,1,0,1,"","","","","","","","","","","","","","","","","","","","","","","","",5000,1,"","",0,1,"","","","","","","","","","","","",2,1,"","","","","","","","","","","","","","","","","","","","","","","","","","","","","","","","","","","","","","","","","","","","","","","","","","","","","",""
"33236002","CAP-FERRET",44.630667,-1.252,8,1977060506,"","","","",5.,1,260,1,"","","","","","","","","","","","","","","","","","","","","","","","","","","","",14.8,1,14.8,1,"","","","","","","","","","","","","","","","","","","","","","","","","","",100,1,"","","","","","","","","","","","",16.8,1,1019.2,1,"","","","","","",3,1,0,1,5,1,0,1,0,1,"","","","","","","","","","","","","","","","","","","","","","","","",3000,1,"","",10,1,"","","","","","","","","","","","",2,1,"","","","","","","","","","","","","","","","","","","","","","","","","","","","","","","","","","","","","","","","","","","","","","","","","","","","","",""
"33236002","CAP-FERRET",44.630667,-1.252,8,1977060509,"","","","",5.,1,260,1,"","","","","","","","","","","","","","","","","","","","","","","","","","","","",17.6,1,14.8,1,"","","","","","","","","","","","","","","","","","","","","","","","","","",86,1,"","","","","","","","","","","","",17.3,1,1019.3,1,"","","","","","",6,1,6,1,5,1,0,1,0,1,"","","","","","","","","","","","","","","","","","","","","","","","",7000,1,"","",2,1,1,1,"","","","","","","","","","",2,1,"","","","","","","","","","","","","","","","","","","","","","","","","","","","","","","","","","","","","","","","","","","","","","","","","","","","","",""
"33236002","CAP-FERRET",44.630667,-1.252,8,1977060512,"","","","",5.,1,260,1,"","","","","","","","","","","","","","","","","","","","","","","","","","","","",17.5,1,15.7,1,"","","","","","","","","","","","","","","","","","","","","","","","","","",92,1,"","","","","","","","","","","","",18.4,1,1018.7,1,"","","","","","",7,1,7,1,5,1,"","","","","","","","","","","","","","","","","","","","","","","","","","","","",7000,1,"","",2,1,1,1,"","","","","","","","","","",2,1,"","","","","","","","","","","","","","","","","","","","","","","","","","","","","","","","","","","","","","","","","","","","","","","","","","","","","",""
"33236002","CAP-FERRET",44.630667,-1.252,8,1977060515,"","","","",7.,1,320,1,"","","","","","","","","","","","","","","","","","","","","","","","","","","","",19.2,1,16.5,1,"","","","","","","","","","","","","","","","","","","","","","","","","","",87,1,"","","","","","","","","","","","",19.3,1,1018.,1,"","","","","","",6,1,6,1,2,1,0,1,0,1,"","","","","","","","","","","","","","","","","","","","","","","","",9000,1,"","",2,1,2,1,"","","","","","","","","","",2,1,"","","","","","","","","","","","","","","","","","","","","","","","","","","","","","","","","","","","","","","","","","","","","","","","","","","","","",""
"33236002","CAP-FERRET",44.630667,-1.252,8,1977060518,"","","","",7.,1,320,1,"","","","","","","","","","","","","","","","","","","","","","","","","","","","",16.,1,13.7,1,"","","","","","","","","","","","","","","","","","","","","","","","","","",89,1,"","","","","","","","","","","","",16.1,1,1017.5,1,"","","","","","",6,1,6,1,2,1,0,1,0,1,"","","","","","","","","","","","","","","","","","","","","","","","",8000,1,"","",2,1,2,1,"","","","","","","","","","",2,1,"","","","","","","","","","","","","","","","","","","","","","","","","","","","","","","","","","","","","","","","","","","","","","","","","","","","","",""
"33236002","CAP-FERRET",44.630667,-1.252,8,1977060521,"","","","",7.,1,320,1,"","","","","","","","","","","","","","","","","","","","","","","","","","","","",13.7,1,11.5,1,"","","","","","","","","","","","","","","","","","","","","","","","","","",88,1,"","","","","","","","","","","","",13.9,1,1017.5,1,"","","","","","",7,1,7,1,5,1,"","","","","","","","","","","","","","","","","","","","","","","","","","","","",10000,1,"","",2,1,2,1,"","","","","","","","","","",2,1,"","","","","","","","","","","","","","","","","","","","","","","","","","","","","","","","","","","","","","","","","","","","","","","","","","","","","",""
"33236002","CAP-FERRET",44.630667,-1.252,8,1977060600,"","","","","","","","","","","","","","","","","","","","","","","","","","","","","","","","","","","","","","","","","","","","","","","","","","","","","","","","","","","","","","","","","","","","","","","","","","","","","","","","","","",1016.5,1,"","","","","","","","","","","","","","","","","","","","","","","","","","","","","","","","","","","","","","","","","","","","","","","","","","","","","","","","","","","","","","","","","","","","","","","","","","","","","","","","","","","","","","","","","","","","","","","","","","","","","","","","","","","","","","","","","",""
"33236002","CAP-FERRET",44.630667,-1.252,8,1977060603,"","","","",9.,1,280,1,"","","","","","","","","","","","","","","","","","","","","","","","","","","","","","",12.9,1,"","","","","","","","","","","","","","","","","","","","","","","","","","",98,1,"","","","","","","","","","","","",15.2,1,1015.5,1,"","","","","","",7,1,7,1,5,1,"","","","","","","","","","","","","","","","","","","","","","","","","","","","",10000,1,"","",0,1,"","","","","","","","","","","","",3,1,"","","","","","","","","","","","","","","","","","","","","","","","","","","","","","","","","","","","","","","","","","","","","","","","","","","","","",""
"33236002","CAP-FERRET",44.630667,-1.252,8,1977060606,"","","","",8.,1,280,1,"","","","","","","","","","","","","","","","","","","","","","","","","","","","",13.8,1,13.8,1,"","","","","","","","","","","","","","","","","","","","","","","","","","",100,1,"","","","","","","","","","","","",15.8,1,1015.5,1,"","","","","","",8,1,5,1,8,1,7,1,"","","","","","","","","","","","","","","","","","","","","","","","","","",10000,1,"","",2,1,8,1,"","","","","","","","","","",3,1,"","","","","","","","","","","","","","","","","","","","","","","","","","","","","","","","","","","","","","","","","","","","","","","","","","","","","",""
"33236002","CAP-FERRET",44.630667,-1.252,8,1977060609,"","","","",5.,1,280,1,"","","","","","","","","","","","","","","","","","","","","","","","","","","","",15.,1,14.3,1,"","","","","","","","","","","","","","","","","","","","","","","","","","",97,1,"","","","","","","","","","","","",16.7,1,1015.3,1,"","","","","","",8,1,5,1,8,1,7,1,"","","","","","","","","","","","","","","","","","","","","","","","","","",18000,1,"","",15,1,2,1,"","","","","","","","","","",3,1,"","","","","","","","","","","","","","","","","","","","","","","","","","","","","","","","","","","","","","","","","","","","","","","","","","","","","",""
"33236002","CAP-FERRET",44.630667,-1.252,8,1977060612,"","","","",9.,1,260,1,"","","","","","","","","","","","","","","","","","","","","","","","","","","","",14.2,1,14.2,1,"","","","","","","","","","","","","","","","","","","","","","","","","","",100,1,"","","","","","","","","","","","",16.2,1,1015.1,1,"","","","","","",8,1,8,1,6,1,"","","","","","","","","","","","","","","","","","","","","","","","","","","","",3000,1,"","",51,1,5,1,"","","","","","","","","","",3,1,"","","","","","","","","","","","","","","","","","","","","","","","","","","","","","","","","","","","","","","","","","","","","","","","","","","","","",""
"33236002","CAP-FERRET",44.630667,-1.252,8,1977060615,"","","","",8.,1,260,1,"","","","","","","","","","","","","","","","","","","","","","","","","","","","",14.,1,14.,1,"","","","","","","","","","","","","","","","","","","","","","","","","","",100,1,"","","","","","","","","","","","",16.,1,1013.9,1,"","","","","","",8,1,6,1,8,1,7,1,"","","","","","","","","","","","","","","","","","","","","","","","","","",12000,1,"","",15,1,6,1,"","","","","","","","","","",3,1,"","","","","","","","","","","","","","","","","","","","","","","","","","","","","","","","","","","","","","","","","","","","","","","","","","","","","",""
"33236002","CAP-FERRET",44.630667,-1.252,8,1977060618,"","","","",7.,1,280,1,"","","","","","","","","","","","","","","","","","","","","","","","","","","","",15.,1,13.9,1,"","","","","","","","","","","","","","","","","","","","","","","","","","",96,1,"","","","","","","","","","","","",16.3,1,1012.5,1,"","","","","","",8,1,8,1,8,1,"","","","","","","","","","","","","","","","","","","","","","","","","","","","",18000,1,"","",2,1,6,1,"","","","","","","","","","",3,1,"","","","","","","","","","","","","","","","","","","","","","","","","","","","","","","","","","","","","","","","","","","","","","","","","","","","","",""
"33236002","CAP-FERRET",44.630667,-1.252,8,1977060621,"","","","",10.,1,260,1,"","","","","","","","","","","","","","","","","","","","","","","","","","","","",14.8,1,14.1,1,"","","","","","","","","","","","","","","","","","","","","","","","","","",98,1,"","","","","","","","","","","","",16.5,1,1012.3,1,"","","","","","",8,1,8,1,8,1,"","","","","","","","","","","","","","","","","","","","","","","","","","","","",16000,1,"","",2,1,2,1,"","","","","","","","","","",3,1,"","","","","","","","","","","","","","","","","","","","","","","","","","","","","","","","","","","","","","","","","","","","","","","","","","","","","",""
"33236002","CAP-FERRET",44.630667,-1.252,8,1977060700,"","","","","","","","","","","","","","","","","","","","","","","","","","","","","","","","","","","","","","","","","","","","","","","","","","","","","","","","","","","","","","","","","","","","","","","","","","","","","","","","","","",1010.9,1,"","","","","","","","","","","","","","","","","","","","","","","","","","","","","","","","","","","","","","","","","","","","","","","","","","","","","","","","","","","","","","","","","","","","","","","","","","","","","","","","","","","","","","","","","","","","","","","","","","","","","","","","","","","","","","","","","",""
"33236002","CAP-FERRET",44.630667,-1.252,8,1977060703,"","","","",10.,1,280,1,"","","","","","","","","","","","","","","","","","","","","","","","","","","","",14.2,1,12.6,1,"","","","","","","","","","","","","","","","","","","","","","","","","","",92,1,"","","","","","","","","","","","",14.9,1,1010.4,1,"","","","","","",8,1,8,1,8,1,"","","","","","","","","","","","","","","","","","","","","","","","","","","","",10000,1,"","",0,1,"","","","","","","","","","","","",3,1,270,1,"","","","","","","","","","","","","","","","","","","","","","","","","","","","","","","","","","","","","","","","","","","","","","","","","","","",""
"33236002","CAP-FERRET",44.630667,-1.252,8,1977060706,"","","","",12.,1,280,1,"","","","","","","","","","","","","","","","","","","","","","","","","","","","",14.5,1,13.2,1,"","","","","","","","","","","","","","","","","","","","","","","","","","",94,1,"","","","","","","","","","","","",15.6,1,1010.5,1,"","","","","","",7,1,5,1,8,1,"","","","","","","","","","","","","","","","","","","","","","","","","","","","",15000,1,"","",2,1,"","","","","","","","","","","","",4,1,270,1,"","","","","","","","","","","","","","","","","","","","","","","","","","","","","","","","","","","","","","","","","","","","","","","","","","","",""
"33236002","CAP-FERRET",44.630667,-1.252,8,1977060709,"","","","",10.,1,260,1,"","","","","","","","","","","","","","","","","","","","","","","","","","","","",16.4,1,14.8,1,"","","","","","","","","","","","","","","","","","","","","","","","","","",93,1,"","","","","","","","","","","","",17.3,1,1011.,1,"","","","","","",7,1,0,1,8,1,"","","","","","","","","","","","","","","","","","","","","","","","","","","","",12000,1,"","",2,1,2,1,"","","","","","","","","","",4,1,270,1,"","","","","","","","","","","","","","","","","","","","","","","","","","","","","","","","","","","","","","","","","","","","","","","","","","","",""
"33236002","CAP-FERRET",44.630667,-1.252,8,1977060712,"","","","",10.,1,260,1,"","","","","","","","","","","","","","","","","","","","","","","","","","","","",17.3,1,15.3,1,"","","","","","","","","","","","","","","","","","","","","","","","","","",91,1,"","","","","","","","","","","","",17.9,1,1011.4,1,"","","","","","",6,1,0,1,8,1,0,1,0,1,"","","","","","","","","","","","","","","","","","","","","","","","",12000,1,"","",2,1,2,1,"","","","","","","","","","",4,1,270,1,"","","","","","","","","","","","","","","","","","","","","","","","","","","","","","","","","","","","","","","","","","","","","","","","","","","",""
"33236002","CAP-FERRET",44.630667,-1.252,8,1977060715,"","","","",8.,1,260,1,"","","","","","","","","","","","","","","","","","","","","","","","","","","","",18.1,1,15.7,1,"","","","","","","","","","","","","","","","","","","","","","","","","","",88,1,"","","","","","","","","","","","",18.3,1,1011.2,1,"","","","","","",6,1,0,1,2,1,0,1,2,1,"","","","","","","","","","","","","","","","","","","","","","","","",12000,1,"","",2,1,2,1,"","","","","","","","","","",4,1,270,1,"","","","","","","","","","","","","","","","","","","","","","","","","","","","","","","","","","","","","","","","","","","","","","","","","","","",""
"33236002","CAP-FERRET",44.630667,-1.252,8,1977060718,"","","","",7.,1,260,1,"","","","","","","","","","","","","","","","","","","","","","","","","","","","",15.2,1,14.4,1,"","","","","","","","","","","","","","","","","","","","","","","","","","",98,1,"","","","","","","","","","","","",16.9,1,1011.2,1,"","","","","","",8,1,8,1,1,1,2,1,"","","","","","","","","","","","","","","","","","","","","","","","","","",9000,1,"","",2,1,2,1,"","","","","","","","","","",4,1,270,1,"","","","","","","","","","","","","","","","","","","","","","","","","","","","","","","","","","","","","","","","","","","","","","","","","","","",""
"33236002","CAP-FERRET",44.630667,-1.252,8,1977060721,"","","","",6.,1,240,1,"","","","","","","","","","","","","","","","","","","","","","","","","","","","",13.6,1,13.6,1,"","","","","","","","","","","","","","","","","","","","","","","","","","",100,1,"","","","","","","","","","","","",15.6,1,1011.5,1,"","","","","","",8,1,8,1,8,1,"","","","","","","","","","","","","","","","","","","","","","","","","","","","",9000,1,"","",2,1,6,1,"","","","","","","","","","",4,1,270,1,"","","","","","","","","","","","","","","","","","","","","","","","","","","","","","","","","","","","","","","","","","","","","","","","","","","",""
"33236002","CAP-FERRET",44.630667,-1.252,8,1977060800,"","","","","","","","","","","","","","","","","","","","","","","","","","","","","","","","","","","","","","","","","","","","","","","","","","","","","","","","","","","","","","","","","","","","","","","","","","","","","","","","","","",1010.4,1,"","","","","","","","","","","","","","","","","","","","","","","","","","","","","","","","","","","","","","","","","","","","","","","","","","","","","","","","","","","","","","","","","","","","","","","","","","","","","","","","","","","","","","","","","","","","","","","","","","","","","","","","","","","","","","","","","",""
"33236002","CAP-FERRET",44.630667,-1.252,8,1977060803,"","","","",2.,1,200,1,"","","","","","","","","","","","","","","","","","","","","","","","","","","","",13.8,1,13.8,1,"","","","","","","","","","","","","","","","","","","","","","","","","","",100,1,"","","","","","","","","","","","",15.8,1,1010.4,1,"","","","","","",8,1,8,1,5,1,"","","","","","","","","","","","","","","","","","","","","","","","","","","","",6000,1,"","",0,1,"","","","","","","","","","","","",4,1,"","","","","","","","","","","","","","","","","","","","","","","","","","","","","","","","","","","","","","","","","","","","","","","","","","","","","",""
"33236002","CAP-FERRET",44.630667,-1.252,8,1977060806,"","","","",3.,1,180,1,"","","","","","","","","","","","","","","","","","","","","","","","","","","","",12.2,1,9.2,1,"","","","","","","","","","","","","","","","","","","","","","","","","","",84,1,"","","","","","","","","","","","",11.8,1,1010.3,1,"","","","","","",8,1,8,1,5,1,"","","","","","","","","","","","","","","","","","","","","","","","","","","","",9000,1,"","",2,1,2,1,"","","","","","","","","","",4,1,"","","","","","","","","","","","","","","","","","","","","","","","","","","","","","","","","","","","","","","","","","","","","","","","","","","","","",""
"33236002","CAP-FERRET",44.630667,-1.252,8,1977060809,"","","","",3.,1,80,1,"","","","","","","","","","","","","","","","","","","","","","","","","","","","",16.8,1,12.6,1,"","","","","","","","","","","","","","","","","","","","","","","","","","",78,1,"","","","","","","","","","","","",14.9,1,1009.5,1,"","","","","","",7,1,5,1,5,1,6,1,3,1,"","","","","","","","","","","","","","","","","","","","","","","","",10000,1,"","",1,1,2,1,"","","","","","","","","","",4,1,"","","","","","","","","","","","","","","","","","","","","","","","","","","","","","","","","","","","","","","","","","","","","","","","","","","","","",""
"33236002","CAP-FERRET",44.630667,-1.252,8,1977060812,"","","","",5.,1,120,1,"","","","","","","","","","","","","","","","","","","","","","","","","","","","",18.,1,14.9,1,"","","","","","","","","","","","","","","","","","","","","","","","","","",84,1,"","","","","","","","","","","","",17.4,1,1008.8,1,"","","","","","",6,1,0,1,8,1,6,1,3,1,"","","","","","","","","","","","","","","","","","","","","","","","",15000,1,"","",1,1,8,1,"","","","","","","","","","",3,1,"","","","","","","","","","","","","","","","","","","","","","","","","","","","","","","","","","","","","","","","","","","","","","","","","","","","","",""
"33236002","CAP-FERRET",44.630667,-1.252,8,1977060815,"","","","",3.,1,60,1,"","","","","","","","","","","","","","","","","","","","","","","","","","","","",22.2,1,18.2,1,"","","","","","","","","","","","","","","","","","","","","","","","","","",81,1,"","","","","","","","","","","","",21.6,1,1006.8,1,"","","","","","",5,1,0,1,8,1,6,1,3,1,"","","","","","","","","","","","","","","","","","","","","","","","",20000,1,"","",1,1,2,1,"","","","","","","","","","",3,1,"","","","","","","","","","","","","","","","","","","","","","","","","","","","","","","","","","","","","","","","","","","","","","","","","","","","","",""
"33236002","CAP-FERRET",44.630667,-1.252,8,1977060818,"","","","",4.,1,120,1,"","","","","","","","","","","","","","","","","","","","","","","","","","","","",20.8,1,17.4,1,"","","","","","","","","","","","","","","","","","","","","","","","","","",83,1,"","","","","","","","","","","","",20.5,1,1005.3,1,"","","","","","",5,1,0,1,9,1,6,1,3,1,"","","","","","","","","","","","","","","","","","","","","","","","",16000,1,"","",2,1,2,1,"","","","","","","","","","",3,1,"","","","","","","","","","","","","","","","","","","","","","","","","","","","","","","","","","","","","","","","","","","","","","","","","","","","","",""
"33236002","CAP-FERRET",44.630667,-1.252,8,1977060821,"","","","",3.,1,80,1,"","","","","","","","","","","","","","","","","","","","","","","","","","","","",17.8,1,17.,1,"","","","","","","","","","","","","","","","","","","","","","","","","","",98,1,"","","","","","","","","","","","",20.,1,1005.5,1,"","","","","","",4,1,0,1,8,1,6,1,3,1,"","","","","","","","","","","","","","","","","","","","","","","","",11000,1,"","",1,1,1,1,"","","","","","","","","","",3,1,"","","","","","","","","","","","","","","","","","","","","","","","","","","","","","","","","","","","","","","","","","","","","","","","","","","","","",""
"33236002","CAP-FERRET",44.630667,-1.252,8,1977060900,"","","","","","","","","","","","","","","","","","","","","","","","","","","","","","","","","","","","","","","","","","","","","","","","","","","","","","","","","","","","","","","","","","","","","","","","","","","","","","","","","","",1005.6,1,"","","","","","","","","","","","","","","","","","","","","","","","","","","","","","","","","","","","","","","","","","","","","","","","","","","","","","","","","","","","","","","","","","","","","","","","","","","","","","","","","","","","","","","","","","","","","","","","","","","","","","","","","","","","","","","","","",""
"33236002","CAP-FERRET",44.630667,-1.252,8,1977060903,"","","","",4.,1,180,1,"","","","","","","","","","","","","","","","","","","","","","","","","","","","",15.9,1,15.9,1,"","","","","","","","","","","","","","","","","","","","","","","","","","",100,1,"","","","","","","","","","","","",18.1,1,1005.6,1,"","","","","","",3,1,0,1,0,1,0,1,2,1,"","","","","","","","","","","","","","","","","","","","","","","","",10000,1,"","",0,1,"","","","","","","","","","","","",3,1,"","","","","","","","","","","","","","","","","","","","","","","","","","","","","","","","","","","","","","","","","","","","","","","","","","","","","",""
"33236002","CAP-FERRET",44.630667,-1.252,8,1977060906,"","","","",1.,1,40,1,"","","","","","","","","","","","","","","","","","","","","","","","","","","","",16.3,1,16.3,1,"","","","","","","","","","","","","","","","","","","","","","","","","","",100,1,"","","","","","","","","","","","",18.5,1,1006.,1,"","","","","","",7,1,5,1,5,1,0,1,2,1,"","","","","","","","","","","","","","","","","","","","","","","","",12000,1,"","",3,1,"","","","","","","","","","","","",3,1,"","","","","","","","","","","","","","","","","","","","","","","","","","","","","","","","","","","","","","","","","","","","","","","","","","","","","",""
"33236002","CAP-FERRET",44.630667,-1.252,8,1977060909,"","","","",7.,1,220,1,"","","","","","","","","","","","","","","","","","","","","","","","","","","","",21.,1,16.5,1,"","","","","","","","","","","","","","","","","","","","","","","","","","",78,1,"","","","","","","","","","","","",19.3,1,1006.6,1,"","","","","","",5,1,5,1,0,1,0,1,2,1,"","","","","","","","","","","","","","","","","","","","","","","","",18000,1,"","",2,1,2,1,"","","","","","","","","","",2,1,"","","","","","","","","","","","","","","","","","","","","","","","","","","","","","","","","","","","","","","","","","","","","","","","","","","","","",""
"33236002","CAP-FERRET",44.630667,-1.252,8,1977060912,"","","","",5.,1,240,1,"","","","","","","","","","","","","","","","","","","","","","","","","","","","",21.8,1,19.2,1,"","","","","","","","","","","","","","","","","","","","","","","","","","",88,1,"","","","","","","","","","","","",23.1,1,1008.2,1,"","","","","","",3,1,0,1,2,1,0,1,2,1,"","","","","","","","","","","","","","","","","","","","","","","","",18000,1,"","",2,1,1,1,"","","","","","","","","","",2,1,"","","","","","","","","","","","","","","","","","","","","","","","","","","","","","","","","","","","","","","","","","","","","","","","","","","","","",""
"33236002","CAP-FERRET",44.630667,-1.252,8,1977060915,"","","","",8.,1,20,1,"","","","","","","","","","","","","","","","","","","","","","","","","","","","",20.,1,15.9,1,"","","","","","","","","","","","","","","","","","","","","","","","","","",80,1,"","","","","","","","","","","","",18.6,1,1008.6,1,"","","","","","",5,1,0,1,2,1,0,1,2,1,"","","","","","","","","","","","","","","","","","","","","","","","",20000,1,"","",2,1,1,1,"","","","","","","","","","",2,1,"","","","","","","","","","","","","","","","","","","","","","","","","","","","","","","","","","","","","","","","","","","","","","","","","","","","","",""
"33236002","CAP-FERRET",44.630667,-1.252,8,1977060918,"","","","",5.,1,40,1,"","","","","","","","","","","","","","","","","","","","","","","","","","","","",17.6,1,13.3,1,"","","","","","","","","","","","","","","","","","","","","","","","","","",78,1,"","","","","","","","","","","","",15.7,1,1007.8,1,"","","","","","",6,1,5,1,2,1,5,1,0,1,"","","","","","","","","","","","","","","","","","","","","","","","",25000,1,"","",2,1,1,1,"","","","","","","","","","",2,1,"","","","","","","","","","","","","","","","","","","","","","","","","","","","","","","","","","","","","","","","","","","","","","","","","","","","","",""
"33236002","CAP-FERRET",44.630667,-1.252,8,1977060921,"","","","",2.,1,340,1,"","","","","","","","","","","","","","","","","","","","","","","","","","","","",13.2,1,13.2,1,"","","","","","","","","","","","","","","","","","","","","","","","","","",100,1,"","","","","","","","","","","","",15.2,1,1009.9,1,"","","","","","",8,1,8,1,5,1,"","","","","","","","","","","","","","","","","","","","","","","","","","","","",15000,1,"","",60,1,6,1,"","","","","","","","","","",2,1,"","","","","","","","","","","","","","","","","","","","","","","","","","","","","","","","","","","","","","","","","","","","","","","","","","","","","",""
"33236002","CAP-FERRET",44.630667,-1.252,8,1977061000,"","","","","","","","","","","","","","","","","","","","","","","","","","","","","","","","","","","","","","","","","","","","","","","","","","","","","","","","","","","","","","","","","","","","","","","","","","","","","","","","","","",1009.9,1,"","","","","","","","","","","","","","","","","","","","","","","","","","","","","","","","","","","","","","","","","","","","","","","","","","","","","","","","","","","","","","","","","","","","","","","","","","","","","","","","","","","","","","","","","","","","","","","","","","","","","","","","","","","","","","","","","",""
"33236002","CAP-FERRET",44.630667,-1.252,8,1977061003,"","","","",5.,1,260,1,"","","","","","","","","","","","","","","","","","","","","","","","","","","","","","",10.7,1,"","","","","","","","","","","","","","","","","","","","","","","","","","",100,1,"","","","","","","","","","","","",12.8,1,1009.9,1,"","","","","","",8,1,6,1,7,1,7,1,"","","","","","","","","","","","","","","","","","","","","","","","","","",4000,1,"","",63,1,"","","","","","","","","","","","",2,1,270,1,"","","","","","","","","","","","","","","","","","","","","","","","","","","","","","","","","","","","","","","","","","","","","","","","","","","",""
"33236002","CAP-FERRET",44.630667,-1.252,8,1977061006,"","","","",9.,1,300,1,"","","","","","","","","","","","","","","","","","","","","","","","","","","","",12.8,1,10.6,1,"","","","","","","","","","","","","","","","","","","","","","","","","","",88,1,"","","","","","","","","","","","",13.,1,1011.5,1,"","","","","","",4,1,0,1,8,1,0,1,0,1,"","","","","","","","","","","","","","","","","","","","","","","","",20000,1,"","",1,1,1,1,"","","","","","","","","","",3,1,270,1,"","","","","","","","","","","","","","","","","","","","","","","","","","","","","","","","","","","","","","","","","","","","","","","","","","","",""
"33236002","CAP-FERRET",44.630667,-1.252,8,1977061009,"","","","",6.,1,280,1,"","","","","","","","","","","","","","","","","","","","","","","","","","","","",15.8,1,13.2,1,"","","","","","","","","","","","","","","","","","","","","","","","","","",86,1,"","","","","","","","","","","","",15.5,1,1013.5,1,"","","","","","",3,1,0,1,2,1,0,1,0,1,"","","","","","","","","","","","","","","","","","","","","","","","",22000,1,"","",1,1,0,1,"","","","","","","","","","",3,1,270,1,"","","","","","","","","","","","","","","","","","","","","","","","","","","","","","","","","","","","","","","","","","","","","","","","","","","",""
"33236002","CAP-FERRET",44.630667,-1.252,8,1977061012,"","","","",5.,1,260,1,"","","","","","","","","","","","","","","","","","","","","","","","","","","","",18.,1,14.9,1,"","","","","","","","","","","","","","","","","","","","","","","","","","",84,1,"","","","","","","","","","","","",17.4,1,1014.7,1,"","","","","","",4,1,0,1,2,1,6,1,0,1,"","","","","","","","","","","","","","","","","","","","","","","","",26000,1,"","",2,1,0,1,"","","","","","","","","","",3,1,270,1,"","","","","","","","","","","","","","","","","","","","","","","","","","","","","","","","","","","","","","","","","","","","","","","","","","","",""
"33236002","CAP-FERRET",44.630667,-1.252,8,1977061015,"","","","",5.,1,280,1,"","","","","","","","","","","","","","","","","","","","","","","","","","","","",18.,1,15.1,1,"","","","","","","","","","","","","","","","","","","","","","","","","","",85,1,"","","","","","","","","","","","",17.6,1,1015.1,1,"","","","","","",2,1,0,1,2,1,0,1,0,1,"","","","","","","","","","","","","","","","","","","","","","","","",20000,1,"","",2,1,0,1,"","","","","","","","","","",3,1,270,1,"","","","","","","","","","","","","","","","","","","","","","","","","","","","","","","","","","","","","","","","","","","","","","","","","","","",""
"33236002","CAP-FERRET",44.630667,-1.252,8,1977061018,"","","","",1.,1,340,1,"","","","","","","","","","","","","","","","","","","","","","","","","","","","",17.2,1,12.6,1,"","","","","","","","","","","","","","","","","","","","","","","","","","",76,1,"","","","","","","","","","","","",14.9,1,1014.5,1,"","","","","","",2,1,0,1,2,1,4,1,0,1,"","","","","","","","","","","","","","","","","","","","","","","","",26000,1,"","",2,1,0,1,"","","","","","","","","","",2,1,"","","","","","","","","","","","","","","","","","","","","","","","","","","","","","","","","","","","","","","","","","","","","","","","","","","","","",""
"33236002","CAP-FERRET",44.630667,-1.252,8,1977061021,"","","","",0.,1,0,1,"","","","","","","","","","","","","","","","","","","","","","","","","","","","",11.2,1,9.9,1,"","","","","","","","","","","","","","","","","","","","","","","","","","",93,1,"","","","","","","","","","","","",12.4,1,1015.5,1,"","","","","","",4,1,0,1,5,1,0,1,0,1,"","","","","","","","","","","","","","","","","","","","","","","","",18000,1,"","",3,1,0,1,"","","","","","","","","","",2,1,"","","","","","","","","","","","","","","","","","","","","","","","","","","","","","","","","","","","","","","","","","","","","","","","","","","","","",""
"33236002","CAP-FERRET",44.630667,-1.252,8,1977061100,"","","","","","","","","","","","","","","","","","","","","","","","","","","","","","","","","","","","","","","","","","","","","","","","","","","","","","","","","","","","","","","","","","","","","","","","","","","","","","","","","","",1016.,1,"","","","","","","","","","","","","","","","","","","","","","","","","","","","","","","","","","","","","","","","","","","","","","","","","","","","","","","","","","","","","","","","","","","","","","","","","","","","","","","","","","","","","","","","","","","","","","","","","","","","","","","","","","","","","","","","","",""
"33236002","CAP-FERRET",44.630667,-1.252,8,1977061103,"","","","",5.,1,280,1,"","","","","","","","","","","","","","","","","","","","","","","","","","","","",12.6,1,9.4,1,"","","","","","","","","","","","","","","","","","","","","","","","","","",82,1,"","","","","","","","","","","","",12.,1,1015.7,1,"","","","","","",3,1,0,1,5,1,0,1,0,1,"","","","","","","","","","","","","","","","","","","","","","","","",15000,1,"","",0,1,"","","","","","","","","","","","",2,1,"","","","","","","","","","","","","","","","","","","","","","","","","","","","","","","","","","","","","","","","","","","","","","","","","","","","","",""
"33236002","CAP-FERRET",44.630667,-1.252,8,1977061106,"","","","",4.,1,300,1,"","","","","","","","","","","","","","","","","","","","","","","","","","","","",13.4,1,7.7,1,"","","","","","","","","","","","","","","","","","","","","","","","","","",70,1,"","","","","","","","","","","","",10.7,1,1016.1,1,"","","","","","",7,1,6,1,2,1,0,1,2,1,"","","","","","","","","","","","","","","","","","","","","","","","",30000,1,"","",2,1,"","","","","","","","","","","","",2,1,"","","","","","","","","","","","","","","","","","","","","","","","","","","","","","","","","","","","","","","","","","","","","","","","","","","","","",""
"33236002","CAP-FERRET",44.630667,-1.252,8,1977061109,"","","","",3.,1,300,1,"","","","","","","","","","","","","","","","","","","","","","","","","","","","",17.,1,11.9,1,"","","","","","","","","","","","","","","","","","","","","","","","","","",73,1,"","","","","","","","","","","","",14.2,1,1016.9,1,"","","","","","",6,1,5,1,2,1,0,1,2,1,"","","","","","","","","","","","","","","","","","","","","","","","",30000,1,"","",2,1,2,1,"","","","","","","","","","",2,1,"","","","","","","","","","","","","","","","","","","","","","","","","","","","","","","","","","","","","","","","","","","","","","","","","","","","","",""
"33236002","CAP-FERRET",44.630667,-1.252,8,1977061112,"","","","",4.,1,320,1,"","","","","","","","","","","","","","","","","","","","","","","","","","","","",19.1,1,14.3,1,"","","","","","","","","","","","","","","","","","","","","","","","","","",76,1,"","","","","","","","","","","","",16.7,1,1016.7,1,"","","","","","",4,1,0,1,2,1,0,1,2,1,"","","","","","","","","","","","","","","","","","","","","","","","",20000,1,"","",2,1,1,1,"","","","","","","","","","",3,1,270,1,"","","","","","","","","","","","","","","","","","","","","","","","","","","","","","","","","","","","","","","","","","","","","","","","","","","",""
"33236002","CAP-FERRET",44.630667,-1.252,8,1977061115,"","","","",4.,1,340,1,"","","","","","","","","","","","","","","","","","","","","","","","","","","","",18.6,1,14.6,1,"","","","","","","","","","","","","","","","","","","","","","","","","","",80,1,"","","","","","","","","","","","",17.1,1,1015.7,1,"","","","","","",7,1,5,1,2,1,0,1,2,1,"","","","","","","","","","","","","","","","","","","","","","","","",30000,1,"","",2,1,1,1,"","","","","","","","","","",3,1,270,1,"","","","","","","","","","","","","","","","","","","","","","","","","","","","","","","","","","","","","","","","","","","","","","","","","","","",""
"33236002","CAP-FERRET",44.630667,-1.252,8,1977061118,"","","","",6.,1,20,1,"","","","","","","","","","","","","","","","","","","","","","","","","","","","",16.9,1,11.9,1,"","","","","","","","","","","","","","","","","","","","","","","","","","",74,1,"","","","","","","","","","","","",14.2,1,1014.3,1,"","","","","","",5,1,5,1,2,1,0,1,2,1,"","","","","","","","","","","","","","","","","","","","","","","","",25000,1,"","",2,1,1,1,"","","","","","","","","","",3,1,270,1,"","","","","","","","","","","","","","","","","","","","","","","","","","","","","","","","","","","","","","","","","","","","","","","","","","","",""
"33236002","CAP-FERRET",44.630667,-1.252,8,1977061121,"","","","",6.,1,40,1,"","","","","","","","","","","","","","","","","","","","","","","","","","","","",14.5,1,12.2,1,"","","","","","","","","","","","","","","","","","","","","","","","","","",88,1,"","","","","","","","","","","","",14.5,1,1013.7,1,"","","","","","",8,1,8,1,5,1,"","","","","","","","","","","","","","","","","","","","","","","","","","","","",25000,1,"","",2,1,2,1,"","","","","","","","","","",3,1,270,1,"","","","","","","","","","","","","","","","","","","","","","","","","","","","","","","","","","","","","","","","","","","","","","","","","","","",""
"33236002","CAP-FERRET",44.630667,-1.252,8,1977061200,"","","","","","","","","","","","","","","","","","","","","","","","","","","","","","","","","","","","","","","","","","","","","","","","","","","","","","","","","","","","","","","","","","","","","","","","","","","","","","","","","","",1011.1,1,"","","","","","","","","","","","","","","","","","","","","","","","","","","","","","","","","","","","","","","","","","","","","","","","","","","","","","","","","","","","","","","","","","","","","","","","","","","","","","","","","","","","","","","","","","","","","","","","","","","","","","","","","","","","","","","","","",""
"33236002","CAP-FERRET",44.630667,-1.252,8,1977061203,"","","","",6.,1,60,1,"","","","","","","","","","","","","","","","","","","","","","","","","","","","",13.4,1,12.7,1,"","","","","","","","","","","","","","","","","","","","","","","","","","",97,1,"","","","","","","","","","","","",15.,1,1009.6,1,"","","","","","",8,1,5,1,7,1,7,1,"","","","","","","","","","","","","","","","","","","","","","","","","","",8000,1,"","",63,1,"","","","","","","","","","","","",3,1,"","","","","","","","","","","","","","","","","","","","","","","","","","","","","","","","","","","","","","","","","","","","","","","","","","","","","",""
"33236002","CAP-FERRET",44.630667,-1.252,8,1977061206,"","","","",4.,1,60,1,"","","","","","","","","","","","","","","","","","","","","","","","","","","","",12.4,1,12.4,1,"","","","","","","","","","","","","","","","","","","","","","","","","","",100,1,"","","","","","","","","","","","",14.4,1,1007.6,1,"","","","","","",8,1,5,1,8,1,7,1,"","","","","","","","","","","","","","","","","","","","","","","","","","",8000,1,"","",81,1,8,1,"","","","","","","","","","",3,1,"","","","","","","","","","","","","","","","","","","","","","","","","","","","","","","","","","","","","","","","","","","","","","","","","","","","","",""
"33236002","CAP-FERRET",44.630667,-1.252,8,1977061209,"","","","",3.,1,80,1,"","","","","","","","","","","","","","","","","","","","","","","","","","","","",14.4,1,14.4,1,"","","","","","","","","","","","","","","","","","","","","","","","","","",100,1,"","","","","","","","","","","","",16.4,1,1006.2,1,"","","","","","",8,1,5,1,8,1,7,1,"","","","","","","","","","","","","","","","","","","","","","","","","","",16000,1,"","",1,1,8,1,"","","","","","","","","","",2,1,"","","","","","","","","","","","","","","","","","","","","","","","","","","","","","","","","","","","","","","","","","","","","","","","","","","","","",""
"33236002","CAP-FERRET",44.630667,-1.252,8,1977061212,"","","","",1.,1,60,1,"","","","","","","","","","","","","","","","","","","","","","","","","","","","",19.2,1,16.5,1,"","","","","","","","","","","","","","","","","","","","","","","","","","",86,1,"","","","","","","","","","","","",19.3,1,1005.1,1,"","","","","","",6,1,5,1,9,1,6,1,3,1,"","","","","","","","","","","","","","","","","","","","","","","","",16000,1,"","",1,1,2,1,"","","","","","","","","","",2,1,"","","","","","","","","","","","","","","","","","","","","","","","","","","","","","","","","","","","","","","","","","","","","","","","","","","","","",""
"33236002","CAP-FERRET",44.630667,-1.252,8,1977061215,"","","","",1.,1,80,1,"","","","","","","","","","","","","","","","","","","","","","","","","","","","",20.,1,17.9,1,"","","","","","","","","","","","","","","","","","","","","","","","","","",91,1,"","","","","","","","","","","","",21.2,1,1003.5,1,"","","","","","",8,1,6,1,7,1,7,1,"","","","","","","","","","","","","","","","","","","","","","","","","","",9000,1,"","",81,1,2,1,"","","","","","","","","","",2,1,"","","","","","","","","","","","","","","","","","","","","","","","","","","","","","","","","","","","","","","","","","","","","","","","","","","","","",""
"33236002","CAP-FERRET",44.630667,-1.252,8,1977061218,"","","","",7.,1,360,1,"","","","","","","","","","","","","","","","","","","","","","","","","","","","",17.,1,17.,1,"","","","","","","","","","","","","","","","","","","","","","","","","","",100,1,"","","","","","","","","","","","",19.4,1,1001.1,1,"","","","","","",8,1,7,1,7,1,7,1,"","","","","","","","","","","","","","","","","","","","","","","","","","",8000,1,"","",63,1,8,1,"","","","","","","","","","",2,1,"","","","","","","","","","","","","","","","","","","","","","","","","","","","","","","","","","","","","","","","","","","","","","","","","","","","","",""
"33236002","CAP-FERRET",44.630667,-1.252,8,1977061221,"","","","",5.,1,40,1,"","","","","","","","","","","","","","","","","","","","","","","","","","","","",16.4,1,16.4,1,"","","","","","","","","","","","","","","","","","","","","","","","","","",100,1,"","","","","","","","","","","","",18.5,1,999.5,1,"","","","","","",8,1,6,1,7,1,7,1,"","","","","","","","","","","","","","","","","","","","","","","","","","",9000,1,"","",15,1,6,1,"","","","","","","","","","",2,1,"","","","","","","","","","","","","","","","","","","","","","","","","","","","","","","","","","","","","","","","","","","","","","","","","","","","","",""
"33236002","CAP-FERRET",44.630667,-1.252,8,1977061300,"","","","","","","","","","","","","","","","","","","","","","","","","","","","","","","","","","","","","","","","","","","","","","","","","","","","","","","","","","","","","","","","","","","","","","","","","","","","","","","","","","",998.2,1,"","","","","","","","","","","","","","","","","","","","","","","","","","","","","","","","","","","","","","","","","","","","","","","","","","","","","","","","","","","","","","","","","","","","","","","","","","","","","","","","","","","","","","","","","","","","","","","","","","","","","","","","","","","","","","","","","",""
"33236002","CAP-FERRET",44.630667,-1.252,8,1977061303,"","","","",11.,1,220,1,"","","","","","","","","","","","","","","","","","","","","","","","","","","","",14.4,1,12.5,1,"","","","","","","","","","","","","","","","","","","","","","","","","","",90,1,"","","","","","","","","","","","",14.8,1,999.2,1,"","","","","","",6,1,6,1,5,1,0,1,0,1,"","","","","","","","","","","","","","","","","","","","","","","","",10000,1,"","",0,1,"","","","","","","","","","","","",3,1,"","","","","","","","","","","","","","","","","","","","","","","","","","","","","","","","","","","","","","","","","","","","","","","","","","","","","",""
"33236002","CAP-FERRET",44.630667,-1.252,8,1977061306,"","","","",7.,1,180,1,"","","","","","","","","","","","","","","","","","","","","","","","","","","","",14.2,1,11.3,1,"","","","","","","","","","","","","","","","","","","","","","","","","","",85,1,"","","","","","","","","","","","",13.7,1,999.8,1,"","","","","","",6,1,5,1,8,1,0,1,0,1,"","","","","","","","","","","","","","","","","","","","","","","","",25000,1,"","",3,1,"","","","","","","","","","","","",3,1,"","","","","","","","","","","","","","","","","","","","","","","","","","","","","","","","","","","","","","","","","","","","","","","","","","","","","",""
"33236002","CAP-FERRET",44.630667,-1.252,8,1977061309,"","","","",12.,1,160,1,"","","","","","","","","","","","","","","","","","","","","","","","","","","","",13.,1,12.2,1,"","","","","","","","","","","","","","","","","","","","","","","","","","",96,1,"","","","","","","","","","","","",14.5,1,998.4,1,"","","","","","",5,1,0,1,8,1,0,1,0,1,"","","","","","","","","","","","","","","","","","","","","","","","",20000,1,"","",2,1,2,1,"","","","","","","","","","",4,1,230,1,"","","","","","","","","","","","","","","","","","","","","","","","","","","","","","","","","","","","","","","","","","","","","","","","","","","",""
"33236002","CAP-FERRET",44.630667,-1.252,8,1977061312,"","","","",6.,1,100,1,"","","","","","","","","","","","","","","","","","","","","","","","","","","","",14.1,1,13.2,1,"","","","","","","","","","","","","","","","","","","","","","","","","","",97,1,"","","","","","","","","","","","",15.5,1,999.8,1,"","","","","","",8,1,6,1,8,1,"","","","","","","","","","","","","","","","","","","","","","","","","","","","",8000,1,"","",2,1,2,1,"","","","","","","","","","",4,1,230,1,"","","","","","","","","","","","","","","","","","","","","","","","","","","","","","","","","","","","","","","","","","","","","","","","","","","",""
"33236002","CAP-FERRET",44.630667,-1.252,8,1977061315,"","","","",10.,1,320,1,"","","","","","","","","","","","","","","","","","","","","","","","","","","","",13.3,1,12.3,1,"","","","","","","","","","","","","","","","","","","","","","","","","","",95,1,"","","","","","","","","","","","",14.6,1,1004.7,1,"","","","","","",8,1,8,1,8,1,"","","","","","","","","","","","","","","","","","","","","","","","","","","","",20000,1,"","",2,1,8,1,"","","","","","","","","","",4,1,250,1,"","","","","","","","","","","","","","","","","","","","","","","","","","","","","","","","","","","","","","","","","","","","","","","","","","","",""
"33236002","CAP-FERRET",44.630667,-1.252,8,1977061318,"","","","",18.,1,300,1,"","","","","","","","","","","","","","","","","","","","","","","","","","","","",13.6,1,13.6,1,"","","","","","","","","","","","","","","","","","","","","","","","","","",100,1,"","","","","","","","","","","","",15.6,1,1007.8,1,"","","","","","",8,1,8,1,7,1,"","","","","","","","","","","","","","","","","","","","","","","","","","","","",7000,1,"","",25,1,8,1,"","","","","","","","","","",5,1,250,1,"","","","","","","","","","","","","","","","","","","","","","","","","","","","","","","","","","","","","","","","","","","","","","","","","","","",""
"33236002","CAP-FERRET",44.630667,-1.252,8,1977061321,"","","","",18.,1,300,1,"","","","","","","","","","","","","","","","","","","","","","","","","","","","",12.9,1,12.9,1,"","","","","","","","","","","","","","","","","","","","","","","","","","",100,1,"","","","","","","","","","","","",14.9,1,1010.6,1,"","","","","","",8,1,8,1,7,1,"","","","","","","","","","","","","","","","","","","","","","","","","","","","",7000,1,"","",2,1,8,1,"","","","","","","","","","",5,1,250,1,"","","","","","","","","","","","","","","","","","","","","","","","","","","","","","","","","","","","","","","","","","","","","","","","","","","",""
"33236002","CAP-FERRET",44.630667,-1.252,8,1977061400,"","","","","","","","","","","","","","","","","","","","","","","","","","","","","","","","","","","","","","","","","","","","","","","","","","","","","","","","","","","","","","","","","","","","","","","","","","","","","","","","","","",1012.6,1,"","","","","","","","","","","","","","","","","","","","","","","","","","","","","","","","","","","","","","","","","","","","","","","","","","","","","","","","","","","","","","","","","","","","","","","","","","","","","","","","","","","","","","","","","","","","","","","","","","","","","","","","","","","","","","","","","",""
"33236002","CAP-FERRET",44.630667,-1.252,8,1977061403,"","","","",16.,1,280,1,"","","","","","","","","","","","","","","","","","","","","","","","","","","","",12.4,1,12.4,1,"","","","","","","","","","","","","","","","","","","","","","","","","","",100,1,"","","","","","","","","","","","",14.4,1,1013.1,1,"","","","","","",8,1,8,1,8,1,"","","","","","","","","","","","","","","","","","","","","","","","","","","","",6000,1,"","",0,1,"","","","","","","","","","","","",5,1,250,1,"","","","","","","","","","","","","","","","","","","","","","","","","","","","","","","","","","","","","","","","","","","","","","","","","","","",""
"33236002","CAP-FERRET",44.630667,-1.252,8,1977061406,"","","","",16.,1,300,1,"","","","","","","","","","","","","","","","","","","","","","","","","","","","",12.4,1,12.4,1,"","","","","","","","","","","","","","","","","","","","","","","","","","",100,1,"","","","","","","","","","","","",14.4,1,1014.1,1,"","","","","","",8,1,8,1,7,1,"","","","","","","","","","","","","","","","","","","","","","","","","","","","",5000,1,"","",80,1,8,1,"","","","","","","","","","",5,1,250,1,"","","","","","","","","","","","","","","","","","","","","","","","","","","","","","","","","","","","","","","","","","","","","","","","","","","",""
"33236002","CAP-FERRET",44.630667,-1.252,8,1977061409,"","","","",16.,1,280,1,"","","","","","","","","","","","","","","","","","","","","","","","","","","","",13.2,1,12.2,1,"","","","","","","","","","","","","","","","","","","","","","","","","","",96,1,"","","","","","","","","","","","",14.5,1,1015.1,1,"","","","","","",8,1,6,1,7,1,7,1,"","","","","","","","","","","","","","","","","","","","","","","","","","",16000,1,"","",2,1,8,1,"","","","","","","","","","",5,1,250,1,"","","","","","","","","","","","","","","","","","","","","","","","","","","","","","","","","","","","","","","","","","","","","","","","","","","",""
"33236002","CAP-FERRET",44.630667,-1.252,8,1977061412,"","","","",15.,1,280,1,"","","","","","","","","","","","","","","","","","","","","","","","","","","","",14.,1,12.8,1,"","","","","","","","","","","","","","","","","","","","","","","","","","",94,1,"","","","","","","","","","","","",15.1,1,1016.1,1,"","","","","","",8,1,5,1,7,1,7,1,"","","","","","","","","","","","","","","","","","","","","","","","","","",16000,1,"","",2,1,8,1,"","","","","","","","","","",5,1,270,1,"","","","","","","","","","","","","","","","","","","","","","","","","","","","","","","","","","","","","","","","","","","","","","","","","","","",""
"33236002","CAP-FERRET",44.630667,-1.252,8,1977061415,"","","","",13.,1,280,1,"","","","","","","","","","","","","","","","","","","","","","","","","","","","",14.4,1,13.3,1,"","","","","","","","","","","","","","","","","","","","","","","","","","",96,1,"","","","","","","","","","","","",15.7,1,1017.3,1,"","","","","","",8,1,8,1,8,1,"","","","","","","","","","","","","","","","","","","","","","","","","","","","",16000,1,"","",1,1,8,1,"","","","","","","","","","",5,1,270,1,"","","","","","","","","","","","","","","","","","","","","","","","","","","","","","","","","","","","","","","","","","","","","","","","","","","",""
"33236002","CAP-FERRET",44.630667,-1.252,8,1977061418,"","","","",11.,1,280,1,"","","","","","","","","","","","","","","","","","","","","","","","","","","","",14.8,1,13.7,1,"","","","","","","","","","","","","","","","","","","","","","","","","","",96,1,"","","","","","","","","","","","",16.1,1,1018.1,1,"","","","","","",8,1,6,1,8,1,6,1,"","","","","","","","","","","","","","","","","","","","","","","","","","",16000,1,"","",1,1,8,1,"","","","","","","","","","",5,1,270,1,"","","","","","","","","","","","","","","","","","","","","","","","","","","","","","","","","","","","","","","","","","","","","","","","","","","",""
"33236002","CAP-FERRET",44.630667,-1.252,8,1977061421,"","","","",9.,1,300,1,"","","","","","","","","","","","","","","","","","","","","","","","","","","","",13.8,1,12.8,1,"","","","","","","","","","","","","","","","","","","","","","","","","","",96,1,"","","","","","","","","","","","",15.1,1,1018.9,1,"","","","","","",3,1,0,1,8,1,0,1,0,1,"","","","","","","","","","","","","","","","","","","","","","","","",16000,1,"","",1,1,1,1,"","","","","","","","","","",5,1,270,1,"","","","","","","","","","","","","","","","","","","","","","","","","","","","","","","","","","","","","","","","","","","","","","","","","","","",""
"33236002","CAP-FERRET",44.630667,-1.252,8,1977061500,"","","","","","","","","","","","","","","","","","","","","","","","","","","","","","","","","","","","","","","","","","","","","","","","","","","","","","","","","","","","","","","","","","","","","","","","","","","","","","","","","","",1018.9,1,"","","","","","","","","","","","","","","","","","","","","","","","","","","","","","","","","","","","","","","","","","","","","","","","","","","","","","","","","","","","","","","","","","","","","","","","","","","","","","","","","","","","","","","","","","","","","","","","","","","","","","","","","","","","","","","","","",""
"33236002","CAP-FERRET",44.630667,-1.252,8,1977061503,"","","","",9.,1,280,1,"","","","","","","","","","","","","","","","","","","","","","","","","","","","",13.1,1,12.2,1,"","","","","","","","","","","","","","","","","","","","","","","","","","",97,1,"","","","","","","","","","","","",14.5,1,1018.9,1,"","","","","","",3,1,0,1,2,1,0,1,0,1,"","","","","","","","","","","","","","","","","","","","","","","","",10000,1,"","",0,1,"","","","","","","","","","","","",4,1,270,1,"","","","","","","","","","","","","","","","","","","","","","","","","","","","","","","","","","","","","","","","","","","","","","","","","","","",""
"33236002","CAP-FERRET",44.630667,-1.252,8,1977061506,"","","","",7.,1,280,1,"","","","","","","","","","","","","","","","","","","","","","","","","","","","",13.7,1,12.5,1,"","","","","","","","","","","","","","","","","","","","","","","","","","",94,1,"","","","","","","","","","","","",14.8,1,1018.9,1,"","","","","","",6,1,6,1,2,1,0,1,0,1,"","","","","","","","","","","","","","","","","","","","","","","","",20000,1,"","",3,1,"","","","","","","","","","","","",4,1,270,1,"","","","","","","","","","","","","","","","","","","","","","","","","","","","","","","","","","","","","","","","","","","","","","","","","","","",""
"33236002","CAP-FERRET",44.630667,-1.252,8,1977061509,"","","","",5.,1,280,1,"","","","","","","","","","","","","","","","","","","","","","","","","","","","",16.6,1,13.6,1,"","","","","","","","","","","","","","","","","","","","","","","","","","",84,1,"","","","","","","","","","","","",16.,1,1019.7,1,"","","","","","",4,1,0,1,2,1,0,1,0,1,"","","","","","","","","","","","","","","","","","","","","","","","",20000,1,"","",2,1,1,1,"","","","","","","","","","",3,1,270,1,"","","","","","","","","","","","","","","","","","","","","","","","","","","","","","","","","","","","","","","","","","","","","","","","","","","",""
"33236002","CAP-FERRET",44.630667,-1.252,8,1977061512,"","","","",4.,1,300,1,"","","","","","","","","","","","","","","","","","","","","","","","","","","","",18.1,1,14.1,1,"","","","","","","","","","","","","","","","","","","","","","","","","","",80,1,"","","","","","","","","","","","",16.5,1,1020.,1,"","","","","","",3,1,0,1,2,1,0,1,0,1,"","","","","","","","","","","","","","","","","","","","","","","","",18000,1,"","",2,1,1,1,"","","","","","","","","","",3,1,270,1,"","","","","","","","","","","","","","","","","","","","","","","","","","","","","","","","","","","","","","","","","","","","","","","","","","","",""
"33236002","CAP-FERRET",44.630667,-1.252,8,1977061515,"","","","",3.,1,320,1,"","","","","","","","","","","","","","","","","","","","","","","","","","","","",18.8,1,15.,1,"","","","","","","","","","","","","","","","","","","","","","","","","","",81,1,"","","","","","","","","","","","",17.5,1,1019.1,1,"","","","","","",0,1,"","",0,1,0,1,0,1,"","","","","","","","","","","","","","","","","","","","","","","","",20000,1,"","",2,1,0,1,"","","","","","","","","","",3,1,270,1,"","","","","","","","","","","","","","","","","","","","","","","","","","","","","","","","","","","","","","","","","","","","","","","","","","","",""
"33236002","CAP-FERRET",44.630667,-1.252,8,1977061518,"","","","",4.,1,360,1,"","","","","","","","","","","","","","","","","","","","","","","","","","","","",16.7,1,13.9,1,"","","","","","","","","","","","","","","","","","","","","","","","","","",86,1,"","","","","","","","","","","","",16.3,1,1018.3,1,"","","","","","",0,1,"","",0,1,0,1,0,1,"","","","","","","","","","","","","","","","","","","","","","","","",20000,1,"","",2,1,0,1,"","","","","","","","","","",2,1,"","","","","","","","","","","","","","","","","","","","","","","","","","","","","","","","","","","","","","","","","","","","","","","","","","","","","",""
"33236002","CAP-FERRET",44.630667,-1.252,8,1977061521,"","","","",3.,1,20,1,"","","","","","","","","","","","","","","","","","","","","","","","","","","","",12.3,1,12.3,1,"","","","","","","","","","","","","","","","","","","","","","","","","","",100,1,"","","","","","","","","","","","",14.3,1,1018.1,1,"","","","","","",0,1,"","",0,1,0,1,0,1,"","","","","","","","","","","","","","","","","","","","","","","","",10000,1,"","",2,1,0,1,"","","","","","","","","","",2,1,"","","","","","","","","","","","","","","","","","","","","","","","","","","","","","","","","","","","","","","","","","","","","","","","","","","","","",""
"33236002","CAP-FERRET",44.630667,-1.252,8,1977061600,"","","","","","","","","","","","","","","","","","","","","","","","","","","","","","","","","","","","","","","","","","","","","","","","","","","","","","","","","","","","","","","","","","","","","","","","","","","","","","","","","","",1016.6,1,"","","","","","","","","","","","","","","","","","","","","","","","","","","","","","","","","","","","","","","","","","","","","","","","","","","","","","","","","","","","","","","","","","","","","","","","","","","","","","","","","","","","","","","","","","","","","","","","","","","","","","","","","","","","","","","","","",""
"33236002","CAP-FERRET",44.630667,-1.252,8,1977061603,"","","","",3.,1,100,1,"","","","","","","","","","","","","","","","","","","","","","","","","","","","",12.5,1,12.5,1,"","","","","","","","","","","","","","","","","","","","","","","","","","",100,1,"","","","","","","","","","","","",14.5,1,1015.6,1,"","","","","","",0,1,"","",0,1,0,1,0,1,"","","","","","","","","","","","","","","","","","","","","","","","",6000,1,"","",0,1,"","","","","","","","","","","","",2,1,"","","","","","","","","","","","","","","","","","","","","","","","","","","","","","","","","","","","","","","","","","","","","","","","","","","","","",""
"33236002","CAP-FERRET",44.630667,-1.252,8,1977061606,"","","","",3.,1,100,1,"","","","","","","","","","","","","","","","","","","","","","","","","","","","",12.5,1,12.5,1,"","","","","","","","","","","","","","","","","","","","","","","","","","",100,1,"","","","","","","","","","","","",14.5,1,1015.2,1,"","","","","","",0,1,"","",0,1,0,1,0,1,"","","","","","","","","","","","","","","","","","","","","","","","",7000,1,"","",2,1,0,1,"","","","","","","","","","",2,1,"","","","","","","","","","","","","","","","","","","","","","","","","","","","","","","","","","","","","","","","","","","","","","","","","","","","","",""
"33236002","CAP-FERRET",44.630667,-1.252,8,1977061609,"","","","",3.,1,80,1,"","","","","","","","","","","","","","","","","","","","","","","","","","","","",18.6,1,14.6,1,"","","","","","","","","","","","","","","","","","","","","","","","","","",80,1,"","","","","","","","","","","","",17.1,1,1014.6,1,"","","","","","",0,1,"","",0,1,0,1,0,1,"","","","","","","","","","","","","","","","","","","","","","","","",15000,1,"","",2,1,0,1,"","","","","","","","","","",2,1,"","","","","","","","","","","","","","","","","","","","","","","","","","","","","","","","","","","","","","","","","","","","","","","","","","","","","",""
"33236002","CAP-FERRET",44.630667,-1.252,8,1977061612,"","","","",5.,1,80,1,"","","","","","","","","","","","","","","","","","","","","","","","","","","","",23.8,1,14.6,1,"","","","","","","","","","","","","","","","","","","","","","","","","","",58,1,"","","","","","","","","","","","",17.1,1,1012.4,1,"","","","","","",0,1,"","",0,1,0,1,0,1,"","","","","","","","","","","","","","","","","","","","","","","","",16000,1,"","",2,1,0,1,"","","","","","","","","","",2,1,"","","","","","","","","","","","","","","","","","","","","","","","","","","","","","","","","","","","","","","","","","","","","","","","","","","","","",""
"33236002","CAP-FERRET",44.630667,-1.252,8,1977061615,"","","","",5.,1,60,1,"","","","","","","","","","","","","","","","","","","","","","","","","","","","",25.,1,18.3,1,"","","","","","","","","","","","","","","","","","","","","","","","","","",68,1,"","","","","","","","","","","","",21.7,1,1011.1,1,"","","","","","",0,1,"","",0,1,0,1,0,1,"","","","","","","","","","","","","","","","","","","","","","","","",15000,1,"","",2,1,0,1,"","","","","","","","","","",2,1,"","","","","","","","","","","","","","","","","","","","","","","","","","","","","","","","","","","","","","","","","","","","","","","","","","","","","",""
"33236002","CAP-FERRET",44.630667,-1.252,8,1977061618,"","","","",5.,1,60,1,"","","","","","","","","","","","","","","","","","","","","","","","","","","","",23.8,1,20.1,1,"","","","","","","","","","","","","","","","","","","","","","","","","","",83,1,"","","","","","","","","","","","",24.4,1,1011.1,1,"","","","","","",3,1,0,1,0,1,8,1,3,1,"","","","","","","","","","","","","","","","","","","","","","","","",15000,1,"","",3,1,0,1,"","","","","","","","","","",2,1,"","","","","","","","","","","","","","","","","","","","","","","","","","","","","","","","","","","","","","","","","","","","","","","","","","","","","",""
"33236002","CAP-FERRET",44.630667,-1.252,8,1977061621,"","","","",1.,1,40,1,"","","","","","","","","","","","","","","","","","","","","","","","","","","","",19.,1,17.7,1,"","","","","","","","","","","","","","","","","","","","","","","","","","",95,1,"","","","","","","","","","","","",20.9,1,1012.4,1,"","","","","","",4,1,0,1,0,1,8,1,0,1,"","","","","","","","","","","","","","","","","","","","","","","","",13000,1,"","",2,1,0,1,"","","","","","","","","","",2,1,"","","","","","","","","","","","","","","","","","","","","","","","","","","","","","","","","","","","","","","","","","","","","","","","","","","","","",""
"33236002","CAP-FERRET",44.630667,-1.252,8,1977061700,"","","","","","","","","","","","","","","","","","","","","","","","","","","","","","","","","","","","","","","","","","","","","","","","","","","","","","","","","","","","","","","","","","","","","","","","","","","","","","","","","","",1013.1,1,"","","","","","","","","","","","","","","","","","","","","","","","","","","","","","","","","","","","","","","","","","","","","","","","","","","","","","","","","","","","","","","","","","","","","","","","","","","","","","","","","","","","","","","","","","","","","","","","","","","","","","","","","","","","","","","","","",""
"33236002","CAP-FERRET",44.630667,-1.252,8,1977061703,"","","","",1.,1,20,1,"","","","","","","","","","","","","","","","","","","","","","","","","","","","",15.4,1,15.4,1,"","","","","","","","","","","","","","","","","","","","","","","","","","",100,1,"","","","","","","","","","","","",17.5,1,1013.1,1,"","","","","","",8,1,8,1,6,1,"","","","","","","","","","","","","","","","","","","","","","","","","","","","",6000,1,"","",0,1,"","","","","","","","","","","","",2,1,"","","","","","","","","","","","","","","","","","","","","","","","","","","","","","","","","","","","","","","","","","","","","","","","","","","","","",""
"33236002","CAP-FERRET",44.630667,-1.252,8,1977061706,"","","","",5.,1,260,1,"","","","","","","","","","","","","","","","","","","","","","","","","","","","",15.8,1,15.8,1,"","","","","","","","","","","","","","","","","","","","","","","","","","",100,1,"","","","","","","","","","","","",17.9,1,1013.8,1,"","","","","","",8,1,8,1,6,1,"","","","","","","","","","","","","","","","","","","","","","","","","","","","",5000,1,"","",2,1,"","","","","","","","","","","","",2,1,"","","","","","","","","","","","","","","","","","","","","","","","","","","","","","","","","","","","","","","","","","","","","","","","","","","","","",""
"33236002","CAP-FERRET",44.630667,-1.252,8,1977061709,"","","","",4.,1,300,1,"","","","","","","","","","","","","","","","","","","","","","","","","","","","",17.1,1,16.,1,"","","","","","","","","","","","","","","","","","","","","","","","","","",96,1,"","","","","","","","","","","","",18.7,1,1014.6,1,"","","","","","",8,1,8,1,6,1,"","","","","","","","","","","","","","","","","","","","","","","","","","","","",10000,1,"","",2,1,2,1,"","","","","","","","","","",2,1,"","","","","","","","","","","","","","","","","","","","","","","","","","","","","","","","","","","","","","","","","","","","","","","","","","","","","",""
"33236002","CAP-FERRET",44.630667,-1.252,8,1977061712,"","","","",3.,1,280,1,"","","","","","","","","","","","","","","","","","","","","","","","","","","","",18.6,1,16.8,1,"","","","","","","","","","","","","","","","","","","","","","","","","","",92,1,"","","","","","","","","","","","",19.7,1,1014.6,1,"","","","","","",8,1,8,1,6,1,"","","","","","","","","","","","","","","","","","","","","","","","","","","","",10000,1,"","",2,1,2,1,"","","","","","","","","","",2,1,"","","","","","","","","","","","","","","","","","","","","","","","","","","","","","","","","","","","","","","","","","","","","","","","","","","","","",""
"33236002","CAP-FERRET",44.630667,-1.252,8,1977061715,"","","","",3.,1,320,1,"","","","","","","","","","","","","","","","","","","","","","","","","","","","",19.6,1,18.1,1,"","","","","","","","","","","","","","","","","","","","","","","","","","",94,1,"","","","","","","","","","","","",21.5,1,1014.,1,"","","","","","",8,1,8,1,6,1,"","","","","","","","","","","","","","","","","","","","","","","","","","","","",6000,1,"","",2,1,2,1,"","","","","","","","","","",2,1,"","","","","","","","","","","","","","","","","","","","","","","","","","","","","","","","","","","","","","","","","","","","","","","","","","","","","",""
"33236002","CAP-FERRET",44.630667,-1.252,8,1977061718,"","","","",5.,1,340,1,"","","","","","","","","","","","","","","","","","","","","","","","","","","","",18.8,1,17.8,1,"","","","","","","","","","","","","","","","","","","","","","","","","","",97,1,"","","","","","","","","","","","",21.,1,1013.,1,"","","","","","",4,1,0,1,0,1,8,1,0,1,"","","","","","","","","","","","","","","","","","","","","","","","",6000,1,"","",2,1,1,1,"","","","","","","","","","",2,1,"","","","","","","","","","","","","","","","","","","","","","","","","","","","","","","","","","","","","","","","","","","","","","","","","","","","","",""
"33236002","CAP-FERRET",44.630667,-1.252,8,1977061721,"","","","",1.,1,20,1,"","","","","","","","","","","","","","","","","","","","","","","","","","","","",16.,1,16.,1,"","","","","","","","","","","","","","","","","","","","","","","","","","",100,1,"","","","","","","","","","","","",18.2,1,1013.8,1,"","","","","","",8,1,8,1,0,1,8,1,"","","","","","","","","","","","","","","","","","","","","","","","","","",2000,1,"","",10,1,1,1,"","","","","","","","","","",2,1,"","","","","","","","","","","","","","","","","","","","","","","","","","","","","","","","","","","","","","","","","","","","","","","","","","","","","",""
"33236002","CAP-FERRET",44.630667,-1.252,8,1977061800,"","","","","","","","","","","","","","","","","","","","","","","","","","","","","","","","","","","","","","","","","","","","","","","","","","","","","","","","","","","","","","","","","","","","","","","","","","","","","","","","","","",1012.2,1,"","","","","","","","","","","","","","","","","","","","","","","","","","","","","","","","","","","","","","","","","","","","","","","","","","","","","","","","","","","","","","","","","","","","","","","","","","","","","","","","","","","","","","","","","","","","","","","","","","","","","","","","","","","","","","","","","",""
"33236002","CAP-FERRET",44.630667,-1.252,8,1977061803,"","","","",5.,1,240,1,"","","","","","","","","","","","","","","","","","","","","","","","","","","","",15.8,1,15.8,1,"","","","","","","","","","","","","","","","","","","","","","","","","","",100,1,"","","","","","","","","","","","",17.9,1,1012.2,1,"","","","","","",8,1,8,1,6,1,"","","","","","","","","","","","","","","","","","","","","","","","","","","","",1400,1,"","",10,1,"","","","","","","","","","","","",2,1,"","","","","","","","","","","","","","","","","","","","","","","","","","","","","","","","","","","","","","","","","","","","","","","","","","","","","",""
"33236002","CAP-FERRET",44.630667,-1.252,8,1977061806,"","","","",5.,1,220,1,"","","","","","","","","","","","","","","","","","","","","","","","","","","","",15.8,1,15.8,1,"","","","","","","","","","","","","","","","","","","","","","","","","","",100,1,"","","","","","","","","","","","",17.9,1,1011.5,1,"","","","","","",6,1,0,1,0,1,7,1,3,1,"","","","","","","","","","","","","","","","","","","","","","","","",4000,1,"","",10,1,2,1,"","","","","","","","","","",2,1,"","","","","","","","","","","","","","","","","","","","","","","","","","","","","","","","","","","","","","","","","","","","","","","","","","","","","",""
"33236002","CAP-FERRET",44.630667,-1.252,8,1977061809,"","","","",3.,1,220,1,"","","","","","","","","","","","","","","","","","","","","","","","","","","","",18.8,1,16.4,1,"","","","","","","","","","","","","","","","","","","","","","","","","","",88,1,"","","","","","","","","","","","",19.2,1,1012.2,1,"","","","","","","","",6,1,0,1,0,1,"","","","","","","","","","","","","","","","","","","","","","","","","","",15000,1,"","",1,1,2,1,"","","","","","","","","","",2,1,"","","","","","","","","","","","","","","","","","","","","","","","","","","","","","","","","","","","","","","","","","","","","","","","","","","","","",""
"33236002","CAP-FERRET",44.630667,-1.252,8,1977061812,"","","","",6.,1,240,1,"","","","","","","","","","","","","","","","","","","","","","","","","","","","",20.2,1,17.5,1,"","","","","","","","","","","","","","","","","","","","","","","","","","",87,1,"","","","","","","","","","","","",20.6,1,1013.2,1,"","","","","","",3,1,0,1,1,1,0,1,2,1,"","","","","","","","","","","","","","","","","","","","","","","","",16000,1,"","",1,1,1,1,"","","","","","","","","","",2,1,"","","","","","","","","","","","","","","","","","","","","","","","","","","","","","","","","","","","","","","","","","","","","","","","","","","","","",""
"33236002","CAP-FERRET",44.630667,-1.252,8,1977061815,"","","","",6.,1,280,1,"","","","","","","","","","","","","","","","","","","","","","","","","","","","",18.6,1,16.8,1,"","","","","","","","","","","","","","","","","","","","","","","","","","",92,1,"","","","","","","","","","","","",19.7,1,1013.4,1,"","","","","","",7,1,7,1,5,1,"","","","","","","","","","","","","","","","","","","","","","","","","","","","",12000,1,"","",3,1,1,1,"","","","","","","","","","",2,1,"","","","","","","","","","","","","","","","","","","","","","","","","","","","","","","","","","","","","","","","","","","","","","","","","","","","","",""
"33236002","CAP-FERRET",44.630667,-1.252,8,1977061818,"","","","",3.,1,280,1,"","","","","","","","","","","","","","","","","","","","","","","","","","","","",18.6,1,17.8,1,"","","","","","","","","","","","","","","","","","","","","","","","","","",98,1,"","","","","","","","","","","","",21.,1,1013.6,1,"","","","","","",3,1,0,1,6,1,0,1,0,1,"","","","","","","","","","","","","","","","","","","","","","","","",6000,1,"","",1,1,1,1,"","","","","","","","","","",2,1,"","","","","","","","","","","","","","","","","","","","","","","","","","","","","","","","","","","","","","","","","","","","","","","","","","","","","",""
"33236002","CAP-FERRET",44.630667,-1.252,8,1977061821,"","","","",3.,1,260,1,"","","","","","","","","","","","","","","","","","","","","","","","","","","","",16.2,1,15.,1,"","","","","","","","","","","","","","","","","","","","","","","","","","",96,1,"","","","","","","","","","","","",17.5,1,1015.2,1,"","","","","","",6,1,6,1,5,1,0,1,0,1,"","","","","","","","","","","","","","","","","","","","","","","","",12000,1,"","",2,1,1,1,"","","","","","","","","","",2,1,"","","","","","","","","","","","","","","","","","","","","","","","","","","","","","","","","","","","","","","","","","","","","","","","","","","","","",""
"33236002","CAP-FERRET",44.630667,-1.252,8,1977061900,"","","","","","","","","","","","","","","","","","","","","","","","","","","","","","","","","","","","","","","","","","","","","","","","","","","","","","","","","","","","","","","","","","","","","","","","","","","","","","","","","","",1015.4,1,"","","","","","","","","","","","","","","","","","","","","","","","","","","","","","","","","","","","","","","","","","","","","","","","","","","","","","","","","","","","","","","","","","","","","","","","","","","","","","","","","","","","","","","","","","","","","","","","","","","","","","","","","","","","","","","","","",""
"33236002","CAP-FERRET",44.630667,-1.252,8,1977061903,"","","","",5.,1,320,1,"","","","","","","","","","","","","","","","","","","","","","","","","","","","",15.9,1,15.9,1,"","","","","","","","","","","","","","","","","","","","","","","","","","",100,1,"","","","","","","","","","","","",18.1,1,1014.9,1,"","","","","","",3,1,0,1,5,1,0,1,0,1,"","","","","","","","","","","","","","","","","","","","","","","","",10000,1,"","",0,1,"","","","","","","","","","","","",2,1,"","","","","","","","","","","","","","","","","","","","","","","","","","","","","","","","","","","","","","","","","","","","","","","","","","","","","",""
"33236002","CAP-FERRET",44.630667,-1.252,8,1977061906,"","","","",1.,1,40,1,"","","","","","","","","","","","","","","","","","","","","","","","","","","","",15.6,1,15.6,1,"","","","","","","","","","","","","","","","","","","","","","","","","","",100,1,"","","","","","","","","","","","",17.7,1,1015.2,1,"","","","","","",7,1,7,1,5,1,"","","","","","","","","","","","","","","","","","","","","","","","","","","","",8000,1,"","",2,1,"","","","","","","","","","","","",2,1,"","","","","","","","","","","","","","","","","","","","","","","","","","","","","","","","","","","","","","","","","","","","","","","","","","","","","",""
"33236002","CAP-FERRET",44.630667,-1.252,8,1977061909,"","","","",1.,1,240,1,"","","","","","","","","","","","","","","","","","","","","","","","","","","","",18.,1,13.8,1,"","","","","","","","","","","","","","","","","","","","","","","","","","","","","","","","","","","","","","","","",16.2,1,1016.,1,"","","","","","",8,1,8,1,8,1,"","","","","","","","","","","","","","","","","","","","","","","","","","","","",10000,1,"","",2,1,2,1,"","","","","","","","","","",2,1,"","","","","","","","","","","","","","","","","","","","","","","","","","","","","","","","","","","","","","","","","","","","","","","","","","","","","",""
"33236002","CAP-FERRET",44.630667,-1.252,8,1977061912,"","","","",4.,1,320,1,"","","","","","","","","","","","","","","","","","","","","","","","","","","","",21.,1,17.3,1,"","","","","","","","","","","","","","","","","","","","","","","","","","",82,1,"","","","","","","","","","","","",20.4,1,1015.8,1,"","","","","","",3,1,0,1,2,1,0,1,0,1,"","","","","","","","","","","","","","","","","","","","","","","","",10000,1,"","",2,1,1,1,"","","","","","","","","","",2,1,"","","","","","","","","","","","","","","","","","","","","","","","","","","","","","","","","","","","","","","","","","","","","","","","","","","","","",""
"33236002","CAP-FERRET",44.630667,-1.252,8,1977061915,"","","","",4.,1,340,1,"","","","","","","","","","","","","","","","","","","","","","","","","","","","",21.2,1,18.6,1,"","","","","","","","","","","","","","","","","","","","","","","","","","",88,1,"","","","","","","","","","","","",22.2,1,1015.3,1,"","","","","","",2,1,0,1,2,1,0,1,0,1,"","","","","","","","","","","","","","","","","","","","","","","","",12000,1,"","",2,1,0,1,"","","","","","","","","","",2,1,"","","","","","","","","","","","","","","","","","","","","","","","","","","","","","","","","","","","","","","","","","","","","","","","","","","","","",""
"33236002","CAP-FERRET",44.630667,-1.252,8,1977061918,"","","","",6.,1,360,1,"","","","","","","","","","","","","","","","","","","","","","","","","","","","",18.7,1,16.9,1,"","","","","","","","","","","","","","","","","","","","","","","","","","",92,1,"","","","","","","","","","","","",19.9,1,1014.4,1,"","","","","","",6,1,5,1,2,1,0,1,2,1,"","","","","","","","","","","","","","","","","","","","","","","","",15000,1,"","",2,1,1,1,"","","","","","","","","","",2,1,"","","","","","","","","","","","","","","","","","","","","","","","","","","","","","","","","","","","","","","","","","","","","","","","","","","","","",""
"33236002","CAP-FERRET",44.630667,-1.252,8,1977061921,"","","","",5.,1,20,1,"","","","","","","","","","","","","","","","","","","","","","","","","","","","",16.7,1,16.7,1,"","","","","","","","","","","","","","","","","","","","","","","","","","",100,1,"","","","","","","","","","","","",19.,1,1014.9,1,"","","","","","",7,1,7,1,5,1,"","","","","","","","","","","","","","","","","","","","","","","","","","","","",10000,1,"","",2,1,2,1,"","","","","","","","","","",2,1,"","","","","","","","","","","","","","","","","","","","","","","","","","","","","","","","","","","","","","","","","","","","","","","","","","","","","",""
"33236002","CAP-FERRET",44.630667,-1.252,8,1977062000,"","","","","","","","","","","","","","","","","","","","","","","","","","","","","","","","","","","","","","","","","","","","","","","","","","","","","","","","","","","","","","","","","","","","","","","","","","","","","","","","","","",1014.6,1,"","","","","","","","","","","","","","","","","","","","","","","","","","","","","","","","","","","","","","","","","","","","","","","","","","","","","","","","","","","","","","","","","","","","","","","","","","","","","","","","","","","","","","","","","","","","","","","","","","","","","","","","","","","","","","","","","",""
"33236002","CAP-FERRET",44.630667,-1.252,8,1977062003,"","","","",1.,1,180,1,"","","","","","","","","","","","","","","","","","","","","","","","","","","","",14.,1,14.,1,"","","","","","","","","","","","","","","","","","","","","","","","","","",100,1,"","","","","","","","","","","","",16.,1,1014.6,1,"","","","","","",6,1,5,1,5,1,0,1,0,1,"","","","","","","","","","","","","","","","","","","","","","","","",10000,1,"","",0,1,"","","","","","","","","","","","",2,1,"","","","","","","","","","","","","","","","","","","","","","","","","","","","","","","","","","","","","","","","","","","","","","","","","","","","","",""
"33236002","CAP-FERRET",44.630667,-1.252,8,1977062006,"","","","",1.,1,20,1,"","","","","","","","","","","","","","","","","","","","","","","","","","","","",14.2,1,14.2,1,"","","","","","","","","","","","","","","","","","","","","","","","","","",100,1,"","","","","","","","","","","","",16.2,1,1015.,1,"","","","","","",7,1,7,1,8,1,"","","","","","","","","","","","","","","","","","","","","","","","","","","","",12000,1,"","",62,1,8,1,"","","","","","","","","","",2,1,"","","","","","","","","","","","","","","","","","","","","","","","","","","","","","","","","","","","","","","","","","","","","","","","","","","","","",""
"33236002","CAP-FERRET",44.630667,-1.252,8,1977062009,"","","","",1.,1,60,1,"","","","","","","","","","","","","","","","","","","","","","","","","","","","",17.6,1,13.1,1,"","","","","","","","","","","","","","","","","","","","","","","","","","",76,1,"","","","","","","","","","","","",15.4,1,1015.6,1,"","","","","","",7,1,7,1,8,1,"","","","","","","","","","","","","","","","","","","","","","","","","","","","",14000,1,"","",2,1,2,1,"","","","","","","","","","",2,1,"","","","","","","","","","","","","","","","","","","","","","","","","","","","","","","","","","","","","","","","","","","","","","","","","","","","","",""
"33236002","CAP-FERRET",44.630667,-1.252,8,1977062012,"","","","",4.,1,280,1,"","","","","","","","","","","","","","","","","","","","","","","","","","","","",16.2,1,16.2,1,"","","","","","","","","","","","","","","","","","","","","","","","","","",100,1,"","","","","","","","","","","","",18.4,1,1016.6,1,"","","","","","",7,1,7,1,9,1,"","","","","","","","","","","","","","","","","","","","","","","","","","","","",9000,1,"","",81,1,8,1,"","","","","","","","","","",2,1,"","","","","","","","","","","","","","","","","","","","","","","","","","","","","","","","","","","","","","","","","","","","","","","","","","","","","",""
"33236002","CAP-FERRET",44.630667,-1.252,8,1977062015,"","","","",5.,1,340,1,"","","","","","","","","","","","","","","","","","","","","","","","","","","","",20.,1,17.9,1,"","","","","","","","","","","","","","","","","","","","","","","","","","",91,1,"","","","","","","","","","","","",21.2,1,1016.,1,"","","","","","",3,1,0,1,8,1,0,1,0,1,"","","","","","","","","","","","","","","","","","","","","","","","",14000,1,"","",1,1,8,1,"","","","","","","","","","",2,1,"","","","","","","","","","","","","","","","","","","","","","","","","","","","","","","","","","","","","","","","","","","","","","","","","","","","","",""
"33236002","CAP-FERRET",44.630667,-1.252,8,1977062018,"","","","",6.,1,340,1,"","","","","","","","","","","","","","","","","","","","","","","","","","","","",17.2,1,16.1,1,"","","","","","","","","","","","","","","","","","","","","","","","","","",96,1,"","","","","","","","","","","","",18.8,1,1016.6,1,"","","","","","",5,1,5,1,8,1,0,1,0,1,"","","","","","","","","","","","","","","","","","","","","","","","",9000,1,"","",2,1,8,1,"","","","","","","","","","",2,1,"","","","","","","","","","","","","","","","","","","","","","","","","","","","","","","","","","","","","","","","","","","","","","","","","","","","","",""
"33236002","CAP-FERRET",44.630667,-1.252,8,1977062021,"","","","",7.,1,360,1,"","","","","","","","","","","","","","","","","","","","","","","","","","","","",16.1,1,15.1,1,"","","","","","","","","","","","","","","","","","","","","","","","","","",97,1,"","","","","","","","","","","","",17.7,1,1017.7,1,"","","","","","",8,1,5,1,8,1,"","","","","","","","","","","","","","","","","","","","","","","","","","","","",10000,1,"","",2,1,2,1,"","","","","","","","","","",2,1,"","","","","","","","","","","","","","","","","","","","","","","","","","","","","","","","","","","","","","","","","","","","","","","","","","","","","",""
"33236002","CAP-FERRET",44.630667,-1.252,8,1977062100,"","","","","","","","","","","","","","","","","","","","","","","","","","","","","","","","","","","","","","","","","","","","","","","","","","","","","","","","","","","","","","","","","","","","","","","","","","","","","","","","","","",1017.7,1,"","","","","","","","","","","","","","","","","","","","","","","","","","","","","","","","","","","","","","","","","","","","","","","","","","","","","","","","","","","","","","","","","","","","","","","","","","","","","","","","","","","","","","","","","","","","","","","","","","","","","","","","","","","","","","","","","",""
"33236002","CAP-FERRET",44.630667,-1.252,8,1977062103,"","","","",5.,1,340,1,"","","","","","","","","","","","","","","","","","","","","","","","","","","","",14.6,1,14.6,1,"","","","","","","","","","","","","","","","","","","","","","","","","","",100,1,"","","","","","","","","","","","",16.6,1,1018.3,1,"","","","","","",8,1,8,1,8,1,"","","","","","","","","","","","","","","","","","","","","","","","","","","","",8000,1,"","",0,1,"","","","","","","","","","","","",2,1,"","","","","","","","","","","","","","","","","","","","","","","","","","","","","","","","","","","","","","","","","","","","","","","","","","","","","",""
"33236002","CAP-FERRET",44.630667,-1.252,8,1977062106,"","","","",6.,1,320,1,"","","","","","","","","","","","","","","","","","","","","","","","","","","","",14.4,1,13.6,1,"","","","","","","","","","","","","","","","","","","","","","","","","","",98,1,"","","","","","","","","","","","",16.,1,1019.,1,"","","","","","",6,1,0,1,2,1,0,1,2,1,"","","","","","","","","","","","","","","","","","","","","","","","",10000,1,"","",2,1,"","","","","","","","","","","","",2,1,"","","","","","","","","","","","","","","","","","","","","","","","","","","","","","","","","","","","","","","","","","","","","","","","","","","","","",""
"33236002","CAP-FERRET",44.630667,-1.252,8,1977062109,"","","","",5.,1,300,1,"","","","","","","","","","","","","","","","","","","","","","","","","","","","",18.2,1,15.9,1,"","","","","","","","","","","","","","","","","","","","","","","","","","",89,1,"","","","","","","","","","","","",18.6,1,1019.7,1,"","","","","","",6,1,0,1,8,1,0,1,0,1,"","","","","","","","","","","","","","","","","","","","","","","","",10000,1,"","",2,1,2,1,"","","","","","","","","","",2,1,"","","","","","","","","","","","","","","","","","","","","","","","","","","","","","","","","","","","","","","","","","","","","","","","","","","","","",""
"33236002","CAP-FERRET",44.630667,-1.252,8,1977062112,"","","","",5.,1,280,1,"","","","","","","","","","","","","","","","","","","","","","","","","","","","",17.6,1,16.8,1,"","","","","","","","","","","","","","","","","","","","","","","","","","",98,1,"","","","","","","","","","","","",19.7,1,1020.3,1,"","","","","","",7,1,7,1,8,1,"","","","","","","","","","","","","","","","","","","","","","","","","","","","",15000,1,"","",2,1,2,1,"","","","","","","","","","",2,1,"","","","","","","","","","","","","","","","","","","","","","","","","","","","","","","","","","","","","","","","","","","","","","","","","","","","","",""
"33236002","CAP-FERRET",44.630667,-1.252,8,1977062115,"","","","",6.,1,300,1,"","","","","","","","","","","","","","","","","","","","","","","","","","","","",16.8,1,14.,1,"","","","","","","","","","","","","","","","","","","","","","","","","","",86,1,"","","","","","","","","","","","",16.4,1,1020.2,1,"","","","","","",7,1,7,1,8,1,"","","","","","","","","","","","","","","","","","","","","","","","","","","","",10000,1,"","",2,1,2,1,"","","","","","","","","","",2,1,"","","","","","","","","","","","","","","","","","","","","","","","","","","","","","","","","","","","","","","","","","","","","","","","","","","","","",""
"33236002","CAP-FERRET",44.630667,-1.252,8,1977062118,"","","","",6.,1,300,1,"","","","","","","","","","","","","","","","","","","","","","","","","","","","",17.1,1,14.8,1,"","","","","","","","","","","","","","","","","","","","","","","","","","",89,1,"","","","","","","","","","","","",17.3,1,1020.4,1,"","","","","","",6,1,0,1,2,1,0,1,2,1,"","","","","","","","","","","","","","","","","","","","","","","","",12000,1,"","",2,1,2,1,"","","","","","","","","","",2,1,"","","","","","","","","","","","","","","","","","","","","","","","","","","","","","","","","","","","","","","","","","","","","","","","","","","","","",""
"33236002","CAP-FERRET",44.630667,-1.252,8,1977062121,"","","","",4.,1,300,1,"","","","","","","","","","","","","","","","","","","","","","","","","","","","",15.4,1,14.3,1,"","","","","","","","","","","","","","","","","","","","","","","","","","",96,1,"","","","","","","","","","","","",16.7,1,1021.4,1,"","","","","","",8,1,8,1,8,1,"","","","","","","","","","","","","","","","","","","","","","","","","","","","",10000,1,"","",2,1,2,1,"","","","","","","","","","",2,1,"","","","","","","","","","","","","","","","","","","","","","","","","","","","","","","","","","","","","","","","","","","","","","","","","","","","","",""
"33236002","CAP-FERRET",44.630667,-1.252,8,1977062200,"","","","","","","","","","","","","","","","","","","","","","","","","","","","","","","","","","","","","","","","","","","","","","","","","","","","","","","","","","","","","","","","","","","","","","","","","","","","","","","","","","",1021.,1,"","","","","","","","","","","","","","","","","","","","","","","","","","","","","","","","","","","","","","","","","","","","","","","","","","","","","","","","","","","","","","","","","","","","","","","","","","","","","","","","","","","","","","","","","","","","","","","","","","","","","","","","","","","","","","","","","",""
"33236002","CAP-FERRET",44.630667,-1.252,8,1977062203,"","","","",6.,1,280,1,"","","","","","","","","","","","","","","","","","","","","","","","","","","","",15.,1,13.9,1,"","","","","","","","","","","","","","","","","","","","","","","","","","",96,1,"","","","","","","","","","","","",16.3,1,1020.,1,"","","","","","",8,1,8,1,5,1,"","","","","","","","","","","","","","","","","","","","","","","","","","","","",10000,1,"","",0,1,"","","","","","","","","","","","",2,1,"","","","","","","","","","","","","","","","","","","","","","","","","","","","","","","","","","","","","","","","","","","","","","","","","","","","","",""
"33236002","CAP-FERRET",44.630667,-1.252,8,1977062206,"","","","",6.,1,300,1,"","","","","","","","","","","","","","","","","","","","","","","","","","","","",15.4,1,14.3,1,"","","","","","","","","","","","","","","","","","","","","","","","","","",96,1,"","","","","","","","","","","","",16.7,1,1020.,1,"","","","","","",8,1,8,1,5,1,"","","","","","","","","","","","","","","","","","","","","","","","","","","","",10000,1,"","",2,1,2,1,"","","","","","","","","","",2,1,"","","","","","","","","","","","","","","","","","","","","","","","","","","","","","","","","","","","","","","","","","","","","","","","","","","","","",""
"33236002","CAP-FERRET",44.630667,-1.252,8,1977062209,"","","","",4.,1,280,1,"","","","","","","","","","","","","","","","","","","","","","","","","","","","",17.2,1,14.4,1,"","","","","","","","","","","","","","","","","","","","","","","","","","",86,1,"","","","","","","","","","","","",16.8,1,1020.4,1,"","","","","","",7,1,7,1,5,1,"","","","","","","","","","","","","","","","","","","","","","","","","","","","",16000,1,"","",2,1,2,1,"","","","","","","","","","",2,1,"","","","","","","","","","","","","","","","","","","","","","","","","","","","","","","","","","","","","","","","","","","","","","","","","","","","","",""
"33236002","CAP-FERRET",44.630667,-1.252,8,1977062212,"","","","",4.,1,280,1,"","","","","","","","","","","","","","","","","","","","","","","","","","","","",20.8,1,17.4,1,"","","","","","","","","","","","","","","","","","","","","","","","","","",84,1,"","","","","","","","","","","","",20.5,1,1020.4,1,"","","","","","",5,1,5,1,5,1,"","","","","","","","","","","","","","","","","","","","","","","","","","","","",16000,1,"","",1,1,2,1,"","","","","","","","","","",2,1,"","","","","","","","","","","","","","","","","","","","","","","","","","","","","","","","","","","","","","","","","","","","","","","","","","","","","",""
"33236002","CAP-FERRET",44.630667,-1.252,8,1977062215,"","","","",5.,1,280,1,"","","","","","","","","","","","","","","","","","","","","","","","","","","","",20.,1,17.2,1,"","","","","","","","","","","","","","","","","","","","","","","","","","",87,1,"","","","","","","","","","","","",20.3,1,1019.4,1,"","","","","","",3,1,0,1,8,1,0,1,0,1,"","","","","","","","","","","","","","","","","","","","","","","","",16000,1,"","",1,1,1,1,"","","","","","","","","","",2,1,"","","","","","","","","","","","","","","","","","","","","","","","","","","","","","","","","","","","","","","","","","","","","","","","","","","","","",""
"33236002","CAP-FERRET",44.630667,-1.252,8,1977062218,"","","","",3.,1,320,1,"","","","","","","","","","","","","","","","","","","","","","","","","","","","",18.8,1,16.7,1,"","","","","","","","","","","","","","","","","","","","","","","","","","",90,1,"","","","","","","","","","","","",19.6,1,1019.1,1,"","","","","","",5,1,5,1,8,1,0,1,0,1,"","","","","","","","","","","","","","","","","","","","","","","","",14000,1,"","",2,1,1,1,"","","","","","","","","","",2,1,"","","","","","","","","","","","","","","","","","","","","","","","","","","","","","","","","","","","","","","","","","","","","","","","","","","","","",""
"33236002","CAP-FERRET",44.630667,-1.252,8,1977062221,"","","","",2.,1,320,1,"","","","","","","","","","","","","","","","","","","","","","","","","","","","",16.6,1,15.8,1,"","","","","","","","","","","","","","","","","","","","","","","","","","",97,1,"","","","","","","","","","","","",18.5,1,1019.7,1,"","","","","","",6,1,6,1,8,1,0,1,0,1,"","","","","","","","","","","","","","","","","","","","","","","","",9000,1,"","",2,1,2,1,"","","","","","","","","","",2,1,"","","","","","","","","","","","","","","","","","","","","","","","","","","","","","","","","","","","","","","","","","","","","","","","","","","","","",""
"33236002","CAP-FERRET",44.630667,-1.252,8,1977062300,"","","","","","","","","","","","","","","","","","","","","","","","","","","","","","","","","","","","","","","","","","","","","","","","","","","","","","","","","","","","","","","","","","","","","","","","","","","","","","","","","","",1019.1,1,"","","","","","","","","","","","","","","","","","","","","","","","","","","","","","","","","","","","","","","","","","","","","","","","","","","","","","","","","","","","","","","","","","","","","","","","","","","","","","","","","","","","","","","","","","","","","","","","","","","","","","","","","","","","","","","","","",""
"33236002","CAP-FERRET",44.630667,-1.252,8,1977062303,"","","","",2.,1,20,1,"","","","","","","","","","","","","","","","","","","","","","","","","","","","",14.4,1,13.3,1,"","","","","","","","","","","","","","","","","","","","","","","","","","",96,1,"","","","","","","","","","","","",15.7,1,1019.1,1,"","","","","","",0,1,"","",0,1,0,1,0,1,"","","","","","","","","","","","","","","","","","","","","","","","",10000,1,"","",0,1,"","","","","","","","","","","","",2,1,"","","","","","","","","","","","","","","","","","","","","","","","","","","","","","","","","","","","","","","","","","","","","","","","","","","","","",""
"33236002","CAP-FERRET",44.630667,-1.252,8,1977062306,"","","","",1.,1,20,1,"","","","","","","","","","","","","","","","","","","","","","","","","","","","",12.8,1,12.8,1,"","","","","","","","","","","","","","","","","","","","","","","","","","",100,1,"","","","","","","","","","","","",14.8,1,1019.3,1,"","","","","","",2,1,0,1,0,1,0,1,2,1,"","","","","","","","","","","","","","","","","","","","","","","","",9000,1,"","",2,1,"","","","","","","","","","","","",2,1,"","","","","","","","","","","","","","","","","","","","","","","","","","","","","","","","","","","","","","","","","","","","","","","","","","","","","",""
"33236002","CAP-FERRET",44.630667,-1.252,8,1977062309,"","","","",3.,1,80,1,"","","","","","","","","","","","","","","","","","","","","","","","","","","","",19.2,1,12.4,1,"","","","","","","","","","","","","","","","","","","","","","","","","","",66,1,"","","","","","","","","","","","",14.7,1,1020.,1,"","","","","","",4,1,0,1,2,1,0,1,0,1,"","","","","","","","","","","","","","","","","","","","","","","","",12000,1,"","",3,1,0,1,"","","","","","","","","","",2,1,"","","","","","","","","","","","","","","","","","","","","","","","","","","","","","","","","","","","","","","","","","","","","","","","","","","","","",""
"33236002","CAP-FERRET",44.630667,-1.252,8,1977062312,"","","","",5.,1,320,1,"","","","","","","","","","","","","","","","","","","","","","","","","","","","",21.,1,15.2,1,"","","","","","","","","","","","","","","","","","","","","","","","","","",72,1,"","","","","","","","","","","","",17.8,1,1020.4,1,"","","","","","",6,1,0,1,8,1,0,1,0,1,"","","","","","","","","","","","","","","","","","","","","","","","",15000,1,"","",2,1,1,1,"","","","","","","","","","",2,1,"","","","","","","","","","","","","","","","","","","","","","","","","","","","","","","","","","","","","","","","","","","","","","","","","","","","","",""
"33236002","CAP-FERRET",44.630667,-1.252,8,1977062315,"","","","",4.,1,320,1,"","","","","","","","","","","","","","","","","","","","","","","","","","","","",21.,1,15.7,1,"","","","","","","","","","","","","","","","","","","","","","","","","","",74,1,"","","","","","","","","","","","",18.3,1,1020.4,1,"","","","","","",6,1,5,1,8,1,0,1,0,1,"","","","","","","","","","","","","","","","","","","","","","","","",12000,1,"","",2,1,2,1,"","","","","","","","","","",2,1,"","","","","","","","","","","","","","","","","","","","","","","","","","","","","","","","","","","","","","","","","","","","","","","","","","","","","",""
"33236002","CAP-FERRET",44.630667,-1.252,8,1977062318,"","","","",5.,1,340,1,"","","","","","","","","","","","","","","","","","","","","","","","","","","","",19.,1,14.7,1,"","","","","","","","","","","","","","","","","","","","","","","","","","",78,1,"","","","","","","","","","","","",17.2,1,1020.2,1,"","","","","","",5,1,5,1,2,1,0,1,2,1,"","","","","","","","","","","","","","","","","","","","","","","","",15000,1,"","",1,1,2,1,"","","","","","","","","","",2,1,"","","","","","","","","","","","","","","","","","","","","","","","","","","","","","","","","","","","","","","","","","","","","","","","","","","","","",""
"33236002","CAP-FERRET",44.630667,-1.252,8,1977062321,"","","","",2.,1,360,1,"","","","","","","","","","","","","","","","","","","","","","","","","","","","",13.8,1,13.8,1,"","","","","","","","","","","","","","","","","","","","","","","","","","",100,1,"","","","","","","","","","","","",15.8,1,1020.8,1,"","","","","","",2,1,0,1,0,1,0,1,2,1,"","","","","","","","","","","","","","","","","","","","","","","","",10000,1,"","",2,1,1,1,"","","","","","","","","","",2,1,"","","","","","","","","","","","","","","","","","","","","","","","","","","","","","","","","","","","","","","","","","","","","","","","","","","","","",""
"33236002","CAP-FERRET",44.630667,-1.252,8,1977062400,"","","","","","","","","","","","","","","","","","","","","","","","","","","","","","","","","","","","","","","","","","","","","","","","","","","","","","","","","","","","","","","","","","","","","","","","","","","","","","","","","","",1021.,1,"","","","","","","","","","","","","","","","","","","","","","","","","","","","","","","","","","","","","","","","","","","","","","","","","","","","","","","","","","","","","","","","","","","","","","","","","","","","","","","","","","","","","","","","","","","","","","","","","","","","","","","","","","","","","","","","","",""
"33236002","CAP-FERRET",44.630667,-1.252,8,1977062403,"","","","",1.,1,120,1,"","","","","","","","","","","","","","","","","","","","","","","","","","","","",12.,1,12.,1,"","","","","","","","","","","","","","","","","","","","","","","","","","",100,1,"","","","","","","","","","","","",14.,1,1021.,1,"","","","","","",3,1,0,1,5,1,"","","","","","","","","","","","","","","","","","","","","","","","","","","","",6000,1,"","",0,1,"","","","","","","","","","","","",2,1,"","","","","","","","","","","","","","","","","","","","","","","","","","","","","","","","","","","","","","","","","","","","","","","","","","","","","",""
"33236002","CAP-FERRET",44.630667,-1.252,8,1977062406,"","","","",0.,1,0,1,"","","","","","","","","","","","","","","","","","","","","","","","","","","","",13.6,1,7.7,1,"","","","","","","","","","","","","","","","","","","","","","","","","","",69,1,"","","","","","","","","","","","",10.7,1,1020.8,1,"","","","","","",6,1,6,1,5,1,0,1,0,1,"","","","","","","","","","","","","","","","","","","","","","","","",6000,1,"","",2,1,1,1,"","","","","","","","","","",2,1,"","","","","","","","","","","","","","","","","","","","","","","","","","","","","","","","","","","","","","","","","","","","","","","","","","","","","",""
"33236002","CAP-FERRET",44.630667,-1.252,8,1977062409,"","","","",1.,1,180,1,"","","","","","","","","","","","","","","","","","","","","","","","","","","","",18.8,1,16.1,1,"","","","","","","","","","","","","","","","","","","","","","","","","","",86,1,"","","","","","","","","","","","",18.8,1,1021.4,1,"","","","","","",3,1,0,1,8,1,6,1,0,1,"","","","","","","","","","","","","","","","","","","","","","","","",12000,1,"","",1,1,1,1,"","","","","","","","","","",2,1,"","","","","","","","","","","","","","","","","","","","","","","","","","","","","","","","","","","","","","","","","","","","","","","","","","","","","",""
"33236002","CAP-FERRET",44.630667,-1.252,8,1977062412,"","","","",3.,1,300,1,"","","","","","","","","","","","","","","","","","","","","","","","","","","","",20.8,1,16.8,1,"","","","","","","","","","","","","","","","","","","","","","","","","","",80,1,"","","","","","","","","","","","",19.7,1,1020.9,1,"","","","","","",1,1,0,1,8,1,0,1,0,1,"","","","","","","","","","","","","","","","","","","","","","","","",15000,1,"","",1,1,1,1,"","","","","","","","","","",2,1,"","","","","","","","","","","","","","","","","","","","","","","","","","","","","","","","","","","","","","","","","","","","","","","","","","","","","",""
"33236002","CAP-FERRET",44.630667,-1.252,8,1977062415,"","","","",4.,1,320,1,"","","","","","","","","","","","","","","","","","","","","","","","","","","","",21.4,1,17.9,1,"","","","","","","","","","","","","","","","","","","","","","","","","","",83,1,"","","","","","","","","","","","",21.2,1,1020.5,1,"","","","","","",0,1,"","",0,1,0,1,0,1,"","","","","","","","","","","","","","","","","","","","","","","","",14000,1,"","",1,1,0,1,"","","","","","","","","","",2,1,"","","","","","","","","","","","","","","","","","","","","","","","","","","","","","","","","","","","","","","","","","","","","","","","","","","","","",""
"33236002","CAP-FERRET",44.630667,-1.252,8,1977062418,"","","","",3.,1,360,1,"","","","","","","","","","","","","","","","","","","","","","","","","","","","",18.8,1,15.3,1,"","","","","","","","","","","","","","","","","","","","","","","","","","",83,1,"","","","","","","","","","","","",17.9,1,1019.5,1,"","","","","","",6,1,6,1,0,1,0,1,4,1,"","","","","","","","","","","","","","","","","","","","","","","","",14000,1,"","",3,1,1,1,"","","","","","","","","","",2,1,"","","","","","","","","","","","","","","","","","","","","","","","","","","","","","","","","","","","","","","","","","","","","","","","","","","","","",""
"33236002","CAP-FERRET",44.630667,-1.252,8,1977062421,"","","","",2.,1,40,1,"","","","","","","","","","","","","","","","","","","","","","","","","","","","",15.4,1,13.9,1,"","","","","","","","","","","","","","","","","","","","","","","","","","",93,1,"","","","","","","","","","","","",16.3,1,1019.9,1,"","","","","","",6,1,6,1,0,1,0,1,1,1,"","","","","","","","","","","","","","","","","","","","","","","","",14000,1,"","",2,1,2,1,"","","","","","","","","","",2,1,"","","","","","","","","","","","","","","","","","","","","","","","","","","","","","","","","","","","","","","","","","","","","","","","","","","","","",""
"33236002","CAP-FERRET",44.630667,-1.252,8,1977062500,"","","","","","","","","","","","","","","","","","","","","","","","","","","","","","","","","","","","","","","","","","","","","","","","","","","","","","","","","","","","","","","","","","","","","","","","","","","","","","","","","","",1019.8,1,"","","","","","","","","","","","","","","","","","","","","","","","","","","","","","","","","","","","","","","","","","","","","","","","","","","","","","","","","","","","","","","","","","","","","","","","","","","","","","","","","","","","","","","","","","","","","","","","","","","","","","","","","","","","","","","","","",""
"33236002","CAP-FERRET",44.630667,-1.252,8,1977062503,"","","","",3.,1,320,1,"","","","","","","","","","","","","","","","","","","","","","","","","","","","",12.9,1,12.9,1,"","","","","","","","","","","","","","","","","","","","","","","","","","",100,1,"","","","","","","","","","","","",14.9,1,1019.2,1,"","","","","","",8,1,8,1,5,1,"","","","","","","","","","","","","","","","","","","","","","","","","","","","",10000,1,"","",0,1,"","","","","","","","","","","","",2,1,"","","","","","","","","","","","","","","","","","","","","","","","","","","","","","","","","","","","","","","","","","","","","","","","","","","","","",""
"33236002","CAP-FERRET",44.630667,-1.252,8,1977062506,"","","","",3.,1,300,1,"","","","","","","","","","","","","","","","","","","","","","","","","","","","",15.6,1,14.2,1,"","","","","","","","","","","","","","","","","","","","","","","","","","",94,1,"","","","","","","","","","","","",16.6,1,1019.5,1,"","","","","","",8,1,8,1,5,1,"","","","","","","","","","","","","","","","","","","","","","","","","","","","",8000,1,"","",2,1,"","","","","","","","","","","","",2,1,"","","","","","","","","","","","","","","","","","","","","","","","","","","","","","","","","","","","","","","","","","","","","","","","","","","","","",""
"33236002","CAP-FERRET",44.630667,-1.252,8,1977062509,"","","","",2.,1,280,1,"","","","","","","","","","","","","","","","","","","","","","","","","","","","",16.7,1,15.2,1,"","","","","","","","","","","","","","","","","","","","","","","","","","",94,1,"","","","","","","","","","","","",17.8,1,1020.5,1,"","","","","","",7,1,6,1,8,1,"","","","","","","","","","","","","","","","","","","","","","","","","","","","",7000,1,"","",25,1,2,1,"","","","","","","","","","",2,1,"","","","","","","","","","","","","","","","","","","","","","","","","","","","","","","","","","","","","","","","","","","","","","","","","","","","","",""
"33236002","CAP-FERRET",44.630667,-1.252,8,1977062512,"","","","",5.,1,280,1,"","","","","","","","","","","","","","","","","","","","","","","","","","","","",20.3,1,11.9,1,"","","","","","","","","","","","","","","","","","","","","","","","","","",60,1,"","","","","","","","","","","","",14.2,1,1020.7,1,"","","","","","",6,1,6,1,2,1,0,1,0,1,"","","","","","","","","","","","","","","","","","","","","","","","",7000,1,"","",2,1,8,1,"","","","","","","","","","",2,1,"","","","","","","","","","","","","","","","","","","","","","","","","","","","","","","","","","","","","","","","","","","","","","","","","","","","","",""
"33236002","CAP-FERRET",44.630667,-1.252,8,1977062515,"","","","",5.,1,280,1,"","","","","","","","","","","","","","","","","","","","","","","","","","","","",20.2,1,17.2,1,"","","","","","","","","","","","","","","","","","","","","","","","","","",85,1,"","","","","","","","","","","","",20.2,1,1020.5,1,"","","","","","",5,1,0,1,2,1,0,1,2,1,"","","","","","","","","","","","","","","","","","","","","","","","",7000,1,"","",2,1,2,1,"","","","","","","","","","",2,1,"","","","","","","","","","","","","","","","","","","","","","","","","","","","","","","","","","","","","","","","","","","","","","","","","","","","","",""
"33236002","CAP-FERRET",44.630667,-1.252,8,1977062518,"","","","",4.,1,260,1,"","","","","","","","","","","","","","","","","","","","","","","","","","","","",18.3,1,16.1,1,"","","","","","","","","","","","","","","","","","","","","","","","","","",90,1,"","","","","","","","","","","","",18.9,1,1020.5,1,"","","","","","",7,1,7,1,5,1,"","","","","","","","","","","","","","","","","","","","","","","","","","","","",7000,1,"","",2,1,2,1,"","","","","","","","","","",2,1,"","","","","","","","","","","","","","","","","","","","","","","","","","","","","","","","","","","","","","","","","","","","","","","","","","","","","",""
"33236002","CAP-FERRET",44.630667,-1.252,8,1977062521,"","","","",6.,1,300,1,"","","","","","","","","","","","","","","","","","","","","","","","","","","","",17.3,1,17.3,1,"","","","","","","","","","","","","","","","","","","","","","","","","","",100,1,"","","","","","","","","","","","",19.7,1,1020.5,1,"","","","","","",8,1,"","",5,1,"","","","","","","","","","","","","","","","","","","","","","","","","","","","",6000,1,"","",2,1,2,1,"","","","","","","","","","",2,1,"","","","","","","","","","","","","","","","","","","","","","","","","","","","","","","","","","","","","","","","","","","","","","","","","","","","","",""
"33236002","CAP-FERRET",44.630667,-1.252,8,1977062600,"","","","","","","","","","","","","","","","","","","","","","","","","","","","","","","","","","","","","","","","","","","","","","","","","","","","","","","","","","","","","","","","","","","","","","","","","","","","","","","","","","",1020.5,1,"","","","","","","","","","","","","","","","","","","","","","","","","","","","","","","","","","","","","","","","","","","","","","","","","","","","","","","","","","","","","","","","","","","","","","","","","","","","","","","","","","","","","","","","","","","","","","","","","","","","","","","","","","","","","","","","","",""
"33236002","CAP-FERRET",44.630667,-1.252,8,1977062603,"","","","",6.,1,340,1,"","","","","","","","","","","","","","","","","","","","","","","","","","","","",15.8,1,14.,1,"","","","","","","","","","","","","","","","","","","","","","","","","","",91,1,"","","","","","","","","","","","",16.4,1,1021.5,1,"","","","","","",6,1,6,1,8,1,0,1,0,1,"","","","","","","","","","","","","","","","","","","","","","","","",14000,1,"","",0,1,"","","","","","","","","","","","",3,1,270,1,"","","","","","","","","","","","","","","","","","","","","","","","","","","","","","","","","","","","","","","","","","","","","","","","","","","",""
"33236002","CAP-FERRET",44.630667,-1.252,8,1977062606,"","","","",7.,1,340,1,"","","","","","","","","","","","","","","","","","","","","","","","","","","","",16.2,1,14.4,1,"","","","","","","","","","","","","","","","","","","","","","","","","","",91,1,"","","","","","","","","","","","",16.8,1,1023.1,1,"","","","","","",4,1,0,1,8,1,0,1,0,1,"","","","","","","","","","","","","","","","","","","","","","","","",16000,1,"","",1,1,1,1,"","","","","","","","","","",3,1,270,1,"","","","","","","","","","","","","","","","","","","","","","","","","","","","","","","","","","","","","","","","","","","","","","","","","","","",""
"33236002","CAP-FERRET",44.630667,-1.252,8,1977062609,"","","","",5.,1,320,1,"","","","","","","","","","","","","","","","","","","","","","","","","","","","",16.8,1,13.2,1,"","","","","","","","","","","","","","","","","","","","","","","","","","",81,1,"","","","","","","","","","","","",15.6,1,1024.7,1,"","","","","","",6,1,6,1,8,1,0,1,0,1,"","","","","","","","","","","","","","","","","","","","","","","","",20000,1,"","",2,1,1,1,"","","","","","","","","","",3,1,270,1,"","","","","","","","","","","","","","","","","","","","","","","","","","","","","","","","","","","","","","","","","","","","","","","","","","","",""
"33236002","CAP-FERRET",44.630667,-1.252,8,1977062612,"","","","",5.,1,320,1,"","","","","","","","","","","","","","","","","","","","","","","","","","","","",19.8,1,12.5,1,"","","","","","","","","","","","","","","","","","","","","","","","","","",64,1,"","","","","","","","","","","","",14.8,1,1025.3,1,"","","","","","",5,1,5,1,8,1,0,1,0,1,"","","","","","","","","","","","","","","","","","","","","","","","",20000,1,"","",2,1,1,1,"","","","","","","","","","",3,1,270,1,"","","","","","","","","","","","","","","","","","","","","","","","","","","","","","","","","","","","","","","","","","","","","","","","","","","",""
"33236002","CAP-FERRET",44.630667,-1.252,8,1977062615,"","","","",5.,1,320,1,"","","","","","","","","","","","","","","","","","","","","","","","","","","","",20.6,1,13.,1,"","","","","","","","","","","","","","","","","","","","","","","","","","",63,1,"","","","","","","","","","","","",15.3,1,1025.9,1,"","","","","","",3,1,0,1,8,1,0,1,0,1,"","","","","","","","","","","","","","","","","","","","","","","","",20000,1,"","",2,1,1,1,"","","","","","","","","","",3,1,270,1,"","","","","","","","","","","","","","","","","","","","","","","","","","","","","","","","","","","","","","","","","","","","","","","","","","","",""
"33236002","CAP-FERRET",44.630667,-1.252,8,1977062618,"","","","",5.,1,340,1,"","","","","","","","","","","","","","","","","","","","","","","","","","","","",17.8,1,12.2,1,"","","","","","","","","","","","","","","","","","","","","","","","","","",71,1,"","","","","","","","","","","","",14.5,1,1025.9,1,"","","","","","",4,1,0,1,2,1,0,1,0,1,"","","","","","","","","","","","","","","","","","","","","","","","",22000,1,"","",2,1,1,1,"","","","","","","","","","",3,1,270,1,"","","","","","","","","","","","","","","","","","","","","","","","","","","","","","","","","","","","","","","","","","","","","","","","","","","",""
"33236002","CAP-FERRET",44.630667,-1.252,8,1977062621,"","","","",2.,1,360,1,"","","","","","","","","","","","","","","","","","","","","","","","","","","","",14.2,1,12.6,1,"","","","","","","","","","","","","","","","","","","","","","","","","","",92,1,"","","","","","","","","","","","",14.9,1,1026.1,1,"","","","","","",4,1,0,1,4,1,0,1,0,1,"","","","","","","","","","","","","","","","","","","","","","","","",20000,1,"","",2,1,0,1,"","","","","","","","","","",3,1,270,1,"","","","","","","","","","","","","","","","","","","","","","","","","","","","","","","","","","","","","","","","","","","","","","","","","","","",""
"33236002","CAP-FERRET",44.630667,-1.252,8,1977062700,"","","","","","","","","","","","","","","","","","","","","","","","","","","","","","","","","","","","","","","","","","","","","","","","","","","","","","","","","","","","","","","","","","","","","","","","","","","","","","","","","","",1025.4,1,"","","","","","","","","","","","","","","","","","","","","","","","","","","","","","","","","","","","","","","","","","","","","","","","","","","","","","","","","","","","","","","","","","","","","","","","","","","","","","","","","","","","","","","","","","","","","","","","","","","","","","","","","","","","","","","","","",""
"33236002","CAP-FERRET",44.630667,-1.252,8,1977062703,"","","","",1.,1,40,1,"","","","","","","","","","","","","","","","","","","","","","","","","","","","",10.8,1,10.8,1,"","","","","","","","","","","","","","","","","","","","","","","","","","",100,1,"","","","","","","","","","","","",12.9,1,1024.9,1,"","","","","","",0,1,"","",0,1,0,1,0,1,"","","","","","","","","","","","","","","","","","","","","","","","",15000,1,"","",0,1,"","","","","","","","","","","","",3,1,270,1,"","","","","","","","","","","","","","","","","","","","","","","","","","","","","","","","","","","","","","","","","","","","","","","","","","","",""
"33236002","CAP-FERRET",44.630667,-1.252,8,1977062706,"","","","",0.,1,0,1,"","","","","","","","","","","","","","","","","","","","","","","","","","","","",12.,1,12.,1,"","","","","","","","","","","","","","","","","","","","","","","","","","",100,1,"","","","","","","","","","","","",14.,1,1024.6,1,"","","","","","",2,1,0,1,2,1,0,1,2,1,"","","","","","","","","","","","","","","","","","","","","","","","",25000,1,"","",2,1,"","","","","","","","","","","","",3,1,270,1,"","","","","","","","","","","","","","","","","","","","","","","","","","","","","","","","","","","","","","","","","","","","","","","","","","","",""
"33236002","CAP-FERRET",44.630667,-1.252,8,1977062709,"","","","",2.,1,300,1,"","","","","","","","","","","","","","","","","","","","","","","","","","","","",19.3,1,15.,1,"","","","","","","","","","","","","","","","","","","","","","","","","","",78,1,"","","","","","","","","","","","",17.5,1,1023.9,1,"","","","","","",4,1,0,1,2,1,0,1,0,1,"","","","","","","","","","","","","","","","","","","","","","","","",20000,1,"","",3,1,0,1,"","","","","","","","","","",3,1,270,1,"","","","","","","","","","","","","","","","","","","","","","","","","","","","","","","","","","","","","","","","","","","","","","","","","","","",""
"33236002","CAP-FERRET",44.630667,-1.252,8,1977062712,"","","","",5.,1,320,1,"","","","","","","","","","","","","","","","","","","","","","","","","","","","",21.,1,16.9,1,"","","","","","","","","","","","","","","","","","","","","","","","","","",79,1,"","","","","","","","","","","","",19.8,1,1023.,1,"","","","","","",4,1,0,1,2,1,0,1,0,1,"","","","","","","","","","","","","","","","","","","","","","","","",20000,1,"","",2,1,0,1,"","","","","","","","","","",2,1,"","","","","","","","","","","","","","","","","","","","","","","","","","","","","","","","","","","","","","","","","","","","","","","","","","","","","",""
"33236002","CAP-FERRET",44.630667,-1.252,8,1977062715,"","","","",7.,1,320,1,"","","","","","","","","","","","","","","","","","","","","","","","","","","","",21.2,1,17.5,1,"","","","","","","","","","","","","","","","","","","","","","","","","","",82,1,"","","","","","","","","","","","",20.7,1,1021.2,1,"","","","","","",2,1,0,1,2,1,0,1,0,1,"","","","","","","","","","","","","","","","","","","","","","","","",20000,1,"","",2,1,0,1,"","","","","","","","","","",2,1,"","","","","","","","","","","","","","","","","","","","","","","","","","","","","","","","","","","","","","","","","","","","","","","","","","","","","",""
"33236002","CAP-FERRET",44.630667,-1.252,8,1977062718,"","","","",8.,1,360,1,"","","","","","","","","","","","","","","","","","","","","","","","","","","","",19.7,1,16.5,1,"","","","","","","","","","","","","","","","","","","","","","","","","","",84,1,"","","","","","","","","","","","",19.3,1,1019.5,1,"","","","","","",3,1,0,1,2,1,0,1,2,1,"","","","","","","","","","","","","","","","","","","","","","","","",20000,1,"","",2,1,0,1,"","","","","","","","","","",2,1,"","","","","","","","","","","","","","","","","","","","","","","","","","","","","","","","","","","","","","","","","","","","","","","","","","","","","",""
"33236002","CAP-FERRET",44.630667,-1.252,8,1977062721,"","","","",5.,1,40,1,"","","","","","","","","","","","","","","","","","","","","","","","","","","","",16.6,1,15.1,1,"","","","","","","","","","","","","","","","","","","","","","","","","","",94,1,"","","","","","","","","","","","",17.7,1,1019.1,1,"","","","","","",2,1,0,1,0,1,0,1,2,1,"","","","","","","","","","","","","","","","","","","","","","","","",18000,1,"","",2,1,0,1,"","","","","","","","","","",2,1,"","","","","","","","","","","","","","","","","","","","","","","","","","","","","","","","","","","","","","","","","","","","","","","","","","","","","",""
"33236002","CAP-FERRET",44.630667,-1.252,8,1977062800,"","","","","","","","","","","","","","","","","","","","","","","","","","","","","","","","","","","","","","","","","","","","","","","","","","","","","","","","","","","","","","","","","","","","","","","","","","","","","","","","","","",1017.7,1,"","","","","","","","","","","","","","","","","","","","","","","","","","","","","","","","","","","","","","","","","","","","","","","","","","","","","","","","","","","","","","","","","","","","","","","","","","","","","","","","","","","","","","","","","","","","","","","","","","","","","","","","","","","","","","","","","",""
"33236002","CAP-FERRET",44.630667,-1.252,8,1977062803,"","","","",3.,1,20,1,"","","","","","","","","","","","","","","","","","","","","","","","","","","","",13.,1,13.,1,"","","","","","","","","","","","","","","","","","","","","","","","","","",100,1,"","","","","","","","","","","","",14.9,1,1016.7,1,"","","","","","",4,1,0,1,0,1,0,1,2,1,"","","","","","","","","","","","","","","","","","","","","","","","",9000,1,"","",0,1,"","","","","","","","","","","","",2,1,"","","","","","","","","","","","","","","","","","","","","","","","","","","","","","","","","","","","","","","","","","","","","","","","","","","","","",""
"33236002","CAP-FERRET",44.630667,-1.252,8,1977062806,"","","","",0.,1,0,1,"","","","","","","","","","","","","","","","","","","","","","","","","","","","",13.6,1,13.6,1,"","","","","","","","","","","","","","","","","","","","","","","","","","",100,1,"","","","","","","","","","","","",15.6,1,1016.3,1,"","","","","","",3,1,0,1,0,1,0,1,2,1,"","","","","","","","","","","","","","","","","","","","","","","","",14000,1,"","",2,1,0,1,"","","","","","","","","","",2,1,"","","","","","","","","","","","","","","","","","","","","","","","","","","","","","","","","","","","","","","","","","","","","","","","","","","","","",""
"33236002","CAP-FERRET",44.630667,-1.252,8,1977062809,"","","","",1.,1,80,1,"","","","","","","","","","","","","","","","","","","","","","","","","","","","",19.8,1,15.7,1,"","","","","","","","","","","","","","","","","","","","","","","","","","",80,1,"","","","","","","","","","","","",18.4,1,1015.5,1,"","","","","","",3,1,0,1,2,1,0,1,2,1,"","","","","","","","","","","","","","","","","","","","","","","","",14000,1,"","",2,1,0,1,"","","","","","","","","","",2,1,"","","","","","","","","","","","","","","","","","","","","","","","","","","","","","","","","","","","","","","","","","","","","","","","","","","","","",""
"33236002","CAP-FERRET",44.630667,-1.252,8,1977062812,"","","","",1.,1,360,1,"","","","","","","","","","","","","","","","","","","","","","","","","","","","",21.8,1,18.5,1,"","","","","","","","","","","","","","","","","","","","","","","","","","",84,1,"","","","","","","","","","","","",22.,1,1014.9,1,"","","","","","",6,1,6,1,0,1,0,1,4,1,"","","","","","","","","","","","","","","","","","","","","","","","",14000,1,"","",3,1,1,1,"","","","","","","","","","",2,1,"","","","","","","","","","","","","","","","","","","","","","","","","","","","","","","","","","","","","","","","","","","","","","","","","","","","","",""
"33236002","CAP-FERRET",44.630667,-1.252,8,1977062815,"","","","",6.,1,340,1,"","","","","","","","","","","","","","","","","","","","","","","","","","","","",20.,1,17.6,1,"","","","","","","","","","","","","","","","","","","","","","","","","","",89,1,"","","","","","","","","","","","",20.8,1,1013.9,1,"","","","","","",7,1,5,1,8,1,6,1,3,1,"","","","","","","","","","","","","","","","","","","","","","","","",20000,1,"","",3,1,1,1,"","","","","","","","","","",3,1,"","","","","","","","","","","","","","","","","","","","","","","","","","","","","","","","","","","","","","","","","","","","","","","","","","","","","",""
"33236002","CAP-FERRET",44.630667,-1.252,8,1977062818,"","","","",6.,1,340,1,"","","","","","","","","","","","","","","","","","","","","","","","","","","","",17.8,1,16.3,1,"","","","","","","","","","","","","","","","","","","","","","","","","","",94,1,"","","","","","","","","","","","",19.1,1,1014.3,1,"","","","","","",7,1,7,1,4,1,"","","","","","","","","","","","","","","","","","","","","","","","","","","","",20000,1,"","",15,1,1,1,"","","","","","","","","","",3,1,"","","","","","","","","","","","","","","","","","","","","","","","","","","","","","","","","","","","","","","","","","","","","","","","","","","","","",""
"33236002","CAP-FERRET",44.630667,-1.252,8,1977062821,"","","","",6.,1,320,1,"","","","","","","","","","","","","","","","","","","","","","","","","","","","",16.8,1,15.,1,"","","","","","","","","","","","","","","","","","","","","","","","","","",91,1,"","","","","","","","","","","","",17.5,1,1014.3,1,"","","","","","",7,1,5,1,4,1,0,1,3,1,"","","","","","","","","","","","","","","","","","","","","","","","",20000,1,"","",2,1,2,1,"","","","","","","","","","",3,1,"","","","","","","","","","","","","","","","","","","","","","","","","","","","","","","","","","","","","","","","","","","","","","","","","","","","","",""
"33236002","CAP-FERRET",44.630667,-1.252,8,1977062900,"","","","","","","","","","","","","","","","","","","","","","","","","","","","","","","","","","","","","","","","","","","","","","","","","","","","","","","","","","","","","","","","","","","","","","","","","","","","","","","","","","",1015.1,1,"","","","","","","","","","","","","","","","","","","","","","","","","","","","","","","","","","","","","","","","","","","","","","","","","","","","","","","","","","","","","","","","","","","","","","","","","","","","","","","","","","","","","","","","","","","","","","","","","","","","","","","","","","","","","","","","","",""
"33236002","CAP-FERRET",44.630667,-1.252,8,1977062903,"","","","",5.,1,340,1,"","","","","","","","","","","","","","","","","","","","","","","","","","","","",15.6,1,15.6,1,"","","","","","","","","","","","","","","","","","","","","","","","","","",100,1,"","","","","","","","","","","","",17.7,1,1014.1,1,"","","","","","",8,1,8,1,5,1,"","","","","","","","","","","","","","","","","","","","","","","","","","","","",15000,1,"","",0,1,"","","","","","","","","","","","",3,1,"","","","","","","","","","","","","","","","","","","","","","","","","","","","","","","","","","","","","","","","","","","","","","","","","","","","","",""
"33236002","CAP-FERRET",44.630667,-1.252,8,1977062906,"","","","",6.,1,340,1,"","","","","","","","","","","","","","","","","","","","","","","","","","","","",14.7,1,14.7,1,"","","","","","","","","","","","","","","","","","","","","","","","","","",100,1,"","","","","","","","","","","","",16.7,1,1014.6,1,"","","","","","",6,1,0,1,2,1,0,1,2,1,"","","","","","","","","","","","","","","","","","","","","","","","",20000,1,"","",2,1,8,1,"","","","","","","","","","",3,1,"","","","","","","","","","","","","","","","","","","","","","","","","","","","","","","","","","","","","","","","","","","","","","","","","","","","","",""
"33236002","CAP-FERRET",44.630667,-1.252,8,1977062909,"","","","",8.,1,340,1,"","","","","","","","","","","","","","","","","","","","","","","","","","","","",18.1,1,13.7,1,"","","","","","","","","","","","","","","","","","","","","","","","","","",78,1,"","","","","","","","","","","","",16.1,1,1016.1,1,"","","","","","",6,1,6,1,2,1,0,1,0,1,"","","","","","","","","","","","","","","","","","","","","","","","",25000,1,"","",2,1,2,1,"","","","","","","","","","",3,1,"","","","","","","","","","","","","","","","","","","","","","","","","","","","","","","","","","","","","","","","","","","","","","","","","","","","","",""
"33236002","CAP-FERRET",44.630667,-1.252,8,1977062912,"","","","",6.,1,340,1,"","","","","","","","","","","","","","","","","","","","","","","","","","","","",20.3,1,17.7,1,"","","","","","","","","","","","","","","","","","","","","","","","","","",88,1,"","","","","","","","","","","","",20.9,1,1017.3,1,"","","","","","",6,1,6,1,2,1,0,1,0,1,"","","","","","","","","","","","","","","","","","","","","","","","",20000,1,"","",2,1,2,1,"","","","","","","","","","",3,1,"","","","","","","","","","","","","","","","","","","","","","","","","","","","","","","","","","","","","","","","","","","","","","","","","","","","","",""
"33236002","CAP-FERRET",44.630667,-1.252,8,1977062915,"","","","",7.,1,320,1,"","","","","","","","","","","","","","","","","","","","","","","","","","","","",20.7,1,16.9,1,"","","","","","","","","","","","","","","","","","","","","","","","","","",81,1,"","","","","","","","","","","","",19.8,1,1018.6,1,"","","","","","",6,1,0,1,8,1,0,1,0,1,"","","","","","","","","","","","","","","","","","","","","","","","",20000,1,"","",2,1,2,1,"","","","","","","","","","",3,1,"","","","","","","","","","","","","","","","","","","","","","","","","","","","","","","","","","","","","","","","","","","","","","","","","","","","","",""
"33236002","CAP-FERRET",44.630667,-1.252,8,1977062918,"","","","",7.,1,320,1,"","","","","","","","","","","","","","","","","","","","","","","","","","","","",17.2,1,15.1,1,"","","","","","","","","","","","","","","","","","","","","","","","","","",90,1,"","","","","","","","","","","","",17.6,1,1019.6,1,"","","","","","",8,1,7,1,8,1,"","","","","","","","","","","","","","","","","","","","","","","","","","","","",20000,1,"","",2,1,2,1,"","","","","","","","","","",3,1,"","","","","","","","","","","","","","","","","","","","","","","","","","","","","","","","","","","","","","","","","","","","","","","","","","","","","",""
"33236002","CAP-FERRET",44.630667,-1.252,8,1977062921,"","","","",8.,1,320,1,"","","","","","","","","","","","","","","","","","","","","","","","","","","","",16.4,1,15.,1,"","","","","","","","","","","","","","","","","","","","","","","","","","",94,1,"","","","","","","","","","","","",17.5,1,1021.8,1,"","","","","","",8,1,8,1,8,1,"","","","","","","","","","","","","","","","","","","","","","","","","","","","",18000,1,"","",2,1,2,1,"","","","","","","","","","",3,1,"","","","","","","","","","","","","","","","","","","","","","","","","","","","","","","","","","","","","","","","","","","","","","","","","","","","","",""
"33236002","CAP-FERRET",44.630667,-1.252,8,1977063000,"","","","","","","","","","","","","","","","","","","","","","","","","","","","","","","","","","","","","","","","","","","","","","","","","","","","","","","","","","","","","","","","","","","","","","","","","","","","","","","","","","",1022.7,1,"","","","","","","","","","","","","","","","","","","","","","","","","","","","","","","","","","","","","","","","","","","","","","","","","","","","","","","","","","","","","","","","","","","","","","","","","","","","","","","","","","","","","","","","","","","","","","","","","","","","","","","","","","","","","","","","","",""
"33236002","CAP-FERRET",44.630667,-1.252,8,1977063003,"","","","",3.,1,340,1,"","","","","","","","","","","","","","","","","","","","","","","","","","","","",15.8,1,14.,1,"","","","","","","","","","","","","","","","","","","","","","","","","","",91,1,"","","","","","","","","","","","",16.4,1,1023.5,1,"","","","","","",8,1,8,1,5,1,"","","","","","","","","","","","","","","","","","","","","","","","","","","","",15000,1,"","",0,1,"","","","","","","","","","","","",3,1,270,1,"","","","","","","","","","","","","","","","","","","","","","","","","","","","","","","","","","","","","","","","","","","","","","","","","","","",""
"33236002","CAP-FERRET",44.630667,-1.252,8,1977063006,"","","","",1.,1,360,1,"","","","","","","","","","","","","","","","","","","","","","","","","","","","",15.6,1,14.4,1,"","","","","","","","","","","","","","","","","","","","","","","","","","",96,1,"","","","","","","","","","","","",16.9,1,1024.5,1,"","","","","","",8,1,8,1,8,1,"","","","","","","","","","","","","","","","","","","","","","","","","","","","",15000,1,"","",2,1,2,1,"","","","","","","","","","",3,1,270,1,"","","","","","","","","","","","","","","","","","","","","","","","","","","","","","","","","","","","","","","","","","","","","","","","","","","",""
"33236002","CAP-FERRET",44.630667,-1.252,8,1977063009,"","","","",3.,1,340,1,"","","","","","","","","","","","","","","","","","","","","","","","","","","","",19.2,1,10.9,1,"","","","","","","","","","","","","","","","","","","","","","","","","","",60,1,"","","","","","","","","","","","",13.3,1,1025.3,1,"","","","","","",3,1,0,1,8,1,0,1,0,1,"","","","","","","","","","","","","","","","","","","","","","","","",20000,1,"","",1,1,1,1,"","","","","","","","","","",3,1,270,1,"","","","","","","","","","","","","","","","","","","","","","","","","","","","","","","","","","","","","","","","","","","","","","","","","","","",""
"33236002","CAP-FERRET",44.630667,-1.252,8,1977063012,"","","","",4.,1,320,1,"","","","","","","","","","","","","","","","","","","","","","","","","","","","",21.6,1,18.6,1,"","","","","","","","","","","","","","","","","","","","","","","","","","",86,1,"","","","","","","","","","","","",22.1,1,1025.9,1,"","","","","","",3,1,0,1,8,1,0,1,2,1,"","","","","","","","","","","","","","","","","","","","","","","","",20000,1,"","",2,1,1,1,"","","","","","","","","","",3,1,270,1,"","","","","","","","","","","","","","","","","","","","","","","","","","","","","","","","","","","","","","","","","","","","","","","","","","","",""
"33236002","CAP-FERRET",44.630667,-1.252,8,1977063015,"","","","",6.,1,340,1,"","","","","","","","","","","","","","","","","","","","","","","","","","","","",21.8,1,13.2,1,"","","","","","","","","","","","","","","","","","","","","","","","","","",59,1,"","","","","","","","","","","","",15.6,1,1025.9,1,"","","","","","",3,1,0,1,2,1,0,1,2,1,"","","","","","","","","","","","","","","","","","","","","","","","",25000,1,"","",2,1,0,1,"","","","","","","","","","",3,1,270,1,"","","","","","","","","","","","","","","","","","","","","","","","","","","","","","","","","","","","","","","","","","","","","","","","","","","",""
"33236002","CAP-FERRET",44.630667,-1.252,8,1977063018,"","","","",4.,1,360,1,"","","","","","","","","","","","","","","","","","","","","","","","","","","","",19.4,1,15.8,1,"","","","","","","","","","","","","","","","","","","","","","","","","","",82,1,"","","","","","","","","","","","",18.5,1,1025.3,1,"","","","","","",5,1,0,1,2,1,0,1,4,1,"","","","","","","","","","","","","","","","","","","","","","","","",25000,1,"","",3,1,1,1,"","","","","","","","","","",3,1,270,1,"","","","","","","","","","","","","","","","","","","","","","","","","","","","","","","","","","","","","","","","","","","","","","","","","","","",""
"33236002","CAP-FERRET",44.630667,-1.252,8,1977063021,"","","","",2.,1,20,1,"","","","","","","","","","","","","","","","","","","","","","","","","","","","",14.8,1,13.1,1,"","","","","","","","","","","","","","","","","","","","","","","","","","",91,1,"","","","","","","","","","","","",15.4,1,1025.9,1,"","","","","","",3,1,0,1,2,1,0,1,2,1,"","","","","","","","","","","","","","","","","","","","","","","","",20000,1,"","",2,1,0,1,"","","","","","","","","","",3,1,270,1,"","","","","","","","","","","","","","","","","","","","","","","","","","","","","","","","","","","","","","","","","","","","","","","","","","","",""
"33236002","CAP-FERRET",44.630667,-1.252,8,1977070100,"","","","","","","","","","","","","","","","","","","","","","","","","","","","","","","","","","","","","","","","","","","","","","","","","","","","","","","","","","","","","","","","","","","","","","","","","","","","","","","","","","",1025.7,1,"","","","","","","","","","","","","","","","","","","","","","","","","","","","","","","","","","","","","","","","","","","","","","","","","","","","","","","","","","","","","","","","","","","","","","","","","","","","","","","","","","","","","","","","","","","","","","","","","","","","","","","","","","","","","","","","","",""
"33236002","CAP-FERRET",44.630667,-1.252,8,1977070103,"","","","",3.,1,80,1,"","","","","","","","","","","","","","","","","","","","","","","","","","","","",14.1,1,14.1,1,"","","","","","","","","","","","","","","","","","","","","","","","","","",99,1,"","","","","","","","","","","","",15.9,1,1025.,1,"","","","","","",0,1,"","",0,1,0,1,0,1,"","","","","","","","","","","","","","","","","","","","","","","","",18000,1,"","",0,1,"","","","","","","","","","","","",2,1,"","","","","","","","","","","","","","","","","","","","","","","","","","","","","","","","","","","","","","","","","","","","","","","","","","","","","",""
"33236002","CAP-FERRET",44.630667,-1.252,8,1977070106,"","","","",2.,1,80,1,"","","","","","","","","","","","","","","","","","","","","","","","","","","","",14.3,1,13.1,1,"","","","","","","","","","","","","","","","","","","","","","","","","","",94,1,"","","","","","","","","","","","",15.4,1,1025.,1,"","","","","","",3,1,0,1,0,1,0,1,2,1,"","","","","","","","","","","","","","","","","","","","","","","","",15000,1,"","",2,1,"","","","","","","","","","","","",2,1,"","","","","","","","","","","","","","","","","","","","","","","","","","","","","","","","","","","","","","","","","","","","","","","","","","","","","",""
"33236002","CAP-FERRET",44.630667,-1.252,8,1977070109,"","","","",5.,1,80,1,"","","","","","","","","","","","","","","","","","","","","","","","","","","","",21.2,1,14.3,1,"","","","","","","","","","","","","","","","","","","","","","","","","","",66,1,"","","","","","","","","","","","",16.7,1,1024.7,1,"","","","","","",2,1,0,1,0,1,0,1,2,1,"","","","","","","","","","","","","","","","","","","","","","","","",20000,1,"","",2,1,0,1,"","","","","","","","","","",2,1,"","","","","","","","","","","","","","","","","","","","","","","","","","","","","","","","","","","","","","","","","","","","","","","","","","","","","",""
"33236002","CAP-FERRET",44.630667,-1.252,8,1977070112,"","","","",6.,1,100,1,"","","","","","","","","","","","","","","","","","","","","","","","","","","","",25.,1,11.3,1,"","","","","","","","","","","","","","","","","","","","","","","","","","",43,1,"","","","","","","","","","","","",13.7,1,1023.4,1,"","","","","","",2,1,0,1,0,1,0,1,2,1,"","","","","","","","","","","","","","","","","","","","","","","","",20000,1,"","",2,1,0,1,"","","","","","","","","","",2,1,"","","","","","","","","","","","","","","","","","","","","","","","","","","","","","","","","","","","","","","","","","","","","","","","","","","","","",""
"33236002","CAP-FERRET",44.630667,-1.252,8,1977070115,"","","","",6.,1,80,1,"","","","","","","","","","","","","","","","","","","","","","","","","","","","",25.6,1,11.6,1,"","","","","","","","","","","","","","","","","","","","","","","","","","",43,1,"","","","","","","","","","","","",14.,1,1021.2,1,"","","","","","",1,1,0,1,0,1,0,1,2,1,"","","","","","","","","","","","","","","","","","","","","","","","",25000,1,"","",2,1,0,1,"","","","","","","","","","",2,1,"","","","","","","","","","","","","","","","","","","","","","","","","","","","","","","","","","","","","","","","","","","","","","","","","","","","","",""
"33236002","CAP-FERRET",44.630667,-1.252,8,1977070118,"","","","",6.,1,80,1,"","","","","","","","","","","","","","","","","","","","","","","","","","","","",24.8,1,12.3,1,"","","","","","","","","","","","","","","","","","","","","","","","","","",47,1,"","","","","","","","","","","","",14.6,1,1019.7,1,"","","","","","",0,1,"","",0,1,0,1,0,1,"","","","","","","","","","","","","","","","","","","","","","","","",25000,1,"","",2,1,0,1,"","","","","","","","","","",2,1,"","","","","","","","","","","","","","","","","","","","","","","","","","","","","","","","","","","","","","","","","","","","","","","","","","","","","",""
"33236002","CAP-FERRET",44.630667,-1.252,8,1977070121,"","","","",2.,1,80,1,"","","","","","","","","","","","","","","","","","","","","","","","","","","","",19.6,1,14.3,1,"","","","","","","","","","","","","","","","","","","","","","","","","","",73,1,"","","","","","","","","","","","",16.7,1,1019.7,1,"","","","","","",0,1,"","",0,1,0,1,0,1,"","","","","","","","","","","","","","","","","","","","","","","","",20000,1,"","",2,1,0,1,"","","","","","","","","","",2,1,"","","","","","","","","","","","","","","","","","","","","","","","","","","","","","","","","","","","","","","","","","","","","","","","","","","","","",""
"33236002","CAP-FERRET",44.630667,-1.252,8,1977070200,"","","","","","","","","","","","","","","","","","","","","","","","","","","","","","","","","","","","","","","","","","","","","","","","","","","","","","","","","","","","","","","","","","","","","","","","","","","","","","","","","","",1018.1,1,"","","","","","","","","","","","","","","","","","","","","","","","","","","","","","","","","","","","","","","","","","","","","","","","","","","","","","","","","","","","","","","","","","","","","","","","","","","","","","","","","","","","","","","","","","","","","","","","","","","","","","","","","","","","","","","","","",""
"33236002","CAP-FERRET",44.630667,-1.252,8,1977070203,"","","","",3.,1,60,1,"","","","","","","","","","","","","","","","","","","","","","","","","","","","",16.,1,12.9,1,"","","","","","","","","","","","","","","","","","","","","","","","","","",83,1,"","","","","","","","","","","","",15.2,1,1018.3,1,"","","","","","",0,1,"","",0,1,0,1,0,1,"","","","","","","","","","","","","","","","","","","","","","","","",16000,1,"","",0,1,"","","","","","","","","","","","",2,1,270,1,"","","","","","","","","","","","","","","","","","","","","","","","","","","","","","","","","","","","","","","","","","","","","","","","","","","",""
"33236002","CAP-FERRET",44.630667,-1.252,8,1977070206,"","","","",4.,1,80,1,"","","","","","","","","","","","","","","","","","","","","","","","","","","","",16.2,1,12.9,1,"","","","","","","","","","","","","","","","","","","","","","","","","","",83,1,"","","","","","","","","","","","",15.2,1,1018.3,1,"","","","","","",3,1,0,1,0,1,0,1,2,1,"","","","","","","","","","","","","","","","","","","","","","","","",15000,1,"","",2,1,0,1,"","","","","","","","","","",2,1,270,1,"","","","","","","","","","","","","","","","","","","","","","","","","","","","","","","","","","","","","","","","","","","","","","","","","","","",""
"33236002","CAP-FERRET",44.630667,-1.252,8,1977070209,"","","","",2.,1,120,1,"","","","","","","","","","","","","","","","","","","","","","","","","","","","",23.2,1,14.9,1,"","","","","","","","","","","","","","","","","","","","","","","","","","",61,1,"","","","","","","","","","","","",17.4,1,1017.5,1,"","","","","","",3,1,0,1,2,1,0,1,2,1,"","","","","","","","","","","","","","","","","","","","","","","","",15000,1,"","",2,1,0,1,"","","","","","","","","","",2,1,270,1,"","","","","","","","","","","","","","","","","","","","","","","","","","","","","","","","","","","","","","","","","","","","","","","","","","","",""
"33236002","CAP-FERRET",44.630667,-1.252,8,1977070212,"","","","",3.,1,320,1,"","","","","","","","","","","","","","","","","","","","","","","","","","","","",25.,1,15.8,1,"","","","","","","","","","","","","","","","","","","","","","","","","","",58,1,"","","","","","","","","","","","",18.5,1,1017.9,1,"","","","","","",5,1,0,1,8,1,6,1,3,1,"","","","","","","","","","","","","","","","","","","","","","","","",15000,1,"","",3,1,1,1,"","","","","","","","","","",2,1,270,1,"","","","","","","","","","","","","","","","","","","","","","","","","","","","","","","","","","","","","","","","","","","","","","","","","","","",""
"33236002","CAP-FERRET",44.630667,-1.252,8,1977070215,"","","","",5.,1,340,1,"","","","","","","","","","","","","","","","","","","","","","","","","","","","",24.6,1,17.7,1,"","","","","","","","","","","","","","","","","","","","","","","","","","",68,1,"","","","","","","","","","","","",20.9,1,1017.1,1,"","","","","","",6,1,0,1,8,1,0,1,3,1,"","","","","","","","","","","","","","","","","","","","","","","","",12000,1,"","",2,1,1,1,"","","","","","","","","","",2,1,270,1,"","","","","","","","","","","","","","","","","","","","","","","","","","","","","","","","","","","","","","","","","","","","","","","","","","","",""
"33236002","CAP-FERRET",44.630667,-1.252,8,1977070218,"","","","",6.,1,360,1,"","","","","","","","","","","","","","","","","","","","","","","","","","","","",21.2,1,16.9,1,"","","","","","","","","","","","","","","","","","","","","","","","","","",78,1,"","","","","","","","","","","","",19.8,1,1016.7,1,"","","","","","",7,1,7,1,9,1,"","","","","","","","","","","","","","","","","","","","","","","","","","","","",9000,1,"","",3,1,1,1,"","","","","","","","","","",2,1,270,1,"","","","","","","","","","","","","","","","","","","","","","","","","","","","","","","","","","","","","","","","","","","","","","","","","","","",""
"33236002","CAP-FERRET",44.630667,-1.252,8,1977070221,"","","","",5.,1,360,1,"","","","","","","","","","","","","","","","","","","","","","","","","","","","",19.,1,16.9,1,"","","","","","","","","","","","","","","","","","","","","","","","","","",90,1,"","","","","","","","","","","","",19.8,1,1016.9,1,"","","","","","",6,1,0,1,8,1,8,1,0,1,"","","","","","","","","","","","","","","","","","","","","","","","","","","","",9,1,8,1,"","","","","","","","","","",2,1,270,1,"","","","","","","","","","","","","","","","","","","","","","","","","","","","","","","","","","","","","","","","","","","","","","","","","","","",""
"33236002","CAP-FERRET",44.630667,-1.252,8,1977070300,"","","","","","","","","","","","","","","","","","","","","","","","","","","","","","","","","","","","","","","","","","","","","","","","","","","","","","","","","","","","","","","","","","","","","","","","","","","","","","","","","","",1016.8,1,"","","","","","","","","","","","","","","","","","","","","","","","","","","","","","","","","","","","","","","","","","","","","","","","","","","","","","","","","","","","","","","","","","","","","","","","","","","","","","","","","","","","","","","","","","","","","","","","","","","","","","","","","","","","","","","","","",""
"33236002","CAP-FERRET",44.630667,-1.252,8,1977070303,"","","","",2.,1,60,1,"","","","","","","","","","","","","","","","","","","","","","","","","","","","",18.4,1,17.2,1,"","","","","","","","","","","","","","","","","","","","","","","","","","",96,1,"","","","","","","","","","","","",20.3,1,1015.6,1,"","","","","","",8,1,8,1,0,1,8,1,"","","","","","","","","","","","","","","","","","","","","","","","","","",10000,1,"","",0,1,"","","","","","","","","","","","",2,1,"","","","","","","","","","","","","","","","","","","","","","","","","","","","","","","","","","","","","","","","","","","","","","","","","","","","","",""
"33236002","CAP-FERRET",44.630667,-1.252,8,1977070306,"","","","",2.,1,100,1,"","","","","","","","","","","","","","","","","","","","","","","","","","","","",17.7,1,16.1,1,"","","","","","","","","","","","","","","","","","","","","","","","","","",93,1,"","","","","","","","","","","","",18.8,1,1015.7,1,"","","","","","",7,1,7,1,0,1,8,1,"","","","","","","","","","","","","","","","","","","","","","","","","","",7000,1,"","",2,1,"","","","","","","","","","","","",2,1,"","","","","","","","","","","","","","","","","","","","","","","","","","","","","","","","","","","","","","","","","","","","","","","","","","","","","",""
"33236002","CAP-FERRET",44.630667,-1.252,8,1977070309,"","","","",2.,1,120,1,"","","","","","","","","","","","","","","","","","","","","","","","","","","","",18.,1,17.,1,"","","","","","","","","","","","","","","","","","","","","","","","","","",97,1,"","","","","","","","","","","","",20.,1,1016.4,1,"","","","","","",8,1,8,1,6,1,"","","","","","","","","","","","","","","","","","","","","","","","","","","","",3000,1,"","",10,1,2,1,"","","","","","","","","","",2,1,"","","","","","","","","","","","","","","","","","","","","","","","","","","","","","","","","","","","","","","","","","","","","","","","","","","","","",""
"33236002","CAP-FERRET",44.630667,-1.252,8,1977070312,"","","","",3.,1,220,1,"","","","","","","","","","","","","","","","","","","","","","","","","","","","",21.,1,18.,1,"","","","","","","","","","","","","","","","","","","","","","","","","","",85,1,"","","","","","","","","","","","",21.3,1,1016.3,1,"","","","","","",7,1,7,1,0,1,8,1,"","","","","","","","","","","","","","","","","","","","","","","","","","",7000,1,"","",2,1,2,1,"","","","","","","","","","",2,1,270,1,"","","","","","","","","","","","","","","","","","","","","","","","","","","","","","","","","","","","","","","","","","","","","","","","","","","",""
"33236002","CAP-FERRET",44.630667,-1.252,8,1977070315,"","","","",5.,1,220,1,"","","","","","","","","","","","","","","","","","","","","","","","","","","","",20.2,1,17.6,1,"","","","","","","","","","","","","","","","","","","","","","","","","","",88,1,"","","","","","","","","","","","",20.8,1,1015.7,1,"","","","","","",8,1,8,1,2,1,8,1,"","","","","","","","","","","","","","","","","","","","","","","","","","",5000,1,"","",2,1,2,1,"","","","","","","","","","",3,1,270,1,"","","","","","","","","","","","","","","","","","","","","","","","","","","","","","","","","","","","","","","","","","","","","","","","","","","",""
"33236002","CAP-FERRET",44.630667,-1.252,8,1977070318,"","","","",3.,1,240,1,"","","","","","","","","","","","","","","","","","","","","","","","","","","","",19.7,1,17.2,1,"","","","","","","","","","","","","","","","","","","","","","","","","","",89,1,"","","","","","","","","","","","",20.3,1,1015.1,1,"","","","","","",7,1,7,1,6,1,"","","","","","","","","","","","","","","","","","","","","","","","","","","","",3000,1,"","",10,1,8,1,"","","","","","","","","","",3,1,270,1,"","","","","","","","","","","","","","","","","","","","","","","","","","","","","","","","","","","","","","","","","","","","","","","","","","","",""
"33236002","CAP-FERRET",44.630667,-1.252,8,1977070321,"","","","",1.,1,240,1,"","","","","","","","","","","","","","","","","","","","","","","","","","","","",18.,1,16.7,1,"","","","","","","","","","","","","","","","","","","","","","","","","","",95,1,"","","","","","","","","","","","",19.6,1,1015.6,1,"","","","","","",8,1,8,1,6,1,"","","","","","","","","","","","","","","","","","","","","","","","","","","","",3000,1,"","",10,1,2,1,"","","","","","","","","","",3,1,270,1,"","","","","","","","","","","","","","","","","","","","","","","","","","","","","","","","","","","","","","","","","","","","","","","","","","","",""
"33236002","CAP-FERRET",44.630667,-1.252,8,1977070400,"","","","","","","","","","","","","","","","","","","","","","","","","","","","","","","","","","","","","","","","","","","","","","","","","","","","","","","","","","","","","","","","","","","","","","","","","","","","","","","","","","",1015.2,1,"","","","","","","","","","","","","","","","","","","","","","","","","","","","","","","","","","","","","","","","","","","","","","","","","","","","","","","","","","","","","","","","","","","","","","","","","","","","","","","","","","","","","","","","","","","","","","","","","","","","","","","","","","","","","","","","","",""
"33236002","CAP-FERRET",44.630667,-1.252,8,1977070403,"","","","",1.,1,240,1,"","","","","","","","","","","","","","","","","","","","","","","","","","","","",17.2,1,17.2,1,"","","","","","","","","","","","","","","","","","","","","","","","","","",100,1,"","","","","","","","","","","","",19.6,1,1014.7,1,"","","","","","",8,1,8,1,5,1,"","","","","","","","","","","","","","","","","","","","","","","","","","","","",4000,1,"","",10,1,"","","","","","","","","","","","",3,1,270,1,"","","","","","","","","","","","","","","","","","","","","","","","","","","","","","","","","","","","","","","","","","","","","","","","","","","",""
"33236002","CAP-FERRET",44.630667,-1.252,8,1977070406,"","","","",2.,1,200,1,"","","","","","","","","","","","","","","","","","","","","","","","","","","","",16.8,1,16.8,1,"","","","","","","","","","","","","","","","","","","","","","","","","","",100,1,"","","","","","","","","","","","",19.1,1,1014.7,1,"","","","","","",8,1,8,1,5,1,"","","","","","","","","","","","","","","","","","","","","","","","","","","","",900,1,"","",44,1,4,1,"","","","","","","","","","",3,1,270,1,"","","","","","","","","","","","","","","","","","","","","","","","","","","","","","","","","","","","","","","","","","","","","","","","","","","",""
"33236002","CAP-FERRET",44.630667,-1.252,8,1977070409,"","","","",3.,1,220,1,"","","","","","","","","","","","","","","","","","","","","","","","","","","","",18.8,1,13.2,1,"","","","","","","","","","","","","","","","","","","","","","","","","","",72,1,"","","","","","","","","","","","",15.6,1,1014.7,1,"","","","","","",8,1,8,1,6,1,"","","","","","","","","","","","","","","","","","","","","","","","","","","","",4000,1,"","",10,1,2,1,"","","","","","","","","","",3,1,270,1,"","","","","","","","","","","","","","","","","","","","","","","","","","","","","","","","","","","","","","","","","","","","","","","","","","","",""
"33236002","CAP-FERRET",44.630667,-1.252,8,1977070412,"","","","",4.,1,280,1,"","","","","","","","","","","","","","","","","","","","","","","","","","","","",21.,1,17.3,1,"","","","","","","","","","","","","","","","","","","","","","","","","","",82,1,"","","","","","","","","","","","",20.4,1,1014.7,1,"","","","","","",8,1,8,1,6,1,"","","","","","","","","","","","","","","","","","","","","","","","","","","","",6000,1,"","",2,1,2,1,"","","","","","","","","","",3,1,270,1,"","","","","","","","","","","","","","","","","","","","","","","","","","","","","","","","","","","","","","","","","","","","","","","","","","","",""
"33236002","CAP-FERRET",44.630667,-1.252,8,1977070415,"","","","",2.,1,280,1,"","","","","","","","","","","","","","","","","","","","","","","","","","","","",23.6,1,18.1,1,"","","","","","","","","","","","","","","","","","","","","","","","","","",73,1,"","","","","","","","","","","","",21.4,1,1013.9,1,"","","","","","",1,1,0,1,1,1,0,1,0,1,"","","","","","","","","","","","","","","","","","","","","","","","",8000,1,"","",1,1,1,1,"","","","","","","","","","",3,1,270,1,"","","","","","","","","","","","","","","","","","","","","","","","","","","","","","","","","","","","","","","","","","","","","","","","","","","",""
"33236002","CAP-FERRET",44.630667,-1.252,8,1977070418,"","","","",3.,1,260,1,"","","","","","","","","","","","","","","","","","","","","","","","","","","","",20.8,1,17.4,1,"","","","","","","","","","","","","","","","","","","","","","","","","","",83,1,"","","","","","","","","","","","",20.5,1,1013.1,1,"","","","","","",0,1,"","",0,1,0,1,0,1,"","","","","","","","","","","","","","","","","","","","","","","","",10000,1,"","",2,1,0,1,"","","","","","","","","","",3,1,270,1,"","","","","","","","","","","","","","","","","","","","","","","","","","","","","","","","","","","","","","","","","","","","","","","","","","","",""
"33236002","CAP-FERRET",44.630667,-1.252,8,1977070421,"","","","",1.,1,320,1,"","","","","","","","","","","","","","","","","","","","","","","","","","","","",17.4,1,16.8,1,"","","","","","","","","","","","","","","","","","","","","","","","","","",98,1,"","","","","","","","","","","","",19.7,1,1013.7,1,"","","","","","",0,1,"","",0,1,0,1,0,1,"","","","","","","","","","","","","","","","","","","","","","","","",6000,1,"","",2,1,0,1,"","","","","","","","","","",3,1,270,1,"","","","","","","","","","","","","","","","","","","","","","","","","","","","","","","","","","","","","","","","","","","","","","","","","","","",""
"33236002","CAP-FERRET",44.630667,-1.252,8,1977070500,"","","","","","","","","","","","","","","","","","","","","","","","","","","","","","","","","","","","","","","","","","","","","","","","","","","","","","","","","","","","","","","","","","","","","","","","","","","","","","","","","","",1013.3,1,"","","","","","","","","","","","","","","","","","","","","","","","","","","","","","","","","","","","","","","","","","","","","","","","","","","","","","","","","","","","","","","","","","","","","","","","","","","","","","","","","","","","","","","","","","","","","","","","","","","","","","","","","","","","","","","","","",""
"33236002","CAP-FERRET",44.630667,-1.252,8,1977070503,"","","","",2.,1,280,1,"","","","","","","","","","","","","","","","","","","","","","","","","","","","",17.,1,17.,1,"","","","","","","","","","","","","","","","","","","","","","","","","","",100,1,"","","","","","","","","","","","",19.4,1,1012.3,1,"","","","","","",5,1,5,1,6,1,0,1,0,1,"","","","","","","","","","","","","","","","","","","","","","","","",7000,1,"","",0,1,"","","","","","","","","","","","",3,1,270,1,"","","","","","","","","","","","","","","","","","","","","","","","","","","","","","","","","","","","","","","","","","","","","","","","","","","",""
"33236002","CAP-FERRET",44.630667,-1.252,8,1977070506,"","","","",1.,1,120,1,"","","","","","","","","","","","","","","","","","","","","","","","","","","","",16.3,1,16.3,1,"","","","","","","","","","","","","","","","","","","","","","","","","","",100,1,"","","","","","","","","","","","",18.5,1,1012.3,1,"","","","","","",9,1,"","","","","","","","","","","","","","","","","","","","","","","","","","","","","","","","",400,1,"","",47,1,"","","","","","","","","","","","",3,1,270,1,"","","","","","","","","","","","","","","","","","","","","","","","","","","","","","","","","","","","","","","","","","","","","","","","","","","",""
"33236002","CAP-FERRET",44.630667,-1.252,8,1977070509,"","","","",1.,1,240,1,"","","","","","","","","","","","","","","","","","","","","","","","","","","","",21.6,1,17.3,1,"","","","","","","","","","","","","","","","","","","","","","","","","","",79,1,"","","","","","","","","","","","",20.4,1,1012.1,1,"","","","","","",5,1,5,1,0,1,0,1,2,1,"","","","","","","","","","","","","","","","","","","","","","","","",7000,1,"","",2,1,4,1,"","","","","","","","","","",2,1,"","","","","","","","","","","","","","","","","","","","","","","","","","","","","","","","","","","","","","","","","","","","","","","","","","","","","",""
"33236002","CAP-FERRET",44.630667,-1.252,8,1977070512,"","","","",3.,1,300,1,"","","","","","","","","","","","","","","","","","","","","","","","","","","","",23.,1,17.8,1,"","","","","","","","","","","","","","","","","","","","","","","","","","",75,1,"","","","","","","","","","","","",21.,1,1011.5,1,"","","","","","",0,1,"","",0,1,0,1,0,1,"","","","","","","","","","","","","","","","","","","","","","","","",7000,1,"","",2,1,4,1,"","","","","","","","","","",2,1,"","","","","","","","","","","","","","","","","","","","","","","","","","","","","","","","","","","","","","","","","","","","","","","","","","","","","",""
"33236002","CAP-FERRET",44.630667,-1.252,8,1977070515,"","","","",6.,1,360,1,"","","","","","","","","","","","","","","","","","","","","","","","","","","","",24.,1,18.7,1,"","","","","","","","","","","","","","","","","","","","","","","","","","",75,1,"","","","","","","","","","","","",22.3,1,1010.,1,"","","","","","",1,1,0,1,2,1,0,1,0,1,"","","","","","","","","","","","","","","","","","","","","","","","",10000,1,"","",2,1,0,1,"","","","","","","","","","",3,1,270,1,"","","","","","","","","","","","","","","","","","","","","","","","","","","","","","","","","","","","","","","","","","","","","","","","","","","",""
"33236002","CAP-FERRET",44.630667,-1.252,8,1977070518,"","","","",7.,1,360,1,"","","","","","","","","","","","","","","","","","","","","","","","","","","","",22.2,1,17.9,1,"","","","","","","","","","","","","","","","","","","","","","","","","","",79,1,"","","","","","","","","","","","",21.2,1,1008.8,1,"","","","","","",0,1,"","",0,1,0,1,0,1,"","","","","","","","","","","","","","","","","","","","","","","","",15000,1,"","",2,1,0,1,"","","","","","","","","","",2,1,"","","","","","","","","","","","","","","","","","","","","","","","","","","","","","","","","","","","","","","","","","","","","","","","","","","","","",""
"33236002","CAP-FERRET",44.630667,-1.252,8,1977070521,"","","","",3.,1,40,1,"","","","","","","","","","","","","","","","","","","","","","","","","","","","",19.8,1,17.4,1,"","","","","","","","","","","","","","","","","","","","","","","","","","",89,1,"","","","","","","","","","","","",20.5,1,1009.9,1,"","","","","","",2,1,0,1,0,1,0,1,2,1,"","","","","","","","","","","","","","","","","","","","","","","","",12000,1,"","",2,1,0,1,"","","","","","","","","","",2,1,"","","","","","","","","","","","","","","","","","","","","","","","","","","","","","","","","","","","","","","","","","","","","","","","","","","","","",""
"33236002","CAP-FERRET",44.630667,-1.252,8,1977070600,"","","","","","","","","","","","","","","","","","","","","","","","","","","","","","","","","","","","","","","","","","","","","","","","","","","","","","","","","","","","","","","","","","","","","","","","","","","","","","","","","","",1010.2,1,"","","","","","","","","","","","","","","","","","","","","","","","","","","","","","","","","","","","","","","","","","","","","","","","","","","","","","","","","","","","","","","","","","","","","","","","","","","","","","","","","","","","","","","","","","","","","","","","","","","","","","","","","","","","","","","","","",""
"33236002","CAP-FERRET",44.630667,-1.252,8,1977070603,"","","","",1.,1,60,1,"","","","","","","","","","","","","","","","","","","","","","","","","","","","",17.8,1,16.7,1,"","","","","","","","","","","","","","","","","","","","","","","","","","",96,1,"","","","","","","","","","","","",19.6,1,1009.2,1,"","","","","","",3,1,0,1,0,1,0,1,2,1,"","","","","","","","","","","","","","","","","","","","","","","","",10000,1,"","",0,1,"","","","","","","","","","","","",2,1,270,1,"","","","","","","","","","","","","","","","","","","","","","","","","","","","","","","","","","","","","","","","","","","","","","","","","","","",""
"33236002","CAP-FERRET",44.630667,-1.252,8,1977070606,"","","","",0.,1,0,1,"","","","","","","","","","","","","","","","","","","","","","","","","","","","",18.4,1,17.2,1,"","","","","","","","","","","","","","","","","","","","","","","","","","",96,1,"","","","","","","","","","","","",20.3,1,1009.2,1,"","","","","","",7,1,7,1,9,1,"","","","","","","","","","","","","","","","","","","","","","","","","","","","",6000,1,"","",3,1,1,1,"","","","","","","","","","",2,1,270,1,"","","","","","","","","","","","","","","","","","","","","","","","","","","","","","","","","","","","","","","","","","","","","","","","","","","",""
"33236002","CAP-FERRET",44.630667,-1.252,8,1977070609,"","","","",2.,1,20,1,"","","","","","","","","","","","","","","","","","","","","","","","","","","","",21.2,1,18.8,1,"","","","","","","","","","","","","","","","","","","","","","","","","","",89,1,"","","","","","","","","","","","",22.5,1,1009.8,1,"","","","","","",7,1,7,1,8,1,"","","","","","","","","","","","","","","","","","","","","","","","","","","","",6000,1,"","",2,1,2,1,"","","","","","","","","","",2,1,270,1,"","","","","","","","","","","","","","","","","","","","","","","","","","","","","","","","","","","","","","","","","","","","","","","","","","","",""
"33236002","CAP-FERRET",44.630667,-1.252,8,1977070612,"","","","",6.,1,340,1,"","","","","","","","","","","","","","","","","","","","","","","","","","","","",24.,1,19.4,1,"","","","","","","","","","","","","","","","","","","","","","","","","","",78,1,"","","","","","","","","","","","",23.4,1,1010.,1,"","","","","","",6,1,6,1,8,1,0,1,0,1,"","","","","","","","","","","","","","","","","","","","","","","","",6000,1,"","",1,1,2,1,"","","","","","","","","","",3,1,270,1,"","","","","","","","","","","","","","","","","","","","","","","","","","","","","","","","","","","","","","","","","","","","","","","","","","","",""
"33236002","CAP-FERRET",44.630667,-1.252,8,1977070615,"","","","",6.,1,320,1,"","","","","","","","","","","","","","","","","","","","","","","","","","","","",21.8,1,19.,1,"","","","","","","","","","","","","","","","","","","","","","","","","","",87,1,"","","","","","","","","","","","",22.8,1,1009.6,1,"","","","","","",5,1,5,1,8,1,0,1,0,1,"","","","","","","","","","","","","","","","","","","","","","","","",6000,1,"","",2,1,2,1,"","","","","","","","","","",3,1,270,1,"","","","","","","","","","","","","","","","","","","","","","","","","","","","","","","","","","","","","","","","","","","","","","","","","","","",""
"33236002","CAP-FERRET",44.630667,-1.252,8,1977070618,"","","","",5.,1,280,1,"","","","","","","","","","","","","","","","","","","","","","","","","","","","",19.6,1,19.6,1,"","","","","","","","","","","","","","","","","","","","","","","","","","",100,1,"","","","","","","","","","","","",22.8,1,1010.,1,"","","","","","",8,1,8,1,8,1,"","","","","","","","","","","","","","","","","","","","","","","","","","","","",3500,1,"","",10,1,8,1,"","","","","","","","","","",3,1,270,1,"","","","","","","","","","","","","","","","","","","","","","","","","","","","","","","","","","","","","","","","","","","","","","","","","","","",""
"33236002","CAP-FERRET",44.630667,-1.252,8,1977070621,"","","","",9.,1,320,1,"","","","","","","","","","","","","","","","","","","","","","","","","","","","",18.2,1,18.2,1,"","","","","","","","","","","","","","","","","","","","","","","","","","",100,1,"","","","","","","","","","","","",20.9,1,1010.2,1,"","","","","","",8,1,8,1,9,1,"","","","","","","","","","","","","","","","","","","","","","","","","","","","",4000,1,"","",97,1,9,1,"","","","","","","","","","",3,1,270,1,"","","","","","","","","","","","","","","","","","","","","","","","","","","","","","","","","","","","","","","","","","","","","","","","","","","",""
"33236002","CAP-FERRET",44.630667,-1.252,8,1977070700,"","","","","","","","","","","","","","","","","","","","","","","","","","","","","","","","","","","","","","","","","","","","","","","","","","","","","","","","","","","","","","","","","","","","","","","","","","","","","","","","","","",1010.4,1,"","","","","","","","","","","","","","","","","","","","","","","","","","","","","","","","","","","","","","","","","","","","","","","","","","","","","","","","","","","","","","","","","","","","","","","","","","","","","","","","","","","","","","","","","","","","","","","","","","","","","","","","","","","","","","","","","",""
"33236002","CAP-FERRET",44.630667,-1.252,8,1977070703,"","","","",1.,1,360,1,"","","","","","","","","","","","","","","","","","","","","","","","","","","","",17.7,1,17.7,1,"","","","","","","","","","","","","","","","","","","","","","","","","","",100,1,"","","","","","","","","","","","",20.2,1,1010.2,1,"","","","","","",8,1,8,1,5,1,"","","","","","","","","","","","","","","","","","","","","","","","","","","","",5000,1,"","",0,1,"","","","","","","","","","","","",3,1,270,1,"","","","","","","","","","","","","","","","","","","","","","","","","","","","","","","","","","","","","","","","","","","","","","","","","","","",""
"33236002","CAP-FERRET",44.630667,-1.252,8,1977070706,"","","","",1.,1,260,1,"","","","","","","","","","","","","","","","","","","","","","","","","","","","",17.7,1,17.7,1,"","","","","","","","","","","","","","","","","","","","","","","","","","",100,1,"","","","","","","","","","","","",20.2,1,1010.,1,"","","","","","",8,1,6,1,8,1,"","","","","","","","","","","","","","","","","","","","","","","","","","","","",10000,1,"","",2,1,"","","","","","","","","","","","",3,1,270,1,"","","","","","","","","","","","","","","","","","","","","","","","","","","","","","","","","","","","","","","","","","","","","","","","","","","",""
"33236002","CAP-FERRET",44.630667,-1.252,8,1977070709,"","","","",6.,1,280,1,"","","","","","","","","","","","","","","","","","","","","","","","","","","","",19.3,1,18.3,1,"","","","","","","","","","","","","","","","","","","","","","","","","","",97,1,"","","","","","","","","","","","",21.7,1,1010.6,1,"","","","","","",7,1,7,1,8,1,"","","","","","","","","","","","","","","","","","","","","","","","","","","","",6000,1,"","",2,1,2,1,"","","","","","","","","","",3,1,270,1,"","","","","","","","","","","","","","","","","","","","","","","","","","","","","","","","","","","","","","","","","","","","","","","","","","","",""
"33236002","CAP-FERRET",44.630667,-1.252,8,1977070712,"","","","",4.,1,300,1,"","","","","","","","","","","","","","","","","","","","","","","","","","","","",20.3,1,17.9,1,"","","","","","","","","","","","","","","","","","","","","","","","","","",89,1,"","","","","","","","","","","","",21.2,1,1011.,1,"","","","","","",8,1,8,1,8,1,"","","","","","","","","","","","","","","","","","","","","","","","","","","","",7000,1,"","",2,1,2,1,"","","","","","","","","","",3,1,270,1,"","","","","","","","","","","","","","","","","","","","","","","","","","","","","","","","","","","","","","","","","","","","","","","","","","","",""
"33236002","CAP-FERRET",44.630667,-1.252,8,1977070715,"","","","",2.,1,300,1,"","","","","","","","","","","","","","","","","","","","","","","","","","","","",20.1,1,17.7,1,"","","","","","","","","","","","","","","","","","","","","","","","","","",89,1,"","","","","","","","","","","","",20.9,1,1011.,1,"","","","","","",8,1,8,1,8,1,"","","","","","","","","","","","","","","","","","","","","","","","","","","","",7000,1,"","",2,1,2,1,"","","","","","","","","","",3,1,270,1,"","","","","","","","","","","","","","","","","","","","","","","","","","","","","","","","","","","","","","","","","","","","","","","","","","","",""
"33236002","CAP-FERRET",44.630667,-1.252,8,1977070718,"","","","",2.,1,320,1,"","","","","","","","","","","","","","","","","","","","","","","","","","","","",20.,1,17.9,1,"","","","","","","","","","","","","","","","","","","","","","","","","","",91,1,"","","","","","","","","","","","",21.2,1,1010.4,1,"","","","","","",7,1,7,1,8,1,"","","","","","","","","","","","","","","","","","","","","","","","","","","","",7000,1,"","",2,1,2,1,"","","","","","","","","","",3,1,270,1,"","","","","","","","","","","","","","","","","","","","","","","","","","","","","","","","","","","","","","","","","","","","","","","","","","","",""
"33236002","CAP-FERRET",44.630667,-1.252,8,1977070721,"","","","",5.,1,320,1,"","","","","","","","","","","","","","","","","","","","","","","","","","","","",18.5,1,18.5,1,"","","","","","","","","","","","","","","","","","","","","","","","","","",100,1,"","","","","","","","","","","","",21.3,1,1010.9,1,"","","","","","",8,1,8,1,8,1,"","","","","","","","","","","","","","","","","","","","","","","","","","","","",6000,1,"","",2,1,8,1,"","","","","","","","","","",3,1,270,1,"","","","","","","","","","","","","","","","","","","","","","","","","","","","","","","","","","","","","","","","","","","","","","","","","","","",""
"33236002","CAP-FERRET",44.630667,-1.252,8,1977070800,"","","","","","","","","","","","","","","","","","","","","","","","","","","","","","","","","","","","","","","","","","","","","","","","","","","","","","","","","","","","","","","","","","","","","","","","","","","","","","","","","","",1009.4,1,"","","","","","","","","","","","","","","","","","","","","","","","","","","","","","","","","","","","","","","","","","","","","","","","","","","","","","","","","","","","","","","","","","","","","","","","","","","","","","","","","","","","","","","","","","","","","","","","","","","","","","","","","","","","","","","","","",""
"33236002","CAP-FERRET",44.630667,-1.252,8,1977070803,"","","","",6.,1,320,1,"","","","","","","","","","","","","","","","","","","","","","","","","","","","",18.2,1,18.2,1,"","","","","","","","","","","","","","","","","","","","","","","","","","",100,1,"","","","","","","","","","","","",20.9,1,1008.9,1,"","","","","","",8,1,8,1,5,1,"","","","","","","","","","","","","","","","","","","","","","","","","","","","",7000,1,"","",0,1,"","","","","","","","","","","","",3,1,270,1,"","","","","","","","","","","","","","","","","","","","","","","","","","","","","","","","","","","","","","","","","","","","","","","","","","","",""
"33236002","CAP-FERRET",44.630667,-1.252,8,1977070806,"","","","",7.,1,320,1,"","","","","","","","","","","","","","","","","","","","","","","","","","","","",18.6,1,18.6,1,"","","","","","","","","","","","","","","","","","","","","","","","","","",99,1,"","","","","","","","","","","","",21.,1,1008.7,1,"","","","","","",7,1,7,1,8,1,"","","","","","","","","","","","","","","","","","","","","","","","","","","","",9000,1,"","",2,1,2,1,"","","","","","","","","","",3,1,270,1,"","","","","","","","","","","","","","","","","","","","","","","","","","","","","","","","","","","","","","","","","","","","","","","","","","","",""
"33236002","CAP-FERRET",44.630667,-1.252,8,1977070809,"","","","",8.,1,300,1,"","","","","","","","","","","","","","","","","","","","","","","","","","","","",18.8,1,17.6,1,"","","","","","","","","","","","","","","","","","","","","","","","","","",96,1,"","","","","","","","","","","","",20.8,1,1008.7,1,"","","","","","",8,1,8,1,8,1,"","","","","","","","","","","","","","","","","","","","","","","","","","","","",10000,1,"","",2,1,8,1,"","","","","","","","","","",3,1,270,1,"","","","","","","","","","","","","","","","","","","","","","","","","","","","","","","","","","","","","","","","","","","","","","","","","","","",""
"33236002","CAP-FERRET",44.630667,-1.252,8,1977070812,"","","","",5.,1,340,1,"","","","","","","","","","","","","","","","","","","","","","","","","","","","",21.8,1,19.1,1,"","","","","","","","","","","","","","","","","","","","","","","","","","",87,1,"","","","","","","","","","","","",22.9,1,1009.1,1,"","","","","","",7,1,6,1,6,1,6,1,"","","","","","","","","","","","","","","","","","","","","","","","","","",10000,1,"","",1,1,8,1,"","","","","","","","","","",3,1,270,1,"","","","","","","","","","","","","","","","","","","","","","","","","","","","","","","","","","","","","","","","","","","","","","","","","","","",""
"33236002","CAP-FERRET",44.630667,-1.252,8,1977070815,"","","","",5.,1,300,1,"","","","","","","","","","","","","","","","","","","","","","","","","","","","",22.4,1,18.8,1,"","","","","","","","","","","","","","","","","","","","","","","","","","",82,1,"","","","","","","","","","","","",22.4,1,1009.5,1,"","","","","","",1,1,0,1,2,1,0,1,0,1,"","","","","","","","","","","","","","","","","","","","","","","","",8000,1,"","",1,1,1,1,"","","","","","","","","","",3,1,270,1,"","","","","","","","","","","","","","","","","","","","","","","","","","","","","","","","","","","","","","","","","","","","","","","","","","","",""
"33236002","CAP-FERRET",44.630667,-1.252,8,1977070818,"","","","",6.,1,320,1,"","","","","","","","","","","","","","","","","","","","","","","","","","","","",20.4,1,18.3,1,"","","","","","","","","","","","","","","","","","","","","","","","","","",90,1,"","","","","","","","","","","","",21.7,1,1010.1,1,"","","","","","",8,1,8,1,6,1,"","","","","","","","","","","","","","","","","","","","","","","","","","","","",6000,1,"","",3,1,1,1,"","","","","","","","","","",3,1,270,1,"","","","","","","","","","","","","","","","","","","","","","","","","","","","","","","","","","","","","","","","","","","","","","","","","","","",""
"33236002","CAP-FERRET",44.630667,-1.252,8,1977070821,"","","","",5.,1,300,1,"","","","","","","","","","","","","","","","","","","","","","","","","","","","",18.8,1,18.8,1,"","","","","","","","","","","","","","","","","","","","","","","","","","",99,1,"","","","","","","","","","","","",20.5,1,1011.5,1,"","","","","","",3,1,0,1,6,1,0,1,0,1,"","","","","","","","","","","","","","","","","","","","","","","","",9000,1,"","",1,1,1,1,"","","","","","","","","","",3,1,270,1,"","","","","","","","","","","","","","","","","","","","","","","","","","","","","","","","","","","","","","","","","","","","","","","","","","","",""
"33236002","CAP-FERRET",44.630667,-1.252,8,1977070900,"","","","","","","","","","","","","","","","","","","","","","","","","","","","","","","","","","","","","","","","","","","","","","","","","","","","","","","","","","","","","","","","","","","","","","","","","","","","","","","","","","",1011.8,1,"","","","","","","","","","","","","","","","","","","","","","","","","","","","","","","","","","","","","","","","","","","","","","","","","","","","","","","","","","","","","","","","","","","","","","","","","","","","","","","","","","","","","","","","","","","","","","","","","","","","","","","","","","","","","","","","","",""
"33236002","CAP-FERRET",44.630667,-1.252,8,1977070903,"","","","",7.,1,300,1,"","","","","","","","","","","","","","","","","","","","","","","","","","","","",18.7,1,18.7,1,"","","","","","","","","","","","","","","","","","","","","","","","","","",100,1,"","","","","","","","","","","","",21.6,1,1012.1,1,"","","","","","",7,1,7,1,5,1,"","","","","","","","","","","","","","","","","","","","","","","","","","","","",3000,1,"","",10,1,"","","","","","","","","","","","",3,1,270,1,"","","","","","","","","","","","","","","","","","","","","","","","","","","","","","","","","","","","","","","","","","","","","","","","","","","",""
"33236002","CAP-FERRET",44.630667,-1.252,8,1977070906,"","","","",7.,1,320,1,"","","","","","","","","","","","","","","","","","","","","","","","","","","","",18.4,1,18.4,1,"","","","","","","","","","","","","","","","","","","","","","","","","","",100,1,"","","","","","","","","","","","",21.1,1,1012.8,1,"","","","","","",8,1,8,1,9,1,"","","","","","","","","","","","","","","","","","","","","","","","","","","","",3000,1,"","",80,1,"","","","","","","","","","","","",3,1,270,1,"","","","","","","","","","","","","","","","","","","","","","","","","","","","","","","","","","","","","","","","","","","","","","","","","","","",""
"33236002","CAP-FERRET",44.630667,-1.252,8,1977070909,"","","","",7.,1,320,1,"","","","","","","","","","","","","","","","","","","","","","","","","","","","",18.6,1,18.6,1,"","","","","","","","","","","","","","","","","","","","","","","","","","",100,1,"","","","","","","","","","","","",21.4,1,1013.9,1,"","","","","","",7,1,7,1,8,1,"","","","","","","","","","","","","","","","","","","","","","","","","","","","",3000,1,"","",10,1,6,1,"","","","","","","","","","",3,1,270,1,"","","","","","","","","","","","","","","","","","","","","","","","","","","","","","","","","","","","","","","","","","","","","","","","","","","",""
"33236002","CAP-FERRET",44.630667,-1.252,8,1977070912,"","","","",7.,1,280,1,"","","","","","","","","","","","","","","","","","","","","","","","","","","","",20.7,1,18.1,1,"","","","","","","","","","","","","","","","","","","","","","","","","","",88,1,"","","","","","","","","","","","",21.5,1,1015.,1,"","","","","","",7,1,7,1,8,1,"","","","","","","","","","","","","","","","","","","","","","","","","","","","",4000,1,"","",10,1,6,1,"","","","","","","","","","",3,1,270,1,"","","","","","","","","","","","","","","","","","","","","","","","","","","","","","","","","","","","","","","","","","","","","","","","","","","",""
"33236002","CAP-FERRET",44.630667,-1.252,8,1977070915,"","","","",5.,1,280,1,"","","","","","","","","","","","","","","","","","","","","","","","","","","","",21.3,1,18.3,1,"","","","","","","","","","","","","","","","","","","","","","","","","","",86,1,"","","","","","","","","","","","",21.7,1,1015.2,1,"","","","","","",3,1,0,1,2,1,0,1,0,1,"","","","","","","","","","","","","","","","","","","","","","","","",6000,1,"","",3,1,1,1,"","","","","","","","","","",3,1,270,1,"","","","","","","","","","","","","","","","","","","","","","","","","","","","","","","","","","","","","","","","","","","","","","","","","","","",""
"33236002","CAP-FERRET",44.630667,-1.252,8,1977070918,"","","","",3.,1,280,1,"","","","","","","","","","","","","","","","","","","","","","","","","","","","",20.9,1,18.,1,"","","","","","","","","","","","","","","","","","","","","","","","","","",86,1,"","","","","","","","","","","","",21.3,1,1015.4,1,"","","","","","",2,1,0,1,2,1,0,1,0,1,"","","","","","","","","","","","","","","","","","","","","","","","",7000,1,"","",2,1,1,1,"","","","","","","","","","",3,1,270,1,"","","","","","","","","","","","","","","","","","","","","","","","","","","","","","","","","","","","","","","","","","","","","","","","","","","",""
"33236002","CAP-FERRET",44.630667,-1.252,8,1977070921,"","","","",3.,1,260,1,"","","","","","","","","","","","","","","","","","","","","","","","","","","","",18.,1,17.2,1,"","","","","","","","","","","","","","","","","","","","","","","","","","",98,1,"","","","","","","","","","","","",20.2,1,1016.5,1,"","","","","","",2,1,0,1,0,1,0,1,2,1,"","","","","","","","","","","","","","","","","","","","","","","","",5000,1,"","",2,1,0,1,"","","","","","","","","","",3,1,270,1,"","","","","","","","","","","","","","","","","","","","","","","","","","","","","","","","","","","","","","","","","","","","","","","","","","","",""
"33236002","CAP-FERRET",44.630667,-1.252,8,1977071000,"","","","","","","","","","","","","","","","","","","","","","","","","","","","","","","","","","","","","","","","","","","","","","","","","","","","","","","","","","","","","","","","","","","","","","","","","","","","","","","","","","",1017.9,1,"","","","","","","","","","","","","","","","","","","","","","","","","","","","","","","","","","","","","","","","","","","","","","","","","","","","","","","","","","","","","","","","","","","","","","","","","","","","","","","","","","","","","","","","","","","","","","","","","","","","","","","","","","","","","","","","","",""
"33236002","CAP-FERRET",44.630667,-1.252,8,1977071003,"","","","",1.,1,180,1,"","","","","","","","","","","","","","","","","","","","","","","","","","","","",15.2,1,15.2,1,"","","","","","","","","","","","","","","","","","","","","","","","","","",100,1,"","","","","","","","","","","","",17.3,1,1017.9,1,"","","","","","",2,1,0,1,0,1,0,1,2,1,"","","","","","","","","","","","","","","","","","","","","","","","",2000,1,"","",10,1,"","","","","","","","","","","","",2,1,"","","","","","","","","","","","","","","","","","","","","","","","","","","","","","","","","","","","","","","","","","","","","","","","","","","","","",""
"33236002","CAP-FERRET",44.630667,-1.252,8,1977071006,"","","","",1.,1,120,1,"","","","","","","","","","","","","","","","","","","","","","","","","","","","",15.7,1,15.7,1,"","","","","","","","","","","","","","","","","","","","","","","","","","",100,1,"","","","","","","","","","","","",17.8,1,1017.5,1,"","","","","","",2,1,0,1,0,1,0,1,2,1,"","","","","","","","","","","","","","","","","","","","","","","","",800,1,"","",44,1,"","","","","","","","","","","","",2,1,"","","","","","","","","","","","","","","","","","","","","","","","","","","","","","","","","","","","","","","","","","","","","","","","","","","","","",""
"33236002","CAP-FERRET",44.630667,-1.252,8,1977071009,"","","","",1.,1,120,1,"","","","","","","","","","","","","","","","","","","","","","","","","","","","",20.,1,17.1,1,"","","","","","","","","","","","","","","","","","","","","","","","","","",86,1,"","","","","","","","","","","","",20.1,1,1017.5,1,"","","","","","",2,1,0,1,0,1,0,1,2,1,"","","","","","","","","","","","","","","","","","","","","","","","",6000,1,"","",2,1,4,1,"","","","","","","","","","",2,1,"","","","","","","","","","","","","","","","","","","","","","","","","","","","","","","","","","","","","","","","","","","","","","","","","","","","","",""
"33236002","CAP-FERRET",44.630667,-1.252,8,1977071012,"","","","",1.,1,120,1,"","","","","","","","","","","","","","","","","","","","","","","","","","","","",24.9,1,16.6,1,"","","","","","","","","","","","","","","","","","","","","","","","","","",62,1,"","","","","","","","","","","","",19.5,1,1016.8,1,"","","","","","",2,1,0,1,2,1,0,1,0,1,"","","","","","","","","","","","","","","","","","","","","","","","",12000,1,"","",2,1,4,1,"","","","","","","","","","",2,1,"","","","","","","","","","","","","","","","","","","","","","","","","","","","","","","","","","","","","","","","","","","","","","","","","","","","","",""
"33236002","CAP-FERRET",44.630667,-1.252,8,1977071015,"","","","",5.,1,60,1,"","","","","","","","","","","","","","","","","","","","","","","","","","","","",27.,1,19.3,1,"","","","","","","","","","","","","","","","","","","","","","","","","","",65,1,"","","","","","","","","","","","",23.2,1,1015.5,1,"","","","","","",1,1,0,1,2,1,0,1,0,1,"","","","","","","","","","","","","","","","","","","","","","","","",12000,1,"","",2,1,0,1,"","","","","","","","","","",2,1,"","","","","","","","","","","","","","","","","","","","","","","","","","","","","","","","","","","","","","","","","","","","","","","","","","","","","",""
"33236002","CAP-FERRET",44.630667,-1.252,8,1977071018,"","","","",6.,1,100,1,"","","","","","","","","","","","","","","","","","","","","","","","","","","","",25.9,1,19.1,1,"","","","","","","","","","","","","","","","","","","","","","","","","","",68,1,"","","","","","","","","","","","",22.9,1,1014.5,1,"","","","","","",0,1,"","",0,1,0,1,0,1,"","","","","","","","","","","","","","","","","","","","","","","","",12000,1,"","",2,1,0,1,"","","","","","","","","","",2,1,"","","","","","","","","","","","","","","","","","","","","","","","","","","","","","","","","","","","","","","","","","","","","","","","","","","","","",""
"33236002","CAP-FERRET",44.630667,-1.252,8,1977071021,"","","","",5.,1,100,1,"","","","","","","","","","","","","","","","","","","","","","","","","","","","",22.2,1,18.3,1,"","","","","","","","","","","","","","","","","","","","","","","","","","",81,1,"","","","","","","","","","","","",21.7,1,1014.5,1,"","","","","","",0,1,"","",0,1,0,1,0,1,"","","","","","","","","","","","","","","","","","","","","","","","",12000,1,"","",2,1,0,1,"","","","","","","","","","",2,1,"","","","","","","","","","","","","","","","","","","","","","","","","","","","","","","","","","","","","","","","","","","","","","","","","","","","","",""
"33236002","CAP-FERRET",44.630667,-1.252,8,1977071100,"","","","","","","","","","","","","","","","","","","","","","","","","","","","","","","","","","","","","","","","","","","","","","","","","","","","","","","","","","","","","","","","","","","","","","","","","","","","","","","","","","",1013.2,1,"","","","","","","","","","","","","","","","","","","","","","","","","","","","","","","","","","","","","","","","","","","","","","","","","","","","","","","","","","","","","","","","","","","","","","","","","","","","","","","","","","","","","","","","","","","","","","","","","","","","","","","","","","","","","","","","","",""
"33236002","CAP-FERRET",44.630667,-1.252,8,1977071103,"","","","",3.,1,120,1,"","","","","","","","","","","","","","","","","","","","","","","","","","","","",19.,1,17.7,1,"","","","","","","","","","","","","","","","","","","","","","","","","","",95,1,"","","","","","","","","","","","",20.9,1,1013.2,1,"","","","","","",3,1,0,1,2,1,0,1,0,1,"","","","","","","","","","","","","","","","","","","","","","","","",8000,1,"","",0,1,"","","","","","","","","","","","",2,1,"","","","","","","","","","","","","","","","","","","","","","","","","","","","","","","","","","","","","","","","","","","","","","","","","","","","","",""
"33236002","CAP-FERRET",44.630667,-1.252,8,1977071106,"","","","",5.,1,240,1,"","","","","","","","","","","","","","","","","","","","","","","","","","","","",19.4,1,19.4,1,"","","","","","","","","","","","","","","","","","","","","","","","","","",100,1,"","","","","","","","","","","","",22.5,1,1014.7,1,"","","","","","",7,1,7,1,9,1,"","","","","","","","","","","","","","","","","","","","","","","","","","","","",8000,1,"","",95,1,"","","","","","","","","","","","",2,1,"","","","","","","","","","","","","","","","","","","","","","","","","","","","","","","","","","","","","","","","","","","","","","","","","","","","","",""
"33236002","CAP-FERRET",44.630667,-1.252,8,1977071109,"","","","",6.,1,260,1,"","","","","","","","","","","","","","","","","","","","","","","","","","","","",20.9,1,20.9,1,"","","","","","","","","","","","","","","","","","","","","","","","","","",100,1,"","","","","","","","","","","","",24.7,1,1016.4,1,"","","","","","",6,1,6,1,2,1,0,1,0,1,"","","","","","","","","","","","","","","","","","","","","","","","",7000,1,"","",2,1,9,1,"","","","","","","","","","",2,1,"","","","","","","","","","","","","","","","","","","","","","","","","","","","","","","","","","","","","","","","","","","","","","","","","","","","","",""
"33236002","CAP-FERRET",44.630667,-1.252,8,1977071112,"","","","",6.,1,260,1,"","","","","","","","","","","","","","","","","","","","","","","","","","","","",23.5,1,17.7,1,"","","","","","","","","","","","","","","","","","","","","","","","","","",69,1,"","","","","","","","","","","","",20.9,1,1017.2,1,"","","","","","",7,1,7,1,8,1,"","","","","","","","","","","","","","","","","","","","","","","","","","","","",7000,1,"","",2,1,9,1,"","","","","","","","","","",2,1,"","","","","","","","","","","","","","","","","","","","","","","","","","","","","","","","","","","","","","","","","","","","","","","","","","","","","",""
"33236002","CAP-FERRET",44.630667,-1.252,8,1977071115,"","","","",6.,1,300,1,"","","","","","","","","","","","","","","","","","","","","","","","","","","","",21.7,1,19.,1,"","","","","","","","","","","","","","","","","","","","","","","","","","",87,1,"","","","","","","","","","","","",22.7,1,1017.5,1,"","","","","","",8,1,8,1,8,1,"","","","","","","","","","","","","","","","","","","","","","","","","","","","",10000,1,"","",2,1,2,1,"","","","","","","","","","",2,1,"","","","","","","","","","","","","","","","","","","","","","","","","","","","","","","","","","","","","","","","","","","","","","","","","","","","","",""
"33236002","CAP-FERRET",44.630667,-1.252,8,1977071118,"","","","",6.,1,280,1,"","","","","","","","","","","","","","","","","","","","","","","","","","","","",19.9,1,18.,1,"","","","","","","","","","","","","","","","","","","","","","","","","","",92,1,"","","","","","","","","","","","",21.3,1,1018.,1,"","","","","","",7,1,7,1,8,1,"","","","","","","","","","","","","","","","","","","","","","","","","","","","",12000,1,"","",2,1,2,1,"","","","","","","","","","",2,1,"","","","","","","","","","","","","","","","","","","","","","","","","","","","","","","","","","","","","","","","","","","","","","","","","","","","","",""
"33236002","CAP-FERRET",44.630667,-1.252,8,1977071121,"","","","",6.,1,300,1,"","","","","","","","","","","","","","","","","","","","","","","","","","","","",18.9,1,16.8,1,"","","","","","","","","","","","","","","","","","","","","","","","","","",90,1,"","","","","","","","","","","","",19.7,1,1018.8,1,"","","","","","",5,1,5,1,2,1,0,1,0,1,"","","","","","","","","","","","","","","","","","","","","","","","",15000,1,"","",2,1,2,1,"","","","","","","","","","",2,1,"","","","","","","","","","","","","","","","","","","","","","","","","","","","","","","","","","","","","","","","","","","","","","","","","","","","","",""
"33236002","CAP-FERRET",44.630667,-1.252,8,1977071200,"","","","","","","","","","","","","","","","","","","","","","","","","","","","","","","","","","","","","","","","","","","","","","","","","","","","","","","","","","","","","","","","","","","","","","","","","","","","","","","","","","",1019.,1,"","","","","","","","","","","","","","","","","","","","","","","","","","","","","","","","","","","","","","","","","","","","","","","","","","","","","","","","","","","","","","","","","","","","","","","","","","","","","","","","","","","","","","","","","","","","","","","","","","","","","","","","","","","","","","","","","",""
"33236002","CAP-FERRET",44.630667,-1.252,8,1977071203,"","","","",2.,1,360,1,"","","","","","","","","","","","","","","","","","","","","","","","","","","","",17.2,1,15.7,1,"","","","","","","","","","","","","","","","","","","","","","","","","","",94,1,"","","","","","","","","","","","",18.4,1,1019.,1,"","","","","","",6,1,6,1,2,1,0,1,0,1,"","","","","","","","","","","","","","","","","","","","","","","","",18000,1,"","",0,1,"","","","","","","","","","","","",2,1,"","","","","","","","","","","","","","","","","","","","","","","","","","","","","","","","","","","","","","","","","","","","","","","","","","","","","",""
"33236002","CAP-FERRET",44.630667,-1.252,8,1977071206,"","","","",1.,1,20,1,"","","","","","","","","","","","","","","","","","","","","","","","","","","","",17.5,1,16.2,1,"","","","","","","","","","","","","","","","","","","","","","","","","","",95,1,"","","","","","","","","","","","",19.,1,1019.3,1,"","","","","","",7,1,7,1,8,1,"","","","","","","","","","","","","","","","","","","","","","","","","","","","",15000,1,"","",2,1,"","","","","","","","","","","","",2,1,"","","","","","","","","","","","","","","","","","","","","","","","","","","","","","","","","","","","","","","","","","","","","","","","","","","","","",""
"33236002","CAP-FERRET",44.630667,-1.252,8,1977071209,"","","","",2.,1,300,1,"","","","","","","","","","","","","","","","","","","","","","","","","","","","",22.,1,16.7,1,"","","","","","","","","","","","","","","","","","","","","","","","","","",74,1,"","","","","","","","","","","","",19.6,1,1019.5,1,"","","","","","",3,1,0,1,2,1,0,1,0,1,"","","","","","","","","","","","","","","","","","","","","","","","",15000,1,"","",2,1,1,1,"","","","","","","","","","",2,1,"","","","","","","","","","","","","","","","","","","","","","","","","","","","","","","","","","","","","","","","","","","","","","","","","","","","","",""
"33236002","CAP-FERRET",44.630667,-1.252,8,1977071212,"","","","",4.,1,320,1,"","","","","","","","","","","","","","","","","","","","","","","","","","","","",23.6,1,18.3,1,"","","","","","","","","","","","","","","","","","","","","","","","","","",74,1,"","","","","","","","","","","","",21.7,1,1019.4,1,"","","","","","",2,1,0,1,2,1,0,1,0,1,"","","","","","","","","","","","","","","","","","","","","","","","",15000,1,"","",2,1,1,1,"","","","","","","","","","",2,1,"","","","","","","","","","","","","","","","","","","","","","","","","","","","","","","","","","","","","","","","","","","","","","","","","","","","","",""
"33236002","CAP-FERRET",44.630667,-1.252,8,1977071215,"","","","",5.,1,340,1,"","","","","","","","","","","","","","","","","","","","","","","","","","","","",23.8,1,18.1,1,"","","","","","","","","","","","","","","","","","","","","","","","","","",73,1,"","","","","","","","","","","","",21.5,1,1019.1,1,"","","","","","",6,1,6,1,5,1,0,1,0,1,"","","","","","","","","","","","","","","","","","","","","","","","",15000,1,"","",2,1,1,1,"","","","","","","","","","",2,1,"","","","","","","","","","","","","","","","","","","","","","","","","","","","","","","","","","","","","","","","","","","","","","","","","","","","","",""
"33236002","CAP-FERRET",44.630667,-1.252,8,1977071218,"","","","",4.,1,20,1,"","","","","","","","","","","","","","","","","","","","","","","","","","","","",22.1,1,16.6,1,"","","","","","","","","","","","","","","","","","","","","","","","","","",73,1,"","","","","","","","","","","","",19.5,1,1018.6,1,"","","","","","",2,1,0,1,0,1,0,1,2,1,"","","","","","","","","","","","","","","","","","","","","","","","",20000,1,"","",2,1,1,1,"","","","","","","","","","",2,1,"","","","","","","","","","","","","","","","","","","","","","","","","","","","","","","","","","","","","","","","","","","","","","","","","","","","","",""
"33236002","CAP-FERRET",44.630667,-1.252,8,1977071221,"","","","",3.,1,360,1,"","","","","","","","","","","","","","","","","","","","","","","","","","","","",18.1,1,16.,1,"","","","","","","","","","","","","","","","","","","","","","","","","","",90,1,"","","","","","","","","","","","",18.7,1,1019.3,1,"","","","","","",3,1,0,1,0,1,0,1,2,1,"","","","","","","","","","","","","","","","","","","","","","","","",20000,1,"","",2,1,0,1,"","","","","","","","","","",2,1,"","","","","","","","","","","","","","","","","","","","","","","","","","","","","","","","","","","","","","","","","","","","","","","","","","","","","",""
"33236002","CAP-FERRET",44.630667,-1.252,8,1977071300,"","","","","","","","","","","","","","","","","","","","","","","","","","","","","","","","","","","","","","","","","","","","","","","","","","","","","","","","","","","","","","","","","","","","","","","","","","","","","","","","","","",1020.1,1,"","","","","","","","","","","","","","","","","","","","","","","","","","","","","","","","","","","","","","","","","","","","","","","","","","","","","","","","","","","","","","","","","","","","","","","","","","","","","","","","","","","","","","","","","","","","","","","","","","","","","","","","","","","","","","","","","",""
"33236002","CAP-FERRET",44.630667,-1.252,8,1977071303,"","","","",4.,1,280,1,"","","","","","","","","","","","","","","","","","","","","","","","","","","","",17.8,1,15.7,1,"","","","","","","","","","","","","","","","","","","","","","","","","","",90,1,"","","","","","","","","","","","",18.3,1,1018.3,1,"","","","","","",5,1,5,1,5,1,0,1,0,1,"","","","","","","","","","","","","","","","","","","","","","","","",18000,1,"","",0,1,"","","","","","","","","","","","",3,1,270,1,"","","","","","","","","","","","","","","","","","","","","","","","","","","","","","","","","","","","","","","","","","","","","","","","","","","",""
"33236002","CAP-FERRET",44.630667,-1.252,8,1977071306,"","","","",3.,1,300,1,"","","","","","","","","","","","","","","","","","","","","","","","","","","","",18.,1,15.9,1,"","","","","","","","","","","","","","","","","","","","","","","","","","",90,1,"","","","","","","","","","","","",18.6,1,1018.3,1,"","","","","","",6,1,6,1,8,1,0,1,0,1,"","","","","","","","","","","","","","","","","","","","","","","","",20000,1,"","",2,1,"","","","","","","","","","","","",3,1,270,1,"","","","","","","","","","","","","","","","","","","","","","","","","","","","","","","","","","","","","","","","","","","","","","","","","","","",""
"33236002","CAP-FERRET",44.630667,-1.252,8,1977071309,"","","","",5.,1,280,1,"","","","","","","","","","","","","","","","","","","","","","","","","","","","",21.6,1,16.9,1,"","","","","","","","","","","","","","","","","","","","","","","","","","",77,1,"","","","","","","","","","","","",19.9,1,1018.5,1,"","","","","","",6,1,6,1,2,1,0,1,0,1,"","","","","","","","","","","","","","","","","","","","","","","","",20000,1,"","",2,1,2,1,"","","","","","","","","","",3,1,270,1,"","","","","","","","","","","","","","","","","","","","","","","","","","","","","","","","","","","","","","","","","","","","","","","","","","","",""
"33236002","CAP-FERRET",44.630667,-1.252,8,1977071312,"","","","",4.,1,280,1,"","","","","","","","","","","","","","","","","","","","","","","","","","","","",22.8,1,17.5,1,"","","","","","","","","","","","","","","","","","","","","","","","","","",75,1,"","","","","","","","","","","","",20.7,1,1018.5,1,"","","","","","",4,1,0,1,2,1,0,1,0,1,"","","","","","","","","","","","","","","","","","","","","","","","",15000,1,"","",2,1,1,1,"","","","","","","","","","",3,1,270,1,"","","","","","","","","","","","","","","","","","","","","","","","","","","","","","","","","","","","","","","","","","","","","","","","","","","",""
"33236002","CAP-FERRET",44.630667,-1.252,8,1977071315,"","","","",5.,1,280,1,"","","","","","","","","","","","","","","","","","","","","","","","","","","","",22.3,1,17.,1,"","","","","","","","","","","","","","","","","","","","","","","","","","",74,1,"","","","","","","","","","","","",20.,1,1017.8,1,"","","","","","",6,1,0,1,2,1,0,1,2,1,"","","","","","","","","","","","","","","","","","","","","","","","",15000,1,"","",2,1,1,1,"","","","","","","","","","",3,1,270,1,"","","","","","","","","","","","","","","","","","","","","","","","","","","","","","","","","","","","","","","","","","","","","","","","","","","",""
"33236002","CAP-FERRET",44.630667,-1.252,8,1977071318,"","","","",5.,1,280,1,"","","","","","","","","","","","","","","","","","","","","","","","","","","","",20.6,1,16.7,1,"","","","","","","","","","","","","","","","","","","","","","","","","","",81,1,"","","","","","","","","","","","",19.6,1,1017.,1,"","","","","","",6,1,0,1,2,1,0,1,2,1,"","","","","","","","","","","","","","","","","","","","","","","","",10000,1,"","",2,1,1,1,"","","","","","","","","","",3,1,270,1,"","","","","","","","","","","","","","","","","","","","","","","","","","","","","","","","","","","","","","","","","","","","","","","","","","","",""
"33236002","CAP-FERRET",44.630667,-1.252,8,1977071321,"","","","",4.,1,300,1,"","","","","","","","","","","","","","","","","","","","","","","","","","","","",18.4,1,15.8,1,"","","","","","","","","","","","","","","","","","","","","","","","","","",87,1,"","","","","","","","","","","","",18.5,1,1017.2,1,"","","","","","",6,1,6,1,2,1,0,1,0,1,"","","","","","","","","","","","","","","","","","","","","","","","",10000,1,"","",2,1,2,1,"","","","","","","","","","",3,1,270,1,"","","","","","","","","","","","","","","","","","","","","","","","","","","","","","","","","","","","","","","","","","","","","","","","","","","",""
"33236002","CAP-FERRET",44.630667,-1.252,8,1977071400,"","","","","","","","","","","","","","","","","","","","","","","","","","","","","","","","","","","","","","","","","","","","","","","","","","","","","","","","","","","","","","","","","","","","","","","","","","","","","","","","","","",1017.2,1,"","","","","","","","","","","","","","","","","","","","","","","","","","","","","","","","","","","","","","","","","","","","","","","","","","","","","","","","","","","","","","","","","","","","","","","","","","","","","","","","","","","","","","","","","","","","","","","","","","","","","","","","","","","","","","","","","",""
"33236002","CAP-FERRET",44.630667,-1.252,8,1977071403,"","","","",5.,1,300,1,"","","","","","","","","","","","","","","","","","","","","","","","","","","","",17.8,1,16.,1,"","","","","","","","","","","","","","","","","","","","","","","","","","",92,1,"","","","","","","","","","","","",18.7,1,1015.2,1,"","","","","","",7,1,7,1,2,1,0,1,2,1,"","","","","","","","","","","","","","","","","","","","","","","","",15000,1,"","",0,1,"","","","","","","","","","","","",2,1,"","","","","","","","","","","","","","","","","","","","","","","","","","","","","","","","","","","","","","","","","","","","","","","","","","","","","",""
"33236002","CAP-FERRET",44.630667,-1.252,8,1977071406,"","","","",3.,1,320,1,"","","","","","","","","","","","","","","","","","","","","","","","","","","","",17.8,1,15.1,1,"","","","","","","","","","","","","","","","","","","","","","","","","","",87,1,"","","","","","","","","","","","",17.7,1,1015.4,1,"","","","","","",6,1,6,1,8,1,0,1,0,1,"","","","","","","","","","","","","","","","","","","","","","","","",20000,1,"","",2,1,"","","","","","","","","","","","",2,1,"","","","","","","","","","","","","","","","","","","","","","","","","","","","","","","","","","","","","","","","","","","","","","","","","","","","","",""
"33236002","CAP-FERRET",44.630667,-1.252,8,1977071409,"","","","",3.,1,300,1,"","","","","","","","","","","","","","","","","","","","","","","","","","","","",21.4,1,16.4,1,"","","","","","","","","","","","","","","","","","","","","","","","","","",75,1,"","","","","","","","","","","","",19.2,1,1015.4,1,"","","","","","",4,1,0,1,2,1,0,1,0,1,"","","","","","","","","","","","","","","","","","","","","","","","",20000,1,"","",2,1,1,1,"","","","","","","","","","",2,1,"","","","","","","","","","","","","","","","","","","","","","","","","","","","","","","","","","","","","","","","","","","","","","","","","","","","","",""
"33236002","CAP-FERRET",44.630667,-1.252,8,1977071412,"","","","",5.,1,300,1,"","","","","","","","","","","","","","","","","","","","","","","","","","","","",23.,1,17.2,1,"","","","","","","","","","","","","","","","","","","","","","","","","","",72,1,"","","","","","","","","","","","",20.3,1,1015.3,1,"","","","","","",5,1,5,1,2,1,0,1,0,1,"","","","","","","","","","","","","","","","","","","","","","","","",20000,1,"","",2,1,1,1,"","","","","","","","","","",2,1,"","","","","","","","","","","","","","","","","","","","","","","","","","","","","","","","","","","","","","","","","","","","","","","","","","","","","",""
"33236002","CAP-FERRET",44.630667,-1.252,8,1977071415,"","","","",6.,1,320,1,"","","","","","","","","","","","","","","","","","","","","","","","","","","","",22.3,1,16.5,1,"","","","","","","","","","","","","","","","","","","","","","","","","","",72,1,"","","","","","","","","","","","",19.4,1,1015.3,1,"","","","","","",2,1,0,1,2,1,0,1,0,1,"","","","","","","","","","","","","","","","","","","","","","","","",20000,1,"","",2,1,1,1,"","","","","","","","","","",2,1,"","","","","","","","","","","","","","","","","","","","","","","","","","","","","","","","","","","","","","","","","","","","","","","","","","","","","",""
"33236002","CAP-FERRET",44.630667,-1.252,8,1977071418,"","","","",4.,1,320,1,"","","","","","","","","","","","","","","","","","","","","","","","","","","","",21.2,1,16.5,1,"","","","","","","","","","","","","","","","","","","","","","","","","","",77,1,"","","","","","","","","","","","",19.4,1,1015.3,1,"","","","","","",2,1,0,1,2,1,0,1,0,1,"","","","","","","","","","","","","","","","","","","","","","","","",20000,1,"","",2,1,1,1,"","","","","","","","","","",2,1,"","","","","","","","","","","","","","","","","","","","","","","","","","","","","","","","","","","","","","","","","","","","","","","","","","","","","",""
"33236002","CAP-FERRET",44.630667,-1.252,8,1977071421,"","","","",2.,1,340,1,"","","","","","","","","","","","","","","","","","","","","","","","","","","","",18.2,1,15.7,1,"","","","","","","","","","","","","","","","","","","","","","","","","","",88,1,"","","","","","","","","","","","",18.4,1,1016.2,1,"","","","","","",4,1,0,1,2,1,0,1,0,1,"","","","","","","","","","","","","","","","","","","","","","","","",20000,1,"","",2,1,0,1,"","","","","","","","","","",2,1,"","","","","","","","","","","","","","","","","","","","","","","","","","","","","","","","","","","","","","","","","","","","","","","","","","","","","",""
"33236002","CAP-FERRET",44.630667,-1.252,8,1977071500,"","","","","","","","","","","","","","","","","","","","","","","","","","","","","","","","","","","","","","","","","","","","","","","","","","","","","","","","","","","","","","","","","","","","","","","","","","","","","","","","","","",1016.8,1,"","","","","","","","","","","","","","","","","","","","","","","","","","","","","","","","","","","","","","","","","","","","","","","","","","","","","","","","","","","","","","","","","","","","","","","","","","","","","","","","","","","","","","","","","","","","","","","","","","","","","","","","","","","","","","","","","",""
"33236002","CAP-FERRET",44.630667,-1.252,8,1977071503,"","","","",1.,1,340,1,"","","","","","","","","","","","","","","","","","","","","","","","","","","","",18.,1,16.4,1,"","","","","","","","","","","","","","","","","","","","","","","","","","",93,1,"","","","","","","","","","","","",19.2,1,1016.6,1,"","","","","","",7,1,6,1,8,1,"","","","","","","","","","","","","","","","","","","","","","","","","","","","",20000,1,"","",0,1,"","","","","","","","","","","","",2,1,"","","","","","","","","","","","","","","","","","","","","","","","","","","","","","","","","","","","","","","","","","","","","","","","","","","","","",""
"33236002","CAP-FERRET",44.630667,-1.252,8,1977071506,"","","","",1.,1,360,1,"","","","","","","","","","","","","","","","","","","","","","","","","","","","",17.7,1,16.1,1,"","","","","","","","","","","","","","","","","","","","","","","","","","",93,1,"","","","","","","","","","","","",18.8,1,1017.,1,"","","","","","",7,1,6,1,8,1,"","","","","","","","","","","","","","","","","","","","","","","","","","","","",20000,1,"","",2,1,"","","","","","","","","","","","",2,1,"","","","","","","","","","","","","","","","","","","","","","","","","","","","","","","","","","","","","","","","","","","","","","","","","","","","","",""
"33236002","CAP-FERRET",44.630667,-1.252,8,1977071509,"","","","",4.,1,300,1,"","","","","","","","","","","","","","","","","","","","","","","","","","","","",22.2,1,17.2,1,"","","","","","","","","","","","","","","","","","","","","","","","","","",76,1,"","","","","","","","","","","","",20.3,1,1017.9,1,"","","","","","",6,1,0,1,8,1,0,1,0,1,"","","","","","","","","","","","","","","","","","","","","","","","",20000,1,"","",2,1,2,1,"","","","","","","","","","",2,1,"","","","","","","","","","","","","","","","","","","","","","","","","","","","","","","","","","","","","","","","","","","","","","","","","","","","","",""
"33236002","CAP-FERRET",44.630667,-1.252,8,1977071512,"","","","",5.,1,340,1,"","","","","","","","","","","","","","","","","","","","","","","","","","","","",23.1,1,18.3,1,"","","","","","","","","","","","","","","","","","","","","","","","","","",77,1,"","","","","","","","","","","","",21.8,1,1018.4,1,"","","","","","",5,1,0,1,8,1,0,1,0,1,"","","","","","","","","","","","","","","","","","","","","","","","",20000,1,"","",2,1,2,1,"","","","","","","","","","",2,1,"","","","","","","","","","","","","","","","","","","","","","","","","","","","","","","","","","","","","","","","","","","","","","","","","","","","","",""
"33236002","CAP-FERRET",44.630667,-1.252,8,1977071515,"","","","",7.,1,360,1,"","","","","","","","","","","","","","","","","","","","","","","","","","","","",21.6,1,18.1,1,"","","","","","","","","","","","","","","","","","","","","","","","","","",83,1,"","","","","","","","","","","","",21.5,1,1018.6,1,"","","","","","",7,1,7,1,5,1,"","","","","","","","","","","","","","","","","","","","","","","","","","","","",10000,1,"","",2,1,2,1,"","","","","","","","","","",2,1,"","","","","","","","","","","","","","","","","","","","","","","","","","","","","","","","","","","","","","","","","","","","","","","","","","","","","",""
"33236002","CAP-FERRET",44.630667,-1.252,8,1977071518,"","","","",7.,1,360,1,"","","","","","","","","","","","","","","","","","","","","","","","","","","","",21.4,1,17.1,1,"","","","","","","","","","","","","","","","","","","","","","","","","","",79,1,"","","","","","","","","","","","",20.1,1,1018.6,1,"","","","","","",6,1,5,1,8,1,0,1,0,1,"","","","","","","","","","","","","","","","","","","","","","","","",20000,1,"","",2,1,2,1,"","","","","","","","","","",2,1,"","","","","","","","","","","","","","","","","","","","","","","","","","","","","","","","","","","","","","","","","","","","","","","","","","","","","",""
"33236002","CAP-FERRET",44.630667,-1.252,8,1977071521,"","","","",4.,1,40,1,"","","","","","","","","","","","","","","","","","","","","","","","","","","","",18.7,1,14.9,1,"","","","","","","","","","","","","","","","","","","","","","","","","","",81,1,"","","","","","","","","","","","",17.4,1,1019.8,1,"","","","","","",2,1,0,1,2,1,0,1,0,1,"","","","","","","","","","","","","","","","","","","","","","","","",15000,1,"","",2,1,1,1,"","","","","","","","","","",2,1,"","","","","","","","","","","","","","","","","","","","","","","","","","","","","","","","","","","","","","","","","","","","","","","","","","","","","",""
"33236002","CAP-FERRET",44.630667,-1.252,8,1977071600,"","","","","","","","","","","","","","","","","","","","","","","","","","","","","","","","","","","","","","","","","","","","","","","","","","","","","","","","","","","","","","","","","","","","","","","","","","","","","","","","","","",1020.5,1,"","","","","","","","","","","","","","","","","","","","","","","","","","","","","","","","","","","","","","","","","","","","","","","","","","","","","","","","","","","","","","","","","","","","","","","","","","","","","","","","","","","","","","","","","","","","","","","","","","","","","","","","","","","","","","","","","",""
"33236002","CAP-FERRET",44.630667,-1.252,8,1977071603,"","","","",3.,1,80,1,"","","","","","","","","","","","","","","","","","","","","","","","","","","","",16.4,1,13.2,1,"","","","","","","","","","","","","","","","","","","","","","","","","","",84,1,"","","","","","","","","","","","",15.6,1,1020.9,1,"","","","","","",6,1,6,1,5,1,0,1,0,1,"","","","","","","","","","","","","","","","","","","","","","","","",18000,1,"","",0,1,"","","","","","","","","","","","",2,1,"","","","","","","","","","","","","","","","","","","","","","","","","","","","","","","","","","","","","","","","","","","","","","","","","","","","","",""
"33236002","CAP-FERRET",44.630667,-1.252,8,1977071606,"","","","",3.,1,60,1,"","","","","","","","","","","","","","","","","","","","","","","","","","","","",15.6,1,13.1,1,"","","","","","","","","","","","","","","","","","","","","","","","","","",87,1,"","","","","","","","","","","","",15.4,1,1021.4,1,"","","","","","",4,1,0,1,5,1,0,1,0,1,"","","","","","","","","","","","","","","","","","","","","","","","",20000,1,"","",2,1,"","","","","","","","","","","","",2,1,"","","","","","","","","","","","","","","","","","","","","","","","","","","","","","","","","","","","","","","","","","","","","","","","","","","","","",""
"33236002","CAP-FERRET",44.630667,-1.252,8,1977071609,"","","","",2.,1,40,1,"","","","","","","","","","","","","","","","","","","","","","","","","","","","",20.,1,13.2,1,"","","","","","","","","","","","","","","","","","","","","","","","","","",67,1,"","","","","","","","","","","","",15.6,1,1022.6,1,"","","","","","",2,1,0,1,5,1,0,1,0,1,"","","","","","","","","","","","","","","","","","","","","","","","",20000,1,"","",3,1,0,1,"","","","","","","","","","",2,1,"","","","","","","","","","","","","","","","","","","","","","","","","","","","","","","","","","","","","","","","","","","","","","","","","","","","","",""
"33236002","CAP-FERRET",44.630667,-1.252,8,1977071612,"","","","",6.,1,360,1,"","","","","","","","","","","","","","","","","","","","","","","","","","","","",23.1,1,13.2,1,"","","","","","","","","","","","","","","","","","","","","","","","","","",55,1,"","","","","","","","","","","","",15.6,1,1023.1,1,"","","","","","",6,1,0,1,2,1,0,1,2,1,"","","","","","","","","","","","","","","","","","","","","","","","",20000,1,"","",2,1,1,1,"","","","","","","","","","",2,1,"","","","","","","","","","","","","","","","","","","","","","","","","","","","","","","","","","","","","","","","","","","","","","","","","","","","","",""
"33236002","CAP-FERRET",44.630667,-1.252,8,1977071615,"","","","",6.,1,360,1,"","","","","","","","","","","","","","","","","","","","","","","","","","","","",22.5,1,12.5,1,"","","","","","","","","","","","","","","","","","","","","","","","","","",54,1,"","","","","","","","","","","","",14.8,1,1023.3,1,"","","","","","",6,1,0,1,1,1,0,1,1,1,"","","","","","","","","","","","","","","","","","","","","","","","",25000,1,"","",2,1,2,1,"","","","","","","","","","",2,1,"","","","","","","","","","","","","","","","","","","","","","","","","","","","","","","","","","","","","","","","","","","","","","","","","","","","","",""
"33236002","CAP-FERRET",44.630667,-1.252,8,1977071618,"","","","",6.,1,340,1,"","","","","","","","","","","","","","","","","","","","","","","","","","","","",20.,1,12.1,1,"","","","","","","","","","","","","","","","","","","","","","","","","","",61,1,"","","","","","","","","","","","",14.4,1,1023.3,1,"","","","","","",6,1,0,1,1,1,0,1,1,1,"","","","","","","","","","","","","","","","","","","","","","","","",25000,1,"","",2,1,2,1,"","","","","","","","","","",2,1,"","","","","","","","","","","","","","","","","","","","","","","","","","","","","","","","","","","","","","","","","","","","","","","","","","","","","",""
"33236002","CAP-FERRET",44.630667,-1.252,8,1977071621,"","","","",4.,1,340,1,"","","","","","","","","","","","","","","","","","","","","","","","","","","","",15.8,1,11.2,1,"","","","","","","","","","","","","","","","","","","","","","","","","","",76,1,"","","","","","","","","","","","",13.6,1,1023.6,1,"","","","","","",2,1,0,1,0,1,0,1,2,1,"","","","","","","","","","","","","","","","","","","","","","","","",20000,1,"","",2,1,1,1,"","","","","","","","","","",2,1,"","","","","","","","","","","","","","","","","","","","","","","","","","","","","","","","","","","","","","","","","","","","","","","","","","","","","",""
"33236002","CAP-FERRET",44.630667,-1.252,8,1977071700,"","","","","","","","","","","","","","","","","","","","","","","","","","","","","","","","","","","","","","","","","","","","","","","","","","","","","","","","","","","","","","","","","","","","","","","","","","","","","","","","","","",1023.4,1,"","","","","","","","","","","","","","","","","","","","","","","","","","","","","","","","","","","","","","","","","","","","","","","","","","","","","","","","","","","","","","","","","","","","","","","","","","","","","","","","","","","","","","","","","","","","","","","","","","","","","","","","","","","","","","","","","",""
"33236002","CAP-FERRET",44.630667,-1.252,8,1977071703,"","","","",3.,1,120,1,"","","","","","","","","","","","","","","","","","","","","","","","","","","","",12.3,1,10.7,1,"","","","","","","","","","","","","","","","","","","","","","","","","","",92,1,"","","","","","","","","","","","",13.1,1,1022.8,1,"","","","","","",1,1,0,1,0,1,0,1,1,1,"","","","","","","","","","","","","","","","","","","","","","","","",15000,1,"","",0,1,"","","","","","","","","","","","",2,1,"","","","","","","","","","","","","","","","","","","","","","","","","","","","","","","","","","","","","","","","","","","","","","","","","","","","","",""
"33236002","CAP-FERRET",44.630667,-1.252,8,1977071706,"","","","",2.,1,120,1,"","","","","","","","","","","","","","","","","","","","","","","","","","","","",13.2,1,11.,1,"","","","","","","","","","","","","","","","","","","","","","","","","","",88,1,"","","","","","","","","","","","",13.4,1,1023.,1,"","","","","","",0,1,"","",0,1,0,1,0,1,"","","","","","","","","","","","","","","","","","","","","","","","",20000,1,"","",2,1,0,1,"","","","","","","","","","",2,1,"","","","","","","","","","","","","","","","","","","","","","","","","","","","","","","","","","","","","","","","","","","","","","","","","","","","","",""
"33236002","CAP-FERRET",44.630667,-1.252,8,1977071709,"","","","",1.,1,120,1,"","","","","","","","","","","","","","","","","","","","","","","","","","","","",20.2,1,12.6,1,"","","","","","","","","","","","","","","","","","","","","","","","","","",63,1,"","","","","","","","","","","","",14.9,1,1023.,1,"","","","","","",0,1,"","",0,1,0,1,0,1,"","","","","","","","","","","","","","","","","","","","","","","","",20000,1,"","",2,1,0,1,"","","","","","","","","","",2,1,"","","","","","","","","","","","","","","","","","","","","","","","","","","","","","","","","","","","","","","","","","","","","","","","","","","","","",""
"33236002","CAP-FERRET",44.630667,-1.252,8,1977071712,"","","","",4.,1,320,1,"","","","","","","","","","","","","","","","","","","","","","","","","","","","",22.6,1,14.,1,"","","","","","","","","","","","","","","","","","","","","","","","","","",60,1,"","","","","","","","","","","","",16.4,1,1022.4,1,"","","","","","",2,1,0,1,2,1,0,1,0,1,"","","","","","","","","","","","","","","","","","","","","","","","",20000,1,"","",2,1,0,1,"","","","","","","","","","",2,1,"","","","","","","","","","","","","","","","","","","","","","","","","","","","","","","","","","","","","","","","","","","","","","","","","","","","","",""
"33236002","CAP-FERRET",44.630667,-1.252,8,1977071715,"","","","",5.,1,340,1,"","","","","","","","","","","","","","","","","","","","","","","","","","","","",23.5,1,15.9,1,"","","","","","","","","","","","","","","","","","","","","","","","","","",64,1,"","","","","","","","","","","","",18.6,1,1021.1,1,"","","","","","",1,1,0,1,2,1,0,1,0,1,"","","","","","","","","","","","","","","","","","","","","","","","",20000,1,"","",2,1,0,1,"","","","","","","","","","",2,1,"","","","","","","","","","","","","","","","","","","","","","","","","","","","","","","","","","","","","","","","","","","","","","","","","","","","","",""
"33236002","CAP-FERRET",44.630667,-1.252,8,1977071718,"","","","",5.,1,360,1,"","","","","","","","","","","","","","","","","","","","","","","","","","","","",21.,1,14.7,1,"","","","","","","","","","","","","","","","","","","","","","","","","","",69,1,"","","","","","","","","","","","",17.2,1,1019.7,1,"","","","","","",0,1,"","",0,1,0,1,0,1,"","","","","","","","","","","","","","","","","","","","","","","","",20000,1,"","",2,1,0,1,"","","","","","","","","","",2,1,"","","","","","","","","","","","","","","","","","","","","","","","","","","","","","","","","","","","","","","","","","","","","","","","","","","","","",""
"33236002","CAP-FERRET",44.630667,-1.252,8,1977071721,"","","","",4.,1,40,1,"","","","","","","","","","","","","","","","","","","","","","","","","","","","",17.,1,14.9,1,"","","","","","","","","","","","","","","","","","","","","","","","","","",90,1,"","","","","","","","","","","","",17.4,1,1019.9,1,"","","","","","",0,1,"","",0,1,0,1,0,1,"","","","","","","","","","","","","","","","","","","","","","","","",15000,1,"","",2,1,0,1,"","","","","","","","","","",2,1,"","","","","","","","","","","","","","","","","","","","","","","","","","","","","","","","","","","","","","","","","","","","","","","","","","","","","",""
"33236002","CAP-FERRET",44.630667,-1.252,8,1977071800,"","","","","","","","","","","","","","","","","","","","","","","","","","","","","","","","","","","","","","","","","","","","","","","","","","","","","","","","","","","","","","","","","","","","","","","","","","","","","","","","","","",1018.9,1,"","","","","","","","","","","","","","","","","","","","","","","","","","","","","","","","","","","","","","","","","","","","","","","","","","","","","","","","","","","","","","","","","","","","","","","","","","","","","","","","","","","","","","","","","","","","","","","","","","","","","","","","","","","","","","","","","",""
"33236002","CAP-FERRET",44.630667,-1.252,8,1977071803,"","","","",1.,1,80,1,"","","","","","","","","","","","","","","","","","","","","","","","","","","","",14.6,1,14.6,1,"","","","","","","","","","","","","","","","","","","","","","","","","","",100,1,"","","","","","","","","","","","",16.6,1,1017.8,1,"","","","","","",2,1,0,1,0,1,0,1,2,1,"","","","","","","","","","","","","","","","","","","","","","","","",12000,1,"","",0,1,"","","","","","","","","","","","",2,1,"","","","","","","","","","","","","","","","","","","","","","","","","","","","","","","","","","","","","","","","","","","","","","","","","","","","","",""
"33236002","CAP-FERRET",44.630667,-1.252,8,1977071806,"","","","",1.,1,80,1,"","","","","","","","","","","","","","","","","","","","","","","","","","","","",14.5,1,14.5,1,"","","","","","","","","","","","","","","","","","","","","","","","","","",100,1,"","","","","","","","","","","","",16.5,1,1017.8,1,"","","","","","",3,1,0,1,2,1,0,1,2,1,"","","","","","","","","","","","","","","","","","","","","","","","",12000,1,"","",2,1,"","","","","","","","","","","","",2,1,"","","","","","","","","","","","","","","","","","","","","","","","","","","","","","","","","","","","","","","","","","","","","","","","","","","","","",""
"33236002","CAP-FERRET",44.630667,-1.252,8,1977071809,"","","","",2.,1,280,1,"","","","","","","","","","","","","","","","","","","","","","","","","","","","",20.9,1,11.5,1,"","","","","","","","","","","","","","","","","","","","","","","","","","",56,1,"","","","","","","","","","","","",13.9,1,1018.1,1,"","","","","","",3,1,0,1,2,1,0,1,0,1,"","","","","","","","","","","","","","","","","","","","","","","","",18000,1,"","",3,1,0,1,"","","","","","","","","","",2,1,"","","","","","","","","","","","","","","","","","","","","","","","","","","","","","","","","","","","","","","","","","","","","","","","","","","","","",""
"33236002","CAP-FERRET",44.630667,-1.252,8,1977071812,"","","","",5.,1,240,1,"","","","","","","","","","","","","","","","","","","","","","","","","","","","",23.,1,17.8,1,"","","","","","","","","","","","","","","","","","","","","","","","","","",75,1,"","","","","","","","","","","","",21.,1,1018.1,1,"","","","","","",5,1,0,1,2,1,0,1,2,1,"","","","","","","","","","","","","","","","","","","","","","","","",15000,1,"","",2,1,1,1,"","","","","","","","","","",2,1,"","","","","","","","","","","","","","","","","","","","","","","","","","","","","","","","","","","","","","","","","","","","","","","","","","","","","",""
"33236002","CAP-FERRET",44.630667,-1.252,8,1977071815,"","","","",6.,1,300,1,"","","","","","","","","","","","","","","","","","","","","","","","","","","","",22.9,1,18.1,1,"","","","","","","","","","","","","","","","","","","","","","","","","","",77,1,"","","","","","","","","","","","",21.5,1,1017.9,1,"","","","","","",3,1,0,1,2,1,0,1,0,1,"","","","","","","","","","","","","","","","","","","","","","","","",15000,1,"","",2,1,1,1,"","","","","","","","","","",2,1,"","","","","","","","","","","","","","","","","","","","","","","","","","","","","","","","","","","","","","","","","","","","","","","","","","","","","",""
"33236002","CAP-FERRET",44.630667,-1.252,8,1977071818,"","","","",6.,1,300,1,"","","","","","","","","","","","","","","","","","","","","","","","","","","","",21.1,1,18.1,1,"","","","","","","","","","","","","","","","","","","","","","","","","","",86,1,"","","","","","","","","","","","",21.4,1,1017.8,1,"","","","","","",6,1,6,1,2,1,0,1,0,1,"","","","","","","","","","","","","","","","","","","","","","","","",20000,1,"","",2,1,1,1,"","","","","","","","","","",2,1,"","","","","","","","","","","","","","","","","","","","","","","","","","","","","","","","","","","","","","","","","","","","","","","","","","","","","",""
"33236002","CAP-FERRET",44.630667,-1.252,8,1977071821,"","","","",5.,1,280,1,"","","","","","","","","","","","","","","","","","","","","","","","","","","","",19.,1,17.,1,"","","","","","","","","","","","","","","","","","","","","","","","","","",91,1,"","","","","","","","","","","","",20.,1,1018.3,1,"","","","","","",8,1,7,1,8,1,"","","","","","","","","","","","","","","","","","","","","","","","","","","","",20000,1,"","",2,1,2,1,"","","","","","","","","","",2,1,"","","","","","","","","","","","","","","","","","","","","","","","","","","","","","","","","","","","","","","","","","","","","","","","","","","","","",""
"33236002","CAP-FERRET",44.630667,-1.252,8,1977071900,"","","","","","","","","","","","","","","","","","","","","","","","","","","","","","","","","","","","","","","","","","","","","","","","","","","","","","","","","","","","","","","","","","","","","","","","","","","","","","","","","","",1018.4,1,"","","","","","","","","","","","","","","","","","","","","","","","","","","","","","","","","","","","","","","","","","","","","","","","","","","","","","","","","","","","","","","","","","","","","","","","","","","","","","","","","","","","","","","","","","","","","","","","","","","","","","","","","","","","","","","","","",""
"33236002","CAP-FERRET",44.630667,-1.252,8,1977071903,"","","","",4.,1,360,1,"","","","","","","","","","","","","","","","","","","","","","","","","","","","",18.7,1,18.7,1,"","","","","","","","","","","","","","","","","","","","","","","","","","",100,1,"","","","","","","","","","","","",21.6,1,1017.8,1,"","","","","","",7,1,6,1,8,1,"","","","","","","","","","","","","","","","","","","","","","","","","","","","",20000,1,"","",0,1,"","","","","","","","","","","","",2,1,"","","","","","","","","","","","","","","","","","","","","","","","","","","","","","","","","","","","","","","","","","","","","","","","","","","","","",""
"33236002","CAP-FERRET",44.630667,-1.252,8,1977071906,"","","","",2.,1,40,1,"","","","","","","","","","","","","","","","","","","","","","","","","","","","",18.4,1,16.9,1,"","","","","","","","","","","","","","","","","","","","","","","","","","",94,1,"","","","","","","","","","","","",19.9,1,1018.,1,"","","","","","",7,1,6,1,8,1,"","","","","","","","","","","","","","","","","","","","","","","","","","","","",20000,1,"","",2,1,"","","","","","","","","","","","",2,1,"","","","","","","","","","","","","","","","","","","","","","","","","","","","","","","","","","","","","","","","","","","","","","","","","","","","","",""
"33236002","CAP-FERRET",44.630667,-1.252,8,1977071909,"","","","",2.,1,80,1,"","","","","","","","","","","","","","","","","","","","","","","","","","","","",20.2,1,17.8,1,"","","","","","","","","","","","","","","","","","","","","","","","","","",89,1,"","","","","","","","","","","","",21.,1,1018.4,1,"","","","","","",7,1,6,1,8,1,"","","","","","","","","","","","","","","","","","","","","","","","","","","","",20000,1,"","",2,1,2,1,"","","","","","","","","","",3,1,270,1,"","","","","","","","","","","","","","","","","","","","","","","","","","","","","","","","","","","","","","","","","","","","","","","","","","","",""
"33236002","CAP-FERRET",44.630667,-1.252,8,1977071912,"","","","",4.,1,340,1,"","","","","","","","","","","","","","","","","","","","","","","","","","","","",22.1,1,17.3,1,"","","","","","","","","","","","","","","","","","","","","","","","","","",77,1,"","","","","","","","","","","","",20.4,1,1018.2,1,"","","","","","",7,1,7,1,8,1,"","","","","","","","","","","","","","","","","","","","","","","","","","","","",20000,1,"","",2,1,2,1,"","","","","","","","","","",3,1,270,1,"","","","","","","","","","","","","","","","","","","","","","","","","","","","","","","","","","","","","","","","","","","","","","","","","","","",""
"33236002","CAP-FERRET",44.630667,-1.252,8,1977071915,"","","","",5.,1,320,1,"","","","","","","","","","","","","","","","","","","","","","","","","","","","",23.6,1,17.9,1,"","","","","","","","","","","","","","","","","","","","","","","","","","",73,1,"","","","","","","","","","","","",21.2,1,1017.4,1,"","","","","","",4,1,0,1,8,1,0,1,0,1,"","","","","","","","","","","","","","","","","","","","","","","","",20000,1,"","",1,1,1,1,"","","","","","","","","","",3,1,290,1,"","","","","","","","","","","","","","","","","","","","","","","","","","","","","","","","","","","","","","","","","","","","","","","","","","","",""
"33236002","CAP-FERRET",44.630667,-1.252,8,1977071918,"","","","",6.,1,360,1,"","","","","","","","","","","","","","","","","","","","","","","","","","","","",20.5,1,17.3,1,"","","","","","","","","","","","","","","","","","","","","","","","","","",85,1,"","","","","","","","","","","","",20.4,1,1017.,1,"","","","","","",7,1,6,1,8,1,"","","","","","","","","","","","","","","","","","","","","","","","","","","","",30000,1,"","",2,1,1,1,"","","","","","","","","","",3,1,290,1,"","","","","","","","","","","","","","","","","","","","","","","","","","","","","","","","","","","","","","","","","","","","","","","","","","","",""
"33236002","CAP-FERRET",44.630667,-1.252,8,1977071921,"","","","",2.,1,360,1,"","","","","","","","","","","","","","","","","","","","","","","","","","","","",19.1,1,16.1,1,"","","","","","","","","","","","","","","","","","","","","","","","","","",89,1,"","","","","","","","","","","","",18.8,1,1017.5,1,"","","","","","",8,1,8,1,8,1,"","","","","","","","","","","","","","","","","","","","","","","","","","","","",20000,1,"","",2,1,2,1,"","","","","","","","","","",3,1,290,1,"","","","","","","","","","","","","","","","","","","","","","","","","","","","","","","","","","","","","","","","","","","","","","","","","","","",""
"33236002","CAP-FERRET",44.630667,-1.252,8,1977072000,"","","","","","","","","","","","","","","","","","","","","","","","","","","","","","","","","","","","","","","","","","","","","","","","","","","","","","","","","","","","","","","","","","","","","","","","","","","","","","","","","","",1017.8,1,"","","","","","","","","","","","","","","","","","","","","","","","","","","","","","","","","","","","","","","","","","","","","","","","","","","","","","","","","","","","","","","","","","","","","","","","","","","","","","","","","","","","","","","","","","","","","","","","","","","","","","","","","","","","","","","","","",""
"33236002","CAP-FERRET",44.630667,-1.252,8,1977072003,"","","","",5.,1,340,1,"","","","","","","","","","","","","","","","","","","","","","","","","","","","",18.4,1,17.2,1,"","","","","","","","","","","","","","","","","","","","","","","","","","",96,1,"","","","","","","","","","","","",20.3,1,1016.9,1,"","","","","","",7,1,7,1,8,1,"","","","","","","","","","","","","","","","","","","","","","","","","","","","",20000,1,"","",0,1,"","","","","","","","","","","","",3,1,270,1,"","","","","","","","","","","","","","","","","","","","","","","","","","","","","","","","","","","","","","","","","","","","","","","","","","","",""
"33236002","CAP-FERRET",44.630667,-1.252,8,1977072006,"","","","",2.,1,360,1,"","","","","","","","","","","","","","","","","","","","","","","","","","","","",18.4,1,16.9,1,"","","","","","","","","","","","","","","","","","","","","","","","","","",94,1,"","","","","","","","","","","","",19.9,1,1017.3,1,"","","","","","",7,1,7,1,8,1,"","","","","","","","","","","","","","","","","","","","","","","","","","","","",20000,1,"","",2,1,"","","","","","","","","","","","",3,1,270,1,"","","","","","","","","","","","","","","","","","","","","","","","","","","","","","","","","","","","","","","","","","","","","","","","","","","",""
"33236002","CAP-FERRET",44.630667,-1.252,8,1977072009,"","","","",5.,1,340,1,"","","","","","","","","","","","","","","","","","","","","","","","","","","","",20.,1,17.1,1,"","","","","","","","","","","","","","","","","","","","","","","","","","",86,1,"","","","","","","","","","","","",20.1,1,1018.1,1,"","","","","","",7,1,7,1,8,1,"","","","","","","","","","","","","","","","","","","","","","","","","","","","",20000,1,"","",2,1,2,1,"","","","","","","","","","",3,1,270,1,"","","","","","","","","","","","","","","","","","","","","","","","","","","","","","","","","","","","","","","","","","","","","","","","","","","",""
"33236002","CAP-FERRET",44.630667,-1.252,8,1977072012,"","","","",5.,1,340,1,"","","","","","","","","","","","","","","","","","","","","","","","","","","","",23.8,1,17.8,1,"","","","","","","","","","","","","","","","","","","","","","","","","","",71,1,"","","","","","","","","","","","",21.1,1,1018.5,1,"","","","","","",3,1,0,1,2,1,0,1,0,1,"","","","","","","","","","","","","","","","","","","","","","","","",20000,1,"","",2,1,1,1,"","","","","","","","","","",3,1,270,1,"","","","","","","","","","","","","","","","","","","","","","","","","","","","","","","","","","","","","","","","","","","","","","","","","","","",""
"33236002","CAP-FERRET",44.630667,-1.252,8,1977072015,"","","","",5.,1,340,1,"","","","","","","","","","","","","","","","","","","","","","","","","","","","",20.4,1,19.2,1,"","","","","","","","","","","","","","","","","","","","","","","","","","",96,1,"","","","","","","","","","","","",23.1,1,1019.2,1,"","","","","","",7,1,7,1,9,1,"","","","","","","","","","","","","","","","","","","","","","","","","","","","",20000,1,"","",80,1,1,1,"","","","","","","","","","",3,1,270,1,"","","","","","","","","","","","","","","","","","","","","","","","","","","","","","","","","","","","","","","","","","","","","","","","","","","",""
"33236002","CAP-FERRET",44.630667,-1.252,8,1977072018,"","","","",3.,1,20,1,"","","","","","","","","","","","","","","","","","","","","","","","","","","","",19.2,1,17.7,1,"","","","","","","","","","","","","","","","","","","","","","","","","","",94,1,"","","","","","","","","","","","",20.9,1,1020.2,1,"","","","","","",7,1,7,1,8,1,"","","","","","","","","","","","","","","","","","","","","","","","","","","","",20000,1,"","",2,1,8,1,"","","","","","","","","","",2,1,"","","","","","","","","","","","","","","","","","","","","","","","","","","","","","","","","","","","","","","","","","","","","","","","","","","","","",""
"33236002","CAP-FERRET",44.630667,-1.252,8,1977072021,"","","","",4.,1,360,1,"","","","","","","","","","","","","","","","","","","","","","","","","","","","",17.8,1,15.5,1,"","","","","","","","","","","","","","","","","","","","","","","","","","",89,1,"","","","","","","","","","","","",18.1,1,1021.6,1,"","","","","","",5,1,0,1,8,1,0,1,0,1,"","","","","","","","","","","","","","","","","","","","","","","","",20000,1,"","",2,1,2,1,"","","","","","","","","","",2,1,"","","","","","","","","","","","","","","","","","","","","","","","","","","","","","","","","","","","","","","","","","","","","","","","","","","","","",""
"33236002","CAP-FERRET",44.630667,-1.252,8,1977072100,"","","","","","","","","","","","","","","","","","","","","","","","","","","","","","","","","","","","","","","","","","","","","","","","","","","","","","","","","","","","","","","","","","","","","","","","","","","","","","","","","","",1022.1,1,"","","","","","","","","","","","","","","","","","","","","","","","","","","","","","","","","","","","","","","","","","","","","","","","","","","","","","","","","","","","","","","","","","","","","","","","","","","","","","","","","","","","","","","","","","","","","","","","","","","","","","","","","","","","","","","","","",""
"33236002","CAP-FERRET",44.630667,-1.252,8,1977072103,"","","","",6.,1,340,1,"","","","","","","","","","","","","","","","","","","","","","","","","","","","",17.2,1,15.2,1,"","","","","","","","","","","","","","","","","","","","","","","","","","",91,1,"","","","","","","","","","","","",17.8,1,1022.1,1,"","","","","","",7,1,7,1,8,1,"","","","","","","","","","","","","","","","","","","","","","","","","","","","",20000,1,"","",0,1,"","","","","","","","","","","","",3,1,270,1,"","","","","","","","","","","","","","","","","","","","","","","","","","","","","","","","","","","","","","","","","","","","","","","","","","","",""
"33236002","CAP-FERRET",44.630667,-1.252,8,1977072106,"","","","",2.,1,20,1,"","","","","","","","","","","","","","","","","","","","","","","","","","","","",16.8,1,14.6,1,"","","","","","","","","","","","","","","","","","","","","","","","","","",90,1,"","","","","","","","","","","","",17.1,1,1022.3,1,"","","","","","",6,1,5,1,8,1,0,1,0,1,"","","","","","","","","","","","","","","","","","","","","","","","",25000,1,"","",2,1,"","","","","","","","","","","","",3,1,270,1,"","","","","","","","","","","","","","","","","","","","","","","","","","","","","","","","","","","","","","","","","","","","","","","","","","","",""
"33236002","CAP-FERRET",44.630667,-1.252,8,1977072109,"","","","",4.,1,360,1,"","","","","","","","","","","","","","","","","","","","","","","","","","","","",20.7,1,14.7,1,"","","","","","","","","","","","","","","","","","","","","","","","","","",71,1,"","","","","","","","","","","","",17.2,1,1023.2,1,"","","","","","",6,1,0,1,8,1,0,1,0,1,"","","","","","","","","","","","","","","","","","","","","","","","",20000,1,"","",2,1,2,1,"","","","","","","","","","",3,1,270,1,"","","","","","","","","","","","","","","","","","","","","","","","","","","","","","","","","","","","","","","","","","","","","","","","","","","",""
"33236002","CAP-FERRET",44.630667,-1.252,8,1977072112,"","","","",6.,1,340,1,"","","","","","","","","","","","","","","","","","","","","","","","","","","","",22.5,1,15.1,1,"","","","","","","","","","","","","","","","","","","","","","","","","","",65,1,"","","","","","","","","","","","",17.7,1,1024.2,1,"","","","","","",3,1,0,1,2,1,0,1,0,1,"","","","","","","","","","","","","","","","","","","","","","","","",25000,1,"","",2,1,1,1,"","","","","","","","","","",3,1,270,1,"","","","","","","","","","","","","","","","","","","","","","","","","","","","","","","","","","","","","","","","","","","","","","","","","","","",""
"33236002","CAP-FERRET",44.630667,-1.252,8,1977072115,"","","","",6.,1,360,1,"","","","","","","","","","","","","","","","","","","","","","","","","","","","",22.8,1,16.1,1,"","","","","","","","","","","","","","","","","","","","","","","","","","",68,1,"","","","","","","","","","","","",18.8,1,1024.3,1,"","","","","","",3,1,0,1,2,1,0,1,0,1,"","","","","","","","","","","","","","","","","","","","","","","","",20000,1,"","",2,1,0,1,"","","","","","","","","","",3,1,270,1,"","","","","","","","","","","","","","","","","","","","","","","","","","","","","","","","","","","","","","","","","","","","","","","","","","","",""
"33236002","CAP-FERRET",44.630667,-1.252,8,1977072118,"","","","",6.,1,360,1,"","","","","","","","","","","","","","","","","","","","","","","","","","","","",20.3,1,15.2,1,"","","","","","","","","","","","","","","","","","","","","","","","","","",75,1,"","","","","","","","","","","","",17.8,1,1024.3,1,"","","","","","",2,1,0,1,2,1,0,1,0,1,"","","","","","","","","","","","","","","","","","","","","","","","",20000,1,"","",2,1,0,1,"","","","","","","","","","",3,1,270,1,"","","","","","","","","","","","","","","","","","","","","","","","","","","","","","","","","","","","","","","","","","","","","","","","","","","",""
"33236002","CAP-FERRET",44.630667,-1.252,8,1977072121,"","","","",3.,1,40,1,"","","","","","","","","","","","","","","","","","","","","","","","","","","","",16.2,1,13.9,1,"","","","","","","","","","","","","","","","","","","","","","","","","","",89,1,"","","","","","","","","","","","",16.3,1,1024.4,1,"","","","","","",2,1,0,1,2,1,0,1,0,1,"","","","","","","","","","","","","","","","","","","","","","","","",20000,1,"","",2,1,0,1,"","","","","","","","","","",3,1,270,1,"","","","","","","","","","","","","","","","","","","","","","","","","","","","","","","","","","","","","","","","","","","","","","","","","","","",""
"33236002","CAP-FERRET",44.630667,-1.252,8,1977072200,"","","","","","","","","","","","","","","","","","","","","","","","","","","","","","","","","","","","","","","","","","","","","","","","","","","","","","","","","","","","","","","","","","","","","","","","","","","","","","","","","","",1024.5,1,"","","","","","","","","","","","","","","","","","","","","","","","","","","","","","","","","","","","","","","","","","","","","","","","","","","","","","","","","","","","","","","","","","","","","","","","","","","","","","","","","","","","","","","","","","","","","","","","","","","","","","","","","","","","","","","","","",""
"33236002","CAP-FERRET",44.630667,-1.252,8,1977072203,"","","","",3.,1,60,1,"","","","","","","","","","","","","","","","","","","","","","","","","","","","",14.7,1,14.7,1,"","","","","","","","","","","","","","","","","","","","","","","","","","",100,1,"","","","","","","","","","","","",16.7,1,1023.9,1,"","","","","","",2,1,0,1,2,1,0,1,2,1,"","","","","","","","","","","","","","","","","","","","","","","","",20000,1,"","",0,1,"","","","","","","","","","","","",3,1,270,1,"","","","","","","","","","","","","","","","","","","","","","","","","","","","","","","","","","","","","","","","","","","","","","","","","","","",""
"33236002","CAP-FERRET",44.630667,-1.252,8,1977072206,"","","","",3.,1,60,1,"","","","","","","","","","","","","","","","","","","","","","","","","","","","",15.,1,14.3,1,"","","","","","","","","","","","","","","","","","","","","","","","","","",98,1,"","","","","","","","","","","","",16.7,1,1024.,1,"","","","","","",2,1,0,1,2,1,0,1,2,1,"","","","","","","","","","","","","","","","","","","","","","","","",20000,1,"","",2,1,"","","","","","","","","","","","",2,1,"","","","","","","","","","","","","","","","","","","","","","","","","","","","","","","","","","","","","","","","","","","","","","","","","","","","","",""
"33236002","CAP-FERRET",44.630667,-1.252,8,1977072209,"","","","",2.,1,60,1,"","","","","","","","","","","","","","","","","","","","","","","","","","","","",19.5,1,15.6,1,"","","","","","","","","","","","","","","","","","","","","","","","","","",80,1,"","","","","","","","","","","","",18.2,1,1024.,1,"","","","","","",4,1,0,1,0,1,0,1,2,1,"","","","","","","","","","","","","","","","","","","","","","","","",20000,1,"","",2,1,0,1,"","","","","","","","","","",2,1,"","","","","","","","","","","","","","","","","","","","","","","","","","","","","","","","","","","","","","","","","","","","","","","","","","","","","",""
"33236002","CAP-FERRET",44.630667,-1.252,8,1977072212,"","","","",5.,1,320,1,"","","","","","","","","","","","","","","","","","","","","","","","","","","","",23.,1,17.2,1,"","","","","","","","","","","","","","","","","","","","","","","","","","",72,1,"","","","","","","","","","","","",20.3,1,1023.7,1,"","","","","","",5,1,0,1,2,1,0,1,2,1,"","","","","","","","","","","","","","","","","","","","","","","","",20000,1,"","",2,1,1,1,"","","","","","","","","","",2,1,"","","","","","","","","","","","","","","","","","","","","","","","","","","","","","","","","","","","","","","","","","","","","","","","","","","","","",""
"33236002","CAP-FERRET",44.630667,-1.252,8,1977072215,"","","","",7.,1,360,1,"","","","","","","","","","","","","","","","","","","","","","","","","","","","",23.1,1,17.,1,"","","","","","","","","","","","","","","","","","","","","","","","","","",71,1,"","","","","","","","","","","","",20.,1,1023.,1,"","","","","","",3,1,0,1,2,1,0,1,0,1,"","","","","","","","","","","","","","","","","","","","","","","","",20000,1,"","",2,1,1,1,"","","","","","","","","","",2,1,"","","","","","","","","","","","","","","","","","","","","","","","","","","","","","","","","","","","","","","","","","","","","","","","","","","","","",""
"33236002","CAP-FERRET",44.630667,-1.252,8,1977072218,"","","","",7.,1,360,1,"","","","","","","","","","","","","","","","","","","","","","","","","","","","",21.2,1,17.,1,"","","","","","","","","","","","","","","","","","","","","","","","","","",80,1,"","","","","","","","","","","","",20.,1,1022.4,1,"","","","","","",2,1,0,1,2,1,0,1,0,1,"","","","","","","","","","","","","","","","","","","","","","","","",20000,1,"","",2,1,1,1,"","","","","","","","","","",2,1,"","","","","","","","","","","","","","","","","","","","","","","","","","","","","","","","","","","","","","","","","","","","","","","","","","","","","",""
"33236002","CAP-FERRET",44.630667,-1.252,8,1977072221,"","","","",3.,1,40,1,"","","","","","","","","","","","","","","","","","","","","","","","","","","","",17.6,1,15.3,1,"","","","","","","","","","","","","","","","","","","","","","","","","","",89,1,"","","","","","","","","","","","",17.9,1,1022.7,1,"","","","","","",0,1,"","",0,1,0,1,0,1,"","","","","","","","","","","","","","","","","","","","","","","","",20000,1,"","",2,1,0,1,"","","","","","","","","","",2,1,"","","","","","","","","","","","","","","","","","","","","","","","","","","","","","","","","","","","","","","","","","","","","","","","","","","","","",""
"33236002","CAP-FERRET",44.630667,-1.252,8,1977072300,"","","","","","","","","","","","","","","","","","","","","","","","","","","","","","","","","","","","","","","","","","","","","","","","","","","","","","","","","","","","","","","","","","","","","","","","","","","","","","","","","","",1022.7,1,"","","","","","","","","","","","","","","","","","","","","","","","","","","","","","","","","","","","","","","","","","","","","","","","","","","","","","","","","","","","","","","","","","","","","","","","","","","","","","","","","","","","","","","","","","","","","","","","","","","","","","","","","","","","","","","","","",""
"33236002","CAP-FERRET",44.630667,-1.252,8,1977072303,"","","","",5.,1,60,1,"","","","","","","","","","","","","","","","","","","","","","","","","","","","",16.1,1,16.1,1,"","","","","","","","","","","","","","","","","","","","","","","","","","",100,1,"","","","","","","","","","","","",18.3,1,1021.7,1,"","","","","","",0,1,"","",0,1,0,1,0,1,"","","","","","","","","","","","","","","","","","","","","","","","",18000,1,"","",0,1,"","","","","","","","","","","","",2,1,"","","","","","","","","","","","","","","","","","","","","","","","","","","","","","","","","","","","","","","","","","","","","","","","","","","","","",""
"33236002","CAP-FERRET",44.630667,-1.252,8,1977072306,"","","","",4.,1,80,1,"","","","","","","","","","","","","","","","","","","","","","","","","","","","",16.1,1,16.1,1,"","","","","","","","","","","","","","","","","","","","","","","","","","",100,1,"","","","","","","","","","","","",18.3,1,1021.9,1,"","","","","","",0,1,"","",0,1,0,1,0,1,"","","","","","","","","","","","","","","","","","","","","","","","",20000,1,"","",2,1,"","","","","","","","","","","","",2,1,"","","","","","","","","","","","","","","","","","","","","","","","","","","","","","","","","","","","","","","","","","","","","","","","","","","","","",""
"33236002","CAP-FERRET",44.630667,-1.252,8,1977072309,"","","","",3.,1,60,1,"","","","","","","","","","","","","","","","","","","","","","","","","","","","",21.8,1,17.7,1,"","","","","","","","","","","","","","","","","","","","","","","","","","",80,1,"","","","","","","","","","","","",20.9,1,1022.2,1,"","","","","","",0,1,"","",0,1,0,1,0,1,"","","","","","","","","","","","","","","","","","","","","","","","",20000,1,"","",2,1,0,1,"","","","","","","","","","",2,1,"","","","","","","","","","","","","","","","","","","","","","","","","","","","","","","","","","","","","","","","","","","","","","","","","","","","","",""
"33236002","CAP-FERRET",44.630667,-1.252,8,1977072312,"","","","",4.,1,60,1,"","","","","","","","","","","","","","","","","","","","","","","","","","","","",28.,1,18.3,1,"","","","","","","","","","","","","","","","","","","","","","","","","","",57,1,"","","","","","","","","","","","",21.7,1,1021.5,1,"","","","","","",2,1,0,1,2,1,0,1,0,1,"","","","","","","","","","","","","","","","","","","","","","","","",20000,1,"","",2,1,0,1,"","","","","","","","","","",2,1,"","","","","","","","","","","","","","","","","","","","","","","","","","","","","","","","","","","","","","","","","","","","","","","","","","","","","",""
"33236002","CAP-FERRET",44.630667,-1.252,8,1977072315,"","","","",8.,1,360,1,"","","","","","","","","","","","","","","","","","","","","","","","","","","","",25.2,1,19.8,1,"","","","","","","","","","","","","","","","","","","","","","","","","","",75,1,"","","","","","","","","","","","",23.9,1,1020.,1,"","","","","","",1,1,0,1,2,1,0,1,0,1,"","","","","","","","","","","","","","","","","","","","","","","","",18000,1,"","",2,1,0,1,"","","","","","","","","","",2,1,"","","","","","","","","","","","","","","","","","","","","","","","","","","","","","","","","","","","","","","","","","","","","","","","","","","","","",""
"33236002","CAP-FERRET",44.630667,-1.252,8,1977072318,"","","","",8.,1,20,1,"","","","","","","","","","","","","","","","","","","","","","","","","","","","",22.8,1,19.8,1,"","","","","","","","","","","","","","","","","","","","","","","","","","",86,1,"","","","","","","","","","","","",23.9,1,1018.4,1,"","","","","","",0,1,"","",0,1,0,1,0,1,"","","","","","","","","","","","","","","","","","","","","","","","",20000,1,"","",2,1,0,1,"","","","","","","","","","",2,1,"","","","","","","","","","","","","","","","","","","","","","","","","","","","","","","","","","","","","","","","","","","","","","","","","","","","","",""
"33236002","CAP-FERRET",44.630667,-1.252,8,1977072321,"","","","",5.,1,40,1,"","","","","","","","","","","","","","","","","","","","","","","","","","","","",20.4,1,17.7,1,"","","","","","","","","","","","","","","","","","","","","","","","","","",87,1,"","","","","","","","","","","","",20.9,1,1018.9,1,"","","","","","",0,1,"","",0,1,0,1,0,1,"","","","","","","","","","","","","","","","","","","","","","","","",15000,1,"","",2,1,0,1,"","","","","","","","","","",2,1,"","","","","","","","","","","","","","","","","","","","","","","","","","","","","","","","","","","","","","","","","","","","","","","","","","","","","",""
"33236002","CAP-FERRET",44.630667,-1.252,8,1977072400,"","","","","","","","","","","","","","","","","","","","","","","","","","","","","","","","","","","","","","","","","","","","","","","","","","","","","","","","","","","","","","","","","","","","","","","","","","","","","","","","","","",1018.4,1,"","","","","","","","","","","","","","","","","","","","","","","","","","","","","","","","","","","","","","","","","","","","","","","","","","","","","","","","","","","","","","","","","","","","","","","","","","","","","","","","","","","","","","","","","","","","","","","","","","","","","","","","","","","","","","","","","",""
"33236002","CAP-FERRET",44.630667,-1.252,8,1977072403,"","","","",1.,1,340,1,"","","","","","","","","","","","","","","","","","","","","","","","","","","","",15.8,1,15.8,1,"","","","","","","","","","","","","","","","","","","","","","","","","","",100,1,"","","","","","","","","","","","",17.9,1,1017.9,1,"","","","","","",1,1,0,1,0,1,0,1,2,1,"","","","","","","","","","","","","","","","","","","","","","","","",15000,1,"","",0,1,"","","","","","","","","","","","",2,1,"","","","","","","","","","","","","","","","","","","","","","","","","","","","","","","","","","","","","","","","","","","","","","","","","","","","","",""
"33236002","CAP-FERRET",44.630667,-1.252,8,1977072406,"","","","",2.,1,20,1,"","","","","","","","","","","","","","","","","","","","","","","","","","","","",16.4,1,16.4,1,"","","","","","","","","","","","","","","","","","","","","","","","","","",100,1,"","","","","","","","","","","","",18.6,1,1017.9,1,"","","","","","",1,1,0,1,1,1,0,1,0,1,"","","","","","","","","","","","","","","","","","","","","","","","",20000,1,"","",2,1,"","","","","","","","","","","","",2,1,"","","","","","","","","","","","","","","","","","","","","","","","","","","","","","","","","","","","","","","","","","","","","","","","","","","","","",""
"33236002","CAP-FERRET",44.630667,-1.252,8,1977072409,"","","","",3.,1,60,1,"","","","","","","","","","","","","","","","","","","","","","","","","","","","",22.2,1,19.2,1,"","","","","","","","","","","","","","","","","","","","","","","","","","",86,1,"","","","","","","","","","","","",23.,1,1017.6,1,"","","","","","",0,1,"","",0,1,0,1,0,1,"","","","","","","","","","","","","","","","","","","","","","","","",15000,1,"","",2,1,0,1,"","","","","","","","","","",2,1,"","","","","","","","","","","","","","","","","","","","","","","","","","","","","","","","","","","","","","","","","","","","","","","","","","","","","",""
"33236002","CAP-FERRET",44.630667,-1.252,8,1977072412,"","","","",5.,1,320,1,"","","","","","","","","","","","","","","","","","","","","","","","","","","","",24.7,1,20.,1,"","","","","","","","","","","","","","","","","","","","","","","","","","",78,1,"","","","","","","","","","","","",24.3,1,1017.1,1,"","","","","","",1,1,0,1,1,1,0,1,0,1,"","","","","","","","","","","","","","","","","","","","","","","","",15000,1,"","",2,1,0,1,"","","","","","","","","","",2,1,"","","","","","","","","","","","","","","","","","","","","","","","","","","","","","","","","","","","","","","","","","","","","","","","","","","","","",""
"33236002","CAP-FERRET",44.630667,-1.252,8,1977072415,"","","","",6.,1,320,1,"","","","","","","","","","","","","","","","","","","","","","","","","","","","",25.,1,21.4,1,"","","","","","","","","","","","","","","","","","","","","","","","","","",84,1,"","","","","","","","","","","","",26.5,1,1015.9,1,"","","","","","",2,1,0,1,2,1,0,1,0,1,"","","","","","","","","","","","","","","","","","","","","","","","",15000,1,"","",2,1,0,1,"","","","","","","","","","",2,1,"","","","","","","","","","","","","","","","","","","","","","","","","","","","","","","","","","","","","","","","","","","","","","","","","","","","","",""
"33236002","CAP-FERRET",44.630667,-1.252,8,1977072418,"","","","",5.,1,320,1,"","","","","","","","","","","","","","","","","","","","","","","","","","","","",22.5,1,20.,1,"","","","","","","","","","","","","","","","","","","","","","","","","","",89,1,"","","","","","","","","","","","",24.2,1,1014.5,1,"","","","","","",2,1,0,1,0,1,0,1,2,1,"","","","","","","","","","","","","","","","","","","","","","","","",15000,1,"","",2,1,0,1,"","","","","","","","","","",2,1,"","","","","","","","","","","","","","","","","","","","","","","","","","","","","","","","","","","","","","","","","","","","","","","","","","","","","",""
"33236002","CAP-FERRET",44.630667,-1.252,8,1977072421,"","","","",6.,1,300,1,"","","","","","","","","","","","","","","","","","","","","","","","","","","","",19.3,1,18.5,1,"","","","","","","","","","","","","","","","","","","","","","","","","","",98,1,"","","","","","","","","","","","",22.,1,1014.2,1,"","","","","","",6,1,6,1,2,1,0,1,0,1,"","","","","","","","","","","","","","","","","","","","","","","","",15000,1,"","",2,1,1,1,"","","","","","","","","","",2,1,"","","","","","","","","","","","","","","","","","","","","","","","","","","","","","","","","","","","","","","","","","","","","","","","","","","","","",""
"33236002","CAP-FERRET",44.630667,-1.252,8,1977072500,"","","","","","","","","","","","","","","","","","","","","","","","","","","","","","","","","","","","","","","","","","","","","","","","","","","","","","","","","","","","","","","","","","","","","","","","","","","","","","","","","","",1011.4,1,"","","","","","","","","","","","","","","","","","","","","","","","","","","","","","","","","","","","","","","","","","","","","","","","","","","","","","","","","","","","","","","","","","","","","","","","","","","","","","","","","","","","","","","","","","","","","","","","","","","","","","","","","","","","","","","","","",""
"33236002","CAP-FERRET",44.630667,-1.252,8,1977072503,"","","","",10.,1,280,1,"","","","","","","","","","","","","","","","","","","","","","","","","","","","",19.6,1,18.4,1,"","","","","","","","","","","","","","","","","","","","","","","","","","",96,1,"","","","","","","","","","","","",21.9,1,1009.4,1,"","","","","","",8,1,8,1,5,1,"","","","","","","","","","","","","","","","","","","","","","","","","","","","",10000,1,"","",0,1,"","","","","","","","","","","","",3,1,270,1,"","","","","","","","","","","","","","","","","","","","","","","","","","","","","","","","","","","","","","","","","","","","","","","","","","","",""
"33236002","CAP-FERRET",44.630667,-1.252,8,1977072506,"","","","",13.,1,300,1,"","","","","","","","","","","","","","","","","","","","","","","","","","","","",18.2,1,17.4,1,"","","","","","","","","","","","","","","","","","","","","","","","","","",98,1,"","","","","","","","","","","","",20.5,1,1008.9,1,"","","","","","",7,1,7,1,8,1,"","","","","","","","","","","","","","","","","","","","","","","","","","","","",16000,1,"","",15,1,8,1,"","","","","","","","","","",4,1,270,1,"","","","","","","","","","","","","","","","","","","","","","","","","","","","","","","","","","","","","","","","","","","","","","","","","","","",""
"33236002","CAP-FERRET",44.630667,-1.252,8,1977072509,"","","","",13.,1,340,1,"","","","","","","","","","","","","","","","","","","","","","","","","","","","",18.,1,18.,1,"","","","","","","","","","","","","","","","","","","","","","","","","","",100,1,"","","","","","","","","","","","",20.6,1,1010.1,1,"","","","","","",7,1,7,1,8,1,"","","","","","","","","","","","","","","","","","","","","","","","","","","","",12000,1,"","",15,1,8,1,"","","","","","","","","","",4,1,270,1,"","","","","","","","","","","","","","","","","","","","","","","","","","","","","","","","","","","","","","","","","","","","","","","","","","","",""
"33236002","CAP-FERRET",44.630667,-1.252,8,1977072512,"","","","",12.,1,320,1,"","","","","","","","","","","","","","","","","","","","","","","","","","","","",19.8,1,16.7,1,"","","","","","","","","","","","","","","","","","","","","","","","","","",82,1,"","","","","","","","","","","","",19.6,1,1011.9,1,"","","","","","",6,1,6,1,8,1,0,1,0,1,"","","","","","","","","","","","","","","","","","","","","","","","",18000,1,"","",1,1,8,1,"","","","","","","","","","",5,1,270,1,"","","","","","","","","","","","","","","","","","","","","","","","","","","","","","","","","","","","","","","","","","","","","","","","","","","",""
"33236002","CAP-FERRET",44.630667,-1.252,8,1977072515,"","","","",11.,1,320,1,"","","","","","","","","","","","","","","","","","","","","","","","","","","","",18.8,1,17.5,1,"","","","","","","","","","","","","","","","","","","","","","","","","","",95,1,"","","","","","","","","","","","",20.6,1,1013.5,1,"","","","","","",6,1,6,1,8,1,0,1,0,1,"","","","","","","","","","","","","","","","","","","","","","","","",18000,1,"","",2,1,2,1,"","","","","","","","","","",5,1,270,1,"","","","","","","","","","","","","","","","","","","","","","","","","","","","","","","","","","","","","","","","","","","","","","","","","","","",""
"33236002","CAP-FERRET",44.630667,-1.252,8,1977072518,"","","","",11.,1,320,1,"","","","","","","","","","","","","","","","","","","","","","","","","","","","",19.4,1,15.3,1,"","","","","","","","","","","","","","","","","","","","","","","","","","",79,1,"","","","","","","","","","","","",17.9,1,1013.9,1,"","","","","","",4,1,0,1,8,1,0,1,0,1,"","","","","","","","","","","","","","","","","","","","","","","","",20000,1,"","",1,1,1,1,"","","","","","","","","","",5,1,270,1,"","","","","","","","","","","","","","","","","","","","","","","","","","","","","","","","","","","","","","","","","","","","","","","","","","","",""
"33236002","CAP-FERRET",44.630667,-1.252,8,1977072521,"","","","",10.,1,320,1,"","","","","","","","","","","","","","","","","","","","","","","","","","","","",16.8,1,15.,1,"","","","","","","","","","","","","","","","","","","","","","","","","","",91,1,"","","","","","","","","","","","",17.5,1,1014.9,1,"","","","","","",7,1,7,1,8,1,"","","","","","","","","","","","","","","","","","","","","","","","","","","","",16000,1,"","",15,1,8,1,"","","","","","","","","","",4,1,270,1,"","","","","","","","","","","","","","","","","","","","","","","","","","","","","","","","","","","","","","","","","","","","","","","","","","","",""
"33236002","CAP-FERRET",44.630667,-1.252,8,1977072600,"","","","","","","","","","","","","","","","","","","","","","","","","","","","","","","","","","","","","","","","","","","","","","","","","","","","","","","","","","","","","","","","","","","","","","","","","","","","","","","","","","",1014.4,1,"","","","","","","","","","","","","","","","","","","","","","","","","","","","","","","","","","","","","","","","","","","","","","","","","","","","","","","","","","","","","","","","","","","","","","","","","","","","","","","","","","","","","","","","","","","","","","","","","","","","","","","","","","","","","","","","","",""
"33236002","CAP-FERRET",44.630667,-1.252,8,1977072603,"","","","",10.,1,320,1,"","","","","","","","","","","","","","","","","","","","","","","","","","","","",16.8,1,15.5,1,"","","","","","","","","","","","","","","","","","","","","","","","","","",95,1,"","","","","","","","","","","","",18.1,1,1014.1,1,"","","","","","",2,1,0,1,2,1,0,1,0,1,"","","","","","","","","","","","","","","","","","","","","","","","",15000,1,"","",0,1,"","","","","","","","","","","","",4,1,270,1,"","","","","","","","","","","","","","","","","","","","","","","","","","","","","","","","","","","","","","","","","","","","","","","","","","","",""
"33236002","CAP-FERRET",44.630667,-1.252,8,1977072606,"","","","",9.,1,320,1,"","","","","","","","","","","","","","","","","","","","","","","","","","","","",16.8,1,15.3,1,"","","","","","","","","","","","","","","","","","","","","","","","","","",94,1,"","","","","","","","","","","","",17.9,1,1014.5,1,"","","","","","",6,1,6,1,2,1,0,1,0,1,"","","","","","","","","","","","","","","","","","","","","","","","",15000,1,"","",2,1,"","","","","","","","","","","","",4,1,270,1,"","","","","","","","","","","","","","","","","","","","","","","","","","","","","","","","","","","","","","","","","","","","","","","","","","","",""
"33236002","CAP-FERRET",44.630667,-1.252,8,1977072609,"","","","",10.,1,300,1,"","","","","","","","","","","","","","","","","","","","","","","","","","","","",17.,1,14.5,1,"","","","","","","","","","","","","","","","","","","","","","","","","","",88,1,"","","","","","","","","","","","",17.,1,1015.6,1,"","","","","","",6,1,6,1,2,1,0,1,0,1,"","","","","","","","","","","","","","","","","","","","","","","","",10000,1,"","",25,1,2,1,"","","","","","","","","","",4,1,270,1,"","","","","","","","","","","","","","","","","","","","","","","","","","","","","","","","","","","","","","","","","","","","","","","","","","","",""
"33236002","CAP-FERRET",44.630667,-1.252,8,1977072612,"","","","",9.,1,320,1,"","","","","","","","","","","","","","","","","","","","","","","","","","","","",19.9,1,17.,1,"","","","","","","","","","","","","","","","","","","","","","","","","","",86,1,"","","","","","","","","","","","",20.,1,1016.4,1,"","","","","","",7,1,0,1,8,1,"","","","","","","","","","","","","","","","","","","","","","","","","","","","",15000,1,"","",2,1,8,1,"","","","","","","","","","",4,1,270,1,"","","","","","","","","","","","","","","","","","","","","","","","","","","","","","","","","","","","","","","","","","","","","","","","","","","",""
"33236002","CAP-FERRET",44.630667,-1.252,8,1977072615,"","","","",9.,1,320,1,"","","","","","","","","","","","","","","","","","","","","","","","","","","","",21.,1,17.3,1,"","","","","","","","","","","","","","","","","","","","","","","","","","",82,1,"","","","","","","","","","","","",20.4,1,1017.,1,"","","","","","",7,1,0,1,8,1,"","","","","","","","","","","","","","","","","","","","","","","","","","","","",12000,1,"","",2,1,2,1,"","","","","","","","","","",4,1,270,1,"","","","","","","","","","","","","","","","","","","","","","","","","","","","","","","","","","","","","","","","","","","","","","","","","","","",""
"33236002","CAP-FERRET",44.630667,-1.252,8,1977072618,"","","","",8.,1,300,1,"","","","","","","","","","","","","","","","","","","","","","","","","","","","",16.1,1,16.1,1,"","","","","","","","","","","","","","","","","","","","","","","","","","",100,1,"","","","","","","","","","","","",18.3,1,1017.5,1,"","","","","","",7,1,5,1,8,1,"","","","","","","","","","","","","","","","","","","","","","","","","","","","",18000,1,"","",25,1,2,1,"","","","","","","","","","",4,1,270,1,"","","","","","","","","","","","","","","","","","","","","","","","","","","","","","","","","","","","","","","","","","","","","","","","","","","",""
"33236002","CAP-FERRET",44.630667,-1.252,8,1977072621,"","","","",5.,1,340,1,"","","","","","","","","","","","","","","","","","","","","","","","","","","","",16.,1,16.,1,"","","","","","","","","","","","","","","","","","","","","","","","","","",100,1,"","","","","","","","","","","","",18.2,1,1017.8,1,"","","","","","",8,1,5,1,8,1,"","","","","","","","","","","","","","","","","","","","","","","","","","","","",15000,1,"","",2,1,2,1,"","","","","","","","","","",4,1,270,1,"","","","","","","","","","","","","","","","","","","","","","","","","","","","","","","","","","","","","","","","","","","","","","","","","","","",""
"33236002","CAP-FERRET",44.630667,-1.252,8,1977072700,"","","","","","","","","","","","","","","","","","","","","","","","","","","","","","","","","","","","","","","","","","","","","","","","","","","","","","","","","","","","","","","","","","","","","","","","","","","","","","","","","","",1015.6,1,"","","","","","","","","","","","","","","","","","","","","","","","","","","","","","","","","","","","","","","","","","","","","","","","","","","","","","","","","","","","","","","","","","","","","","","","","","","","","","","","","","","","","","","","","","","","","","","","","","","","","","","","","","","","","","","","","",""
"33236002","CAP-FERRET",44.630667,-1.252,8,1977072703,"","","","",5.,1,260,1,"","","","","","","","","","","","","","","","","","","","","","","","","","","","",16.8,1,15.8,1,"","","","","","","","","","","","","","","","","","","","","","","","","","",97,1,"","","","","","","","","","","","",18.5,1,1014.6,1,"","","","","","",1,1,0,1,8,1,0,1,0,1,"","","","","","","","","","","","","","","","","","","","","","","","",14000,1,"","",0,1,"","","","","","","","","","","","",4,1,290,1,"","","","","","","","","","","","","","","","","","","","","","","","","","","","","","","","","","","","","","","","","","","","","","","","","","","",""
"33236002","CAP-FERRET",44.630667,-1.252,8,1977072706,"","","","",5.,1,200,1,"","","","","","","","","","","","","","","","","","","","","","","","","","","","",15.2,1,15.2,1,"","","","","","","","","","","","","","","","","","","","","","","","","","",100,1,"","","","","","","","","","","","",17.3,1,1013.8,1,"","","","","","",8,1,6,1,7,1,7,1,"","","","","","","","","","","","","","","","","","","","","","","","","","",10000,1,"","",61,1,6,1,"","","","","","","","","","",4,1,290,1,"","","","","","","","","","","","","","","","","","","","","","","","","","","","","","","","","","","","","","","","","","","","","","","","","","","",""
"33236002","CAP-FERRET",44.630667,-1.252,8,1977072709,"","","","",8.,1,220,1,"","","","","","","","","","","","","","","","","","","","","","","","","","","","",15.8,1,15.8,1,"","","","","","","","","","","","","","","","","","","","","","","","","","",100,1,"","","","","","","","","","","","",17.9,1,1013.7,1,"","","","","","",8,1,8,1,7,1,"","","","","","","","","","","","","","","","","","","","","","","","","","","","",3000,1,"","",63,1,6,1,"","","","","","","","","","",4,1,290,1,"","","","","","","","","","","","","","","","","","","","","","","","","","","","","","","","","","","","","","","","","","","","","","","","","","","",""
"33236002","CAP-FERRET",44.630667,-1.252,8,1977072712,"","","","",8.,1,200,1,"","","","","","","","","","","","","","","","","","","","","","","","","","","","",16.8,1,16.8,1,"","","","","","","","","","","","","","","","","","","","","","","","","","",100,1,"","","","","","","","","","","","",19.1,1,1013.2,1,"","","","","","",8,1,5,1,7,1,7,1,"","","","","","","","","","","","","","","","","","","","","","","","","","",9000,1,"","",2,1,6,1,"","","","","","","","","","",4,1,290,1,"","","","","","","","","","","","","","","","","","","","","","","","","","","","","","","","","","","","","","","","","","","","","","","","","","","",""
"33236002","CAP-FERRET",44.630667,-1.252,8,1977072715,"","","","",9.,1,280,1,"","","","","","","","","","","","","","","","","","","","","","","","","","","","",19.8,1,17.4,1,"","","","","","","","","","","","","","","","","","","","","","","","","","",89,1,"","","","","","","","","","","","",20.5,1,1012.6,1,"","","","","","",5,1,5,1,8,1,0,1,0,1,"","","","","","","","","","","","","","","","","","","","","","","","",20000,1,"","",1,1,8,1,"","","","","","","","","","",4,1,290,1,"","","","","","","","","","","","","","","","","","","","","","","","","","","","","","","","","","","","","","","","","","","","","","","","","","","",""
"33236002","CAP-FERRET",44.630667,-1.252,8,1977072718,"","","","",11.,1,260,1,"","","","","","","","","","","","","","","","","","","","","","","","","","","","",18.6,1,17.8,1,"","","","","","","","","","","","","","","","","","","","","","","","","","",98,1,"","","","","","","","","","","","",21.,1,1011.8,1,"","","","","","",6,1,0,1,9,1,7,1,0,1,"","","","","","","","","","","","","","","","","","","","","","","","",16000,1,"","",15,1,8,1,"","","","","","","","","","",4,1,290,1,"","","","","","","","","","","","","","","","","","","","","","","","","","","","","","","","","","","","","","","","","","","","","","","","","","","",""
"33236002","CAP-FERRET",44.630667,-1.252,8,1977072721,"","","","",13.,1,340,1,"","","","","","","","","","","","","","","","","","","","","","","","","","","","",17.,1,15.6,1,"","","","","","","","","","","","","","","","","","","","","","","","","","",94,1,"","","","","","","","","","","","",18.2,1,1013.6,1,"","","","","","",7,1,7,1,8,1,7,1,"","","","","","","","","","","","","","","","","","","","","","","","","","",16000,1,"","",2,1,2,1,"","","","","","","","","","",4,1,290,1,"","","","","","","","","","","","","","","","","","","","","","","","","","","","","","","","","","","","","","","","","","","","","","","","","","","",""
"33236002","CAP-FERRET",44.630667,-1.252,8,1977072800,"","","","","","","","","","","","","","","","","","","","","","","","","","","","","","","","","","","","","","","","","","","","","","","","","","","","","","","","","","","","","","","","","","","","","","","","","","","","","","","","","","",1014.5,1,"","","","","","","","","","","","","","","","","","","","","","","","","","","","","","","","","","","","","","","","","","","","","","","","","","","","","","","","","","","","","","","","","","","","","","","","","","","","","","","","","","","","","","","","","","","","","","","","","","","","","","","","","","","","","","","","","",""
"33236002","CAP-FERRET",44.630667,-1.252,8,1977072803,"","","","",8.,1,320,1,"","","","","","","","","","","","","","","","","","","","","","","","","","","","",15.8,1,14.7,1,"","","","","","","","","","","","","","","","","","","","","","","","","","",96,1,"","","","","","","","","","","","",17.2,1,1014.2,1,"","","","","","",7,1,5,1,8,1,"","","","","","","","","","","","","","","","","","","","","","","","","","","","",15000,1,"","",0,1,"","","","","","","","","","","","",4,1,270,1,"","","","","","","","","","","","","","","","","","","","","","","","","","","","","","","","","","","","","","","","","","","","","","","","","","","",""
"33236002","CAP-FERRET",44.630667,-1.252,8,1977072806,"","","","",4.,1,320,1,"","","","","","","","","","","","","","","","","","","","","","","","","","","","",14.9,1,14.9,1,"","","","","","","","","","","","","","","","","","","","","","","","","","",100,1,"","","","","","","","","","","","",16.9,1,1013.8,1,"","","","","","",8,1,8,1,7,1,"","","","","","","","","","","","","","","","","","","","","","","","","","","","",10000,1,"","",60,1,"","","","","","","","","","","","",4,1,270,1,"","","","","","","","","","","","","","","","","","","","","","","","","","","","","","","","","","","","","","","","","","","","","","","","","","","",""
"33236002","CAP-FERRET",44.630667,-1.252,8,1977072809,"","","","",3.,1,300,1,"","","","","","","","","","","","","","","","","","","","","","","","","","","","",14.8,1,14.8,1,"","","","","","","","","","","","","","","","","","","","","","","","","","",100,1,"","","","","","","","","","","","",16.8,1,1013.9,1,"","","","","","",8,1,8,1,8,1,7,1,"","","","","","","","","","","","","","","","","","","","","","","","","","",10000,1,"","",60,1,6,1,"","","","","","","","","","",4,1,270,1,"","","","","","","","","","","","","","","","","","","","","","","","","","","","","","","","","","","","","","","","","","","","","","","","","","","",""
"33236002","CAP-FERRET",44.630667,-1.252,8,1977072812,"","","","",5.,1,220,1,"","","","","","","","","","","","","","","","","","","","","","","","","","","","",16.4,1,15.1,1,"","","","","","","","","","","","","","","","","","","","","","","","","","",95,1,"","","","","","","","","","","","",17.6,1,1013.6,1,"","","","","","",8,1,8,1,8,1,7,1,"","","","","","","","","","","","","","","","","","","","","","","","","","",10000,1,"","",60,1,6,1,"","","","","","","","","","",4,1,270,1,"","","","","","","","","","","","","","","","","","","","","","","","","","","","","","","","","","","","","","","","","","","","","","","","","","","",""
"33236002","CAP-FERRET",44.630667,-1.252,8,1977072815,"","","","",3.,1,220,1,"","","","","","","","","","","","","","","","","","","","","","","","","","","","",16.8,1,15.7,1,"","","","","","","","","","","","","","","","","","","","","","","","","","",96,1,"","","","","","","","","","","","",18.3,1,1012.7,1,"","","","","","",7,1,7,1,7,1,7,1,"","","","","","","","","","","","","","","","","","","","","","","","","","",10000,1,"","",60,1,6,1,"","","","","","","","","","",4,1,270,1,"","","","","","","","","","","","","","","","","","","","","","","","","","","","","","","","","","","","","","","","","","","","","","","","","","","",""
"33236002","CAP-FERRET",44.630667,-1.252,8,1977072818,"","","","",2.,1,20,1,"","","","","","","","","","","","","","","","","","","","","","","","","","","","",17.1,1,16.,1,"","","","","","","","","","","","","","","","","","","","","","","","","","",96,1,"","","","","","","","","","","","",18.7,1,1012.2,1,"","","","","","",7,1,7,1,8,1,"","","","","","","","","","","","","","","","","","","","","","","","","","","","",30000,1,"","",2,1,6,1,"","","","","","","","","","",3,1,270,1,"","","","","","","","","","","","","","","","","","","","","","","","","","","","","","","","","","","","","","","","","","","","","","","","","","","",""
"33236002","CAP-FERRET",44.630667,-1.252,8,1977072821,"","","","",3.,1,80,1,"","","","","","","","","","","","","","","","","","","","","","","","","","","","",15.2,1,15.2,1,"","","","","","","","","","","","","","","","","","","","","","","","","","",100,1,"","","","","","","","","","","","",17.3,1,1012.7,1,"","","","","","",8,1,6,1,8,1,"","","","","","","","","","","","","","","","","","","","","","","","","","","","",20000,1,"","",2,1,2,1,"","","","","","","","","","",3,1,270,1,"","","","","","","","","","","","","","","","","","","","","","","","","","","","","","","","","","","","","","","","","","","","","","","","","","","",""
"33236002","CAP-FERRET",44.630667,-1.252,8,1977072900,"","","","","","","","","","","","","","","","","","","","","","","","","","","","","","","","","","","","","","","","","","","","","","","","","","","","","","","","","","","","","","","","","","","","","","","","","","","","","","","","","","",1012.9,1,"","","","","","","","","","","","","","","","","","","","","","","","","","","","","","","","","","","","","","","","","","","","","","","","","","","","","","","","","","","","","","","","","","","","","","","","","","","","","","","","","","","","","","","","","","","","","","","","","","","","","","","","","","","","","","","","","",""
"33236002","CAP-FERRET",44.630667,-1.252,8,1977072903,"","","","",4.,1,40,1,"","","","","","","","","","","","","","","","","","","","","","","","","","","","",14.,1,14.,1,"","","","","","","","","","","","","","","","","","","","","","","","","","",100,1,"","","","","","","","","","","","",16.,1,1011.9,1,"","","","","","",8,1,8,1,5,1,"","","","","","","","","","","","","","","","","","","","","","","","","","","","",8000,1,"","",0,1,"","","","","","","","","","","","",3,1,270,1,"","","","","","","","","","","","","","","","","","","","","","","","","","","","","","","","","","","","","","","","","","","","","","","","","","","",""
"33236002","CAP-FERRET",44.630667,-1.252,8,1977072906,"","","","",4.,1,80,1,"","","","","","","","","","","","","","","","","","","","","","","","","","","","",14.6,1,14.6,1,"","","","","","","","","","","","","","","","","","","","","","","","","","",100,1,"","","","","","","","","","","","",16.6,1,1012.7,1,"","","","","","",8,1,8,1,8,1,"","","","","","","","","","","","","","","","","","","","","","","","","","","","",18000,1,"","",2,1,2,1,"","","","","","","","","","",3,1,270,1,"","","","","","","","","","","","","","","","","","","","","","","","","","","","","","","","","","","","","","","","","","","","","","","","","","","",""
"33236002","CAP-FERRET",44.630667,-1.252,8,1977072909,"","","","",8.,1,60,1,"","","","","","","","","","","","","","","","","","","","","","","","","","","","",16.2,1,14.6,1,"","","","","","","","","","","","","","","","","","","","","","","","","","",93,1,"","","","","","","","","","","","",17.1,1,1013.5,1,"","","","","","",8,1,8,1,8,1,"","","","","","","","","","","","","","","","","","","","","","","","","","","","",18000,1,"","",2,1,2,1,"","","","","","","","","","",3,1,270,1,"","","","","","","","","","","","","","","","","","","","","","","","","","","","","","","","","","","","","","","","","","","","","","","","","","","",""
"33236002","CAP-FERRET",44.630667,-1.252,8,1977072912,"","","","",6.,1,20,1,"","","","","","","","","","","","","","","","","","","","","","","","","","","","",18.8,1,16.1,1,"","","","","","","","","","","","","","","","","","","","","","","","","","",86,1,"","","","","","","","","","","","",18.8,1,1013.7,1,"","","","","","",7,1,7,1,8,1,"","","","","","","","","","","","","","","","","","","","","","","","","","","","",18000,1,"","",1,1,2,1,"","","","","","","","","","",3,1,270,1,"","","","","","","","","","","","","","","","","","","","","","","","","","","","","","","","","","","","","","","","","","","","","","","","","","","",""
"33236002","CAP-FERRET",44.630667,-1.252,8,1977072915,"","","","",7.,1,20,1,"","","","","","","","","","","","","","","","","","","","","","","","","","","","",17.8,1,16.3,1,"","","","","","","","","","","","","","","","","","","","","","","","","","",94,1,"","","","","","","","","","","","",19.1,1,1013.7,1,"","","","","","",8,1,8,1,8,1,"","","","","","","","","","","","","","","","","","","","","","","","","","","","",12000,1,"","",3,1,2,1,"","","","","","","","","","",3,1,270,1,"","","","","","","","","","","","","","","","","","","","","","","","","","","","","","","","","","","","","","","","","","","","","","","","","","","",""
"33236002","CAP-FERRET",44.630667,-1.252,8,1977072918,"","","","",5.,1,20,1,"","","","","","","","","","","","","","","","","","","","","","","","","","","","",18.,1,16.2,1,"","","","","","","","","","","","","","","","","","","","","","","","","","",92,1,"","","","","","","","","","","","",19.,1,1013.1,1,"","","","","","",6,1,0,1,8,1,6,1,3,1,"","","","","","","","","","","","","","","","","","","","","","","","",18000,1,"","",1,1,8,1,"","","","","","","","","","",3,1,270,1,"","","","","","","","","","","","","","","","","","","","","","","","","","","","","","","","","","","","","","","","","","","","","","","","","","","",""
"33236002","CAP-FERRET",44.630667,-1.252,8,1977072921,"","","","",3.,1,20,1,"","","","","","","","","","","","","","","","","","","","","","","","","","","","",16.2,1,14.4,1,"","","","","","","","","","","","","","","","","","","","","","","","","","",91,1,"","","","","","","","","","","","",16.8,1,1014.7,1,"","","","","","",7,1,7,1,8,1,"","","","","","","","","","","","","","","","","","","","","","","","","","","","",16000,1,"","",3,1,1,1,"","","","","","","","","","",3,1,270,1,"","","","","","","","","","","","","","","","","","","","","","","","","","","","","","","","","","","","","","","","","","","","","","","","","","","",""
"33236002","CAP-FERRET",44.630667,-1.252,8,1977073000,"","","","","","","","","","","","","","","","","","","","","","","","","","","","","","","","","","","","","","","","","","","","","","","","","","","","","","","","","","","","","","","","","","","","","","","","","","","","","","","","","","",1014.8,1,"","","","","","","","","","","","","","","","","","","","","","","","","","","","","","","","","","","","","","","","","","","","","","","","","","","","","","","","","","","","","","","","","","","","","","","","","","","","","","","","","","","","","","","","","","","","","","","","","","","","","","","","","","","","","","","","","",""
"33236002","CAP-FERRET",44.630667,-1.252,8,1977073003,"","","","",6.,1,40,1,"","","","","","","","","","","","","","","","","","","","","","","","","","","","",14.8,1,14.1,1,"","","","","","","","","","","","","","","","","","","","","","","","","","",98,1,"","","","","","","","","","","","",16.5,1,1014.8,1,"","","","","","",8,1,8,1,8,1,"","","","","","","","","","","","","","","","","","","","","","","","","","","","",15000,1,"","",0,1,"","","","","","","","","","","","",3,1,270,1,"","","","","","","","","","","","","","","","","","","","","","","","","","","","","","","","","","","","","","","","","","","","","","","","","","","",""
"33236002","CAP-FERRET",44.630667,-1.252,8,1977073006,"","","","",2.,1,20,1,"","","","","","","","","","","","","","","","","","","","","","","","","","","","",13.8,1,12.9,1,"","","","","","","","","","","","","","","","","","","","","","","","","","",97,1,"","","","","","","","","","","","",15.2,1,1014.6,1,"","","","","","",8,1,8,1,8,1,"","","","","","","","","","","","","","","","","","","","","","","","","","","","",15000,1,"","",2,1,"","","","","","","","","","","","",3,1,270,1,"","","","","","","","","","","","","","","","","","","","","","","","","","","","","","","","","","","","","","","","","","","","","","","","","","","",""
"33236002","CAP-FERRET",44.630667,-1.252,8,1977073009,"","","","",2.,1,40,1,"","","","","","","","","","","","","","","","","","","","","","","","","","","","",15.4,1,14.3,1,"","","","","","","","","","","","","","","","","","","","","","","","","","",96,1,"","","","","","","","","","","","",16.7,1,1015.,1,"","","","","","",8,1,8,1,5,1,"","","","","","","","","","","","","","","","","","","","","","","","","","","","",10000,1,"","",2,1,2,1,"","","","","","","","","","",3,1,270,1,"","","","","","","","","","","","","","","","","","","","","","","","","","","","","","","","","","","","","","","","","","","","","","","","","","","",""
"33236002","CAP-FERRET",44.630667,-1.252,8,1977073012,"","","","",4.,1,40,1,"","","","","","","","","","","","","","","","","","","","","","","","","","","","",16.1,1,14.6,1,"","","","","","","","","","","","","","","","","","","","","","","","","","",94,1,"","","","","","","","","","","","",17.1,1,1015.4,1,"","","","","","",8,1,8,1,8,1,"","","","","","","","","","","","","","","","","","","","","","","","","","","","",10000,1,"","",2,1,2,1,"","","","","","","","","","",3,1,270,1,"","","","","","","","","","","","","","","","","","","","","","","","","","","","","","","","","","","","","","","","","","","","","","","","","","","",""
"33236002","CAP-FERRET",44.630667,-1.252,8,1977073015,"","","","",7.,1,360,1,"","","","","","","","","","","","","","","","","","","","","","","","","","","","",18.,1,15.9,1,"","","","","","","","","","","","","","","","","","","","","","","","","","",90,1,"","","","","","","","","","","","",18.6,1,1015.2,1,"","","","","","",8,1,8,1,8,1,"","","","","","","","","","","","","","","","","","","","","","","","","","","","",10000,1,"","",2,1,2,1,"","","","","","","","","","",3,1,270,1,"","","","","","","","","","","","","","","","","","","","","","","","","","","","","","","","","","","","","","","","","","","","","","","","","","","",""
"33236002","CAP-FERRET",44.630667,-1.252,8,1977073018,"","","","",6.,1,360,1,"","","","","","","","","","","","","","","","","","","","","","","","","","","","",16.2,1,16.2,1,"","","","","","","","","","","","","","","","","","","","","","","","","","",100,1,"","","","","","","","","","","","",18.4,1,1015.6,1,"","","","","","",8,1,5,1,8,1,"","","","","","","","","","","","","","","","","","","","","","","","","","","","",10000,1,"","",2,1,2,1,"","","","","","","","","","",3,1,270,1,"","","","","","","","","","","","","","","","","","","","","","","","","","","","","","","","","","","","","","","","","","","","","","","","","","","",""
"33236002","CAP-FERRET",44.630667,-1.252,8,1977073021,"","","","",7.,1,360,1,"","","","","","","","","","","","","","","","","","","","","","","","","","","","",15.2,1,15.2,1,"","","","","","","","","","","","","","","","","","","","","","","","","","",100,1,"","","","","","","","","","","","",17.3,1,1016.4,1,"","","","","","",8,1,6,1,8,1,"","","","","","","","","","","","","","","","","","","","","","","","","","","","",6000,1,"","",60,1,6,1,"","","","","","","","","","",3,1,270,1,"","","","","","","","","","","","","","","","","","","","","","","","","","","","","","","","","","","","","","","","","","","","","","","","","","","",""
"33236002","CAP-FERRET",44.630667,-1.252,8,1977073100,"","","","","","","","","","","","","","","","","","","","","","","","","","","","","","","","","","","","","","","","","","","","","","","","","","","","","","","","","","","","","","","","","","","","","","","","","","","","","","","","","","",1015.,1,"","","","","","","","","","","","","","","","","","","","","","","","","","","","","","","","","","","","","","","","","","","","","","","","","","","","","","","","","","","","","","","","","","","","","","","","","","","","","","","","","","","","","","","","","","","","","","","","","","","","","","","","","","","","","","","","","",""
"33236002","CAP-FERRET",44.630667,-1.252,8,1977073103,"","","","",8.,1,360,1,"","","","","","","","","","","","","","","","","","","","","","","","","","","","",16.2,1,14.4,1,"","","","","","","","","","","","","","","","","","","","","","","","","","",91,1,"","","","","","","","","","","","",16.8,1,1015.,1,"","","","","","",8,1,8,1,8,1,"","","","","","","","","","","","","","","","","","","","","","","","","","","","",13000,1,"","",0,1,"","","","","","","","","","","","",3,1,310,1,"","","","","","","","","","","","","","","","","","","","","","","","","","","","","","","","","","","","","","","","","","","","","","","","","","","",""
"33236002","CAP-FERRET",44.630667,-1.252,8,1977073106,"","","","",8.,1,360,1,"","","","","","","","","","","","","","","","","","","","","","","","","","","","",16.8,1,15.3,1,"","","","","","","","","","","","","","","","","","","","","","","","","","",94,1,"","","","","","","","","","","","",17.9,1,1016.6,1,"","","","","","",7,1,7,1,5,1,"","","","","","","","","","","","","","","","","","","","","","","","","","","","",16000,1,"","",1,1,2,1,"","","","","","","","","","",4,1,310,1,"","","","","","","","","","","","","","","","","","","","","","","","","","","","","","","","","","","","","","","","","","","","","","","","","","","",""
"33236002","CAP-FERRET",44.630667,-1.252,8,1977073109,"","","","",7.,1,360,1,"","","","","","","","","","","","","","","","","","","","","","","","","","","","",19.4,1,17.8,1,"","","","","","","","","","","","","","","","","","","","","","","","","","",94,1,"","","","","","","","","","","","",21.1,1,1018.6,1,"","","","","","",2,1,0,1,5,1,0,1,0,1,"","","","","","","","","","","","","","","","","","","","","","","","",16000,1,"","",1,1,1,1,"","","","","","","","","","",5,1,310,1,"","","","","","","","","","","","","","","","","","","","","","","","","","","","","","","","","","","","","","","","","","","","","","","","","","","",""
"33236002","CAP-FERRET",44.630667,-1.252,8,1977073112,"","","","",9.,1,320,1,"","","","","","","","","","","","","","","","","","","","","","","","","","","","",21.4,1,19.4,1,"","","","","","","","","","","","","","","","","","","","","","","","","","",92,1,"","","","","","","","","","","","",23.4,1,1020.6,1,"","","","","","",0,1,"","",0,1,0,1,0,1,"","","","","","","","","","","","","","","","","","","","","","","","",16000,1,"","",1,1,1,1,"","","","","","","","","","",4,1,310,1,"","","","","","","","","","","","","","","","","","","","","","","","","","","","","","","","","","","","","","","","","","","","","","","","","","","",""
"33236002","CAP-FERRET",44.630667,-1.252,8,1977073115,"","","","",9.,1,320,1,"","","","","","","","","","","","","","","","","","","","","","","","","","","","",21.,1,19.2,1,"","","","","","","","","","","","","","","","","","","","","","","","","","",93,1,"","","","","","","","","","","","",23.,1,1021.4,1,"","","","","","",3,1,0,1,6,1,0,1,0,1,"","","","","","","","","","","","","","","","","","","","","","","","",12000,1,"","",2,1,0,1,"","","","","","","","","","",4,1,310,1,"","","","","","","","","","","","","","","","","","","","","","","","","","","","","","","","","","","","","","","","","","","","","","","","","","","",""
"33236002","CAP-FERRET",44.630667,-1.252,8,1977073118,"","","","",8.,1,320,1,"","","","","","","","","","","","","","","","","","","","","","","","","","","","",19.4,1,17.3,1,"","","","","","","","","","","","","","","","","","","","","","","","","","",90,1,"","","","","","","","","","","","",20.4,1,1021.8,1,"","","","","","",3,1,0,1,1,1,0,1,0,1,"","","","","","","","","","","","","","","","","","","","","","","","",16000,1,"","",2,1,0,1,"","","","","","","","","","",4,1,310,1,"","","","","","","","","","","","","","","","","","","","","","","","","","","","","","","","","","","","","","","","","","","","","","","","","","","",""
"33236002","CAP-FERRET",44.630667,-1.252,8,1977073121,"","","","",5.,1,340,1,"","","","","","","","","","","","","","","","","","","","","","","","","","","","",17.,1,15.7,1,"","","","","","","","","","","","","","","","","","","","","","","","","","",95,1,"","","","","","","","","","","","",18.4,1,1024.5,1,"","","","","","",3,1,0,1,1,1,0,1,0,1,"","","","","","","","","","","","","","","","","","","","","","","","",16000,1,"","",2,1,0,1,"","","","","","","","","","",4,1,310,1,"","","","","","","","","","","","","","","","","","","","","","","","","","","","","","","","","","","","","","","","","","","","","","","","","","","",""
"33236002","CAP-FERRET",44.630667,-1.252,8,1977080100,"","","","","","","","","","","","","","","","","","","","","","","","","","","","","","","","","","","","","","","","","","","","","","","","","","","","","","","","","","","","","","","","","","","","","","","","","","","","","","","","","","",1023.8,1,"","","","","","","","","","","","","","","","","","","","","","","","","","","","","","","","","","","","","","","","","","","","","","","","","","","","","","","","","","","","","","","","","","","","","","","","","","","","","","","","","","","","","","","","","","","","","","","","","","","","","","","","","","","","","","","","","",""
"33236002","CAP-FERRET",44.630667,-1.252,8,1977080103,"","","","",5.,1,320,1,"","","","","","","","","","","","","","","","","","","","","","","","","","","","",17.1,1,16.,1,"","","","","","","","","","","","","","","","","","","","","","","","","","",96,1,"","","","","","","","","","","","",18.7,1,1023.2,1,"","","","","","",8,1,8,1,5,1,"","","","","","","","","","","","","","","","","","","","","","","","","","","","",15000,1,"","",0,1,"","","","","","","","","","","","",3,1,270,1,"","","","","","","","","","","","","","","","","","","","","","","","","","","","","","","","","","","","","","","","","","","","","","","","","","","",""
"33236002","CAP-FERRET",44.630667,-1.252,8,1977080106,"","","","",5.,1,320,1,"","","","","","","","","","","","","","","","","","","","","","","","","","","","",17.4,1,17.4,1,"","","","","","","","","","","","","","","","","","","","","","","","","","",100,1,"","","","","","","","","","","","",19.9,1,1022.7,1,"","","","","","",7,1,7,1,5,1,"","","","","","","","","","","","","","","","","","","","","","","","","","","","",10000,1,"","",2,1,"","","","","","","","","","","","",3,1,270,1,"","","","","","","","","","","","","","","","","","","","","","","","","","","","","","","","","","","","","","","","","","","","","","","","","","","",""
"33236002","CAP-FERRET",44.630667,-1.252,8,1977080109,"","","","",2.,1,60,1,"","","","","","","","","","","","","","","","","","","","","","","","","","","","",20.4,1,15.7,1,"","","","","","","","","","","","","","","","","","","","","","","","","","",76,1,"","","","","","","","","","","","",18.3,1,1022.9,1,"","","","","","",2,1,0,1,0,1,0,1,2,1,"","","","","","","","","","","","","","","","","","","","","","","","",10000,1,"","",1,1,1,1,"","","","","","","","","","",2,1,"","","","","","","","","","","","","","","","","","","","","","","","","","","","","","","","","","","","","","","","","","","","","","","","","","","","","",""
"33236002","CAP-FERRET",44.630667,-1.252,8,1977080112,"","","","",2.,1,320,1,"","","","","","","","","","","","","","","","","","","","","","","","","","","","",22.2,1,17.1,1,"","","","","","","","","","","","","","","","","","","","","","","","","","",75,1,"","","","","","","","","","","","",20.1,1,1022.1,1,"","","","","","",3,1,0,1,2,1,0,1,0,1,"","","","","","","","","","","","","","","","","","","","","","","","",15000,1,"","",2,1,1,1,"","","","","","","","","","",2,1,"","","","","","","","","","","","","","","","","","","","","","","","","","","","","","","","","","","","","","","","","","","","","","","","","","","","","",""
"33236002","CAP-FERRET",44.630667,-1.252,8,1977080115,"","","","",5.,1,340,1,"","","","","","","","","","","","","","","","","","","","","","","","","","","","",22.2,1,17.8,1,"","","","","","","","","","","","","","","","","","","","","","","","","","",79,1,"","","","","","","","","","","","",21.,1,1021.3,1,"","","","","","",1,1,0,1,2,1,0,1,0,1,"","","","","","","","","","","","","","","","","","","","","","","","",18000,1,"","",2,1,0,1,"","","","","","","","","","",2,1,"","","","","","","","","","","","","","","","","","","","","","","","","","","","","","","","","","","","","","","","","","","","","","","","","","","","","",""
"33236002","CAP-FERRET",44.630667,-1.252,8,1977080118,"","","","",5.,1,340,1,"","","","","","","","","","","","","","","","","","","","","","","","","","","","",20.,1,17.1,1,"","","","","","","","","","","","","","","","","","","","","","","","","","",86,1,"","","","","","","","","","","","",20.1,1,1019.9,1,"","","","","","",1,1,0,1,1,1,0,1,0,1,"","","","","","","","","","","","","","","","","","","","","","","","",20000,1,"","",2,1,0,1,"","","","","","","","","","",2,1,"","","","","","","","","","","","","","","","","","","","","","","","","","","","","","","","","","","","","","","","","","","","","","","","","","","","","",""
"33236002","CAP-FERRET",44.630667,-1.252,8,1977080121,"","","","",4.,1,40,1,"","","","","","","","","","","","","","","","","","","","","","","","","","","","",15.8,1,15.8,1,"","","","","","","","","","","","","","","","","","","","","","","","","","",100,1,"","","","","","","","","","","","",17.9,1,1019.8,1,"","","","","","",0,1,"","",0,1,0,1,0,1,"","","","","","","","","","","","","","","","","","","","","","","","",15000,1,"","",2,1,0,1,"","","","","","","","","","",2,1,"","","","","","","","","","","","","","","","","","","","","","","","","","","","","","","","","","","","","","","","","","","","","","","","","","","","","",""
"33236002","CAP-FERRET",44.630667,-1.252,8,1977080200,"","","","","","","","","","","","","","","","","","","","","","","","","","","","","","","","","","","","","","","","","","","","","","","","","","","","","","","","","","","","","","","","","","","","","","","","","","","","","","","","","","",1018.7,1,"","","","","","","","","","","","","","","","","","","","","","","","","","","","","","","","","","","","","","","","","","","","","","","","","","","","","","","","","","","","","","","","","","","","","","","","","","","","","","","","","","","","","","","","","","","","","","","","","","","","","","","","","","","","","","","","","",""
"33236002","CAP-FERRET",44.630667,-1.252,8,1977080203,"","","","",3.,1,60,1,"","","","","","","","","","","","","","","","","","","","","","","","","","","","",14.4,1,13.3,1,"","","","","","","","","","","","","","","","","","","","","","","","","","",96,1,"","","","","","","","","","","","",15.7,1,1017.7,1,"","","","","","",0,1,"","",0,1,0,1,0,1,"","","","","","","","","","","","","","","","","","","","","","","","",15000,1,"","",0,1,"","","","","","","","","","","","",2,1,"","","","","","","","","","","","","","","","","","","","","","","","","","","","","","","","","","","","","","","","","","","","","","","","","","","","","",""
"33236002","CAP-FERRET",44.630667,-1.252,8,1977080206,"","","","",2.,1,60,1,"","","","","","","","","","","","","","","","","","","","","","","","","","","","",13.8,1,11.6,1,"","","","","","","","","","","","","","","","","","","","","","","","","","",89,1,"","","","","","","","","","","","",14.,1,1016.7,1,"","","","","","",0,1,"","",0,1,0,1,0,1,"","","","","","","","","","","","","","","","","","","","","","","","",15000,1,"","",2,1,0,1,"","","","","","","","","","",2,1,"","","","","","","","","","","","","","","","","","","","","","","","","","","","","","","","","","","","","","","","","","","","","","","","","","","","","",""
"33236002","CAP-FERRET",44.630667,-1.252,8,1977080209,"","","","",2.,1,60,1,"","","","","","","","","","","","","","","","","","","","","","","","","","","","",20.,1,12.7,1,"","","","","","","","","","","","","","","","","","","","","","","","","","",64,1,"","","","","","","","","","","","",15.,1,1015.7,1,"","","","","","",0,1,"","",0,1,0,1,0,1,"","","","","","","","","","","","","","","","","","","","","","","","",19000,1,"","",2,1,0,1,"","","","","","","","","","",2,1,"","","","","","","","","","","","","","","","","","","","","","","","","","","","","","","","","","","","","","","","","","","","","","","","","","","","","",""
"33236002","CAP-FERRET",44.630667,-1.252,8,1977080212,"","","","",7.,1,360,1,"","","","","","","","","","","","","","","","","","","","","","","","","","","","",23.,1,16.8,1,"","","","","","","","","","","","","","","","","","","","","","","","","","",70,1,"","","","","","","","","","","","",19.7,1,1014.7,1,"","","","","","",0,1,"","",0,1,0,1,0,1,"","","","","","","","","","","","","","","","","","","","","","","","",22000,1,"","",2,1,0,1,"","","","","","","","","","",2,1,"","","","","","","","","","","","","","","","","","","","","","","","","","","","","","","","","","","","","","","","","","","","","","","","","","","","","",""
"33236002","CAP-FERRET",44.630667,-1.252,8,1977080215,"","","","",8.,1,360,1,"","","","","","","","","","","","","","","","","","","","","","","","","","","","",22.1,1,17.3,1,"","","","","","","","","","","","","","","","","","","","","","","","","","",77,1,"","","","","","","","","","","","",20.4,1,1013.1,1,"","","","","","",0,1,"","",0,1,0,1,0,1,"","","","","","","","","","","","","","","","","","","","","","","","",22000,1,"","",2,1,0,1,"","","","","","","","","","",3,1,"","","","","","","","","","","","","","","","","","","","","","","","","","","","","","","","","","","","","","","","","","","","","","","","","","","","","",""
"33236002","CAP-FERRET",44.630667,-1.252,8,1977080218,"","","","",6.,1,360,1,"","","","","","","","","","","","","","","","","","","","","","","","","","","","",20.4,1,17.3,1,"","","","","","","","","","","","","","","","","","","","","","","","","","",85,1,"","","","","","","","","","","","",20.4,1,1012.7,1,"","","","","","",3,1,0,1,0,1,0,1,5,1,"","","","","","","","","","","","","","","","","","","","","","","","",20000,1,"","",3,1,0,1,"","","","","","","","","","",3,1,"","","","","","","","","","","","","","","","","","","","","","","","","","","","","","","","","","","","","","","","","","","","","","","","","","","","","",""
"33236002","CAP-FERRET",44.630667,-1.252,8,1977080221,"","","","",5.,1,360,1,"","","","","","","","","","","","","","","","","","","","","","","","","","","","",17.6,1,16.1,1,"","","","","","","","","","","","","","","","","","","","","","","","","","",94,1,"","","","","","","","","","","","",18.9,1,1013.1,1,"","","","","","",4,1,0,1,0,1,0,1,4,1,"","","","","","","","","","","","","","","","","","","","","","","","",14000,1,"","",3,1,0,1,"","","","","","","","","","",3,1,"","","","","","","","","","","","","","","","","","","","","","","","","","","","","","","","","","","","","","","","","","","","","","","","","","","","","",""
"33236002","CAP-FERRET",44.630667,-1.252,8,1977080300,"","","","","","","","","","","","","","","","","","","","","","","","","","","","","","","","","","","","","","","","","","","","","","","","","","","","","","","","","","","","","","","","","","","","","","","","","","","","","","","","","","",1013.5,1,"","","","","","","","","","","","","","","","","","","","","","","","","","","","","","","","","","","","","","","","","","","","","","","","","","","","","","","","","","","","","","","","","","","","","","","","","","","","","","","","","","","","","","","","","","","","","","","","","","","","","","","","","","","","","","","","","",""
"33236002","CAP-FERRET",44.630667,-1.252,8,1977080303,"","","","",1.,1,20,1,"","","","","","","","","","","","","","","","","","","","","","","","","","","","",14.6,1,14.6,1,"","","","","","","","","","","","","","","","","","","","","","","","","","",100,1,"","","","","","","","","","","","",16.6,1,1013.5,1,"","","","","","",0,1,"","",0,1,0,1,0,1,"","","","","","","","","","","","","","","","","","","","","","","","",12000,1,"","",0,1,"","","","","","","","","","","","",3,1,270,1,"","","","","","","","","","","","","","","","","","","","","","","","","","","","","","","","","","","","","","","","","","","","","","","","","","","",""
"33236002","CAP-FERRET",44.630667,-1.252,8,1977080306,"","","","",0.,1,0,1,"","","","","","","","","","","","","","","","","","","","","","","","","","","","",12.7,1,12.7,1,"","","","","","","","","","","","","","","","","","","","","","","","","","",100,1,"","","","","","","","","","","","",14.7,1,1014.,1,"","","","","","",4,1,0,1,0,1,0,1,2,1,"","","","","","","","","","","","","","","","","","","","","","","","",6000,1,"","",2,1,"","","","","","","","","","","","",2,1,"","","","","","","","","","","","","","","","","","","","","","","","","","","","","","","","","","","","","","","","","","","","","","","","","","","","","",""
"33236002","CAP-FERRET",44.630667,-1.252,8,1977080309,"","","","",2.,1,340,1,"","","","","","","","","","","","","","","","","","","","","","","","","","","","",19.4,1,16.8,1,"","","","","","","","","","","","","","","","","","","","","","","","","","",88,1,"","","","","","","","","","","","",19.7,1,1015.,1,"","","","","","",6,1,5,1,0,1,8,1,2,1,"","","","","","","","","","","","","","","","","","","","","","","","",10000,1,"","",3,1,1,1,"","","","","","","","","","",2,1,"","","","","","","","","","","","","","","","","","","","","","","","","","","","","","","","","","","","","","","","","","","","","","","","","","","","","",""
"33236002","CAP-FERRET",44.630667,-1.252,8,1977080312,"","","","",3.,1,320,1,"","","","","","","","","","","","","","","","","","","","","","","","","","","","",21.6,1,16.9,1,"","","","","","","","","","","","","","","","","","","","","","","","","","",77,1,"","","","","","","","","","","","",19.9,1,1015.6,1,"","","","","","",6,1,6,1,0,1,0,1,2,1,"","","","","","","","","","","","","","","","","","","","","","","","",10000,1,"","",2,1,1,1,"","","","","","","","","","",3,1,270,1,"","","","","","","","","","","","","","","","","","","","","","","","","","","","","","","","","","","","","","","","","","","","","","","","","","","",""
"33236002","CAP-FERRET",44.630667,-1.252,8,1977080315,"","","","",5.,1,320,1,"","","","","","","","","","","","","","","","","","","","","","","","","","","","",22.,1,19.4,1,"","","","","","","","","","","","","","","","","","","","","","","","","","",88,1,"","","","","","","","","","","","",23.4,1,1016.6,1,"","","","","","",6,1,6,1,0,1,0,1,2,1,"","","","","","","","","","","","","","","","","","","","","","","","",10000,1,"","",2,1,2,1,"","","","","","","","","","",3,1,270,1,"","","","","","","","","","","","","","","","","","","","","","","","","","","","","","","","","","","","","","","","","","","","","","","","","","","",""
"33236002","CAP-FERRET",44.630667,-1.252,8,1977080318,"","","","",4.,1,340,1,"","","","","","","","","","","","","","","","","","","","","","","","","","","","",21.1,1,18.8,1,"","","","","","","","","","","","","","","","","","","","","","","","","","",90,1,"","","","","","","","","","","","",22.5,1,1016.9,1,"","","","","","",3,1,0,1,0,1,0,1,2,1,"","","","","","","","","","","","","","","","","","","","","","","","",12000,1,"","",2,1,1,1,"","","","","","","","","","",2,1,"","","","","","","","","","","","","","","","","","","","","","","","","","","","","","","","","","","","","","","","","","","","","","","","","","","","","",""
"33236002","CAP-FERRET",44.630667,-1.252,8,1977080321,"","","","",2.,1,360,1,"","","","","","","","","","","","","","","","","","","","","","","","","","","","",17.1,1,17.1,1,"","","","","","","","","","","","","","","","","","","","","","","","","","",100,1,"","","","","","","","","","","","",19.5,1,1018.,1,"","","","","","",0,1,"","",0,1,0,1,0,1,"","","","","","","","","","","","","","","","","","","","","","","","",6000,1,"","",2,1,0,1,"","","","","","","","","","",2,1,"","","","","","","","","","","","","","","","","","","","","","","","","","","","","","","","","","","","","","","","","","","","","","","","","","","","","",""
"33236002","CAP-FERRET",44.630667,-1.252,8,1977080400,"","","","","","","","","","","","","","","","","","","","","","","","","","","","","","","","","","","","","","","","","","","","","","","","","","","","","","","","","","","","","","","","","","","","","","","","","","","","","","","","","","",1018.7,1,"","","","","","","","","","","","","","","","","","","","","","","","","","","","","","","","","","","","","","","","","","","","","","","","","","","","","","","","","","","","","","","","","","","","","","","","","","","","","","","","","","","","","","","","","","","","","","","","","","","","","","","","","","","","","","","","","",""
"33236002","CAP-FERRET",44.630667,-1.252,8,1977080403,"","","","",3.,1,320,1,"","","","","","","","","","","","","","","","","","","","","","","","","","","","",16.8,1,16.8,1,"","","","","","","","","","","","","","","","","","","","","","","","","","",100,1,"","","","","","","","","","","","",19.1,1,1018.7,1,"","","","","","",2,1,0,1,0,1,0,1,2,1,"","","","","","","","","","","","","","","","","","","","","","","","",5000,1,"","",0,1,"","","","","","","","","","","","",2,1,"","","","","","","","","","","","","","","","","","","","","","","","","","","","","","","","","","","","","","","","","","","","","","","","","","","","","",""
"33236002","CAP-FERRET",44.630667,-1.252,8,1977080406,"","","","",4.,1,300,1,"","","","","","","","","","","","","","","","","","","","","","","","","","","","",17.2,1,16.1,1,"","","","","","","","","","","","","","","","","","","","","","","","","","",96,1,"","","","","","","","","","","","",18.8,1,1019.7,1,"","","","","","",3,1,0,1,6,1,0,1,2,1,"","","","","","","","","","","","","","","","","","","","","","","","",12000,1,"","",1,1,1,1,"","","","","","","","","","",2,1,"","","","","","","","","","","","","","","","","","","","","","","","","","","","","","","","","","","","","","","","","","","","","","","","","","","","","",""
"33236002","CAP-FERRET",44.630667,-1.252,8,1977080409,"","","","",3.,1,300,1,"","","","","","","","","","","","","","","","","","","","","","","","","","","","",21.2,1,18.5,1,"","","","","","","","","","","","","","","","","","","","","","","","","","",87,1,"","","","","","","","","","","","",22.,1,1020.3,1,"","","","","","",2,1,0,1,1,1,0,1,0,1,"","","","","","","","","","","","","","","","","","","","","","","","",16000,1,"","",2,1,0,1,"","","","","","","","","","",2,1,"","","","","","","","","","","","","","","","","","","","","","","","","","","","","","","","","","","","","","","","","","","","","","","","","","","","","",""
"33236002","CAP-FERRET",44.630667,-1.252,8,1977080412,"","","","",3.,1,280,1,"","","","","","","","","","","","","","","","","","","","","","","","","","","","",23.2,1,19.2,1,"","","","","","","","","","","","","","","","","","","","","","","","","","",81,1,"","","","","","","","","","","","",23.1,1,1020.3,1,"","","","","","",2,1,0,1,1,1,0,1,0,1,"","","","","","","","","","","","","","","","","","","","","","","","",18000,1,"","",2,1,0,1,"","","","","","","","","","",2,1,"","","","","","","","","","","","","","","","","","","","","","","","","","","","","","","","","","","","","","","","","","","","","","","","","","","","","",""
"33236002","CAP-FERRET",44.630667,-1.252,8,1977080415,"","","","",5.,1,300,1,"","","","","","","","","","","","","","","","","","","","","","","","","","","","",22.8,1,20.1,1,"","","","","","","","","","","","","","","","","","","","","","","","","","",88,1,"","","","","","","","","","","","",24.4,1,1019.7,1,"","","","","","",0,1,"","",0,1,0,1,0,1,"","","","","","","","","","","","","","","","","","","","","","","","",8000,1,"","",2,1,0,1,"","","","","","","","","","",2,1,"","","","","","","","","","","","","","","","","","","","","","","","","","","","","","","","","","","","","","","","","","","","","","","","","","","","","",""
"33236002","CAP-FERRET",44.630667,-1.252,8,1977080418,"","","","",3.,1,320,1,"","","","","","","","","","","","","","","","","","","","","","","","","","","","",20.8,1,19.3,1,"","","","","","","","","","","","","","","","","","","","","","","","","","",95,1,"","","","","","","","","","","","",23.2,1,1019.1,1,"","","","","","",0,1,"","",0,1,0,1,0,1,"","","","","","","","","","","","","","","","","","","","","","","","",6000,1,"","",2,1,0,1,"","","","","","","","","","",2,1,"","","","","","","","","","","","","","","","","","","","","","","","","","","","","","","","","","","","","","","","","","","","","","","","","","","","","",""
"33236002","CAP-FERRET",44.630667,-1.252,8,1977080421,"","","","",2.,1,340,1,"","","","","","","","","","","","","","","","","","","","","","","","","","","","",17.8,1,16.6,1,"","","","","","","","","","","","","","","","","","","","","","","","","","",96,1,"","","","","","","","","","","","",19.5,1,1020.1,1,"","","","","","",0,1,"","",0,1,0,1,0,1,"","","","","","","","","","","","","","","","","","","","","","","","",5000,1,"","",2,1,0,1,"","","","","","","","","","",2,1,"","","","","","","","","","","","","","","","","","","","","","","","","","","","","","","","","","","","","","","","","","","","","","","","","","","","","",""
"33236002","CAP-FERRET",44.630667,-1.252,8,1977080500,"","","","","","","","","","","","","","","","","","","","","","","","","","","","","","","","","","","","","","","","","","","","","","","","","","","","","","","","","","","","","","","","","","","","","","","","","","","","","","","","","","",1019.5,1,"","","","","","","","","","","","","","","","","","","","","","","","","","","","","","","","","","","","","","","","","","","","","","","","","","","","","","","","","","","","","","","","","","","","","","","","","","","","","","","","","","","","","","","","","","","","","","","","","","","","","","","","","","","","","","","","","",""
"33236002","CAP-FERRET",44.630667,-1.252,8,1977080503,"","","","",2.,1,360,1,"","","","","","","","","","","","","","","","","","","","","","","","","","","","",16.,1,16.,1,"","","","","","","","","","","","","","","","","","","","","","","","","","",100,1,"","","","","","","","","","","","",18.2,1,1018.9,1,"","","","","","",6,1,6,1,5,1,"","","","","","","","","","","","","","","","","","","","","","","","","","","","",6000,1,"","",0,1,"","","","","","","","","","","","",2,1,"","","","","","","","","","","","","","","","","","","","","","","","","","","","","","","","","","","","","","","","","","","","","","","","","","","","","",""
"33236002","CAP-FERRET",44.630667,-1.252,8,1977080506,"","","","",1.,1,20,1,"","","","","","","","","","","","","","","","","","","","","","","","","","","","",16.5,1,16.5,1,"","","","","","","","","","","","","","","","","","","","","","","","","","",100,1,"","","","","","","","","","","","",18.8,1,1019.1,1,"","","","","","",7,1,7,1,5,1,"","","","","","","","","","","","","","","","","","","","","","","","","","","","",12000,1,"","",2,1,"","","","","","","","","","","","",2,1,"","","","","","","","","","","","","","","","","","","","","","","","","","","","","","","","","","","","","","","","","","","","","","","","","","","","","",""
"33236002","CAP-FERRET",44.630667,-1.252,8,1977080509,"","","","",1.,1,80,1,"","","","","","","","","","","","","","","","","","","","","","","","","","","","",20.8,1,15.7,1,"","","","","","","","","","","","","","","","","","","","","","","","","","",75,1,"","","","","","","","","","","","",18.4,1,1019.8,1,"","","","","","",5,1,5,1,5,1,0,1,0,1,"","","","","","","","","","","","","","","","","","","","","","","","",20000,1,"","",2,1,2,1,"","","","","","","","","","",2,1,"","","","","","","","","","","","","","","","","","","","","","","","","","","","","","","","","","","","","","","","","","","","","","","","","","","","","",""
"33236002","CAP-FERRET",44.630667,-1.252,8,1977080512,"","","","",5.,1,320,1,"","","","","","","","","","","","","","","","","","","","","","","","","","","","",22.9,1,18.,1,"","","","","","","","","","","","","","","","","","","","","","","","","","",76,1,"","","","","","","","","","","","",21.3,1,1019.9,1,"","","","","","",3,1,0,1,0,1,0,1,2,1,"","","","","","","","","","","","","","","","","","","","","","","","",25000,1,"","",2,1,1,1,"","","","","","","","","","",2,1,"","","","","","","","","","","","","","","","","","","","","","","","","","","","","","","","","","","","","","","","","","","","","","","","","","","","","",""
"33236002","CAP-FERRET",44.630667,-1.252,8,1977080515,"","","","",5.,1,360,1,"","","","","","","","","","","","","","","","","","","","","","","","","","","","",22.2,1,18.6,1,"","","","","","","","","","","","","","","","","","","","","","","","","","",83,1,"","","","","","","","","","","","",22.1,1,1019.6,1,"","","","","","",5,1,5,1,0,1,0,1,2,1,"","","","","","","","","","","","","","","","","","","","","","","","",20000,1,"","",3,1,1,1,"","","","","","","","","","",2,1,"","","","","","","","","","","","","","","","","","","","","","","","","","","","","","","","","","","","","","","","","","","","","","","","","","","","","",""
"33236002","CAP-FERRET",44.630667,-1.252,8,1977080518,"","","","",5.,1,20,1,"","","","","","","","","","","","","","","","","","","","","","","","","","","","",20.5,1,18.1,1,"","","","","","","","","","","","","","","","","","","","","","","","","","",89,1,"","","","","","","","","","","","",21.4,1,1019.2,1,"","","","","","",1,1,0,1,0,1,0,1,2,1,"","","","","","","","","","","","","","","","","","","","","","","","",25000,1,"","",2,1,1,1,"","","","","","","","","","",2,1,"","","","","","","","","","","","","","","","","","","","","","","","","","","","","","","","","","","","","","","","","","","","","","","","","","","","","",""
"33236002","CAP-FERRET",44.630667,-1.252,8,1977080521,"","","","",3.,1,40,1,"","","","","","","","","","","","","","","","","","","","","","","","","","","","",17.4,1,17.4,1,"","","","","","","","","","","","","","","","","","","","","","","","","","",100,1,"","","","","","","","","","","","",19.9,1,1019.6,1,"","","","","","",0,1,"","",0,1,0,1,0,1,"","","","","","","","","","","","","","","","","","","","","","","","",20000,1,"","",2,1,0,1,"","","","","","","","","","",2,1,"","","","","","","","","","","","","","","","","","","","","","","","","","","","","","","","","","","","","","","","","","","","","","","","","","","","","",""
"33236002","CAP-FERRET",44.630667,-1.252,8,1977080600,"","","","","","","","","","","","","","","","","","","","","","","","","","","","","","","","","","","","","","","","","","","","","","","","","","","","","","","","","","","","","","","","","","","","","","","","","","","","","","","","","","",1018.6,1,"","","","","","","","","","","","","","","","","","","","","","","","","","","","","","","","","","","","","","","","","","","","","","","","","","","","","","","","","","","","","","","","","","","","","","","","","","","","","","","","","","","","","","","","","","","","","","","","","","","","","","","","","","","","","","","","","",""
"33236002","CAP-FERRET",44.630667,-1.252,8,1977080603,"","","","",2.,1,40,1,"","","","","","","","","","","","","","","","","","","","","","","","","","","","",15.,1,15.,1,"","","","","","","","","","","","","","","","","","","","","","","","","","",100,1,"","","","","","","","","","","","",17.,1,1018.1,1,"","","","","","",7,1,7,1,5,1,"","","","","","","","","","","","","","","","","","","","","","","","","","","","",7000,1,"","",0,1,"","","","","","","","","","","","",2,1,"","","","","","","","","","","","","","","","","","","","","","","","","","","","","","","","","","","","","","","","","","","","","","","","","","","","","",""
"33236002","CAP-FERRET",44.630667,-1.252,8,1977080606,"","","","",2.,1,40,1,"","","","","","","","","","","","","","","","","","","","","","","","","","","","",15.4,1,15.4,1,"","","","","","","","","","","","","","","","","","","","","","","","","","",100,1,"","","","","","","","","","","","",17.5,1,1018.3,1,"","","","","","",6,1,6,1,5,1,0,1,0,1,"","","","","","","","","","","","","","","","","","","","","","","","",8000,1,"","",1,1,2,1,"","","","","","","","","","",2,1,"","","","","","","","","","","","","","","","","","","","","","","","","","","","","","","","","","","","","","","","","","","","","","","","","","","","","",""
"33236002","CAP-FERRET",44.630667,-1.252,8,1977080609,"","","","",0.,1,0,1,"","","","","","","","","","","","","","","","","","","","","","","","","","","","",20.,1,17.2,1,"","","","","","","","","","","","","","","","","","","","","","","","","","",87,1,"","","","","","","","","","","","",20.3,1,1018.3,1,"","","","","","",4,1,0,1,0,1,1,1,0,1,"","","","","","","","","","","","","","","","","","","","","","","","",12000,1,"","",2,1,1,1,"","","","","","","","","","",2,1,"","","","","","","","","","","","","","","","","","","","","","","","","","","","","","","","","","","","","","","","","","","","","","","","","","","","","",""
"33236002","CAP-FERRET",44.630667,-1.252,8,1977080612,"","","","",5.,1,360,1,"","","","","","","","","","","","","","","","","","","","","","","","","","","","",21.2,1,17.9,1,"","","","","","","","","","","","","","","","","","","","","","","","","","",83,1,"","","","","","","","","","","","",21.2,1,1018.5,1,"","","","","","",7,1,7,1,5,1,"","","","","","","","","","","","","","","","","","","","","","","","","","","","",12000,1,"","",2,1,2,1,"","","","","","","","","","",2,1,"","","","","","","","","","","","","","","","","","","","","","","","","","","","","","","","","","","","","","","","","","","","","","","","","","","","","",""
"33236002","CAP-FERRET",44.630667,-1.252,8,1977080615,"","","","",5.,1,360,1,"","","","","","","","","","","","","","","","","","","","","","","","","","","","",22.2,1,18.2,1,"","","","","","","","","","","","","","","","","","","","","","","","","","",81,1,"","","","","","","","","","","","",21.6,1,1018.1,1,"","","","","","",0,1,"","",0,1,0,1,0,1,"","","","","","","","","","","","","","","","","","","","","","","","",12000,1,"","",1,1,1,1,"","","","","","","","","","",2,1,"","","","","","","","","","","","","","","","","","","","","","","","","","","","","","","","","","","","","","","","","","","","","","","","","","","","","",""
"33236002","CAP-FERRET",44.630667,-1.252,8,1977080618,"","","","",5.,1,340,1,"","","","","","","","","","","","","","","","","","","","","","","","","","","","",20.,1,17.9,1,"","","","","","","","","","","","","","","","","","","","","","","","","","",88,1,"","","","","","","","","","","","",21.2,1,1017.5,1,"","","","","","",6,1,6,1,5,1,0,1,0,1,"","","","","","","","","","","","","","","","","","","","","","","","",12000,1,"","",3,1,1,1,"","","","","","","","","","",2,1,"","","","","","","","","","","","","","","","","","","","","","","","","","","","","","","","","","","","","","","","","","","","","","","","","","","","","",""
"33236002","CAP-FERRET",44.630667,-1.252,8,1977080621,"","","","",4.,1,320,1,"","","","","","","","","","","","","","","","","","","","","","","","","","","","",18.6,1,16.1,1,"","","","","","","","","","","","","","","","","","","","","","","","","","",88,1,"","","","","","","","","","","","",18.9,1,1018.7,1,"","","","","","",5,1,5,1,5,1,0,1,0,1,"","","","","","","","","","","","","","","","","","","","","","","","",10000,1,"","",1,1,2,1,"","","","","","","","","","",2,1,"","","","","","","","","","","","","","","","","","","","","","","","","","","","","","","","","","","","","","","","","","","","","","","","","","","","","",""
"33236002","CAP-FERRET",44.630667,-1.252,8,1977080700,"","","","","","","","","","","","","","","","","","","","","","","","","","","","","","","","","","","","","","","","","","","","","","","","","","","","","","","","","","","","","","","","","","","","","","","","","","","","","","","","","","",1016.9,1,"","","","","","","","","","","","","","","","","","","","","","","","","","","","","","","","","","","","","","","","","","","","","","","","","","","","","","","","","","","","","","","","","","","","","","","","","","","","","","","","","","","","","","","","","","","","","","","","","","","","","","","","","","","","","","","","","",""
"33236002","CAP-FERRET",44.630667,-1.252,8,1977080703,"","","","",2.,1,340,1,"","","","","","","","","","","","","","","","","","","","","","","","","","","","",17.4,1,17.4,1,"","","","","","","","","","","","","","","","","","","","","","","","","","",100,1,"","","","","","","","","","","","",19.4,1,1017.1,1,"","","","","","",7,1,7,1,5,1,"","","","","","","","","","","","","","","","","","","","","","","","","","","","",7000,1,"","",0,1,"","","","","","","","","","","","",2,1,"","","","","","","","","","","","","","","","","","","","","","","","","","","","","","","","","","","","","","","","","","","","","","","","","","","","","",""
"33236002","CAP-FERRET",44.630667,-1.252,8,1977080706,"","","","",6.,1,340,1,"","","","","","","","","","","","","","","","","","","","","","","","","","","","",17.4,1,16.5,1,"","","","","","","","","","","","","","","","","","","","","","","","","","",97,1,"","","","","","","","","","","","",19.4,1,1017.9,1,"","","","","","",8,1,8,1,8,1,"","","","","","","","","","","","","","","","","","","","","","","","","","","","",22000,1,"","",2,1,0,1,"","","","","","","","","","",2,1,"","","","","","","","","","","","","","","","","","","","","","","","","","","","","","","","","","","","","","","","","","","","","","","","","","","","","",""
"33236002","CAP-FERRET",44.630667,-1.252,8,1977080709,"","","","",4.,1,320,1,"","","","","","","","","","","","","","","","","","","","","","","","","","","","",21.,1,17.,1,"","","","","","","","","","","","","","","","","","","","","","","","","","",80,1,"","","","","","","","","","","","",20.,1,1018.3,1,"","","","","","",3,1,0,1,8,1,0,1,0,1,"","","","","","","","","","","","","","","","","","","","","","","","",26000,1,"","",1,1,1,1,"","","","","","","","","","",2,1,"","","","","","","","","","","","","","","","","","","","","","","","","","","","","","","","","","","","","","","","","","","","","","","","","","","","","",""
"33236002","CAP-FERRET",44.630667,-1.252,8,1977080712,"","","","",5.,1,300,1,"","","","","","","","","","","","","","","","","","","","","","","","","","","","",23.,1,18.1,1,"","","","","","","","","","","","","","","","","","","","","","","","","","",76,1,"","","","","","","","","","","","",21.4,1,1018.9,1,"","","","","","",3,1,0,1,2,1,0,1,0,1,"","","","","","","","","","","","","","","","","","","","","","","","",23000,1,"","",2,1,1,1,"","","","","","","","","","",2,1,"","","","","","","","","","","","","","","","","","","","","","","","","","","","","","","","","","","","","","","","","","","","","","","","","","","","","",""
"33236002","CAP-FERRET",44.630667,-1.252,8,1977080715,"","","","",5.,1,320,1,"","","","","","","","","","","","","","","","","","","","","","","","","","","","",21.8,1,18.2,1,"","","","","","","","","","","","","","","","","","","","","","","","","","",80,1,"","","","","","","","","","","","",21.6,1,1018.1,1,"","","","","","",4,1,0,1,2,1,0,1,0,1,"","","","","","","","","","","","","","","","","","","","","","","","",26000,1,"","",2,1,0,1,"","","","","","","","","","",2,1,"","","","","","","","","","","","","","","","","","","","","","","","","","","","","","","","","","","","","","","","","","","","","","","","","","","","","",""
"33236002","CAP-FERRET",44.630667,-1.252,8,1977080718,"","","","",3.,1,320,1,"","","","","","","","","","","","","","","","","","","","","","","","","","","","",20.8,1,16.5,1,"","","","","","","","","","","","","","","","","","","","","","","","","","",78,1,"","","","","","","","","","","","",19.3,1,1017.6,1,"","","","","","",6,1,0,1,8,1,6,1,2,1,"","","","","","","","","","","","","","","","","","","","","","","","",26000,1,"","",2,1,1,1,"","","","","","","","","","",2,1,"","","","","","","","","","","","","","","","","","","","","","","","","","","","","","","","","","","","","","","","","","","","","","","","","","","","","",""
"33236002","CAP-FERRET",44.630667,-1.252,8,1977080721,"","","","",2.,1,360,1,"","","","","","","","","","","","","","","","","","","","","","","","","","","","",16.8,1,15.,1,"","","","","","","","","","","","","","","","","","","","","","","","","","",91,1,"","","","","","","","","","","","",17.5,1,1018.6,1,"","","","","","",4,1,0,1,8,1,0,1,0,1,"","","","","","","","","","","","","","","","","","","","","","","","",18000,1,"","",1,1,1,1,"","","","","","","","","","",2,1,"","","","","","","","","","","","","","","","","","","","","","","","","","","","","","","","","","","","","","","","","","","","","","","","","","","","","",""
"33236002","CAP-FERRET",44.630667,-1.252,8,1977080800,"","","","","","","","","","","","","","","","","","","","","","","","","","","","","","","","","","","","","","","","","","","","","","","","","","","","","","","","","","","","","","","","","","","","","","","","","","","","","","","","","","",1016.,1,"","","","","","","","","","","","","","","","","","","","","","","","","","","","","","","","","","","","","","","","","","","","","","","","","","","","","","","","","","","","","","","","","","","","","","","","","","","","","","","","","","","","","","","","","","","","","","","","","","","","","","","","","","","","","","","","","",""
"33236002","CAP-FERRET",44.630667,-1.252,8,1977080803,"","","","",1.,1,300,1,"","","","","","","","","","","","","","","","","","","","","","","","","","","","",13.8,1,13.1,1,"","","","","","","","","","","","","","","","","","","","","","","","","","",97,1,"","","","","","","","","","","","",15.4,1,1016.,1,"","","","","","",5,1,5,1,8,1,0,1,0,1,"","","","","","","","","","","","","","","","","","","","","","","","",16000,1,"","",0,1,"","","","","","","","","","","","",2,1,"","","","","","","","","","","","","","","","","","","","","","","","","","","","","","","","","","","","","","","","","","","","","","","","","","","","","",""
"33236002","CAP-FERRET",44.630667,-1.252,8,1977080806,"","","","",1.,1,160,1,"","","","","","","","","","","","","","","","","","","","","","","","","","","","",14.6,1,14.6,1,"","","","","","","","","","","","","","","","","","","","","","","","","","",100,1,"","","","","","","","","","","","",16.6,1,1016.6,1,"","","","","","",4,1,0,1,8,1,0,1,0,1,"","","","","","","","","","","","","","","","","","","","","","","","",20000,1,"","",2,1,1,1,"","","","","","","","","","",2,1,"","","","","","","","","","","","","","","","","","","","","","","","","","","","","","","","","","","","","","","","","","","","","","","","","","","","","",""
"33236002","CAP-FERRET",44.630667,-1.252,8,1977080809,"","","","",0.,1,0,1,"","","","","","","","","","","","","","","","","","","","","","","","","","","","",19.,1,15.9,1,"","","","","","","","","","","","","","","","","","","","","","","","","","",85,1,"","","","","","","","","","","","",18.6,1,1016.8,1,"","","","","","",6,1,6,1,8,1,0,1,0,1,"","","","","","","","","","","","","","","","","","","","","","","","",20000,1,"","",2,1,1,1,"","","","","","","","","","",2,1,"","","","","","","","","","","","","","","","","","","","","","","","","","","","","","","","","","","","","","","","","","","","","","","","","","","","","",""
"33236002","CAP-FERRET",44.630667,-1.252,8,1977080812,"","","","",4.,1,320,1,"","","","","","","","","","","","","","","","","","","","","","","","","","","","",23.,1,17.1,1,"","","","","","","","","","","","","","","","","","","","","","","","","","",72,1,"","","","","","","","","","","","",20.1,1,1016.6,1,"","","","","","",2,1,0,1,8,1,0,1,1,1,"","","","","","","","","","","","","","","","","","","","","","","","",20000,1,"","",1,1,1,1,"","","","","","","","","","",2,1,"","","","","","","","","","","","","","","","","","","","","","","","","","","","","","","","","","","","","","","","","","","","","","","","","","","","","",""
"33236002","CAP-FERRET",44.630667,-1.252,8,1977080815,"","","","",6.,1,340,1,"","","","","","","","","","","","","","","","","","","","","","","","","","","","",23.2,1,20.5,1,"","","","","","","","","","","","","","","","","","","","","","","","","","",88,1,"","","","","","","","","","","","",25.,1,1015.9,1,"","","","","","",3,1,0,1,8,1,0,1,2,1,"","","","","","","","","","","","","","","","","","","","","","","","",20000,1,"","",2,1,0,1,"","","","","","","","","","",2,1,"","","","","","","","","","","","","","","","","","","","","","","","","","","","","","","","","","","","","","","","","","","","","","","","","","","","","",""
"33236002","CAP-FERRET",44.630667,-1.252,8,1977080818,"","","","",7.,1,360,1,"","","","","","","","","","","","","","","","","","","","","","","","","","","","",20.4,1,18.6,1,"","","","","","","","","","","","","","","","","","","","","","","","","","",93,1,"","","","","","","","","","","","",22.2,1,1015.9,1,"","","","","","",2,1,0,1,8,1,0,1,0,1,"","","","","","","","","","","","","","","","","","","","","","","","",22000,1,"","",2,1,0,1,"","","","","","","","","","",2,1,"","","","","","","","","","","","","","","","","","","","","","","","","","","","","","","","","","","","","","","","","","","","","","","","","","","","","",""
"33236002","CAP-FERRET",44.630667,-1.252,8,1977080821,"","","","",2.,1,40,1,"","","","","","","","","","","","","","","","","","","","","","","","","","","","",18.2,1,16.5,1,"","","","","","","","","","","","","","","","","","","","","","","","","","",94,1,"","","","","","","","","","","","",19.3,1,1016.3,1,"","","","","","",3,1,0,1,5,1,0,1,0,1,"","","","","","","","","","","","","","","","","","","","","","","","",22000,1,"","",2,1,0,1,"","","","","","","","","","",2,1,"","","","","","","","","","","","","","","","","","","","","","","","","","","","","","","","","","","","","","","","","","","","","","","","","","","","","",""
"33236002","CAP-FERRET",44.630667,-1.252,8,1977080900,"","","","","","","","","","","","","","","","","","","","","","","","","","","","","","","","","","","","","","","","","","","","","","","","","","","","","","","","","","","","","","","","","","","","","","","","","","","","","","","","","","",1017.7,1,"","","","","","","","","","","","","","","","","","","","","","","","","","","","","","","","","","","","","","","","","","","","","","","","","","","","","","","","","","","","","","","","","","","","","","","","","","","","","","","","","","","","","","","","","","","","","","","","","","","","","","","","","","","","","","","","","",""
"33236002","CAP-FERRET",44.630667,-1.252,8,1977080903,"","","","",4.,1,60,1,"","","","","","","","","","","","","","","","","","","","","","","","","","","","",17.,1,15.8,1,"","","","","","","","","","","","","","","","","","","","","","","","","","",96,1,"","","","","","","","","","","","",18.5,1,1018.7,1,"","","","","","",6,1,6,1,8,1,0,1,0,1,"","","","","","","","","","","","","","","","","","","","","","","","",16000,1,"","",0,1,"","","","","","","","","","","","",2,1,"","","","","","","","","","","","","","","","","","","","","","","","","","","","","","","","","","","","","","","","","","","","","","","","","","","","","",""
"33236002","CAP-FERRET",44.630667,-1.252,8,1977080906,"","","","",3.,1,80,1,"","","","","","","","","","","","","","","","","","","","","","","","","","","","",16.8,1,15.7,1,"","","","","","","","","","","","","","","","","","","","","","","","","","",96,1,"","","","","","","","","","","","",18.3,1,1019.1,1,"","","","","","",4,1,0,1,5,1,0,1,0,1,"","","","","","","","","","","","","","","","","","","","","","","","",20000,1,"","",2,1,1,1,"","","","","","","","","","",2,1,"","","","","","","","","","","","","","","","","","","","","","","","","","","","","","","","","","","","","","","","","","","","","","","","","","","","","",""
"33236002","CAP-FERRET",44.630667,-1.252,8,1977080909,"","","","",3.,1,40,1,"","","","","","","","","","","","","","","","","","","","","","","","","","","","",21.8,1,17.5,1,"","","","","","","","","","","","","","","","","","","","","","","","","","",79,1,"","","","","","","","","","","","",20.6,1,1019.9,1,"","","","","","",4,1,0,1,5,1,4,1,8,1,"","","","","","","","","","","","","","","","","","","","","","","","",22000,1,"","",2,1,0,1,"","","","","","","","","","",2,1,"","","","","","","","","","","","","","","","","","","","","","","","","","","","","","","","","","","","","","","","","","","","","","","","","","","","","",""
"33236002","CAP-FERRET",44.630667,-1.252,8,1977080912,"","","","",5.,1,340,1,"","","","","","","","","","","","","","","","","","","","","","","","","","","","",24.,1,20.1,1,"","","","","","","","","","","","","","","","","","","","","","","","","","",82,1,"","","","","","","","","","","","",24.4,1,1020.1,1,"","","","","","",2,1,0,1,2,1,0,1,0,1,"","","","","","","","","","","","","","","","","","","","","","","","",20000,1,"","",3,1,0,1,"","","","","","","","","","",2,1,"","","","","","","","","","","","","","","","","","","","","","","","","","","","","","","","","","","","","","","","","","","","","","","","","","","","","",""
"33236002","CAP-FERRET",44.630667,-1.252,8,1977080915,"","","","",7.,1,360,1,"","","","","","","","","","","","","","","","","","","","","","","","","","","","",23.8,1,19.6,1,"","","","","","","","","","","","","","","","","","","","","","","","","","",80,1,"","","","","","","","","","","","",23.6,1,1019.9,1,"","","","","","",3,1,0,1,3,1,0,1,1,1,"","","","","","","","","","","","","","","","","","","","","","","","",20000,1,"","",2,1,0,1,"","","","","","","","","","",2,1,"","","","","","","","","","","","","","","","","","","","","","","","","","","","","","","","","","","","","","","","","","","","","","","","","","","","","",""
"33236002","CAP-FERRET",44.630667,-1.252,8,1977080918,"","","","",7.,1,360,1,"","","","","","","","","","","","","","","","","","","","","","","","","","","","",20.6,1,18.5,1,"","","","","","","","","","","","","","","","","","","","","","","","","","",91,1,"","","","","","","","","","","","",22.,1,1019.9,1,"","","","","","",5,1,0,1,2,1,0,1,2,1,"","","","","","","","","","","","","","","","","","","","","","","","",20000,1,"","",3,1,1,1,"","","","","","","","","","",2,1,"","","","","","","","","","","","","","","","","","","","","","","","","","","","","","","","","","","","","","","","","","","","","","","","","","","","","",""
"33236002","CAP-FERRET",44.630667,-1.252,8,1977080921,"","","","",2.,1,40,1,"","","","","","","","","","","","","","","","","","","","","","","","","","","","",18.4,1,17.2,1,"","","","","","","","","","","","","","","","","","","","","","","","","","",96,1,"","","","","","","","","","","","",20.3,1,1021.1,1,"","","","","","",4,1,0,1,0,1,0,1,2,1,"","","","","","","","","","","","","","","","","","","","","","","","",20000,1,"","",2,1,1,1,"","","","","","","","","","",2,1,"","","","","","","","","","","","","","","","","","","","","","","","","","","","","","","","","","","","","","","","","","","","","","","","","","","","","",""
"33236002","CAP-FERRET",44.630667,-1.252,8,1977081000,"","","","","","","","","","","","","","","","","","","","","","","","","","","","","","","","","","","","","","","","","","","","","","","","","","","","","","","","","","","","","","","","","","","","","","","","","","","","","","","","","","",1020.,1,"","","","","","","","","","","","","","","","","","","","","","","","","","","","","","","","","","","","","","","","","","","","","","","","","","","","","","","","","","","","","","","","","","","","","","","","","","","","","","","","","","","","","","","","","","","","","","","","","","","","","","","","","","","","","","","","","",""
"33236002","CAP-FERRET",44.630667,-1.252,8,1977081003,"","","","",2.,1,60,1,"","","","","","","","","","","","","","","","","","","","","","","","","","","","",17.2,1,16.1,1,"","","","","","","","","","","","","","","","","","","","","","","","","","",96,1,"","","","","","","","","","","","",18.8,1,1020.,1,"","","","","","",5,1,5,1,8,1,0,1,0,1,"","","","","","","","","","","","","","","","","","","","","","","","",16000,1,"","",0,1,"","","","","","","","","","","","",2,1,"","","","","","","","","","","","","","","","","","","","","","","","","","","","","","","","","","","","","","","","","","","","","","","","","","","","","",""
"33236002","CAP-FERRET",44.630667,-1.252,8,1977081006,"","","","",3.,1,80,1,"","","","","","","","","","","","","","","","","","","","","","","","","","","","",16.6,1,15.4,1,"","","","","","","","","","","","","","","","","","","","","","","","","","",96,1,"","","","","","","","","","","","",18.,1,1020.6,1,"","","","","","",2,1,0,1,8,1,0,1,0,1,"","","","","","","","","","","","","","","","","","","","","","","","",15000,1,"","",2,1,1,1,"","","","","","","","","","",2,1,"","","","","","","","","","","","","","","","","","","","","","","","","","","","","","","","","","","","","","","","","","","","","","","","","","","","","",""
"33236002","CAP-FERRET",44.630667,-1.252,8,1977081009,"","","","",0.,1,0,1,"","","","","","","","","","","","","","","","","","","","","","","","","","","","",22.8,1,18.2,1,"","","","","","","","","","","","","","","","","","","","","","","","","","",78,1,"","","","","","","","","","","","",21.6,1,1020.6,1,"","","","","","",0,1,"","",0,1,0,1,0,1,"","","","","","","","","","","","","","","","","","","","","","","","",8000,1,"","",1,1,0,1,"","","","","","","","","","",2,1,"","","","","","","","","","","","","","","","","","","","","","","","","","","","","","","","","","","","","","","","","","","","","","","","","","","","","",""
"33236002","CAP-FERRET",44.630667,-1.252,8,1977081012,"","","","",4.,1,40,1,"","","","","","","","","","","","","","","","","","","","","","","","","","","","",26.8,1,16.9,1,"","","","","","","","","","","","","","","","","","","","","","","","","","",56,1,"","","","","","","","","","","","",19.8,1,1019.6,1,"","","","","","",3,1,0,1,2,1,0,1,1,1,"","","","","","","","","","","","","","","","","","","","","","","","",10000,1,"","",3,1,0,1,"","","","","","","","","","",2,1,"","","","","","","","","","","","","","","","","","","","","","","","","","","","","","","","","","","","","","","","","","","","","","","","","","","","","",""
"33236002","CAP-FERRET",44.630667,-1.252,8,1977081015,"","","","",6.,1,20,1,"","","","","","","","","","","","","","","","","","","","","","","","","","","","",26.4,1,19.5,1,"","","","","","","","","","","","","","","","","","","","","","","","","","",68,1,"","","","","","","","","","","","",23.5,1,1018.6,1,"","","","","","",5,1,0,1,2,1,0,1,2,1,"","","","","","","","","","","","","","","","","","","","","","","","",16000,1,"","",3,1,1,1,"","","","","","","","","","",3,1,"","","","","","","","","","","","","","","","","","","","","","","","","","","","","","","","","","","","","","","","","","","","","","","","","","","","","",""
"33236002","CAP-FERRET",44.630667,-1.252,8,1977081018,"","","","",5.,1,60,1,"","","","","","","","","","","","","","","","","","","","","","","","","","","","",25.,1,19.,1,"","","","","","","","","","","","","","","","","","","","","","","","","","",72,1,"","","","","","","","","","","","",22.7,1,1017.6,1,"","","","","","",4,1,0,1,2,1,0,1,2,1,"","","","","","","","","","","","","","","","","","","","","","","","",20000,1,"","",1,1,1,1,"","","","","","","","","","",2,1,"","","","","","","","","","","","","","","","","","","","","","","","","","","","","","","","","","","","","","","","","","","","","","","","","","","","","",""
"33236002","CAP-FERRET",44.630667,-1.252,8,1977081021,"","","","",4.,1,60,1,"","","","","","","","","","","","","","","","","","","","","","","","","","","","",21.6,1,17.9,1,"","","","","","","","","","","","","","","","","","","","","","","","","","",84,1,"","","","","","","","","","","","",21.2,1,1018.6,1,"","","","","","",0,1,"","",0,1,0,1,0,1,"","","","","","","","","","","","","","","","","","","","","","","","",18000,1,"","",1,1,0,1,"","","","","","","","","","",2,1,"","","","","","","","","","","","","","","","","","","","","","","","","","","","","","","","","","","","","","","","","","","","","","","","","","","","","",""
"33236002","CAP-FERRET",44.630667,-1.252,8,1977081100,"","","","","","","","","","","","","","","","","","","","","","","","","","","","","","","","","","","","","","","","","","","","","","","","","","","","","","","","","","","","","","","","","","","","","","","","","","","","","","","","","","",1017.6,1,"","","","","","","","","","","","","","","","","","","","","","","","","","","","","","","","","","","","","","","","","","","","","","","","","","","","","","","","","","","","","","","","","","","","","","","","","","","","","","","","","","","","","","","","","","","","","","","","","","","","","","","","","","","","","","","","","",""
"33236002","CAP-FERRET",44.630667,-1.252,8,1977081103,"","","","",4.,1,80,1,"","","","","","","","","","","","","","","","","","","","","","","","","","","","",16.8,1,15.7,1,"","","","","","","","","","","","","","","","","","","","","","","","","","",96,1,"","","","","","","","","","","","",18.3,1,1016.6,1,"","","","","","",0,1,"","",0,1,0,1,0,1,"","","","","","","","","","","","","","","","","","","","","","","","",16000,1,"","",0,1,"","","","","","","","","","","","",2,1,"","","","","","","","","","","","","","","","","","","","","","","","","","","","","","","","","","","","","","","","","","","","","","","","","","","","","",""
"33236002","CAP-FERRET",44.630667,-1.252,8,1977081106,"","","","",3.,1,80,1,"","","","","","","","","","","","","","","","","","","","","","","","","","","","",16.6,1,15.5,1,"","","","","","","","","","","","","","","","","","","","","","","","","","",96,1,"","","","","","","","","","","","",18.1,1,1016.6,1,"","","","","","",0,1,"","",0,1,0,1,0,1,"","","","","","","","","","","","","","","","","","","","","","","","",10000,1,"","",2,1,0,1,"","","","","","","","","","",2,1,"","","","","","","","","","","","","","","","","","","","","","","","","","","","","","","","","","","","","","","","","","","","","","","","","","","","","",""
"33236002","CAP-FERRET",44.630667,-1.252,8,1977081109,"","","","",5.,1,80,1,"","","","","","","","","","","","","","","","","","","","","","","","","","","","",21.8,1,16.8,1,"","","","","","","","","","","","","","","","","","","","","","","","","","",75,1,"","","","","","","","","","","","",19.7,1,1016.6,1,"","","","","","",0,1,"","",0,1,0,1,0,1,"","","","","","","","","","","","","","","","","","","","","","","","",10000,1,"","",2,1,0,1,"","","","","","","","","","",2,1,"","","","","","","","","","","","","","","","","","","","","","","","","","","","","","","","","","","","","","","","","","","","","","","","","","","","","",""
"33236002","CAP-FERRET",44.630667,-1.252,8,1977081112,"","","","",5.,1,60,1,"","","","","","","","","","","","","","","","","","","","","","","","","","","","",26.8,1,16.5,1,"","","","","","","","","","","","","","","","","","","","","","","","","","",57,1,"","","","","","","","","","","","",19.4,1,1015.8,1,"","","","","","",0,1,"","",0,1,0,1,0,1,"","","","","","","","","","","","","","","","","","","","","","","","",15000,1,"","",2,1,0,1,"","","","","","","","","","",2,1,"","","","","","","","","","","","","","","","","","","","","","","","","","","","","","","","","","","","","","","","","","","","","","","","","","","","","",""
"33236002","CAP-FERRET",44.630667,-1.252,8,1977081115,"","","","",5.,1,360,1,"","","","","","","","","","","","","","","","","","","","","","","","","","","","",28.2,1,19.2,1,"","","","","","","","","","","","","","","","","","","","","","","","","","",60,1,"","","","","","","","","","","","",23.,1,1015.,1,"","","","","","",3,1,0,1,0,1,3,1,2,1,"","","","","","","","","","","","","","","","","","","","","","","","",18000,1,"","",3,1,0,1,"","","","","","","","","","",2,1,"","","","","","","","","","","","","","","","","","","","","","","","","","","","","","","","","","","","","","","","","","","","","","","","","","","","","",""
"33236002","CAP-FERRET",44.630667,-1.252,8,1977081118,"","","","",5.,1,40,1,"","","","","","","","","","","","","","","","","","","","","","","","","","","","",25.,1,19.,1,"","","","","","","","","","","","","","","","","","","","","","","","","","",72,1,"","","","","","","","","","","","",22.8,1,1014.,1,"","","","","","",1,1,0,1,0,1,0,1,1,1,"","","","","","","","","","","","","","","","","","","","","","","","",16000,1,"","",1,1,0,1,"","","","","","","","","","",2,1,"","","","","","","","","","","","","","","","","","","","","","","","","","","","","","","","","","","","","","","","","","","","","","","","","","","","","",""
"33236002","CAP-FERRET",44.630667,-1.252,8,1977081121,"","","","",4.,1,60,1,"","","","","","","","","","","","","","","","","","","","","","","","","","","","",21.,1,18.3,1,"","","","","","","","","","","","","","","","","","","","","","","","","","",87,1,"","","","","","","","","","","","",21.7,1,1015.6,1,"","","","","","",0,1,"","",0,1,0,1,0,1,"","","","","","","","","","","","","","","","","","","","","","","","",14000,1,"","",2,1,0,1,"","","","","","","","","","",2,1,"","","","","","","","","","","","","","","","","","","","","","","","","","","","","","","","","","","","","","","","","","","","","","","","","","","","","",""
"33236002","CAP-FERRET",44.630667,-1.252,8,1977081200,"","","","","","","","","","","","","","","","","","","","","","","","","","","","","","","","","","","","","","","","","","","","","","","","","","","","","","","","","","","","","","","","","","","","","","","","","","","","","","","","","","",1015.6,1,"","","","","","","","","","","","","","","","","","","","","","","","","","","","","","","","","","","","","","","","","","","","","","","","","","","","","","","","","","","","","","","","","","","","","","","","","","","","","","","","","","","","","","","","","","","","","","","","","","","","","","","","","","","","","","","","","",""
"33236002","CAP-FERRET",44.630667,-1.252,8,1977081203,"","","","",3.,1,60,1,"","","","","","","","","","","","","","","","","","","","","","","","","","","","",16.,1,14.5,1,"","","","","","","","","","","","","","","","","","","","","","","","","","",94,1,"","","","","","","","","","","","",17.,1,1015.6,1,"","","","","","",5,1,5,1,0,1,0,1,2,1,"","","","","","","","","","","","","","","","","","","","","","","","",10000,1,"","",0,1,"","","","","","","","","","","","",2,1,"","","","","","","","","","","","","","","","","","","","","","","","","","","","","","","","","","","","","","","","","","","","","","","","","","","","","",""
"33236002","CAP-FERRET",44.630667,-1.252,8,1977081206,"","","","",2.,1,60,1,"","","","","","","","","","","","","","","","","","","","","","","","","","","","",15.8,1,14.4,1,"","","","","","","","","","","","","","","","","","","","","","","","","","",94,1,"","","","","","","","","","","","",16.8,1,1015.8,1,"","","","","","",5,1,5,1,0,1,0,1,2,1,"","","","","","","","","","","","","","","","","","","","","","","","",12000,1,"","",2,1,2,1,"","","","","","","","","","",2,1,"","","","","","","","","","","","","","","","","","","","","","","","","","","","","","","","","","","","","","","","","","","","","","","","","","","","","",""
"33236002","CAP-FERRET",44.630667,-1.252,8,1977081209,"","","","",4.,1,60,1,"","","","","","","","","","","","","","","","","","","","","","","","","","","","",20.4,1,15.7,1,"","","","","","","","","","","","","","","","","","","","","","","","","","",76,1,"","","","","","","","","","","","",18.3,1,1016.4,1,"","","","","","",5,1,5,1,0,1,0,1,2,1,"","","","","","","","","","","","","","","","","","","","","","","","",12000,1,"","",2,1,2,1,"","","","","","","","","","",2,1,"","","","","","","","","","","","","","","","","","","","","","","","","","","","","","","","","","","","","","","","","","","","","","","","","","","","","",""
"33236002","CAP-FERRET",44.630667,-1.252,8,1977081212,"","","","",7.,1,360,1,"","","","","","","","","","","","","","","","","","","","","","","","","","","","",23.4,1,17.5,1,"","","","","","","","","","","","","","","","","","","","","","","","","","",72,1,"","","","","","","","","","","","",20.7,1,1016.2,1,"","","","","","",2,1,0,1,1,1,0,1,1,1,"","","","","","","","","","","","","","","","","","","","","","","","",15000,1,"","",3,1,0,1,"","","","","","","","","","",2,1,"","","","","","","","","","","","","","","","","","","","","","","","","","","","","","","","","","","","","","","","","","","","","","","","","","","","","",""
"33236002","CAP-FERRET",44.630667,-1.252,8,1977081215,"","","","",7.,1,360,1,"","","","","","","","","","","","","","","","","","","","","","","","","","","","",24.,1,19.2,1,"","","","","","","","","","","","","","","","","","","","","","","","","","",77,1,"","","","","","","","","","","","",23.,1,1015.1,1,"","","","","","",0,1,"","",0,1,0,1,0,1,"","","","","","","","","","","","","","","","","","","","","","","","",15000,1,"","",1,1,0,1,"","","","","","","","","","",3,1,"","","","","","","","","","","","","","","","","","","","","","","","","","","","","","","","","","","","","","","","","","","","","","","","","","","","","",""
"33236002","CAP-FERRET",44.630667,-1.252,8,1977081218,"","","","",7.,1,360,1,"","","","","","","","","","","","","","","","","","","","","","","","","","","","",21.,1,18.1,1,"","","","","","","","","","","","","","","","","","","","","","","","","","",86,1,"","","","","","","","","","","","",21.4,1,1014.9,1,"","","","","","",0,1,"","",0,1,0,1,0,1,"","","","","","","","","","","","","","","","","","","","","","","","",12000,1,"","",2,1,0,1,"","","","","","","","","","",3,1,"","","","","","","","","","","","","","","","","","","","","","","","","","","","","","","","","","","","","","","","","","","","","","","","","","","","","",""
"33236002","CAP-FERRET",44.630667,-1.252,8,1977081221,"","","","",3.,1,20,1,"","","","","","","","","","","","","","","","","","","","","","","","","","","","",18.4,1,16.9,1,"","","","","","","","","","","","","","","","","","","","","","","","","","",94,1,"","","","","","","","","","","","",19.9,1,1016.,1,"","","","","","",0,1,"","",0,1,0,1,0,1,"","","","","","","","","","","","","","","","","","","","","","","","",12000,1,"","",2,1,0,1,"","","","","","","","","","",3,1,"","","","","","","","","","","","","","","","","","","","","","","","","","","","","","","","","","","","","","","","","","","","","","","","","","","","","",""
"33236002","CAP-FERRET",44.630667,-1.252,8,1977081300,"","","","","","","","","","","","","","","","","","","","","","","","","","","","","","","","","","","","","","","","","","","","","","","","","","","","","","","","","","","","","","","","","","","","","","","","","","","","","","","","","","",1014.8,1,"","","","","","","","","","","","","","","","","","","","","","","","","","","","","","","","","","","","","","","","","","","","","","","","","","","","","","","","","","","","","","","","","","","","","","","","","","","","","","","","","","","","","","","","","","","","","","","","","","","","","","","","","","","","","","","","","",""
"33236002","CAP-FERRET",44.630667,-1.252,8,1977081303,"","","","",3.,1,60,1,"","","","","","","","","","","","","","","","","","","","","","","","","","","","",16.,1,14.9,1,"","","","","","","","","","","","","","","","","","","","","","","","","","",96,1,"","","","","","","","","","","","",17.4,1,1014.8,1,"","","","","","",0,1,"","",0,1,0,1,0,1,"","","","","","","","","","","","","","","","","","","","","","","","",12000,1,"","",0,1,"","","","","","","","","","","","",2,1,"","","","","","","","","","","","","","","","","","","","","","","","","","","","","","","","","","","","","","","","","","","","","","","","","","","","","",""
"33236002","CAP-FERRET",44.630667,-1.252,8,1977081306,"","","","",4.,1,60,1,"","","","","","","","","","","","","","","","","","","","","","","","","","","","",16.,1,13.5,1,"","","","","","","","","","","","","","","","","","","","","","","","","","",87,1,"","","","","","","","","","","","",15.9,1,1015.6,1,"","","","","","",0,1,"","",0,1,0,1,0,1,"","","","","","","","","","","","","","","","","","","","","","","","",5000,1,"","",2,1,0,1,"","","","","","","","","","",2,1,"","","","","","","","","","","","","","","","","","","","","","","","","","","","","","","","","","","","","","","","","","","","","","","","","","","","","",""
"33236002","CAP-FERRET",44.630667,-1.252,8,1977081309,"","","","",1.,1,80,1,"","","","","","","","","","","","","","","","","","","","","","","","","","","","",20.6,1,11.7,1,"","","","","","","","","","","","","","","","","","","","","","","","","","",58,1,"","","","","","","","","","","","",14.1,1,1015.6,1,"","","","","","",0,1,"","",0,1,0,1,0,1,"","","","","","","","","","","","","","","","","","","","","","","","",9000,1,"","",2,1,0,1,"","","","","","","","","","",2,1,"","","","","","","","","","","","","","","","","","","","","","","","","","","","","","","","","","","","","","","","","","","","","","","","","","","","","",""
"33236002","CAP-FERRET",44.630667,-1.252,8,1977081312,"","","","",5.,1,60,1,"","","","","","","","","","","","","","","","","","","","","","","","","","","","",26.2,1,16.7,1,"","","","","","","","","","","","","","","","","","","","","","","","","","",58,1,"","","","","","","","","","","","",19.6,1,1015.2,1,"","","","","","",1,1,0,1,0,1,0,1,1,1,"","","","","","","","","","","","","","","","","","","","","","","","",10000,1,"","",2,1,0,1,"","","","","","","","","","",2,1,"","","","","","","","","","","","","","","","","","","","","","","","","","","","","","","","","","","","","","","","","","","","","","","","","","","","","",""
"33236002","CAP-FERRET",44.630667,-1.252,8,1977081315,"","","","",4.,1,360,1,"","","","","","","","","","","","","","","","","","","","","","","","","","","","",25.,1,19.,1,"","","","","","","","","","","","","","","","","","","","","","","","","","",72,1,"","","","","","","","","","","","",22.8,1,1014.6,1,"","","","","","",3,1,0,1,0,1,0,1,2,1,"","","","","","","","","","","","","","","","","","","","","","","","",10000,1,"","",2,1,0,1,"","","","","","","","","","",2,1,"","","","","","","","","","","","","","","","","","","","","","","","","","","","","","","","","","","","","","","","","","","","","","","","","","","","","",""
"33236002","CAP-FERRET",44.630667,-1.252,8,1977081318,"","","","",5.,1,360,1,"","","","","","","","","","","","","","","","","","","","","","","","","","","","",21.8,1,18.8,1,"","","","","","","","","","","","","","","","","","","","","","","","","","",86,1,"","","","","","","","","","","","",22.4,1,1014.,1,"","","","","","",3,1,0,1,0,1,0,1,2,1,"","","","","","","","","","","","","","","","","","","","","","","","",16000,1,"","",2,1,0,1,"","","","","","","","","","",3,1,"","","","","","","","","","","","","","","","","","","","","","","","","","","","","","","","","","","","","","","","","","","","","","","","","","","","","",""
"33236002","CAP-FERRET",44.630667,-1.252,8,1977081321,"","","","",4.,1,360,1,"","","","","","","","","","","","","","","","","","","","","","","","","","","","",20.2,1,18.4,1,"","","","","","","","","","","","","","","","","","","","","","","","","","",92,1,"","","","","","","","","","","","",21.9,1,1015.6,1,"","","","","","",0,1,"","",0,1,0,1,0,1,"","","","","","","","","","","","","","","","","","","","","","","","",12000,1,"","",2,1,0,1,"","","","","","","","","","",2,1,"","","","","","","","","","","","","","","","","","","","","","","","","","","","","","","","","","","","","","","","","","","","","","","","","","","","","",""
"33236002","CAP-FERRET",44.630667,-1.252,8,1977081400,"","","","","","","","","","","","","","","","","","","","","","","","","","","","","","","","","","","","","","","","","","","","","","","","","","","","","","","","","","","","","","","","","","","","","","","","","","","","","","","","","","",1015.4,1,"","","","","","","","","","","","","","","","","","","","","","","","","","","","","","","","","","","","","","","","","","","","","","","","","","","","","","","","","","","","","","","","","","","","","","","","","","","","","","","","","","","","","","","","","","","","","","","","","","","","","","","","","","","","","","","","","",""
"33236002","CAP-FERRET",44.630667,-1.252,8,1977081403,"","","","",2.,1,40,1,"","","","","","","","","","","","","","","","","","","","","","","","","","","","",16.,1,14.5,1,"","","","","","","","","","","","","","","","","","","","","","","","","","",93,1,"","","","","","","","","","","","",17.,1,1015.4,1,"","","","","","",0,1,"","",0,1,0,1,0,1,"","","","","","","","","","","","","","","","","","","","","","","","",12000,1,"","",0,1,"","","","","","","","","","","","",2,1,"","","","","","","","","","","","","","","","","","","","","","","","","","","","","","","","","","","","","","","","","","","","","","","","","","","","","",""
"33236002","CAP-FERRET",44.630667,-1.252,8,1977081406,"","","","",3.,1,100,1,"","","","","","","","","","","","","","","","","","","","","","","","","","","","",16.2,1,15.1,1,"","","","","","","","","","","","","","","","","","","","","","","","","","",96,1,"","","","","","","","","","","","",17.6,1,1016.,1,"","","","","","",0,1,"","",0,1,0,1,0,1,"","","","","","","","","","","","","","","","","","","","","","","","",10000,1,"","",2,1,0,1,"","","","","","","","","","",2,1,"","","","","","","","","","","","","","","","","","","","","","","","","","","","","","","","","","","","","","","","","","","","","","","","","","","","","",""
"33236002","CAP-FERRET",44.630667,-1.252,8,1977081409,"","","","",1.,1,80,1,"","","","","","","","","","","","","","","","","","","","","","","","","","","","",23.2,1,19.2,1,"","","","","","","","","","","","","","","","","","","","","","","","","","",81,1,"","","","","","","","","","","","",23.1,1,1017.,1,"","","","","","",3,1,0,1,0,1,1,1,0,1,"","","","","","","","","","","","","","","","","","","","","","","","",10000,1,"","",3,1,0,1,"","","","","","","","","","",2,1,"","","","","","","","","","","","","","","","","","","","","","","","","","","","","","","","","","","","","","","","","","","","","","","","","","","","","",""
"33236002","CAP-FERRET",44.630667,-1.252,8,1977081412,"","","","",1.,1,300,1,"","","","","","","","","","","","","","","","","","","","","","","","","","","","",25.,1,20.2,1,"","","","","","","","","","","","","","","","","","","","","","","","","","",77,1,"","","","","","","","","","","","",24.5,1,1017.4,1,"","","","","","",0,1,"","",0,1,0,1,0,1,"","","","","","","","","","","","","","","","","","","","","","","","",8000,1,"","",1,1,0,1,"","","","","","","","","","",2,1,"","","","","","","","","","","","","","","","","","","","","","","","","","","","","","","","","","","","","","","","","","","","","","","","","","","","","",""
"33236002","CAP-FERRET",44.630667,-1.252,8,1977081415,"","","","",4.,1,320,1,"","","","","","","","","","","","","","","","","","","","","","","","","","","","",24.8,1,21.2,1,"","","","","","","","","","","","","","","","","","","","","","","","","","",83,1,"","","","","","","","","","","","",26.2,1,1017.8,1,"","","","","","",2,1,0,1,0,1,0,1,2,1,"","","","","","","","","","","","","","","","","","","","","","","","",8000,1,"","",3,1,0,1,"","","","","","","","","","",2,1,"","","","","","","","","","","","","","","","","","","","","","","","","","","","","","","","","","","","","","","","","","","","","","","","","","","","","",""
"33236002","CAP-FERRET",44.630667,-1.252,8,1977081418,"","","","",3.,1,320,1,"","","","","","","","","","","","","","","","","","","","","","","","","","","","",22.2,1,20.4,1,"","","","","","","","","","","","","","","","","","","","","","","","","","",94,1,"","","","","","","","","","","","",24.9,1,1017.6,1,"","","","","","",2,1,0,1,0,1,8,1,0,1,"","","","","","","","","","","","","","","","","","","","","","","","",12000,1,"","",1,1,0,1,"","","","","","","","","","",2,1,"","","","","","","","","","","","","","","","","","","","","","","","","","","","","","","","","","","","","","","","","","","","","","","","","","","","","",""
"33236002","CAP-FERRET",44.630667,-1.252,8,1977081421,"","","","",0.,1,0,1,"","","","","","","","","","","","","","","","","","","","","","","","","","","","",19.8,1,19.,1,"","","","","","","","","","","","","","","","","","","","","","","","","","",98,1,"","","","","","","","","","","","",22.7,1,1018.8,1,"","","","","","",0,1,"","",0,1,0,1,0,1,"","","","","","","","","","","","","","","","","","","","","","","","",9000,1,"","",2,1,0,1,"","","","","","","","","","",2,1,"","","","","","","","","","","","","","","","","","","","","","","","","","","","","","","","","","","","","","","","","","","","","","","","","","","","","",""
"33236002","CAP-FERRET",44.630667,-1.252,8,1977081500,"","","","","","","","","","","","","","","","","","","","","","","","","","","","","","","","","","","","","","","","","","","","","","","","","","","","","","","","","","","","","","","","","","","","","","","","","","","","","","","","","","",1018.,1,"","","","","","","","","","","","","","","","","","","","","","","","","","","","","","","","","","","","","","","","","","","","","","","","","","","","","","","","","","","","","","","","","","","","","","","","","","","","","","","","","","","","","","","","","","","","","","","","","","","","","","","","","","","","","","","","","",""
"33236002","CAP-FERRET",44.630667,-1.252,8,1977081503,"","","","",3.,1,60,1,"","","","","","","","","","","","","","","","","","","","","","","","","","","","",17.,1,17.,1,"","","","","","","","","","","","","","","","","","","","","","","","","","",100,1,"","","","","","","","","","","","",19.6,1,1017.,1,"","","","","","",5,1,5,1,8,1,0,1,0,1,"","","","","","","","","","","","","","","","","","","","","","","","",10000,1,"","",0,1,"","","","","","","","","","","","",2,1,270,1,"","","","","","","","","","","","","","","","","","","","","","","","","","","","","","","","","","","","","","","","","","","","","","","","","","","",""
"33236002","CAP-FERRET",44.630667,-1.252,8,1977081506,"","","","",2.,1,60,1,"","","","","","","","","","","","","","","","","","","","","","","","","","","","",17.7,1,16.4,1,"","","","","","","","","","","","","","","","","","","","","","","","","","",95,1,"","","","","","","","","","","","",19.2,1,1018.8,1,"","","","","","",7,1,7,1,8,1,"","","","","","","","","","","","","","","","","","","","","","","","","","","","",12000,1,"","",3,1,2,1,"","","","","","","","","","",2,1,270,1,"","","","","","","","","","","","","","","","","","","","","","","","","","","","","","","","","","","","","","","","","","","","","","","","","","","",""
"33236002","CAP-FERRET",44.630667,-1.252,8,1977081509,"","","","",5.,1,100,1,"","","","","","","","","","","","","","","","","","","","","","","","","","","","",19.2,1,12.9,1,"","","","","","","","","","","","","","","","","","","","","","","","","","",69,1,"","","","","","","","","","","","",15.2,1,1017.,1,"","","","","","",8,1,8,1,9,1,"","","","","","","","","","","","","","","","","","","","","","","","","","","","",9000,1,"","",29,1,9,1,"","","","","","","","","","",2,1,270,1,"","","","","","","","","","","","","","","","","","","","","","","","","","","","","","","","","","","","","","","","","","","","","","","","","","","",""
"33236002","CAP-FERRET",44.630667,-1.252,8,1977081512,"","","","",2.,1,120,1,"","","","","","","","","","","","","","","","","","","","","","","","","","","","",25.2,1,21.,1,"","","","","","","","","","","","","","","","","","","","","","","","","","",80,1,"","","","","","","","","","","","",25.8,1,1016.6,1,"","","","","","",6,1,6,1,4,1,0,1,0,1,"","","","","","","","","","","","","","","","","","","","","","","","",10000,1,"","",2,1,9,1,"","","","","","","","","","",2,1,270,1,"","","","","","","","","","","","","","","","","","","","","","","","","","","","","","","","","","","","","","","","","","","","","","","","","","","",""
"33236002","CAP-FERRET",44.630667,-1.252,8,1977081515,"","","","",4.,1,60,1,"","","","","","","","","","","","","","","","","","","","","","","","","","","","",25.8,1,22.2,1,"","","","","","","","","","","","","","","","","","","","","","","","","","",84,1,"","","","","","","","","","","","",27.9,1,1015.,1,"","","","","","",8,1,5,1,8,1,7,1,"","","","","","","","","","","","","","","","","","","","","","","","","","",10000,1,"","",2,1,2,1,"","","","","","","","","","",3,1,270,1,"","","","","","","","","","","","","","","","","","","","","","","","","","","","","","","","","","","","","","","","","","","","","","","","","","","",""
"33236002","CAP-FERRET",44.630667,-1.252,8,1977081518,"","","","",6.,1,80,1,"","","","","","","","","","","","","","","","","","","","","","","","","","","","",23.2,1,20.8,1,"","","","","","","","","","","","","","","","","","","","","","","","","","",89,1,"","","","","","","","","","","","",25.5,1,1014.,1,"","","","","","",6,1,6,1,8,1,0,1,0,1,"","","","","","","","","","","","","","","","","","","","","","","","",12000,1,"","",1,1,2,1,"","","","","","","","","","",3,1,270,1,"","","","","","","","","","","","","","","","","","","","","","","","","","","","","","","","","","","","","","","","","","","","","","","","","","","",""
"33236002","CAP-FERRET",44.630667,-1.252,8,1977081521,"","","","",6.,1,100,1,"","","","","","","","","","","","","","","","","","","","","","","","","","","","",21.6,1,20.1,1,"","","","","","","","","","","","","","","","","","","","","","","","","","",95,1,"","","","","","","","","","","","",24.4,1,1014.,1,"","","","","","",7,1,7,1,9,1,"","","","","","","","","","","","","","","","","","","","","","","","","","","","",12000,1,"","",13,1,2,1,"","","","","","","","","","",3,1,270,1,"","","","","","","","","","","","","","","","","","","","","","","","","","","","","","","","","","","","","","","","","","","","","","","","","","","",""
"33236002","CAP-FERRET",44.630667,-1.252,8,1977081600,"","","","","","","","","","","","","","","","","","","","","","","","","","","","","","","","","","","","","","","","","","","","","","","","","","","","","","","","","","","","","","","","","","","","","","","","","","","","","","","","","","",1012.4,1,"","","","","","","","","","","","","","","","","","","","","","","","","","","","","","","","","","","","","","","","","","","","","","","","","","","","","","","","","","","","","","","","","","","","","","","","","","","","","","","","","","","","","","","","","","","","","","","","","","","","","","","","","","","","","","","","","",""
"33236002","CAP-FERRET",44.630667,-1.252,8,1977081603,"","","","",1.,1,340,1,"","","","","","","","","","","","","","","","","","","","","","","","","","","","",19.2,1,19.2,1,"","","","","","","","","","","","","","","","","","","","","","","","","","",100,1,"","","","","","","","","","","","",22.3,1,1012.4,1,"","","","","","",0,1,"","",0,1,0,1,0,1,"","","","","","","","","","","","","","","","","","","","","","","","",10000,1,"","",0,1,"","","","","","","","","","","","",3,1,270,1,"","","","","","","","","","","","","","","","","","","","","","","","","","","","","","","","","","","","","","","","","","","","","","","","","","","",""
"33236002","CAP-FERRET",44.630667,-1.252,8,1977081606,"","","","",2.,1,200,1,"","","","","","","","","","","","","","","","","","","","","","","","","","","","",17.9,1,17.9,1,"","","","","","","","","","","","","","","","","","","","","","","","","","",100,1,"","","","","","","","","","","","",20.5,1,1013.4,1,"","","","","","",5,1,5,1,0,1,8,1,0,1,"","","","","","","","","","","","","","","","","","","","","","","","",6000,1,"","",2,1,"","","","","","","","","","","","",3,1,270,1,"","","","","","","","","","","","","","","","","","","","","","","","","","","","","","","","","","","","","","","","","","","","","","","","","","","",""
"33236002","CAP-FERRET",44.630667,-1.252,8,1977081609,"","","","",3.,1,280,1,"","","","","","","","","","","","","","","","","","","","","","","","","","","","",21.4,1,20.2,1,"","","","","","","","","","","","","","","","","","","","","","","","","","",96,1,"","","","","","","","","","","","",24.6,1,1014.7,1,"","","","","","",8,1,8,1,6,1,7,1,"","","","","","","","","","","","","","","","","","","","","","","","","","",6000,1,"","",2,1,2,1,"","","","","","","","","","",3,1,270,1,"","","","","","","","","","","","","","","","","","","","","","","","","","","","","","","","","","","","","","","","","","","","","","","","","","","",""
"33236002","CAP-FERRET",44.630667,-1.252,8,1977081612,"","","","",3.,1,280,1,"","","","","","","","","","","","","","","","","","","","","","","","","","","","",23.4,1,20.1,1,"","","","","","","","","","","","","","","","","","","","","","","","","","",85,1,"","","","","","","","","","","","",24.4,1,1015.3,1,"","","","","","",7,1,7,1,6,1,"","","","","","","","","","","","","","","","","","","","","","","","","","","","",7000,1,"","",2,1,2,1,"","","","","","","","","","",3,1,270,1,"","","","","","","","","","","","","","","","","","","","","","","","","","","","","","","","","","","","","","","","","","","","","","","","","","","",""
"33236002","CAP-FERRET",44.630667,-1.252,8,1977081615,"","","","",7.,1,300,1,"","","","","","","","","","","","","","","","","","","","","","","","","","","","",22.8,1,20.9,1,"","","","","","","","","","","","","","","","","","","","","","","","","","",90,1,"","","","","","","","","","","","",25.6,1,1015.1,1,"","","","","","",5,1,5,1,2,1,0,1,0,1,"","","","","","","","","","","","","","","","","","","","","","","","",13000,1,"","",2,1,2,1,"","","","","","","","","","",3,1,270,1,"","","","","","","","","","","","","","","","","","","","","","","","","","","","","","","","","","","","","","","","","","","","","","","","","","","",""
"33236002","CAP-FERRET",44.630667,-1.252,8,1977081618,"","","","",4.,1,340,1,"","","","","","","","","","","","","","","","","","","","","","","","","","","","",20.2,1,20.2,1,"","","","","","","","","","","","","","","","","","","","","","","","","","",100,1,"","","","","","","","","","","","",23.7,1,1014.5,1,"","","","","","",8,1,8,1,9,1,7,1,"","","","","","","","","","","","","","","","","","","","","","","","","","",13000,1,"","",2,1,2,1,"","","","","","","","","","",3,1,270,1,"","","","","","","","","","","","","","","","","","","","","","","","","","","","","","","","","","","","","","","","","","","","","","","","","","","",""
"33236002","CAP-FERRET",44.630667,-1.252,8,1977081621,"","","","",4.,1,340,1,"","","","","","","","","","","","","","","","","","","","","","","","","","","","",18.2,1,18.2,1,"","","","","","","","","","","","","","","","","","","","","","","","","","",100,1,"","","","","","","","","","","","",20.9,1,1014.3,1,"","","","","","",8,1,8,1,9,1,"","","","","","","","","","","","","","","","","","","","","","","","","","","","",10000,1,"","",80,1,8,1,"","","","","","","","","","",3,1,270,1,"","","","","","","","","","","","","","","","","","","","","","","","","","","","","","","","","","","","","","","","","","","","","","","","","","","",""
"33236002","CAP-FERRET",44.630667,-1.252,8,1977081700,"","","","","","","","","","","","","","","","","","","","","","","","","","","","","","","","","","","","","","","","","","","","","","","","","","","","","","","","","","","","","","","","","","","","","","","","","","","","","","","","","","",1012.9,1,"","","","","","","","","","","","","","","","","","","","","","","","","","","","","","","","","","","","","","","","","","","","","","","","","","","","","","","","","","","","","","","","","","","","","","","","","","","","","","","","","","","","","","","","","","","","","","","","","","","","","","","","","","","","","","","","","",""
"33236002","CAP-FERRET",44.630667,-1.252,8,1977081703,"","","","",2.,1,300,1,"","","","","","","","","","","","","","","","","","","","","","","","","","","","",15.8,1,15.8,1,"","","","","","","","","","","","","","","","","","","","","","","","","","",100,1,"","","","","","","","","","","","",17.9,1,1012.9,1,"","","","","","",8,1,8,1,9,1,"","","","","","","","","","","","","","","","","","","","","","","","","","","","",10000,1,"","",0,1,"","","","","","","","","","","","",3,1,270,1,"","","","","","","","","","","","","","","","","","","","","","","","","","","","","","","","","","","","","","","","","","","","","","","","","","","",""
"33236002","CAP-FERRET",44.630667,-1.252,8,1977081706,"","","","",1.,1,180,1,"","","","","","","","","","","","","","","","","","","","","","","","","","","","",16.8,1,16.8,1,"","","","","","","","","","","","","","","","","","","","","","","","","","",100,1,"","","","","","","","","","","","",19.1,1,1012.9,1,"","","","","","",7,1,5,1,8,1,7,1,3,1,"","","","","","","","","","","","","","","","","","","","","","","","",9000,1,"","",1,1,8,1,"","","","","","","","","","",3,1,270,1,"","","","","","","","","","","","","","","","","","","","","","","","","","","","","","","","","","","","","","","","","","","","","","","","","","","",""
"33236002","CAP-FERRET",44.630667,-1.252,8,1977081709,"","","","",5.,1,220,1,"","","","","","","","","","","","","","","","","","","","","","","","","","","","",19.,1,13.1,1,"","","","","","","","","","","","","","","","","","","","","","","","","","",70,1,"","","","","","","","","","","","",15.4,1,1012.5,1,"","","","","","",7,1,5,1,9,1,6,1,3,1,"","","","","","","","","","","","","","","","","","","","","","","","",20000,1,"","",1,1,8,1,"","","","","","","","","","",3,1,270,1,"","","","","","","","","","","","","","","","","","","","","","","","","","","","","","","","","","","","","","","","","","","","","","","","","","","",""
"33236002","CAP-FERRET",44.630667,-1.252,8,1977081712,"","","","",7.,1,220,1,"","","","","","","","","","","","","","","","","","","","","","","","","","","","",20.8,1,18.1,1,"","","","","","","","","","","","","","","","","","","","","","","","","","",87,1,"","","","","","","","","","","","",21.4,1,1012.3,1,"","","","","","",7,1,5,1,8,1,6,1,"","","","","","","","","","","","","","","","","","","","","","","","","","",20000,1,"","",2,1,8,1,"","","","","","","","","","",3,1,270,1,"","","","","","","","","","","","","","","","","","","","","","","","","","","","","","","","","","","","","","","","","","","","","","","","","","","",""
"33236002","CAP-FERRET",44.630667,-1.252,8,1977081715,"","","","",1.,1,260,1,"","","","","","","","","","","","","","","","","","","","","","","","","","","","",18.8,1,17.8,1,"","","","","","","","","","","","","","","","","","","","","","","","","","",97,1,"","","","","","","","","","","","",21.,1,1012.,1,"","","","","","",7,1,7,1,9,1,"","","","","","","","","","","","","","","","","","","","","","","","","","","","",16000,1,"","",17,1,2,1,"","","","","","","","","","",3,1,270,1,"","","","","","","","","","","","","","","","","","","","","","","","","","","","","","","","","","","","","","","","","","","","","","","","","","","",""
"33236002","CAP-FERRET",44.630667,-1.252,8,1977081718,"","","","",4.,1,280,1,"","","","","","","","","","","","","","","","","","","","","","","","","","","","",19.,1,16.2,1,"","","","","","","","","","","","","","","","","","","","","","","","","","",86,1,"","","","","","","","","","","","",19.,1,1010.8,1,"","","","","","",3,1,0,1,8,1,0,1,3,1,"","","","","","","","","","","","","","","","","","","","","","","","",22000,1,"","",1,1,9,1,"","","","","","","","","","",3,1,270,1,"","","","","","","","","","","","","","","","","","","","","","","","","","","","","","","","","","","","","","","","","","","","","","","","","","","",""
"33236002","CAP-FERRET",44.630667,-1.252,8,1977081721,"","","","",2.,1,180,1,"","","","","","","","","","","","","","","","","","","","","","","","","","","","",17.6,1,17.6,1,"","","","","","","","","","","","","","","","","","","","","","","","","","",100,1,"","","","","","","","","","","","",20.1,1,1010.9,1,"","","","","","",3,1,0,1,8,1,0,1,0,1,"","","","","","","","","","","","","","","","","","","","","","","","",20000,1,"","",2,1,0,1,"","","","","","","","","","",3,1,270,1,"","","","","","","","","","","","","","","","","","","","","","","","","","","","","","","","","","","","","","","","","","","","","","","","","","","",""
"33236002","CAP-FERRET",44.630667,-1.252,8,1977081800,"","","","","","","","","","","","","","","","","","","","","","","","","","","","","","","","","","","","","","","","","","","","","","","","","","","","","","","","","","","","","","","","","","","","","","","","","","","","","","","","","","",1010.1,1,"","","","","","","","","","","","","","","","","","","","","","","","","","","","","","","","","","","","","","","","","","","","","","","","","","","","","","","","","","","","","","","","","","","","","","","","","","","","","","","","","","","","","","","","","","","","","","","","","","","","","","","","","","","","","","","","","",""
"33236002","CAP-FERRET",44.630667,-1.252,8,1977081803,"","","","",5.,1,160,1,"","","","","","","","","","","","","","","","","","","","","","","","","","","","",16.6,1,15.7,1,"","","","","","","","","","","","","","","","","","","","","","","","","","",97,1,"","","","","","","","","","","","",18.3,1,1008.3,1,"","","","","","",4,1,0,1,5,1,0,1,0,1,"","","","","","","","","","","","","","","","","","","","","","","","",15000,1,"","",0,1,"","","","","","","","","","","","",3,1,270,1,"","","","","","","","","","","","","","","","","","","","","","","","","","","","","","","","","","","","","","","","","","","","","","","","","","","",""
"33236002","CAP-FERRET",44.630667,-1.252,8,1977081806,"","","","",17.,1,240,1,"","","","","","","","","","","","","","","","","","","","","","","","","","","","",17.6,1,17.6,1,"","","","","","","","","","","","","","","","","","","","","","","","","","",100,1,"","","","","","","","","","","","",20.1,1,1004.7,1,"","","","","","",7,1,5,1,2,1,"","","","","","","","","","","","","","","","","","","","","","","","","","","","",8000,1,"","",2,1,8,1,"","","","","","","","","","",4,1,270,1,"","","","","","","","","","","","","","","","","","","","","","","","","","","","","","","","","","","","","","","","","","","","","","","","","","","",""
"33236002","CAP-FERRET",44.630667,-1.252,8,1977081809,"","","","",11.,1,320,1,"","","","","","","","","","","","","","","","","","","","","","","","","","","","",18.8,1,17.2,1,"","","","","","","","","","","","","","","","","","","","","","","","","","",93,1,"","","","","","","","","","","","",20.2,1,1008.1,1,"","","","","","",6,1,6,1,2,1,0,1,0,1,"","","","","","","","","","","","","","","","","","","","","","","","",10000,1,"","",2,1,2,1,"","","","","","","","","","",4,1,270,1,"","","","","","","","","","","","","","","","","","","","","","","","","","","","","","","","","","","","","","","","","","","","","","","","","","","",""
"33236002","CAP-FERRET",44.630667,-1.252,8,1977081812,"","","","",9.,1,300,1,"","","","","","","","","","","","","","","","","","","","","","","","","","","","",19.8,1,18.,1,"","","","","","","","","","","","","","","","","","","","","","","","","","",93,1,"","","","","","","","","","","","",21.3,1,1010.8,1,"","","","","","",6,1,6,1,2,1,0,1,0,1,"","","","","","","","","","","","","","","","","","","","","","","","",25000,1,"","",2,1,2,1,"","","","","","","","","","",4,1,270,1,"","","","","","","","","","","","","","","","","","","","","","","","","","","","","","","","","","","","","","","","","","","","","","","","","","","",""
"33236002","CAP-FERRET",44.630667,-1.252,8,1977081815,"","","","",12.,1,280,1,"","","","","","","","","","","","","","","","","","","","","","","","","","","","",19.5,1,17.5,1,"","","","","","","","","","","","","","","","","","","","","","","","","","",92,1,"","","","","","","","","","","","",20.7,1,1011.2,1,"","","","","","",7,1,7,1,2,1,"","","","","","","","","","","","","","","","","","","","","","","","","","","","",15000,1,"","",2,1,2,1,"","","","","","","","","","",4,1,270,1,"","","","","","","","","","","","","","","","","","","","","","","","","","","","","","","","","","","","","","","","","","","","","","","","","","","",""
"33236002","CAP-FERRET",44.630667,-1.252,8,1977081818,"","","","",12.,1,280,1,"","","","","","","","","","","","","","","","","","","","","","","","","","","","",18.,1,18.,1,"","","","","","","","","","","","","","","","","","","","","","","","","","",100,1,"","","","","","","","","","","","",20.6,1,1010.9,1,"","","","","","",7,1,7,1,9,1,"","","","","","","","","","","","","","","","","","","","","","","","","","","","",15000,1,"","",2,1,9,1,"","","","","","","","","","",4,1,270,1,"","","","","","","","","","","","","","","","","","","","","","","","","","","","","","","","","","","","","","","","","","","","","","","","","","","",""
"33236002","CAP-FERRET",44.630667,-1.252,8,1977081821,"","","","",11.,1,300,1,"","","","","","","","","","","","","","","","","","","","","","","","","","","","",16.2,1,16.2,1,"","","","","","","","","","","","","","","","","","","","","","","","","","",100,1,"","","","","","","","","","","","",18.4,1,1011.8,1,"","","","","","",8,1,8,1,9,1,"","","","","","","","","","","","","","","","","","","","","","","","","","","","",10000,1,"","",2,1,8,1,"","","","","","","","","","",4,1,270,1,"","","","","","","","","","","","","","","","","","","","","","","","","","","","","","","","","","","","","","","","","","","","","","","","","","","",""
"33236002","CAP-FERRET",44.630667,-1.252,8,1977081900,"","","","","","","","","","","","","","","","","","","","","","","","","","","","","","","","","","","","","","","","","","","","","","","","","","","","","","","","","","","","","","","","","","","","","","","","","","","","","","","","","","",1012.6,1,"","","","","","","","","","","","","","","","","","","","","","","","","","","","","","","","","","","","","","","","","","","","","","","","","","","","","","","","","","","","","","","","","","","","","","","","","","","","","","","","","","","","","","","","","","","","","","","","","","","","","","","","","","","","","","","","","",""
"33236002","CAP-FERRET",44.630667,-1.252,8,1977081903,"","","","",10.,1,300,1,"","","","","","","","","","","","","","","","","","","","","","","","","","","","",16.8,1,15.7,1,"","","","","","","","","","","","","","","","","","","","","","","","","","",96,1,"","","","","","","","","","","","",18.3,1,1013.,1,"","","","","","",7,1,0,1,9,1,7,1,"","","","","","","","","","","","","","","","","","","","","","","","","","",13000,1,"","",80,1,"","","","","","","","","","","","",4,1,270,1,"","","","","","","","","","","","","","","","","","","","","","","","","","","","","","","","","","","","","","","","","","","","","","","","","","","",""
"33236002","CAP-FERRET",44.630667,-1.252,8,1977081906,"","","","",8.,1,300,1,"","","","","","","","","","","","","","","","","","","","","","","","","","","","",17.2,1,15.4,1,"","","","","","","","","","","","","","","","","","","","","","","","","","",91,1,"","","","","","","","","","","","",18.,1,1013.6,1,"","","","","","",6,1,0,1,8,1,7,1,0,1,"","","","","","","","","","","","","","","","","","","","","","","","",16000,1,"","",1,1,8,1,"","","","","","","","","","",4,1,270,1,"","","","","","","","","","","","","","","","","","","","","","","","","","","","","","","","","","","","","","","","","","","","","","","","","","","",""
"33236002","CAP-FERRET",44.630667,-1.252,8,1977081909,"","","","",8.,1,280,1,"","","","","","","","","","","","","","","","","","","","","","","","","","","","",18.6,1,16.1,1,"","","","","","","","","","","","","","","","","","","","","","","","","","",88,1,"","","","","","","","","","","","",18.9,1,1012.6,1,"","","","","","",8,1,8,1,8,1,"","","","","","","","","","","","","","","","","","","","","","","","","","","","",16000,1,"","",2,1,2,1,"","","","","","","","","","",4,1,270,1,"","","","","","","","","","","","","","","","","","","","","","","","","","","","","","","","","","","","","","","","","","","","","","","","","","","",""
"33236002","CAP-FERRET",44.630667,-1.252,8,1977081912,"","","","",6.,1,300,1,"","","","","","","","","","","","","","","","","","","","","","","","","","","","",16.,1,14.9,1,"","","","","","","","","","","","","","","","","","","","","","","","","","",96,1,"","","","","","","","","","","","",17.4,1,1010.7,1,"","","","","","",8,1,8,1,7,1,"","","","","","","","","","","","","","","","","","","","","","","","","","","","",10000,1,"","",80,1,2,1,"","","","","","","","","","",4,1,270,1,"","","","","","","","","","","","","","","","","","","","","","","","","","","","","","","","","","","","","","","","","","","","","","","","","","","",""
"33236002","CAP-FERRET",44.630667,-1.252,8,1977081915,"","","","",7.,1,240,1,"","","","","","","","","","","","","","","","","","","","","","","","","","","","",18.6,1,14.8,1,"","","","","","","","","","","","","","","","","","","","","","","","","","",81,1,"","","","","","","","","","","","",17.3,1,1008.9,1,"","","","","","",8,1,0,1,8,1,7,1,"","","","","","","","","","","","","","","","","","","","","","","","","","",20000,1,"","",2,1,8,1,"","","","","","","","","","",4,1,270,1,"","","","","","","","","","","","","","","","","","","","","","","","","","","","","","","","","","","","","","","","","","","","","","","","","","","",""
"33236002","CAP-FERRET",44.630667,-1.252,8,1977081918,"","","","",8.,1,220,1,"","","","","","","","","","","","","","","","","","","","","","","","","","","","",17.4,1,15.7,1,"","","","","","","","","","","","","","","","","","","","","","","","","","",92,1,"","","","","","","","","","","","",18.3,1,1007.1,1,"","","","","","",8,1,6,1,8,1,7,1,"","","","","","","","","","","","","","","","","","","","","","","","","","",15000,1,"","",2,1,8,1,"","","","","","","","","","",3,1,270,1,"","","","","","","","","","","","","","","","","","","","","","","","","","","","","","","","","","","","","","","","","","","","","","","","","","","",""
"33236002","CAP-FERRET",44.630667,-1.252,8,1977081921,"","","","",10.,1,220,1,"","","","","","","","","","","","","","","","","","","","","","","","","","","","",17.6,1,16.5,1,"","","","","","","","","","","","","","","","","","","","","","","","","","",96,1,"","","","","","","","","","","","",19.3,1,1006.1,1,"","","","","","",8,1,5,1,7,1,7,1,"","","","","","","","","","","","","","","","","","","","","","","","","","",12000,1,"","",60,1,2,1,"","","","","","","","","","",4,1,270,1,"","","","","","","","","","","","","","","","","","","","","","","","","","","","","","","","","","","","","","","","","","","","","","","","","","","",""
"33236002","CAP-FERRET",44.630667,-1.252,8,1977082000,"","","","",9.,1,260,1,"","","","","","","","","","","","","","","","","","","","","","","","","","","","","","","","","","","","","","","","","","","","","","","","","","","","","","","","","","","","","","","","","","","","","","","","","","",1003.3,1,"","","","","","","","","","","","","","","","","","","","","","","","","","","","","","","","","","","","","","","","","","","","","","","","","","","","","","","","","","","","","","","","","","","","","","","","","","","","","","","","","","","","","","","","","","","","","","","","","","","","","","","","","","","","","","","","","",""
"33236002","CAP-FERRET",44.630667,-1.252,8,1977082003,"","","","",13.,1,280,1,"","","","","","","","","","","","","","","","","","","","","","","","","","","","",17.2,1,17.2,1,"","","","","","","","","","","","","","","","","","","","","","","","","","",100,1,"","","","","","","","","","","","",19.6,1,1001.8,1,"","","","","","",7,1,5,1,7,1,7,1,"","","","","","","","","","","","","","","","","","","","","","","","","","",9000,1,"","",80,1,"","","","","","","","","","","","",4,1,250,1,"","","","","","","","","","","","","","","","","","","","","","","","","","","","","","","","","","","","","","","","","","","","","","","","","","","",""
"33236002","CAP-FERRET",44.630667,-1.252,8,1977082006,"","","","",10.,1,280,1,"","","","","","","","","","","","","","","","","","","","","","","","","","","","",16.8,1,16.8,1,"","","","","","","","","","","","","","","","","","","","","","","","","","",100,1,"","","","","","","","","","","","",19.1,1,1002.2,1,"","","","","","",8,1,5,1,8,1,7,1,"","","","","","","","","","","","","","","","","","","","","","","","","","",8000,1,"","",81,1,8,1,"","","","","","","","","","",4,1,250,1,"","","","","","","","","","","","","","","","","","","","","","","","","","","","","","","","","","","","","","","","","","","","","","","","","","","",""
"33236002","CAP-FERRET",44.630667,-1.252,8,1977082009,"","","","",8.,1,340,1,"","","","","","","","","","","","","","","","","","","","","","","","","","","","",17.8,1,15.7,1,"","","","","","","","","","","","","","","","","","","","","","","","","","",90,1,"","","","","","","","","","","","",18.3,1,1003.9,1,"","","","","","",6,1,0,1,8,1,7,1,0,1,"","","","","","","","","","","","","","","","","","","","","","","","",20000,1,"","",1,1,8,1,"","","","","","","","","","",4,1,250,1,"","","","","","","","","","","","","","","","","","","","","","","","","","","","","","","","","","","","","","","","","","","","","","","","","","","",""
"33236002","CAP-FERRET",44.630667,-1.252,8,1977082012,"","","","",5.,1,340,1,"","","","","","","","","","","","","","","","","","","","","","","","","","","","",21.2,1,17.5,1,"","","","","","","","","","","","","","","","","","","","","","","","","","",80,1,"","","","","","","","","","","","",20.6,1,1004.6,1,"","","","","","",4,1,0,1,8,1,0,1,0,1,"","","","","","","","","","","","","","","","","","","","","","","","",22000,1,"","",1,1,8,1,"","","","","","","","","","",4,1,250,1,"","","","","","","","","","","","","","","","","","","","","","","","","","","","","","","","","","","","","","","","","","","","","","","","","","","",""
"33236002","CAP-FERRET",44.630667,-1.252,8,1977082015,"","","","",5.,1,300,1,"","","","","","","","","","","","","","","","","","","","","","","","","","","","",20.4,1,17.7,1,"","","","","","","","","","","","","","","","","","","","","","","","","","",87,1,"","","","","","","","","","","","",20.9,1,1005.2,1,"","","","","","",6,1,6,1,8,1,0,1,0,1,"","","","","","","","","","","","","","","","","","","","","","","","",20000,1,"","",2,1,1,1,"","","","","","","","","","",3,1,250,1,"","","","","","","","","","","","","","","","","","","","","","","","","","","","","","","","","","","","","","","","","","","","","","","","","","","",""
"33236002","CAP-FERRET",44.630667,-1.252,8,1977082018,"","","","",8.,1,320,1,"","","","","","","","","","","","","","","","","","","","","","","","","","","","",18.8,1,16.4,1,"","","","","","","","","","","","","","","","","","","","","","","","","","",88,1,"","","","","","","","","","","","",19.2,1,1005.6,1,"","","","","","",7,1,7,1,8,1,"","","","","","","","","","","","","","","","","","","","","","","","","","","","",10000,1,"","",16,1,8,1,"","","","","","","","","","",3,1,250,1,"","","","","","","","","","","","","","","","","","","","","","","","","","","","","","","","","","","","","","","","","","","","","","","","","","","",""
"33236002","CAP-FERRET",44.630667,-1.252,8,1977082021,"","","","",8.,1,320,1,"","","","","","","","","","","","","","","","","","","","","","","","","","","","",17.2,1,16.1,1,"","","","","","","","","","","","","","","","","","","","","","","","","","",96,1,"","","","","","","","","","","","",18.8,1,1006.,1,"","","","","","",6,1,6,1,8,1,0,1,0,1,"","","","","","","","","","","","","","","","","","","","","","","","",18000,1,"","",2,1,2,1,"","","","","","","","","","",3,1,250,1,"","","","","","","","","","","","","","","","","","","","","","","","","","","","","","","","","","","","","","","","","","","","","","","","","","","",""
"33236002","CAP-FERRET",44.630667,-1.252,8,1977082100,"","","","",4.,1,340,1,"","","","","","","","","","","","","","","","","","","","","","","","","","","","","","","","","","","","","","","","","","","","","","","","","","","","","","","","","","","","","","","","","","","","","","","","","","",1005.2,1,"","","","","","","","","","","","","","","","","","","","","","","","","","","","","","","","","","","","","","","","","","","","","","","","","","","","","","","","","","","","","","","","","","","","","","","","","","","","","","","","","","","","","","","","","","","","","","","","","","","","","","","","","","","","","","","","","",""
"33236002","CAP-FERRET",44.630667,-1.252,8,1977082103,"","","","",2.,1,20,1,"","","","","","","","","","","","","","","","","","","","","","","","","","","","",15.2,1,15.2,1,"","","","","","","","","","","","","","","","","","","","","","","","","","",100,1,"","","","","","","","","","","","",17.3,1,1004.8,1,"","","","","","",7,1,5,1,8,1,7,1,"","","","","","","","","","","","","","","","","","","","","","","","","","",15000,1,"","",16,1,"","","","","","","","","","","","",3,1,270,1,"","","","","","","","","","","","","","","","","","","","","","","","","","","","","","","","","","","","","","","","","","","","","","","","","","","",""
"33236002","CAP-FERRET",44.630667,-1.252,8,1977082106,"","","","",4.,1,20,1,"","","","","","","","","","","","","","","","","","","","","","","","","","","","",15.2,1,15.2,1,"","","","","","","","","","","","","","","","","","","","","","","","","","",100,1,"","","","","","","","","","","","",17.3,1,1004.8,1,"","","","","","",7,1,7,1,8,1,7,1,"","","","","","","","","","","","","","","","","","","","","","","","","","",15000,1,"","",16,1,8,1,"","","","","","","","","","",3,1,270,1,"","","","","","","","","","","","","","","","","","","","","","","","","","","","","","","","","","","","","","","","","","","","","","","","","","","",""
"33236002","CAP-FERRET",44.630667,-1.252,8,1977082109,"","","","",8.,1,280,1,"","","","","","","","","","","","","","","","","","","","","","","","","","","","",16.4,1,13.2,1,"","","","","","","","","","","","","","","","","","","","","","","","","","",83,1,"","","","","","","","","","","","",15.5,1,1005.6,1,"","","","","","",7,1,5,1,8,1,7,1,"","","","","","","","","","","","","","","","","","","","","","","","","","",15000,1,"","",2,1,8,1,"","","","","","","","","","",3,1,290,1,"","","","","","","","","","","","","","","","","","","","","","","","","","","","","","","","","","","","","","","","","","","","","","","","","","","",""
"33236002","CAP-FERRET",44.630667,-1.252,8,1977082112,"","","","",7.,1,340,1,"","","","","","","","","","","","","","","","","","","","","","","","","","","","",17.8,1,12.9,1,"","","","","","","","","","","","","","","","","","","","","","","","","","",74,1,"","","","","","","","","","","","",15.2,1,1006.6,1,"","","","","","",7,1,7,1,8,1,"","","","","","","","","","","","","","","","","","","","","","","","","","","","",15000,1,"","",2,1,8,1,"","","","","","","","","","",3,1,290,1,"","","","","","","","","","","","","","","","","","","","","","","","","","","","","","","","","","","","","","","","","","","","","","","","","","","",""
"33236002","CAP-FERRET",44.630667,-1.252,8,1977082115,"","","","",9.,1,300,1,"","","","","","","","","","","","","","","","","","","","","","","","","","","","",18.4,1,13.9,1,"","","","","","","","","","","","","","","","","","","","","","","","","","",77,1,"","","","","","","","","","","","",16.3,1,1006.2,1,"","","","","","",7,1,7,1,9,1,"","","","","","","","","","","","","","","","","","","","","","","","","","","","",15000,1,"","",2,1,8,1,"","","","","","","","","","",3,1,290,1,"","","","","","","","","","","","","","","","","","","","","","","","","","","","","","","","","","","","","","","","","","","","","","","","","","","",""
"33236002","CAP-FERRET",44.630667,-1.252,8,1977082118,"","","","",10.,1,320,1,"","","","","","","","","","","","","","","","","","","","","","","","","","","","",18.2,1,13.6,1,"","","","","","","","","","","","","","","","","","","","","","","","","","",77,1,"","","","","","","","","","","","",16.,1,1006.6,1,"","","","","","",6,1,6,1,9,1,0,1,0,1,"","","","","","","","","","","","","","","","","","","","","","","","",10000,1,"","",15,1,8,1,"","","","","","","","","","",4,1,290,1,"","","","","","","","","","","","","","","","","","","","","","","","","","","","","","","","","","","","","","","","","","","","","","","","","","","",""
"33236002","CAP-FERRET",44.630667,-1.252,8,1977082121,"","","","",12.,1,320,1,"","","","","","","","","","","","","","","","","","","","","","","","","","","","",17.4,1,12.8,1,"","","","","","","","","","","","","","","","","","","","","","","","","","",76,1,"","","","","","","","","","","","",15.1,1,1006.3,1,"","","","","","",4,1,0,1,8,1,0,1,0,1,"","","","","","","","","","","","","","","","","","","","","","","","",18000,1,"","",2,1,8,1,"","","","","","","","","","",4,1,290,1,"","","","","","","","","","","","","","","","","","","","","","","","","","","","","","","","","","","","","","","","","","","","","","","","","","","",""
"33236002","CAP-FERRET",44.630667,-1.252,8,1977082200,"","","","",10.,1,320,1,"","","","","","","","","","","","","","","","","","","","","","","","","","","","","","","","","","","","","","","","","","","","","","","","","","","","","","","","","","","","","","","","","","","","","","","","","","",1005.2,1,"","","","","","","","","","","","","","","","","","","","","","","","","","","","","","","","","","","","","","","","","","","","","","","","","","","","","","","","","","","","","","","","","","","","","","","","","","","","","","","","","","","","","","","","","","","","","","","","","","","","","","","","","","","","","","","","","",""
"33236002","CAP-FERRET",44.630667,-1.252,8,1977082203,"","","","",10.,1,300,1,"","","","","","","","","","","","","","","","","","","","","","","","","","","","",16.4,1,12.1,1,"","","","","","","","","","","","","","","","","","","","","","","","","","",78,1,"","","","","","","","","","","","",14.4,1,1005.2,1,"","","","","","",6,1,0,1,8,1,7,1,3,1,"","","","","","","","","","","","","","","","","","","","","","","","",15000,1,"","",0,1,"","","","","","","","","","","","",4,1,270,1,"","","","","","","","","","","","","","","","","","","","","","","","","","","","","","","","","","","","","","","","","","","","","","","","","","","",""
"33236002","CAP-FERRET",44.630667,-1.252,8,1977082206,"","","","",9.,1,320,1,"","","","","","","","","","","","","","","","","","","","","","","","","","","","",14.8,1,12.7,1,"","","","","","","","","","","","","","","","","","","","","","","","","","",89,1,"","","","","","","","","","","","",15.,1,1005.,1,"","","","","","",7,1,7,1,9,1,"","","","","","","","","","","","","","","","","","","","","","","","","","","","",12000,1,"","",16,1,8,1,"","","","","","","","","","",4,1,270,1,"","","","","","","","","","","","","","","","","","","","","","","","","","","","","","","","","","","","","","","","","","","","","","","","","","","",""
"33236002","CAP-FERRET",44.630667,-1.252,8,1977082209,"","","","",5.,1,320,1,"","","","","","","","","","","","","","","","","","","","","","","","","","","","",15.8,1,14.,1,"","","","","","","","","","","","","","","","","","","","","","","","","","",91,1,"","","","","","","","","","","","",16.4,1,1005.6,1,"","","","","","",7,1,7,1,9,1,"","","","","","","","","","","","","","","","","","","","","","","","","","","","",24000,1,"","",2,1,8,1,"","","","","","","","","","",4,1,270,1,"","","","","","","","","","","","","","","","","","","","","","","","","","","","","","","","","","","","","","","","","","","","","","","","","","","",""
"33236002","CAP-FERRET",44.630667,-1.252,8,1977082212,"","","","",11.,1,300,1,"","","","","","","","","","","","","","","","","","","","","","","","","","","","",18.5,1,12.4,1,"","","","","","","","","","","","","","","","","","","","","","","","","","",69,1,"","","","","","","","","","","","",14.7,1,1005.4,1,"","","","","","",5,1,5,1,9,1,0,1,0,1,"","","","","","","","","","","","","","","","","","","","","","","","",24000,1,"","",1,1,8,1,"","","","","","","","","","",4,1,270,1,"","","","","","","","","","","","","","","","","","","","","","","","","","","","","","","","","","","","","","","","","","","","","","","","","","","",""
"33236002","CAP-FERRET",44.630667,-1.252,8,1977082215,"","","","",12.,1,300,1,"","","","","","","","","","","","","","","","","","","","","","","","","","","","",17.8,1,13.2,1,"","","","","","","","","","","","","","","","","","","","","","","","","","",76,1,"","","","","","","","","","","","",15.6,1,1006.,1,"","","","","","",4,1,0,1,9,1,0,1,0,1,"","","","","","","","","","","","","","","","","","","","","","","","",24000,1,"","",1,1,8,1,"","","","","","","","","","",5,1,270,1,"","","","","","","","","","","","","","","","","","","","","","","","","","","","","","","","","","","","","","","","","","","","","","","","","","","",""
"33236002","CAP-FERRET",44.630667,-1.252,8,1977082218,"","","","",8.,1,320,1,"","","","","","","","","","","","","","","","","","","","","","","","","","","","",15.8,1,13.6,1,"","","","","","","","","","","","","","","","","","","","","","","","","","",89,1,"","","","","","","","","","","","",16.,1,1005.6,1,"","","","","","",5,1,5,1,9,1,0,1,0,1,"","","","","","","","","","","","","","","","","","","","","","","","",18000,1,"","",15,1,8,1,"","","","","","","","","","",5,1,270,1,"","","","","","","","","","","","","","","","","","","","","","","","","","","","","","","","","","","","","","","","","","","","","","","","","","","",""
"33236002","CAP-FERRET",44.630667,-1.252,8,1977082221,"","","","",7.,1,360,1,"","","","","","","","","","","","","","","","","","","","","","","","","","","","",15.5,1,13.6,1,"","","","","","","","","","","","","","","","","","","","","","","","","","",93,1,"","","","","","","","","","","","",16.,1,1008.,1,"","","","","","",7,1,7,1,9,1,"","","","","","","","","","","","","","","","","","","","","","","","","","","","",14000,1,"","",80,1,8,1,"","","","","","","","","","",4,1,270,1,"","","","","","","","","","","","","","","","","","","","","","","","","","","","","","","","","","","","","","","","","","","","","","","","","","","",""
"33236002","CAP-FERRET",44.630667,-1.252,8,1977082300,"","","","",7.,1,340,1,"","","","","","","","","","","","","","","","","","","","","","","","","","","","","","","","","","","","","","","","","","","","","","","","","","","","","","","","","","","","","","","","","","","","","","","","","","",1010.8,1,"","","","","","","","","","","","","","","","","","","","","","","","","","","","","","","","","","","","","","","","","","","","","","","","","","","","","","","","","","","","","","","","","","","","","","","","","","","","","","","","","","","","","","","","","","","","","","","","","","","","","","","","","","","","","","","","","",""
"33236002","CAP-FERRET",44.630667,-1.252,8,1977082303,"","","","",5.,1,340,1,"","","","","","","","","","","","","","","","","","","","","","","","","","","","",14.5,1,14.5,1,"","","","","","","","","","","","","","","","","","","","","","","","","","",100,1,"","","","","","","","","","","","",16.5,1,1011.8,1,"","","","","","",8,1,8,1,7,1,"","","","","","","","","","","","","","","","","","","","","","","","","","","","",4000,1,"","","","","","","","","","","","","","","","",4,1,270,1,"","","","","","","","","","","","","","","","","","","","","","","","","","","","","","","","","","","","","","","","","","","","","","","","","","","",""
"33236002","CAP-FERRET",44.630667,-1.252,8,1977082306,"","","","",5.,1,360,1,"","","","","","","","","","","","","","","","","","","","","","","","","","","","",15.,1,15.,1,"","","","","","","","","","","","","","","","","","","","","","","","","","",100,1,"","","","","","","","","","","","",17.,1,1012.2,1,"","","","","","",5,1,5,1,9,1,0,1,0,1,"","","","","","","","","","","","","","","","","","","","","","","","",13000,1,"","",15,1,8,1,"","","","","","","","","","",4,1,270,1,"","","","","","","","","","","","","","","","","","","","","","","","","","","","","","","","","","","","","","","","","","","","","","","","","","","",""
"33236002","CAP-FERRET",44.630667,-1.252,8,1977082309,"","","","",6.,1,340,1,"","","","","","","","","","","","","","","","","","","","","","","","","","","","",18.,1,14.9,1,"","","","","","","","","","","","","","","","","","","","","","","","","","",84,1,"","","","","","","","","","","","",17.4,1,1014.8,1,"","","","","","",4,1,0,1,8,1,0,1,0,1,"","","","","","","","","","","","","","","","","","","","","","","","",18000,1,"","",1,1,8,1,"","","","","","","","","","",4,1,270,1,"","","","","","","","","","","","","","","","","","","","","","","","","","","","","","","","","","","","","","","","","","","","","","","","","","","",""
"33236002","CAP-FERRET",44.630667,-1.252,8,1977082312,"","","","",6.,1,340,1,"","","","","","","","","","","","","","","","","","","","","","","","","","","","",21.,1,15.2,1,"","","","","","","","","","","","","","","","","","","","","","","","","","",72,1,"","","","","","","","","","","","",17.8,1,1016.7,1,"","","","","","",3,1,0,1,2,1,0,1,0,1,"","","","","","","","","","","","","","","","","","","","","","","","",16000,1,"","",1,1,8,1,"","","","","","","","","","",4,1,270,1,"","","","","","","","","","","","","","","","","","","","","","","","","","","","","","","","","","","","","","","","","","","","","","","","","","","",""
"33236002","CAP-FERRET",44.630667,-1.252,8,1977082315,"","","","",5.,1,340,1,"","","","","","","","","","","","","","","","","","","","","","","","","","","","",20.5,1,15.2,1,"","","","","","","","","","","","","","","","","","","","","","","","","","",74,1,"","","","","","","","","","","","",17.8,1,1018.1,1,"","","","","","",5,1,5,1,8,1,0,1,0,1,"","","","","","","","","","","","","","","","","","","","","","","","",15000,1,"","",2,1,1,1,"","","","","","","","","","",4,1,270,1,"","","","","","","","","","","","","","","","","","","","","","","","","","","","","","","","","","","","","","","","","","","","","","","","","","","",""
"33236002","CAP-FERRET",44.630667,-1.252,8,1977082318,"","","","",5.,1,340,1,"","","","","","","","","","","","","","","","","","","","","","","","","","","","",18.2,1,15.1,1,"","","","","","","","","","","","","","","","","","","","","","","","","","",84,1,"","","","","","","","","","","","",17.6,1,1018.7,1,"","","","","","",3,1,0,1,2,1,0,1,0,1,"","","","","","","","","","","","","","","","","","","","","","","","",14000,1,"","",1,1,1,1,"","","","","","","","","","",4,1,270,1,"","","","","","","","","","","","","","","","","","","","","","","","","","","","","","","","","","","","","","","","","","","","","","","","","","","",""
"33236002","CAP-FERRET",44.630667,-1.252,8,1977082321,"","","","",3.,1,320,1,"","","","","","","","","","","","","","","","","","","","","","","","","","","","",16.5,1,14.9,1,"","","","","","","","","","","","","","","","","","","","","","","","","","",93,1,"","","","","","","","","","","","",17.4,1,1020.,1,"","","","","","",0,1,"","",0,1,0,1,0,1,"","","","","","","","","","","","","","","","","","","","","","","","",12000,1,"","",2,1,0,1,"","","","","","","","","","",3,1,270,1,"","","","","","","","","","","","","","","","","","","","","","","","","","","","","","","","","","","","","","","","","","","","","","","","","","","",""
"33236002","CAP-FERRET",44.630667,-1.252,8,1977082400,"","","","",2.,1,260,1,"","","","","","","","","","","","","","","","","","","","","","","","","","","","","","","","","","","","","","","","","","","","","","","","","","","","","","","","","","","","","","","","","","","","","","","","","","",1018.6,1,"","","","","","","","","","","","","","","","","","","","","","","","","","","","","","","","","","","","","","","","","","","","","","","","","","","","","","","","","","","","","","","","","","","","","","","","","","","","","","","","","","","","","","","","","","","","","","","","","","","","","","","","","","","","","","","","","",""
"33236002","CAP-FERRET",44.630667,-1.252,8,1977082403,"","","","",4.,1,260,1,"","","","","","","","","","","","","","","","","","","","","","","","","","","","",16.4,1,14.3,1,"","","","","","","","","","","","","","","","","","","","","","","","","","",90,1,"","","","","","","","","","","","",16.7,1,1017.6,1,"","","","","","",0,1,"","",0,1,0,1,0,1,"","","","","","","","","","","","","","","","","","","","","","","","",9000,1,"","",0,1,"","","","","","","","","","","","",3,1,270,1,"","","","","","","","","","","","","","","","","","","","","","","","","","","","","","","","","","","","","","","","","","","","","","","","","","","",""
"33236002","CAP-FERRET",44.630667,-1.252,8,1977082406,"","","","",3.,1,240,1,"","","","","","","","","","","","","","","","","","","","","","","","","","","","",15.8,1,14.6,1,"","","","","","","","","","","","","","","","","","","","","","","","","","",96,1,"","","","","","","","","","","","",17.1,1,1017.6,1,"","","","","","",3,1,0,1,2,1,0,1,0,1,"","","","","","","","","","","","","","","","","","","","","","","","",9000,1,"","",3,1,0,1,"","","","","","","","","","",3,1,270,1,"","","","","","","","","","","","","","","","","","","","","","","","","","","","","","","","","","","","","","","","","","","","","","","","","","","",""
"33236002","CAP-FERRET",44.630667,-1.252,8,1977082409,"","","","",5.,1,200,1,"","","","","","","","","","","","","","","","","","","","","","","","","","","","",20.4,1,14.5,1,"","","","","","","","","","","","","","","","","","","","","","","","","","",71,1,"","","","","","","","","","","","",17.,1,1017.6,1,"","","","","","",3,1,0,1,2,1,0,1,0,1,"","","","","","","","","","","","","","","","","","","","","","","","",13000,1,"","",2,1,0,1,"","","","","","","","","","",3,1,270,1,"","","","","","","","","","","","","","","","","","","","","","","","","","","","","","","","","","","","","","","","","","","","","","","","","","","",""
"33236002","CAP-FERRET",44.630667,-1.252,8,1977082412,"","","","",4.,1,240,1,"","","","","","","","","","","","","","","","","","","","","","","","","","","","",22.,1,15.7,1,"","","","","","","","","","","","","","","","","","","","","","","","","","",69,1,"","","","","","","","","","","","",18.3,1,1016.1,1,"","","","","","",2,1,0,1,2,1,0,1,0,1,"","","","","","","","","","","","","","","","","","","","","","","","",15000,1,"","",2,1,0,1,"","","","","","","","","","",3,1,270,1,"","","","","","","","","","","","","","","","","","","","","","","","","","","","","","","","","","","","","","","","","","","","","","","","","","","",""
"33236002","CAP-FERRET",44.630667,-1.252,8,1977082415,"","","","",5.,1,260,1,"","","","","","","","","","","","","","","","","","","","","","","","","","","","",22.3,1,14.8,1,"","","","","","","","","","","","","","","","","","","","","","","","","","",62,1,"","","","","","","","","","","","",17.3,1,1014.1,1,"","","","","","",2,1,0,1,1,1,0,1,1,1,"","","","","","","","","","","","","","","","","","","","","","","","",20000,1,"","",2,1,0,1,"","","","","","","","","","",3,1,270,1,"","","","","","","","","","","","","","","","","","","","","","","","","","","","","","","","","","","","","","","","","","","","","","","","","","","",""
"33236002","CAP-FERRET",44.630667,-1.252,8,1977082418,"","","","",1.,1,260,1,"","","","","","","","","","","","","","","","","","","","","","","","","","","","",21.,1,13.4,1,"","","","","","","","","","","","","","","","","","","","","","","","","","",63,1,"","","","","","","","","","","","",15.8,1,1012.9,1,"","","","","","",3,1,0,1,0,1,0,1,2,1,"","","","","","","","","","","","","","","","","","","","","","","","",22000,1,"","",2,1,0,1,"","","","","","","","","","",3,1,270,1,"","","","","","","","","","","","","","","","","","","","","","","","","","","","","","","","","","","","","","","","","","","","","","","","","","","",""
"33236002","CAP-FERRET",44.630667,-1.252,8,1977082421,"","","","",0.,1,0,1,"","","","","","","","","","","","","","","","","","","","","","","","","","","","",16.4,1,14.3,1,"","","","","","","","","","","","","","","","","","","","","","","","","","",90,1,"","","","","","","","","","","","",16.7,1,1012.9,1,"","","","","","",3,1,0,1,0,1,0,1,2,1,"","","","","","","","","","","","","","","","","","","","","","","","",16000,1,"","",2,1,0,1,"","","","","","","","","","",2,1,270,1,"","","","","","","","","","","","","","","","","","","","","","","","","","","","","","","","","","","","","","","","","","","","","","","","","","","",""
"33236002","CAP-FERRET",44.630667,-1.252,8,1977082500,"","","","",1.,1,180,1,"","","","","","","","","","","","","","","","","","","","","","","","","","","","","","","","","","","","","","","","","","","","","","","","","","","","","","","","","","","","","","","","","","","","","","","","","","",1011.8,1,"","","","","","","","","","","","","","","","","","","","","","","","","","","","","","","","","","","","","","","","","","","","","","","","","","","","","","","","","","","","","","","","","","","","","","","","","","","","","","","","","","","","","","","","","","","","","","","","","","","","","","","","","","","","","","","","","",""
"33236002","CAP-FERRET",44.630667,-1.252,8,1977082503,"","","","",4.,1,320,1,"","","","","","","","","","","","","","","","","","","","","","","","","","","","",17.8,1,16.,1,"","","","","","","","","","","","","","","","","","","","","","","","","","",92,1,"","","","","","","","","","","","",18.7,1,1011.8,1,"","","","","","",6,1,6,1,5,1,0,1,0,1,"","","","","","","","","","","","","","","","","","","","","","","","",13000,1,"","",0,1,"","","","","","","","","","","","",2,1,290,1,"","","","","","","","","","","","","","","","","","","","","","","","","","","","","","","","","","","","","","","","","","","","","","","","","","","",""
"33236002","CAP-FERRET",44.630667,-1.252,8,1977082506,"","","","",5.,1,320,1,"","","","","","","","","","","","","","","","","","","","","","","","","","","","",18.,1,15.6,1,"","","","","","","","","","","","","","","","","","","","","","","","","","",88,1,"","","","","","","","","","","","",18.2,1,1012.1,1,"","","","","","",3,1,0,1,5,1,0,1,0,1,"","","","","","","","","","","","","","","","","","","","","","","","",14000,1,"","",1,1,1,1,"","","","","","","","","","",2,1,290,1,"","","","","","","","","","","","","","","","","","","","","","","","","","","","","","","","","","","","","","","","","","","","","","","","","","","",""
"33236002","CAP-FERRET",44.630667,-1.252,8,1977082509,"","","","",6.,1,280,1,"","","","","","","","","","","","","","","","","","","","","","","","","","","","",19.4,1,16.3,1,"","","","","","","","","","","","","","","","","","","","","","","","","","",85,1,"","","","","","","","","","","","",19.1,1,1013.1,1,"","","","","","",8,1,6,1,8,1,7,1,"","","","","","","","","","","","","","","","","","","","","","","","","","",15000,1,"","",3,1,1,1,"","","","","","","","","","",2,1,290,1,"","","","","","","","","","","","","","","","","","","","","","","","","","","","","","","","","","","","","","","","","","","","","","","","","","","",""
"33236002","CAP-FERRET",44.630667,-1.252,8,1977082512,"","","","",7.,1,280,1,"","","","","","","","","","","","","","","","","","","","","","","","","","","","",19.8,1,16.,1,"","","","","","","","","","","","","","","","","","","","","","","","","","",81,1,"","","","","","","","","","","","",18.7,1,1013.1,1,"","","","","","",8,1,8,1,8,1,"","","","","","","","","","","","","","","","","","","","","","","","","","","","",15000,1,"","",2,1,2,1,"","","","","","","","","","",3,1,290,1,"","","","","","","","","","","","","","","","","","","","","","","","","","","","","","","","","","","","","","","","","","","","","","","","","","","",""
"33236002","CAP-FERRET",44.630667,-1.252,8,1977082515,"","","","",5.,1,280,1,"","","","","","","","","","","","","","","","","","","","","","","","","","","","",19.5,1,15.6,1,"","","","","","","","","","","","","","","","","","","","","","","","","","",80,1,"","","","","","","","","","","","",18.2,1,1012.7,1,"","","","","","",8,1,8,1,8,1,"","","","","","","","","","","","","","","","","","","","","","","","","","","","",15000,1,"","",2,1,2,1,"","","","","","","","","","",4,1,290,1,"","","","","","","","","","","","","","","","","","","","","","","","","","","","","","","","","","","","","","","","","","","","","","","","","","","",""
"33236002","CAP-FERRET",44.630667,-1.252,8,1977082518,"","","","",5.,1,280,1,"","","","","","","","","","","","","","","","","","","","","","","","","","","","",19.,1,15.2,1,"","","","","","","","","","","","","","","","","","","","","","","","","","",81,1,"","","","","","","","","","","","",17.8,1,1012.9,1,"","","","","","",8,1,8,1,8,1,"","","","","","","","","","","","","","","","","","","","","","","","","","","","",15000,1,"","",2,1,2,1,"","","","","","","","","","",5,1,290,1,"","","","","","","","","","","","","","","","","","","","","","","","","","","","","","","","","","","","","","","","","","","","","","","","","","","",""
"33236002","CAP-FERRET",44.630667,-1.252,8,1977082521,"","","","",6.,1,260,1,"","","","","","","","","","","","","","","","","","","","","","","","","","","","",18.,1,15.2,1,"","","","","","","","","","","","","","","","","","","","","","","","","","",86,1,"","","","","","","","","","","","",17.8,1,1014.1,1,"","","","","","",3,1,0,1,8,1,0,1,0,1,"","","","","","","","","","","","","","","","","","","","","","","","",15000,1,"","",1,1,1,1,"","","","","","","","","","",5,1,290,1,"","","","","","","","","","","","","","","","","","","","","","","","","","","","","","","","","","","","","","","","","","","","","","","","","","","",""
"33236002","CAP-FERRET",44.630667,-1.252,8,1977082600,"","","","","","","","","","","","","","","","","","","","","","","","","","","","","","","","","","","","","","","","","","","","","","","","","","","","","","","","","","","","","","","","","","","","","","","","","","","","","","","","","","",1012.7,1,"","","","","","","","","","","","","","","","","","","","","","","","","","","","","","","","","","","","","","","","","","","","","","","","","","","","","","","","","","","","","","","","","","","","","","","","","","","","","","","","","","","","","","","","","","","","","","","","","","","","","","","","","","","","","","","","","",""
"33236002","CAP-FERRET",44.630667,-1.252,8,1977082603,"","","","",7.,1,260,1,"","","","","","","","","","","","","","","","","","","","","","","","","","","","",17.2,1,15.1,1,"","","","","","","","","","","","","","","","","","","","","","","","","","",90,1,"","","","","","","","","","","","",17.6,1,1011.7,1,"","","","","","",7,1,7,1,8,1,"","","","","","","","","","","","","","","","","","","","","","","","","","","","",15000,1,"","",0,1,"","","","","","","","","","","","",5,1,270,1,"","","","","","","","","","","","","","","","","","","","","","","","","","","","","","","","","","","","","","","","","","","","","","","","","","","",""
"33236002","CAP-FERRET",44.630667,-1.252,8,1977082606,"","","","",6.,1,60,1,"","","","","","","","","","","","","","","","","","","","","","","","","","","","",17.8,1,12.2,1,"","","","","","","","","","","","","","","","","","","","","","","","","","",71,1,"","","","","","","","","","","","",14.5,1,1011.7,1,"","","","","","",8,1,8,1,8,1,"","","","","","","","","","","","","","","","","","","","","","","","","","","","",15000,1,"","",16,1,8,1,"","","","","","","","","","",5,1,270,1,"","","","","","","","","","","","","","","","","","","","","","","","","","","","","","","","","","","","","","","","","","","","","","","","","","","",""
"33236002","CAP-FERRET",44.630667,-1.252,8,1977082609,"","","","",4.,1,280,1,"","","","","","","","","","","","","","","","","","","","","","","","","","","","","","",13.8,1,"","","","","","","","","","","","","","","","","","","","","","","","","","",86,1,"","","","","","","","","","","","",16.2,1,1012.1,1,"","","","","","",8,1,8,1,8,1,"","","","","","","","","","","","","","","","","","","","","","","","","","","","",16000,1,"","",16,1,8,1,"","","","","","","","","","",5,1,270,1,"","","","","","","","","","","","","","","","","","","","","","","","","","","","","","","","","","","","","","","","","","","","","","","","","","","",""
"33236002","CAP-FERRET",44.630667,-1.252,8,1977082612,"","","","",7.,1,240,1,"","","","","","","","","","","","","","","","","","","","","","","","","","","","",21.,1,13.3,1,"","","","","","","","","","","","","","","","","","","","","","","","","","",63,1,"","","","","","","","","","","","",15.7,1,1011.9,1,"","","","","","",3,1,0,1,8,1,0,1,1,1,"","","","","","","","","","","","","","","","","","","","","","","","",22000,1,"","",1,1,8,1,"","","","","","","","","","",5,1,270,1,"","","","","","","","","","","","","","","","","","","","","","","","","","","","","","","","","","","","","","","","","","","","","","","","","","","",""
"33236002","CAP-FERRET",44.630667,-1.252,8,1977082615,"","","","",5.,1,240,1,"","","","","","","","","","","","","","","","","","","","","","","","","","","","",20.,1,12.3,1,"","","","","","","","","","","","","","","","","","","","","","","","","","",62,1,"","","","","","","","","","","","",14.6,1,1010.9,1,"","","","","","",4,1,0,1,0,1,0,1,5,1,"","","","","","","","","","","","","","","","","","","","","","","","",22000,1,"","",3,1,1,1,"","","","","","","","","","",5,1,270,1,"","","","","","","","","","","","","","","","","","","","","","","","","","","","","","","","","","","","","","","","","","","","","","","","","","","",""
"33236002","CAP-FERRET",44.630667,-1.252,8,1977082618,"","","","",5.,1,220,1,"","","","","","","","","","","","","","","","","","","","","","","","","","","","",19.4,1,14.5,1,"","","","","","","","","","","","","","","","","","","","","","","","","","",76,1,"","","","","","","","","","","","",17.,1,1010.7,1,"","","","","","",4,1,0,1,5,1,0,1,0,1,"","","","","","","","","","","","","","","","","","","","","","","","",24000,1,"","",2,1,1,1,"","","","","","","","","","",5,1,270,1,"","","","","","","","","","","","","","","","","","","","","","","","","","","","","","","","","","","","","","","","","","","","","","","","","","","",""
"33236002","CAP-FERRET",44.630667,-1.252,8,1977082621,"","","","",11.,1,280,1,"","","","","","","","","","","","","","","","","","","","","","","","","","","","",19.,1,14.5,1,"","","","","","","","","","","","","","","","","","","","","","","","","","",77,1,"","","","","","","","","","","","",17.,1,1011.7,1,"","","","","","",6,1,6,1,5,1,0,1,0,1,"","","","","","","","","","","","","","","","","","","","","","","","",16000,1,"","",2,1,1,1,"","","","","","","","","","",5,1,270,1,"","","","","","","","","","","","","","","","","","","","","","","","","","","","","","","","","","","","","","","","","","","","","","","","","","","",""
"33236002","CAP-FERRET",44.630667,-1.252,8,1977082700,"","","","",7.,1,260,1,"","","","","","","","","","","","","","","","","","","","","","","","","","","","","","","","","","","","","","","","","","","","","","","","","","","","","","","","","","","","","","","","","","","","","","","","","","",1012.,1,"","","","","","","","","","","","","","","","","","","","","","","","","","","","","","","","","","","","","","","","","","","","","","","","","","","","","","","","","","","","","","","","","","","","","","","","","","","","","","","","","","","","","","","","","","","","","","","","","","","","","","","","","","","","","","","","","",""
"33236002","CAP-FERRET",44.630667,-1.252,8,1977082703,"","","","",6.,1,300,1,"","","","","","","","","","","","","","","","","","","","","","","","","","","","",16.6,1,13.1,1,"","","","","","","","","","","","","","","","","","","","","","","","","","",81,1,"","","","","","","","","","","","",15.4,1,1013.,1,"","","","","","",6,1,6,1,5,1,0,1,0,1,"","","","","","","","","","","","","","","","","","","","","","","","",16000,1,"","",0,1,"","","","","","","","","","","","",4,1,270,1,"","","","","","","","","","","","","","","","","","","","","","","","","","","","","","","","","","","","","","","","","","","","","","","","","","","",""
"33236002","CAP-FERRET",44.630667,-1.252,8,1977082706,"","","","",6.,1,300,1,"","","","","","","","","","","","","","","","","","","","","","","","","","","","",17.,1,13.8,1,"","","","","","","","","","","","","","","","","","","","","","","","","","",83,1,"","","","","","","","","","","","",16.2,1,1013.3,1,"","","","","","",5,1,5,1,8,1,0,1,0,1,"","","","","","","","","","","","","","","","","","","","","","","","",15000,1,"","",16,1,2,1,"","","","","","","","","","",4,1,270,1,"","","","","","","","","","","","","","","","","","","","","","","","","","","","","","","","","","","","","","","","","","","","","","","","","","","",""
"33236002","CAP-FERRET",44.630667,-1.252,8,1977082709,"","","","",5.,1,300,1,"","","","","","","","","","","","","","","","","","","","","","","","","","","","",19.,1,13.4,1,"","","","","","","","","","","","","","","","","","","","","","","","","","",72,1,"","","","","","","","","","","","",15.8,1,1014.9,1,"","","","","","",3,1,0,1,8,1,0,1,0,1,"","","","","","","","","","","","","","","","","","","","","","","","",20000,1,"","",1,1,1,1,"","","","","","","","","","",4,1,270,1,"","","","","","","","","","","","","","","","","","","","","","","","","","","","","","","","","","","","","","","","","","","","","","","","","","","",""
"33236002","CAP-FERRET",44.630667,-1.252,8,1977082712,"","","","",6.,1,300,1,"","","","","","","","","","","","","","","","","","","","","","","","","","","","",21.4,1,13.9,1,"","","","","","","","","","","","","","","","","","","","","","","","","","",64,1,"","","","","","","","","","","","",16.3,1,1015.7,1,"","","","","","",4,1,0,1,8,1,0,1,0,1,"","","","","","","","","","","","","","","","","","","","","","","","",22000,1,"","",2,1,0,1,"","","","","","","","","","",4,1,270,1,"","","","","","","","","","","","","","","","","","","","","","","","","","","","","","","","","","","","","","","","","","","","","","","","","","","",""
"33236002","CAP-FERRET",44.630667,-1.252,8,1977082715,"","","","",5.,1,320,1,"","","","","","","","","","","","","","","","","","","","","","","","","","","","",21.4,1,13.9,1,"","","","","","","","","","","","","","","","","","","","","","","","","","",64,1,"","","","","","","","","","","","",16.3,1,1016.1,1,"","","","","","",3,1,0,1,2,1,0,1,0,1,"","","","","","","","","","","","","","","","","","","","","","","","",22000,1,"","",2,1,0,1,"","","","","","","","","","",4,1,270,1,"","","","","","","","","","","","","","","","","","","","","","","","","","","","","","","","","","","","","","","","","","","","","","","","","","","",""
"33236002","CAP-FERRET",44.630667,-1.252,8,1977082718,"","","","",5.,1,320,1,"","","","","","","","","","","","","","","","","","","","","","","","","","","","",18.6,1,12.3,1,"","","","","","","","","","","","","","","","","","","","","","","","","","",68,1,"","","","","","","","","","","","",14.6,1,1016.5,1,"","","","","","",3,1,0,1,2,1,0,1,0,1,"","","","","","","","","","","","","","","","","","","","","","","","",24000,1,"","",2,1,0,1,"","","","","","","","","","",4,1,270,1,"","","","","","","","","","","","","","","","","","","","","","","","","","","","","","","","","","","","","","","","","","","","","","","","","","","",""
"33236002","CAP-FERRET",44.630667,-1.252,8,1977082721,"","","","",7.,1,340,1,"","","","","","","","","","","","","","","","","","","","","","","","","","","","",16.6,1,14.8,1,"","","","","","","","","","","","","","","","","","","","","","","","","","",91,1,"","","","","","","","","","","","",17.3,1,1018.1,1,"","","","","","",3,1,0,1,2,1,0,1,0,1,"","","","","","","","","","","","","","","","","","","","","","","","",22000,1,"","",2,1,0,1,"","","","","","","","","","",4,1,270,1,"","","","","","","","","","","","","","","","","","","","","","","","","","","","","","","","","","","","","","","","","","","","","","","","","","","",""
"33236002","CAP-FERRET",44.630667,-1.252,8,1977082800,"","","","",4.,1,340,1,"","","","","","","","","","","","","","","","","","","","","","","","","","","","","","","","","","","","","","","","","","","","","","","","","","","","","","","","","","","","","","","","","","","","","","","","","","",1017.2,1,"","","","","","","","","","","","","","","","","","","","","","","","","","","","","","","","","","","","","","","","","","","","","","","","","","","","","","","","","","","","","","","","","","","","","","","","","","","","","","","","","","","","","","","","","","","","","","","","","","","","","","","","","","","","","","","","","",""
"33236002","CAP-FERRET",44.630667,-1.252,8,1977082803,"","","","",4.,1,300,1,"","","","","","","","","","","","","","","","","","","","","","","","","","","","",16.2,1,14.1,1,"","","","","","","","","","","","","","","","","","","","","","","","","","",90,1,"","","","","","","","","","","","",16.5,1,1018.7,1,"","","","","","",6,1,6,1,8,1,0,1,0,1,"","","","","","","","","","","","","","","","","","","","","","","","",14000,1,"","",0,1,"","","","","","","","","","","","",4,1,270,1,"","","","","","","","","","","","","","","","","","","","","","","","","","","","","","","","","","","","","","","","","","","","","","","","","","","",""
"33236002","CAP-FERRET",44.630667,-1.252,8,1977082806,"","","","",2.,1,360,1,"","","","","","","","","","","","","","","","","","","","","","","","","","","","",15.6,1,14.2,1,"","","","","","","","","","","","","","","","","","","","","","","","","","",94,1,"","","","","","","","","","","","",16.6,1,1019.1,1,"","","","","","",6,1,0,1,8,1,0,1,3,1,"","","","","","","","","","","","","","","","","","","","","","","","",14000,1,"","",2,1,0,1,"","","","","","","","","","",3,1,270,1,"","","","","","","","","","","","","","","","","","","","","","","","","","","","","","","","","","","","","","","","","","","","","","","","","","","",""
"33236002","CAP-FERRET",44.630667,-1.252,8,1977082809,"","","","",3.,1,60,1,"","","","","","","","","","","","","","","","","","","","","","","","","","","","",17.,1,14.9,1,"","","","","","","","","","","","","","","","","","","","","","","","","","",90,1,"","","","","","","","","","","","",17.4,1,1020.9,1,"","","","","","",6,1,6,1,8,1,0,1,0,1,"","","","","","","","","","","","","","","","","","","","","","","","",14000,1,"","",3,1,2,1,"","","","","","","","","","",3,1,270,1,"","","","","","","","","","","","","","","","","","","","","","","","","","","","","","","","","","","","","","","","","","","","","","","","","","","",""
"33236002","CAP-FERRET",44.630667,-1.252,8,1977082812,"","","","",8.,1,360,1,"","","","","","","","","","","","","","","","","","","","","","","","","","","","",20.5,1,15.9,1,"","","","","","","","","","","","","","","","","","","","","","","","","","",77,1,"","","","","","","","","","","","",18.6,1,1021.1,1,"","","","","","",3,1,0,1,8,1,0,1,0,1,"","","","","","","","","","","","","","","","","","","","","","","","",18000,1,"","",1,1,2,1,"","","","","","","","","","",3,1,"","","","","","","","","","","","","","","","","","","","","","","","","","","","","","","","","","","","","","","","","","","","","","","","","","","","","",""
"33236002","CAP-FERRET",44.630667,-1.252,8,1977082815,"","","","",9.,1,360,1,"","","","","","","","","","","","","","","","","","","","","","","","","","","","",20.,1,14.9,1,"","","","","","","","","","","","","","","","","","","","","","","","","","",77,1,"","","","","","","","","","","","",17.4,1,1020.5,1,"","","","","","",2,1,0,1,8,1,0,1,0,1,"","","","","","","","","","","","","","","","","","","","","","","","",20000,1,"","",1,1,1,1,"","","","","","","","","","",4,1,270,1,"","","","","","","","","","","","","","","","","","","","","","","","","","","","","","","","","","","","","","","","","","","","","","","","","","","",""
"33236002","CAP-FERRET",44.630667,-1.252,8,1977082818,"","","","",7.,1,360,1,"","","","","","","","","","","","","","","","","","","","","","","","","","","","",18.4,1,16.6,1,"","","","","","","","","","","","","","","","","","","","","","","","","","",92,1,"","","","","","","","","","","","",19.5,1,1021.1,1,"","","","","","",7,1,0,1,8,1,7,1,"","","","","","","","","","","","","","","","","","","","","","","","","","",16000,1,"","",3,1,1,1,"","","","","","","","","","",4,1,270,1,"","","","","","","","","","","","","","","","","","","","","","","","","","","","","","","","","","","","","","","","","","","","","","","","","","","",""
"33236002","CAP-FERRET",44.630667,-1.252,8,1977082821,"","","","",4.,1,360,1,"","","","","","","","","","","","","","","","","","","","","","","","","","","","",14.6,1,14.6,1,"","","","","","","","","","","","","","","","","","","","","","","","","","",100,1,"","","","","","","","","","","","",16.6,1,1021.1,1,"","","","","","",4,1,0,1,9,1,0,1,0,1,"","","","","","","","","","","","","","","","","","","","","","","","",18000,1,"","",29,1,9,1,"","","","","","","","","","",4,1,270,1,"","","","","","","","","","","","","","","","","","","","","","","","","","","","","","","","","","","","","","","","","","","","","","","","","","","",""
"33236002","CAP-FERRET",44.630667,-1.252,8,1977082900,"","","","",5.,1,20,1,"","","","","","","","","","","","","","","","","","","","","","","","","","","","","","","","","","","","","","","","","","","","","","","","","","","","","","","","","","","","","","","","","","","","","","","","","","",1020.5,1,"","","","","","","","","","","","","","","","","","","","","","","","","","","","","","","","","","","","","","","","","","","","","","","","","","","","","","","","","","","","","","","","","","","","","","","","","","","","","","","","","","","","","","","","","","","","","","","","","","","","","","","","","","","","","","","","","",""
"33236002","CAP-FERRET",44.630667,-1.252,8,1977082903,"","","","",3.,1,40,1,"","","","","","","","","","","","","","","","","","","","","","","","","","","","",13.6,1,13.6,1,"","","","","","","","","","","","","","","","","","","","","","","","","","",100,1,"","","","","","","","","","","","",15.6,1,1020.5,1,"","","","","","",0,1,"","",0,1,0,1,0,1,"","","","","","","","","","","","","","","","","","","","","","","","",14000,1,"","",0,1,"","","","","","","","","","","","",3,1,270,1,"","","","","","","","","","","","","","","","","","","","","","","","","","","","","","","","","","","","","","","","","","","","","","","","","","","",""
"33236002","CAP-FERRET",44.630667,-1.252,8,1977082906,"","","","",3.,1,20,1,"","","","","","","","","","","","","","","","","","","","","","","","","","","","",13.5,1,12.3,1,"","","","","","","","","","","","","","","","","","","","","","","","","","",94,1,"","","","","","","","","","","","",14.6,1,1020.1,1,"","","","","","",0,1,"","",0,1,0,1,0,1,"","","","","","","","","","","","","","","","","","","","","","","","",16000,1,"","",2,1,0,1,"","","","","","","","","","",3,1,270,1,"","","","","","","","","","","","","","","","","","","","","","","","","","","","","","","","","","","","","","","","","","","","","","","","","","","",""
"33236002","CAP-FERRET",44.630667,-1.252,8,1977082909,"","","","",6.,1,360,1,"","","","","","","","","","","","","","","","","","","","","","","","","","","","",18.6,1,15.1,1,"","","","","","","","","","","","","","","","","","","","","","","","","","",83,1,"","","","","","","","","","","","",17.7,1,1020.7,1,"","","","","","",6,1,6,1,5,1,0,1,0,1,"","","","","","","","","","","","","","","","","","","","","","","","",14000,1,"","",3,1,1,1,"","","","","","","","","","",3,1,270,1,"","","","","","","","","","","","","","","","","","","","","","","","","","","","","","","","","","","","","","","","","","","","","","","","","","","",""
"33236002","CAP-FERRET",44.630667,-1.252,8,1977082912,"","","","",7.,1,340,1,"","","","","","","","","","","","","","","","","","","","","","","","","","","","",19.2,1,14.7,1,"","","","","","","","","","","","","","","","","","","","","","","","","","",77,1,"","","","","","","","","","","","",17.2,1,1020.7,1,"","","","","","",7,1,7,1,8,1,"","","","","","","","","","","","","","","","","","","","","","","","","","","","",16000,1,"","",2,1,2,1,"","","","","","","","","","",3,1,270,1,"","","","","","","","","","","","","","","","","","","","","","","","","","","","","","","","","","","","","","","","","","","","","","","","","","","",""
"33236002","CAP-FERRET",44.630667,-1.252,8,1977082915,"","","","",7.,1,340,1,"","","","","","","","","","","","","","","","","","","","","","","","","","","","",19.2,1,14.7,1,"","","","","","","","","","","","","","","","","","","","","","","","","","",77,1,"","","","","","","","","","","","",17.2,1,1019.7,1,"","","","","","",7,1,7,1,8,1,"","","","","","","","","","","","","","","","","","","","","","","","","","","","",15000,1,"","",2,1,2,1,"","","","","","","","","","",3,1,270,1,"","","","","","","","","","","","","","","","","","","","","","","","","","","","","","","","","","","","","","","","","","","","","","","","","","","",""
"33236002","CAP-FERRET",44.630667,-1.252,8,1977082918,"","","","",8.,1,320,1,"","","","","","","","","","","","","","","","","","","","","","","","","","","","",17.6,1,14.8,1,"","","","","","","","","","","","","","","","","","","","","","","","","","",86,1,"","","","","","","","","","","","",17.3,1,1018.9,1,"","","","","","",6,1,6,1,8,1,0,1,0,1,"","","","","","","","","","","","","","","","","","","","","","","","",15000,1,"","",2,1,2,1,"","","","","","","","","","",3,1,270,1,"","","","","","","","","","","","","","","","","","","","","","","","","","","","","","","","","","","","","","","","","","","","","","","","","","","",""
"33236002","CAP-FERRET",44.630667,-1.252,8,1977082921,"","","","",4.,1,340,1,"","","","","","","","","","","","","","","","","","","","","","","","","","","","",15.6,1,14.2,1,"","","","","","","","","","","","","","","","","","","","","","","","","","",94,1,"","","","","","","","","","","","",16.6,1,1019.5,1,"","","","","","",6,1,6,1,2,1,0,1,0,1,"","","","","","","","","","","","","","","","","","","","","","","","",14000,1,"","",2,1,2,1,"","","","","","","","","","",3,1,270,1,"","","","","","","","","","","","","","","","","","","","","","","","","","","","","","","","","","","","","","","","","","","","","","","","","","","",""
"33236002","CAP-FERRET",44.630667,-1.252,8,1977083000,"","","","",2.,1,320,1,"","","","","","","","","","","","","","","","","","","","","","","","","","","","","","","","","","","","","","","","","","","","","","","","","","","","","","","","","","","","","","","","","","","","","","","","","","",1017.3,1,"","","","","","","","","","","","","","","","","","","","","","","","","","","","","","","","","","","","","","","","","","","","","","","","","","","","","","","","","","","","","","","","","","","","","","","","","","","","","","","","","","","","","","","","","","","","","","","","","","","","","","","","","","","","","","","","","",""
"33236002","CAP-FERRET",44.630667,-1.252,8,1977083003,"","","","",1.,1,320,1,"","","","","","","","","","","","","","","","","","","","","","","","","","","","",11.2,1,10.4,1,"","","","","","","","","","","","","","","","","","","","","","","","","","",97,1,"","","","","","","","","","","","",12.9,1,1017.3,1,"","","","","","",0,1,"","",0,1,0,1,0,1,"","","","","","","","","","","","","","","","","","","","","","","","",10000,1,"","",0,1,"","","","","","","","","","","","",2,1,"","","","","","","","","","","","","","","","","","","","","","","","","","","","","","","","","","","","","","","","","","","","","","","","","","","","","",""
"33236002","CAP-FERRET",44.630667,-1.252,8,1977083006,"","","","",3.,1,300,1,"","","","","","","","","","","","","","","","","","","","","","","","","","","","",10.8,1,10.8,1,"","","","","","","","","","","","","","","","","","","","","","","","","","",100,1,"","","","","","","","","","","","",12.9,1,1017.9,1,"","","","","","",3,1,0,1,1,1,0,1,0,1,"","","","","","","","","","","","","","","","","","","","","","","","",12000,1,"","",3,1,0,1,"","","","","","","","","","",2,1,"","","","","","","","","","","","","","","","","","","","","","","","","","","","","","","","","","","","","","","","","","","","","","","","","","","","","",""
"33236002","CAP-FERRET",44.630667,-1.252,8,1977083009,"","","","",2.,1,260,1,"","","","","","","","","","","","","","","","","","","","","","","","","","","","",19.6,1,12.6,1,"","","","","","","","","","","","","","","","","","","","","","","","","","",66,1,"","","","","","","","","","","","",14.9,1,1017.7,1,"","","","","","",3,1,0,1,1,1,0,1,0,1,"","","","","","","","","","","","","","","","","","","","","","","","",20000,1,"","",2,1,0,1,"","","","","","","","","","",2,1,"","","","","","","","","","","","","","","","","","","","","","","","","","","","","","","","","","","","","","","","","","","","","","","","","","","","","",""
"33236002","CAP-FERRET",44.630667,-1.252,8,1977083012,"","","","",2.,1,300,1,"","","","","","","","","","","","","","","","","","","","","","","","","","","","",20.8,1,13.6,1,"","","","","","","","","","","","","","","","","","","","","","","","","","",65,1,"","","","","","","","","","","","",16.,1,1016.7,1,"","","","","","",1,1,0,1,2,1,0,1,0,1,"","","","","","","","","","","","","","","","","","","","","","","","",22000,1,"","",1,1,0,1,"","","","","","","","","","",2,1,"","","","","","","","","","","","","","","","","","","","","","","","","","","","","","","","","","","","","","","","","","","","","","","","","","","","","",""
"33236002","CAP-FERRET",44.630667,-1.252,8,1977083015,"","","","",5.,1,320,1,"","","","","","","","","","","","","","","","","","","","","","","","","","","","",22.,1,13.4,1,"","","","","","","","","","","","","","","","","","","","","","","","","","",60,1,"","","","","","","","","","","","",15.8,1,1015.5,1,"","","","","","",1,1,0,1,1,1,0,1,0,1,"","","","","","","","","","","","","","","","","","","","","","","","",22000,1,"","",2,1,0,1,"","","","","","","","","","",2,1,"","","","","","","","","","","","","","","","","","","","","","","","","","","","","","","","","","","","","","","","","","","","","","","","","","","","","",""
"33236002","CAP-FERRET",44.630667,-1.252,8,1977083018,"","","","",2.,1,40,1,"","","","","","","","","","","","","","","","","","","","","","","","","","","","",18.6,1,14.4,1,"","","","","","","","","","","","","","","","","","","","","","","","","","",79,1,"","","","","","","","","","","","",16.9,1,1014.7,1,"","","","","","",0,1,"","",0,1,0,1,0,1,"","","","","","","","","","","","","","","","","","","","","","","","",22000,1,"","",2,1,0,1,"","","","","","","","","","",2,1,"","","","","","","","","","","","","","","","","","","","","","","","","","","","","","","","","","","","","","","","","","","","","","","","","","","","","",""
"33236002","CAP-FERRET",44.630667,-1.252,8,1977083021,"","","","",5.,1,80,1,"","","","","","","","","","","","","","","","","","","","","","","","","","","","",17.4,1,14.6,1,"","","","","","","","","","","","","","","","","","","","","","","","","","",86,1,"","","","","","","","","","","","",17.1,1,1013.9,1,"","","","","","",0,1,"","",0,1,0,1,0,1,"","","","","","","","","","","","","","","","","","","","","","","","",20000,1,"","",2,1,0,1,"","","","","","","","","","",2,1,"","","","","","","","","","","","","","","","","","","","","","","","","","","","","","","","","","","","","","","","","","","","","","","","","","","","","",""
"33236002","CAP-FERRET",44.630667,-1.252,8,1977083100,"","","","",5.,1,120,1,"","","","","","","","","","","","","","","","","","","","","","","","","","","","","","","","","","","","","","","","","","","","","","","","","","","","","","","","","","","","","","","","","","","","","","","","","","",1011.6,1,"","","","","","","","","","","","","","","","","","","","","","","","","","","","","","","","","","","","","","","","","","","","","","","","","","","","","","","","","","","","","","","","","","","","","","","","","","","","","","","","","","","","","","","","","","","","","","","","","","","","","","","","","","","","","","","","","",""
"33236002","CAP-FERRET",44.630667,-1.252,8,1977083103,"","","","",6.,1,120,1,"","","","","","","","","","","","","","","","","","","","","","","","","","","","",14.,1,13.,1,"","","","","","","","","","","","","","","","","","","","","","","","","","",95,1,"","","","","","","","","","","","",15.3,1,1010.1,1,"","","","","","",0,1,"","",0,1,0,1,0,1,"","","","","","","","","","","","","","","","","","","","","","","","",20000,1,"","",0,1,"","","","","","","","","","","","",2,1,"","","","","","","","","","","","","","","","","","","","","","","","","","","","","","","","","","","","","","","","","","","","","","","","","","","","","",""
"33236002","CAP-FERRET",44.630667,-1.252,8,1977083106,"","","","",7.,1,120,1,"","","","","","","","","","","","","","","","","","","","","","","","","","","","",13.8,1,13.8,1,"","","","","","","","","","","","","","","","","","","","","","","","","","",100,1,"","","","","","","","","","","","",15.8,1,1010.3,1,"","","","","","",0,1,"","",0,1,0,1,0,1,"","","","","","","","","","","","","","","","","","","","","","","","",20000,1,"","",0,1,"","","","","","","","","","","","",2,1,"","","","","","","","","","","","","","","","","","","","","","","","","","","","","","","","","","","","","","","","","","","","","","","","","","","","","",""
"33236002","CAP-FERRET",44.630667,-1.252,8,1977083109,"","","","",7.,1,220,1,"","","","","","","","","","","","","","","","","","","","","","","","","","","","",20.6,1,15.6,1,"","","","","","","","","","","","","","","","","","","","","","","","","","",75,1,"","","","","","","","","","","","",18.2,1,1011.9,1,"","","","","","",0,1,"","",0,1,0,1,0,1,"","","","","","","","","","","","","","","","","","","","","","","","",12000,1,"","",2,1,0,1,"","","","","","","","","","",2,1,270,1,"","","","","","","","","","","","","","","","","","","","","","","","","","","","","","","","","","","","","","","","","","","","","","","","","","","",""
"33236002","CAP-FERRET",44.630667,-1.252,8,1977083112,"","","","",10.,1,220,1,"","","","","","","","","","","","","","","","","","","","","","","","","","","","",21.5,1,18.3,1,"","","","","","","","","","","","","","","","","","","","","","","","","","",85,1,"","","","","","","","","","","","",21.7,1,1012.9,1,"","","","","","",7,1,7,1,6,1,0,1,0,1,"","","","","","","","","","","","","","","","","","","","","","","","",9000,1,"","",3,1,1,1,"","","","","","","","","","",4,1,270,1,"","","","","","","","","","","","","","","","","","","","","","","","","","","","","","","","","","","","","","","","","","","","","","","","","","","",""
"33236002","CAP-FERRET",44.630667,-1.252,8,1977083115,"","","","",8.,1,300,1,"","","","","","","","","","","","","","","","","","","","","","","","","","","","",21.,1,17.2,1,"","","","","","","","","","","","","","","","","","","","","","","","","","",82,1,"","","","","","","","","","","","",20.3,1,1014.7,1,"","","","","","",6,1,0,1,8,1,6,1,0,1,"","","","","","","","","","","","","","","","","","","","","","","","",16000,1,"","",1,1,2,1,"","","","","","","","","","",4,1,270,1,"","","","","","","","","","","","","","","","","","","","","","","","","","","","","","","","","","","","","","","","","","","","","","","","","","","",""
"33236002","CAP-FERRET",44.630667,-1.252,8,1977083118,"","","","",5.,1,300,1,"","","","","","","","","","","","","","","","","","","","","","","","","","","","",19.4,1,16.3,1,"","","","","","","","","","","","","","","","","","","","","","","","","","",85,1,"","","","","","","","","","","","",19.1,1,1016.3,1,"","","","","","",5,1,0,1,2,1,6,1,1,1,"","","","","","","","","","","","","","","","","","","","","","","","",15000,1,"","",2,1,2,1,"","","","","","","","","","",4,1,270,1,"","","","","","","","","","","","","","","","","","","","","","","","","","","","","","","","","","","","","","","","","","","","","","","","","","","",""
"33236002","CAP-FERRET",44.630667,-1.252,8,1977083121,"","","","",7.,1,280,1,"","","","","","","","","","","","","","","","","","","","","","","","","","","","",17.8,1,15.7,1,"","","","","","","","","","","","","","","","","","","","","","","","","","",90,1,"","","","","","","","","","","","",18.3,1,1017.3,1,"","","","","","",3,1,0,1,2,1,0,1,0,1,"","","","","","","","","","","","","","","","","","","","","","","","",15000,1,"","",1,1,1,1,"","","","","","","","","","",4,1,270,1,"","","","","","","","","","","","","","","","","","","","","","","","","","","","","","","","","","","","","","","","","","","","","","","","","","","",""
"33236002","CAP-FERRET",44.630667,-1.252,8,1977090100,"","","","",5.,1,320,1,"","","","","","","","","","","","","","","","","","","","","","","","","","","","","","","","","","","","","","","","","","","","","","","","","","","","","","","","","","","","","","","","","","","","","","","","","","","","","","","","","","","","","","","","","","","","","","","","","","","","","","","","","","","","","","","","","","","","","","","","","","","","","","","","","","","","","","","","","","","","","","","","","","","","","","","","","","","","","","","","","","","","","","","","","","","","","","","","","","","","","","","","","","","","","",""
"33236002","CAP-FERRET",44.630667,-1.252,8,1977090103,"","","","",5.,1,320,1,"","","","","","","","","","","","","","","","","","","","","","","","","","","","",17.2,1,15.1,1,"","","","","","","","","","","","","","","","","","","","","","","","","","",90,1,"","","","","","","","","","","","",17.6,1,1018.5,1,"","","","","","",3,1,0,1,5,1,0,1,0,1,"","","","","","","","","","","","","","","","","","","","","","","","",18000,1,"","",0,1,"","","","","","","","","","","","",4,1,270,1,"","","","","","","","","","","","","","","","","","","","","","","","","","","","","","","","","","","","","","","","","","","","","","","","","","","",""
"33236002","CAP-FERRET",44.630667,-1.252,8,1977090106,"","","","",2.,1,340,1,"","","","","","","","","","","","","","","","","","","","","","","","","","","","",15.,1,13.9,1,"","","","","","","","","","","","","","","","","","","","","","","","","","",96,1,"","","","","","","","","","","","",16.3,1,1019.,1,"","","","","","",3,1,0,1,2,1,0,1,0,1,"","","","","","","","","","","","","","","","","","","","","","","","",20000,1,"","",2,1,"","","","","","","","","","","","",3,1,270,1,"","","","","","","","","","","","","","","","","","","","","","","","","","","","","","","","","","","","","","","","","","","","","","","","","","","",""
"33236002","CAP-FERRET",44.630667,-1.252,8,1977090109,"","","","",1.,1,20,1,"","","","","","","","","","","","","","","","","","","","","","","","","","","","",20.6,1,15.9,1,"","","","","","","","","","","","","","","","","","","","","","","","","","",76,1,"","","","","","","","","","","","",18.6,1,1020.3,1,"","","","","","",2,1,0,1,2,1,0,1,0,1,"","","","","","","","","","","","","","","","","","","","","","","","",25000,1,"","",2,1,0,1,"","","","","","","","","","",3,1,270,1,"","","","","","","","","","","","","","","","","","","","","","","","","","","","","","","","","","","","","","","","","","","","","","","","","","","",""
"33236002","CAP-FERRET",44.630667,-1.252,8,1977090112,"","","","",3.,1,320,1,"","","","","","","","","","","","","","","","","","","","","","","","","","","","",22.3,1,16.1,1,"","","","","","","","","","","","","","","","","","","","","","","","","","",70,1,"","","","","","","","","","","","",18.9,1,1020.2,1,"","","","","","",1,1,0,1,2,1,0,1,0,1,"","","","","","","","","","","","","","","","","","","","","","","","",25000,1,"","",1,1,0,1,"","","","","","","","","","",3,1,270,1,"","","","","","","","","","","","","","","","","","","","","","","","","","","","","","","","","","","","","","","","","","","","","","","","","","","",""
"33236002","CAP-FERRET",44.630667,-1.252,8,1977090115,"","","","",5.,1,320,1,"","","","","","","","","","","","","","","","","","","","","","","","","","","","",22.,1,15.5,1,"","","","","","","","","","","","","","","","","","","","","","","","","","",68,1,"","","","","","","","","","","","",18.1,1,1019.8,1,"","","","","","",1,1,0,1,2,1,0,1,0,1,"","","","","","","","","","","","","","","","","","","","","","","","",30000,1,"","",2,1,0,1,"","","","","","","","","","",3,1,270,1,"","","","","","","","","","","","","","","","","","","","","","","","","","","","","","","","","","","","","","","","","","","","","","","","","","","",""
"33236002","CAP-FERRET",44.630667,-1.252,8,1977090118,"","","","",3.,1,360,1,"","","","","","","","","","","","","","","","","","","","","","","","","","","","",19.,1,15.2,1,"","","","","","","","","","","","","","","","","","","","","","","","","","",81,1,"","","","","","","","","","","","",17.8,1,1019.2,1,"","","","","","",1,1,0,1,2,1,0,1,2,1,"","","","","","","","","","","","","","","","","","","","","","","","",30000,1,"","",2,1,0,1,"","","","","","","","","","",3,1,270,1,"","","","","","","","","","","","","","","","","","","","","","","","","","","","","","","","","","","","","","","","","","","","","","","","","","","",""
"33236002","CAP-FERRET",44.630667,-1.252,8,1977090121,"","","","",3.,1,40,1,"","","","","","","","","","","","","","","","","","","","","","","","","","","","",15.5,1,14.7,1,"","","","","","","","","","","","","","","","","","","","","","","","","","",97,1,"","","","","","","","","","","","",17.2,1,1020.,1,"","","","","","",1,1,0,1,0,1,0,1,2,1,"","","","","","","","","","","","","","","","","","","","","","","","",25000,1,"","",2,1,0,1,"","","","","","","","","","",3,1,270,1,"","","","","","","","","","","","","","","","","","","","","","","","","","","","","","","","","","","","","","","","","","","","","","","","","","","",""
"33236002","CAP-FERRET",44.630667,-1.252,8,1977090200,"","","","",3.,1,100,1,"","","","","","","","","","","","","","","","","","","","","","","","","","","","","","","","","","","","","","","","","","","","","","","","","","","","","","","","","","","","","","","","","","","","","","","","","","",1019.5,1,"","","","","","","","","","","","","","","","","","","","","","","","","","","","","","","","","","","","","","","","","","","","","","","","","","","","","","","","","","","","","","","","","","","","","","","","","","","","","","","","","","","","","","","","","","","","","","","","","","","","","","","","","","","","","","","","","",""
"33236002","CAP-FERRET",44.630667,-1.252,8,1977090203,"","","","",3.,1,100,1,"","","","","","","","","","","","","","","","","","","","","","","","","","","","",14.5,1,14.5,1,"","","","","","","","","","","","","","","","","","","","","","","","","","",100,1,"","","","","","","","","","","","",16.5,1,1018.5,1,"","","","","","",0,1,"","",0,1,0,1,0,1,"","","","","","","","","","","","","","","","","","","","","","","","",14000,1,"","",0,1,"","","","","","","","","","","","",3,1,270,1,"","","","","","","","","","","","","","","","","","","","","","","","","","","","","","","","","","","","","","","","","","","","","","","","","","","",""
"33236002","CAP-FERRET",44.630667,-1.252,8,1977090206,"","","","",3.,1,120,1,"","","","","","","","","","","","","","","","","","","","","","","","","","","","",13.6,1,13.6,1,"","","","","","","","","","","","","","","","","","","","","","","","","","",100,1,"","","","","","","","","","","","",15.6,1,1018.7,1,"","","","","","",0,1,"","",0,1,0,1,0,1,"","","","","","","","","","","","","","","","","","","","","","","","",7000,1,"","",2,1,0,1,"","","","","","","","","","",3,1,270,1,"","","","","","","","","","","","","","","","","","","","","","","","","","","","","","","","","","","","","","","","","","","","","","","","","","","",""
"33236002","CAP-FERRET",44.630667,-1.252,8,1977090209,"","","","",0.,1,0,1,"","","","","","","","","","","","","","","","","","","","","","","","","","","","",20.2,1,16.1,1,"","","","","","","","","","","","","","","","","","","","","","","","","","",80,1,"","","","","","","","","","","","",18.9,1,1019.,1,"","","","","","",0,1,"","",0,1,0,1,0,1,"","","","","","","","","","","","","","","","","","","","","","","","",20000,1,"","",2,1,0,1,"","","","","","","","","","",2,1,270,1,"","","","","","","","","","","","","","","","","","","","","","","","","","","","","","","","","","","","","","","","","","","","","","","","","","","",""
"33236002","CAP-FERRET",44.630667,-1.252,8,1977090212,"","","","",3.,1,300,1,"","","","","","","","","","","","","","","","","","","","","","","","","","","","",22.2,1,17.1,1,"","","","","","","","","","","","","","","","","","","","","","","","","","",75,1,"","","","","","","","","","","","",20.1,1,1018.5,1,"","","","","","",1,1,0,1,1,1,0,1,0,1,"","","","","","","","","","","","","","","","","","","","","","","","",20000,1,"","",2,1,0,1,"","","","","","","","","","",2,1,270,1,"","","","","","","","","","","","","","","","","","","","","","","","","","","","","","","","","","","","","","","","","","","","","","","","","","","",""
"33236002","CAP-FERRET",44.630667,-1.252,8,1977090215,"","","","",4.,1,340,1,"","","","","","","","","","","","","","","","","","","","","","","","","","","","",23.4,1,17.5,1,"","","","","","","","","","","","","","","","","","","","","","","","","","",72,1,"","","","","","","","","","","","",20.7,1,1017.1,1,"","","","","","",0,1,"","",0,1,0,1,0,1,"","","","","","","","","","","","","","","","","","","","","","","","",20000,1,"","",2,1,0,1,"","","","","","","","","","",2,1,270,1,"","","","","","","","","","","","","","","","","","","","","","","","","","","","","","","","","","","","","","","","","","","","","","","","","","","",""
"33236002","CAP-FERRET",44.630667,-1.252,8,1977090218,"","","","",5.,1,360,1,"","","","","","","","","","","","","","","","","","","","","","","","","","","","",20.5,1,16.6,1,"","","","","","","","","","","","","","","","","","","","","","","","","","",81,1,"","","","","","","","","","","","",19.5,1,1017.1,1,"","","","","","",0,1,"","",0,1,0,1,0,1,"","","","","","","","","","","","","","","","","","","","","","","","",20000,1,"","",2,1,0,1,"","","","","","","","","","",2,1,270,1,"","","","","","","","","","","","","","","","","","","","","","","","","","","","","","","","","","","","","","","","","","","","","","","","","","","",""
"33236002","CAP-FERRET",44.630667,-1.252,8,1977090221,"","","","",2.,1,40,1,"","","","","","","","","","","","","","","","","","","","","","","","","","","","",17.4,1,15.6,1,"","","","","","","","","","","","","","","","","","","","","","","","","","",92,1,"","","","","","","","","","","","",18.2,1,1018.3,1,"","","","","","",0,1,"","",0,1,0,1,0,1,"","","","","","","","","","","","","","","","","","","","","","","","",16000,1,"","",2,1,0,1,"","","","","","","","","","",3,1,270,1,"","","","","","","","","","","","","","","","","","","","","","","","","","","","","","","","","","","","","","","","","","","","","","","","","","","",""
"33236002","CAP-FERRET",44.630667,-1.252,8,1977090300,"","","","",2.,1,60,1,"","","","","","","","","","","","","","","","","","","","","","","","","","","","","","","","","","","","","","","","","","","","","","","","","","","","","","","","","","","","","","","","","","","","","","","","","","",1018.6,1,"","","","","","","","","","","","","","","","","","","","","","","","","","","","","","","","","","","","","","","","","","","","","","","","","","","","","","","","","","","","","","","","","","","","","","","","","","","","","","","","","","","","","","","","","","","","","","","","","","","","","","","","","","","","","","","","","",""
"33236002","CAP-FERRET",44.630667,-1.252,8,1977090303,"","","","",1.,1,80,1,"","","","","","","","","","","","","","","","","","","","","","","","","","","","",14.8,1,14.8,1,"","","","","","","","","","","","","","","","","","","","","","","","","","",100,1,"","","","","","","","","","","","",16.8,1,1018.6,1,"","","","","","",0,1,"","",0,1,0,1,0,1,"","","","","","","","","","","","","","","","","","","","","","","","",18000,1,"","",0,1,"","","","","","","","","","","","",2,1,270,1,"","","","","","","","","","","","","","","","","","","","","","","","","","","","","","","","","","","","","","","","","","","","","","","","","","","",""
"33236002","CAP-FERRET",44.630667,-1.252,8,1977090306,"","","","",0.,1,0,1,"","","","","","","","","","","","","","","","","","","","","","","","","","","","",13.,1,13.,1,"","","","","","","","","","","","","","","","","","","","","","","","","","",100,1,"","","","","","","","","","","","",15.,1,1019.1,1,"","","","","","",1,1,0,1,0,1,0,1,1,1,"","","","","","","","","","","","","","","","","","","","","","","","",8000,1,"","",2,1,"","","","","","","","","","","","",2,1,270,1,"","","","","","","","","","","","","","","","","","","","","","","","","","","","","","","","","","","","","","","","","","","","","","","","","","","",""
"33236002","CAP-FERRET",44.630667,-1.252,8,1977090309,"","","","",1.,1,260,1,"","","","","","","","","","","","","","","","","","","","","","","","","","","","",22.,1,18.,1,"","","","","","","","","","","","","","","","","","","","","","","","","","",81,1,"","","","","","","","","","","","",21.3,1,1020.2,1,"","","","","","",6,1,6,1,8,1,0,1,0,1,"","","","","","","","","","","","","","","","","","","","","","","","",5000,1,"","",3,1,1,1,"","","","","","","","","","",2,1,270,1,"","","","","","","","","","","","","","","","","","","","","","","","","","","","","","","","","","","","","","","","","","","","","","","","","","","",""
"33236002","CAP-FERRET",44.630667,-1.252,8,1977090312,"","","","",6.,1,340,1,"","","","","","","","","","","","","","","","","","","","","","","","","","","","",22.8,1,17.6,1,"","","","","","","","","","","","","","","","","","","","","","","","","","","","","","","","","","","","","","","","",20.8,1,1020.4,1,"","","","","","",6,1,0,1,2,1,7,1,2,1,"","","","","","","","","","","","","","","","","","","","","","","","",8000,1,"","",3,1,1,1,"","","","","","","","","","",2,1,270,1,"","","","","","","","","","","","","","","","","","","","","","","","","","","","","","","","","","","","","","","","","","","","","","","","","","","",""
"33236002","CAP-FERRET",44.630667,-1.252,8,1977090315,"","","","",5.,1,340,1,"","","","","","","","","","","","","","","","","","","","","","","","","","","","",21.2,1,17.5,1,"","","","","","","","","","","","","","","","","","","","","","","","","","",82,1,"","","","","","","","","","","","",20.6,1,1020.4,1,"","","","","","",6,1,5,1,0,1,7,1,2,1,"","","","","","","","","","","","","","","","","","","","","","","","",12000,1,"","",2,1,2,1,"","","","","","","","","","",3,1,270,1,"","","","","","","","","","","","","","","","","","","","","","","","","","","","","","","","","","","","","","","","","","","","","","","","","","","",""
"33236002","CAP-FERRET",44.630667,-1.252,8,1977090318,"","","","",5.,1,360,1,"","","","","","","","","","","","","","","","","","","","","","","","","","","","",19.,1,15.6,1,"","","","","","","","","","","","","","","","","","","","","","","","","","",83,1,"","","","","","","","","","","","",18.2,1,1020.4,1,"","","","","","",6,1,0,1,8,1,7,1,2,1,"","","","","","","","","","","","","","","","","","","","","","","","",12000,1,"","",3,1,2,1,"","","","","","","","","","",3,1,270,1,"","","","","","","","","","","","","","","","","","","","","","","","","","","","","","","","","","","","","","","","","","","","","","","","","","","",""
"33236002","CAP-FERRET",44.630667,-1.252,8,1977090321,"","","","",2.,1,40,1,"","","","","","","","","","","","","","","","","","","","","","","","","","","","",17.2,1,16.1,1,"","","","","","","","","","","","","","","","","","","","","","","","","","",96,1,"","","","","","","","","","","","",18.8,1,1021.1,1,"","","","","","",3,1,0,1,8,1,0,1,2,1,"","","","","","","","","","","","","","","","","","","","","","","","",12000,1,"","",1,1,1,1,"","","","","","","","","","",3,1,270,1,"","","","","","","","","","","","","","","","","","","","","","","","","","","","","","","","","","","","","","","","","","","","","","","","","","","",""
"33236002","CAP-FERRET",44.630667,-1.252,8,1977090400,"","","","",2.,1,40,1,"","","","","","","","","","","","","","","","","","","","","","","","","","","","","","","","","","","","","","","","","","","","","","","","","","","","","","","","","","","","","","","","","","","","","","","","","","",1020.7,1,"","","","","","","","","","","","","","","","","","","","","","","","","","","","","","","","","","","","","","","","","","","","","","","","","","","","","","","","","","","","","","","","","","","","","","","","","","","","","","","","","","","","","","","","","","","","","","","","","","","","","","","","","","","","","","","","","",""
"33236002","CAP-FERRET",44.630667,-1.252,8,1977090403,"","","","",1.,1,100,1,"","","","","","","","","","","","","","","","","","","","","","","","","","","","",16.2,1,16.2,1,"","","","","","","","","","","","","","","","","","","","","","","","","","",100,1,"","","","","","","","","","","","",18.4,1,1020.7,1,"","","","","","",6,1,6,1,5,1,0,1,0,1,"","","","","","","","","","","","","","","","","","","","","","","","",10000,1,"","",0,1,"","","","","","","","","","","","",3,1,270,1,"","","","","","","","","","","","","","","","","","","","","","","","","","","","","","","","","","","","","","","","","","","","","","","","","","","",""
"33236002","CAP-FERRET",44.630667,-1.252,8,1977090406,"","","","",0.,1,0,1,"","","","","","","","","","","","","","","","","","","","","","","","","","","","",14.6,1,14.6,1,"","","","","","","","","","","","","","","","","","","","","","","","","","",100,1,"","","","","","","","","","","","",16.6,1,1021.1,1,"","","","","","",7,1,7,1,5,1,"","","","","","","","","","","","","","","","","","","","","","","","","","","","",10000,1,"","",2,1,2,1,"","","","","","","","","","",3,1,270,1,"","","","","","","","","","","","","","","","","","","","","","","","","","","","","","","","","","","","","","","","","","","","","","","","","","","",""
"33236002","CAP-FERRET",44.630667,-1.252,8,1977090409,"","","","",1.,1,100,1,"","","","","","","","","","","","","","","","","","","","","","","","","","","","",19.4,1,16.3,1,"","","","","","","","","","","","","","","","","","","","","","","","","","",85,1,"","","","","","","","","","","","",19.1,1,1021.7,1,"","","","","","",7,1,7,1,6,1,"","","","","","","","","","","","","","","","","","","","","","","","","","","","",7000,1,"","",2,1,2,1,"","","","","","","","","","",3,1,270,1,"","","","","","","","","","","","","","","","","","","","","","","","","","","","","","","","","","","","","","","","","","","","","","","","","","","",""
"33236002","CAP-FERRET",44.630667,-1.252,8,1977090412,"","","","",3.,1,340,1,"","","","","","","","","","","","","","","","","","","","","","","","","","","","",22.4,1,16.5,1,"","","","","","","","","","","","","","","","","","","","","","","","","","",71,1,"","","","","","","","","","","","",19.3,1,1021.7,1,"","","","","","",2,1,0,1,2,1,0,1,0,1,"","","","","","","","","","","","","","","","","","","","","","","","",15000,1,"","",1,1,1,1,"","","","","","","","","","",3,1,270,1,"","","","","","","","","","","","","","","","","","","","","","","","","","","","","","","","","","","","","","","","","","","","","","","","","","","",""
"33236002","CAP-FERRET",44.630667,-1.252,8,1977090415,"","","","",3.,1,340,1,"","","","","","","","","","","","","","","","","","","","","","","","","","","","",21.6,1,16.9,1,"","","","","","","","","","","","","","","","","","","","","","","","","","",77,1,"","","","","","","","","","","","",19.9,1,1020.7,1,"","","","","","",1,1,0,1,1,1,0,1,0,1,"","","","","","","","","","","","","","","","","","","","","","","","",9000,1,"","",1,1,0,1,"","","","","","","","","","",3,1,270,1,"","","","","","","","","","","","","","","","","","","","","","","","","","","","","","","","","","","","","","","","","","","","","","","","","","","",""
"33236002","CAP-FERRET",44.630667,-1.252,8,1977090418,"","","","",3.,1,340,1,"","","","","","","","","","","","","","","","","","","","","","","","","","","","",19.6,1,17.8,1,"","","","","","","","","","","","","","","","","","","","","","","","","","",92,1,"","","","","","","","","","","","",21.,1,1020.7,1,"","","","","","",0,1,"","",0,1,0,1,0,1,"","","","","","","","","","","","","","","","","","","","","","","","",9000,1,"","",2,1,0,1,"","","","","","","","","","",3,1,270,1,"","","","","","","","","","","","","","","","","","","","","","","","","","","","","","","","","","","","","","","","","","","","","","","","","","","",""
"33236002","CAP-FERRET",44.630667,-1.252,8,1977090421,"","","","",3.,1,360,1,"","","","","","","","","","","","","","","","","","","","","","","","","","","","",17.4,1,16.6,1,"","","","","","","","","","","","","","","","","","","","","","","","","","",98,1,"","","","","","","","","","","","",19.5,1,1021.9,1,"","","","","","",0,1,"","",0,1,0,1,0,1,"","","","","","","","","","","","","","","","","","","","","","","","",9000,1,"","",2,1,0,1,"","","","","","","","","","",3,1,270,1,"","","","","","","","","","","","","","","","","","","","","","","","","","","","","","","","","","","","","","","","","","","","","","","","","","","",""
"33236002","CAP-FERRET",44.630667,-1.252,8,1977090500,"","","","",2.,1,20,1,"","","","","","","","","","","","","","","","","","","","","","","","","","","","","","","","","","","","","","","","","","","","","","","","","","","","","","","","","","","","","","","","","","","","","","","","","","",1021.7,1,"","","","","","","","","","","","","","","","","","","","","","","","","","","","","","","","","","","","","","","","","","","","","","","","","","","","","","","","","","","","","","","","","","","","","","","","","","","","","","","","","","","","","","","","","","","","","","","","","","","","","","","","","","","","","","","","","",""
"33236002","CAP-FERRET",44.630667,-1.252,8,1977090503,"","","","",1.,1,20,1,"","","","","","","","","","","","","","","","","","","","","","","","","","","","",15.8,1,15.8,1,"","","","","","","","","","","","","","","","","","","","","","","","","","",100,1,"","","","","","","","","","","","",17.9,1,1021.7,1,"","","","","","",7,1,7,1,5,1,"","","","","","","","","","","","","","","","","","","","","","","","","","","","",8000,1,"","",0,1,"","","","","","","","","","","","",3,1,270,1,"","","","","","","","","","","","","","","","","","","","","","","","","","","","","","","","","","","","","","","","","","","","","","","","","","","",""
"33236002","CAP-FERRET",44.630667,-1.252,8,1977090506,"","","","",1.,1,40,1,"","","","","","","","","","","","","","","","","","","","","","","","","","","","",13.2,1,13.2,1,"","","","","","","","","","","","","","","","","","","","","","","","","","",100,1,"","","","","","","","","","","","",15.2,1,1022.7,1,"","","","","","",2,1,0,1,0,1,0,1,2,1,"","","","","","","","","","","","","","","","","","","","","","","","",6000,1,"","",2,1,"","","","","","","","","","","","",2,1,270,1,"","","","","","","","","","","","","","","","","","","","","","","","","","","","","","","","","","","","","","","","","","","","","","","","","","","",""
"33236002","CAP-FERRET",44.630667,-1.252,8,1977090509,"","","","",3.,1,340,1,"","","","","","","","","","","","","","","","","","","","","","","","","","","","",20.5,1,16.5,1,"","","","","","","","","","","","","","","","","","","","","","","","","","",80,1,"","","","","","","","","","","","",19.3,1,1024.4,1,"","","","","","",1,1,0,1,0,1,0,1,1,1,"","","","","","","","","","","","","","","","","","","","","","","","",6000,1,"","",2,1,0,1,"","","","","","","","","","",2,1,270,1,"","","","","","","","","","","","","","","","","","","","","","","","","","","","","","","","","","","","","","","","","","","","","","","","","","","",""
"33236002","CAP-FERRET",44.630667,-1.252,8,1977090512,"","","","",3.,1,320,1,"","","","","","","","","","","","","","","","","","","","","","","","","","","","",23.,1,16.1,1,"","","","","","","","","","","","","","","","","","","","","","","","","","",67,1,"","","","","","","","","","","","",18.8,1,1024.4,1,"","","","","","",1,1,0,1,1,1,0,1,0,1,"","","","","","","","","","","","","","","","","","","","","","","","",8000,1,"","",2,1,0,1,"","","","","","","","","","",2,1,270,1,"","","","","","","","","","","","","","","","","","","","","","","","","","","","","","","","","","","","","","","","","","","","","","","","","","","",""
"33236002","CAP-FERRET",44.630667,-1.252,8,1977090515,"","","","",5.,1,360,1,"","","","","","","","","","","","","","","","","","","","","","","","","","","","",22.5,1,16.1,1,"","","","","","","","","","","","","","","","","","","","","","","","","","",69,1,"","","","","","","","","","","","",18.8,1,1024.4,1,"","","","","","",2,1,0,1,0,1,0,1,1,1,"","","","","","","","","","","","","","","","","","","","","","","","",8000,1,"","",2,1,0,1,"","","","","","","","","","",3,1,270,1,"","","","","","","","","","","","","","","","","","","","","","","","","","","","","","","","","","","","","","","","","","","","","","","","","","","",""
"33236002","CAP-FERRET",44.630667,-1.252,8,1977090518,"","","","",5.,1,360,1,"","","","","","","","","","","","","","","","","","","","","","","","","","","","",19.5,1,14.2,1,"","","","","","","","","","","","","","","","","","","","","","","","","","",73,1,"","","","","","","","","","","","",16.6,1,1024.6,1,"","","","","","",2,1,0,1,0,1,0,1,2,1,"","","","","","","","","","","","","","","","","","","","","","","","",14000,1,"","",2,1,0,1,"","","","","","","","","","",3,1,270,1,"","","","","","","","","","","","","","","","","","","","","","","","","","","","","","","","","","","","","","","","","","","","","","","","","","","",""
"33236002","CAP-FERRET",44.630667,-1.252,8,1977090521,"","","","",4.,1,20,1,"","","","","","","","","","","","","","","","","","","","","","","","","","","","",17.,1,11.2,1,"","","","","","","","","","","","","","","","","","","","","","","","","","",70,1,"","","","","","","","","","","","",13.6,1,1025.4,1,"","","","","","",0,1,"","",0,1,0,1,0,1,"","","","","","","","","","","","","","","","","","","","","","","","",18000,1,"","",2,1,0,1,"","","","","","","","","","",3,1,270,1,"","","","","","","","","","","","","","","","","","","","","","","","","","","","","","","","","","","","","","","","","","","","","","","","","","","",""
"33236002","CAP-FERRET",44.630667,-1.252,8,1977090600,"","","","",2.,1,40,1,"","","","","","","","","","","","","","","","","","","","","","","","","","","","","","","","","","","","","","","","","","","","","","","","","","","","","","","","","","","","","","","","","","","","","","","","","","",1025.3,1,"","","","","","","","","","","","","","","","","","","","","","","","","","","","","","","","","","","","","","","","","","","","","","","","","","","","","","","","","","","","","","","","","","","","","","","","","","","","","","","","","","","","","","","","","","","","","","","","","","","","","","","","","","","","","","","","","",""
"33236002","CAP-FERRET",44.630667,-1.252,8,1977090603,"","","","",1.,1,40,1,"","","","","","","","","","","","","","","","","","","","","","","","","","","","",12.8,1,12.1,1,"","","","","","","","","","","","","","","","","","","","","","","","","","",97,1,"","","","","","","","","","","","",14.4,1,1025.3,1,"","","","","","",0,1,"","",0,1,0,1,0,1,"","","","","","","","","","","","","","","","","","","","","","","","",9000,1,"","",0,1,"","","","","","","","","","","","",3,1,270,1,"","","","","","","","","","","","","","","","","","","","","","","","","","","","","","","","","","","","","","","","","","","","","","","","","","","",""
"33236002","CAP-FERRET",44.630667,-1.252,8,1977090606,"","","","",1.,1,40,1,"","","","","","","","","","","","","","","","","","","","","","","","","","","","",11.2,1,11.2,1,"","","","","","","","","","","","","","","","","","","","","","","","","","",100,1,"","","","","","","","","","","","",13.3,1,1026.1,1,"","","","","","",0,1,"","",0,1,0,1,0,1,"","","","","","","","","","","","","","","","","","","","","","","","",9000,1,"","",2,1,0,1,"","","","","","","","","","",4,1,270,1,"","","","","","","","","","","","","","","","","","","","","","","","","","","","","","","","","","","","","","","","","","","","","","","","","","","",""
"33236002","CAP-FERRET",44.630667,-1.252,8,1977090609,"","","","",1.,1,120,1,"","","","","","","","","","","","","","","","","","","","","","","","","","","","",20.5,1,15.7,1,"","","","","","","","","","","","","","","","","","","","","","","","","","",76,1,"","","","","","","","","","","","",18.3,1,1027.5,1,"","","","","","",0,1,"","",0,1,0,1,0,1,"","","","","","","","","","","","","","","","","","","","","","","","",9000,1,"","",2,1,0,1,"","","","","","","","","","",4,1,270,1,"","","","","","","","","","","","","","","","","","","","","","","","","","","","","","","","","","","","","","","","","","","","","","","","","","","",""
"33236002","CAP-FERRET",44.630667,-1.252,8,1977090612,"","","","",2.,1,300,1,"","","","","","","","","","","","","","","","","","","","","","","","","","","","",22.4,1,17.8,1,"","","","","","","","","","","","","","","","","","","","","","","","","","",78,1,"","","","","","","","","","","","",21.,1,1026.9,1,"","","","","","",0,1,"","",0,1,0,1,0,1,"","","","","","","","","","","","","","","","","","","","","","","","",9000,1,"","",2,1,0,1,"","","","","","","","","","",4,1,270,1,"","","","","","","","","","","","","","","","","","","","","","","","","","","","","","","","","","","","","","","","","","","","","","","","","","","",""
"33236002","CAP-FERRET",44.630667,-1.252,8,1977090615,"","","","",4.,1,320,1,"","","","","","","","","","","","","","","","","","","","","","","","","","","","",22.4,1,16.1,1,"","","","","","","","","","","","","","","","","","","","","","","","","","",70,1,"","","","","","","","","","","","",18.9,1,1026.1,1,"","","","","","",0,1,"","",0,1,0,1,0,1,"","","","","","","","","","","","","","","","","","","","","","","","",10000,1,"","",2,1,0,1,"","","","","","","","","","",4,1,270,1,"","","","","","","","","","","","","","","","","","","","","","","","","","","","","","","","","","","","","","","","","","","","","","","","","","","",""
"33236002","CAP-FERRET",44.630667,-1.252,8,1977090618,"","","","",4.,1,360,1,"","","","","","","","","","","","","","","","","","","","","","","","","","","","",19.8,1,16.1,1,"","","","","","","","","","","","","","","","","","","","","","","","","","",81,1,"","","","","","","","","","","","",18.8,1,1026.1,1,"","","","","","",0,1,"","",0,1,0,1,0,1,"","","","","","","","","","","","","","","","","","","","","","","","",8000,1,"","",2,1,0,1,"","","","","","","","","","",4,1,270,1,"","","","","","","","","","","","","","","","","","","","","","","","","","","","","","","","","","","","","","","","","","","","","","","","","","","",""
"33236002","CAP-FERRET",44.630667,-1.252,8,1977090621,"","","","",3.,1,20,1,"","","","","","","","","","","","","","","","","","","","","","","","","","","","",16.5,1,15.2,1,"","","","","","","","","","","","","","","","","","","","","","","","","","",94,1,"","","","","","","","","","","","",17.8,1,1027.1,1,"","","","","","",0,1,"","",0,1,0,1,0,1,"","","","","","","","","","","","","","","","","","","","","","","","",6000,1,"","",2,1,0,1,"","","","","","","","","","",4,1,270,1,"","","","","","","","","","","","","","","","","","","","","","","","","","","","","","","","","","","","","","","","","","","","","","","","","","","",""
"33236002","CAP-FERRET",44.630667,-1.252,8,1977090700,"","","","",3.,1,80,1,"","","","","","","","","","","","","","","","","","","","","","","","","","","","","","","","","","","","","","","","","","","","","","","","","","","","","","","","","","","","","","","","","","","","","","","","","","",1027.6,1,"","","","","","","","","","","","","","","","","","","","","","","","","","","","","","","","","","","","","","","","","","","","","","","","","","","","","","","","","","","","","","","","","","","","","","","","","","","","","","","","","","","","","","","","","","","","","","","","","","","","","","","","","","","","","","","","","",""
"33236002","CAP-FERRET",44.630667,-1.252,8,1977090703,"","","","",2.,1,20,1,"","","","","","","","","","","","","","","","","","","","","","","","","","","","",14.6,1,13.5,1,"","","","","","","","","","","","","","","","","","","","","","","","","","",96,1,"","","","","","","","","","","","",15.9,1,1026.6,1,"","","","","","",0,1,"","",0,1,0,1,0,1,"","","","","","","","","","","","","","","","","","","","","","","","",12000,1,"","",0,1,"","","","","","","","","","","","",3,1,270,1,"","","","","","","","","","","","","","","","","","","","","","","","","","","","","","","","","","","","","","","","","","","","","","","","","","","",""
"33236002","CAP-FERRET",44.630667,-1.252,8,1977090706,"","","","",1.,1,20,1,"","","","","","","","","","","","","","","","","","","","","","","","","","","","",13.,1,12.3,1,"","","","","","","","","","","","","","","","","","","","","","","","","","",97,1,"","","","","","","","","","","","",14.6,1,1026.6,1,"","","","","","",0,1,"","",0,1,0,1,0,1,"","","","","","","","","","","","","","","","","","","","","","","","",5000,1,"","",2,1,"","","","","","","","","","","","",2,1,270,1,"","","","","","","","","","","","","","","","","","","","","","","","","","","","","","","","","","","","","","","","","","","","","","","","","","","",""
"33236002","CAP-FERRET",44.630667,-1.252,8,1977090709,"","","","",1.,1,60,1,"","","","","","","","","","","","","","","","","","","","","","","","","","","","",19.,1,14.4,1,"","","","","","","","","","","","","","","","","","","","","","","","","","",75,1,"","","","","","","","","","","","",16.8,1,1027.2,1,"","","","","","",0,1,"","",0,1,0,1,0,1,"","","","","","","","","","","","","","","","","","","","","","","","",8000,1,"","",2,1,0,1,"","","","","","","","","","",2,1,270,1,"","","","","","","","","","","","","","","","","","","","","","","","","","","","","","","","","","","","","","","","","","","","","","","","","","","",""
"33236002","CAP-FERRET",44.630667,-1.252,8,1977090712,"","","","",4.,1,340,1,"","","","","","","","","","","","","","","","","","","","","","","","","","","","",23.4,1,15.5,1,"","","","","","","","","","","","","","","","","","","","","","","","","","",63,1,"","","","","","","","","","","","",18.1,1,1026.9,1,"","","","","","",0,1,"","",0,1,0,1,0,1,"","","","","","","","","","","","","","","","","","","","","","","","",9000,1,"","",2,1,0,1,"","","","","","","","","","",2,1,270,1,"","","","","","","","","","","","","","","","","","","","","","","","","","","","","","","","","","","","","","","","","","","","","","","","","","","",""
"33236002","CAP-FERRET",44.630667,-1.252,8,1977090715,"","","","",4.,1,360,1,"","","","","","","","","","","","","","","","","","","","","","","","","","","","",22.5,1,15.1,1,"","","","","","","","","","","","","","","","","","","","","","","","","","",65,1,"","","","","","","","","","","","",17.7,1,1025.6,1,"","","","","","",0,1,"","",0,1,0,1,0,1,"","","","","","","","","","","","","","","","","","","","","","","","",15000,1,"","",2,1,0,1,"","","","","","","","","","",3,1,270,1,"","","","","","","","","","","","","","","","","","","","","","","","","","","","","","","","","","","","","","","","","","","","","","","","","","","",""
"33236002","CAP-FERRET",44.630667,-1.252,8,1977090718,"","","","",4.,1,360,1,"","","","","","","","","","","","","","","","","","","","","","","","","","","","",20.4,1,16.1,1,"","","","","","","","","","","","","","","","","","","","","","","","","","",78,1,"","","","","","","","","","","","",18.8,1,1024.7,1,"","","","","","",0,1,"","",0,1,0,1,0,1,"","","","","","","","","","","","","","","","","","","","","","","","",18000,1,"","",2,1,0,1,"","","","","","","","","","",3,1,270,1,"","","","","","","","","","","","","","","","","","","","","","","","","","","","","","","","","","","","","","","","","","","","","","","","","","","",""
"33236002","CAP-FERRET",44.630667,-1.252,8,1977090721,"","","","",3.,1,20,1,"","","","","","","","","","","","","","","","","","","","","","","","","","","","",17.5,1,16.2,1,"","","","","","","","","","","","","","","","","","","","","","","","","","",95,1,"","","","","","","","","","","","",19.,1,1025.,1,"","","","","","",0,1,"","",0,1,0,1,0,1,"","","","","","","","","","","","","","","","","","","","","","","","",18000,1,"","",2,1,0,1,"","","","","","","","","","",3,1,270,1,"","","","","","","","","","","","","","","","","","","","","","","","","","","","","","","","","","","","","","","","","","","","","","","","","","","",""
"33236002","CAP-FERRET",44.630667,-1.252,8,1977090800,"","","","",2.,1,60,1,"","","","","","","","","","","","","","","","","","","","","","","","","","","","","","","","","","","","","","","","","","","","","","","","","","","","","","","","","","","","","","","","","","","","","","","","","","",1023.9,1,"","","","","","","","","","","","","","","","","","","","","","","","","","","","","","","","","","","","","","","","","","","","","","","","","","","","","","","","","","","","","","","","","","","","","","","","","","","","","","","","","","","","","","","","","","","","","","","","","","","","","","","","","","","","","","","","","",""
"33236002","CAP-FERRET",44.630667,-1.252,8,1977090803,"","","","",2.,1,60,1,"","","","","","","","","","","","","","","","","","","","","","","","","","","","",16.,1,15.2,1,"","","","","","","","","","","","","","","","","","","","","","","","","","",98,1,"","","","","","","","","","","","",17.8,1,1022.9,1,"","","","","","",9,1,"","","","","","","","","","","","","","","","","","","","","","","","","","","","","","","","",900,1,"","",45,1,"","","","","","","","","","","","",3,1,270,1,"","","","","","","","","","","","","","","","","","","","","","","","","","","","","","","","","","","","","","","","","","","","","","","","","","","",""
"33236002","CAP-FERRET",44.630667,-1.252,8,1977090806,"","","","",1.,1,20,1,"","","","","","","","","","","","","","","","","","","","","","","","","","","","",16.4,1,16.4,1,"","","","","","","","","","","","","","","","","","","","","","","","","","",100,1,"","","","","","","","","","","","",18.6,1,1022.9,1,"","","","","","",9,1,"","","","","","","","","","","","","","","","","","","","","","","","","","","","","","","","",900,1,"","",45,1,4,1,"","","","","","","","","","",3,1,270,1,"","","","","","","","","","","","","","","","","","","","","","","","","","","","","","","","","","","","","","","","","","","","","","","","","","","",""
"33236002","CAP-FERRET",44.630667,-1.252,8,1977090809,"","","","",4.,1,20,1,"","","","","","","","","","","","","","","","","","","","","","","","","","","","",17.8,1,17.8,1,"","","","","","","","","","","","","","","","","","","","","","","","","","",100,1,"","","","","","","","","","","","",20.4,1,1023.7,1,"","","","","","",8,1,8,1,6,1,"","","","","","","","","","","","","","","","","","","","","","","","","","","","",5000,1,"","",2,1,4,1,"","","","","","","","","","",3,1,270,1,"","","","","","","","","","","","","","","","","","","","","","","","","","","","","","","","","","","","","","","","","","","","","","","","","","","",""
"33236002","CAP-FERRET",44.630667,-1.252,8,1977090812,"","","","",4.,1,320,1,"","","","","","","","","","","","","","","","","","","","","","","","","","","","",21.4,1,17.4,1,"","","","","","","","","","","","","","","","","","","","","","","","","","",80,1,"","","","","","","","","","","","",20.5,1,1023.7,1,"","","","","","",7,1,7,1,6,1,"","","","","","","","","","","","","","","","","","","","","","","","","","","","",10000,1,"","",2,1,4,1,"","","","","","","","","","",3,1,270,1,"","","","","","","","","","","","","","","","","","","","","","","","","","","","","","","","","","","","","","","","","","","","","","","","","","","",""
"33236002","CAP-FERRET",44.630667,-1.252,8,1977090815,"","","","",5.,1,360,1,"","","","","","","","","","","","","","","","","","","","","","","","","","","","",22.2,1,16.5,1,"","","","","","","","","","","","","","","","","","","","","","","","","","",72,1,"","","","","","","","","","","","",19.4,1,1023.3,1,"","","","","","",3,1,0,1,8,1,0,1,0,1,"","","","","","","","","","","","","","","","","","","","","","","","",20000,1,"","",1,1,1,1,"","","","","","","","","","",3,1,270,1,"","","","","","","","","","","","","","","","","","","","","","","","","","","","","","","","","","","","","","","","","","","","","","","","","","","",""
"33236002","CAP-FERRET",44.630667,-1.252,8,1977090818,"","","","",6.,1,340,1,"","","","","","","","","","","","","","","","","","","","","","","","","","","","",19.,1,15.6,1,"","","","","","","","","","","","","","","","","","","","","","","","","","",83,1,"","","","","","","","","","","","",18.2,1,1023.6,1,"","","","","","",7,1,7,1,8,1,"","","","","","","","","","","","","","","","","","","","","","","","","","","","",20000,1,"","",2,1,1,1,"","","","","","","","","","",3,1,270,1,"","","","","","","","","","","","","","","","","","","","","","","","","","","","","","","","","","","","","","","","","","","","","","","","","","","",""
"33236002","CAP-FERRET",44.630667,-1.252,8,1977090821,"","","","",6.,1,340,1,"","","","","","","","","","","","","","","","","","","","","","","","","","","","",18.8,1,15.7,1,"","","","","","","","","","","","","","","","","","","","","","","","","","",84,1,"","","","","","","","","","","","",18.3,1,1025.1,1,"","","","","","",8,1,8,1,5,1,"","","","","","","","","","","","","","","","","","","","","","","","","","","","",16000,1,"","",2,1,2,1,"","","","","","","","","","",3,1,270,1,"","","","","","","","","","","","","","","","","","","","","","","","","","","","","","","","","","","","","","","","","","","","","","","","","","","",""
"33236002","CAP-FERRET",44.630667,-1.252,8,1977090900,"","","","",3.,1,320,1,"","","","","","","","","","","","","","","","","","","","","","","","","","","","","","","","","","","","","","","","","","","","","","","","","","","","","","","","","","","","","","","","","","","","","","","","","","","","","","","","","","","","","","","","","","","","","","","","","","","","","","","","","","","","","","","","","","","","","","","","","","","","","","","","","","","","","","","","","","","","","","","","","","","","","","","","","","","","","","","","","","","","","","","","","","","","","","","","","","","","","","","","","","","","","",""
"33236002","CAP-FERRET",44.630667,-1.252,8,1977090903,"","","","",6.,1,340,1,"","","","","","","","","","","","","","","","","","","","","","","","","","","","",18.,1,18.,1,"","","","","","","","","","","","","","","","","","","","","","","","","","",100,1,"","","","","","","","","","","","",20.6,1,1025.2,1,"","","","","","",8,1,8,1,7,1,"","","","","","","","","","","","","","","","","","","","","","","","","","","","",4000,1,"","",51,1,5,1,"","","","","","","","","","",3,1,270,1,"","","","","","","","","","","","","","","","","","","","","","","","","","","","","","","","","","","","","","","","","","","","","","","","","","","",""
"33236002","CAP-FERRET",44.630667,-1.252,8,1977090906,"","","","",5.,1,40,1,"","","","","","","","","","","","","","","","","","","","","","","","","","","","",16.,1,14.5,1,"","","","","","","","","","","","","","","","","","","","","","","","","","",94,1,"","","","","","","","","","","","",17.,1,1026.2,1,"","","","","","",6,1,6,1,8,1,0,1,0,1,"","","","","","","","","","","","","","","","","","","","","","","","",12000,1,"","",1,1,6,1,"","","","","","","","","","",3,1,270,1,"","","","","","","","","","","","","","","","","","","","","","","","","","","","","","","","","","","","","","","","","","","","","","","","","","","",""
"33236002","CAP-FERRET",44.630667,-1.252,8,1977090909,"","","","",3.,1,60,1,"","","","","","","","","","","","","","","","","","","","","","","","","","","","",18.5,1,13.8,1,"","","","","","","","","","","","","","","","","","","","","","","","","","",76,1,"","","","","","","","","","","","",16.2,1,1028.3,1,"","","","","","",2,1,0,1,2,1,0,1,0,1,"","","","","","","","","","","","","","","","","","","","","","","","",15000,1,"","",1,1,1,1,"","","","","","","","","","",3,1,270,1,"","","","","","","","","","","","","","","","","","","","","","","","","","","","","","","","","","","","","","","","","","","","","","","","","","","",""
"33236002","CAP-FERRET",44.630667,-1.252,8,1977090912,"","","","",3.,1,80,1,"","","","","","","","","","","","","","","","","","","","","","","","","","","","",21.4,1,11.5,1,"","","","","","","","","","","","","","","","","","","","","","","","","","",55,1,"","","","","","","","","","","","",13.9,1,1028.3,1,"","","","","","",2,1,0,1,1,1,0,1,2,1,"","","","","","","","","","","","","","","","","","","","","","","","",18000,1,"","",2,1,1,1,"","","","","","","","","","",3,1,270,1,"","","","","","","","","","","","","","","","","","","","","","","","","","","","","","","","","","","","","","","","","","","","","","","","","","","",""
"33236002","CAP-FERRET",44.630667,-1.252,8,1977090915,"","","","",6.,1,360,1,"","","","","","","","","","","","","","","","","","","","","","","","","","","","",20.6,1,14.1,1,"","","","","","","","","","","","","","","","","","","","","","","","","","",68,1,"","","","","","","","","","","","",16.5,1,1028.,1,"","","","","","",1,1,0,1,1,1,0,1,0,1,"","","","","","","","","","","","","","","","","","","","","","","","",20000,1,"","",2,1,0,1,"","","","","","","","","","",3,1,270,1,"","","","","","","","","","","","","","","","","","","","","","","","","","","","","","","","","","","","","","","","","","","","","","","","","","","",""
"33236002","CAP-FERRET",44.630667,-1.252,8,1977090918,"","","","",5.,1,20,1,"","","","","","","","","","","","","","","","","","","","","","","","","","","","",18.5,1,13.8,1,"","","","","","","","","","","","","","","","","","","","","","","","","","",76,1,"","","","","","","","","","","","",16.2,1,1027.4,1,"","","","","","",0,1,"","",0,1,0,1,0,1,"","","","","","","","","","","","","","","","","","","","","","","","",20000,1,"","",2,1,0,1,"","","","","","","","","","",3,1,270,1,"","","","","","","","","","","","","","","","","","","","","","","","","","","","","","","","","","","","","","","","","","","","","","","","","","","",""
"33236002","CAP-FERRET",44.630667,-1.252,8,1977090921,"","","","",4.,1,60,1,"","","","","","","","","","","","","","","","","","","","","","","","","","","","",15.4,1,12.6,1,"","","","","","","","","","","","","","","","","","","","","","","","","","",85,1,"","","","","","","","","","","","",14.9,1,1028.1,1,"","","","","","",0,1,"","",0,1,0,1,0,1,"","","","","","","","","","","","","","","","","","","","","","","","",20000,1,"","",2,1,0,1,"","","","","","","","","","",3,1,270,1,"","","","","","","","","","","","","","","","","","","","","","","","","","","","","","","","","","","","","","","","","","","","","","","","","","","",""
"33236002","CAP-FERRET",44.630667,-1.252,8,1977091000,"","","","",3.,1,80,1,"","","","","","","","","","","","","","","","","","","","","","","","","","","","","","","","","","","","","","","","","","","","","","","","","","","","","","","","","","","","","","","","","","","","","","","","","","",1027.2,1,"","","","","","","","","","","","","","","","","","","","","","","","","","","","","","","","","","","","","","","","","","","","","","","","","","","","","","","","","","","","","","","","","","","","","","","","","","","","","","","","","","","","","","","","","","","","","","","","","","","","","","","","","","","","","","","","","",""
"33236002","CAP-FERRET",44.630667,-1.252,8,1977091003,"","","","",3.,1,80,1,"","","","","","","","","","","","","","","","","","","","","","","","","","","","",13.4,1,10.4,1,"","","","","","","","","","","","","","","","","","","","","","","","","","",84,1,"","","","","","","","","","","","",12.9,1,1026.7,1,"","","","","","",0,1,"","",0,1,0,1,0,1,"","","","","","","","","","","","","","","","","","","","","","","","",18000,1,"","",0,1,"","","","","","","","","","","","",3,1,"","","","","","","","","","","","","","","","","","","","","","","","","","","","","","","","","","","","","","","","","","","","","","","","","","","","","",""
"33236002","CAP-FERRET",44.630667,-1.252,8,1977091006,"","","","",5.,1,100,1,"","","","","","","","","","","","","","","","","","","","","","","","","","","","",12.,1,9.8,1,"","","","","","","","","","","","","","","","","","","","","","","","","","",88,1,"","","","","","","","","","","","",12.3,1,1026.4,1,"","","","","","",0,1,"","",0,1,0,1,0,1,"","","","","","","","","","","","","","","","","","","","","","","","",18000,1,"","",2,1,0,1,"","","","","","","","","","",2,1,"","","","","","","","","","","","","","","","","","","","","","","","","","","","","","","","","","","","","","","","","","","","","","","","","","","","","",""
"33236002","CAP-FERRET",44.630667,-1.252,8,1977091009,"","","","",1.,1,120,1,"","","","","","","","","","","","","","","","","","","","","","","","","","","","",15.8,1,13.,1,"","","","","","","","","","","","","","","","","","","","","","","","","","",85,1,"","","","","","","","","","","","",15.3,1,1026.7,1,"","","","","","",0,1,"","",0,1,0,1,0,1,"","","","","","","","","","","","","","","","","","","","","","","","",20000,1,"","",2,1,0,1,"","","","","","","","","","",2,1,"","","","","","","","","","","","","","","","","","","","","","","","","","","","","","","","","","","","","","","","","","","","","","","","","","","","","",""
"33236002","CAP-FERRET",44.630667,-1.252,8,1977091012,"","","","",3.,1,100,1,"","","","","","","","","","","","","","","","","","","","","","","","","","","","",22.4,1,10.2,1,"","","","","","","","","","","","","","","","","","","","","","","","","","",47,1,"","","","","","","","","","","","",12.7,1,1025.5,1,"","","","","","",0,1,"","",0,1,0,1,0,1,"","","","","","","","","","","","","","","","","","","","","","","","",20000,1,"","",2,1,0,1,"","","","","","","","","","",2,1,"","","","","","","","","","","","","","","","","","","","","","","","","","","","","","","","","","","","","","","","","","","","","","","","","","","","","",""
"33236002","CAP-FERRET",44.630667,-1.252,8,1977091015,"","","","",5.,1,360,1,"","","","","","","","","","","","","","","","","","","","","","","","","","","","",22.2,1,14.1,1,"","","","","","","","","","","","","","","","","","","","","","","","","","",62,1,"","","","","","","","","","","","",16.5,1,1023.9,1,"","","","","","",0,1,"","",0,1,0,1,0,1,"","","","","","","","","","","","","","","","","","","","","","","","",20000,1,"","",2,1,0,1,"","","","","","","","","","",2,1,"","","","","","","","","","","","","","","","","","","","","","","","","","","","","","","","","","","","","","","","","","","","","","","","","","","","","",""
"33236002","CAP-FERRET",44.630667,-1.252,8,1977091018,"","","","",2.,1,360,1,"","","","","","","","","","","","","","","","","","","","","","","","","","","","",19.,1,15.2,1,"","","","","","","","","","","","","","","","","","","","","","","","","","",81,1,"","","","","","","","","","","","",17.8,1,1023.7,1,"","","","","","",1,1,0,1,0,1,0,1,1,1,"","","","","","","","","","","","","","","","","","","","","","","","",18000,1,"","",2,1,0,1,"","","","","","","","","","",2,1,"","","","","","","","","","","","","","","","","","","","","","","","","","","","","","","","","","","","","","","","","","","","","","","","","","","","","",""
"33236002","CAP-FERRET",44.630667,-1.252,8,1977091021,"","","","",2.,1,80,1,"","","","","","","","","","","","","","","","","","","","","","","","","","","","",15.6,1,14.1,1,"","","","","","","","","","","","","","","","","","","","","","","","","","",93,1,"","","","","","","","","","","","",16.5,1,1023.7,1,"","","","","","",0,1,"","",0,1,0,1,0,1,"","","","","","","","","","","","","","","","","","","","","","","","",20000,1,"","",2,1,0,1,"","","","","","","","","","",2,1,"","","","","","","","","","","","","","","","","","","","","","","","","","","","","","","","","","","","","","","","","","","","","","","","","","","","","",""
"33236002","CAP-FERRET",44.630667,-1.252,8,1977091100,"","","","",3.,1,100,1,"","","","","","","","","","","","","","","","","","","","","","","","","","","","","","","","","","","","","","","","","","","","","","","","","","","","","","","","","","","","","","","","","","","","","","","","","","",1022.2,1,"","","","","","","","","","","","","","","","","","","","","","","","","","","","","","","","","","","","","","","","","","","","","","","","","","","","","","","","","","","","","","","","","","","","","","","","","","","","","","","","","","","","","","","","","","","","","","","","","","","","","","","","","","","","","","","","","",""
"33236002","CAP-FERRET",44.630667,-1.252,8,1977091103,"","","","",3.,1,80,1,"","","","","","","","","","","","","","","","","","","","","","","","","","","","",13.5,1,10.8,1,"","","","","","","","","","","","","","","","","","","","","","","","","","",85,1,"","","","","","","","","","","","",13.2,1,1022.2,1,"","","","","","",0,1,"","",0,1,0,1,0,1,"","","","","","","","","","","","","","","","","","","","","","","","",20000,1,"","",0,1,"","","","","","","","","","","","",2,1,270,1,"","","","","","","","","","","","","","","","","","","","","","","","","","","","","","","","","","","","","","","","","","","","","","","","","","","",""
"33236002","CAP-FERRET",44.630667,-1.252,8,1977091106,"","","","",4.,1,100,1,"","","","","","","","","","","","","","","","","","","","","","","","","","","","",12.5,1,10.1,1,"","","","","","","","","","","","","","","","","","","","","","","","","","",87,1,"","","","","","","","","","","","",12.6,1,1022.2,1,"","","","","","",0,1,"","",0,1,0,1,0,1,"","","","","","","","","","","","","","","","","","","","","","","","",18000,1,"","",2,1,"","","","","","","","","","","","",2,1,270,1,"","","","","","","","","","","","","","","","","","","","","","","","","","","","","","","","","","","","","","","","","","","","","","","","","","","",""
"33236002","CAP-FERRET",44.630667,-1.252,8,1977091109,"","","","",3.,1,100,1,"","","","","","","","","","","","","","","","","","","","","","","","","","","","",20.8,1,12.7,1,"","","","","","","","","","","","","","","","","","","","","","","","","","",61,1,"","","","","","","","","","","","",15.,1,1022.2,1,"","","","","","",0,1,"","",0,1,0,1,0,1,"","","","","","","","","","","","","","","","","","","","","","","","",18000,1,"","",2,1,0,1,"","","","","","","","","","",2,1,270,1,"","","","","","","","","","","","","","","","","","","","","","","","","","","","","","","","","","","","","","","","","","","","","","","","","","","",""
"33236002","CAP-FERRET",44.630667,-1.252,8,1977091112,"","","","",0.,1,0,1,"","","","","","","","","","","","","","","","","","","","","","","","","","","","",27.5,1,13.3,1,"","","","","","","","","","","","","","","","","","","","","","","","","","",43,1,"","","","","","","","","","","","",15.7,1,1021.7,1,"","","","","","",0,1,"","",0,1,0,1,0,1,"","","","","","","","","","","","","","","","","","","","","","","","",18000,1,"","",2,1,0,1,"","","","","","","","","","",2,1,270,1,"","","","","","","","","","","","","","","","","","","","","","","","","","","","","","","","","","","","","","","","","","","","","","","","","","","",""
"33236002","CAP-FERRET",44.630667,-1.252,8,1977091115,"","","","",1.,1,80,1,"","","","","","","","","","","","","","","","","","","","","","","","","","","","",30.4,1,12.9,1,"","","","","","","","","","","","","","","","","","","","","","","","","","",35,1,"","","","","","","","","","","","",15.2,1,1020.5,1,"","","","","","",0,1,"","",0,1,0,1,0,1,"","","","","","","","","","","","","","","","","","","","","","","","",18000,1,"","",2,1,0,1,"","","","","","","","","","",2,1,"","","","","","","","","","","","","","","","","","","","","","","","","","","","","","","","","","","","","","","","","","","","","","","","","","","","","",""
"33236002","CAP-FERRET",44.630667,-1.252,8,1977091118,"","","","",0.,1,0,1,"","","","","","","","","","","","","","","","","","","","","","","","","","","","",24.5,1,17.6,1,"","","","","","","","","","","","","","","","","","","","","","","","","","",68,1,"","","","","","","","","","","","",20.8,1,1020.4,1,"","","","","","",0,1,"","",0,1,0,1,0,1,"","","","","","","","","","","","","","","","","","","","","","","","",25000,1,"","",2,1,0,1,"","","","","","","","","","",1,1,"","","","","","","","","","","","","","","","","","","","","","","","","","","","","","","","","","","","","","","","","","","","","","","","","","","","","",""
"33236002","CAP-FERRET",44.630667,-1.252,8,1977091121,"","","","",4.,1,120,1,"","","","","","","","","","","","","","","","","","","","","","","","","","","","",20.8,1,14.7,1,"","","","","","","","","","","","","","","","","","","","","","","","","","",70,1,"","","","","","","","","","","","",17.2,1,1020.9,1,"","","","","","",0,1,"","",0,1,0,1,0,1,"","","","","","","","","","","","","","","","","","","","","","","","",25000,1,"","",2,1,0,1,"","","","","","","","","","",1,1,"","","","","","","","","","","","","","","","","","","","","","","","","","","","","","","","","","","","","","","","","","","","","","","","","","","","","",""
"33236002","CAP-FERRET",44.630667,-1.252,8,1977091200,"","","","",0.,1,0,1,"","","","","","","","","","","","","","","","","","","","","","","","","","","","","","","","","","","","","","","","","","","","","","","","","","","","","","","","","","","","","","","","","","","","","","","","","","",1021.1,1,"","","","","","","","","","","","","","","","","","","","","","","","","","","","","","","","","","","","","","","","","","","","","","","","","","","","","","","","","","","","","","","","","","","","","","","","","","","","","","","","","","","","","","","","","","","","","","","","","","","","","","","","","","","","","","","","","",""
"33236002","CAP-FERRET",44.630667,-1.252,8,1977091203,"","","","",0.,1,0,1,"","","","","","","","","","","","","","","","","","","","","","","","","","","","",14.,1,13.2,1,"","","","","","","","","","","","","","","","","","","","","","","","","","",94,1,"","","","","","","","","","","","",15.6,1,1021.1,1,"","","","","","",0,1,"","",0,1,0,1,0,1,"","","","","","","","","","","","","","","","","","","","","","","","",16000,1,"","",0,1,"","","","","","","","","","","","",2,1,"","","","","","","","","","","","","","","","","","","","","","","","","","","","","","","","","","","","","","","","","","","","","","","","","","","","","",""
"33236002","CAP-FERRET",44.630667,-1.252,8,1977091206,"","","","",0.,1,0,1,"","","","","","","","","","","","","","","","","","","","","","","","","","","","",13.8,1,13.8,1,"","","","","","","","","","","","","","","","","","","","","","","","","","",100,1,"","","","","","","","","","","","",15.8,1,1021.5,1,"","","","","","",0,1,"","",0,1,0,1,0,1,"","","","","","","","","","","","","","","","","","","","","","","","",16000,1,"","",2,1,0,1,"","","","","","","","","","",2,1,"","","","","","","","","","","","","","","","","","","","","","","","","","","","","","","","","","","","","","","","","","","","","","","","","","","","","",""
"33236002","CAP-FERRET",44.630667,-1.252,8,1977091209,"","","","",4.,1,320,1,"","","","","","","","","","","","","","","","","","","","","","","","","","","","",22.8,1,17.6,1,"","","","","","","","","","","","","","","","","","","","","","","","","","",75,1,"","","","","","","","","","","","",20.8,1,1023.1,1,"","","","","","",1,1,0,1,0,1,0,1,1,1,"","","","","","","","","","","","","","","","","","","","","","","","",8000,1,"","",2,1,0,1,"","","","","","","","","","",2,1,"","","","","","","","","","","","","","","","","","","","","","","","","","","","","","","","","","","","","","","","","","","","","","","","","","","","","",""
"33236002","CAP-FERRET",44.630667,-1.252,8,1977091212,"","","","",4.,1,280,1,"","","","","","","","","","","","","","","","","","","","","","","","","","","","",23.6,1,18.7,1,"","","","","","","","","","","","","","","","","","","","","","","","","","",77,1,"","","","","","","","","","","","",22.3,1,1023.1,1,"","","","","","",0,1,"","",0,1,0,1,0,1,"","","","","","","","","","","","","","","","","","","","","","","","",10000,1,"","",2,1,0,1,"","","","","","","","","","",2,1,270,1,"","","","","","","","","","","","","","","","","","","","","","","","","","","","","","","","","","","","","","","","","","","","","","","","","","","",""
"33236002","CAP-FERRET",44.630667,-1.252,8,1977091215,"","","","",4.,1,260,1,"","","","","","","","","","","","","","","","","","","","","","","","","","","","",22.,1,18.3,1,"","","","","","","","","","","","","","","","","","","","","","","","","","",83,1,"","","","","","","","","","","","",21.8,1,1023.3,1,"","","","","","",6,1,6,1,6,1,0,1,0,1,"","","","","","","","","","","","","","","","","","","","","","","","",6000,1,"","",3,1,1,1,"","","","","","","","","","",2,1,270,1,"","","","","","","","","","","","","","","","","","","","","","","","","","","","","","","","","","","","","","","","","","","","","","","","","","","",""
"33236002","CAP-FERRET",44.630667,-1.252,8,1977091218,"","","","",4.,1,260,1,"","","","","","","","","","","","","","","","","","","","","","","","","","","","",20.,1,17.6,1,"","","","","","","","","","","","","","","","","","","","","","","","","","",89,1,"","","","","","","","","","","","",20.8,1,1023.1,1,"","","","","","",7,1,7,1,6,1,"","","","","","","","","","","","","","","","","","","","","","","","","","","","",9000,1,"","",3,1,1,1,"","","","","","","","","","",2,1,270,1,"","","","","","","","","","","","","","","","","","","","","","","","","","","","","","","","","","","","","","","","","","","","","","","","","","","",""
"33236002","CAP-FERRET",44.630667,-1.252,8,1977091221,"","","","",4.,1,320,1,"","","","","","","","","","","","","","","","","","","","","","","","","","","","",19.4,1,16.6,1,"","","","","","","","","","","","","","","","","","","","","","","","","","",87,1,"","","","","","","","","","","","",19.5,1,1023.9,1,"","","","","","",8,1,8,1,6,1,"","","","","","","","","","","","","","","","","","","","","","","","","","","","",12000,1,"","",2,1,2,1,"","","","","","","","","","",2,1,270,1,"","","","","","","","","","","","","","","","","","","","","","","","","","","","","","","","","","","","","","","","","","","","","","","","","","","",""
"33236002","CAP-FERRET",44.630667,-1.252,8,1977091300,"","","","",3.,1,280,1,"","","","","","","","","","","","","","","","","","","","","","","","","","","","","","","","","","","","","","","","","","","","","","","","","","","","","","","","","","","","","","","","","","","","","","","","","","",1024.4,1,"","","","","","","","","","","","","","","","","","","","","","","","","","","","","","","","","","","","","","","","","","","","","","","","","","","","","","","","","","","","","","","","","","","","","","","","","","","","","","","","","","","","","","","","","","","","","","","","","","","","","","","","","","","","","","","","","",""
"33236002","CAP-FERRET",44.630667,-1.252,8,1977091303,"","","","",4.,1,300,1,"","","","","","","","","","","","","","","","","","","","","","","","","","","","",18.4,1,14.5,1,"","","","","","","","","","","","","","","","","","","","","","","","","","",81,1,"","","","","","","","","","","","",17.,1,1024.,1,"","","","","","",7,1,7,1,5,1,"","","","","","","","","","","","","","","","","","","","","","","","","","","","",12000,1,"","",0,1,"","","","","","","","","","","","",2,1,270,1,"","","","","","","","","","","","","","","","","","","","","","","","","","","","","","","","","","","","","","","","","","","","","","","","","","","",""
"33236002","CAP-FERRET",44.630667,-1.252,8,1977091306,"","","","",4.,1,300,1,"","","","","","","","","","","","","","","","","","","","","","","","","","","","",17.6,1,13.7,1,"","","","","","","","","","","","","","","","","","","","","","","","","","",80,1,"","","","","","","","","","","","",16.1,1,1024.,1,"","","","","","",8,1,8,1,5,1,"","","","","","","","","","","","","","","","","","","","","","","","","","","","",10000,1,"","",2,1,"","","","","","","","","","","","",2,1,270,1,"","","","","","","","","","","","","","","","","","","","","","","","","","","","","","","","","","","","","","","","","","","","","","","","","","","",""
"33236002","CAP-FERRET",44.630667,-1.252,8,1977091309,"","","","",3.,1,320,1,"","","","","","","","","","","","","","","","","","","","","","","","","","","","",18.6,1,14.1,1,"","","","","","","","","","","","","","","","","","","","","","","","","","",77,1,"","","","","","","","","","","","",16.5,1,1025.2,1,"","","","","","",8,1,8,1,5,1,"","","","","","","","","","","","","","","","","","","","","","","","","","","","",12000,1,"","",2,1,2,1,"","","","","","","","","","",2,1,270,1,"","","","","","","","","","","","","","","","","","","","","","","","","","","","","","","","","","","","","","","","","","","","","","","","","","","",""
"33236002","CAP-FERRET",44.630667,-1.252,8,1977091312,"","","","",2.,1,300,1,"","","","","","","","","","","","","","","","","","","","","","","","","","","","",21.4,1,14.6,1,"","","","","","","","","","","","","","","","","","","","","","","","","","",67,1,"","","","","","","","","","","","",17.1,1,1025.5,1,"","","","","","",7,1,7,1,5,1,"","","","","","","","","","","","","","","","","","","","","","","","","","","","",10000,1,"","",1,1,2,1,"","","","","","","","","","",2,1,270,1,"","","","","","","","","","","","","","","","","","","","","","","","","","","","","","","","","","","","","","","","","","","","","","","","","","","",""
"33236002","CAP-FERRET",44.630667,-1.252,8,1977091315,"","","","",2.,1,280,1,"","","","","","","","","","","","","","","","","","","","","","","","","","","","",22.,1,13.8,1,"","","","","","","","","","","","","","","","","","","","","","","","","","",61,1,"","","","","","","","","","","","",16.2,1,1025.2,1,"","","","","","",5,1,0,1,5,1,0,1,2,1,"","","","","","","","","","","","","","","","","","","","","","","","",12000,1,"","",1,1,2,1,"","","","","","","","","","",2,1,270,1,"","","","","","","","","","","","","","","","","","","","","","","","","","","","","","","","","","","","","","","","","","","","","","","","","","","",""
"33236002","CAP-FERRET",44.630667,-1.252,8,1977091318,"","","","",2.,1,360,1,"","","","","","","","","","","","","","","","","","","","","","","","","","","","",19.6,1,14.8,1,"","","","","","","","","","","","","","","","","","","","","","","","","","",76,1,"","","","","","","","","","","","",17.3,1,1025.6,1,"","","","","","",7,1,7,1,5,1,"","","","","","","","","","","","","","","","","","","","","","","","","","","","",12000,1,"","",3,1,2,1,"","","","","","","","","","",2,1,270,1,"","","","","","","","","","","","","","","","","","","","","","","","","","","","","","","","","","","","","","","","","","","","","","","","","","","",""
"33236002","CAP-FERRET",44.630667,-1.252,8,1977091321,"","","","",4.,1,80,1,"","","","","","","","","","","","","","","","","","","","","","","","","","","","",18.6,1,15.5,1,"","","","","","","","","","","","","","","","","","","","","","","","","","",84,1,"","","","","","","","","","","","",18.1,1,1026.5,1,"","","","","","",7,1,7,1,5,1,"","","","","","","","","","","","","","","","","","","","","","","","","","","","",12000,1,"","",2,1,2,1,"","","","","","","","","","",2,1,270,1,"","","","","","","","","","","","","","","","","","","","","","","","","","","","","","","","","","","","","","","","","","","","","","","","","","","",""
"33236002","CAP-FERRET",44.630667,-1.252,8,1977091400,"","","","",2.,1,60,1,"","","","","","","","","","","","","","","","","","","","","","","","","","","","","","","","","","","","","","","","","","","","","","","","","","","","","","","","","","","","","","","","","","","","","","","","","","",1025.9,1,"","","","","","","","","","","","","","","","","","","","","","","","","","","","","","","","","","","","","","","","","","","","","","","","","","","","","","","","","","","","","","","","","","","","","","","","","","","","","","","","","","","","","","","","","","","","","","","","","","","","","","","","","","","","","","","","","",""
"33236002","CAP-FERRET",44.630667,-1.252,8,1977091403,"","","","",5.,1,80,1,"","","","","","","","","","","","","","","","","","","","","","","","","","","","",15.6,1,12.1,1,"","","","","","","","","","","","","","","","","","","","","","","","","","",81,1,"","","","","","","","","","","","",14.4,1,1025.9,1,"","","","","","",0,1,"","",0,1,0,1,0,1,"","","","","","","","","","","","","","","","","","","","","","","","",14000,1,"","",0,1,"","","","","","","","","","","","",2,1,270,1,"","","","","","","","","","","","","","","","","","","","","","","","","","","","","","","","","","","","","","","","","","","","","","","","","","","",""
"33236002","CAP-FERRET",44.630667,-1.252,8,1977091406,"","","","",5.,1,80,1,"","","","","","","","","","","","","","","","","","","","","","","","","","","","",13.5,1,10.3,1,"","","","","","","","","","","","","","","","","","","","","","","","","","",83,1,"","","","","","","","","","","","",12.8,1,1026.1,1,"","","","","","",0,1,"","",0,1,0,1,0,1,"","","","","","","","","","","","","","","","","","","","","","","","",18000,1,"","",2,1,0,1,"","","","","","","","","","",2,1,270,1,"","","","","","","","","","","","","","","","","","","","","","","","","","","","","","","","","","","","","","","","","","","","","","","","","","","",""
"33236002","CAP-FERRET",44.630667,-1.252,8,1977091409,"","","","",2.,1,100,1,"","","","","","","","","","","","","","","","","","","","","","","","","","","","",19.2,1,9.6,1,"","","","","","","","","","","","","","","","","","","","","","","","","","",55,1,"","","","","","","","","","","","",12.2,1,1027.1,1,"","","","","","",0,1,"","",0,1,0,1,0,1,"","","","","","","","","","","","","","","","","","","","","","","","",18000,1,"","",2,1,0,1,"","","","","","","","","","",2,1,270,1,"","","","","","","","","","","","","","","","","","","","","","","","","","","","","","","","","","","","","","","","","","","","","","","","","","","",""
"33236002","CAP-FERRET",44.630667,-1.252,8,1977091412,"","","","",5.,1,60,1,"","","","","","","","","","","","","","","","","","","","","","","","","","","","",21.,1,13.5,1,"","","","","","","","","","","","","","","","","","","","","","","","","","",63,1,"","","","","","","","","","","","",15.9,1,1026.7,1,"","","","","","",0,1,"","",0,1,0,1,0,1,"","","","","","","","","","","","","","","","","","","","","","","","",20000,1,"","",2,1,0,1,"","","","","","","","","","",2,1,270,1,"","","","","","","","","","","","","","","","","","","","","","","","","","","","","","","","","","","","","","","","","","","","","","","","","","","",""
"33236002","CAP-FERRET",44.630667,-1.252,8,1977091415,"","","","",3.,1,360,1,"","","","","","","","","","","","","","","","","","","","","","","","","","","","",23.8,1,13.3,1,"","","","","","","","","","","","","","","","","","","","","","","","","","",53,1,"","","","","","","","","","","","",15.7,1,1025.1,1,"","","","","","",0,1,"","",0,1,0,1,0,1,"","","","","","","","","","","","","","","","","","","","","","","","",20000,1,"","",2,1,0,1,"","","","","","","","","","",2,1,270,1,"","","","","","","","","","","","","","","","","","","","","","","","","","","","","","","","","","","","","","","","","","","","","","","","","","","",""
"33236002","CAP-FERRET",44.630667,-1.252,8,1977091418,"","","","",4.,1,360,1,"","","","","","","","","","","","","","","","","","","","","","","","","","","","",20.6,1,12.7,1,"","","","","","","","","","","","","","","","","","","","","","","","","","",62,1,"","","","","","","","","","","","",15.,1,1024.7,1,"","","","","","",0,1,"","",0,1,0,1,0,1,"","","","","","","","","","","","","","","","","","","","","","","","",16000,1,"","",2,1,0,1,"","","","","","","","","","",2,1,270,1,"","","","","","","","","","","","","","","","","","","","","","","","","","","","","","","","","","","","","","","","","","","","","","","","","","","",""
"33236002","CAP-FERRET",44.630667,-1.252,8,1977091421,"","","","",2.,1,60,1,"","","","","","","","","","","","","","","","","","","","","","","","","","","","",17.,1,13.4,1,"","","","","","","","","","","","","","","","","","","","","","","","","","",82,1,"","","","","","","","","","","","",15.8,1,1025.1,1,"","","","","","",0,1,"","",0,1,0,1,0,1,"","","","","","","","","","","","","","","","","","","","","","","","",14000,1,"","",2,1,0,1,"","","","","","","","","","",2,1,270,1,"","","","","","","","","","","","","","","","","","","","","","","","","","","","","","","","","","","","","","","","","","","","","","","","","","","",""
"33236002","CAP-FERRET",44.630667,-1.252,8,1977091500,"","","","",3.,1,60,1,"","","","","","","","","","","","","","","","","","","","","","","","","","","","","","","","","","","","","","","","","","","","","","","","","","","","","","","","","","","","","","","","","","","","","","","","","","",1024.8,1,"","","","","","","","","","","","","","","","","","","","","","","","","","","","","","","","","","","","","","","","","","","","","","","","","","","","","","","","","","","","","","","","","","","","","","","","","","","","","","","","","","","","","","","","","","","","","","","","","","","","","","","","","","","","","","","","","",""
"33236002","CAP-FERRET",44.630667,-1.252,8,1977091503,"","","","",4.,1,80,1,"","","","","","","","","","","","","","","","","","","","","","","","","","","","",14.5,1,11.7,1,"","","","","","","","","","","","","","","","","","","","","","","","","","",86,1,"","","","","","","","","","","","",14.1,1,1023.4,1,"","","","","","",0,1,"","",0,1,0,1,0,1,"","","","","","","","","","","","","","","","","","","","","","","","",18000,1,"","",0,1,"","","","","","","","","","","","",2,1,"","","","","","","","","","","","","","","","","","","","","","","","","","","","","","","","","","","","","","","","","","","","","","","","","","","","","",""
"33236002","CAP-FERRET",44.630667,-1.252,8,1977091506,"","","","",3.,1,80,1,"","","","","","","","","","","","","","","","","","","","","","","","","","","","",13.4,1,12.3,1,"","","","","","","","","","","","","","","","","","","","","","","","","","",95,1,"","","","","","","","","","","","",14.6,1,1022.5,1,"","","","","","",0,1,"","",0,1,0,1,0,1,"","","","","","","","","","","","","","","","","","","","","","","","",5000,1,"","",2,1,"","","","","","","","","","","","",2,1,"","","","","","","","","","","","","","","","","","","","","","","","","","","","","","","","","","","","","","","","","","","","","","","","","","","","","",""
"33236002","CAP-FERRET",44.630667,-1.252,8,1977091509,"","","","",3.,1,100,1,"","","","","","","","","","","","","","","","","","","","","","","","","","","","",19.5,1,13.4,1,"","","","","","","","","","","","","","","","","","","","","","","","","","",70,1,"","","","","","","","","","","","",15.8,1,1022.2,1,"","","","","","",0,1,"","",0,1,0,1,0,1,"","","","","","","","","","","","","","","","","","","","","","","","",6000,1,"","",2,1,0,1,"","","","","","","","","","",2,1,"","","","","","","","","","","","","","","","","","","","","","","","","","","","","","","","","","","","","","","","","","","","","","","","","","","","","",""
"33236002","CAP-FERRET",44.630667,-1.252,8,1977091512,"","","","",3.,1,100,1,"","","","","","","","","","","","","","","","","","","","","","","","","","","","",25.,1,16.5,1,"","","","","","","","","","","","","","","","","","","","","","","","","","",61,1,"","","","","","","","","","","","",19.4,1,1020.3,1,"","","","","","",0,1,"","",0,1,0,1,0,1,"","","","","","","","","","","","","","","","","","","","","","","","",8000,1,"","",2,1,0,1,"","","","","","","","","","",2,1,"","","","","","","","","","","","","","","","","","","","","","","","","","","","","","","","","","","","","","","","","","","","","","","","","","","","","",""
"33236002","CAP-FERRET",44.630667,-1.252,8,1977091515,"","","","",5.,1,360,1,"","","","","","","","","","","","","","","","","","","","","","","","","","","","",24.6,1,17.3,1,"","","","","","","","","","","","","","","","","","","","","","","","","","",66,1,"","","","","","","","","","","","",20.4,1,1018.3,1,"","","","","","",0,1,"","",0,1,0,1,0,1,"","","","","","","","","","","","","","","","","","","","","","","","",8000,1,"","",2,1,0,1,"","","","","","","","","","",2,1,"","","","","","","","","","","","","","","","","","","","","","","","","","","","","","","","","","","","","","","","","","","","","","","","","","","","","",""
"33236002","CAP-FERRET",44.630667,-1.252,8,1977091518,"","","","",2.,1,20,1,"","","","","","","","","","","","","","","","","","","","","","","","","","","","",22.5,1,17.7,1,"","","","","","","","","","","","","","","","","","","","","","","","","","",77,1,"","","","","","","","","","","","",20.9,1,1017.5,1,"","","","","","",0,1,"","",0,1,0,1,0,1,"","","","","","","","","","","","","","","","","","","","","","","","",8000,1,"","",2,1,0,1,"","","","","","","","","","",2,1,"","","","","","","","","","","","","","","","","","","","","","","","","","","","","","","","","","","","","","","","","","","","","","","","","","","","","",""
"33236002","CAP-FERRET",44.630667,-1.252,8,1977091521,"","","","",3.,1,60,1,"","","","","","","","","","","","","","","","","","","","","","","","","","","","",19.3,1,17.2,1,"","","","","","","","","","","","","","","","","","","","","","","","","","",90,1,"","","","","","","","","","","","",20.2,1,1017.8,1,"","","","","","",0,1,"","",0,1,0,1,0,1,"","","","","","","","","","","","","","","","","","","","","","","","",8000,1,"","",2,1,0,1,"","","","","","","","","","",2,1,"","","","","","","","","","","","","","","","","","","","","","","","","","","","","","","","","","","","","","","","","","","","","","","","","","","","","",""
"33236002","CAP-FERRET",44.630667,-1.252,8,1977091600,"","","","",3.,1,60,1,"","","","","","","","","","","","","","","","","","","","","","","","","","","","","","","","","","","","","","","","","","","","","","","","","","","","","","","","","","","","","","","","","","","","","","","","","","",1016.9,1,"","","","","","","","","","","","","","","","","","","","","","","","","","","","","","","","","","","","","","","","","","","","","","","","","","","","","","","","","","","","","","","","","","","","","","","","","","","","","","","","","","","","","","","","","","","","","","","","","","","","","","","","","","","","","","","","","",""
"33236002","CAP-FERRET",44.630667,-1.252,8,1977091603,"","","","",3.,1,80,1,"","","","","","","","","","","","","","","","","","","","","","","","","","","","",16.2,1,14.8,1,"","","","","","","","","","","","","","","","","","","","","","","","","","",94,1,"","","","","","","","","","","","",17.3,1,1015.9,1,"","","","","","",0,1,"","",0,1,0,1,0,1,"","","","","","","","","","","","","","","","","","","","","","","","",8000,1,"","",0,1,"","","","","","","","","","","","",2,1,"","","","","","","","","","","","","","","","","","","","","","","","","","","","","","","","","","","","","","","","","","","","","","","","","","","","","",""
"33236002","CAP-FERRET",44.630667,-1.252,8,1977091606,"","","","",1.,1,80,1,"","","","","","","","","","","","","","","","","","","","","","","","","","","","",15.,1,14.2,1,"","","","","","","","","","","","","","","","","","","","","","","","","","",97,1,"","","","","","","","","","","","",16.6,1,1015.7,1,"","","","","","",0,1,"","",0,1,0,1,0,1,"","","","","","","","","","","","","","","","","","","","","","","","",6000,1,"","",2,1,0,1,"","","","","","","","","","",2,1,"","","","","","","","","","","","","","","","","","","","","","","","","","","","","","","","","","","","","","","","","","","","","","","","","","","","","",""
"33236002","CAP-FERRET",44.630667,-1.252,8,1977091609,"","","","",1.,1,80,1,"","","","","","","","","","","","","","","","","","","","","","","","","","","","",18.,1,14.2,1,"","","","","","","","","","","","","","","","","","","","","","","","","","",80,1,"","","","","","","","","","","","",16.6,1,1016.1,1,"","","","","","",0,1,"","",0,1,0,1,0,1,"","","","","","","","","","","","","","","","","","","","","","","","",8000,1,"","",2,1,0,1,"","","","","","","","","","",2,1,"","","","","","","","","","","","","","","","","","","","","","","","","","","","","","","","","","","","","","","","","","","","","","","","","","","","","",""
"33236002","CAP-FERRET",44.630667,-1.252,8,1977091612,"","","","",2.,1,300,1,"","","","","","","","","","","","","","","","","","","","","","","","","","","","",22.2,1,16.2,1,"","","","","","","","","","","","","","","","","","","","","","","","","","",71,1,"","","","","","","","","","","","",19.,1,1015.5,1,"","","","","","",1,1,0,1,1,1,0,1,0,1,"","","","","","","","","","","","","","","","","","","","","","","","",8000,1,"","",3,1,0,1,"","","","","","","","","","",2,1,"","","","","","","","","","","","","","","","","","","","","","","","","","","","","","","","","","","","","","","","","","","","","","","","","","","","","",""
"33236002","CAP-FERRET",44.630667,-1.252,8,1977091615,"","","","",3.,1,340,1,"","","","","","","","","","","","","","","","","","","","","","","","","","","","",21.8,1,18.1,1,"","","","","","","","","","","","","","","","","","","","","","","","","","",82,1,"","","","","","","","","","","","",21.5,1,1014.1,1,"","","","","","",0,1,"","",0,1,0,1,0,1,"","","","","","","","","","","","","","","","","","","","","","","","",8000,1,"","",2,1,0,1,"","","","","","","","","","",2,1,"","","","","","","","","","","","","","","","","","","","","","","","","","","","","","","","","","","","","","","","","","","","","","","","","","","","","",""
"33236002","CAP-FERRET",44.630667,-1.252,8,1977091618,"","","","",2.,1,360,1,"","","","","","","","","","","","","","","","","","","","","","","","","","","","",19.6,1,16.1,1,"","","","","","","","","","","","","","","","","","","","","","","","","","",80,1,"","","","","","","","","","","","",18.9,1,1013.8,1,"","","","","","",0,1,"","",0,1,0,1,0,1,"","","","","","","","","","","","","","","","","","","","","","","","",8000,1,"","",2,1,0,1,"","","","","","","","","","",2,1,"","","","","","","","","","","","","","","","","","","","","","","","","","","","","","","","","","","","","","","","","","","","","","","","","","","","","",""
"33236002","CAP-FERRET",44.630667,-1.252,8,1977091621,"","","","",7.,1,60,1,"","","","","","","","","","","","","","","","","","","","","","","","","","","","",18.4,1,13.5,1,"","","","","","","","","","","","","","","","","","","","","","","","","","",75,1,"","","","","","","","","","","","",15.9,1,1014.1,1,"","","","","","",0,1,"","",0,1,0,1,0,1,"","","","","","","","","","","","","","","","","","","","","","","","",12000,1,"","",2,1,0,1,"","","","","","","","","","",2,1,"","","","","","","","","","","","","","","","","","","","","","","","","","","","","","","","","","","","","","","","","","","","","","","","","","","","","",""
"33236002","CAP-FERRET",44.630667,-1.252,8,1977091700,"","","","",8.,1,60,1,"","","","","","","","","","","","","","","","","","","","","","","","","","","","","","","","","","","","","","","","","","","","","","","","","","","","","","","","","","","","","","","","","","","","","","","","","","","","","","","","","","","","","","","","","","","","","","","","","","","","","","","","","","","","","","","","","","","","","","","","","","","","","","","","","","","","","","","","","","","","","","","","","","","","","","","","","","","","","","","","","","","","","","","","","","","","","","","","","","","","","","","","","","","","","",""
"33236002","CAP-FERRET",44.630667,-1.252,8,1977091703,"","","","",7.,1,60,1,"","","","","","","","","","","","","","","","","","","","","","","","","","","","",14.8,1,10.8,1,"","","","","","","","","","","","","","","","","","","","","","","","","","",78,1,"","","","","","","","","","","","",13.2,1,1014.3,1,"","","","","","",0,1,"","",0,1,0,1,0,1,"","","","","","","","","","","","","","","","","","","","","","","","",15000,1,"","",0,1,"","","","","","","","","","","","",3,1,50,1,"","","","","","","","","","","","","","","","","","","","","","","","","","","","","","","","","","","","","","","","","","","","","","","","","","","",""
"33236002","CAP-FERRET",44.630667,-1.252,8,1977091706,"","","","",7.,1,40,1,"","","","","","","","","","","","","","","","","","","","","","","","","","","","",13.2,1,7.7,1,"","","","","","","","","","","","","","","","","","","","","","","","","","",71,1,"","","","","","","","","","","","",10.7,1,1014.6,1,"","","","","","",4,1,0,1,0,1,7,1,2,1,"","","","","","","","","","","","","","","","","","","","","","","","",15000,1,"","",0,1,"","","","","","","","","","","","",3,1,50,1,"","","","","","","","","","","","","","","","","","","","","","","","","","","","","","","","","","","","","","","","","","","","","","","","","","","",""
"33236002","CAP-FERRET",44.630667,-1.252,8,1977091709,"","","","",8.,1,60,1,"","","","","","","","","","","","","","","","","","","","","","","","","","","","",13.2,1,7.7,1,"","","","","","","","","","","","","","","","","","","","","","","","","","",71,1,"","","","","","","","","","","","",10.7,1,1015.4,1,"","","","","","",5,1,0,1,0,1,1,1,2,1,"","","","","","","","","","","","","","","","","","","","","","","","",18000,1,"","",3,1,1,1,"","","","","","","","","","",3,1,50,1,"","","","","","","","","","","","","","","","","","","","","","","","","","","","","","","","","","","","","","","","","","","","","","","","","","","",""
"33236002","CAP-FERRET",44.630667,-1.252,8,1977091712,"","","","",7.,1,60,1,"","","","","","","","","","","","","","","","","","","","","","","","","","","","",15.5,1,8.,1,"","","","","","","","","","","","","","","","","","","","","","","","","","",62,1,"","","","","","","","","","","","",10.9,1,1015.3,1,"","","","","","",3,1,0,1,0,1,0,1,8,1,"","","","","","","","","","","","","","","","","","","","","","","","",20000,1,"","",1,1,1,1,"","","","","","","","","","",3,1,50,1,"","","","","","","","","","","","","","","","","","","","","","","","","","","","","","","","","","","","","","","","","","","","","","","","","","","",""
"33236002","CAP-FERRET",44.630667,-1.252,8,1977091715,"","","","",7.,1,60,1,"","","","","","","","","","","","","","","","","","","","","","","","","","","","",19.6,1,7.2,1,"","","","","","","","","","","","","","","","","","","","","","","","","","",45,1,"","","","","","","","","","","","",10.3,1,1015.,1,"","","","","","",3,1,0,1,0,1,0,1,2,1,"","","","","","","","","","","","","","","","","","","","","","","","",18000,1,"","",2,1,0,1,"","","","","","","","","","",3,1,50,1,"","","","","","","","","","","","","","","","","","","","","","","","","","","","","","","","","","","","","","","","","","","","","","","","","","","",""
"33236002","CAP-FERRET",44.630667,-1.252,8,1977091718,"","","","",8.,1,60,1,"","","","","","","","","","","","","","","","","","","","","","","","","","","","",17.4,1,6.4,1,"","","","","","","","","","","","","","","","","","","","","","","","","","",49,1,"","","","","","","","","","","","",9.7,1,1015.5,1,"","","","","","",0,1,"","",0,1,0,1,0,1,"","","","","","","","","","","","","","","","","","","","","","","","",20000,1,"","",1,1,0,1,"","","","","","","","","","",3,1,50,1,"","","","","","","","","","","","","","","","","","","","","","","","","","","","","","","","","","","","","","","","","","","","","","","","","","","",""
"33236002","CAP-FERRET",44.630667,-1.252,8,1977091721,"","","","",8.,1,60,1,"","","","","","","","","","","","","","","","","","","","","","","","","","","","",14.3,1,5.6,1,"","","","","","","","","","","","","","","","","","","","","","","","","","",57,1,"","","","","","","","","","","","",9.2,1,1017.7,1,"","","","","","",0,1,"","",0,1,0,1,0,1,"","","","","","","","","","","","","","","","","","","","","","","","",20000,1,"","",2,1,0,1,"","","","","","","","","","",3,1,50,1,"","","","","","","","","","","","","","","","","","","","","","","","","","","","","","","","","","","","","","","","","","","","","","","","","","","",""
"33236002","CAP-FERRET",44.630667,-1.252,8,1977091800,"","","","",7.,1,60,1,"","","","","","","","","","","","","","","","","","","","","","","","","","","","","","","","","","","","","","","","","","","","","","","","","","","","","","","","","","","","","","","","","","","","","","","","","","",1018.9,1,"","","","","","","","","","","","","","","","","","","","","","","","","","","","","","","","","","","","","","","","","","","","","","","","","","","","","","","","","","","","","","","","","","","","","","","","","","","","","","","","","","","","","","","","","","","","","","","","","","","","","","","","","","","","","","","","","",""
"33236002","CAP-FERRET",44.630667,-1.252,8,1977091803,"","","","",6.,1,60,1,"","","","","","","","","","","","","","","","","","","","","","","","","","","","",9.6,1,6.5,1,"","","","","","","","","","","","","","","","","","","","","","","","","","",82,1,"","","","","","","","","","","","",9.8,1,1018.1,1,"","","","","","",0,1,"","",0,1,0,1,0,1,"","","","","","","","","","","","","","","","","","","","","","","","",18000,1,"","",0,1,"","","","","","","","","","","","","","","","","","","","","","","","","","","","","","","","","","","","","","","","","","","","","","","","","","","","","","","","","","","","","","","","","","","",""
"33236002","CAP-FERRET",44.630667,-1.252,8,1977091806,"","","","",6.,1,60,1,"","","","","","","","","","","","","","","","","","","","","","","","","","","","",9.8,1,7.1,1,"","","","","","","","","","","","","","","","","","","","","","","","","","",84,1,"","","","","","","","","","","","",10.2,1,1019.1,1,"","","","","","",0,1,"","",0,1,0,1,0,1,"","","","","","","","","","","","","","","","","","","","","","","","",22000,1,"","",2,1,0,1,"","","","","","","","","","",3,1,"","","","","","","","","","","","","","","","","","","","","","","","","","","","","","","","","","","","","","","","","","","","","","","","","","","","","",""
"33236002","CAP-FERRET",44.630667,-1.252,8,1977091809,"","","","",8.,1,60,1,"","","","","","","","","","","","","","","","","","","","","","","","","","","","",13.2,1,6.4,1,"","","","","","","","","","","","","","","","","","","","","","","","","","",64,1,"","","","","","","","","","","","",9.7,1,1019.7,1,"","","","","","",0,1,"","",0,1,0,1,0,1,"","","","","","","","","","","","","","","","","","","","","","","","",22000,1,"","",2,1,0,1,"","","","","","","","","","","","","","","","","","","","","","","","","","","","","","","","","","","","","","","","","","","","","","","","","","","","","","","","","","","","","","","","","",""
"33236002","CAP-FERRET",44.630667,-1.252,8,1977091812,"","","","",8.,1,80,1,"","","","","","","","","","","","","","","","","","","","","","","","","","","","",17.5,1,4.2,1,"","","","","","","","","","","","","","","","","","","","","","","","","","",41,1,"","","","","","","","","","","","",8.3,1,1019.5,1,"","","","","","",0,1,"","",0,1,0,1,0,1,"","","","","","","","","","","","","","","","","","","","","","","","",22000,1,"","",2,1,0,1,"","","","","","","","","","",3,1,"","","","","","","","","","","","","","","","","","","","","","","","","","","","","","","","","","","","","","","","","","","","","","","","","","","","","",""
"33236002","CAP-FERRET",44.630667,-1.252,8,1977091815,"","","","",7.,1,60,1,"","","","","","","","","","","","","","","","","","","","","","","","","","","","",18.5,1,4.5,1,"","","","","","","","","","","","","","","","","","","","","","","","","","",40,1,"","","","","","","","","","","","",8.5,1,1018.7,1,"","","","","","",0,1,"","",0,1,0,1,0,1,"","","","","","","","","","","","","","","","","","","","","","","","",24000,1,"","",2,1,0,1,"","","","","","","","","","","","","","","","","","","","","","","","","","","","","","","","","","","","","","","","","","","","","","","","","","","","","","","","","","","","","","","","","",""
"33236002","CAP-FERRET",44.630667,-1.252,8,1977091818,"","","","",8.,1,60,1,"","","","","","","","","","","","","","","","","","","","","","","","","","","","",16.8,1,4.5,1,"","","","","","","","","","","","","","","","","","","","","","","","","","",45,1,"","","","","","","","","","","","",8.5,1,1018.5,1,"","","","","","",0,1,"","",0,1,0,1,0,1,"","","","","","","","","","","","","","","","","","","","","","","","",24000,1,"","",2,1,0,1,"","","","","","","","","","",3,1,"","","","","","","","","","","","","","","","","","","","","","","","","","","","","","","","","","","","","","","","","","","","","","","","","","","","","",""
"33236002","CAP-FERRET",44.630667,-1.252,8,1977091821,"","","","",7.,1,60,1,"","","","","","","","","","","","","","","","","","","","","","","","","","","","",14.8,1,4.5,1,"","","","","","","","","","","","","","","","","","","","","","","","","","",50,1,"","","","","","","","","","","","",8.5,1,1020.1,1,"","","","","","",0,1,"","",0,1,0,1,0,1,"","","","","","","","","","","","","","","","","","","","","","","","",18000,1,"","",2,1,0,1,"","","","","","","","","","","","","","","","","","","","","","","","","","","","","","","","","","","","","","","","","","","","","","","","","","","","","","","","","","","","","","","","","",""
"33236002","CAP-FERRET",44.630667,-1.252,8,1977091900,"","","","",7.,1,60,1,"","","","","","","","","","","","","","","","","","","","","","","","","","","","","","","","","","","","","","","","","","","","","","","","","","","","","","","","","","","","","","","","","","","","","","","","","","","","","","","","","","","","","","","","","","","","","","","","","","","","","","","","","","","","","","","","","","","","","","","","","","","","","","","","","","","","","","","","","","","","","","","","","","","","","","","","","","","","","","","","","","","","","","","","","","","","","","","","","","","","","","","","","","","","","",""
"33236002","CAP-FERRET",44.630667,-1.252,8,1977091903,"","","","",7.,1,60,1,"","","","","","","","","","","","","","","","","","","","","","","","","","","","",9.5,1,4.5,1,"","","","","","","","","","","","","","","","","","","","","","","","","","",71,1,"","","","","","","","","","","","",8.5,1,1020.5,1,"","","","","","",0,1,"","",0,1,0,1,0,1,"","","","","","","","","","","","","","","","","","","","","","","","",18000,1,"","",0,1,"","","","","","","","","","","","",3,1,"","","","","","","","","","","","","","","","","","","","","","","","","","","","","","","","","","","","","","","","","","","","","","","","","","","","","",""
"33236002","CAP-FERRET",44.630667,-1.252,8,1977091906,"","","","",5.,1,40,1,"","","","","","","","","","","","","","","","","","","","","","","","","","","","",8.,1,5.1,1,"","","","","","","","","","","","","","","","","","","","","","","","","","",83,1,"","","","","","","","","","","","",8.9,1,1021.,1,"","","","","","",0,1,"","",0,1,0,1,0,1,"","","","","","","","","","","","","","","","","","","","","","","","",18000,1,"","",0,1,"","","","","","","","","","","","",3,1,"","","","","","","","","","","","","","","","","","","","","","","","","","","","","","","","","","","","","","","","","","","","","","","","","","","","","",""
"33236002","CAP-FERRET",44.630667,-1.252,8,1977091909,"","","","",6.,1,60,1,"","","","","","","","","","","","","","","","","","","","","","","","","","","","",13.,1,6.2,1,"","","","","","","","","","","","","","","","","","","","","","","","","","",64,1,"","","","","","","","","","","","",9.6,1,1021.3,1,"","","","","","",2,1,0,1,0,1,0,1,2,1,"","","","","","","","","","","","","","","","","","","","","","","","",20000,1,"","",3,1,0,1,"","","","","","","","","","",3,1,"","","","","","","","","","","","","","","","","","","","","","","","","","","","","","","","","","","","","","","","","","","","","","","","","","","","","",""
"33236002","CAP-FERRET",44.630667,-1.252,8,1977091912,"","","","",4.,1,40,1,"","","","","","","","","","","","","","","","","","","","","","","","","","","","",16.6,1,5.8,1,"","","","","","","","","","","","","","","","","","","","","","","","","","",49,1,"","","","","","","","","","","","",9.3,1,1020.6,1,"","","","","","",2,1,0,1,0,1,0,1,2,1,"","","","","","","","","","","","","","","","","","","","","","","","",20000,1,"","",2,1,0,1,"","","","","","","","","","",3,1,"","","","","","","","","","","","","","","","","","","","","","","","","","","","","","","","","","","","","","","","","","","","","","","","","","","","","",""
"33236002","CAP-FERRET",44.630667,-1.252,8,1977091915,"","","","",4.,1,40,1,"","","","","","","","","","","","","","","","","","","","","","","","","","","","",17.,1,5.3,1,"","","","","","","","","","","","","","","","","","","","","","","","","","",47,1,"","","","","","","","","","","","",9.,1,1019.5,1,"","","","","","",6,1,6,1,0,1,0,1,8,1,"","","","","","","","","","","","","","","","","","","","","","","","",18000,1,"","",3,1,1,1,"","","","","","","","","","",2,1,"","","","","","","","","","","","","","","","","","","","","","","","","","","","","","","","","","","","","","","","","","","","","","","","","","","","","",""
"33236002","CAP-FERRET",44.630667,-1.252,8,1977091918,"","","","",3.,1,20,1,"","","","","","","","","","","","","","","","","","","","","","","","","","","","",15.,1,5.5,1,"","","","","","","","","","","","","","","","","","","","","","","","","","",54,1,"","","","","","","","","","","","",9.1,1,1019.5,1,"","","","","","",5,1,5,1,0,1,0,1,8,1,"","","","","","","","","","","","","","","","","","","","","","","","",20000,1,"","",1,1,1,1,"","","","","","","","","","",2,1,"","","","","","","","","","","","","","","","","","","","","","","","","","","","","","","","","","","","","","","","","","","","","","","","","","","","","",""
"33236002","CAP-FERRET",44.630667,-1.252,8,1977091921,"","","","",5.,1,40,1,"","","","","","","","","","","","","","","","","","","","","","","","","","","","",13.3,1,6.4,1,"","","","","","","","","","","","","","","","","","","","","","","","","","",63,1,"","","","","","","","","","","","",9.7,1,1020.3,1,"","","","","","",0,1,"","",0,1,0,1,0,1,"","","","","","","","","","","","","","","","","","","","","","","","",20000,1,"","",0,1,1,1,"","","","","","","","","","",2,1,"","","","","","","","","","","","","","","","","","","","","","","","","","","","","","","","","","","","","","","","","","","","","","","","","","","","","",""
"33236002","CAP-FERRET",44.630667,-1.252,8,1977092000,"","","","",5.,1,40,1,"","","","","","","","","","","","","","","","","","","","","","","","","","","","","","","","","","","","","","","","","","","","","","","","","","","","","","","","","","","","","","","","","","","","","","","","","","",1019.8,1,"","","","","","","","","","","","","","","","","","","","","","","","","","","","","","","","","","","","","","","","","","","","","","","","","","","","","","","","","","","","","","","","","","","","","","","","","","","","","","","","","","","","","","","","","","","","","","","","","","","","","","","","","","","","","","","","","",""
"33236002","CAP-FERRET",44.630667,-1.252,8,1977092003,"","","","",4.,1,40,1,"","","","","","","","","","","","","","","","","","","","","","","","","","","","",9.4,1,5.8,1,"","","","","","","","","","","","","","","","","","","","","","","","","","",79,1,"","","","","","","","","","","","",9.3,1,1019.8,1,"","","","","","",0,1,"","",0,1,0,1,0,1,"","","","","","","","","","","","","","","","","","","","","","","","",18000,1,"","",0,1,"","","","","","","","","","","","",2,1,"","","","","","","","","","","","","","","","","","","","","","","","","","","","","","","","","","","","","","","","","","","","","","","","","","","","","",""
"33236002","CAP-FERRET",44.630667,-1.252,8,1977092006,"","","","",3.,1,40,1,"","","","","","","","","","","","","","","","","","","","","","","","","","","","",8.4,1,5.6,1,"","","","","","","","","","","","","","","","","","","","","","","","","","",84,1,"","","","","","","","","","","","",9.2,1,1020.2,1,"","","","","","",1,1,0,1,5,1,0,1,0,1,"","","","","","","","","","","","","","","","","","","","","","","","",15000,1,"","",2,1,0,1,"","","","","","","","","","",2,1,"","","","","","","","","","","","","","","","","","","","","","","","","","","","","","","","","","","","","","","","","","","","","","","","","","","","","",""
"33236002","CAP-FERRET",44.630667,-1.252,8,1977092009,"","","","",2.,1,40,1,"","","","","","","","","","","","","","","","","","","","","","","","","","","","",13.,1,7.1,1,"","","","","","","","","","","","","","","","","","","","","","","","","","",68,1,"","","","","","","","","","","","",10.2,1,1021.8,1,"","","","","","",0,1,"","",0,1,0,1,0,1,"","","","","","","","","","","","","","","","","","","","","","","","",15000,1,"","",2,1,0,1,"","","","","","","","","","",2,1,"","","","","","","","","","","","","","","","","","","","","","","","","","","","","","","","","","","","","","","","","","","","","","","","","","","","","",""
"33236002","CAP-FERRET",44.630667,-1.252,8,1977092012,"","","","",4.,1,60,1,"","","","","","","","","","","","","","","","","","","","","","","","","","","","",16.5,1,2.6,1,"","","","","","","","","","","","","","","","","","","","","","","","","","",40,1,"","","","","","","","","","","","",7.4,1,1021.,1,"","","","","","",1,1,0,1,1,1,0,1,0,1,"","","","","","","","","","","","","","","","","","","","","","","","",18000,1,"","",3,1,0,1,"","","","","","","","","","",3,1,270,1,"","","","","","","","","","","","","","","","","","","","","","","","","","","","","","","","","","","","","","","","","","","","","","","","","","","",""
"33236002","CAP-FERRET",44.630667,-1.252,8,1977092015,"","","","",3.,1,60,1,"","","","","","","","","","","","","","","","","","","","","","","","","","","","",17.4,1,5.9,1,"","","","","","","","","","","","","","","","","","","","","","","","","","",47,1,"","","","","","","","","","","","",9.4,1,1020.2,1,"","","","","","",2,1,0,1,2,1,0,1,0,1,"","","","","","","","","","","","","","","","","","","","","","","","",18000,1,"","",3,1,0,1,"","","","","","","","","","",3,1,270,1,"","","","","","","","","","","","","","","","","","","","","","","","","","","","","","","","","","","","","","","","","","","","","","","","","","","",""
"33236002","CAP-FERRET",44.630667,-1.252,8,1977092018,"","","","",3.,1,20,1,"","","","","","","","","","","","","","","","","","","","","","","","","","","","",15.,1,7.2,1,"","","","","","","","","","","","","","","","","","","","","","","","","","",60,1,"","","","","","","","","","","","",10.3,1,1020.4,1,"","","","","","",0,1,"","",0,1,0,1,0,1,"","","","","","","","","","","","","","","","","","","","","","","","",20000,1,"","",1,1,0,1,"","","","","","","","","","",3,1,270,1,"","","","","","","","","","","","","","","","","","","","","","","","","","","","","","","","","","","","","","","","","","","","","","","","","","","",""
"33236002","CAP-FERRET",44.630667,-1.252,8,1977092021,"","","","",2.,1,60,1,"","","","","","","","","","","","","","","","","","","","","","","","","","","","",12.5,1,7.6,1,"","","","","","","","","","","","","","","","","","","","","","","","","","",73,1,"","","","","","","","","","","","",10.6,1,1021.2,1,"","","","","","",0,1,"","",0,1,0,1,0,1,"","","","","","","","","","","","","","","","","","","","","","","","",18000,1,"","",2,1,0,1,"","","","","","","","","","",3,1,270,1,"","","","","","","","","","","","","","","","","","","","","","","","","","","","","","","","","","","","","","","","","","","","","","","","","","","",""
"33236002","CAP-FERRET",44.630667,-1.252,8,1977092100,"","","","",3.,1,80,1,"","","","","","","","","","","","","","","","","","","","","","","","","","","","","","","","","","","","","","","","","","","","","","","","","","","","","","","","","","","","","","","","","","","","","","","","","","",1018.7,1,"","","","","","","","","","","","","","","","","","","","","","","","","","","","","","","","","","","","","","","","","","","","","","","","","","","","","","","","","","","","","","","","","","","","","","","","","","","","","","","","","","","","","","","","","","","","","","","","","","","","","","","","","","","","","","","","","",""
"33236002","CAP-FERRET",44.630667,-1.252,8,1977092103,"","","","",3.,1,80,1,"","","","","","","","","","","","","","","","","","","","","","","","","","","","",9.4,1,6.2,1,"","","","","","","","","","","","","","","","","","","","","","","","","","",82,1,"","","","","","","","","","","","",9.6,1,1019.7,1,"","","","","","",0,1,"","",0,1,0,1,0,1,"","","","","","","","","","","","","","","","","","","","","","","","",18000,1,"","",0,1,"","","","","","","","","","","","",2,1,"","","","","","","","","","","","","","","","","","","","","","","","","","","","","","","","","","","","","","","","","","","","","","","","","","","","","",""
"33236002","CAP-FERRET",44.630667,-1.252,8,1977092106,"","","","",2.,1,80,1,"","","","","","","","","","","","","","","","","","","","","","","","","","","","",7.4,1,5.,1,"","","","","","","","","","","","","","","","","","","","","","","","","","",86,1,"","","","","","","","","","","","",8.8,1,1019.6,1,"","","","","","",2,1,0,1,0,1,0,1,2,1,"","","","","","","","","","","","","","","","","","","","","","","","",6000,1,"","",0,1,"","","","","","","","","","","","",2,1,"","","","","","","","","","","","","","","","","","","","","","","","","","","","","","","","","","","","","","","","","","","","","","","","","","","","","",""
"33236002","CAP-FERRET",44.630667,-1.252,8,1977092109,"","","","",2.,1,80,1,"","","","","","","","","","","","","","","","","","","","","","","","","","","","",12.8,1,6.4,1,"","","","","","","","","","","","","","","","","","","","","","","","","","",66,1,"","","","","","","","","","","","",9.7,1,1019.8,1,"","","","","","",2,1,0,1,0,1,0,1,1,1,"","","","","","","","","","","","","","","","","","","","","","","","",10000,1,"","",2,1,0,1,"","","","","","","","","","",2,1,"","","","","","","","","","","","","","","","","","","","","","","","","","","","","","","","","","","","","","","","","","","","","","","","","","","","","",""
"33236002","CAP-FERRET",44.630667,-1.252,8,1977092112,"","","","",4.,1,60,1,"","","","","","","","","","","","","","","","","","","","","","","","","","","","",16.5,1,5.3,1,"","","","","","","","","","","","","","","","","","","","","","","","","","",48,1,"","","","","","","","","","","","",9.,1,1018.9,1,"","","","","","",3,1,0,1,0,1,0,1,8,1,"","","","","","","","","","","","","","","","","","","","","","","","",14000,1,"","",3,1,0,1,"","","","","","","","","","",2,1,"","","","","","","","","","","","","","","","","","","","","","","","","","","","","","","","","","","","","","","","","","","","","","","","","","","","","",""
"33236002","CAP-FERRET",44.630667,-1.252,8,1977092115,"","","","",4.,1,60,1,"","","","","","","","","","","","","","","","","","","","","","","","","","","","",17.5,1,5.8,1,"","","","","","","","","","","","","","","","","","","","","","","","","","",47,1,"","","","","","","","","","","","",9.3,1,1018.3,1,"","","","","","",4,1,0,1,0,1,3,1,2,1,"","","","","","","","","","","","","","","","","","","","","","","","",15000,1,"","",3,1,0,1,"","","","","","","","","","",2,1,"","","","","","","","","","","","","","","","","","","","","","","","","","","","","","","","","","","","","","","","","","","","","","","","","","","","","",""
"33236002","CAP-FERRET",44.630667,-1.252,8,1977092118,"","","","",2.,1,80,1,"","","","","","","","","","","","","","","","","","","","","","","","","","","","",15.2,1,6.9,1,"","","","","","","","","","","","","","","","","","","","","","","","","","",59,1,"","","","","","","","","","","","",10.1,1,1018.7,1,"","","","","","",5,1,0,1,0,1,3,1,2,1,"","","","","","","","","","","","","","","","","","","","","","","","",18000,1,"","",3,1,1,1,"","","","","","","","","","",2,1,"","","","","","","","","","","","","","","","","","","","","","","","","","","","","","","","","","","","","","","","","","","","","","","","","","","","","",""
"33236002","CAP-FERRET",44.630667,-1.252,8,1977092121,"","","","",3.,1,20,1,"","","","","","","","","","","","","","","","","","","","","","","","","","","","",14.4,1,7.9,1,"","","","","","","","","","","","","","","","","","","","","","","","","","",66,1,"","","","","","","","","","","","",10.8,1,1019.8,1,"","","","","","",5,1,0,1,5,1,3,1,2,1,"","","","","","","","","","","","","","","","","","","","","","","","",18000,1,"","",0,1,"","","","","","","","","","","","",2,1,"","","","","","","","","","","","","","","","","","","","","","","","","","","","","","","","","","","","","","","","","","","","","","","","","","","","","",""
"33236002","CAP-FERRET",44.630667,-1.252,8,1977092200,"","","","",3.,1,40,1,"","","","","","","","","","","","","","","","","","","","","","","","","","","","","","","","","","","","","","","","","","","","","","","","","","","","","","","","","","","","","","","","","","","","","","","","","","",1019.4,1,"","","","","","","","","","","","","","","","","","","","","","","","","","","","","","","","","","","","","","","","","","","","","","","","","","","","","","","","","","","","","","","","","","","","","","","","","","","","","","","","","","","","","","","","","","","","","","","","","","","","","","","","","","","","","","","","","",""
"33236002","CAP-FERRET",44.630667,-1.252,8,1977092203,"","","","",1.,1,100,1,"","","","","","","","","","","","","","","","","","","","","","","","","","","","",10.8,1,8.9,1,"","","","","","","","","","","","","","","","","","","","","","","","","","",90,1,"","","","","","","","","","","","",11.6,1,1019.4,1,"","","","","","",0,1,"","",0,1,0,1,0,1,"","","","","","","","","","","","","","","","","","","","","","","","",9000,1,"","",0,1,"","","","","","","","","","","","",2,1,270,1,"","","","","","","","","","","","","","","","","","","","","","","","","","","","","","","","","","","","","","","","","","","","","","","","","","","",""
"33236002","CAP-FERRET",44.630667,-1.252,8,1977092206,"","","","",1.,1,100,1,"","","","","","","","","","","","","","","","","","","","","","","","","","","","",11.2,1,8.5,1,"","","","","","","","","","","","","","","","","","","","","","","","","","",85,1,"","","","","","","","","","","","",11.3,1,1020.,1,"","","","","","",8,1,8,1,5,1,"","","","","","","","","","","","","","","","","","","","","","","","","","","","",12000,1,"","",3,1,1,1,"","","","","","","","","","",2,1,270,1,"","","","","","","","","","","","","","","","","","","","","","","","","","","","","","","","","","","","","","","","","","","","","","","","","","","",""
"33236002","CAP-FERRET",44.630667,-1.252,8,1977092209,"","","","",0.,1,0,1,"","","","","","","","","","","","","","","","","","","","","","","","","","","","",15.,1,8.9,1,"","","","","","","","","","","","","","","","","","","","","","","","","","",68,1,"","","","","","","","","","","","",11.6,1,1021.4,1,"","","","","","",6,1,6,1,5,1,0,1,0,1,"","","","","","","","","","","","","","","","","","","","","","","","",12000,1,"","",1,1,2,1,"","","","","","","","","","",2,1,270,1,"","","","","","","","","","","","","","","","","","","","","","","","","","","","","","","","","","","","","","","","","","","","","","","","","","","",""
"33236002","CAP-FERRET",44.630667,-1.252,8,1977092212,"","","","",1.,1,300,1,"","","","","","","","","","","","","","","","","","","","","","","","","","","","",18.4,1,8.7,1,"","","","","","","","","","","","","","","","","","","","","","","","","","",54,1,"","","","","","","","","","","","",11.4,1,1021.,1,"","","","","","",3,1,0,1,5,1,0,1,0,1,"","","","","","","","","","","","","","","","","","","","","","","","",15000,1,"","",1,1,1,1,"","","","","","","","","","",2,1,270,1,"","","","","","","","","","","","","","","","","","","","","","","","","","","","","","","","","","","","","","","","","","","","","","","","","","","",""
"33236002","CAP-FERRET",44.630667,-1.252,8,1977092215,"","","","",5.,1,340,1,"","","","","","","","","","","","","","","","","","","","","","","","","","","","",18.8,1,10.,1,"","","","","","","","","","","","","","","","","","","","","","","","","","",58,1,"","","","","","","","","","","","",12.5,1,1020.4,1,"","","","","","",1,1,0,1,5,1,0,1,0,1,"","","","","","","","","","","","","","","","","","","","","","","","",16000,1,"","",1,1,0,1,"","","","","","","","","","",2,1,270,1,"","","","","","","","","","","","","","","","","","","","","","","","","","","","","","","","","","","","","","","","","","","","","","","","","","","",""
"33236002","CAP-FERRET",44.630667,-1.252,8,1977092218,"","","","",4.,1,360,1,"","","","","","","","","","","","","","","","","","","","","","","","","","","","",15.4,1,10.7,1,"","","","","","","","","","","","","","","","","","","","","","","","","","",74,1,"","","","","","","","","","","","",13.1,1,1020.4,1,"","","","","","",0,1,"","",0,1,0,1,0,1,"","","","","","","","","","","","","","","","","","","","","","","","",18000,1,"","",2,1,0,1,"","","","","","","","","","",2,1,270,1,"","","","","","","","","","","","","","","","","","","","","","","","","","","","","","","","","","","","","","","","","","","","","","","","","","","",""
"33236002","CAP-FERRET",44.630667,-1.252,8,1977092221,"","","","",4.,1,60,1,"","","","","","","","","","","","","","","","","","","","","","","","","","","","",13.2,1,10.2,1,"","","","","","","","","","","","","","","","","","","","","","","","","","",84,1,"","","","","","","","","","","","",12.7,1,1020.8,1,"","","","","","",0,1,"","",0,1,0,1,0,1,"","","","","","","","","","","","","","","","","","","","","","","","",16000,1,"","",2,1,0,1,"","","","","","","","","","",2,1,270,1,"","","","","","","","","","","","","","","","","","","","","","","","","","","","","","","","","","","","","","","","","","","","","","","","","","","",""
"33236002","CAP-FERRET",44.630667,-1.252,8,1977092300,"","","","",2.,1,80,1,"","","","","","","","","","","","","","","","","","","","","","","","","","","","","","","","","","","","","","","","","","","","","","","","","","","","","","","","","","","","","","","","","","","","","","","","","","",1020.4,1,"","","","","","","","","","","","","","","","","","","","","","","","","","","","","","","","","","","","","","","","","","","","","","","","","","","","","","","","","","","","","","","","","","","","","","","","","","","","","","","","","","","","","","","","","","","","","","","","","","","","","","","","","","","","","","","","","",""
"33236002","CAP-FERRET",44.630667,-1.252,8,1977092303,"","","","",1.,1,80,1,"","","","","","","","","","","","","","","","","","","","","","","","","","","","",10.,1,9.3,1,"","","","","","","","","","","","","","","","","","","","","","","","","","",97,1,"","","","","","","","","","","","",11.9,1,1019.4,1,"","","","","","",0,1,"","",0,1,0,1,0,1,"","","","","","","","","","","","","","","","","","","","","","","","",12000,1,"","",0,1,"","","","","","","","","","","","",2,1,270,1,"","","","","","","","","","","","","","","","","","","","","","","","","","","","","","","","","","","","","","","","","","","","","","","","","","","",""
"33236002","CAP-FERRET",44.630667,-1.252,8,1977092306,"","","","",4.,1,100,1,"","","","","","","","","","","","","","","","","","","","","","","","","","","","",9.4,1,8.4,1,"","","","","","","","","","","","","","","","","","","","","","","","","","",95,1,"","","","","","","","","","","","",11.2,1,1018.9,1,"","","","","","",1,1,0,1,0,1,0,1,1,1,"","","","","","","","","","","","","","","","","","","","","","","","",6000,1,"","",2,1,"","","","","","","","","","","","",2,1,270,1,"","","","","","","","","","","","","","","","","","","","","","","","","","","","","","","","","","","","","","","","","","","","","","","","","","","",""
"33236002","CAP-FERRET",44.630667,-1.252,8,1977092309,"","","","",2.,1,100,1,"","","","","","","","","","","","","","","","","","","","","","","","","","","","",15.,1,9.4,1,"","","","","","","","","","","","","","","","","","","","","","","","","","",70,1,"","","","","","","","","","","","",12.,1,1018.4,1,"","","","","","",2,1,0,1,0,1,0,1,2,1,"","","","","","","","","","","","","","","","","","","","","","","","",8000,1,"","",2,1,0,1,"","","","","","","","","","",2,1,270,1,"","","","","","","","","","","","","","","","","","","","","","","","","","","","","","","","","","","","","","","","","","","","","","","","","","","",""
"33236002","CAP-FERRET",44.630667,-1.252,8,1977092312,"","","","",6.,1,100,1,"","","","","","","","","","","","","","","","","","","","","","","","","","","","",19.8,1,9.3,1,"","","","","","","","","","","","","","","","","","","","","","","","","","",52,1,"","","","","","","","","","","","",11.9,1,1016.1,1,"","","","","","",3,1,0,1,0,1,0,1,8,1,"","","","","","","","","","","","","","","","","","","","","","","","",12000,1,"","",3,1,0,1,"","","","","","","","","","",2,1,270,1,"","","","","","","","","","","","","","","","","","","","","","","","","","","","","","","","","","","","","","","","","","","","","","","","","","","",""
"33236002","CAP-FERRET",44.630667,-1.252,8,1977092315,"","","","",6.,1,100,1,"","","","","","","","","","","","","","","","","","","","","","","","","","","","",20.2,1,8.9,1,"","","","","","","","","","","","","","","","","","","","","","","","","","",49,1,"","","","","","","","","","","","",11.6,1,1013.6,1,"","","","","","",7,1,7,1,0,1,7,1,"","","","","","","","","","","","","","","","","","","","","","","","","","",15000,1,"","",3,1,1,1,"","","","","","","","","","",2,1,270,1,"","","","","","","","","","","","","","","","","","","","","","","","","","","","","","","","","","","","","","","","","","","","","","","","","","","",""
"33236002","CAP-FERRET",44.630667,-1.252,8,1977092318,"","","","",5.,1,100,1,"","","","","","","","","","","","","","","","","","","","","","","","","","","","",18.,1,10.8,1,"","","","","","","","","","","","","","","","","","","","","","","","","","",64,1,"","","","","","","","","","","","",13.2,1,1012.1,1,"","","","","","",8,1,7,1,0,1,7,1,"","","","","","","","","","","","","","","","","","","","","","","","","","",15000,1,"","",2,1,2,1,"","","","","","","","","","",2,1,270,1,"","","","","","","","","","","","","","","","","","","","","","","","","","","","","","","","","","","","","","","","","","","","","","","","","","","",""
"33236002","CAP-FERRET",44.630667,-1.252,8,1977092321,"","","","",5.,1,100,1,"","","","","","","","","","","","","","","","","","","","","","","","","","","","",16.4,1,10.1,1,"","","","","","","","","","","","","","","","","","","","","","","","","","",68,1,"","","","","","","","","","","","",12.6,1,1010.9,1,"","","","","","",8,1,8,1,0,1,7,1,"","","","","","","","","","","","","","","","","","","","","","","","","","",15000,1,"","",2,1,2,1,"","","","","","","","","","",2,1,270,1,"","","","","","","","","","","","","","","","","","","","","","","","","","","","","","","","","","","","","","","","","","","","","","","","","","","",""
"33236002","CAP-FERRET",44.630667,-1.252,8,1977092400,"","","","",5.,1,180,1,"","","","","","","","","","","","","","","","","","","","","","","","","","","","","","","","","","","","","","","","","","","","","","","","","","","","","","","","","","","","","","","","","","","","","","","","","","",1009.9,1,"","","","","","","","","","","","","","","","","","","","","","","","","","","","","","","","","","","","","","","","","","","","","","","","","","","","","","","","","","","","","","","","","","","","","","","","","","","","","","","","","","","","","","","","","","","","","","","","","","","","","","","","","","","","","","","","","",""
"33236002","CAP-FERRET",44.630667,-1.252,8,1977092403,"","","","",4.,1,120,1,"","","","","","","","","","","","","","","","","","","","","","","","","","","","",14.5,1,12.9,1,"","","","","","","","","","","","","","","","","","","","","","","","","","",92,1,"","","","","","","","","","","","",15.2,1,1008.4,1,"","","","","","",7,1,7,1,5,1,"","","","","","","","","","","","","","","","","","","","","","","","","","","","",12000,1,"","",0,1,"","","","","","","","","","","","",3,1,270,1,"","","","","","","","","","","","","","","","","","","","","","","","","","","","","","","","","","","","","","","","","","","","","","","","","","","",""
"33236002","CAP-FERRET",44.630667,-1.252,8,1977092406,"","","","",4.,1,200,1,"","","","","","","","","","","","","","","","","","","","","","","","","","","","",15.4,1,14.3,1,"","","","","","","","","","","","","","","","","","","","","","","","","","",95,1,"","","","","","","","","","","","",16.7,1,1009.4,1,"","","","","","",6,1,6,1,8,1,0,1,0,1,"","","","","","","","","","","","","","","","","","","","","","","","",14000,1,"","",1,1,8,1,"","","","","","","","","","",3,1,270,1,"","","","","","","","","","","","","","","","","","","","","","","","","","","","","","","","","","","","","","","","","","","","","","","","","","","",""
"33236002","CAP-FERRET",44.630667,-1.252,8,1977092409,"","","","",4.,1,240,1,"","","","","","","","","","","","","","","","","","","","","","","","","","","","",18.4,1,15.9,1,"","","","","","","","","","","","","","","","","","","","","","","","","","",88,1,"","","","","","","","","","","","",18.6,1,1011.4,1,"","","","","","",6,1,6,1,8,1,0,1,0,1,"","","","","","","","","","","","","","","","","","","","","","","","",8000,1,"","",2,1,2,1,"","","","","","","","","","",3,1,270,1,"","","","","","","","","","","","","","","","","","","","","","","","","","","","","","","","","","","","","","","","","","","","","","","","","","","",""
"33236002","CAP-FERRET",44.630667,-1.252,8,1977092412,"","","","",4.,1,260,1,"","","","","","","","","","","","","","","","","","","","","","","","","","","","",19.8,1,17.4,1,"","","","","","","","","","","","","","","","","","","","","","","","","","",89,1,"","","","","","","","","","","","",20.5,1,1012.4,1,"","","","","","",5,1,5,1,8,1,0,1,0,1,"","","","","","","","","","","","","","","","","","","","","","","","",12000,1,"","",1,1,2,1,"","","","","","","","","","",3,1,270,1,"","","","","","","","","","","","","","","","","","","","","","","","","","","","","","","","","","","","","","","","","","","","","","","","","","","",""
"33236002","CAP-FERRET",44.630667,-1.252,8,1977092415,"","","","",5.,1,240,1,"","","","","","","","","","","","","","","","","","","","","","","","","","","","",19.4,1,16.6,1,"","","","","","","","","","","","","","","","","","","","","","","","","","",86,1,"","","","","","","","","","","","",19.5,1,1013.,1,"","","","","","",5,1,0,1,8,1,6,1,3,1,"","","","","","","","","","","","","","","","","","","","","","","","",16000,1,"","",2,1,2,1,"","","","","","","","","","",3,1,270,1,"","","","","","","","","","","","","","","","","","","","","","","","","","","","","","","","","","","","","","","","","","","","","","","","","","","",""
"33236002","CAP-FERRET",44.630667,-1.252,8,1977092418,"","","","",4.,1,240,1,"","","","","","","","","","","","","","","","","","","","","","","","","","","","",17.5,1,16.6,1,"","","","","","","","","","","","","","","","","","","","","","","","","","",97,1,"","","","","","","","","","","","",19.5,1,1014.,1,"","","","","","",5,1,0,1,8,1,6,1,3,1,"","","","","","","","","","","","","","","","","","","","","","","","",16000,1,"","",2,1,2,1,"","","","","","","","","","",3,1,270,1,"","","","","","","","","","","","","","","","","","","","","","","","","","","","","","","","","","","","","","","","","","","","","","","","","","","",""
"33236002","CAP-FERRET",44.630667,-1.252,8,1977092421,"","","","",3.,1,240,1,"","","","","","","","","","","","","","","","","","","","","","","","","","","","",16.4,1,15.6,1,"","","","","","","","","","","","","","","","","","","","","","","","","","",98,1,"","","","","","","","","","","","",18.2,1,1015.,1,"","","","","","",5,1,5,1,5,1,0,1,0,1,"","","","","","","","","","","","","","","","","","","","","","","","",12000,1,"","",2,1,2,1,"","","","","","","","","","",4,1,270,1,"","","","","","","","","","","","","","","","","","","","","","","","","","","","","","","","","","","","","","","","","","","","","","","","","","","",""
"33236002","CAP-FERRET",44.630667,-1.252,8,1977092500,"","","","",4.,1,220,1,"","","","","","","","","","","","","","","","","","","","","","","","","","","","","","","","","","","","","","","","","","","","","","","","","","","","","","","","","","","","","","","","","","","","","","","","","","",1015.5,1,"","","","","","","","","","","","","","","","","","","","","","","","","","","","","","","","","","","","","","","","","","","","","","","","","","","","","","","","","","","","","","","","","","","","","","","","","","","","","","","","","","","","","","","","","","","","","","","","","","","","","","","","","","","","","","","","","",""
"33236002","CAP-FERRET",44.630667,-1.252,8,1977092503,"","","","",3.,1,200,1,"","","","","","","","","","","","","","","","","","","","","","","","","","","","",14.8,1,14.8,1,"","","","","","","","","","","","","","","","","","","","","","","","","","",100,1,"","","","","","","","","","","","",16.8,1,1015.5,1,"","","","","","",4,1,0,1,5,1,0,1,0,1,"","","","","","","","","","","","","","","","","","","","","","","","",12000,1,"","",0,1,"","","","","","","","","","","","",3,1,270,1,"","","","","","","","","","","","","","","","","","","","","","","","","","","","","","","","","","","","","","","","","","","","","","","","","","","",""
"33236002","CAP-FERRET",44.630667,-1.252,8,1977092506,"","","","",2.,1,220,1,"","","","","","","","","","","","","","","","","","","","","","","","","","","","",13.8,1,13.8,1,"","","","","","","","","","","","","","","","","","","","","","","","","","",100,1,"","","","","","","","","","","","",15.8,1,1016.4,1,"","","","","","",5,1,0,1,5,1,0,1,2,1,"","","","","","","","","","","","","","","","","","","","","","","","",4000,1,"","",10,1,"","","","","","","","","","","","",3,1,270,1,"","","","","","","","","","","","","","","","","","","","","","","","","","","","","","","","","","","","","","","","","","","","","","","","","","","",""
"33236002","CAP-FERRET",44.630667,-1.252,8,1977092509,"","","","",0.,1,0,1,"","","","","","","","","","","","","","","","","","","","","","","","","","","","",17.5,1,16.2,1,"","","","","","","","","","","","","","","","","","","","","","","","","","",95,1,"","","","","","","","","","","","",19.,1,1018.2,1,"","","","","","",4,1,0,1,5,1,0,1,2,1,"","","","","","","","","","","","","","","","","","","","","","","","",6000,1,"","",1,1,1,1,"","","","","","","","","","",3,1,270,1,"","","","","","","","","","","","","","","","","","","","","","","","","","","","","","","","","","","","","","","","","","","","","","","","","","","",""
"33236002","CAP-FERRET",44.630667,-1.252,8,1977092512,"","","","",3.,1,240,1,"","","","","","","","","","","","","","","","","","","","","","","","","","","","",20.6,1,15.1,1,"","","","","","","","","","","","","","","","","","","","","","","","","","",73,1,"","","","","","","","","","","","",17.7,1,1018.8,1,"","","","","","",4,1,0,1,5,1,0,1,2,1,"","","","","","","","","","","","","","","","","","","","","","","","",8000,1,"","",2,1,1,1,"","","","","","","","","","",3,1,270,1,"","","","","","","","","","","","","","","","","","","","","","","","","","","","","","","","","","","","","","","","","","","","","","","","","","","",""
"33236002","CAP-FERRET",44.630667,-1.252,8,1977092515,"","","","",3.,1,320,1,"","","","","","","","","","","","","","","","","","","","","","","","","","","","",20.6,1,16.7,1,"","","","","","","","","","","","","","","","","","","","","","","","","","",81,1,"","","","","","","","","","","","",19.6,1,1019.6,1,"","","","","","",4,1,0,1,5,1,0,1,2,1,"","","","","","","","","","","","","","","","","","","","","","","","",15000,1,"","",2,1,1,1,"","","","","","","","","","",3,1,270,1,"","","","","","","","","","","","","","","","","","","","","","","","","","","","","","","","","","","","","","","","","","","","","","","","","","","",""
"33236002","CAP-FERRET",44.630667,-1.252,8,1977092518,"","","","",0.,1,0,1,"","","","","","","","","","","","","","","","","","","","","","","","","","","","",17.2,1,15.4,1,"","","","","","","","","","","","","","","","","","","","","","","","","","",92,1,"","","","","","","","","","","","",18.,1,1021.,1,"","","","","","",2,1,0,1,5,1,0,1,0,1,"","","","","","","","","","","","","","","","","","","","","","","","",15000,1,"","",1,1,1,1,"","","","","","","","","","",3,1,270,1,"","","","","","","","","","","","","","","","","","","","","","","","","","","","","","","","","","","","","","","","","","","","","","","","","","","",""
"33236002","CAP-FERRET",44.630667,-1.252,8,1977092521,"","","","",1.,1,360,1,"","","","","","","","","","","","","","","","","","","","","","","","","","","","",13.2,1,12.2,1,"","","","","","","","","","","","","","","","","","","","","","","","","","",96,1,"","","","","","","","","","","","",14.5,1,1021.9,1,"","","","","","",0,1,"","",0,1,0,1,0,1,"","","","","","","","","","","","","","","","","","","","","","","","",12000,1,"","",1,1,0,1,"","","","","","","","","","",3,1,270,1,"","","","","","","","","","","","","","","","","","","","","","","","","","","","","","","","","","","","","","","","","","","","","","","","","","","",""
"33236002","CAP-FERRET",44.630667,-1.252,8,1977092600,"","","","",1.,1,60,1,"","","","","","","","","","","","","","","","","","","","","","","","","","","","","","","","","","","","","","","","","","","","","","","","","","","","","","","","","","","","","","","","","","","","","","","","","","",1021.9,1,"","","","","","","","","","","","","","","","","","","","","","","","","","","","","","","","","","","","","","","","","","","","","","","","","","","","","","","","","","","","","","","","","","","","","","","","","","","","","","","","","","","","","","","","","","","","","","","","","","","","","","","","","","","","","","","","","",""
"33236002","CAP-FERRET",44.630667,-1.252,8,1977092603,"","","","",2.,1,80,1,"","","","","","","","","","","","","","","","","","","","","","","","","","","","",13.,1,13.,1,"","","","","","","","","","","","","","","","","","","","","","","","","","",100,1,"","","","","","","","","","","","",15.,1,1022.2,1,"","","","","","",5,1,0,1,0,1,4,1,2,1,"","","","","","","","","","","","","","","","","","","","","","","","",7000,1,"","",0,1,"","","","","","","","","","","","",3,1,270,1,"","","","","","","","","","","","","","","","","","","","","","","","","","","","","","","","","","","","","","","","","","","","","","","","","","","",""
"33236002","CAP-FERRET",44.630667,-1.252,8,1977092606,"","","","",4.,1,100,1,"","","","","","","","","","","","","","","","","","","","","","","","","","","","",12.8,1,12.8,1,"","","","","","","","","","","","","","","","","","","","","","","","","","",100,1,"","","","","","","","","","","","",14.8,1,1022.4,1,"","","","","","",2,1,0,1,0,1,4,1,1,1,"","","","","","","","","","","","","","","","","","","","","","","","",6000,1,"","",1,1,1,1,"","","","","","","","","","",3,1,270,1,"","","","","","","","","","","","","","","","","","","","","","","","","","","","","","","","","","","","","","","","","","","","","","","","","","","",""
"33236002","CAP-FERRET",44.630667,-1.252,8,1977092609,"","","","",2.,1,100,1,"","","","","","","","","","","","","","","","","","","","","","","","","","","","",17.6,1,14.1,1,"","","","","","","","","","","","","","","","","","","","","","","","","","",82,1,"","","","","","","","","","","","",16.5,1,1023.4,1,"","","","","","",4,1,0,1,0,1,4,1,2,1,"","","","","","","","","","","","","","","","","","","","","","","","",12000,1,"","",2,1,0,1,"","","","","","","","","","",4,1,270,1,"","","","","","","","","","","","","","","","","","","","","","","","","","","","","","","","","","","","","","","","","","","","","","","","","","","",""
"33236002","CAP-FERRET",44.630667,-1.252,8,1977092612,"","","","",2.,1,180,1,"","","","","","","","","","","","","","","","","","","","","","","","","","","","",24.5,1,15.4,1,"","","","","","","","","","","","","","","","","","","","","","","","","","",59,1,"","","","","","","","","","","","",18.,1,1023.,1,"","","","","","",3,1,0,1,8,1,0,1,0,1,"","","","","","","","","","","","","","","","","","","","","","","","",15000,1,"","",2,1,0,1,"","","","","","","","","","",4,1,270,1,"","","","","","","","","","","","","","","","","","","","","","","","","","","","","","","","","","","","","","","","","","","","","","","","","","","",""
"33236002","CAP-FERRET",44.630667,-1.252,8,1977092615,"","","","",2.,1,320,1,"","","","","","","","","","","","","","","","","","","","","","","","","","","","",23.8,1,15.9,1,"","","","","","","","","","","","","","","","","","","","","","","","","","",63,1,"","","","","","","","","","","","",18.6,1,1022.4,1,"","","","","","",2,1,0,1,2,1,8,1,0,1,"","","","","","","","","","","","","","","","","","","","","","","","",18000,1,"","",1,1,0,1,"","","","","","","","","","",4,1,270,1,"","","","","","","","","","","","","","","","","","","","","","","","","","","","","","","","","","","","","","","","","","","","","","","","","","","",""
"33236002","CAP-FERRET",44.630667,-1.252,8,1977092618,"","","","",1.,1,20,1,"","","","","","","","","","","","","","","","","","","","","","","","","","","","",18.6,1,16.1,1,"","","","","","","","","","","","","","","","","","","","","","","","","","",88,1,"","","","","","","","","","","","",18.9,1,1022.4,1,"","","","","","",4,1,0,1,8,1,0,1,0,1,"","","","","","","","","","","","","","","","","","","","","","","","",16000,1,"","",2,1,0,1,"","","","","","","","","","",4,1,270,1,"","","","","","","","","","","","","","","","","","","","","","","","","","","","","","","","","","","","","","","","","","","","","","","","","","","",""
"33236002","CAP-FERRET",44.630667,-1.252,8,1977092621,"","","","",2.,1,40,1,"","","","","","","","","","","","","","","","","","","","","","","","","","","","",16.6,1,15.,1,"","","","","","","","","","","","","","","","","","","","","","","","","","",93,1,"","","","","","","","","","","","",17.5,1,1023.,1,"","","","","","",4,1,0,1,5,1,0,1,0,1,"","","","","","","","","","","","","","","","","","","","","","","","",12000,1,"","",2,1,0,1,"","","","","","","","","","",4,1,270,1,"","","","","","","","","","","","","","","","","","","","","","","","","","","","","","","","","","","","","","","","","","","","","","","","","","","",""
"33236002","CAP-FERRET",44.630667,-1.252,8,1977092700,"","","","",2.,1,360,1,"","","","","","","","","","","","","","","","","","","","","","","","","","","","","","","","","","","","","","","","","","","","","","","","","","","","","","","","","","","","","","","","","","","","","","","","","","",1023.4,1,"","","","","","","","","","","","","","","","","","","","","","","","","","","","","","","","","","","","","","","","","","","","","","","","","","","","","","","","","","","","","","","","","","","","","","","","","","","","","","","","","","","","","","","","","","","","","","","","","","","","","","","","","","","","","","","","","",""
"33236002","CAP-FERRET",44.630667,-1.252,8,1977092703,"","","","",4.,1,300,1,"","","","","","","","","","","","","","","","","","","","","","","","","","","","",15.6,1,15.6,1,"","","","","","","","","","","","","","","","","","","","","","","","","","",100,1,"","","","","","","","","","","","",17.7,1,1023.4,1,"","","","","","",2,1,0,1,0,1,0,1,2,1,"","","","","","","","","","","","","","","","","","","","","","","","",12000,1,"","",0,1,"","","","","","","","","","","","",4,1,270,1,"","","","","","","","","","","","","","","","","","","","","","","","","","","","","","","","","","","","","","","","","","","","","","","","","","","",""
"33236002","CAP-FERRET",44.630667,-1.252,8,1977092706,"","","","",1.,1,20,1,"","","","","","","","","","","","","","","","","","","","","","","","","","","","",15.5,1,15.5,1,"","","","","","","","","","","","","","","","","","","","","","","","","","",100,1,"","","","","","","","","","","","",17.6,1,1023.9,1,"","","","","","",7,1,7,1,5,1,"","","","","","","","","","","","","","","","","","","","","","","","","","","","",6000,1,"","",0,1,"","","","","","","","","","","","",4,1,270,1,"","","","","","","","","","","","","","","","","","","","","","","","","","","","","","","","","","","","","","","","","","","","","","","","","","","",""
"33236002","CAP-FERRET",44.630667,-1.252,8,1977092709,"","","","",1.,1,220,1,"","","","","","","","","","","","","","","","","","","","","","","","","","","","",19.6,1,16.8,1,"","","","","","","","","","","","","","","","","","","","","","","","","","",87,1,"","","","","","","","","","","","",19.7,1,1025.,1,"","","","","","",5,1,5,1,5,1,0,1,0,1,"","","","","","","","","","","","","","","","","","","","","","","","",4000,1,"","",10,1,2,1,"","","","","","","","","","",3,1,270,1,"","","","","","","","","","","","","","","","","","","","","","","","","","","","","","","","","","","","","","","","","","","","","","","","","","","",""
"33236002","CAP-FERRET",44.630667,-1.252,8,1977092712,"","","","",3.,1,340,1,"","","","","","","","","","","","","","","","","","","","","","","","","","","","",21.6,1,17.3,1,"","","","","","","","","","","","","","","","","","","","","","","","","","",79,1,"","","","","","","","","","","","",20.4,1,1025.1,1,"","","","","","",3,1,0,1,2,1,3,1,2,1,"","","","","","","","","","","","","","","","","","","","","","","","",6000,1,"","",1,1,1,1,"","","","","","","","","","",3,1,270,1,"","","","","","","","","","","","","","","","","","","","","","","","","","","","","","","","","","","","","","","","","","","","","","","","","","","",""
"33236002","CAP-FERRET",44.630667,-1.252,8,1977092715,"","","","",5.,1,360,1,"","","","","","","","","","","","","","","","","","","","","","","","","","","","",21.6,1,17.2,1,"","","","","","","","","","","","","","","","","","","","","","","","","","",81,1,"","","","","","","","","","","","",20.2,1,1024.4,1,"","","","","","",3,1,0,1,2,1,0,1,2,1,"","","","","","","","","","","","","","","","","","","","","","","","",10000,1,"","",2,1,0,1,"","","","","","","","","","",3,1,270,1,"","","","","","","","","","","","","","","","","","","","","","","","","","","","","","","","","","","","","","","","","","","","","","","","","","","",""
"33236002","CAP-FERRET",44.630667,-1.252,8,1977092718,"","","","",2.,1,40,1,"","","","","","","","","","","","","","","","","","","","","","","","","","","","",19.6,1,15.6,1,"","","","","","","","","","","","","","","","","","","","","","","","","","",80,1,"","","","","","","","","","","","",18.2,1,1024.1,1,"","","","","","",1,1,0,1,0,1,0,1,2,1,"","","","","","","","","","","","","","","","","","","","","","","","",15000,1,"","",1,1,0,1,"","","","","","","","","","",2,1,270,1,"","","","","","","","","","","","","","","","","","","","","","","","","","","","","","","","","","","","","","","","","","","","","","","","","","","",""
"33236002","CAP-FERRET",44.630667,-1.252,8,1977092721,"","","","",2.,1,60,1,"","","","","","","","","","","","","","","","","","","","","","","","","","","","",17.6,1,16.5,1,"","","","","","","","","","","","","","","","","","","","","","","","","","",96,1,"","","","","","","","","","","","",19.3,1,1024.5,1,"","","","","","",0,1,"","",0,1,0,1,0,1,"","","","","","","","","","","","","","","","","","","","","","","","",10000,1,"","",2,1,0,1,"","","","","","","","","","",2,1,270,1,"","","","","","","","","","","","","","","","","","","","","","","","","","","","","","","","","","","","","","","","","","","","","","","","","","","",""
"33236002","CAP-FERRET",44.630667,-1.252,8,1977092800,"","","","",2.,1,60,1,"","","","","","","","","","","","","","","","","","","","","","","","","","","","","","","","","","","","","","","","","","","","","","","","","","","","","","","","","","","","","","","","","","","","","","","","","","",1022.9,1,"","","","","","","","","","","","","","","","","","","","","","","","","","","","","","","","","","","","","","","","","","","","","","","","","","","","","","","","","","","","","","","","","","","","","","","","","","","","","","","","","","","","","","","","","","","","","","","","","","","","","","","","","","","","","","","","","",""
"33236002","CAP-FERRET",44.630667,-1.252,8,1977092803,"","","","",2.,1,80,1,"","","","","","","","","","","","","","","","","","","","","","","","","","","","",15.6,1,15.6,1,"","","","","","","","","","","","","","","","","","","","","","","","","","",100,1,"","","","","","","","","","","","",17.7,1,1022.9,1,"","","","","","",0,1,"","",0,1,0,1,0,1,"","","","","","","","","","","","","","","","","","","","","","","","",8000,1,"","",0,1,"","","","","","","","","","","","",2,1,"","","","","","","","","","","","","","","","","","","","","","","","","","","","","","","","","","","","","","","","","","","","","","","","","","","","","",""
"33236002","CAP-FERRET",44.630667,-1.252,8,1977092806,"","","","",1.,1,100,1,"","","","","","","","","","","","","","","","","","","","","","","","","","","","",15.,1,14.3,1,"","","","","","","","","","","","","","","","","","","","","","","","","","",97,1,"","","","","","","","","","","","",16.7,1,1024.3,1,"","","","","","",3,1,0,1,5,1,0,1,0,1,"","","","","","","","","","","","","","","","","","","","","","","","",8000,1,"","",2,1,0,1,"","","","","","","","","","",2,1,"","","","","","","","","","","","","","","","","","","","","","","","","","","","","","","","","","","","","","","","","","","","","","","","","","","","","",""
"33236002","CAP-FERRET",44.630667,-1.252,8,1977092809,"","","","",0.,1,0,1,"","","","","","","","","","","","","","","","","","","","","","","","","","","","",20.4,1,14.6,1,"","","","","","","","","","","","","","","","","","","","","","","","","","",71,1,"","","","","","","","","","","","",17.1,1,1024.5,1,"","","","","","",3,1,0,1,0,1,4,1,0,1,"","","","","","","","","","","","","","","","","","","","","","","","",6000,1,"","",2,1,0,1,"","","","","","","","","","",2,1,"","","","","","","","","","","","","","","","","","","","","","","","","","","","","","","","","","","","","","","","","","","","","","","","","","","","","",""
"33236002","CAP-FERRET",44.630667,-1.252,8,1977092812,"","","","",1.,1,300,1,"","","","","","","","","","","","","","","","","","","","","","","","","","","","",23.4,1,15.5,1,"","","","","","","","","","","","","","","","","","","","","","","","","","",63,1,"","","","","","","","","","","","",18.1,1,1025.6,1,"","","","","","",1,1,0,1,2,1,0,1,0,1,"","","","","","","","","","","","","","","","","","","","","","","","",6000,1,"","",3,1,0,1,"","","","","","","","","","",1,1,"","","","","","","","","","","","","","","","","","","","","","","","","","","","","","","","","","","","","","","","","","","","","","","","","","","","","",""
"33236002","CAP-FERRET",44.630667,-1.252,8,1977092815,"","","","",6.,1,340,1,"","","","","","","","","","","","","","","","","","","","","","","","","","","","",21.5,1,17.,1,"","","","","","","","","","","","","","","","","","","","","","","","","","",78,1,"","","","","","","","","","","","",20.,1,1025.9,1,"","","","","","",2,1,0,1,8,1,4,1,0,1,"","","","","","","","","","","","","","","","","","","","","","","","",8000,1,"","",2,1,0,1,"","","","","","","","","","",2,1,"","","","","","","","","","","","","","","","","","","","","","","","","","","","","","","","","","","","","","","","","","","","","","","","","","","","","",""
"33236002","CAP-FERRET",44.630667,-1.252,8,1977092818,"","","","",2.,1,40,1,"","","","","","","","","","","","","","","","","","","","","","","","","","","","",18.6,1,17.1,1,"","","","","","","","","","","","","","","","","","","","","","","","","","",94,1,"","","","","","","","","","","","",20.1,1,1026.9,1,"","","","","","",5,1,5,1,5,1,0,1,0,1,"","","","","","","","","","","","","","","","","","","","","","","","",6000,1,"","",3,1,1,1,"","","","","","","","","","",2,1,"","","","","","","","","","","","","","","","","","","","","","","","","","","","","","","","","","","","","","","","","","","","","","","","","","","","","",""
"33236002","CAP-FERRET",44.630667,-1.252,8,1977092821,"","","","",3.,1,40,1,"","","","","","","","","","","","","","","","","","","","","","","","","","","","",17.2,1,16.1,1,"","","","","","","","","","","","","","","","","","","","","","","","","","",96,1,"","","","","","","","","","","","",18.8,1,1028.5,1,"","","","","","",3,1,0,1,0,1,0,1,2,1,"","","","","","","","","","","","","","","","","","","","","","","","",5000,1,"","",1,1,1,1,"","","","","","","","","","",2,1,"","","","","","","","","","","","","","","","","","","","","","","","","","","","","","","","","","","","","","","","","","","","","","","","","","","","","",""
"33236002","CAP-FERRET",44.630667,-1.252,8,1977092900,"","","","",3.,1,360,1,"","","","","","","","","","","","","","","","","","","","","","","","","","","","","","","","","","","","","","","","","","","","","","","","","","","","","","","","","","","","","","","","","","","","","","","","","","",1028.8,1,"","","","","","","","","","","","","","","","","","","","","","","","","","","","","","","","","","","","","","","","","","","","","","","","","","","","","","","","","","","","","","","","","","","","","","","","","","","","","","","","","","","","","","","","","","","","","","","","","","","","","","","","","","","","","","","","","",""
"33236002","CAP-FERRET",44.630667,-1.252,8,1977092903,"","","","",4.,1,20,1,"","","","","","","","","","","","","","","","","","","","","","","","","","","","",16.,1,15.2,1,"","","","","","","","","","","","","","","","","","","","","","","","","","",98,1,"","","","","","","","","","","","",17.8,1,1029.2,1,"","","","","","",3,1,0,1,2,1,3,1,2,1,"","","","","","","","","","","","","","","","","","","","","","","","",6000,1,"","",0,1,"","","","","","","","","","","","",2,1,270,1,"","","","","","","","","","","","","","","","","","","","","","","","","","","","","","","","","","","","","","","","","","","","","","","","","","","",""
"33236002","CAP-FERRET",44.630667,-1.252,8,1977092906,"","","","",2.,1,40,1,"","","","","","","","","","","","","","","","","","","","","","","","","","","","",15.,1,14.2,1,"","","","","","","","","","","","","","","","","","","","","","","","","","",98,1,"","","","","","","","","","","","",16.6,1,1029.6,1,"","","","","","",7,1,7,1,5,1,"","","","","","","","","","","","","","","","","","","","","","","","","","","","",5000,1,"","",3,1,"","","","","","","","","","","","",2,1,270,1,"","","","","","","","","","","","","","","","","","","","","","","","","","","","","","","","","","","","","","","","","","","","","","","","","","","",""
"33236002","CAP-FERRET",44.630667,-1.252,8,1977092909,"","","","",3.,1,60,1,"","","","","","","","","","","","","","","","","","","","","","","","","","","","",17.,1,15.6,1,"","","","","","","","","","","","","","","","","","","","","","","","","","",94,1,"","","","","","","","","","","","",18.2,1,1030.9,1,"","","","","","",8,1,8,1,6,1,"","","","","","","","","","","","","","","","","","","","","","","","","","","","",5000,1,"","",2,1,2,1,"","","","","","","","","","",3,1,270,1,"","","","","","","","","","","","","","","","","","","","","","","","","","","","","","","","","","","","","","","","","","","","","","","","","","","",""
"33236002","CAP-FERRET",44.630667,-1.252,8,1977092912,"","","","",2.,1,80,1,"","","","","","","","","","","","","","","","","","","","","","","","","","","","",19.5,1,16.6,1,"","","","","","","","","","","","","","","","","","","","","","","","","","",86,1,"","","","","","","","","","","","",19.5,1,1030.9,1,"","","","","","",8,1,8,1,6,1,"","","","","","","","","","","","","","","","","","","","","","","","","","","","",6000,1,"","",2,1,2,1,"","","","","","","","","","",3,1,270,1,"","","","","","","","","","","","","","","","","","","","","","","","","","","","","","","","","","","","","","","","","","","","","","","","","","","",""
"33236002","CAP-FERRET",44.630667,-1.252,8,1977092915,"","","","",3.,1,360,1,"","","","","","","","","","","","","","","","","","","","","","","","","","","","",21.,1,16.,1,"","","","","","","","","","","","","","","","","","","","","","","","","","",75,1,"","","","","","","","","","","","",18.7,1,1029.7,1,"","","","","","",6,1,6,1,6,1,0,1,0,1,"","","","","","","","","","","","","","","","","","","","","","","","",6000,1,"","",1,1,2,1,"","","","","","","","","","",3,1,270,1,"","","","","","","","","","","","","","","","","","","","","","","","","","","","","","","","","","","","","","","","","","","","","","","","","","","",""
"33236002","CAP-FERRET",44.630667,-1.252,8,1977092918,"","","","",4.,1,20,1,"","","","","","","","","","","","","","","","","","","","","","","","","","","","",17.2,1,15.1,1,"","","","","","","","","","","","","","","","","","","","","","","","","","",90,1,"","","","","","","","","","","","",17.6,1,1029.5,1,"","","","","","",3,1,0,1,6,1,0,1,0,1,"","","","","","","","","","","","","","","","","","","","","","","","",6000,1,"","",1,1,1,1,"","","","","","","","","","",3,1,270,1,"","","","","","","","","","","","","","","","","","","","","","","","","","","","","","","","","","","","","","","","","","","","","","","","","","","",""
"33236002","CAP-FERRET",44.630667,-1.252,8,1977092921,"","","","",2.,1,60,1,"","","","","","","","","","","","","","","","","","","","","","","","","","","","",15.,1,14.2,1,"","","","","","","","","","","","","","","","","","","","","","","","","","",98,1,"","","","","","","","","","","","",16.6,1,1029.5,1,"","","","","","",0,1,"","",0,1,0,1,0,1,"","","","","","","","","","","","","","","","","","","","","","","","",8000,1,"","",2,1,0,1,"","","","","","","","","","",3,1,270,1,"","","","","","","","","","","","","","","","","","","","","","","","","","","","","","","","","","","","","","","","","","","","","","","","","","","",""
"33236002","CAP-FERRET",44.630667,-1.252,8,1977093000,"","","","",1.,1,40,1,"","","","","","","","","","","","","","","","","","","","","","","","","","","","","","","","","","","","","","","","","","","","","","","","","","","","","","","","","","","","","","","","","","","","","","","","","","",1028.3,1,"","","","","","","","","","","","","","","","","","","","","","","","","","","","","","","","","","","","","","","","","","","","","","","","","","","","","","","","","","","","","","","","","","","","","","","","","","","","","","","","","","","","","","","","","","","","","","","","","","","","","","","","","","","","","","","","","",""
"33236002","CAP-FERRET",44.630667,-1.252,8,1977093003,"","","","",1.,1,40,1,"","","","","","","","","","","","","","","","","","","","","","","","","","","","",11.8,1,11.8,1,"","","","","","","","","","","","","","","","","","","","","","","","","","",100,1,"","","","","","","","","","","","",13.8,1,1027.3,1,"","","","","","",0,1,"","",0,1,0,1,0,1,"","","","","","","","","","","","","","","","","","","","","","","","",4500,1,"","",10,1,"","","","","","","","","","","","",3,1,270,1,"","","","","","","","","","","","","","","","","","","","","","","","","","","","","","","","","","","","","","","","","","","","","","","","","","","",""
"33236002","CAP-FERRET",44.630667,-1.252,8,1977093006,"","","","",1.,1,40,1,"","","","","","","","","","","","","","","","","","","","","","","","","","","","",14.6,1,14.6,1,"","","","","","","","","","","","","","","","","","","","","","","","","","",100,1,"","","","","","","","","","","","",16.6,1,1027.3,1,"","","","","","",8,1,8,1,6,1,"","","","","","","","","","","","","","","","","","","","","","","","","","","","",3000,1,"","",10,1,1,1,"","","","","","","","","","",3,1,270,1,"","","","","","","","","","","","","","","","","","","","","","","","","","","","","","","","","","","","","","","","","","","","","","","","","","","",""
"33236002","CAP-FERRET",44.630667,-1.252,8,1977093009,"","","","",1.,1,40,1,"","","","","","","","","","","","","","","","","","","","","","","","","","","","",15.6,1,15.6,1,"","","","","","","","","","","","","","","","","","","","","","","","","","",100,1,"","","","","","","","","","","","",17.7,1,1028.3,1,"","","","","","",8,1,8,1,6,1,"","","","","","","","","","","","","","","","","","","","","","","","","","","","",3000,1,"","",10,1,2,1,"","","","","","","","","","",3,1,270,1,"","","","","","","","","","","","","","","","","","","","","","","","","","","","","","","","","","","","","","","","","","","","","","","","","","","",""
"33236002","CAP-FERRET",44.630667,-1.252,8,1977093012,"","","","",2.,1,320,1,"","","","","","","","","","","","","","","","","","","","","","","","","","","","",20.4,1,16.3,1,"","","","","","","","","","","","","","","","","","","","","","","","","","",80,1,"","","","","","","","","","","","",19.1,1,1027.9,1,"","","","","","",8,1,8,1,6,1,"","","","","","","","","","","","","","","","","","","","","","","","","","","","",4000,1,"","",10,1,2,1,"","","","","","","","","","",3,1,270,1,"","","","","","","","","","","","","","","","","","","","","","","","","","","","","","","","","","","","","","","","","","","","","","","","","","","",""
"33236002","CAP-FERRET",44.630667,-1.252,8,1977093015,"","","","",2.,1,300,1,"","","","","","","","","","","","","","","","","","","","","","","","","","","","",19.4,1,16.6,1,"","","","","","","","","","","","","","","","","","","","","","","","","","",87,1,"","","","","","","","","","","","",19.5,1,1026.3,1,"","","","","","",8,1,8,1,6,1,"","","","","","","","","","","","","","","","","","","","","","","","","","","","",5000,1,"","",2,1,2,1,"","","","","","","","","","",3,1,270,1,"","","","","","","","","","","","","","","","","","","","","","","","","","","","","","","","","","","","","","","","","","","","","","","","","","","",""
"33236002","CAP-FERRET",44.630667,-1.252,8,1977093018,"","","","",3.,1,280,1,"","","","","","","","","","","","","","","","","","","","","","","","","","","","",17.8,1,16.3,1,"","","","","","","","","","","","","","","","","","","","","","","","","","",94,1,"","","","","","","","","","","","",19.1,1,1025.7,1,"","","","","","",8,1,8,1,6,1,"","","","","","","","","","","","","","","","","","","","","","","","","","","","",5000,1,"","",2,1,2,1,"","","","","","","","","","",3,1,270,1,"","","","","","","","","","","","","","","","","","","","","","","","","","","","","","","","","","","","","","","","","","","","","","","","","","","",""
"33236002","CAP-FERRET",44.630667,-1.252,8,1977093021,"","","","",4.,1,360,1,"","","","","","","","","","","","","","","","","","","","","","","","","","","","",17.3,1,14.3,1,"","","","","","","","","","","","","","","","","","","","","","","","","","",85,1,"","","","","","","","","","","","",16.7,1,1026.2,1,"","","","","","",8,1,8,1,6,1,"","","","","","","","","","","","","","","","","","","","","","","","","","","","",5000,1,"","",2,1,2,1,"","","","","","","","","","",3,1,270,1,"","","","","","","","","","","","","","","","","","","","","","","","","","","","","","","","","","","","","","","","","","","","","","","","","","","",""
"33236002","CAP-FERRET",44.630667,-1.252,8,1977100100,"","","","",2.,1,340,1,"","","","","","","","","","","","","","","","","","","","","","","","","","","","","","","","","","","","","","","","","","","","","","","","","","","","","","","","","","","","","","","","","","","","","","","","","","",1025.7,1,"","","","","","","","","","","","","","","","","","","","","","","","","","","","","","","","","","","","","","","","","","","","","","","","","","","","","","","","","","","","","","","","","","","","","","","","","","","","","","","","","","","","","","","","","","","","","","","","","","","","","","","","","","","","","","","","","",""
"33236002","CAP-FERRET",44.630667,-1.252,8,1977100103,"","","","",4.,1,340,1,"","","","","","","","","","","","","","","","","","","","","","","","","","","","",15.6,1,14.2,1,"","","","","","","","","","","","","","","","","","","","","","","","","","",94,1,"","","","","","","","","","","","",16.6,1,1025.7,1,"","","","","","",8,1,8,1,6,1,"","","","","","","","","","","","","","","","","","","","","","","","","","","","",5000,1,"","",0,1,"","","","","","","","","","","","",3,1,270,1,"","","","","","","","","","","","","","","","","","","","","","","","","","","","","","","","","","","","","","","","","","","","","","","","","","","",""
"33236002","CAP-FERRET",44.630667,-1.252,8,1977100106,"","","","",5.,1,320,1,"","","","","","","","","","","","","","","","","","","","","","","","","","","","",15.4,1,12.6,1,"","","","","","","","","","","","","","","","","","","","","","","","","","",85,1,"","","","","","","","","","","","",14.9,1,1026.1,1,"","","","","","",7,1,6,1,5,1,0,1,2,1,"","","","","","","","","","","","","","","","","","","","","","","","",6000,1,"","",0,1,"","","","","","","","","","","","",3,1,270,1,"","","","","","","","","","","","","","","","","","","","","","","","","","","","","","","","","","","","","","","","","","","","","","","","","","","",""
"33236002","CAP-FERRET",44.630667,-1.252,8,1977100109,"","","","",6.,1,300,1,"","","","","","","","","","","","","","","","","","","","","","","","","","","","",17.,1,11.2,1,"","","","","","","","","","","","","","","","","","","","","","","","","","",70,1,"","","","","","","","","","","","",13.6,1,1026.8,1,"","","","","","",6,1,6,1,5,1,0,1,2,1,"","","","","","","","","","","","","","","","","","","","","","","","",18000,1,"","",2,1,2,1,"","","","","","","","","","",4,1,270,1,"","","","","","","","","","","","","","","","","","","","","","","","","","","","","","","","","","","","","","","","","","","","","","","","","","","",""
"33236002","CAP-FERRET",44.630667,-1.252,8,1977100112,"","","","",6.,1,300,1,"","","","","","","","","","","","","","","","","","","","","","","","","","","","",18.6,1,12.3,1,"","","","","","","","","","","","","","","","","","","","","","","","","","",68,1,"","","","","","","","","","","","",14.6,1,1027.,1,"","","","","","",7,1,6,1,8,1,0,1,2,1,"","","","","","","","","","","","","","","","","","","","","","","","",18000,1,"","",2,1,2,1,"","","","","","","","","","",4,1,270,1,"","","","","","","","","","","","","","","","","","","","","","","","","","","","","","","","","","","","","","","","","","","","","","","","","","","",""
"33236002","CAP-FERRET",44.630667,-1.252,8,1977100115,"","","","",7.,1,300,1,"","","","","","","","","","","","","","","","","","","","","","","","","","","","",18.5,1,13.4,1,"","","","","","","","","","","","","","","","","","","","","","","","","","",74,1,"","","","","","","","","","","","",15.8,1,1026.3,1,"","","","","","",6,1,0,1,8,1,0,1,2,1,"","","","","","","","","","","","","","","","","","","","","","","","",20000,1,"","",2,1,2,1,"","","","","","","","","","",4,1,270,1,"","","","","","","","","","","","","","","","","","","","","","","","","","","","","","","","","","","","","","","","","","","","","","","","","","","",""
"33236002","CAP-FERRET",44.630667,-1.252,8,1977100118,"","","","",8.,1,300,1,"","","","","","","","","","","","","","","","","","","","","","","","","","","","",17.,1,13.2,1,"","","","","","","","","","","","","","","","","","","","","","","","","","",80,1,"","","","","","","","","","","","",15.5,1,1025.8,1,"","","","","","",7,1,6,1,8,1,"","","","","","","","","","","","","","","","","","","","","","","","","","","","",18000,1,"","",3,1,2,1,"","","","","","","","","","",4,1,270,1,"","","","","","","","","","","","","","","","","","","","","","","","","","","","","","","","","","","","","","","","","","","","","","","","","","","",""
"33236002","CAP-FERRET",44.630667,-1.252,8,1977100121,"","","","",6.,1,300,1,"","","","","","","","","","","","","","","","","","","","","","","","","","","","",16.6,1,13.9,1,"","","","","","","","","","","","","","","","","","","","","","","","","","",86,1,"","","","","","","","","","","","",16.3,1,1025.8,1,"","","","","","",8,1,6,1,8,1,"","","","","","","","","","","","","","","","","","","","","","","","","","","","",10000,1,"","",80,1,8,1,"","","","","","","","","","",4,1,270,1,"","","","","","","","","","","","","","","","","","","","","","","","","","","","","","","","","","","","","","","","","","","","","","","","","","","",""
"33236002","CAP-FERRET",44.630667,-1.252,8,1977100200,"","","","",9.,1,320,1,"","","","","","","","","","","","","","","","","","","","","","","","","","","","","","","","","","","","","","","","","","","","","","","","","","","","","","","","","","","","","","","","","","","","","","","","","","",1024.6,1,"","","","","","","","","","","","","","","","","","","","","","","","","","","","","","","","","","","","","","","","","","","","","","","","","","","","","","","","","","","","","","","","","","","","","","","","","","","","","","","","","","","","","","","","","","","","","","","","","","","","","","","","","","","","","","","","","",""
"33236002","CAP-FERRET",44.630667,-1.252,8,1977100203,"","","","",6.,1,300,1,"","","","","","","","","","","","","","","","","","","","","","","","","","","","",15.4,1,14.3,1,"","","","","","","","","","","","","","","","","","","","","","","","","","",96,1,"","","","","","","","","","","","",16.7,1,1023.1,1,"","","","","","",4,1,0,1,8,1,0,1,0,1,"","","","","","","","","","","","","","","","","","","","","","","","",10000,1,"","",0,1,"","","","","","","","","","","","",4,1,270,1,"","","","","","","","","","","","","","","","","","","","","","","","","","","","","","","","","","","","","","","","","","","","","","","","","","","",""
"33236002","CAP-FERRET",44.630667,-1.252,8,1977100206,"","","","",6.,1,360,1,"","","","","","","","","","","","","","","","","","","","","","","","","","","","",15.,1,14.3,1,"","","","","","","","","","","","","","","","","","","","","","","","","","",97,1,"","","","","","","","","","","","",16.7,1,1023.3,1,"","","","","","",8,1,0,1,8,1,7,1,"","","","","","","","","","","","","","","","","","","","","","","","","","",12000,1,"","",2,1,8,1,"","","","","","","","","","",4,1,270,1,"","","","","","","","","","","","","","","","","","","","","","","","","","","","","","","","","","","","","","","","","","","","","","","","","","","",""
"33236002","CAP-FERRET",44.630667,-1.252,8,1977100209,"","","","",6.,1,340,1,"","","","","","","","","","","","","","","","","","","","","","","","","","","","",17.5,1,12.4,1,"","","","","","","","","","","","","","","","","","","","","","","","","","",73,1,"","","","","","","","","","","","",14.7,1,1023.9,1,"","","","","","",3,1,0,1,8,1,0,1,1,1,"","","","","","","","","","","","","","","","","","","","","","","","",20000,1,"","",1,1,1,1,"","","","","","","","","","",4,1,270,1,"","","","","","","","","","","","","","","","","","","","","","","","","","","","","","","","","","","","","","","","","","","","","","","","","","","",""
"33236002","CAP-FERRET",44.630667,-1.252,8,1977100212,"","","","",5.,1,300,1,"","","","","","","","","","","","","","","","","","","","","","","","","","","","",18.6,1,12.3,1,"","","","","","","","","","","","","","","","","","","","","","","","","","",68,1,"","","","","","","","","","","","",14.6,1,1023.3,1,"","","","","","",7,1,6,1,8,1,"","","","","","","","","","","","","","","","","","","","","","","","","","","","",20000,1,"","",3,1,1,1,"","","","","","","","","","",4,1,270,1,"","","","","","","","","","","","","","","","","","","","","","","","","","","","","","","","","","","","","","","","","","","","","","","","","","","",""
"33236002","CAP-FERRET",44.630667,-1.252,8,1977100215,"","","","",8.,1,280,1,"","","","","","","","","","","","","","","","","","","","","","","","","","","","",16.5,1,14.8,1,"","","","","","","","","","","","","","","","","","","","","","","","","","",93,1,"","","","","","","","","","","","",17.3,1,1021.9,1,"","","","","","",8,1,6,1,8,1,7,1,"","","","","","","","","","","","","","","","","","","","","","","","","","",15000,1,"","",15,1,8,1,"","","","","","","","","","",4,1,270,1,"","","","","","","","","","","","","","","","","","","","","","","","","","","","","","","","","","","","","","","","","","","","","","","","","","","",""
"33236002","CAP-FERRET",44.630667,-1.252,8,1977100218,"","","","",10.,1,300,1,"","","","","","","","","","","","","","","","","","","","","","","","","","","","",17.,1,14.5,1,"","","","","","","","","","","","","","","","","","","","","","","","","","",87,1,"","","","","","","","","","","","",17.,1,1021.5,1,"","","","","","",8,1,6,1,8,1,7,1,"","","","","","","","","","","","","","","","","","","","","","","","","","",16000,1,"","",15,1,8,1,"","","","","","","","","","",4,1,270,1,"","","","","","","","","","","","","","","","","","","","","","","","","","","","","","","","","","","","","","","","","","","","","","","","","","","",""
"33236002","CAP-FERRET",44.630667,-1.252,8,1977100221,"","","","",12.,1,300,1,"","","","","","","","","","","","","","","","","","","","","","","","","","","","",17.2,1,13.9,1,"","","","","","","","","","","","","","","","","","","","","","","","","","",83,1,"","","","","","","","","","","","",16.3,1,1022.1,1,"","","","","","",8,1,6,1,8,1,"","","","","","","","","","","","","","","","","","","","","","","","","","","","",16000,1,"","",2,1,2,1,"","","","","","","","","","",4,1,270,1,"","","","","","","","","","","","","","","","","","","","","","","","","","","","","","","","","","","","","","","","","","","","","","","","","","","",""
"33236002","CAP-FERRET",44.630667,-1.252,8,1977100300,"","","","",8.,1,300,1,"","","","","","","","","","","","","","","","","","","","","","","","","","","","","","","","","","","","","","","","","","","","","","","","","","","","","","","","","","","","","","","","","","","","","","","","","","",1022.3,1,"","","","","","","","","","","","","","","","","","","","","","","","","","","","","","","","","","","","","","","","","","","","","","","","","","","","","","","","","","","","","","","","","","","","","","","","","","","","","","","","","","","","","","","","","","","","","","","","","","","","","","","","","","","","","","","","","",""
"33236002","CAP-FERRET",44.630667,-1.252,8,1977100303,"","","","",3.,1,360,1,"","","","","","","","","","","","","","","","","","","","","","","","","","","","",15.2,1,14.4,1,"","","","","","","","","","","","","","","","","","","","","","","","","","",97,1,"","","","","","","","","","","","",16.8,1,1021.3,1,"","","","","","",8,1,8,1,8,1,"","","","","","","","","","","","","","","","","","","","","","","","","","","","",8000,1,"","",80,1,8,1,"","","","","","","","","","",4,1,270,1,"","","","","","","","","","","","","","","","","","","","","","","","","","","","","","","","","","","","","","","","","","","","","","","","","","","",""
"33236002","CAP-FERRET",44.630667,-1.252,8,1977100306,"","","","",0.,1,0,1,"","","","","","","","","","","","","","","","","","","","","","","","","","","","",14.5,1,14.5,1,"","","","","","","","","","","","","","","","","","","","","","","","","","",100,1,"","","","","","","","","","","","",16.5,1,1021.6,1,"","","","","","",8,1,8,1,5,1,"","","","","","","","","","","","","","","","","","","","","","","","","","","","",12000,1,"","",2,1,8,1,"","","","","","","","","","",4,1,270,1,"","","","","","","","","","","","","","","","","","","","","","","","","","","","","","","","","","","","","","","","","","","","","","","","","","","",""
"33236002","CAP-FERRET",44.630667,-1.252,8,1977100309,"","","","",1.,1,60,1,"","","","","","","","","","","","","","","","","","","","","","","","","","","","",16.,1,14.9,1,"","","","","","","","","","","","","","","","","","","","","","","","","","",96,1,"","","","","","","","","","","","",17.4,1,1022.4,1,"","","","","","",6,1,0,1,8,1,0,1,2,1,"","","","","","","","","","","","","","","","","","","","","","","","",14000,1,"","",1,1,2,1,"","","","","","","","","","",3,1,270,1,"","","","","","","","","","","","","","","","","","","","","","","","","","","","","","","","","","","","","","","","","","","","","","","","","","","",""
"33236002","CAP-FERRET",44.630667,-1.252,8,1977100312,"","","","",2.,1,320,1,"","","","","","","","","","","","","","","","","","","","","","","","","","","","",19.8,1,14.3,1,"","","","","","","","","","","","","","","","","","","","","","","","","","",72,1,"","","","","","","","","","","","",16.7,1,1022.7,1,"","","","","","",4,1,0,1,8,1,0,1,2,1,"","","","","","","","","","","","","","","","","","","","","","","","",18000,1,"","",1,1,1,1,"","","","","","","","","","",3,1,270,1,"","","","","","","","","","","","","","","","","","","","","","","","","","","","","","","","","","","","","","","","","","","","","","","","","","","",""
"33236002","CAP-FERRET",44.630667,-1.252,8,1977100315,"","","","",3.,1,320,1,"","","","","","","","","","","","","","","","","","","","","","","","","","","","",18.5,1,13.4,1,"","","","","","","","","","","","","","","","","","","","","","","","","","",74,1,"","","","","","","","","","","","",15.8,1,1021.9,1,"","","","","","",1,1,0,1,2,1,0,1,0,1,"","","","","","","","","","","","","","","","","","","","","","","","",18000,1,"","",1,1,0,1,"","","","","","","","","","",3,1,270,1,"","","","","","","","","","","","","","","","","","","","","","","","","","","","","","","","","","","","","","","","","","","","","","","","","","","",""
"33236002","CAP-FERRET",44.630667,-1.252,8,1977100318,"","","","",1.,1,360,1,"","","","","","","","","","","","","","","","","","","","","","","","","","","","",15.,1,12.5,1,"","","","","","","","","","","","","","","","","","","","","","","","","","",87,1,"","","","","","","","","","","","",14.8,1,1021.6,1,"","","","","","",1,1,0,1,2,1,0,1,0,1,"","","","","","","","","","","","","","","","","","","","","","","","",18000,1,"","",2,1,0,1,"","","","","","","","","","",3,1,270,1,"","","","","","","","","","","","","","","","","","","","","","","","","","","","","","","","","","","","","","","","","","","","","","","","","","","",""
"33236002","CAP-FERRET",44.630667,-1.252,8,1977100321,"","","","",2.,1,40,1,"","","","","","","","","","","","","","","","","","","","","","","","","","","","",11.4,1,10.3,1,"","","","","","","","","","","","","","","","","","","","","","","","","","",95,1,"","","","","","","","","","","","",12.8,1,1021.8,1,"","","","","","",0,1,"","",0,1,0,1,0,1,"","","","","","","","","","","","","","","","","","","","","","","","",20000,1,"","",2,1,0,1,"","","","","","","","","","",3,1,270,1,"","","","","","","","","","","","","","","","","","","","","","","","","","","","","","","","","","","","","","","","","","","","","","","","","","","",""
"33236002","CAP-FERRET",44.630667,-1.252,8,1977100400,"","","","",2.,1,80,1,"","","","","","","","","","","","","","","","","","","","","","","","","","","","","","","","","","","","","","","","","","","","","","","","","","","","","","","","","","","","","","","","","","","","","","","","","","",1020.3,1,"","","","","","","","","","","","","","","","","","","","","","","","","","","","","","","","","","","","","","","","","","","","","","","","","","","","","","","","","","","","","","","","","","","","","","","","","","","","","","","","","","","","","","","","","","","","","","","","","","","","","","","","","","","","","","","","","",""
"33236002","CAP-FERRET",44.630667,-1.252,8,1977100403,"","","","",2.,1,120,1,"","","","","","","","","","","","","","","","","","","","","","","","","","","","",11.2,1,10.1,1,"","","","","","","","","","","","","","","","","","","","","","","","","","",95,1,"","","","","","","","","","","","",12.6,1,1019.3,1,"","","","","","",0,1,"","",0,1,0,1,0,1,"","","","","","","","","","","","","","","","","","","","","","","","",10000,1,"","",0,1,"","","","","","","","","","","","",3,1,270,1,"","","","","","","","","","","","","","","","","","","","","","","","","","","","","","","","","","","","","","","","","","","","","","","","","","","",""
"33236002","CAP-FERRET",44.630667,-1.252,8,1977100406,"","","","",1.,1,160,1,"","","","","","","","","","","","","","","","","","","","","","","","","","","","",10.4,1,10.4,1,"","","","","","","","","","","","","","","","","","","","","","","","","","",100,1,"","","","","","","","","","","","",12.6,1,1019.3,1,"","","","","","",2,1,0,1,5,1,0,1,0,1,"","","","","","","","","","","","","","","","","","","","","","","","",10000,1,"","",2,1,0,1,"","","","","","","","","","",3,1,270,1,"","","","","","","","","","","","","","","","","","","","","","","","","","","","","","","","","","","","","","","","","","","","","","","","","","","",""
"33236002","CAP-FERRET",44.630667,-1.252,8,1977100409,"","","","",1.,1,180,1,"","","","","","","","","","","","","","","","","","","","","","","","","","","","",17.2,1,12.6,1,"","","","","","","","","","","","","","","","","","","","","","","","","","",76,1,"","","","","","","","","","","","",14.9,1,1019.9,1,"","","","","","",3,1,0,1,5,1,6,1,0,1,"","","","","","","","","","","","","","","","","","","","","","","","",20000,1,"","",2,1,0,1,"","","","","","","","","","",2,1,270,1,"","","","","","","","","","","","","","","","","","","","","","","","","","","","","","","","","","","","","","","","","","","","","","","","","","","",""
"33236002","CAP-FERRET",44.630667,-1.252,8,1977100412,"","","","",4.,1,240,1,"","","","","","","","","","","","","","","","","","","","","","","","","","","","",18.,1,14.5,1,"","","","","","","","","","","","","","","","","","","","","","","","","","",82,1,"","","","","","","","","","","","",17.,1,1019.7,1,"","","","","","",8,1,8,1,5,1,"","","","","","","","","","","","","","","","","","","","","","","","","","","","",12000,1,"","",3,1,1,1,"","","","","","","","","","",3,1,270,1,"","","","","","","","","","","","","","","","","","","","","","","","","","","","","","","","","","","","","","","","","","","","","","","","","","","",""
"33236002","CAP-FERRET",44.630667,-1.252,8,1977100415,"","","","",3.,1,240,1,"","","","","","","","","","","","","","","","","","","","","","","","","","","","",17.8,1,15.3,1,"","","","","","","","","","","","","","","","","","","","","","","","","","",88,1,"","","","","","","","","","","","",17.9,1,1018.5,1,"","","","","","",7,1,7,1,5,1,"","","","","","","","","","","","","","","","","","","","","","","","","","","","",6000,1,"","",2,1,2,1,"","","","","","","","","","",3,1,270,1,"","","","","","","","","","","","","","","","","","","","","","","","","","","","","","","","","","","","","","","","","","","","","","","","","","","",""
"33236002","CAP-FERRET",44.630667,-1.252,8,1977100418,"","","","",2.,1,220,1,"","","","","","","","","","","","","","","","","","","","","","","","","","","","",16.4,1,15.2,1,"","","","","","","","","","","","","","","","","","","","","","","","","","",96,1,"","","","","","","","","","","","",17.8,1,1018.1,1,"","","","","","",7,1,7,1,6,1,"","","","","","","","","","","","","","","","","","","","","","","","","","","","",4000,1,"","",10,1,2,1,"","","","","","","","","","",3,1,270,1,"","","","","","","","","","","","","","","","","","","","","","","","","","","","","","","","","","","","","","","","","","","","","","","","","","","",""
"33236002","CAP-FERRET",44.630667,-1.252,8,1977100421,"","","","",3.,1,220,1,"","","","","","","","","","","","","","","","","","","","","","","","","","","","",16.,1,15.2,1,"","","","","","","","","","","","","","","","","","","","","","","","","","",98,1,"","","","","","","","","","","","",17.8,1,1018.3,1,"","","","","","",5,1,5,1,5,1,0,1,0,1,"","","","","","","","","","","","","","","","","","","","","","","","",6000,1,"","",1,1,2,1,"","","","","","","","","","",3,1,270,1,"","","","","","","","","","","","","","","","","","","","","","","","","","","","","","","","","","","","","","","","","","","","","","","","","","","",""
"33236002","CAP-FERRET",44.630667,-1.252,8,1977100500,"","","","",1.,1,260,1,"","","","","","","","","","","","","","","","","","","","","","","","","","","","","","","","","","","","","","","","","","","","","","","","","","","","","","","","","","","","","","","","","","","","","","","","","","",1017.2,1,"","","","","","","","","","","","","","","","","","","","","","","","","","","","","","","","","","","","","","","","","","","","","","","","","","","","","","","","","","","","","","","","","","","","","","","","","","","","","","","","","","","","","","","","","","","","","","","","","","","","","","","","","","","","","","","","","",""
"33236002","CAP-FERRET",44.630667,-1.252,8,1977100503,"","","","",1.,1,200,1,"","","","","","","","","","","","","","","","","","","","","","","","","","","","",14.6,1,13.8,1,"","","","","","","","","","","","","","","","","","","","","","","","","","",97,1,"","","","","","","","","","","","",16.2,1,1015.,1,"","","","","","",4,1,0,1,5,1,0,1,2,1,"","","","","","","","","","","","","","","","","","","","","","","","",6000,1,"","",0,1,"","","","","","","","","","","","",3,1,270,1,"","","","","","","","","","","","","","","","","","","","","","","","","","","","","","","","","","","","","","","","","","","","","","","","","","","",""
"33236002","CAP-FERRET",44.630667,-1.252,8,1977100506,"","","","",0.,1,0,1,"","","","","","","","","","","","","","","","","","","","","","","","","","","","",14.8,1,14.8,1,"","","","","","","","","","","","","","","","","","","","","","","","","","",100,1,"","","","","","","","","","","","",16.8,1,1013.1,1,"","","","","","",8,1,8,1,5,1,"","","","","","","","","","","","","","","","","","","","","","","","","","","","",6000,1,"","",2,1,"","","","","","","","","","","","",3,1,270,1,"","","","","","","","","","","","","","","","","","","","","","","","","","","","","","","","","","","","","","","","","","","","","","","","","","","",""
"33236002","CAP-FERRET",44.630667,-1.252,8,1977100509,"","","","",0.,1,0,1,"","","","","","","","","","","","","","","","","","","","","","","","","","","","",16.2,1,15.1,1,"","","","","","","","","","","","","","","","","","","","","","","","","","",96,1,"","","","","","","","","","","","",17.6,1,1012.,1,"","","","","","",7,1,7,1,5,1,"","","","","","","","","","","","","","","","","","","","","","","","","","","","",4000,1,"","",10,1,2,1,"","","","","","","","","","",3,1,270,1,"","","","","","","","","","","","","","","","","","","","","","","","","","","","","","","","","","","","","","","","","","","","","","","","","","","",""
"33236002","CAP-FERRET",44.630667,-1.252,8,1977100512,"","","","",3.,1,260,1,"","","","","","","","","","","","","","","","","","","","","","","","","","","","",17.4,1,15.9,1,"","","","","","","","","","","","","","","","","","","","","","","","","","",94,1,"","","","","","","","","","","","",18.6,1,1009.7,1,"","","","","","",6,1,6,1,0,1,0,1,8,1,"","","","","","","","","","","","","","","","","","","","","","","","",6000,1,"","",1,1,2,1,"","","","","","","","","","",3,1,270,1,"","","","","","","","","","","","","","","","","","","","","","","","","","","","","","","","","","","","","","","","","","","","","","","","","","","",""
"33236002","CAP-FERRET",44.630667,-1.252,8,1977100515,"","","","",4.,1,280,1,"","","","","","","","","","","","","","","","","","","","","","","","","","","","",18.,1,15.6,1,"","","","","","","","","","","","","","","","","","","","","","","","","","",88,1,"","","","","","","","","","","","",18.2,1,1006.9,1,"","","","","","",8,1,8,1,5,1,"","","","","","","","","","","","","","","","","","","","","","","","","","","","",6000,1,"","",3,1,2,1,"","","","","","","","","","",3,1,270,1,"","","","","","","","","","","","","","","","","","","","","","","","","","","","","","","","","","","","","","","","","","","","","","","","","","","",""
"33236002","CAP-FERRET",44.630667,-1.252,8,1977100518,"","","","",1.,1,60,1,"","","","","","","","","","","","","","","","","","","","","","","","","","","","",16.2,1,15.1,1,"","","","","","","","","","","","","","","","","","","","","","","","","","",96,1,"","","","","","","","","","","","",17.6,1,1003.3,1,"","","","","","",6,1,5,1,2,1,7,1,2,1,"","","","","","","","","","","","","","","","","","","","","","","","",6000,1,"","",1,1,8,1,"","","","","","","","","","",3,1,270,1,"","","","","","","","","","","","","","","","","","","","","","","","","","","","","","","","","","","","","","","","","","","","","","","","","","","",""
"33236002","CAP-FERRET",44.630667,-1.252,8,1977100521,"","","","",5.,1,160,1,"","","","","","","","","","","","","","","","","","","","","","","","","","","","",15.7,1,14.4,1,"","","","","","","","","","","","","","","","","","","","","","","","","","",94,1,"","","","","","","","","","","","",16.8,1,1000.,1,"","","","","","",7,1,7,1,9,1,"","","","","","","","","","","","","","","","","","","","","","","","","","","","",6000,1,"","",91,1,9,1,"","","","","","","","","","",3,1,270,1,"","","","","","","","","","","","","","","","","","","","","","","","","","","","","","","","","","","","","","","","","","","","","","","","","","","",""
"33236002","CAP-FERRET",44.630667,-1.252,8,1977100600,"","","","",7.,1,120,1,"","","","","","","","","","","","","","","","","","","","","","","","","","","","","","","","","","","","","","","","","","","","","","","","","","","","","","","","","","","","","","","","","","","","","","","","","","",994.9,1,"","","","","","","","","","","","","","","","","","","","","","","","","","","","","","","","","","","","","","","","","","","","","","","","","","","","","","","","","","","","","","","","","","","","","","","","","","","","","","","","","","","","","","","","","","","","","","","","","","","","","","","","","","","","","","","","","",""
"33236002","CAP-FERRET",44.630667,-1.252,8,1977100603,"","","","",6.,1,200,1,"","","","","","","","","","","","","","","","","","","","","","","","","","","","",16.7,1,14.8,1,"","","","","","","","","","","","","","","","","","","","","","","","","","",91,1,"","","","","","","","","","","","",17.3,1,992.9,1,"","","","","","",8,1,8,1,8,1,"","","","","","","","","","","","","","","","","","","","","","","","","","","","",5000,1,"","",0,1,"","","","","","","","","","","","",4,1,230,1,"","","","","","","","","","","","","","","","","","","","","","","","","","","","","","","","","","","","","","","","","","","","","","","","","","","",""
"33236002","CAP-FERRET",44.630667,-1.252,8,1977100606,"","","","",12.,1,240,1,"","","","","","","","","","","","","","","","","","","","","","","","","","","","",16.4,1,12.5,1,"","","","","","","","","","","","","","","","","","","","","","","","","","",79,1,"","","","","","","","","","","","",14.8,1,992.4,1,"","","","","","",8,1,8,1,8,1,"","","","","","","","","","","","","","","","","","","","","","","","","","","","",7000,1,"","",80,1,"","","","","","","","","","","","",4,1,230,1,"","","","","","","","","","","","","","","","","","","","","","","","","","","","","","","","","","","","","","","","","","","","","","","","","","","",""
"33236002","CAP-FERRET",44.630667,-1.252,8,1977100609,"","","","",17.,1,240,1,"","","","","","","","","","","","","","","","","","","","","","","","","","","","",15.4,1,13.6,1,"","","","","","","","","","","","","","","","","","","","","","","","","","",91,1,"","","","","","","","","","","","",16.,1,991.6,1,"","","","","","",8,1,8,1,9,1,"","","","","","","","","","","","","","","","","","","","","","","","","","","","",5000,1,"","",81,1,8,1,"","","","","","","","","","",4,1,230,1,"","","","","","","","","","","","","","","","","","","","","","","","","","","","","","","","","","","","","","","","","","","","","","","","","","","",""
"33236002","CAP-FERRET",44.630667,-1.252,8,1977100612,"","","","",8.,1,260,1,"","","","","","","","","","","","","","","","","","","","","","","","","","","","",13.6,1,12.2,1,"","","","","","","","","","","","","","","","","","","","","","","","","","",93,1,"","","","","","","","","","","","",14.5,1,992.4,1,"","","","","","",8,1,8,1,8,1,"","","","","","","","","","","","","","","","","","","","","","","","","","","","",5000,1,"","",81,1,8,1,"","","","","","","","","","",5,1,250,1,"","","","","","","","","","","","","","","","","","","","","","","","","","","","","","","","","","","","","","","","","","","","","","","","","","","",""
"33236002","CAP-FERRET",44.630667,-1.252,8,1977100615,"","","","",11.,1,260,1,"","","","","","","","","","","","","","","","","","","","","","","","","","","","",12.8,1,10.3,1,"","","","","","","","","","","","","","","","","","","","","","","","","","",86,1,"","","","","","","","","","","","",12.8,1,993.2,1,"","","","","","",8,1,8,1,8,1,"","","","","","","","","","","","","","","","","","","","","","","","","","","","",13000,1,"","",80,1,8,1,"","","","","","","","","","",5,1,250,1,"","","","","","","","","","","","","","","","","","","","","","","","","","","","","","","","","","","","","","","","","","","","","","","","","","","",""
"33236002","CAP-FERRET",44.630667,-1.252,8,1977100618,"","","","",10.,1,280,1,"","","","","","","","","","","","","","","","","","","","","","","","","","","","",13.6,1,9.,1,"","","","","","","","","","","","","","","","","","","","","","","","","","",75,1,"","","","","","","","","","","","",11.7,1,995.2,1,"","","","","","",8,1,5,1,8,1,7,1,"","","","","","","","","","","","","","","","","","","","","","","","","","",14000,1,"","",1,1,8,1,"","","","","","","","","","",5,1,250,1,"","","","","","","","","","","","","","","","","","","","","","","","","","","","","","","","","","","","","","","","","","","","","","","","","","","",""
"33236002","CAP-FERRET",44.630667,-1.252,8,1977100621,"","","","",7.,1,280,1,"","","","","","","","","","","","","","","","","","","","","","","","","","","","",13.6,1,9.9,1,"","","","","","","","","","","","","","","","","","","","","","","","","","",80,1,"","","","","","","","","","","","",12.4,1,997.,1,"","","","","","",4,1,0,1,8,1,0,1,0,1,"","","","","","","","","","","","","","","","","","","","","","","","",16000,1,"","",1,1,1,1,"","","","","","","","","","",5,1,250,1,"","","","","","","","","","","","","","","","","","","","","","","","","","","","","","","","","","","","","","","","","","","","","","","","","","","",""
"33236002","CAP-FERRET",44.630667,-1.252,8,1977100700,"","","","",4.,1,180,1,"","","","","","","","","","","","","","","","","","","","","","","","","","","","","","","","","","","","","","","","","","","","","","","","","","","","","","","","","","","","","","","","","","","","","","","","","","","","","","","","","","","","","","","","","","","","","","","","","","","","","","","","","","","","","","","","","","","","","","","","","","","","","","","","","","","","","","","","","","","","","","","","","","","","","","","","","","","","","","","","","","","","","","","","","","","","","","","","","","","","","","","","","","","","","",""
"33236002","CAP-FERRET",44.630667,-1.252,8,1977100703,"","","","",4.,1,180,1,"","","","","","","","","","","","","","","","","","","","","","","","","","","","",11.,1,9.5,1,"","","","","","","","","","","","","","","","","","","","","","","","","","",92,1,"","","","","","","","","","","","",12.1,1,996.8,1,"","","","","","",5,1,5,1,2,1,0,1,0,1,"","","","","","","","","","","","","","","","","","","","","","","","",20000,1,"","",0,1,"","","","","","","","","","","","",4,1,250,1,"","","","","","","","","","","","","","","","","","","","","","","","","","","","","","","","","","","","","","","","","","","","","","","","","","","",""
"33236002","CAP-FERRET",44.630667,-1.252,8,1977100706,"","","","",4.,1,160,1,"","","","","","","","","","","","","","","","","","","","","","","","","","","","",11.6,1,9.8,1,"","","","","","","","","","","","","","","","","","","","","","","","","","",94,1,"","","","","","","","","","","","",12.3,1,997.5,1,"","","","","","",5,1,0,1,9,1,0,1,3,1,"","","","","","","","","","","","","","","","","","","","","","","","",18000,1,"","",2,1,"","","","","","","","","","","","",4,1,250,1,"","","","","","","","","","","","","","","","","","","","","","","","","","","","","","","","","","","","","","","","","","","","","","","","","","","",""
"33236002","CAP-FERRET",44.630667,-1.252,8,1977100709,"","","","",5.,1,160,1,"","","","","","","","","","","","","","","","","","","","","","","","","","","","",13.5,1,9.5,1,"","","","","","","","","","","","","","","","","","","","","","","","","","",78,1,"","","","","","","","","","","","",12.1,1,998.,1,"","","","","","",4,1,0,1,9,1,0,1,3,1,"","","","","","","","","","","","","","","","","","","","","","","","",18000,1,"","",1,1,9,1,"","","","","","","","","","",4,1,250,1,"","","","","","","","","","","","","","","","","","","","","","","","","","","","","","","","","","","","","","","","","","","","","","","","","","","",""
"33236002","CAP-FERRET",44.630667,-1.252,8,1977100712,"","","","",6.,1,180,1,"","","","","","","","","","","","","","","","","","","","","","","","","","","","",17.6,1,9.4,1,"","","","","","","","","","","","","","","","","","","","","","","","","","",60,1,"","","","","","","","","","","","",12.,1,996.8,1,"","","","","","",4,1,0,1,9,1,0,1,3,1,"","","","","","","","","","","","","","","","","","","","","","","","",20000,1,"","",1,1,9,1,"","","","","","","","","","",4,1,250,1,"","","","","","","","","","","","","","","","","","","","","","","","","","","","","","","","","","","","","","","","","","","","","","","","","","","",""
"33236002","CAP-FERRET",44.630667,-1.252,8,1977100715,"","","","",7.,1,220,1,"","","","","","","","","","","","","","","","","","","","","","","","","","","","",18.5,1,9.9,1,"","","","","","","","","","","","","","","","","","","","","","","","","","",58,1,"","","","","","","","","","","","",12.4,1,995.9,1,"","","","","","",5,1,0,1,9,1,0,1,3,1,"","","","","","","","","","","","","","","","","","","","","","","","",20000,1,"","",3,1,1,1,"","","","","","","","","","",4,1,250,1,"","","","","","","","","","","","","","","","","","","","","","","","","","","","","","","","","","","","","","","","","","","","","","","","","","","",""
"33236002","CAP-FERRET",44.630667,-1.252,8,1977100718,"","","","",12.,1,220,1,"","","","","","","","","","","","","","","","","","","","","","","","","","","","",15.,1,8.9,1,"","","","","","","","","","","","","","","","","","","","","","","","","","",68,1,"","","","","","","","","","","","",11.6,1,995.7,1,"","","","","","",7,1,7,1,9,1,"","","","","","","","","","","","","","","","","","","","","","","","","","","","",12000,1,"","",25,1,8,1,"","","","","","","","","","",4,1,250,1,"","","","","","","","","","","","","","","","","","","","","","","","","","","","","","","","","","","","","","","","","","","","","","","","","","","",""
"33236002","CAP-FERRET",44.630667,-1.252,8,1977100721,"","","","",15.,1,220,1,"","","","","","","","","","","","","","","","","","","","","","","","","","","","",14.6,1,7.6,1,"","","","","","","","","","","","","","","","","","","","","","","","","","",64,1,"","","","","","","","","","","","",10.6,1,996.1,1,"","","","","","",5,1,0,1,9,1,0,1,3,1,"","","","","","","","","","","","","","","","","","","","","","","","",18000,1,"","",1,1,8,1,"","","","","","","","","","",5,1,250,1,"","","","","","","","","","","","","","","","","","","","","","","","","","","","","","","","","","","","","","","","","","","","","","","","","","","",""
"33236002","CAP-FERRET",44.630667,-1.252,8,1977100800,"","","","",15.,1,240,1,"","","","","","","","","","","","","","","","","","","","","","","","","","","","","","","","","","","","","","","","","","","","","","","","","","","","","","","","","","","","","","","","","","","","","","","","","","",995.4,1,"","","","","","","","","","","","","","","","","","","","","","","","","","","","","","","","","","","","","","","","","","","","","","","","","","","","","","","","","","","","","","","","","","","","","","","","","","","","","","","","","","","","","","","","","","","","","","","","","","","","","","","","","","","","","","","","","",""
"33236002","CAP-FERRET",44.630667,-1.252,8,1977100803,"","","","",13.,1,220,1,"","","","","","","","","","","","","","","","","","","","","","","","","","","","",13.4,1,12.7,1,"","","","","","","","","","","","","","","","","","","","","","","","","","",97,1,"","","","","","","","","","","","",15.,1,994.4,1,"","","","","","",8,1,5,1,7,1,7,1,"","","","","","","","","","","","","","","","","","","","","","","","","","",7000,1,"","",81,1,"","","","","","","","","","","","",5,1,250,1,"","","","","","","","","","","","","","","","","","","","","","","","","","","","","","","","","","","","","","","","","","","","","","","","","","","",""
"33236002","CAP-FERRET",44.630667,-1.252,8,1977100806,"","","","",13.,1,240,1,"","","","","","","","","","","","","","","","","","","","","","","","","","","","",14.8,1,12.,1,"","","","","","","","","","","","","","","","","","","","","","","","","","",85,1,"","","","","","","","","","","","",14.3,1,996.,1,"","","","","","",8,1,5,1,8,1,7,1,"","","","","","","","","","","","","","","","","","","","","","","","","","",14000,1,"","",1,1,8,1,"","",0,1,"","","","","","",5,1,250,1,"","","","","","","","","","","","","","","","","","","","","","","","","","","","","","","","","","","","","","","","","","","","","","","","","","","",""
"33236002","CAP-FERRET",44.630667,-1.252,8,1977100809,"","","","",15.,1,240,1,"","","","","","","","","","","","","","","","","","","","","","","","","","","","",14.8,1,12.,1,"","","","","","","","","","","","","","","","","","","","","","","","","","",85,1,"","","","","","","","","","","","",14.3,1,996.4,1,"","","","","","",7,1,7,1,7,1,"","","","","","","","","","","","","","","","","","","","","","","","","","","","",14000,1,"","",2,1,2,1,"","","","","","","","","","",6,1,250,1,"","","","","","","","","","","","","","","","","","","","","","","","","","","","","","","","","","","","","","","","","","","","","","","","","","","",""
"33236002","CAP-FERRET",44.630667,-1.252,8,1977100812,"","","","",12.,1,220,1,"","","","","","","","","","","","","","","","","","","","","","","","","","","","",15.,1,13.2,1,"","","","","","","","","","","","","","","","","","","","","","","","","","",91,1,"","","","","","","","","","","","",15.6,1,997.4,1,"","","","","","",8,1,8,1,7,1,"","","","","","","","","","","","","","","","","","","","","","","","","","","","",8000,1,"","",63,1,6,1,"","","","","","","","","","",6,1,250,1,"","","","","","","","","","","","","","","","","","","","","","","","","","","","","","","","","","","","","","","","","","","","","","","","","","","",""
"33236002","CAP-FERRET",44.630667,-1.252,8,1977100815,"","","","",15.,1,260,1,"","","","","","","","","","","","","","","","","","","","","","","","","","","","",15.5,1,14.2,1,"","","","","","","","","","","","","","","","","","","","","","","","","","",94,1,"","","","","","","","","","","","",16.6,1,998.2,1,"","","","","","",8,1,8,1,7,1,"","","","","","","","","","","","","","","","","","","","","","","","","","","","",2000,1,"","",63,1,6,1,"","","","","","","","","","",6,1,250,1,"","","","","","","","","","","","","","","","","","","","","","","","","","","","","","","","","","","","","","","","","","","","","","","","","","","",""
"33236002","CAP-FERRET",44.630667,-1.252,8,1977100818,"","","","",10.,1,260,1,"","","","","","","","","","","","","","","","","","","","","","","","","","","","",15.8,1,12.6,1,"","","","","","","","","","","","","","","","","","","","","","","","","","",83,1,"","","","","","","","","","","","",14.9,1,999.4,1,"","","","","","",6,1,6,1,8,1,0,1,0,1,"","","","","","","","","","","","","","","","","","","","","","","","",15000,1,"","",1,1,6,1,"","","","","","","","","","",5,1,250,1,"","","","","","","","","","","","","","","","","","","","","","","","","","","","","","","","","","","","","","","","","","","","","","","","","","","",""
"33236002","CAP-FERRET",44.630667,-1.252,8,1977100821,"","","","",8.,1,240,1,"","","","","","","","","","","","","","","","","","","","","","","","","","","","",15.8,1,13.3,1,"","","","","","","","","","","","","","","","","","","","","","","","","","",87,1,"","","","","","","","","","","","",15.7,1,1002.,1,"","","","","","",7,1,7,1,8,1,7,1,"","","","","","","","","","","","","","","","","","","","","","","","","","",15000,1,"","",2,1,8,1,"","","","","","","","","","",5,1,250,1,"","","","","","","","","","","","","","","","","","","","","","","","","","","","","","","","","","","","","","","","","","","","","","","","","","","",""
"33236002","CAP-FERRET",44.630667,-1.252,8,1977100900,"","","","",7.,1,220,1,"","","","","","","","","","","","","","","","","","","","","","","","","","","","","","","","","","","","","","","","","","","","","","","","","","","","","","","","","","","","","","","","","","","","","","","","","","",1002.9,1,"","","","","","","","","","","","","","","","","","","","","","","","","","","","","","","","","","","","","","","","","","","","","","","","","","","","","","","","","","","","","","","","","","","","","","","","","","","","","","","","","","","","","","","","","","","","","","","","","","","","","","","","","","","","","","","","","",""
"33236002","CAP-FERRET",44.630667,-1.252,8,1977100903,"","","","",4.,1,160,1,"","","","","","","","","","","","","","","","","","","","","","","","","","","","",13.5,1,12.3,1,"","","","","","","","","","","","","","","","","","","","","","","","","","",94,1,"","","","","","","","","","","","",14.6,1,1003.3,1,"","","","","","",2,1,0,1,5,1,0,1,0,1,"","","","","","","","","","","","","","","","","","","","","","","","",15000,1,"","",0,1,"","","","","","","","","","","","",5,1,270,1,"","","","","","","","","","","","","","","","","","","","","","","","","","","","","","","","","","","","","","","","","","","","","","","","","","","",""
"33236002","CAP-FERRET",44.630667,-1.252,8,1977100906,"","","","",2.,1,180,1,"","","","","","","","","","","","","","","","","","","","","","","","","","","","",13.2,1,10.2,1,"","","","","","","","","","","","","","","","","","","","","","","","","","",84,1,"","","","","","","","","","","","",12.7,1,1003.8,1,"","","","","","",7,1,5,1,0,1,7,1,2,1,"","","","","","","","","","","","","","","","","","","","","","","","",10000,1,"","",0,1,"","","","","","","","","","","","",4,1,270,1,"","","","","","","","","","","","","","","","","","","","","","","","","","","","","","","","","","","","","","","","","","","","","","","","","","","",""
"33236002","CAP-FERRET",44.630667,-1.252,8,1977100909,"","","","",0.,1,0,1,"","","","","","","","","","","","","","","","","","","","","","","","","","","","",14.,1,12.2,1,"","","","","","","","","","","","","","","","","","","","","","","","","","",91,1,"","","","","","","","","","","","",14.5,1,1006.3,1,"","","","","","",7,1,7,1,8,1,7,1,"","","","","","","","","","","","","","","","","","","","","","","","","","",14000,1,"","",3,1,2,1,"","","","","","","","","","",4,1,270,1,"","","","","","","","","","","","","","","","","","","","","","","","","","","","","","","","","","","","","","","","","","","","","","","","","","","",""
"33236002","CAP-FERRET",44.630667,-1.252,8,1977100912,"","","","",3.,1,180,1,"","","","","","","","","","","","","","","","","","","","","","","","","","","","",15.,1,12.9,1,"","","","","","","","","","","","","","","","","","","","","","","","","","",89,1,"","","","","","","","","","","","",15.2,1,1008.,1,"","","","","","",6,1,6,1,8,1,0,1,0,1,"","","","","","","","","","","","","","","","","","","","","","","","",15000,1,"","",2,1,8,1,"","","","","","","","","","",3,1,270,1,"","","","","","","","","","","","","","","","","","","","","","","","","","","","","","","","","","","","","","","","","","","","","","","","","","","",""
"33236002","CAP-FERRET",44.630667,-1.252,8,1977100915,"","","","",7.,1,280,1,"","","","","","","","","","","","","","","","","","","","","","","","","","","","",17.,1,13.5,1,"","","","","","","","","","","","","","","","","","","","","","","","","","",82,1,"","","","","","","","","","","","",15.9,1,1008.5,1,"","","","","","",4,1,0,1,9,1,0,1,3,1,"","","","","","","","","","","","","","","","","","","","","","","","",18000,1,"","",1,1,8,1,"","","","","","","","","","",3,1,270,1,"","","","","","","","","","","","","","","","","","","","","","","","","","","","","","","","","","","","","","","","","","","","","","","","","","","",""
"33236002","CAP-FERRET",44.630667,-1.252,8,1977100918,"","","","",8.,1,320,1,"","","","","","","","","","","","","","","","","","","","","","","","","","","","",15.,1,12.5,1,"","","","","","","","","","","","","","","","","","","","","","","","","","",87,1,"","","","","","","","","","","","",14.8,1,1011.6,1,"","","","","","",4,1,0,1,2,1,0,1,0,1,"","","","","","","","","","","","","","","","","","","","","","","","",18000,1,"","",1,1,8,1,"","","","","","","","","","",3,1,270,1,"","","","","","","","","","","","","","","","","","","","","","","","","","","","","","","","","","","","","","","","","","","","","","","","","","","",""
"33236002","CAP-FERRET",44.630667,-1.252,8,1977100921,"","","","",6.,1,320,1,"","","","","","","","","","","","","","","","","","","","","","","","","","","","",15.4,1,12.6,1,"","","","","","","","","","","","","","","","","","","","","","","","","","",85,1,"","","","","","","","","","","","",14.9,1,1014.2,1,"","","","","","",3,1,0,1,2,1,0,1,0,1,"","","","","","","","","","","","","","","","","","","","","","","","",18000,1,"","",1,1,0,1,"","","","","","","","","","",3,1,270,1,"","","","","","","","","","","","","","","","","","","","","","","","","","","","","","","","","","","","","","","","","","","","","","","","","","","",""
"33236002","CAP-FERRET",44.630667,-1.252,8,1977101000,"","","","",7.,1,340,1,"","","","","","","","","","","","","","","","","","","","","","","","","","","","","","","","","","","","","","","","","","","","","","","","","","","","","","","","","","","","","","","","","","","","","","","","","","",1015.7,1,"","","","","","","","","","","","","","","","","","","","","","","","","","","","","","","","","","","","","","","","","","","","","","","","","","","","","","","","","","","","","","","","","","","","","","","","","","","","","","","","","","","","","","","","","","","","","","","","","","","","","","","","","","","","","","","","","",""
"33236002","CAP-FERRET",44.630667,-1.252,8,1977101003,"","","","",6.,1,320,1,"","","","","","","","","","","","","","","","","","","","","","","","","","","","",14.6,1,11.3,1,"","","","","","","","","","","","","","","","","","","","","","","","","","",83,1,"","","","","","","","","","","","",13.7,1,1016.7,1,"","","","","","",8,1,8,1,8,1,"","","","","","","","","","","","","","","","","","","","","","","","","","","","",16000,1,"","",0,1,"","","","","","","","","","","","",4,1,290,1,"","","","","","","","","","","","","","","","","","","","","","","","","","","","","","","","","","","","","","","","","","","","","","","","","","","",""
"33236002","CAP-FERRET",44.630667,-1.252,8,1977101006,"","","","",7.,1,340,1,"","","","","","","","","","","","","","","","","","","","","","","","","","","","",13.6,1,11.1,1,"","","","","","","","","","","","","","","","","","","","","","","","","","",87,1,"","","","","","","","","","","","",13.5,1,1018.1,1,"","","","","","",8,1,8,1,8,1,"","","","","","","","","","","","","","","","","","","","","","","","","","","","",16000,1,"","",2,1,2,1,"","","","","","","","","","",4,1,290,1,"","","","","","","","","","","","","","","","","","","","","","","","","","","","","","","","","","","","","","","","","","","","","","","","","","","",""
"33236002","CAP-FERRET",44.630667,-1.252,8,1977101009,"","","","",3.,1,340,1,"","","","","","","","","","","","","","","","","","","","","","","","","","","","",17.,1,11.2,1,"","","","","","","","","","","","","","","","","","","","","","","","","","",71,1,"","","","","","","","","","","","",13.6,1,1020.3,1,"","","","","","",3,1,0,1,8,1,0,1,0,1,"","","","","","","","","","","","","","","","","","","","","","","","",20000,1,"","",1,1,1,1,"","","","","","","","","","",4,1,290,1,"","","","","","","","","","","","","","","","","","","","","","","","","","","","","","","","","","","","","","","","","","","","","","","","","","","",""
"33236002","CAP-FERRET",44.630667,-1.252,8,1977101012,"","","","",3.,1,320,1,"","","","","","","","","","","","","","","","","","","","","","","","","","","","",18.6,1,11.4,1,"","","","","","","","","","","","","","","","","","","","","","","","","","",65,1,"","","","","","","","","","","","",13.8,1,1020.9,1,"","","","","","",4,1,0,1,8,1,6,1,3,1,"","","","","","","","","","","","","","","","","","","","","","","","",20000,1,"","",2,1,0,1,"","","","","","","","","","",4,1,290,1,"","","","","","","","","","","","","","","","","","","","","","","","","","","","","","","","","","","","","","","","","","","","","","","","","","","",""
"33236002","CAP-FERRET",44.630667,-1.252,8,1977101015,"","","","",2.,1,300,1,"","","","","","","","","","","","","","","","","","","","","","","","","","","","",17.4,1,12.5,1,"","","","","","","","","","","","","","","","","","","","","","","","","","",74,1,"","","","","","","","","","","","",14.8,1,1020.6,1,"","","","","","",3,1,0,1,8,1,0,1,0,1,"","","","","","","","","","","","","","","","","","","","","","","","",20000,1,"","",2,1,0,1,"","","","","","","","","","",4,1,290,1,"","","","","","","","","","","","","","","","","","","","","","","","","","","","","","","","","","","","","","","","","","","","","","","","","","","",""
"33236002","CAP-FERRET",44.630667,-1.252,8,1977101018,"","","","",2.,1,320,1,"","","","","","","","","","","","","","","","","","","","","","","","","","","","",14.6,1,11.6,1,"","","","","","","","","","","","","","","","","","","","","","","","","","",84,1,"","","","","","","","","","","","",14.,1,1020.4,1,"","","","","","",1,1,0,1,2,1,0,1,0,1,"","","","","","","","","","","","","","","","","","","","","","","","",20000,1,"","",2,1,0,1,"","","","","","","","","","",4,1,290,1,"","","","","","","","","","","","","","","","","","","","","","","","","","","","","","","","","","","","","","","","","","","","","","","","","","","",""
"33236002","CAP-FERRET",44.630667,-1.252,8,1977101021,"","","","",2.,1,60,1,"","","","","","","","","","","","","","","","","","","","","","","","","","","","",11.5,1,11.5,1,"","","","","","","","","","","","","","","","","","","","","","","","","","",100,1,"","","","","","","","","","","","",13.6,1,1021.2,1,"","","","","","",0,1,"","",0,1,0,1,0,1,"","","","","","","","","","","","","","","","","","","","","","","","",16000,1,"","",2,1,0,1,"","","","","","","","","","",4,1,290,1,"","","","","","","","","","","","","","","","","","","","","","","","","","","","","","","","","","","","","","","","","","","","","","","","","","","",""
"33236002","CAP-FERRET",44.630667,-1.252,8,1977101100,"","","","",3.,1,100,1,"","","","","","","","","","","","","","","","","","","","","","","","","","","","","","","","","","","","","","","","","","","","","","","","","","","","","","","","","","","","","","","","","","","","","","","","","","",1020.,1,"","","","","","","","","","","","","","","","","","","","","","","","","","","","","","","","","","","","","","","","","","","","","","","","","","","","","","","","","","","","","","","","","","","","","","","","","","","","","","","","","","","","","","","","","","","","","","","","","","","","","","","","","","","","","","","","","",""
"33236002","CAP-FERRET",44.630667,-1.252,8,1977101103,"","","","",2.,1,100,1,"","","","","","","","","","","","","","","","","","","","","","","","","","","","",10.,1,9.3,1,"","","","","","","","","","","","","","","","","","","","","","","","","","",97,1,"","","","","","","","","","","","",11.9,1,1018.5,1,"","","","","","",0,1,"","",0,1,0,1,0,1,"","","","","","","","","","","","","","","","","","","","","","","","",15000,1,"","",0,1,"","","","","","","","","","","","",3,1,270,1,"","","","","","","","","","","","","","","","","","","","","","","","","","","","","","","","","","","","","","","","","","","","","","","","","","","",""
"33236002","CAP-FERRET",44.630667,-1.252,8,1977101106,"","","","",2.,1,80,1,"","","","","","","","","","","","","","","","","","","","","","","","","","","","",9.4,1,8.8,1,"","","","","","","","","","","","","","","","","","","","","","","","","","",97,1,"","","","","","","","","","","","",11.5,1,1017.6,1,"","","","","","",2,1,0,1,0,1,0,1,2,1,"","","","","","","","","","","","","","","","","","","","","","","","",14000,1,"","",2,1,1,1,"","","","","","","","","","",3,1,270,1,"","","","","","","","","","","","","","","","","","","","","","","","","","","","","","","","","","","","","","","","","","","","","","","","","","","",""
"33236002","CAP-FERRET",44.630667,-1.252,8,1977101109,"","","","",4.,1,100,1,"","","","","","","","","","","","","","","","","","","","","","","","","","","","",14.2,1,9.8,1,"","","","","","","","","","","","","","","","","","","","","","","","","","",76,1,"","","","","","","","","","","","",12.3,1,1017.5,1,"","","","","","",3,1,0,1,0,1,0,1,2,1,"","","","","","","","","","","","","","","","","","","","","","","","",18000,1,"","",2,1,0,1,"","","","","","","","","","",3,1,270,1,"","","","","","","","","","","","","","","","","","","","","","","","","","","","","","","","","","","","","","","","","","","","","","","","","","","",""
"33236002","CAP-FERRET",44.630667,-1.252,8,1977101112,"","","","",3.,1,100,1,"","","","","","","","","","","","","","","","","","","","","","","","","","","","",17.2,1,10.2,1,"","","","","","","","","","","","","","","","","","","","","","","","","","",65,1,"","","","","","","","","","","","",12.7,1,1017.4,1,"","","","","","",3,1,0,1,0,1,0,1,2,1,"","","","","","","","","","","","","","","","","","","","","","","","",18000,1,"","",2,1,0,1,"","","","","","","","","","",3,1,270,1,"","","","","","","","","","","","","","","","","","","","","","","","","","","","","","","","","","","","","","","","","","","","","","","","","","","",""
"33236002","CAP-FERRET",44.630667,-1.252,8,1977101115,"","","","",5.,1,60,1,"","","","","","","","","","","","","","","","","","","","","","","","","","","","",18.6,1,11.9,1,"","","","","","","","","","","","","","","","","","","","","","","","","","",66,1,"","","","","","","","","","","","",14.2,1,1015.9,1,"","","","","","",3,1,0,1,0,1,0,1,2,1,"","","","","","","","","","","","","","","","","","","","","","","","",18000,1,"","",2,1,0,1,"","","","","","","","","","",3,1,"","","","","","","","","","","","","","","","","","","","","","","","","","","","","","","","","","","","","","","","","","","","","","","","","","","","","",""
"33236002","CAP-FERRET",44.630667,-1.252,8,1977101118,"","","","",3.,1,80,1,"","","","","","","","","","","","","","","","","","","","","","","","","","","","",14.5,1,11.4,1,"","","","","","","","","","","","","","","","","","","","","","","","","","",83,1,"","","","","","","","","","","","",13.8,1,1015.5,1,"","","","","","",3,1,0,1,0,1,0,1,2,1,"","","","","","","","","","","","","","","","","","","","","","","","",18000,1,"","",2,1,0,1,"","","","","","","","","","",2,1,"","","","","","","","","","","","","","","","","","","","","","","","","","","","","","","","","","","","","","","","","","","","","","","","","","","","","",""
"33236002","CAP-FERRET",44.630667,-1.252,8,1977101121,"","","","",1.,1,80,1,"","","","","","","","","","","","","","","","","","","","","","","","","","","","",11.6,1,10.1,1,"","","","","","","","","","","","","","","","","","","","","","","","","","",92,1,"","","","","","","","","","","","",12.6,1,1016.3,1,"","","","","","",0,1,"","",0,1,0,1,0,1,"","","","","","","","","","","","","","","","","","","","","","","","",15000,1,"","",2,1,0,1,"","","","","","","","","","",2,1,"","","","","","","","","","","","","","","","","","","","","","","","","","","","","","","","","","","","","","","","","","","","","","","","","","","","","",""
"33236002","CAP-FERRET",44.630667,-1.252,8,1977101200,"","","","",1.,1,80,1,"","","","","","","","","","","","","","","","","","","","","","","","","","","","","","","","","","","","","","","","","","","","","","","","","","","","","","","","","","","","","","","","","","","","","","","","","","",1016.9,1,"","","","","","","","","","","","","","","","","","","","","","","","","","","","","","","","","","","","","","","","","","","","","","","","","","","","","","","","","","","","","","","","","","","","","","","","","","","","","","","","","","","","","","","","","","","","","","","","","","","","","","","","","","","","","","","","","",""
"33236002","CAP-FERRET",44.630667,-1.252,8,1977101203,"","","","",3.,1,60,1,"","","","","","","","","","","","","","","","","","","","","","","","","","","","",8.4,1,8.4,1,"","","","","","","","","","","","","","","","","","","","","","","","","","",100,1,"","","","","","","","","","","","",11.,1,1017.9,1,"","","","","","",0,1,"","",0,1,0,1,0,1,"","","","","","","","","","","","","","","","","","","","","","","","",10000,1,"","",0,1,"","","","","","","","","","","","",2,1,270,1,"","","","","","","","","","","","","","","","","","","","","","","","","","","","","","","","","","","","","","","","","","","","","","","","","","","",""
"33236002","CAP-FERRET",44.630667,-1.252,8,1977101206,"","","","",3.,1,80,1,"","","","","","","","","","","","","","","","","","","","","","","","","","","","",8.2,1,8.2,1,"","","","","","","","","","","","","","","","","","","","","","","","","","",100,1,"","","","","","","","","","","","",10.9,1,1018.6,1,"","","","","","",2,1,0,1,5,1,0,1,2,1,"","","","","","","","","","","","","","","","","","","","","","","","",10000,1,"","",2,1,0,1,"","","","","","","","","","",4,1,270,1,"","","","","","","","","","","","","","","","","","","","","","","","","","","","","","","","","","","","","","","","","","","","","","","","","","","",""
"33236002","CAP-FERRET",44.630667,-1.252,8,1977101209,"","","","",3.,1,120,1,"","","","","","","","","","","","","","","","","","","","","","","","","","","","",14.4,1,9.9,1,"","","","","","","","","","","","","","","","","","","","","","","","","","",76,1,"","","","","","","","","","","","",12.4,1,1019.9,1,"","","","","","",2,1,0,1,0,1,8,1,2,1,"","","","","","","","","","","","","","","","","","","","","","","","",6000,1,"","",2,1,0,1,"","","","","","","","","","",4,1,270,1,"","","","","","","","","","","","","","","","","","","","","","","","","","","","","","","","","","","","","","","","","","","","","","","","","","","",""
"33236002","CAP-FERRET",44.630667,-1.252,8,1977101212,"","","","",0.,1,0,1,"","","","","","","","","","","","","","","","","","","","","","","","","","","","",16.5,1,11.3,1,"","","","","","","","","","","","","","","","","","","","","","","","","","",73,1,"","","","","","","","","","","","",13.7,1,1020.1,1,"","","","","","",2,1,0,1,0,1,8,1,2,1,"","","","","","","","","","","","","","","","","","","","","","","","",8000,1,"","",2,1,0,1,"","","","","","","","","","",4,1,270,1,"","","","","","","","","","","","","","","","","","","","","","","","","","","","","","","","","","","","","","","","","","","","","","","","","","","",""
"33236002","CAP-FERRET",44.630667,-1.252,8,1977101215,"","","","",4.,1,360,1,"","","","","","","","","","","","","","","","","","","","","","","","","","","","",17.8,1,12.2,1,"","","","","","","","","","","","","","","","","","","","","","","","","","",71,1,"","","","","","","","","","","","",14.5,1,1019.5,1,"","","","","","",3,1,0,1,0,1,8,1,2,1,"","","","","","","","","","","","","","","","","","","","","","","","",10000,1,"","",3,1,0,1,"","","","","","","","","","",4,1,270,1,"","","","","","","","","","","","","","","","","","","","","","","","","","","","","","","","","","","","","","","","","","","","","","","","","","","",""
"33236002","CAP-FERRET",44.630667,-1.252,8,1977101218,"","","","",2.,1,40,1,"","","","","","","","","","","","","","","","","","","","","","","","","","","","",13.5,1,11.9,1,"","","","","","","","","","","","","","","","","","","","","","","","","","",92,1,"","","","","","","","","","","","",14.2,1,1019.5,1,"","","","","","",2,1,0,1,0,1,8,1,2,1,"","","","","","","","","","","","","","","","","","","","","","","","",9000,1,"","",2,1,0,1,"","","","","","","","","","",4,1,270,1,"","","","","","","","","","","","","","","","","","","","","","","","","","","","","","","","","","","","","","","","","","","","","","","","","","","",""
"33236002","CAP-FERRET",44.630667,-1.252,8,1977101221,"","","","",2.,1,80,1,"","","","","","","","","","","","","","","","","","","","","","","","","","","","",11.8,1,11.1,1,"","","","","","","","","","","","","","","","","","","","","","","","","","",98,1,"","","","","","","","","","","","",13.5,1,1020.1,1,"","","","","","",0,1,"","",0,1,0,1,0,1,"","","","","","","","","","","","","","","","","","","","","","","","",6000,1,"","",2,1,0,1,"","","","","","","","","","",4,1,270,1,"","","","","","","","","","","","","","","","","","","","","","","","","","","","","","","","","","","","","","","","","","","","","","","","","","","",""
"33236002","CAP-FERRET",44.630667,-1.252,8,1977101300,"","","","",2.,1,80,1,"","","","","","","","","","","","","","","","","","","","","","","","","","","","","","","","","","","","","","","","","","","","","","","","","","","","","","","","","","","","","","","","","","","","","","","","","","",1019.5,1,"","","","","","","","","","","","","","","","","","","","","","","","","","","","","","","","","","","","","","","","","","","","","","","","","","","","","","","","","","","","","","","","","","","","","","","","","","","","","","","","","","","","","","","","","","","","","","","","","","","","","","","","","","","","","","","","","",""
"33236002","CAP-FERRET",44.630667,-1.252,8,1977101303,"","","","",5.,1,100,1,"","","","","","","","","","","","","","","","","","","","","","","","","","","","",10.4,1,9.3,1,"","","","","","","","","","","","","","","","","","","","","","","","","","",95,1,"","","","","","","","","","","","",11.9,1,1018.5,1,"","","","","","",0,1,"","",0,1,0,1,0,1,"","","","","","","","","","","","","","","","","","","","","","","","",6000,1,"","",0,1,"","","","","","","","","","","","",4,1,270,1,"","","","","","","","","","","","","","","","","","","","","","","","","","","","","","","","","","","","","","","","","","","","","","","","","","","",""
"33236002","CAP-FERRET",44.630667,-1.252,8,1977101306,"","","","",2.,1,80,1,"","","","","","","","","","","","","","","","","","","","","","","","","","","","",9.2,1,9.2,1,"","","","","","","","","","","","","","","","","","","","","","","","","","",100,1,"","","","","","","","","","","","",11.6,1,1018.5,1,"","","","","","",0,1,"","",0,1,0,1,0,1,"","","","","","","","","","","","","","","","","","","","","","","","",5000,1,"","",2,1,0,1,"","","","","","","","","","",3,1,270,1,"","","","","","","","","","","","","","","","","","","","","","","","","","","","","","","","","","","","","","","","","","","","","","","","","","","",""
"33236002","CAP-FERRET",44.630667,-1.252,8,1977101309,"","","","",1.,1,120,1,"","","","","","","","","","","","","","","","","","","","","","","","","","","","",15.6,1,10.4,1,"","","","","","","","","","","","","","","","","","","","","","","","","","",73,1,"","","","","","","","","","","","",12.9,1,1018.5,1,"","","","","","",1,1,0,1,0,1,4,1,0,1,"","","","","","","","","","","","","","","","","","","","","","","","",13000,1,"","",2,1,0,1,"","","","","","","","","","",3,1,270,1,"","","","","","","","","","","","","","","","","","","","","","","","","","","","","","","","","","","","","","","","","","","","","","","","","","","",""
"33236002","CAP-FERRET",44.630667,-1.252,8,1977101312,"","","","",3.,1,120,1,"","","","","","","","","","","","","","","","","","","","","","","","","","","","",21.4,1,13.2,1,"","","","","","","","","","","","","","","","","","","","","","","","","","",61,1,"","","","","","","","","","","","",15.5,1,1017.5,1,"","","","","","",1,1,0,1,0,1,4,1,0,1,"","","","","","","","","","","","","","","","","","","","","","","","",18000,1,"","",2,1,0,1,"","","","","","","","","","",4,1,270,1,"","","","","","","","","","","","","","","","","","","","","","","","","","","","","","","","","","","","","","","","","","","","","","","","","","","",""
"33236002","CAP-FERRET",44.630667,-1.252,8,1977101315,"","","","",0.,1,0,1,"","","","","","","","","","","","","","","","","","","","","","","","","","","","",22.5,1,12.2,1,"","","","","","","","","","","","","","","","","","","","","","","","","","",54,1,"","","","","","","","","","","","",14.5,1,1016.1,1,"","","","","","",0,1,"","",0,1,0,1,0,1,"","","","","","","","","","","","","","","","","","","","","","","","",18000,1,"","",2,1,0,1,"","","","","","","","","","",4,1,270,1,"","","","","","","","","","","","","","","","","","","","","","","","","","","","","","","","","","","","","","","","","","","","","","","","","","","",""
"33236002","CAP-FERRET",44.630667,-1.252,8,1977101318,"","","","",0.,1,0,1,"","","","","","","","","","","","","","","","","","","","","","","","","","","","",17.4,1,14.3,1,"","","","","","","","","","","","","","","","","","","","","","","","","","",84,1,"","","","","","","","","","","","",16.7,1,1016.7,1,"","","","","","",0,1,"","",0,1,0,1,0,1,"","","","","","","","","","","","","","","","","","","","","","","","",9000,1,"","",2,1,0,1,"","","","","","","","","","",4,1,270,1,"","","","","","","","","","","","","","","","","","","","","","","","","","","","","","","","","","","","","","","","","","","","","","","","","","","",""
"33236002","CAP-FERRET",44.630667,-1.252,8,1977101321,"","","","",0.,1,0,1,"","","","","","","","","","","","","","","","","","","","","","","","","","","","",15.6,1,12.8,1,"","","","","","","","","","","","","","","","","","","","","","","","","","",85,1,"","","","","","","","","","","","",15.1,1,1017.3,1,"","","","","","",0,1,"","",0,1,0,1,0,1,"","","","","","","","","","","","","","","","","","","","","","","","",8000,1,"","",2,1,0,1,"","","","","","","","","","",4,1,270,1,"","","","","","","","","","","","","","","","","","","","","","","","","","","","","","","","","","","","","","","","","","","","","","","","","","","",""
"33236002","CAP-FERRET",44.630667,-1.252,8,1977101400,"","","","",1.,1,100,1,"","","","","","","","","","","","","","","","","","","","","","","","","","","","","","","","","","","","","","","","","","","","","","","","","","","","","","","","","","","","","","","","","","","","","","","","","","",1016.8,1,"","","","","","","","","","","","","","","","","","","","","","","","","","","","","","","","","","","","","","","","","","","","","","","","","","","","","","","","","","","","","","","","","","","","","","","","","","","","","","","","","","","","","","","","","","","","","","","","","","","","","","","","","","","","","","","","","",""
"33236002","CAP-FERRET",44.630667,-1.252,8,1977101403,"","","","",1.,1,100,1,"","","","","","","","","","","","","","","","","","","","","","","","","","","","",11.8,1,10.3,1,"","","","","","","","","","","","","","","","","","","","","","","","","","",92,1,"","","","","","","","","","","","",12.8,1,1016.3,1,"","","","","","",0,1,"","",0,1,0,1,0,1,"","","","","","","","","","","","","","","","","","","","","","","","",8000,1,"","",0,1,"","","","","","","","","","","","",4,1,270,1,"","","","","","","","","","","","","","","","","","","","","","","","","","","","","","","","","","","","","","","","","","","","","","","","","","","",""
"33236002","CAP-FERRET",44.630667,-1.252,8,1977101406,"","","","",2.,1,100,1,"","","","","","","","","","","","","","","","","","","","","","","","","","","","",10.4,1,9.3,1,"","","","","","","","","","","","","","","","","","","","","","","","","","",95,1,"","","","","","","","","","","","",11.9,1,1015.7,1,"","","","","","",0,1,"","",0,1,0,1,0,1,"","","","","","","","","","","","","","","","","","","","","","","","",6000,1,"","",2,1,0,1,"","","","","","","","","","",4,1,270,1,"","","","","","","","","","","","","","","","","","","","","","","","","","","","","","","","","","","","","","","","","","","","","","","","","","","",""
"33236002","CAP-FERRET",44.630667,-1.252,8,1977101409,"","","","",1.,1,100,1,"","","","","","","","","","","","","","","","","","","","","","","","","","","","",13.6,1,10.7,1,"","","","","","","","","","","","","","","","","","","","","","","","","","",84,1,"","","","","","","","","","","","",13.1,1,1016.3,1,"","","","","","",1,1,0,1,0,1,0,1,1,1,"","","","","","","","","","","","","","","","","","","","","","","","",5000,1,"","",2,1,0,1,"","","","","","","","","","",4,1,270,1,"","","","","","","","","","","","","","","","","","","","","","","","","","","","","","","","","","","","","","","","","","","","","","","","","","","",""
"33236002","CAP-FERRET",44.630667,-1.252,8,1977101412,"","","","",0.,1,0,1,"","","","","","","","","","","","","","","","","","","","","","","","","","","","",20.2,1,14.4,1,"","","","","","","","","","","","","","","","","","","","","","","","","","",71,1,"","","","","","","","","","","","",16.8,1,1015.1,1,"","","","","","",1,1,0,1,0,1,4,1,0,1,"","","","","","","","","","","","","","","","","","","","","","","","",12000,1,"","",2,1,0,1,"","","","","","","","","","",3,1,270,1,"","","","","","","","","","","","","","","","","","","","","","","","","","","","","","","","","","","","","","","","","","","","","","","","","","","",""
"33236002","CAP-FERRET",44.630667,-1.252,8,1977101415,"","","","",0.,1,0,1,"","","","","","","","","","","","","","","","","","","","","","","","","","","","",21.2,1,14.5,1,"","","","","","","","","","","","","","","","","","","","","","","","","","",68,1,"","","","","","","","","","","","",17.,1,1014.1,1,"","","","","","",0,1,"","",0,1,0,1,0,1,"","","","","","","","","","","","","","","","","","","","","","","","",16000,1,"","",2,1,0,1,"","","","","","","","","","",3,1,270,1,"","","","","","","","","","","","","","","","","","","","","","","","","","","","","","","","","","","","","","","","","","","","","","","","","","","",""
"33236002","CAP-FERRET",44.630667,-1.252,8,1977101418,"","","","",0.,1,0,1,"","","","","","","","","","","","","","","","","","","","","","","","","","","","",17.4,1,15.,1,"","","","","","","","","","","","","","","","","","","","","","","","","","",88,1,"","","","","","","","","","","","",17.5,1,1013.9,1,"","","","","","",0,1,"","",0,1,0,1,0,1,"","","","","","","","","","","","","","","","","","","","","","","","",14000,1,"","",2,1,0,1,"","","","","","","","","","",3,1,270,1,"","","","","","","","","","","","","","","","","","","","","","","","","","","","","","","","","","","","","","","","","","","","","","","","","","","",""
"33236002","CAP-FERRET",44.630667,-1.252,8,1977101421,"","","","",1.,1,120,1,"","","","","","","","","","","","","","","","","","","","","","","","","","","","",15.8,1,13.6,1,"","","","","","","","","","","","","","","","","","","","","","","","","","",89,1,"","","","","","","","","","","","",16.,1,1013.9,1,"","","","","","",0,1,"","",0,1,0,1,0,1,"","","","","","","","","","","","","","","","","","","","","","","","",9000,1,"","",2,1,0,1,"","","","","","","","","","",3,1,270,1,"","","","","","","","","","","","","","","","","","","","","","","","","","","","","","","","","","","","","","","","","","","","","","","","","","","",""
"33236002","CAP-FERRET",44.630667,-1.252,8,1977101500,"","","","",6.,1,120,1,"","","","","","","","","","","","","","","","","","","","","","","","","","","","","","","","","","","","","","","","","","","","","","","","","","","","","","","","","","","","","","","","","","","","","","","","","","",1013.7,1,"","","","","","","","","","","","","","","","","","","","","","","","","","","","","","","","","","","","","","","","","","","","","","","","","","","","","","","","","","","","","","","","","","","","","","","","","","","","","","","","","","","","","","","","","","","","","","","","","","","","","","","","","","","","","","","","","",""
"33236002","CAP-FERRET",44.630667,-1.252,8,1977101503,"","","","",6.,1,120,1,"","","","","","","","","","","","","","","","","","","","","","","","","","","","",12.4,1,11.3,1,"","","","","","","","","","","","","","","","","","","","","","","","","","",95,1,"","","","","","","","","","","","",13.7,1,1012.9,1,"","","","","","",0,1,"","",0,1,0,1,0,1,"","","","","","","","","","","","","","","","","","","","","","","","",7000,1,"","",0,1,"","","","","","","","","","","","",3,1,270,1,"","","","","","","","","","","","","","","","","","","","","","","","","","","","","","","","","","","","","","","","","","","","","","","","","","","",""
"33236002","CAP-FERRET",44.630667,-1.252,8,1977101506,"","","","",7.,1,120,1,"","","","","","","","","","","","","","","","","","","","","","","","","","","","",11.8,1,11.8,1,"","","","","","","","","","","","","","","","","","","","","","","","","","",100,1,"","","","","","","","","","","","",13.8,1,1012.1,1,"","","","","","",0,1,"","",0,1,0,1,0,1,"","","","","","","","","","","","","","","","","","","","","","","","",6000,1,"","",2,1,0,1,"","","","","","","","","","",3,1,270,1,"","","","","","","","","","","","","","","","","","","","","","","","","","","","","","","","","","","","","","","","","","","","","","","","","","","",""
"33236002","CAP-FERRET",44.630667,-1.252,8,1977101509,"","","","",6.,1,120,1,"","","","","","","","","","","","","","","","","","","","","","","","","","","","",15.6,1,12.4,1,"","","","","","","","","","","","","","","","","","","","","","","","","","",83,1,"","","","","","","","","","","","",14.7,1,1013.3,1,"","","","","","",0,1,"","",0,1,0,1,0,1,"","","","","","","","","","","","","","","","","","","","","","","","",7000,1,"","",2,1,0,1,"","","","","","","","","","",3,1,270,1,"","","","","","","","","","","","","","","","","","","","","","","","","","","","","","","","","","","","","","","","","","","","","","","","","","","",""
"33236002","CAP-FERRET",44.630667,-1.252,8,1977101512,"","","","",5.,1,180,1,"","","","","","","","","","","","","","","","","","","","","","","","","","","","",22.8,1,13.2,1,"","","","","","","","","","","","","","","","","","","","","","","","","","",56,1,"","","","","","","","","","","","",15.6,1,1013.1,1,"","","","","","",0,1,"","",0,1,0,1,0,1,"","","","","","","","","","","","","","","","","","","","","","","","",15000,1,"","",2,1,0,1,"","","","","","","","","","",2,1,"","","","","","","","","","","","","","","","","","","","","","","","","","","","","","","","","","","","","","","","","","","","","","","","","","","","","",""
"33236002","CAP-FERRET",44.630667,-1.252,8,1977101515,"","","","",8.,1,180,1,"","","","","","","","","","","","","","","","","","","","","","","","","","","","",23.5,1,13.9,1,"","","","","","","","","","","","","","","","","","","","","","","","","","",56,1,"","","","","","","","","","","","",16.3,1,1012.5,1,"","","","","","",0,1,"","",0,1,0,1,0,1,"","","","","","","","","","","","","","","","","","","","","","","","",16000,1,"","",2,1,0,1,"","","","","","","","","","",2,1,"","","","","","","","","","","","","","","","","","","","","","","","","","","","","","","","","","","","","","","","","","","","","","","","","","","","","",""
"33236002","CAP-FERRET",44.630667,-1.252,8,1977101518,"","","","",2.,1,180,1,"","","","","","","","","","","","","","","","","","","","","","","","","","","","",17.4,1,13.5,1,"","","","","","","","","","","","","","","","","","","","","","","","","","",80,1,"","","","","","","","","","","","",15.9,1,1013.3,1,"","","","","","",0,1,"","",0,1,0,1,0,1,"","","","","","","","","","","","","","","","","","","","","","","","",12000,1,"","",2,1,0,1,"","","","","","","","","","",2,1,"","","","","","","","","","","","","","","","","","","","","","","","","","","","","","","","","","","","","","","","","","","","","","","","","","","","","",""
"33236002","CAP-FERRET",44.630667,-1.252,8,1977101521,"","","","",4.,1,120,1,"","","","","","","","","","","","","","","","","","","","","","","","","","","","",16.2,1,13.7,1,"","","","","","","","","","","","","","","","","","","","","","","","","","",87,1,"","","","","","","","","","","","",16.1,1,1013.5,1,"","","","","","",0,1,"","",0,1,0,1,0,1,"","","","","","","","","","","","","","","","","","","","","","","","",9000,1,"","",2,1,0,1,"","","","","","","","","","",2,1,"","","","","","","","","","","","","","","","","","","","","","","","","","","","","","","","","","","","","","","","","","","","","","","","","","","","","",""
"33236002","CAP-FERRET",44.630667,-1.252,8,1977101600,"","","","",6.,1,120,1,"","","","","","","","","","","","","","","","","","","","","","","","","","","","","","","","","","","","","","","","","","","","","","","","","","","","","","","","","","","","","","","","","","","","","","","","","","",1013.4,1,"","","","","","","","","","","","","","","","","","","","","","","","","","","","","","","","","","","","","","","","","","","","","","","","","","","","","","","","","","","","","","","","","","","","","","","","","","","","","","","","","","","","","","","","","","","","","","","","","","","","","","","","","","","","","","","","","",""
"33236002","CAP-FERRET",44.630667,-1.252,8,1977101603,"","","","",6.,1,120,1,"","","","","","","","","","","","","","","","","","","","","","","","","","","","",13.2,1,13.2,1,"","","","","","","","","","","","","","","","","","","","","","","","","","",100,1,"","","","","","","","","","","","",15.2,1,1014.2,1,"","","","","","",0,1,"","",0,1,0,1,0,1,"","","","","","","","","","","","","","","","","","","","","","","","",7000,1,"","",0,1,"","","","","","","","","","","","",3,1,270,1,"","","","","","","","","","","","","","","","","","","","","","","","","","","","","","","","","","","","","","","","","","","","","","","","","","","",""
"33236002","CAP-FERRET",44.630667,-1.252,8,1977101606,"","","","",5.,1,120,1,"","","","","","","","","","","","","","","","","","","","","","","","","","","","",13.,1,12.3,1,"","","","","","","","","","","","","","","","","","","","","","","","","","",97,1,"","","","","","","","","","","","",14.6,1,1014.2,1,"","","","","","",0,1,"","",0,1,0,1,0,1,"","","","","","","","","","","","","","","","","","","","","","","","",6000,1,"","",2,1,0,1,"","","","","","","","","","",3,1,270,1,"","","","","","","","","","","","","","","","","","","","","","","","","","","","","","","","","","","","","","","","","","","","","","","","","","","",""
"33236002","CAP-FERRET",44.630667,-1.252,8,1977101609,"","","","",6.,1,120,1,"","","","","","","","","","","","","","","","","","","","","","","","","","","","",16.5,1,13.2,1,"","","","","","","","","","","","","","","","","","","","","","","","","","",82,1,"","","","","","","","","","","","",15.5,1,1015.1,1,"","","","","","",0,1,"","",0,1,0,1,0,1,"","","","","","","","","","","","","","","","","","","","","","","","",5000,1,"","",2,1,0,1,"","","","","","","","","","",2,1,270,1,"","","","","","","","","","","","","","","","","","","","","","","","","","","","","","","","","","","","","","","","","","","","","","","","","","","",""
"33236002","CAP-FERRET",44.630667,-1.252,8,1977101612,"","","","",2.,1,120,1,"","","","","","","","","","","","","","","","","","","","","","","","","","","","",22.2,1,14.4,1,"","","","","","","","","","","","","","","","","","","","","","","","","","",63,1,"","","","","","","","","","","","",16.9,1,1015.1,1,"","","","","","",0,1,"","",0,1,0,1,0,1,"","","","","","","","","","","","","","","","","","","","","","","","",15000,1,"","",2,1,0,1,"","","","","","","","","","",3,1,270,1,"","","","","","","","","","","","","","","","","","","","","","","","","","","","","","","","","","","","","","","","","","","","","","","","","","","",""
"33236002","CAP-FERRET",44.630667,-1.252,8,1977101615,"","","","",2.,1,120,1,"","","","","","","","","","","","","","","","","","","","","","","","","","","","",22.8,1,14.1,1,"","","","","","","","","","","","","","","","","","","","","","","","","","",59,1,"","","","","","","","","","","","",16.5,1,1013.5,1,"","","","","","",1,1,0,1,0,1,4,1,0,1,"","","","","","","","","","","","","","","","","","","","","","","","",18000,1,"","",2,1,0,1,"","","","","","","","","","",3,1,270,1,"","","","","","","","","","","","","","","","","","","","","","","","","","","","","","","","","","","","","","","","","","","","","","","","","","","",""
"33236002","CAP-FERRET",44.630667,-1.252,8,1977101618,"","","","",5.,1,100,1,"","","","","","","","","","","","","","","","","","","","","","","","","","","","",19.5,1,14.5,1,"","","","","","","","","","","","","","","","","","","","","","","","","","",75,1,"","","","","","","","","","","","",17.,1,1013.3,1,"","","","","","",1,1,0,1,0,1,0,1,2,1,"","","","","","","","","","","","","","","","","","","","","","","","",16000,1,"","",2,1,0,1,"","","","","","","","","","",2,1,270,1,"","","","","","","","","","","","","","","","","","","","","","","","","","","","","","","","","","","","","","","","","","","","","","","","","","","",""
"33236002","CAP-FERRET",44.630667,-1.252,8,1977101621,"","","","",5.,1,100,1,"","","","","","","","","","","","","","","","","","","","","","","","","","","","",17.4,1,14.2,1,"","","","","","","","","","","","","","","","","","","","","","","","","","",84,1,"","","","","","","","","","","","",16.6,1,1014.4,1,"","","","","","",0,1,"","",0,1,0,1,0,1,"","","","","","","","","","","","","","","","","","","","","","","","",9000,1,"","",2,1,0,1,"","","","","","","","","","",2,1,270,1,"","","","","","","","","","","","","","","","","","","","","","","","","","","","","","","","","","","","","","","","","","","","","","","","","","","",""
"33236002","CAP-FERRET",44.630667,-1.252,8,1977101700,"","","","",7.,1,100,1,"","","","","","","","","","","","","","","","","","","","","","","","","","","","","","","","","","","","","","","","","","","","","","","","","","","","","","","","","","","","","","","","","","","","","","","","","","",1013.2,1,"","","","","","","","","","","","","","","","","","","","","","","","","","","","","","","","","","","","","","","","","","","","","","","","","","","","","","","","","","","","","","","","","","","","","","","","","","","","","","","","","","","","","","","","","","","","","","","","","","","","","","","","","","","","","","","","","",""
"33236002","CAP-FERRET",44.630667,-1.252,8,1977101703,"","","","",7.,1,100,1,"","","","","","","","","","","","","","","","","","","","","","","","","","","","",14.4,1,13.3,1,"","","","","","","","","","","","","","","","","","","","","","","","","","",96,1,"","","","","","","","","","","","",15.7,1,1013.2,1,"","","","","","",0,1,"","",0,1,0,1,0,1,"","","","","","","","","","","","","","","","","","","","","","","","",15000,1,"","",0,1,"","","","","","","","","","","","",2,1,270,1,"","","","","","","","","","","","","","","","","","","","","","","","","","","","","","","","","","","","","","","","","","","","","","","","","","","",""
"33236002","CAP-FERRET",44.630667,-1.252,8,1977101706,"","","","",7.,1,100,1,"","","","","","","","","","","","","","","","","","","","","","","","","","","","",13.4,1,12.4,1,"","","","","","","","","","","","","","","","","","","","","","","","","","",96,1,"","","","","","","","","","","","",14.7,1,1012.8,1,"","","","","","",2,1,0,1,0,1,0,1,2,1,"","","","","","","","","","","","","","","","","","","","","","","","",12000,1,"","",0,1,"","","","","","","","","","","","",2,1,270,1,"","","","","","","","","","","","","","","","","","","","","","","","","","","","","","","","","","","","","","","","","","","","","","","","","","","",""
"33236002","CAP-FERRET",44.630667,-1.252,8,1977101709,"","","","",7.,1,120,1,"","","","","","","","","","","","","","","","","","","","","","","","","","","","",16.6,1,13.4,1,"","","","","","","","","","","","","","","","","","","","","","","","","","",84,1,"","","","","","","","","","","","",15.8,1,1012.8,1,"","","","","","",3,1,0,1,0,1,0,1,2,1,"","","","","","","","","","","","","","","","","","","","","","","","",10000,1,"","",2,1,0,1,"","","","","","","","","","",3,1,270,1,"","","","","","","","","","","","","","","","","","","","","","","","","","","","","","","","","","","","","","","","","","","","","","","","","","","",""
"33236002","CAP-FERRET",44.630667,-1.252,8,1977101712,"","","","",2.,1,120,1,"","","","","","","","","","","","","","","","","","","","","","","","","","","","",20.2,1,14.8,1,"","","","","","","","","","","","","","","","","","","","","","","","","","",73,1,"","","","","","","","","","","","",17.3,1,1012.,1,"","","","","","",4,1,0,1,0,1,0,1,2,1,"","","","","","","","","","","","","","","","","","","","","","","","",10000,1,"","",3,1,0,1,"","","","","","","","","","",3,1,270,1,"","","","","","","","","","","","","","","","","","","","","","","","","","","","","","","","","","","","","","","","","","","","","","","","","","","",""
"33236002","CAP-FERRET",44.630667,-1.252,8,1977101715,"","","","",4.,1,100,1,"","","","","","","","","","","","","","","","","","","","","","","","","","","","",20.6,1,16.2,1,"","","","","","","","","","","","","","","","","","","","","","","","","","",78,1,"","","","","","","","","","","","",19.,1,1011.,1,"","","","","","",7,1,7,1,0,1,7,1,"","","","","","","","","","","","","","","","","","","","","","","","","","",10000,1,"","",3,1,1,1,"","","","","","","","","","",3,1,270,1,"","","","","","","","","","","","","","","","","","","","","","","","","","","","","","","","","","","","","","","","","","","","","","","","","","","",""
"33236002","CAP-FERRET",44.630667,-1.252,8,1977101718,"","","","",6.,1,100,1,"","","","","","","","","","","","","","","","","","","","","","","","","","","","",19.,1,15.2,1,"","","","","","","","","","","","","","","","","","","","","","","","","","",81,1,"","","","","","","","","","","","",17.8,1,1010.9,1,"","","","","","",7,1,5,1,0,1,7,1,2,1,"","","","","","","","","","","","","","","","","","","","","","","","",12000,1,"","",1,1,2,1,"","","","","","","","","","",3,1,270,1,"","","","","","","","","","","","","","","","","","","","","","","","","","","","","","","","","","","","","","","","","","","","","","","","","","","",""
"33236002","CAP-FERRET",44.630667,-1.252,8,1977101721,"","","","",6.,1,120,1,"","","","","","","","","","","","","","","","","","","","","","","","","","","","",17.,1,13.2,1,"","","","","","","","","","","","","","","","","","","","","","","","","","",80,1,"","","","","","","","","","","","",15.5,1,1010.5,1,"","","","","","",2,1,0,1,0,1,0,1,2,1,"","","","","","","","","","","","","","","","","","","","","","","","",14000,1,"","",1,1,1,1,"","","","","","","","","","",3,1,270,1,"","","","","","","","","","","","","","","","","","","","","","","","","","","","","","","","","","","","","","","","","","","","","","","","","","","",""
"33236002","CAP-FERRET",44.630667,-1.252,8,1977101800,"","","","",8.,1,120,1,"","","","","","","","","","","","","","","","","","","","","","","","","","","","","","","","","","","","","","","","","","","","","","","","","","","","","","","","","","","","","","","","","","","","","","","","","","",1010.5,1,"","","","","","","","","","","","","","","","","","","","","","","","","","","","","","","","","","","","","","","","","","","","","","","","","","","","","","","","","","","","","","","","","","","","","","","","","","","","","","","","","","","","","","","","","","","","","","","","","","","","","","","","","","","","","","","","","",""
"33236002","CAP-FERRET",44.630667,-1.252,8,1977101803,"","","","",7.,1,120,1,"","","","","","","","","","","","","","","","","","","","","","","","","","","","",14.5,1,13.2,1,"","","","","","","","","","","","","","","","","","","","","","","","","","",94,1,"","","","","","","","","","","","",15.6,1,1010.5,1,"","","","","","",3,1,0,1,0,1,0,1,2,1,"","","","","","","","","","","","","","","","","","","","","","","","",6000,1,"","",0,1,"","","","","","","","","","","","",3,1,250,1,"","","","","","","","","","","","","","","","","","","","","","","","","","","","","","","","","","","","","","","","","","","","","","","","","","","",""
"33236002","CAP-FERRET",44.630667,-1.252,8,1977101806,"","","","",7.,1,120,1,"","","","","","","","","","","","","","","","","","","","","","","","","","","","",14.5,1,13.2,1,"","","","","","","","","","","","","","","","","","","","","","","","","","",94,1,"","","","","","","","","","","","",15.6,1,1011.1,1,"","","","","","",4,1,0,1,0,1,0,1,2,1,"","","","","","","","","","","","","","","","","","","","","","","","",5000,1,"","",2,1,0,1,"","","","","","","","","","",3,1,250,1,"","","","","","","","","","","","","","","","","","","","","","","","","","","","","","","","","","","","","","","","","","","","","","","","","","","",""
"33236002","CAP-FERRET",44.630667,-1.252,8,1977101809,"","","","",6.,1,120,1,"","","","","","","","","","","","","","","","","","","","","","","","","","","","",16.5,1,13.8,1,"","","","","","","","","","","","","","","","","","","","","","","","","","",88,1,"","","","","","","","","","","","",16.2,1,1011.5,1,"","","","","","",7,1,5,1,8,1,6,1,3,1,"","","","","","","","","","","","","","","","","","","","","","","","",9000,1,"","",3,1,1,1,"","","","","","","","","","",3,1,250,1,"","","","","","","","","","","","","","","","","","","","","","","","","","","","","","","","","","","","","","","","","","","","","","","","","","","",""
"33236002","CAP-FERRET",44.630667,-1.252,8,1977101812,"","","","",6.,1,120,1,"","","","","","","","","","","","","","","","","","","","","","","","","","","","",20.2,1,15.8,1,"","","","","","","","","","","","","","","","","","","","","","","","","","",78,1,"","","","","","","","","","","","",18.5,1,1011.1,1,"","","","","","",7,1,5,1,8,1,6,1,3,1,"","","","","","","","","","","","","","","","","","","","","","","","",14000,1,"","",2,1,1,1,"","","","","","","","","","",3,1,250,1,"","","","","","","","","","","","","","","","","","","","","","","","","","","","","","","","","","","","","","","","","","","","","","","","","","","",""
"33236002","CAP-FERRET",44.630667,-1.252,8,1977101815,"","","","",3.,1,100,1,"","","","","","","","","","","","","","","","","","","","","","","","","","","","",22.6,1,17.4,1,"","","","","","","","","","","","","","","","","","","","","","","","","","",74,1,"","","","","","","","","","","","",20.5,1,1011.1,1,"","","","","","",7,1,5,1,5,1,6,1,3,1,"","","","","","","","","","","","","","","","","","","","","","","","",16000,1,"","",2,1,2,1,"","","","","","","","","","",3,1,250,1,"","","","","","","","","","","","","","","","","","","","","","","","","","","","","","","","","","","","","","","","","","","","","","","","","","","",""
"33236002","CAP-FERRET",44.630667,-1.252,8,1977101818,"","","","",6.,1,100,1,"","","","","","","","","","","","","","","","","","","","","","","","","","","","",20.,1,16.6,1,"","","","","","","","","","","","","","","","","","","","","","","","","","",84,1,"","","","","","","","","","","","",19.5,1,1010.9,1,"","","","","","",7,1,5,1,5,1,6,1,3,1,"","","","","","","","","","","","","","","","","","","","","","","","",10000,1,"","",2,1,0,1,"","","","","","","","","","",3,1,250,1,"","","","","","","","","","","","","","","","","","","","","","","","","","","","","","","","","","","","","","","","","","","","","","","","","","","",""
"33236002","CAP-FERRET",44.630667,-1.252,8,1977101821,"","","","",7.,1,220,1,"","","","","","","","","","","","","","","","","","","","","","","","","","","","",19.5,1,15.2,1,"","","","","","","","","","","","","","","","","","","","","","","","","","",79,1,"","","","","","","","","","","","",17.8,1,1013.5,1,"","","","","","",8,1,6,1,5,1,7,1,"","","","","","","","","","","","","","","","","","","","","","","","","","",9000,1,"","",61,1,2,1,"","","","","","","","","","",3,1,250,1,"","","","","","","","","","","","","","","","","","","","","","","","","","","","","","","","","","","","","","","","","","","","","","","","","","","",""
"33236002","CAP-FERRET",44.630667,-1.252,8,1977101900,"","","","",5.,1,120,1,"","","","","","","","","","","","","","","","","","","","","","","","","","","","","","","","","","","","","","","","","","","","","","","","","","","","","","","","","","","","","","","","","","","","","","","","","","",1013.5,1,"","","","","","","","","","","","","","","","","","","","","","","","","","","","","","","","","","","","","","","","","","","","","","","","","","","","","","","","","","","","","","","","","","","","","","","","","","","","","","","","","","","","","","","","","","","","","","","","","","","","","","","","","","","","","","","","","",""
"33236002","CAP-FERRET",44.630667,-1.252,8,1977101903,"","","","",5.,1,140,1,"","","","","","","","","","","","","","","","","","","","","","","","","","","","",16.6,1,14.8,1,"","","","","","","","","","","","","","","","","","","","","","","","","","",91,1,"","","","","","","","","","","","",17.3,1,1012.9,1,"","","","","","",3,1,0,1,0,1,0,1,2,1,"","","","","","","","","","","","","","","","","","","","","","","","",8000,1,"","",0,1,"","","","","","","","","","","","",3,1,270,1,"","","","","","","","","","","","","","","","","","","","","","","","","","","","","","","","","","","","","","","","","","","","","","","","","","","",""
"33236002","CAP-FERRET",44.630667,-1.252,8,1977101906,"","","","",4.,1,120,1,"","","","","","","","","","","","","","","","","","","","","","","","","","","","",16.,1,14.2,1,"","","","","","","","","","","","","","","","","","","","","","","","","","",91,1,"","","","","","","","","","","","",16.6,1,1013.4,1,"","","","","","",3,1,0,1,0,1,0,1,2,1,"","","","","","","","","","","","","","","","","","","","","","","","",12000,1,"","",0,1,"","","","","","","","","","","","",3,1,270,1,"","","","","","","","","","","","","","","","","","","","","","","","","","","","","","","","","","","","","","","","","","","","","","","","","","","",""
"33236002","CAP-FERRET",44.630667,-1.252,8,1977101909,"","","","",5.,1,120,1,"","","","","","","","","","","","","","","","","","","","","","","","","","","","",17.8,1,15.,1,"","","","","","","","","","","","","","","","","","","","","","","","","","",86,1,"","","","","","","","","","","","",17.5,1,1015.1,1,"","","","","","",2,1,0,1,0,1,3,1,2,1,"","","","","","","","","","","","","","","","","","","","","","","","",15000,1,"","",2,1,0,1,"","","","","","","","","","",3,1,270,1,"","","","","","","","","","","","","","","","","","","","","","","","","","","","","","","","","","","","","","","","","","","","","","","","","","","",""
"33236002","CAP-FERRET",44.630667,-1.252,8,1977101912,"","","","",1.,1,180,1,"","","","","","","","","","","","","","","","","","","","","","","","","","","","",24.2,1,15.7,1,"","","","","","","","","","","","","","","","","","","","","","","","","","",61,1,"","","","","","","","","","","","",18.3,1,1014.7,1,"","","","","","",2,1,0,1,0,1,0,1,2,1,"","","","","","","","","","","","","","","","","","","","","","","","",18000,1,"","",2,1,0,1,"","","","","","","","","","",3,1,270,1,"","","","","","","","","","","","","","","","","","","","","","","","","","","","","","","","","","","","","","","","","","","","","","","","","","","",""
"33236002","CAP-FERRET",44.630667,-1.252,8,1977101915,"","","","",3.,1,120,1,"","","","","","","","","","","","","","","","","","","","","","","","","","","","",23.4,1,15.8,1,"","","","","","","","","","","","","","","","","","","","","","","","","","",64,1,"","","","","","","","","","","","",18.5,1,1014.,1,"","","","","","",3,1,0,1,0,1,0,1,3,1,"","","","","","","","","","","","","","","","","","","","","","","","",18000,1,"","",2,1,0,1,"","","","","","","","","","",3,1,270,1,"","","","","","","","","","","","","","","","","","","","","","","","","","","","","","","","","","","","","","","","","","","","","","","","","","","",""
"33236002","CAP-FERRET",44.630667,-1.252,8,1977101918,"","","","",4.,1,120,1,"","","","","","","","","","","","","","","","","","","","","","","","","","","","",20.4,1,16.1,1,"","","","","","","","","","","","","","","","","","","","","","","","","","",78,1,"","","","","","","","","","","","",18.8,1,1013.9,1,"","","","","","",5,1,0,1,0,1,7,1,2,1,"","","","","","","","","","","","","","","","","","","","","","","","",18000,1,"","",3,1,1,1,"","","","","","","","","","",3,1,270,1,"","","","","","","","","","","","","","","","","","","","","","","","","","","","","","","","","","","","","","","","","","","","","","","","","","","",""
"33236002","CAP-FERRET",44.630667,-1.252,8,1977101921,"","","","",6.,1,120,1,"","","","","","","","","","","","","","","","","","","","","","","","","","","","",19.,1,15.2,1,"","","","","","","","","","","","","","","","","","","","","","","","","","",81,1,"","","","","","","","","","","","",17.8,1,1014.5,1,"","","","","","",5,1,0,1,0,1,7,1,2,1,"","","","","","","","","","","","","","","","","","","","","","","","",18000,1,"","",2,1,2,1,"","","","","","","","","","",3,1,270,1,"","","","","","","","","","","","","","","","","","","","","","","","","","","","","","","","","","","","","","","","","","","","","","","","","","","",""
"33236002","CAP-FERRET",44.630667,-1.252,8,1977102000,"","","","",5.,1,100,1,"","","","","","","","","","","","","","","","","","","","","","","","","","","","","","","","","","","","","","","","","","","","","","","","","","","","","","","","","","","","","","","","","","","","","","","","","","",1014.3,1,"","","","","","","","","","","","","","","","","","","","","","","","","","","","","","","","","","","","","","","","","","","","","","","","","","","","","","","","","","","","","","","","","","","","","","","","","","","","","","","","","","","","","","","","","","","","","","","","","","","","","","","","","","","","","","","","","",""
"33236002","CAP-FERRET",44.630667,-1.252,8,1977102003,"","","","",5.,1,100,1,"","","","","","","","","","","","","","","","","","","","","","","","","","","","",15.8,1,14.7,1,"","","","","","","","","","","","","","","","","","","","","","","","","","",96,1,"","","","","","","","","","","","",17.2,1,1014.3,1,"","","","","","",3,1,0,1,0,1,0,1,2,1,"","","","","","","","","","","","","","","","","","","","","","","","",10000,1,"","",0,1,"","","","","","","","","","","","",3,1,270,1,"","","","","","","","","","","","","","","","","","","","","","","","","","","","","","","","","","","","","","","","","","","","","","","","","","","",""
"33236002","CAP-FERRET",44.630667,-1.252,8,1977102006,"","","","",5.,1,100,1,"","","","","","","","","","","","","","","","","","","","","","","","","","","","",15.,1,15.,1,"","","","","","","","","","","","","","","","","","","","","","","","","","",100,1,"","","","","","","","","","","","",17.1,1,1014.3,1,"","","","","","",2,1,0,1,0,1,4,1,0,1,"","","","","","","","","","","","","","","","","","","","","","","","",10000,1,"","",2,1,0,1,"","","","","","","","","","",3,1,270,1,"","","","","","","","","","","","","","","","","","","","","","","","","","","","","","","","","","","","","","","","","","","","","","","","","","","",""
"33236002","CAP-FERRET",44.630667,-1.252,8,1977102009,"","","","",5.,1,120,1,"","","","","","","","","","","","","","","","","","","","","","","","","","","","",17.,1,15.2,1,"","","","","","","","","","","","","","","","","","","","","","","","","","",92,1,"","","","","","","","","","","","",17.8,1,1014.7,1,"","","","","","",6,1,0,1,9,1,6,1,3,1,"","","","","","","","","","","","","","","","","","","","","","","","",15000,1,"","",3,1,1,1,"","","","","","","","","","",2,1,270,1,"","","","","","","","","","","","","","","","","","","","","","","","","","","","","","","","","","","","","","","","","","","","","","","","","","","",""
"33236002","CAP-FERRET",44.630667,-1.252,8,1977102012,"","","","",5.,1,120,1,"","","","","","","","","","","","","","","","","","","","","","","","","","","","",20.8,1,17.1,1,"","","","","","","","","","","","","","","","","","","","","","","","","","",82,1,"","","","","","","","","","","","",20.1,1,1014.3,1,"","","","","","",7,1,5,1,9,1,7,1,3,1,"","","","","","","","","","","","","","","","","","","","","","","","",15000,1,"","",2,1,1,1,"","","","","","","","","","",2,1,"","","","","","","","","","","","","","","","","","","","","","","","","","","","","","","","","","","","","","","","","","","","","","","","","","","","","",""
"33236002","CAP-FERRET",44.630667,-1.252,8,1977102015,"","","","",3.,1,100,1,"","","","","","","","","","","","","","","","","","","","","","","","","","","","",21.,1,18.,1,"","","","","","","","","","","","","","","","","","","","","","","","","","",86,1,"","","","","","","","","","","","",21.3,1,1013.1,1,"","","","","","",7,1,0,1,9,1,6,1,3,1,"","","","","","","","","","","","","","","","","","","","","","","","",15000,1,"","",2,1,8,1,"","","","","","","","","","",2,1,"","","","","","","","","","","","","","","","","","","","","","","","","","","","","","","","","","","","","","","","","","","","","","","","","","","","","",""
"33236002","CAP-FERRET",44.630667,-1.252,8,1977102018,"","","","",3.,1,100,1,"","","","","","","","","","","","","","","","","","","","","","","","","","","","",18.4,1,18.4,1,"","","","","","","","","","","","","","","","","","","","","","","","","","",100,1,"","","","","","","","","","","","",21.2,1,1013.1,1,"","","","","","",8,1,6,1,7,1,7,1,"","","","","","","","","","","","","","","","","","","","","","","","","","",12000,1,"","",2,1,8,1,"","","","","","","","","","",2,1,"","","","","","","","","","","","","","","","","","","","","","","","","","","","","","","","","","","","","","","","","","","","","","","","","","","","","",""
"33236002","CAP-FERRET",44.630667,-1.252,8,1977102021,"","","","",4.,1,180,1,"","","","","","","","","","","","","","","","","","","","","","","","","","","","",17.4,1,16.5,1,"","","","","","","","","","","","","","","","","","","","","","","","","","",98,1,"","","","","","","","","","","","",19.4,1,1013.3,1,"","","","","","",3,1,0,1,4,1,0,1,0,1,"","","","","","","","","","","","","","","","","","","","","","","","",10000,1,"","",1,1,8,1,"","","","","","","","","","",2,1,"","","","","","","","","","","","","","","","","","","","","","","","","","","","","","","","","","","","","","","","","","","","","","","","","","","","","",""
"33236002","CAP-FERRET",44.630667,-1.252,8,1977102100,"","","","",6.,1,180,1,"","","","","","","","","","","","","","","","","","","","","","","","","","","","","","","","","","","","","","","","","","","","","","","","","","","","","","","","","","","","","","","","","","","","","","","","","","",1013.9,1,"","","","","","","","","","","","","","","","","","","","","","","","","","","","","","","","","","","","","","","","","","","","","","","","","","","","","","","","","","","","","","","","","","","","","","","","","","","","","","","","","","","","","","","","","","","","","","","","","","","","","","","","","","","","","","","","","",""
"33236002","CAP-FERRET",44.630667,-1.252,8,1977102103,"","","","",8.,1,200,1,"","","","","","","","","","","","","","","","","","","","","","","","","","","","",17.2,1,13.,1,"","","","","","","","","","","","","","","","","","","","","","","","","","",78,1,"","","","","","","","","","","","",15.3,1,1013.1,1,"","","","","","",0,1,"","",0,1,0,1,0,1,"","","","","","","","","","","","","","","","","","","","","","","","",12000,1,"","",0,1,"","","","","","","","","","","","",3,1,270,1,"","","","","","","","","","","","","","","","","","","","","","","","","","","","","","","","","","","","","","","","","","","","","","","","","","","",""
"33236002","CAP-FERRET",44.630667,-1.252,8,1977102106,"","","","",7.,1,200,1,"","","","","","","","","","","","","","","","","","","","","","","","","","","","",18.,1,14.2,1,"","","","","","","","","","","","","","","","","","","","","","","","","","",81,1,"","","","","","","","","","","","",16.6,1,1013.1,1,"","","","","","",2,1,0,1,0,1,3,1,0,1,"","","","","","","","","","","","","","","","","","","","","","","","",12000,1,"","",0,1,"","","","","","","","","","","","",3,1,270,1,"","","","","","","","","","","","","","","","","","","","","","","","","","","","","","","","","","","","","","","","","","","","","","","","","","","",""
"33236002","CAP-FERRET",44.630667,-1.252,8,1977102109,"","","","",5.,1,180,1,"","","","","","","","","","","","","","","","","","","","","","","","","","","","",19.,1,13.4,1,"","","","","","","","","","","","","","","","","","","","","","","","","","",72,1,"","","","","","","","","","","","",15.8,1,1014.2,1,"","","","","","",2,1,0,1,0,1,3,1,0,1,"","","","","","","","","","","","","","","","","","","","","","","","",18000,1,"","",2,1,0,1,"","","","","","","","","","",2,1,270,1,"","","","","","","","","","","","","","","","","","","","","","","","","","","","","","","","","","","","","","","","","","","","","","","","","","","",""
"33236002","CAP-FERRET",44.630667,-1.252,8,1977102112,"","","","",6.,1,220,1,"","","","","","","","","","","","","","","","","","","","","","","","","","","","",22.2,1,14.8,1,"","","","","","","","","","","","","","","","","","","","","","","","","","",65,1,"","","","","","","","","","","","",17.3,1,1013.3,1,"","","","","","",2,1,0,1,5,1,0,1,2,1,"","","","","","","","","","","","","","","","","","","","","","","","",18000,1,"","",2,1,0,1,"","","","","","","","","","",2,1,"","","","","","","","","","","","","","","","","","","","","","","","","","","","","","","","","","","","","","","","","","","","","","","","","","","","","",""
"33236002","CAP-FERRET",44.630667,-1.252,8,1977102115,"","","","",3.,1,240,1,"","","","","","","","","","","","","","","","","","","","","","","","","","","","",23.,1,14.3,1,"","","","","","","","","","","","","","","","","","","","","","","","","","",60,1,"","","","","","","","","","","","",16.7,1,1012.1,1,"","","","","","",3,1,0,1,2,1,7,1,2,1,"","","","","","","","","","","","","","","","","","","","","","","","",18000,1,"","",3,1,0,1,"","","","","","","","","","",2,1,"","","","","","","","","","","","","","","","","","","","","","","","","","","","","","","","","","","","","","","","","","","","","","","","","","","","","",""
"33236002","CAP-FERRET",44.630667,-1.252,8,1977102118,"","","","",2.,1,180,1,"","","","","","","","","","","","","","","","","","","","","","","","","","","","",20.2,1,16.1,1,"","","","","","","","","","","","","","","","","","","","","","","","","","",80,1,"","","","","","","","","","","","",18.9,1,1012.5,1,"","","","","","",6,1,0,1,9,1,6,1,3,1,"","","","","","","","","","","","","","","","","","","","","","","","",18000,1,"","",3,1,1,1,"","","","","","","","","","",2,1,"","","","","","","","","","","","","","","","","","","","","","","","","","","","","","","","","","","","","","","","","","","","","","","","","","","","","",""
"33236002","CAP-FERRET",44.630667,-1.252,8,1977102121,"","","","",4.,1,260,1,"","","","","","","","","","","","","","","","","","","","","","","","","","","","",18.2,1,16.1,1,"","","","","","","","","","","","","","","","","","","","","","","","","","",90,1,"","","","","","","","","","","","",18.8,1,1013.1,1,"","","","","","",6,1,5,1,8,1,0,1,2,1,"","","","","","","","","","","","","","","","","","","","","","","","",18000,1,"","",2,1,2,1,"","","","","","","","","","",2,1,"","","","","","","","","","","","","","","","","","","","","","","","","","","","","","","","","","","","","","","","","","","","","","","","","","","","","",""
"33236002","CAP-FERRET",44.630667,-1.252,8,1977102200,"","","","",2.,1,160,1,"","","","","","","","","","","","","","","","","","","","","","","","","","","","","","","","","","","","","","","","","","","","","","","","","","","","","","","","","","","","","","","","","","","","","","","","","","",1014.1,1,"","","","","","","","","","","","","","","","","","","","","","","","","","","","","","","","","","","","","","","","","","","","","","","","","","","","","","","","","","","","","","","","","","","","","","","","","","","","","","","","","","","","","","","","","","","","","","","","","","","","","","","","","","","","","","","","","",""
"33236002","CAP-FERRET",44.630667,-1.252,8,1977102203,"","","","",1.,1,320,1,"","","","","","","","","","","","","","","","","","","","","","","","","","","","",14.,1,14.,1,"","","","","","","","","","","","","","","","","","","","","","","","","","",100,1,"","","","","","","","","","","","",16.,1,1013.1,1,"","","","","","",2,1,0,1,5,1,0,1,0,1,"","","","","","","","","","","","","","","","","","","","","","","","",6000,1,"","",0,1,"","","","","","","","","","","","",2,1,270,1,"","","","","","","","","","","","","","","","","","","","","","","","","","","","","","","","","","","","","","","","","","","","","","","","","","","",""
"33236002","CAP-FERRET",44.630667,-1.252,8,1977102206,"","","","",1.,1,120,1,"","","","","","","","","","","","","","","","","","","","","","","","","","","","",13.,1,13.,1,"","","","","","","","","","","","","","","","","","","","","","","","","","",100,1,"","","","","","","","","","","","",15.,1,1013.1,1,"","","","","","",1,1,0,1,5,1,0,1,2,1,"","","","","","","","","","","","","","","","","","","","","","","","",6000,1,"","",2,1,0,1,"","","","","","","","","","",3,1,270,1,"","","","","","","","","","","","","","","","","","","","","","","","","","","","","","","","","","","","","","","","","","","","","","","","","","","",""
"33236002","CAP-FERRET",44.630667,-1.252,8,1977102209,"","","","",2.,1,180,1,"","","","","","","","","","","","","","","","","","","","","","","","","","","","",18.,1,13.8,1,"","","","","","","","","","","","","","","","","","","","","","","","","","",78,1,"","","","","","","","","","","","",16.2,1,1014.5,1,"","","","","","",5,1,0,1,5,1,6,1,3,1,"","","","","","","","","","","","","","","","","","","","","","","","",12000,1,"","",3,1,1,1,"","","","","","","","","","",3,1,270,1,"","","","","","","","","","","","","","","","","","","","","","","","","","","","","","","","","","","","","","","","","","","","","","","","","","","",""
"33236002","CAP-FERRET",44.630667,-1.252,8,1977102212,"","","","",5.,1,260,1,"","","","","","","","","","","","","","","","","","","","","","","","","","","","",18.5,1,15.6,1,"","","","","","","","","","","","","","","","","","","","","","","","","","",85,1,"","","","","","","","","","","","",18.2,1,1015.3,1,"","","","","","",6,1,0,1,5,1,6,1,3,1,"","","","","","","","","","","","","","","","","","","","","","","","",16000,1,"","",1,1,1,1,"","","","","","","","","","",3,1,270,1,"","","","","","","","","","","","","","","","","","","","","","","","","","","","","","","","","","","","","","","","","","","","","","","","","","","",""
"33236002","CAP-FERRET",44.630667,-1.252,8,1977102215,"","","","",3.,1,20,1,"","","","","","","","","","","","","","","","","","","","","","","","","","","","",17.2,1,15.4,1,"","","","","","","","","","","","","","","","","","","","","","","","","","",92,1,"","","","","","","","","","","","",18.,1,1015.5,1,"","","","","","",8,1,5,1,5,1,"","","","","","","","","","","","","","","","","","","","","","","","","","","","",16000,1,"","",3,1,1,1,"","","","","","","","","","",3,1,270,1,"","","","","","","","","","","","","","","","","","","","","","","","","","","","","","","","","","","","","","","","","","","","","","","","","","","",""
"33236002","CAP-FERRET",44.630667,-1.252,8,1977102218,"","","","",2.,1,320,1,"","","","","","","","","","","","","","","","","","","","","","","","","","","","",15.6,1,15.6,1,"","","","","","","","","","","","","","","","","","","","","","","","","","",100,1,"","","","","","","","","","","","",17.7,1,1017.5,1,"","","","","","",8,1,5,1,7,1,7,1,"","","","","","","","","","","","","","","","","","","","","","","","","","",14000,1,"","",61,1,6,1,"","","","","","","","","","",3,1,270,1,"","","","","","","","","","","","","","","","","","","","","","","","","","","","","","","","","","","","","","","","","","","","","","","","","","","",""
"33236002","CAP-FERRET",44.630667,-1.252,8,1977102221,"","","","",1.,1,40,1,"","","","","","","","","","","","","","","","","","","","","","","","","","","","",14.,1,12.2,1,"","","","","","","","","","","","","","","","","","","","","","","","","","",91,1,"","","","","","","","","","","","",14.5,1,1019.5,1,"","","","","","",8,1,6,1,7,1,7,1,"","","","","","","","","","","","","","","","","","","","","","","","","","",15000,1,"","",60,1,6,1,"","","","","","","","","","",3,1,270,1,"","","","","","","","","","","","","","","","","","","","","","","","","","","","","","","","","","","","","","","","","","","","","","","","","","","",""
"33236002","CAP-FERRET",44.630667,-1.252,8,1977102300,"","","","",2.,1,320,1,"","","","","","","","","","","","","","","","","","","","","","","","","","","","","","","","","","","","","","","","","","","","","","","","","","","","","","","","","","","","","","","","","","","","","","","","","","",1021.2,1,"","","","","","","","","","","","","","","","","","","","","","","","","","","","","","","","","","","","","","","","","","","","","","","","","","","","","","","","","","","","","","","","","","","","","","","","","","","","","","","","","","","","","","","","","","","","","","","","","","","","","","","","","","","","","","","","","",""
"33236002","CAP-FERRET",44.630667,-1.252,8,1977102303,"","","","",1.,1,20,1,"","","","","","","","","","","","","","","","","","","","","","","","","","","","",13.2,1,13.2,1,"","","","","","","","","","","","","","","","","","","","","","","","","","",100,1,"","","","","","","","","","","","",15.1,1,1022.2,1,"","","","","","",8,1,5,1,7,1,7,1,"","","","","","","","","","","","","","","","","","","","","","","","","","",14000,1,"","",0,1,6,1,"","","","","","","","","","",3,1,270,1,"","","","","","","","","","","","","","","","","","","","","","","","","","","","","","","","","","","","","","","","","","","","","","","","","","","",""
"33236002","CAP-FERRET",44.630667,-1.252,8,1977102306,"","","","",1.,1,120,1,"","","","","","","","","","","","","","","","","","","","","","","","","","","","",12.6,1,12.6,1,"","","","","","","","","","","","","","","","","","","","","","","","","","",100,1,"","","","","","","","","","","","",14.6,1,1023.5,1,"","","","","","",8,1,6,1,5,1,7,1,"","","","","","","","","","","","","","","","","","","","","","","","","","",14000,1,"","",2,1,2,1,"","","","","","","","","","",3,1,270,1,"","","","","","","","","","","","","","","","","","","","","","","","","","","","","","","","","","","","","","","","","","","","","","","","","","","",""
"33236002","CAP-FERRET",44.630667,-1.252,8,1977102309,"","","","",0.,1,0,1,"","","","","","","","","","","","","","","","","","","","","","","","","","","","",15.5,1,12.9,1,"","","","","","","","","","","","","","","","","","","","","","","","","","",86,1,"","","","","","","","","","","","",15.2,1,1025.5,1,"","","","","","",5,1,0,1,8,1,0,1,2,1,"","","","","","","","","","","","","","","","","","","","","","","","",16000,1,"","",1,1,2,1,"","","","","","","","","","",4,1,270,1,"","","","","","","","","","","","","","","","","","","","","","","","","","","","","","","","","","","","","","","","","","","","","","","","","","","",""
"33236002","CAP-FERRET",44.630667,-1.252,8,1977102312,"","","","",2.,1,80,1,"","","","","","","","","","","","","","","","","","","","","","","","","","","","",17.5,1,13.4,1,"","","","","","","","","","","","","","","","","","","","","","","","","","",79,1,"","","","","","","","","","","","",15.8,1,1025.5,1,"","","","","","",3,1,0,1,5,1,0,1,0,1,"","","","","","","","","","","","","","","","","","","","","","","","",18000,1,"","",1,1,1,1,"","","","","","","","","","",4,1,270,1,"","","","","","","","","","","","","","","","","","","","","","","","","","","","","","","","","","","","","","","","","","","","","","","","","","","",""
"33236002","CAP-FERRET",44.630667,-1.252,8,1977102315,"","","","",4.,1,360,1,"","","","","","","","","","","","","","","","","","","","","","","","","","","","",18.,1,13.8,1,"","","","","","","","","","","","","","","","","","","","","","","","","","",78,1,"","","","","","","","","","","","",16.2,1,1025.1,1,"","","","","","",3,1,0,1,8,1,0,1,0,1,"","","","","","","","","","","","","","","","","","","","","","","","",7000,1,"","",1,1,0,1,"","","","","","","","","","",4,1,270,1,"","","","","","","","","","","","","","","","","","","","","","","","","","","","","","","","","","","","","","","","","","","","","","","","","","","",""
"33236002","CAP-FERRET",44.630667,-1.252,8,1977102318,"","","","",2.,1,40,1,"","","","","","","","","","","","","","","","","","","","","","","","","","","","",13.,1,11.9,1,"","","","","","","","","","","","","","","","","","","","","","","","","","",96,1,"","","","","","","","","","","","",14.2,1,1025.5,1,"","","","","","",3,1,0,1,8,1,0,1,0,1,"","","","","","","","","","","","","","","","","","","","","","","","",7000,1,"","",2,1,1,1,"","","","","","","","","","",4,1,270,1,"","","","","","","","","","","","","","","","","","","","","","","","","","","","","","","","","","","","","","","","","","","","","","","","","","","",""
"33236002","CAP-FERRET",44.630667,-1.252,8,1977102321,"","","","",0.,1,0,1,"","","","","","","","","","","","","","","","","","","","","","","","","","","","",12.2,1,11.4,1,"","","","","","","","","","","","","","","","","","","","","","","","","","",97,1,"","","","","","","","","","","","",13.8,1,1026.5,1,"","","","","","",5,1,5,1,8,1,0,1,0,1,"","","","","","","","","","","","","","","","","","","","","","","","",6000,1,"","",3,1,1,1,"","","","","","","","","","",4,1,270,1,"","","","","","","","","","","","","","","","","","","","","","","","","","","","","","","","","","","","","","","","","","","","","","","","","","","",""
"33236002","CAP-FERRET",44.630667,-1.252,8,1977102400,"","","","",2.,1,100,1,"","","","","","","","","","","","","","","","","","","","","","","","","","","","","","","","","","","","","","","","","","","","","","","","","","","","","","","","","","","","","","","","","","","","","","","","","","",1025.9,1,"","","","","","","","","","","","","","","","","","","","","","","","","","","","","","","","","","","","","","","","","","","","","","","","","","","","","","","","","","","","","","","","","","","","","","","","","","","","","","","","","","","","","","","","","","","","","","","","","","","","","","","","","","","","","","","","","",""
"33236002","CAP-FERRET",44.630667,-1.252,8,1977102403,"","","","",1.,1,120,1,"","","","","","","","","","","","","","","","","","","","","","","","","","","","",13.,1,13.,1,"","","","","","","","","","","","","","","","","","","","","","","","","","",100,1,"","","","","","","","","","","","",15.,1,1025.1,1,"","","","","","",0,1,"","",0,1,0,1,0,1,"","","","","","","","","","","","","","","","","","","","","","","","",5000,1,"","",0,1,"","","","","","","","","","","","",4,1,270,1,"","","","","","","","","","","","","","","","","","","","","","","","","","","","","","","","","","","","","","","","","","","","","","","","","","","",""
"33236002","CAP-FERRET",44.630667,-1.252,8,1977102406,"","","","",4.,1,120,1,"","","","","","","","","","","","","","","","","","","","","","","","","","","","",12.4,1,12.4,1,"","","","","","","","","","","","","","","","","","","","","","","","","","",100,1,"","","","","","","","","","","","",14.4,1,1025.1,1,"","","","","","",0,1,"","",0,1,0,1,0,1,"","","","","","","","","","","","","","","","","","","","","","","","",5000,1,"","",2,1,0,1,"","","","","","","","","","",4,1,270,1,"","","","","","","","","","","","","","","","","","","","","","","","","","","","","","","","","","","","","","","","","","","","","","","","","","","",""
"33236002","CAP-FERRET",44.630667,-1.252,8,1977102409,"","","","",2.,1,240,1,"","","","","","","","","","","","","","","","","","","","","","","","","","","","",17.,1,14.5,1,"","","","","","","","","","","","","","","","","","","","","","","","","","",87,1,"","","","","","","","","","","","",17.,1,1026.3,1,"","","","","","",2,1,0,1,5,1,0,1,0,1,"","","","","","","","","","","","","","","","","","","","","","","","",6000,1,"","",3,1,0,1,"","","","","","","","","","",4,1,270,1,"","","","","","","","","","","","","","","","","","","","","","","","","","","","","","","","","","","","","","","","","","","","","","","","","","","",""
"33236002","CAP-FERRET",44.630667,-1.252,8,1977102412,"","","","",3.,1,260,1,"","","","","","","","","","","","","","","","","","","","","","","","","","","","",19.4,1,15.3,1,"","","","","","","","","","","","","","","","","","","","","","","","","","",79,1,"","","","","","","","","","","","",17.9,1,1025.9,1,"","","","","","",3,1,0,1,5,1,0,1,0,1,"","","","","","","","","","","","","","","","","","","","","","","","",7000,1,"","",2,1,0,1,"","","","","","","","","","",3,1,270,1,"","","","","","","","","","","","","","","","","","","","","","","","","","","","","","","","","","","","","","","","","","","","","","","","","","","",""
"33236002","CAP-FERRET",44.630667,-1.252,8,1977102415,"","","","",1.,1,320,1,"","","","","","","","","","","","","","","","","","","","","","","","","","","","",18.2,1,15.4,1,"","","","","","","","","","","","","","","","","","","","","","","","","","",86,1,"","","","","","","","","","","","",18.,1,1025.6,1,"","","","","","",7,1,6,1,5,1,0,1,2,1,"","","","","","","","","","","","","","","","","","","","","","","","",6000,1,"","",3,1,1,1,"","","","","","","","","","",3,1,270,1,"","","","","","","","","","","","","","","","","","","","","","","","","","","","","","","","","","","","","","","","","","","","","","","","","","","",""
"33236002","CAP-FERRET",44.630667,-1.252,8,1977102418,"","","","",1.,1,320,1,"","","","","","","","","","","","","","","","","","","","","","","","","","","","",16.2,1,15.1,1,"","","","","","","","","","","","","","","","","","","","","","","","","","",96,1,"","","","","","","","","","","","",17.6,1,1027.,1,"","","","","","",8,1,8,1,5,1,"","","","","","","","","","","","","","","","","","","","","","","","","","","","",5000,1,"","",3,1,1,1,"","","","","","","","","","",3,1,270,1,"","","","","","","","","","","","","","","","","","","","","","","","","","","","","","","","","","","","","","","","","","","","","","","","","","","",""
"33236002","CAP-FERRET",44.630667,-1.252,8,1977102421,"","","","",2.,1,360,1,"","","","","","","","","","","","","","","","","","","","","","","","","","","","",15.4,1,14.4,1,"","","","","","","","","","","","","","","","","","","","","","","","","","",96,1,"","","","","","","","","","","","",16.8,1,1027.9,1,"","","","","","",7,1,7,1,5,1,"","","","","","","","","","","","","","","","","","","","","","","","","","","","",5000,1,"","",2,1,2,1,"","","","","","","","","","",3,1,270,1,"","","","","","","","","","","","","","","","","","","","","","","","","","","","","","","","","","","","","","","","","","","","","","","","","","","",""
"33236002","CAP-FERRET",44.630667,-1.252,8,1977102500,"","","","",2.,1,320,1,"","","","","","","","","","","","","","","","","","","","","","","","","","","","","","","","","","","","","","","","","","","","","","","","","","","","","","","","","","","","","","","","","","","","","","","","","","",1028.6,1,"","","","","","","","","","","","","","","","","","","","","","","","","","","","","","","","","","","","","","","","","","","","","","","","","","","","","","","","","","","","","","","","","","","","","","","","","","","","","","","","","","","","","","","","","","","","","","","","","","","","","","","","","","","","","","","","","",""
"33236002","CAP-FERRET",44.630667,-1.252,8,1977102503,"","","","",2.,1,20,1,"","","","","","","","","","","","","","","","","","","","","","","","","","","","",15.,1,13.5,1,"","","","","","","","","","","","","","","","","","","","","","","","","","",93,1,"","","","","","","","","","","","",15.9,1,1028.6,1,"","","","","","",7,1,7,1,5,1,"","","","","","","","","","","","","","","","","","","","","","","","","","","","",6000,1,"","",0,1,"","","","","","","","","","","","",3,1,270,1,"","","","","","","","","","","","","","","","","","","","","","","","","","","","","","","","","","","","","","","","","","","","","","","","","","","",""
"33236002","CAP-FERRET",44.630667,-1.252,8,1977102506,"","","","",0.,1,0,1,"","","","","","","","","","","","","","","","","","","","","","","","","","","","",14.,1,14.,1,"","","","","","","","","","","","","","","","","","","","","","","","","","",100,1,"","","","","","","","","","","","",16.,1,1029.,1,"","","","","","",7,1,7,1,5,1,"","","","","","","","","","","","","","","","","","","","","","","","","","","","",5000,1,"","",0,1,"","","","","","","","","","","","",3,1,270,1,"","","","","","","","","","","","","","","","","","","","","","","","","","","","","","","","","","","","","","","","","","","","","","","","","","","",""
"33236002","CAP-FERRET",44.630667,-1.252,8,1977102509,"","","","",1.,1,120,1,"","","","","","","","","","","","","","","","","","","","","","","","","","","","",16.,1,13.9,1,"","","","","","","","","","","","","","","","","","","","","","","","","","",90,1,"","","","","","","","","","","","",16.3,1,1030.5,1,"","","","","","",6,1,6,1,5,1,0,1,0,1,"","","","","","","","","","","","","","","","","","","","","","","","",6000,1,"","",2,1,2,1,"","","","","","","","","","",3,1,270,1,"","","","","","","","","","","","","","","","","","","","","","","","","","","","","","","","","","","","","","","","","","","","","","","","","","","",""
"33236002","CAP-FERRET",44.630667,-1.252,8,1977102512,"","","","",1.,1,80,1,"","","","","","","","","","","","","","","","","","","","","","","","","","","","",17.5,1,13.6,1,"","","","","","","","","","","","","","","","","","","","","","","","","","",80,1,"","","","","","","","","","","","",16.,1,1030.,1,"","","","","","",6,1,6,1,8,1,0,1,0,1,"","","","","","","","","","","","","","","","","","","","","","","","",6000,1,"","",2,1,2,1,"","","","","","","","","","",3,1,270,1,"","","","","","","","","","","","","","","","","","","","","","","","","","","","","","","","","","","","","","","","","","","","","","","","","","","",""
"33236002","CAP-FERRET",44.630667,-1.252,8,1977102515,"","","","",4.,1,360,1,"","","","","","","","","","","","","","","","","","","","","","","","","","","","",18.,1,14.2,1,"","","","","","","","","","","","","","","","","","","","","","","","","","",81,1,"","","","","","","","","","","","",16.6,1,1028.5,1,"","","","","","",1,1,0,1,2,1,0,1,0,1,"","","","","","","","","","","","","","","","","","","","","","","","",10000,1,"","",1,1,1,1,"","","","","","","","","","",3,1,270,1,"","","","","","","","","","","","","","","","","","","","","","","","","","","","","","","","","","","","","","","","","","","","","","","","","","","",""
"33236002","CAP-FERRET",44.630667,-1.252,8,1977102518,"","","","",3.,1,40,1,"","","","","","","","","","","","","","","","","","","","","","","","","","","","",14.2,1,12.5,1,"","","","","","","","","","","","","","","","","","","","","","","","","","",91,1,"","","","","","","","","","","","",14.8,1,1028.5,1,"","","","","","",0,1,"","",0,1,0,1,0,1,"","","","","","","","","","","","","","","","","","","","","","","","",10000,1,"","",1,1,1,1,"","","","","","","","","","",3,1,270,1,"","","","","","","","","","","","","","","","","","","","","","","","","","","","","","","","","","","","","","","","","","","","","","","","","","","",""
"33236002","CAP-FERRET",44.630667,-1.252,8,1977102521,"","","","",4.,1,60,1,"","","","","","","","","","","","","","","","","","","","","","","","","","","","",13.3,1,11.6,1,"","","","","","","","","","","","","","","","","","","","","","","","","","",92,1,"","","","","","","","","","","","",14.,1,1028.5,1,"","","","","","",0,1,"","",0,1,0,1,0,1,"","","","","","","","","","","","","","","","","","","","","","","","",10000,1,"","",2,1,0,1,"","","","","","","","","","",3,1,270,1,"","","","","","","","","","","","","","","","","","","","","","","","","","","","","","","","","","","","","","","","","","","","","","","","","","","",""
"33236002","CAP-FERRET",44.630667,-1.252,8,1977102600,"","","","",4.,1,100,1,"","","","","","","","","","","","","","","","","","","","","","","","","","","","","","","","","","","","","","","","","","","","","","","","","","","","","","","","","","","","","","","","","","","","","","","","","","",1028.1,1,"","","","","","","","","","","","","","","","","","","","","","","","","","","","","","","","","","","","","","","","","","","","","","","","","","","","","","","","","","","","","","","","","","","","","","","","","","","","","","","","","","","","","","","","","","","","","","","","","","","","","","","","","","","","","","","","","",""
"33236002","CAP-FERRET",44.630667,-1.252,8,1977102603,"","","","",3.,1,60,1,"","","","","","","","","","","","","","","","","","","","","","","","","","","","",11.2,1,11.2,1,"","","","","","","","","","","","","","","","","","","","","","","","","","",100,1,"","","","","","","","","","","","",13.3,1,1027.1,1,"","","","","","",0,1,"","",0,1,0,1,0,1,"","","","","","","","","","","","","","","","","","","","","","","","",5000,1,"","",0,1,"","","","","","","","","","","","",3,1,270,1,"","","","","","","","","","","","","","","","","","","","","","","","","","","","","","","","","","","","","","","","","","","","","","","","","","","",""
"33236002","CAP-FERRET",44.630667,-1.252,8,1977102606,"","","","",3.,1,100,1,"","","","","","","","","","","","","","","","","","","","","","","","","","","","",10.4,1,9.8,1,"","","","","","","","","","","","","","","","","","","","","","","","","","",97,1,"","","","","","","","","","","","",12.3,1,1026.3,1,"","","","","","",0,1,"","",0,1,0,1,0,1,"","","","","","","","","","","","","","","","","","","","","","","","",5000,1,"","",2,1,0,1,"","","","","","","","","","",3,1,270,1,"","","","","","","","","","","","","","","","","","","","","","","","","","","","","","","","","","","","","","","","","","","","","","","","","","","",""
"33236002","CAP-FERRET",44.630667,-1.252,8,1977102609,"","","","",3.,1,80,1,"","","","","","","","","","","","","","","","","","","","","","","","","","","","",12.8,1,11.,1,"","","","","","","","","","","","","","","","","","","","","","","","","","",91,1,"","","","","","","","","","","","",13.4,1,1026.7,1,"","","","","","",0,1,"","",0,1,0,1,0,1,"","","","","","","","","","","","","","","","","","","","","","","","",10000,1,"","",2,1,0,1,"","","","","","","","","","",3,1,270,1,"","","","","","","","","","","","","","","","","","","","","","","","","","","","","","","","","","","","","","","","","","","","","","","","","","","",""
"33236002","CAP-FERRET",44.630667,-1.252,8,1977102612,"","","","",4.,1,60,1,"","","","","","","","","","","","","","","","","","","","","","","","","","","","",15.6,1,12.8,1,"","","","","","","","","","","","","","","","","","","","","","","","","","",85,1,"","","","","","","","","","","","",15.1,1,1024.9,1,"","","","","","",1,1,0,1,1,1,0,1,0,1,"","","","","","","","","","","","","","","","","","","","","","","","",10000,1,"","",3,1,0,1,"","","","","","","","","","",3,1,270,1,"","","","","","","","","","","","","","","","","","","","","","","","","","","","","","","","","","","","","","","","","","","","","","","","","","","",""
"33236002","CAP-FERRET",44.630667,-1.252,8,1977102615,"","","","",2.,1,60,1,"","","","","","","","","","","","","","","","","","","","","","","","","","","","",17.4,1,11.7,1,"","","","","","","","","","","","","","","","","","","","","","","","","","",72,1,"","","","","","","","","","","","",14.1,1,1022.1,1,"","","","","","",1,1,0,1,1,1,0,1,0,1,"","","","","","","","","","","","","","","","","","","","","","","","",20000,1,"","",1,1,0,1,"","","","","","","","","","",3,1,270,1,"","","","","","","","","","","","","","","","","","","","","","","","","","","","","","","","","","","","","","","","","","","","","","","","","","","",""
"33236002","CAP-FERRET",44.630667,-1.252,8,1977102618,"","","","",4.,1,80,1,"","","","","","","","","","","","","","","","","","","","","","","","","","","","",14.,1,11.9,1,"","","","","","","","","","","","","","","","","","","","","","","","","","",89,1,"","","","","","","","","","","","",14.2,1,1022.1,1,"","","","","","",0,1,"","",0,1,0,1,0,1,"","","","","","","","","","","","","","","","","","","","","","","","",16000,1,"","",2,1,0,1,"","","","","","","","","","",3,1,270,1,"","","","","","","","","","","","","","","","","","","","","","","","","","","","","","","","","","","","","","","","","","","","","","","","","","","",""
"33236002","CAP-FERRET",44.630667,-1.252,8,1977102621,"","","","",3.,1,80,1,"","","","","","","","","","","","","","","","","","","","","","","","","","","","",12.2,1,11.4,1,"","","","","","","","","","","","","","","","","","","","","","","","","","",97,1,"","","","","","","","","","","","",13.8,1,1021.3,1,"","","","","","",0,1,"","",0,1,0,1,0,1,"","","","","","","","","","","","","","","","","","","","","","","","",14000,1,"","",2,1,0,1,"","","","","","","","","","",3,1,270,1,"","","","","","","","","","","","","","","","","","","","","","","","","","","","","","","","","","","","","","","","","","","","","","","","","","","",""
"33236002","CAP-FERRET",44.630667,-1.252,8,1977102700,"","","","",3.,1,100,1,"","","","","","","","","","","","","","","","","","","","","","","","","","","","","","","","","","","","","","","","","","","","","","","","","","","","","","","","","","","","","","","","","","","","","","","","","","",1019.8,1,"","","","","","","","","","","","","","","","","","","","","","","","","","","","","","","","","","","","","","","","","","","","","","","","","","","","","","","","","","","","","","","","","","","","","","","","","","","","","","","","","","","","","","","","","","","","","","","","","","","","","","","","","","","","","","","","","",""
"33236002","CAP-FERRET",44.630667,-1.252,8,1977102703,"","","","",2.,1,100,1,"","","","","","","","","","","","","","","","","","","","","","","","","","","","",8.8,1,8.8,1,"","","","","","","","","","","","","","","","","","","","","","","","","","",100,1,"","","","","","","","","","","","",11.4,1,1019.3,1,"","","","","","",9,1,"","","","","","","","","","","","","","","","","","","","","","","","","","","","","","","","",200,1,"","",45,1,"","","","","","","","","","","","",3,1,270,1,"","","","","","","","","","","","","","","","","","","","","","","","","","","","","","","","","","","","","","","","","","","","","","","","","","","",""
"33236002","CAP-FERRET",44.630667,-1.252,8,1977102706,"","","","",2.,1,60,1,"","","","","","","","","","","","","","","","","","","","","","","","","","","","",8.4,1,7.7,1,"","","","","","","","","","","","","","","","","","","","","","","","","","",97,1,"","","","","","","","","","","","",10.7,1,1020.3,1,"","","","","","",9,1,"","","","","","","","","","","","","","","","","","","","","","","","","","","","","","","","",200,1,"","",45,1,4,1,"","","","","","","","","","",3,1,270,1,"","","","","","","","","","","","","","","","","","","","","","","","","","","","","","","","","","","","","","","","","","","","","","","","","","","",""
"33236002","CAP-FERRET",44.630667,-1.252,8,1977102709,"","","","",2.,1,60,1,"","","","","","","","","","","","","","","","","","","","","","","","","","","","",10.,1,10.,1,"","","","","","","","","","","","","","","","","","","","","","","","","","",100,1,"","","","","","","","","","","","",12.3,1,1021.9,1,"","","","","","",9,1,"","","","","","","","","","","","","","","","","","","","","","","","","","","","","","","","",300,1,"","",45,1,4,1,"","","","","","","","","","",3,1,270,1,"","","","","","","","","","","","","","","","","","","","","","","","","","","","","","","","","","","","","","","","","","","","","","","","","","","",""
"33236002","CAP-FERRET",44.630667,-1.252,8,1977102712,"","","","",2.,1,80,1,"","","","","","","","","","","","","","","","","","","","","","","","","","","","",13.,1,11.2,1,"","","","","","","","","","","","","","","","","","","","","","","","","","",91,1,"","","","","","","","","","","","",13.6,1,1022.3,1,"","","","","","",6,1,5,1,6,1,8,1,2,1,"","","","","","","","","","","","","","","","","","","","","","","","",5000,1,"","",1,1,4,1,"","","","","","","","","","",3,1,270,1,"","","","","","","","","","","","","","","","","","","","","","","","","","","","","","","","","","","","","","","","","","","","","","","","","","","",""
"33236002","CAP-FERRET",44.630667,-1.252,8,1977102715,"","","","",1.,1,320,1,"","","","","","","","","","","","","","","","","","","","","","","","","","","","",16.,1,11.3,1,"","","","","","","","","","","","","","","","","","","","","","","","","","",75,1,"","","","","","","","","","","","",13.7,1,1022.1,1,"","","","","","",1,1,0,1,0,1,0,1,2,1,"","","","","","","","","","","","","","","","","","","","","","","","",15000,1,"","",1,1,1,1,"","","","","","","","","","",3,1,270,1,"","","","","","","","","","","","","","","","","","","","","","","","","","","","","","","","","","","","","","","","","","","","","","","","","","","",""
"33236002","CAP-FERRET",44.630667,-1.252,8,1977102718,"","","","",1.,1,260,1,"","","","","","","","","","","","","","","","","","","","","","","","","","","","",11.6,1,10.6,1,"","","","","","","","","","","","","","","","","","","","","","","","","","",95,1,"","","","","","","","","","","","",13.,1,1023.3,1,"","","","","","",6,1,6,1,5,1,0,1,0,1,"","","","","","","","","","","","","","","","","","","","","","","","",6000,1,"","",3,1,1,1,"","","","","","","","","","",3,1,270,1,"","","","","","","","","","","","","","","","","","","","","","","","","","","","","","","","","","","","","","","","","","","","","","","","","","","",""
"33236002","CAP-FERRET",44.630667,-1.252,8,1977102721,"","","","",2.,1,200,1,"","","","","","","","","","","","","","","","","","","","","","","","","","","","",12.8,1,12.8,1,"","","","","","","","","","","","","","","","","","","","","","","","","","",100,1,"","","","","","","","","","","","",14.8,1,1024.5,1,"","","","","","",8,1,8,1,5,1,"","","","","","","","","","","","","","","","","","","","","","","","","","","","",6000,1,"","",2,1,2,1,"","","","","","","","","","",3,1,270,1,"","","","","","","","","","","","","","","","","","","","","","","","","","","","","","","","","","","","","","","","","","","","","","","","","","","",""
"33236002","CAP-FERRET",44.630667,-1.252,8,1977102800,"","","","",3.,1,280,1,"","","","","","","","","","","","","","","","","","","","","","","","","","","","","","","","","","","","","","","","","","","","","","","","","","","","","","","","","","","","","","","","","","","","","","","","","","",1024.7,1,"","","","","","","","","","","","","","","","","","","","","","","","","","","","","","","","","","","","","","","","","","","","","","","","","","","","","","","","","","","","","","","","","","","","","","","","","","","","","","","","","","","","","","","","","","","","","","","","","","","","","","","","","","","","","","","","","",""
"33236002","CAP-FERRET",44.630667,-1.252,8,1977102803,"","","","",2.,1,240,1,"","","","","","","","","","","","","","","","","","","","","","","","","","","","",13.6,1,12.2,1,"","","","","","","","","","","","","","","","","","","","","","","","","","",93,1,"","","","","","","","","","","","",14.5,1,1024.7,1,"","","","","","",8,1,8,1,5,1,"","","","","","","","","","","","","","","","","","","","","","","","","","","","",7000,1,"","",0,1,"","","","","","","","","","","","",3,1,270,1,"","","","","","","","","","","","","","","","","","","","","","","","","","","","","","","","","","","","","","","","","","","","","","","","","","","",""
"33236002","CAP-FERRET",44.630667,-1.252,8,1977102806,"","","","",0.,1,0,1,"","","","","","","","","","","","","","","","","","","","","","","","","","","","",13.4,1,12.7,1,"","","","","","","","","","","","","","","","","","","","","","","","","","",97,1,"","","","","","","","","","","","",15.,1,1025.3,1,"","","","","","",8,1,8,1,6,1,"","","","","","","","","","","","","","","","","","","","","","","","","","","","",4000,1,"","",10,1,"","","","","","","","","","","","",3,1,270,1,"","","","","","","","","","","","","","","","","","","","","","","","","","","","","","","","","","","","","","","","","","","","","","","","","","","",""
"33236002","CAP-FERRET",44.630667,-1.252,8,1977102809,"","","","",2.,1,180,1,"","","","","","","","","","","","","","","","","","","","","","","","","","","","",15.,1,14.3,1,"","","","","","","","","","","","","","","","","","","","","","","","","","",98,1,"","","","","","","","","","","","",16.7,1,1026.3,1,"","","","","","",8,1,8,1,6,1,"","","","","","","","","","","","","","","","","","","","","","","","","","","","",6000,1,"","",1,1,2,1,"","","","","","","","","","",3,1,270,1,"","","","","","","","","","","","","","","","","","","","","","","","","","","","","","","","","","","","","","","","","","","","","","","","","","","",""
"33236002","CAP-FERRET",44.630667,-1.252,8,1977102812,"","","","",3.,1,240,1,"","","","","","","","","","","","","","","","","","","","","","","","","","","","",16.5,1,14.9,1,"","","","","","","","","","","","","","","","","","","","","","","","","","",93,1,"","","","","","","","","","","","",17.4,1,1026.3,1,"","","","","","",8,1,8,1,5,1,"","","","","","","","","","","","","","","","","","","","","","","","","","","","",9000,1,"","",2,1,2,1,"","","","","","","","","","",3,1,270,1,"","","","","","","","","","","","","","","","","","","","","","","","","","","","","","","","","","","","","","","","","","","","","","","","","","","",""
"33236002","CAP-FERRET",44.630667,-1.252,8,1977102815,"","","","",3.,1,220,1,"","","","","","","","","","","","","","","","","","","","","","","","","","","","",16.2,1,15.1,1,"","","","","","","","","","","","","","","","","","","","","","","","","","",96,1,"","","","","","","","","","","","",17.6,1,1026.3,1,"","","","","","",8,1,8,1,6,1,"","","","","","","","","","","","","","","","","","","","","","","","","","","","",16000,1,"","",1,1,5,1,"","","","","","","","","","",3,1,270,1,"","","","","","","","","","","","","","","","","","","","","","","","","","","","","","","","","","","","","","","","","","","","","","","","","","","",""
"33236002","CAP-FERRET",44.630667,-1.252,8,1977102818,"","","","",6.,1,340,1,"","","","","","","","","","","","","","","","","","","","","","","","","","","","",14.4,1,13.,1,"","","","","","","","","","","","","","","","","","","","","","","","","","",93,1,"","","","","","","","","","","","",15.3,1,1027.3,1,"","","","","","",6,1,6,1,8,1,0,1,0,1,"","","","","","","","","","","","","","","","","","","","","","","","",16000,1,"","",2,1,2,1,"","","","","","","","","","",3,1,270,1,"","","","","","","","","","","","","","","","","","","","","","","","","","","","","","","","","","","","","","","","","","","","","","","","","","","",""
"33236002","CAP-FERRET",44.630667,-1.252,8,1977102821,"","","","",4.,1,340,1,"","","","","","","","","","","","","","","","","","","","","","","","","","","","",12.8,1,11.,1,"","","","","","","","","","","","","","","","","","","","","","","","","","",91,1,"","","","","","","","","","","","",13.4,1,1027.7,1,"","","","","","",1,1,0,1,1,1,0,1,0,1,"","","","","","","","","","","","","","","","","","","","","","","","",10000,1,"","",1,1,1,1,"","","","","","","","","","",3,1,270,1,"","","","","","","","","","","","","","","","","","","","","","","","","","","","","","","","","","","","","","","","","","","","","","","","","","","",""
"33236002","CAP-FERRET",44.630667,-1.252,8,1977102900,"","","","",4.,1,280,1,"","","","","","","","","","","","","","","","","","","","","","","","","","","","","","","","","","","","","","","","","","","","","","","","","","","","","","","","","","","","","","","","","","","","","","","","","","",1026.5,1,"","","","","","","","","","","","","","","","","","","","","","","","","","","","","","","","","","","","","","","","","","","","","","","","","","","","","","","","","","","","","","","","","","","","","","","","","","","","","","","","","","","","","","","","","","","","","","","","","","","","","","","","","","","","","","","","","",""
"33236002","CAP-FERRET",44.630667,-1.252,8,1977102903,"","","","",3.,1,280,1,"","","","","","","","","","","","","","","","","","","","","","","","","","","","",11.4,1,8.8,1,"","","","","","","","","","","","","","","","","","","","","","","","","","",85,1,"","","","","","","","","","","","",11.5,1,1025.5,1,"","","","","","",0,1,"","",0,1,0,1,0,1,"","","","","","","","","","","","","","","","","","","","","","","","",12000,1,"","",0,1,"","","","","","","","","","","","",3,1,270,1,"","","","","","","","","","","","","","","","","","","","","","","","","","","","","","","","","","","","","","","","","","","","","","","","","","","",""
"33236002","CAP-FERRET",44.630667,-1.252,8,1977102906,"","","","",2.,1,280,1,"","","","","","","","","","","","","","","","","","","","","","","","","","","","",9.2,1,6.5,1,"","","","","","","","","","","","","","","","","","","","","","","","","","",84,1,"","","","","","","","","","","","",9.8,1,1025.3,1,"","","","","","",0,1,"","",0,1,0,1,0,1,"","","","","","","","","","","","","","","","","","","","","","","","",12000,1,"","",2,1,0,1,"","","","","","","","","","",3,1,270,1,"","","","","","","","","","","","","","","","","","","","","","","","","","","","","","","","","","","","","","","","","","","","","","","","","","","",""
"33236002","CAP-FERRET",44.630667,-1.252,8,1977102909,"","","","",2.,1,180,1,"","","","","","","","","","","","","","","","","","","","","","","","","","","","",12.8,1,11.4,1,"","","","","","","","","","","","","","","","","","","","","","","","","","",93,1,"","","","","","","","","","","","",13.8,1,1025.9,1,"","","","","","",7,1,7,1,5,1,"","","","","","","","","","","","","","","","","","","","","","","","","","","","",8000,1,"","",3,1,1,1,"","","","","","","","","","",3,1,270,1,"","","","","","","","","","","","","","","","","","","","","","","","","","","","","","","","","","","","","","","","","","","","","","","","","","","",""
"33236002","CAP-FERRET",44.630667,-1.252,8,1977102912,"","","","",0.,1,0,1,"","","","","","","","","","","","","","","","","","","","","","","","","","","","",16.5,1,11.6,1,"","","","","","","","","","","","","","","","","","","","","","","","","","",75,1,"","","","","","","","","","","","",14.,1,1024.7,1,"","","","","","",4,1,0,1,5,1,0,1,0,1,"","","","","","","","","","","","","","","","","","","","","","","","",12000,1,"","",1,1,1,1,"","","","","","","","","","",3,1,270,1,"","","","","","","","","","","","","","","","","","","","","","","","","","","","","","","","","","","","","","","","","","","","","","","","","","","",""
"33236002","CAP-FERRET",44.630667,-1.252,8,1977102915,"","","","",2.,1,20,1,"","","","","","","","","","","","","","","","","","","","","","","","","","","","",17.5,1,14.2,1,"","","","","","","","","","","","","","","","","","","","","","","","","","",83,1,"","","","","","","","","","","","",16.6,1,1022.9,1,"","","","","","",1,1,0,1,1,1,0,1,0,1,"","","","","","","","","","","","","","","","","","","","","","","","",16000,1,"","",1,1,0,1,"","","","","","","","","","",3,1,270,1,"","","","","","","","","","","","","","","","","","","","","","","","","","","","","","","","","","","","","","","","","","","","","","","","","","","",""
"33236002","CAP-FERRET",44.630667,-1.252,8,1977102918,"","","","",1.,1,40,1,"","","","","","","","","","","","","","","","","","","","","","","","","","","","",13.6,1,12.5,1,"","","","","","","","","","","","","","","","","","","","","","","","","","",96,1,"","","","","","","","","","","","",14.8,1,1022.9,1,"","","","","","",0,1,"","",0,1,0,1,0,1,"","","","","","","","","","","","","","","","","","","","","","","","",10000,1,"","",2,1,0,1,"","","","","","","","","","",3,1,270,1,"","","","","","","","","","","","","","","","","","","","","","","","","","","","","","","","","","","","","","","","","","","","","","","","","","","",""
"33236002","CAP-FERRET",44.630667,-1.252,8,1977102921,"","","","",1.,1,100,1,"","","","","","","","","","","","","","","","","","","","","","","","","","","","",12.,1,11.2,1,"","","","","","","","","","","","","","","","","","","","","","","","","","",97,1,"","","","","","","","","","","","",13.6,1,1023.3,1,"","","","","","",0,1,"","",0,1,0,1,0,1,"","","","","","","","","","","","","","","","","","","","","","","","",8000,1,"","",2,1,0,1,"","","","","","","","","","",4,1,270,1,"","","","","","","","","","","","","","","","","","","","","","","","","","","","","","","","","","","","","","","","","","","","","","","","","","","",""
"33236002","CAP-FERRET",44.630667,-1.252,8,1977103000,"","","","",1.,1,120,1,"","","","","","","","","","","","","","","","","","","","","","","","","","","","","","","","","","","","","","","","","","","","","","","","","","","","","","","","","","","","","","","","","","","","","","","","","","",1023.1,1,"","","","","","","","","","","","","","","","","","","","","","","","","","","","","","","","","","","","","","","","","","","","","","","","","","","","","","","","","","","","","","","","","","","","","","","","","","","","","","","","","","","","","","","","","","","","","","","","","","","","","","","","","","","","","","","","","",""
"33236002","CAP-FERRET",44.630667,-1.252,8,1977103003,"","","","",2.,1,260,1,"","","","","","","","","","","","","","","","","","","","","","","","","","","","",13.6,1,13.6,1,"","","","","","","","","","","","","","","","","","","","","","","","","","",100,1,"","","","","","","","","","","","",15.6,1,1023.1,1,"","","","","","",7,1,7,1,5,1,"","","","","","","","","","","","","","","","","","","","","","","","","","","","",5000,1,"","",0,1,"","","","","","","","","","","","",4,1,270,1,"","","","","","","","","","","","","","","","","","","","","","","","","","","","","","","","","","","","","","","","","","","","","","","","","","","",""
"33236002","CAP-FERRET",44.630667,-1.252,8,1977103006,"","","","",1.,1,280,1,"","","","","","","","","","","","","","","","","","","","","","","","","","","","",12.8,1,12.8,1,"","","","","","","","","","","","","","","","","","","","","","","","","","",100,1,"","","","","","","","","","","","",14.8,1,1023.1,1,"","","","","","",3,1,0,1,5,1,0,1,0,1,"","","","","","","","","","","","","","","","","","","","","","","","",100,1,"","",46,1,4,1,"","","","","","","","","","",4,1,270,1,"","","","","","","","","","","","","","","","","","","","","","","","","","","","","","","","","","","","","","","","","","","","","","","","","","","",""
"33236002","CAP-FERRET",44.630667,-1.252,8,1977103009,"","","","",1.,1,180,1,"","","","","","","","","","","","","","","","","","","","","","","","","","","","",15.5,1,14.2,1,"","","","","","","","","","","","","","","","","","","","","","","","","","",94,1,"","","","","","","","","","","","",16.6,1,1023.1,1,"","","","","","",2,1,0,1,0,1,0,1,2,1,"","","","","","","","","","","","","","","","","","","","","","","","",4000,1,"","",10,1,4,1,"","","","","","","","","","",4,1,270,1,"","","","","","","","","","","","","","","","","","","","","","","","","","","","","","","","","","","","","","","","","","","","","","","","","","","",""
"33236002","CAP-FERRET",44.630667,-1.252,8,1977103012,"","","","",3.,1,120,1,"","","","","","","","","","","","","","","","","","","","","","","","","","","","",16.,1,13.8,1,"","","","","","","","","","","","","","","","","","","","","","","","","","",90,1,"","","","","","","","","","","","",16.2,1,1022.3,1,"","","","","","",5,1,5,1,0,1,0,1,2,1,"","","","","","","","","","","","","","","","","","","","","","","","",5000,1,"","",2,1,4,1,"","","","","","","","","","",4,1,270,1,"","","","","","","","","","","","","","","","","","","","","","","","","","","","","","","","","","","","","","","","","","","","","","","","","","","",""
"33236002","CAP-FERRET",44.630667,-1.252,8,1977103015,"","","","",0.,1,0,1,"","","","","","","","","","","","","","","","","","","","","","","","","","","","",17.4,1,14.3,1,"","","","","","","","","","","","","","","","","","","","","","","","","","",84,1,"","","","","","","","","","","","",16.7,1,1019.9,1,"","","","","","",6,1,6,1,0,1,0,1,4,1,"","","","","","","","","","","","","","","","","","","","","","","","",5000,1,"","",3,1,2,1,"","","","","","","","","","",3,1,270,1,"","","","","","","","","","","","","","","","","","","","","","","","","","","","","","","","","","","","","","","","","","","","","","","","","","","",""
"33236002","CAP-FERRET",44.630667,-1.252,8,1977103018,"","","","",1.,1,120,1,"","","","","","","","","","","","","","","","","","","","","","","","","","","","",13.2,1,11.7,1,"","","","","","","","","","","","","","","","","","","","","","","","","","",93,1,"","","","","","","","","","","","",14.1,1,1019.6,1,"","","","","","",4,1,0,1,0,1,0,1,2,1,"","","","","","","","","","","","","","","","","","","","","","","","",4000,1,"","",10,1,1,1,"","","","","","","","","","",3,1,270,1,"","","","","","","","","","","","","","","","","","","","","","","","","","","","","","","","","","","","","","","","","","","","","","","","","","","",""
"33236002","CAP-FERRET",44.630667,-1.252,8,1977103021,"","","","",2.,1,120,1,"","","","","","","","","","","","","","","","","","","","","","","","","","","","",13.5,1,13.5,1,"","","","","","","","","","","","","","","","","","","","","","","","","","",100,1,"","","","","","","","","","","","",15.5,1,1018.1,1,"","","","","","",3,1,0,1,0,1,0,1,2,1,"","","","","","","","","","","","","","","","","","","","","","","","",5000,1,"","",2,1,0,1,"","","","","","","","","","",4,1,270,1,"","","","","","","","","","","","","","","","","","","","","","","","","","","","","","","","","","","","","","","","","","","","","","","","","","","",""
"33236002","CAP-FERRET",44.630667,-1.252,8,1977103100,"","","","",6.,1,180,1,"","","","","","","","","","","","","","","","","","","","","","","","","","","","","","","","","","","","","","","","","","","","","","","","","","","","","","","","","","","","","","","","","","","","","","","","","","",1016.9,1,"","","","","","","","","","","","","","","","","","","","","","","","","","","","","","","","","","","","","","","","","","","","","","","","","","","","","","","","","","","","","","","","","","","","","","","","","","","","","","","","","","","","","","","","","","","","","","","","","","","","","","","","","","","","","","","","","",""
"33236002","CAP-FERRET",44.630667,-1.252,8,1977103103,"","","","",8.,1,200,1,"","","","","","","","","","","","","","","","","","","","","","","","","","","","",16.2,1,10.1,1,"","","","","","","","","","","","","","","","","","","","","","","","","","",68,1,"","","","","","","","","","","","",12.6,1,1013.9,1,"","","","","","",8,1,5,1,5,1,7,1,"","","","","","","","","","","","","","","","","","","","","","","","","","",16000,1,"","",0,1,"","","","","","","","","","","","",4,1,270,1,"","","","","","","","","","","","","","","","","","","","","","","","","","","","","","","","","","","","","","","","","","","","","","","","","","","",""
"33236002","CAP-FERRET",44.630667,-1.252,8,1977103106,"","","","",9.,1,220,1,"","","","","","","","","","","","","","","","","","","","","","","","","","","","",15.6,1,13.8,1,"","","","","","","","","","","","","","","","","","","","","","","","","","",91,1,"","","","","","","","","","","","",16.2,1,1012.9,1,"","","","","","",8,1,5,1,0,1,7,1,2,1,"","","","","","","","","","","","","","","","","","","","","","","","",16000,1,"","",2,1,2,1,"","","","","","","","","","",4,1,270,1,"","","","","","","","","","","","","","","","","","","","","","","","","","","","","","","","","","","","","","","","","","","","","","","","","","","",""
"33236002","CAP-FERRET",44.630667,-1.252,8,1977103109,"","","","",10.,1,220,1,"","","","","","","","","","","","","","","","","","","","","","","","","","","","",17.2,1,12.3,1,"","","","","","","","","","","","","","","","","","","","","","","","","","",74,1,"","","","","","","","","","","","",14.6,1,1012.1,1,"","","","","","",8,1,6,1,5,1,7,1,"","","","","","","","","","","","","","","","","","","","","","","","","","",14000,1,"","",2,1,2,1,"","","","","","","","","","",3,1,290,1,"","","","","","","","","","","","","","","","","","","","","","","","","","","","","","","","","","","","","","","","","","","","","","","","","","","",""
"33236002","CAP-FERRET",44.630667,-1.252,8,1977103112,"","","","",9.,1,220,1,"","","","","","","","","","","","","","","","","","","","","","","","","","","","",17.5,1,13.8,1,"","","","","","","","","","","","","","","","","","","","","","","","","","",81,1,"","","","","","","","","","","","",16.2,1,1012.1,1,"","","","","","",8,1,6,1,7,1,7,1,"","","","","","","","","","","","","","","","","","","","","","","","","","",4000,1,"","",10,1,8,1,"","","","","","","","","","",4,1,290,1,"","","","","","","","","","","","","","","","","","","","","","","","","","","","","","","","","","","","","","","","","","","","","","","","","","","",""
"33236002","CAP-FERRET",44.630667,-1.252,8,1977103115,"","","","",7.,1,320,1,"","","","","","","","","","","","","","","","","","","","","","","","","","","","",15.6,1,12.8,1,"","","","","","","","","","","","","","","","","","","","","","","","","","",85,1,"","","","","","","","","","","","",15.1,1,1014.3,1,"","","","","","",8,1,6,1,8,1,7,1,"","","","","","","","","","","","","","","","","","","","","","","","","","",16000,1,"","",2,1,2,1,"","","","","","","","","","",4,1,290,1,"","","","","","","","","","","","","","","","","","","","","","","","","","","","","","","","","","","","","","","","","","","","","","","","","","","",""
"33236002","CAP-FERRET",44.630667,-1.252,8,1977103118,"","","","",9.,1,300,1,"","","","","","","","","","","","","","","","","","","","","","","","","","","","",13.,1,12.,1,"","","","","","","","","","","","","","","","","","","","","","","","","","",96,1,"","","","","","","","","","","","",14.3,1,1017.1,1,"","","","","","",8,1,5,1,7,1,7,1,"","","","","","","","","","","","","","","","","","","","","","","","","","",14000,1,"","",81,1,8,1,"","","","","","","","","","",5,1,290,1,"","","","","","","","","","","","","","","","","","","","","","","","","","","","","","","","","","","","","","","","","","","","","","","","","","","",""
"33236002","CAP-FERRET",44.630667,-1.252,8,1977103121,"","","","",9.,1,300,1,"","","","","","","","","","","","","","","","","","","","","","","","","","","","",14.4,1,9.9,1,"","","","","","","","","","","","","","","","","","","","","","","","","","",76,1,"","","","","","","","","","","","",12.4,1,1018.9,1,"","","","","","",3,1,0,1,8,1,0,1,0,1,"","","","","","","","","","","","","","","","","","","","","","","","",18000,1,"","",1,1,8,1,"","","","","","","","","","",5,1,290,1,"","","","","","","","","","","","","","","","","","","","","","","","","","","","","","","","","","","","","","","","","","","","","","","","","","","",""
"33236002","CAP-FERRET",44.630667,-1.252,8,1977110100,"","","","",10.,1,300,1,"","","","","","","","","","","","","","","","","","","","","","","","","","","","","","","","","","","","","","","","","","","","","","","","","","","","","","","","","","","","","","","","","","","","","","","","","","",1020.,1,"","","","","","","","","","","","","","","","","","","","","","","","","","","","","","","","","","","","","","","","","","","","","","","","","","","","","","","","","","","","","","","","","","","","","","","","","","","","","","","","","","","","","","","","","","","","","","","","","","","","","","","","","","","","","","","","","",""
"33236002","CAP-FERRET",44.630667,-1.252,8,1977110103,"","","","",8.,1,320,1,"","","","","","","","","","","","","","","","","","","","","","","","","","","","",13.,1,8.9,1,"","","","","","","","","","","","","","","","","","","","","","","","","","",77,1,"","","","","","","","","","","","",11.6,1,1021.3,1,"","","","","","",3,1,0,1,8,1,0,1,0,1,"","","","","","","","","","","","","","","","","","","","","","","","",18000,1,"","",0,1,"","","","","","","","","","","","",5,1,270,1,"","","","","","","","","","","","","","","","","","","","","","","","","","","","","","","","","","","","","","","","","","","","","","","","","","","",""
"33236002","CAP-FERRET",44.630667,-1.252,8,1977110106,"","","","",6.,1,340,1,"","","","","","","","","","","","","","","","","","","","","","","","","","","","",12.2,1,9.3,1,"","","","","","","","","","","","","","","","","","","","","","","","","","",83,1,"","","","","","","","","","","","",11.9,1,1022.7,1,"","","","","","",3,1,0,1,8,1,0,1,1,1,"","","","","","","","","","","","","","","","","","","","","","","","",18000,1,"","",2,1,0,1,"","","","","","","","","","",4,1,270,1,"","","","","","","","","","","","","","","","","","","","","","","","","","","","","","","","","","","","","","","","","","","","","","","","","","","",""
"33236002","CAP-FERRET",44.630667,-1.252,8,1977110109,"","","","",3.,1,340,1,"","","","","","","","","","","","","","","","","","","","","","","","","","","","",14.4,1,9.9,1,"","","","","","","","","","","","","","","","","","","","","","","","","","",76,1,"","","","","","","","","","","","",12.4,1,1023.5,1,"","","","","","",4,1,0,1,8,1,8,1,3,1,"","","","","","","","","","","","","","","","","","","","","","","","",20000,1,"","",2,1,0,1,"","","","","","","","","","",4,1,270,1,"","","","","","","","","","","","","","","","","","","","","","","","","","","","","","","","","","","","","","","","","","","","","","","","","","","",""
"33236002","CAP-FERRET",44.630667,-1.252,8,1977110112,"","","","",3.,1,300,1,"","","","","","","","","","","","","","","","","","","","","","","","","","","","",16.4,1,8.4,1,"","","","","","","","","","","","","","","","","","","","","","","","","","",60,1,"","","","","","","","","","","","",11.2,1,1023.,1,"","","","","","",6,1,6,1,8,1,0,1,0,1,"","","","","","","","","","","","","","","","","","","","","","","","",20000,1,"","",3,1,1,1,"","","","","","","","","","",4,1,270,1,"","","","","","","","","","","","","","","","","","","","","","","","","","","","","","","","","","","","","","","","","","","","","","","","","","","",""
"33236002","CAP-FERRET",44.630667,-1.252,8,1977110115,"","","","",4.,1,260,1,"","","","","","","","","","","","","","","","","","","","","","","","","","","","",15.8,1,9.9,1,"","","","","","","","","","","","","","","","","","","","","","","","","","",69,1,"","","","","","","","","","","","",12.4,1,1022.3,1,"","","","","","",3,1,0,1,8,1,0,1,0,1,"","","","","","","","","","","","","","","","","","","","","","","","",16000,1,"","",1,1,1,1,"","","","","","","","","","",4,1,270,1,"","","","","","","","","","","","","","","","","","","","","","","","","","","","","","","","","","","","","","","","","","","","","","","","","","","",""
"33236002","CAP-FERRET",44.630667,-1.252,8,1977110118,"","","","",4.,1,260,1,"","","","","","","","","","","","","","","","","","","","","","","","","","","","",14.2,1,9.8,1,"","","","","","","","","","","","","","","","","","","","","","","","","","",76,1,"","","","","","","","","","","","",12.3,1,1021.9,1,"","","","","","",7,1,7,1,8,1,"","","","","","","","","","","","","","","","","","","","","","","","","","","","",16000,1,"","",3,1,1,1,"","","","","","","","","","",4,1,270,1,"","","","","","","","","","","","","","","","","","","","","","","","","","","","","","","","","","","","","","","","","","","","","","","","","","","",""
"33236002","CAP-FERRET",44.630667,-1.252,8,1977110121,"","","","",2.,1,200,1,"","","","","","","","","","","","","","","","","","","","","","","","","","","","",13.2,1,10.2,1,"","","","","","","","","","","","","","","","","","","","","","","","","","",84,1,"","","","","","","","","","","","",12.7,1,1020.9,1,"","","","","","",6,1,6,1,8,1,0,1,0,1,"","","","","","","","","","","","","","","","","","","","","","","","",14000,1,"","",2,1,2,1,"","","","","","","","","","",4,1,270,1,"","","","","","","","","","","","","","","","","","","","","","","","","","","","","","","","","","","","","","","","","","","","","","","","","","","",""
"33236002","CAP-FERRET",44.630667,-1.252,8,1977110200,"","","","",6.,1,200,1,"","","","","","","","","","","","","","","","","","","","","","","","","","","","","","","","","","","","","","","","","","","","","","","","","","","","","","","","","","","","","","","","","","","","","","","","","","",1020.4,1,"","","","","","","","","","","","","","","","","","","","","","","","","","","","","","","","","","","","","","","","","","","","","","","","","","","","","","","","","","","","",270,1,"","","","","","","","","","","","","","","","","","","","","","","","","","","","","","","","","","","","","","","","","","","","","","","","","","","",""
"33236002","CAP-FERRET",44.630667,-1.252,8,1977110203,"","","","",5.,1,220,1,"","","","","","","","","","","","","","","","","","","","","","","","","","","","",12.4,1,11.,1,"","","","","","","","","","","","","","","","","","","","","","","","","","",93,1,"","","","","","","","","","","","",13.4,1,1019.4,1,"","","","","","",8,1,8,1,5,1,"","","","","","","","","","","","","","","","","","","","","","","","","","","","",6000,1,"","",0,1,"","","","","","","","","","","","",4,1,270,1,"","","","","","","","","","","","","","","","","","","","","","","","","","","","","","","","","","","","","","","","","","","","","","","","","","","",""
"33236002","CAP-FERRET",44.630667,-1.252,8,1977110206,"","","","",8.,1,260,1,"","","","","","","","","","","","","","","","","","","","","","","","","","","","",15.6,1,10.4,1,"","","","","","","","","","","","","","","","","","","","","","","","","","",73,1,"","","","","","","","","","","","",12.9,1,1019.4,1,"","","","","","",7,1,7,1,5,1,"","","","","","","","","","","","","","","","","","","","","","","","","","","","",8000,1,"","",2,1,"","","","","","","","","","","","",4,1,270,1,"","","","","","","","","","","","","","","","","","","","","","","","","","","","","","","","","","","","","","","","","","","","","","","","","","","",""
"33236002","CAP-FERRET",44.630667,-1.252,8,1977110209,"","","","",9.,1,260,1,"","","","","","","","","","","","","","","","","","","","","","","","","","","","",16.2,1,11.9,1,"","","","","","","","","","","","","","","","","","","","","","","","","","",77,1,"","","","","","","","","","","","",14.2,1,1020.8,1,"","","","","","",7,1,7,1,5,1,"","","","","","","","","","","","","","","","","","","","","","","","","","","","",12000,1,"","",2,1,2,1,"","","","","","","","","","",4,1,270,1,"","","","","","","","","","","","","","","","","","","","","","","","","","","","","","","","","","","","","","","","","","","","","","","","","","","",""
"33236002","CAP-FERRET",44.630667,-1.252,8,1977110212,"","","","",8.,1,280,1,"","","","","","","","","","","","","","","","","","","","","","","","","","","","",17.4,1,12.9,1,"","","","","","","","","","","","","","","","","","","","","","","","","","",76,1,"","","","","","","","","","","","",15.2,1,1021.,1,"","","","","","",8,1,8,1,5,1,"","","","","","","","","","","","","","","","","","","","","","","","","","","","",14000,1,"","",2,1,2,1,"","","","","","","","","","",4,1,270,1,"","","","","","","","","","","","","","","","","","","","","","","","","","","","","","","","","","","","","","","","","","","","","","","","","","","",""
"33236002","CAP-FERRET",44.630667,-1.252,8,1977110215,"","","","",3.,1,260,1,"","","","","","","","","","","","","","","","","","","","","","","","","","","","",18.2,1,13.,1,"","","","","","","","","","","","","","","","","","","","","","","","","","",73,1,"","","","","","","","","","","","",15.3,1,1020.8,1,"","","","","","",2,1,0,1,0,1,0,1,2,1,"","","","","","","","","","","","","","","","","","","","","","","","",18000,1,"","",1,1,1,1,"","","","","","","","","","",4,1,270,1,"","","","","","","","","","","","","","","","","","","","","","","","","","","","","","","","","","","","","","","","","","","","","","","","","","","",""
"33236002","CAP-FERRET",44.630667,-1.252,8,1977110218,"","","","",1.,1,220,1,"","","","","","","","","","","","","","","","","","","","","","","","","","","","",15.,1,12.9,1,"","","","","","","","","","","","","","","","","","","","","","","","","","",89,1,"","","","","","","","","","","","",15.2,1,1020.3,1,"","","","","","",7,1,7,1,5,1,"","","","","","","","","","","","","","","","","","","","","","","","","","","","",15000,1,"","",3,1,1,1,"","","","","","","","","","",4,1,270,1,"","","","","","","","","","","","","","","","","","","","","","","","","","","","","","","","","","","","","","","","","","","","","","","","","","","",""
"33236002","CAP-FERRET",44.630667,-1.252,8,1977110221,"","","","",4.,1,180,1,"","","","","","","","","","","","","","","","","","","","","","","","","","","","",14.4,1,11.4,1,"","","","","","","","","","","","","","","","","","","","","","","","","","",84,1,"","","","","","","","","","","","",13.8,1,1019.7,1,"","","","","","",3,1,0,1,5,1,0,1,2,1,"","","","","","","","","","","","","","","","","","","","","","","","",18000,1,"","",1,1,1,1,"","","","","","","","","","",4,1,270,1,"","","","","","","","","","","","","","","","","","","","","","","","","","","","","","","","","","","","","","","","","","","","","","","","","","","",""
"33236002","CAP-FERRET",44.630667,-1.252,8,1977110300,"","","","",1.,1,180,1,"","","","","","","","","","","","","","","","","","","","","","","","","","","","","","","","","","","","","","","","","","","","","","","","","","","","","","","","","","","","","","","","","","","","","","","","","","",1019.,1,"","","","","","","","","","","","","","","","","","","","","","","","","","","","","","","","","","","","","","","","","","","","","","","","","","","","","","","","","","","","","","","","","","","","","","","","","","","","","","","","","","","","","","","","","","","","","","","","","","","","","","","","","","","","","","","","","",""
"33236002","CAP-FERRET",44.630667,-1.252,8,1977110303,"","","","",1.,1,220,1,"","","","","","","","","","","","","","","","","","","","","","","","","","","","",12.,1,11.3,1,"","","","","","","","","","","","","","","","","","","","","","","","","","",97,1,"","","","","","","","","","","","",13.7,1,1019.,1,"","","","","","",0,1,"","",0,1,0,1,0,1,"","","","","","","","","","","","","","","","","","","","","","","","",4000,1,"","",10,1,"","","","","","","","","","","","",5,1,290,1,"","","","","","","","","","","","","","","","","","","","","","","","","","","","","","","","","","","","","","","","","","","","","","","","","","","",""
"33236002","CAP-FERRET",44.630667,-1.252,8,1977110306,"","","","",4.,1,220,1,"","","","","","","","","","","","","","","","","","","","","","","","","","","","",12.,1,11.3,1,"","","","","","","","","","","","","","","","","","","","","","","","","","",97,1,"","","","","","","","","","","","",13.7,1,1018.5,1,"","","","","","",0,1,"","",0,1,0,1,0,1,"","","","","","","","","","","","","","","","","","","","","","","","",6000,1,"","",2,1,0,1,"","","","","","","","","","",5,1,290,1,"","","","","","","","","","","","","","","","","","","","","","","","","","","","","","","","","","","","","","","","","","","","","","","","","","","",""
"33236002","CAP-FERRET",44.630667,-1.252,8,1977110309,"","","","",2.,1,220,1,"","","","","","","","","","","","","","","","","","","","","","","","","","","","",16.5,1,13.5,1,"","","","","","","","","","","","","","","","","","","","","","","","","","",85,1,"","","","","","","","","","","","",15.9,1,1019.,1,"","","","","","",0,1,"","",0,1,0,1,0,1,"","","","","","","","","","","","","","","","","","","","","","","","",6000,1,"","",2,1,0,1,"","","","","","","","","","",5,1,290,1,"","","","","","","","","","","","","","","","","","","","","","","","","","","","","","","","","","","","","","","","","","","","","","","","","","","",""
"33236002","CAP-FERRET",44.630667,-1.252,8,1977110312,"","","","",6.,1,220,1,"","","","","","","","","","","","","","","","","","","","","","","","","","","","",18.8,1,14.6,1,"","","","","","","","","","","","","","","","","","","","","","","","","","",79,1,"","","","","","","","","","","","",17.1,1,1018.2,1,"","","","","","",4,1,0,1,5,1,0,1,0,1,"","","","","","","","","","","","","","","","","","","","","","","","",10000,1,"","",3,1,0,1,"","","","","","","","","","",4,1,290,1,"","","","","","","","","","","","","","","","","","","","","","","","","","","","","","","","","","","","","","","","","","","","","","","","","","","",""
"33236002","CAP-FERRET",44.630667,-1.252,8,1977110315,"","","","",3.,1,220,1,"","","","","","","","","","","","","","","","","","","","","","","","","","","","",18.5,1,13.4,1,"","","","","","","","","","","","","","","","","","","","","","","","","","",74,1,"","","","","","","","","","","","",15.8,1,1017.2,1,"","","","","","",3,1,0,1,0,1,0,1,4,1,"","","","","","","","","","","","","","","","","","","","","","","","",12000,1,"","",3,1,0,1,"","","","","","","","","","",4,1,290,1,"","","","","","","","","","","","","","","","","","","","","","","","","","","","","","","","","","","","","","","","","","","","","","","","","","","",""
"33236002","CAP-FERRET",44.630667,-1.252,8,1977110318,"","","","",4.,1,260,1,"","","","","","","","","","","","","","","","","","","","","","","","","","","","",14.8,1,12.7,1,"","","","","","","","","","","","","","","","","","","","","","","","","","",89,1,"","","","","","","","","","","","",15.,1,1017.,1,"","","","","","",2,1,0,1,0,1,0,1,2,1,"","","","","","","","","","","","","","","","","","","","","","","","",6000,1,"","",2,1,0,1,"","","","","","","","","","",5,1,290,1,"","","","","","","","","","","","","","","","","","","","","","","","","","","","","","","","","","","","","","","","","","","","","","","","","","","",""
"33236002","CAP-FERRET",44.630667,-1.252,8,1977110321,"","","","",4.,1,260,1,"","","","","","","","","","","","","","","","","","","","","","","","","","","","",16.4,1,13.9,1,"","","","","","","","","","","","","","","","","","","","","","","","","","",87,1,"","","","","","","","","","","","",16.3,1,1017.,1,"","","","","","",6,1,6,1,5,1,0,1,0,1,"","","","","","","","","","","","","","","","","","","","","","","","",6000,1,"","",3,1,1,1,"","","","","","","","","","",5,1,290,1,"","","","","","","","","","","","","","","","","","","","","","","","","","","","","","","","","","","","","","","","","","","","","","","","","","","",""
"33236002","CAP-FERRET",44.630667,-1.252,8,1977110400,"","","","",2.,1,260,1,"","","","","","","","","","","","","","","","","","","","","","","","","","","","","","","","","","","","","","","","","","","","","","","","","","","","","","","","","","","","","","","","","","","","","","","","","","",1017.,1,"","","","","","","","","","","","","","","","","","","","","","","","","","","","","","","","","","","","","","","","","","","","","","","","","","","","","","","","","","","","",270,1,"","","","","","","","","","","","","","","","","","","","","","","","","","","","","","","","","","","","","","","","","","","","","","","","","","","",""
"33236002","CAP-FERRET",44.630667,-1.252,8,1977110403,"","","","",7.,1,280,1,"","","","","","","","","","","","","","","","","","","","","","","","","","","","",16.2,1,14.1,1,"","","","","","","","","","","","","","","","","","","","","","","","","","",90,1,"","","","","","","","","","","","",16.5,1,1016.2,1,"","","","","","",7,1,0,1,5,1,7,1,"","","","","","","","","","","","","","","","","","","","","","","","","","",6000,1,"","",0,1,"","","","","","","","","","","","",5,1,270,1,"","","","","","","","","","","","","","","","","","","","","","","","","","","","","","","","","","","","","","","","","","","","","","","","","","","",""
"33236002","CAP-FERRET",44.630667,-1.252,8,1977110406,"","","","",8.,1,300,1,"","","","","","","","","","","","","","","","","","","","","","","","","","","","",14.,1,13.2,1,"","","","","","","","","","","","","","","","","","","","","","","","","","",97,1,"","","","","","","","","","","","",15.6,1,1017.1,1,"","","","","","",8,1,8,1,2,1,7,1,"","","","","","","","","","","","","","","","","","","","","","","","","","",8000,1,"","",0,1,"","","","","","","","","","","","",5,1,270,1,"","","","","","","","","","","","","","","","","","","","","","","","","","","","","","","","","","","","","","","","","","","","","","","","","","","",""
"33236002","CAP-FERRET",44.630667,-1.252,8,1977110409,"","","","",9.,1,280,1,"","","","","","","","","","","","","","","","","","","","","","","","","","","","",15.4,1,12.6,1,"","","","","","","","","","","","","","","","","","","","","","","","","","",85,1,"","","","","","","","","","","","",14.9,1,1019.1,1,"","","","","","",6,1,0,1,2,1,0,1,2,1,"","","","","","","","","","","","","","","","","","","","","","","","",12000,1,"","",1,1,6,1,"","","","","","","","","","",5,1,270,1,"","","","","","","","","","","","","","","","","","","","","","","","","","","","","","","","","","","","","","","","","","","","","","","","","","","",""
"33236002","CAP-FERRET",44.630667,-1.252,8,1977110412,"","","","",8.,1,280,1,"","","","","","","","","","","","","","","","","","","","","","","","","","","","",17.4,1,13.2,1,"","","","","","","","","","","","","","","","","","","","","","","","","","",78,1,"","","","","","","","","","","","",15.6,1,1019.9,1,"","","","","","",1,1,0,1,1,1,0,1,0,1,"","","","","","","","","","","","","","","","","","","","","","","","",18000,1,"","",1,1,6,1,"","","","","","","","","","",5,1,270,1,"","","","","","","","","","","","","","","","","","","","","","","","","","","","","","","","","","","","","","","","","","","","","","","","","","","",""
"33236002","CAP-FERRET",44.630667,-1.252,8,1977110415,"","","","",5.,1,260,1,"","","","","","","","","","","","","","","","","","","","","","","","","","","","",15.4,1,11.7,1,"","","","","","","","","","","","","","","","","","","","","","","","","","",81,1,"","","","","","","","","","","","",14.1,1,1019.9,1,"","","","","","",6,1,0,1,5,1,7,1,2,1,"","","","","","","","","","","","","","","","","","","","","","","","",18000,1,"","",1,1,1,1,"","","","","","","","","","",5,1,270,1,"","","","","","","","","","","","","","","","","","","","","","","","","","","","","","","","","","","","","","","","","","","","","","","","","","","",""
"33236002","CAP-FERRET",44.630667,-1.252,8,1977110418,"","","","",8.,1,300,1,"","","","","","","","","","","","","","","","","","","","","","","","","","","","",14.6,1,11.,1,"","","","","","","","","","","","","","","","","","","","","","","","","","",81,1,"","","","","","","","","","","","",13.4,1,1020.6,1,"","","","","","",6,1,0,1,8,1,0,1,2,1,"","","","","","","","","","","","","","","","","","","","","","","","",14000,1,"","",2,1,8,1,"","","","","","","","","","",5,1,270,1,"","","","","","","","","","","","","","","","","","","","","","","","","","","","","","","","","","","","","","","","","","","","","","","","","","","",""
"33236002","CAP-FERRET",44.630667,-1.252,8,1977110421,"","","","",7.,1,260,1,"","","","","","","","","","","","","","","","","","","","","","","","","","","","",14.6,1,12.5,1,"","","","","","","","","","","","","","","","","","","","","","","","","","",89,1,"","","","","","","","","","","","",14.8,1,1021.,1,"","","","","","",3,1,0,1,0,1,0,1,2,1,"","","","","","","","","","","","","","","","","","","","","","","","",15000,1,"","",1,1,1,1,"","","","","","","","","","",5,1,270,1,"","","","","","","","","","","","","","","","","","","","","","","","","","","","","","","","","","","","","","","","","","","","","","","","","","","",""
"33236002","CAP-FERRET",44.630667,-1.252,8,1977110500,"","","","",7.,1,260,1,"","","","","","","","","","","","","","","","","","","","","","","","","","","","","","","","","","","","","","","","","","","","","","","","","","","","","","","","","","","","","","","","","","","","","","","","","","",1021.3,1,"","","","","","","","","","","","","","","","","","","","","","","","","","","","","","","","","","","","","","","","","","","","","","","","","","","","","","","","","","","","","","","","","","","","","","","","","","","","","","","","","","","","","","","","","","","","","","","","","","","","","","","","","","","","","","","","","",""
"33236002","CAP-FERRET",44.630667,-1.252,8,1977110503,"","","","",6.,1,240,1,"","","","","","","","","","","","","","","","","","","","","","","","","","","","",14.4,1,11.1,1,"","","","","","","","","","","","","","","","","","","","","","","","","","",82,1,"","","","","","","","","","","","",13.5,1,1020.3,1,"","","","","","",5,1,5,1,0,1,3,1,0,1,"","","","","","","","","","","","","","","","","","","","","","","","",12000,1,"","",0,1,"","","","","","","","","","","","",4,1,270,1,"","","","","","","","","","","","","","","","","","","","","","","","","","","","","","","","","","","","","","","","","","","","","","","","","","","",""
"33236002","CAP-FERRET",44.630667,-1.252,8,1977110506,"","","","",4.,1,220,1,"","","","","","","","","","","","","","","","","","","","","","","","","","","","",13.6,1,12.6,1,"","","","","","","","","","","","","","","","","","","","","","","","","","",95,1,"","","","","","","","","","","","",14.9,1,1019.9,1,"","","","","","",8,1,8,1,5,1,"","","","","","","","","","","","","","","","","","","","","","","","","","","","",8000,1,"","",0,1,"","","","","","","","","","","","",4,1,270,1,"","","","","","","","","","","","","","","","","","","","","","","","","","","","","","","","","","","","","","","","","","","","","","","","","","","",""
"33236002","CAP-FERRET",44.630667,-1.252,8,1977110509,"","","","",4.,1,180,1,"","","","","","","","","","","","","","","","","","","","","","","","","","","","",13.4,1,11.5,1,"","","","","","","","","","","","","","","","","","","","","","","","","","",91,1,"","","","","","","","","","","","",13.9,1,1019.6,1,"","","","","","",8,1,8,1,5,1,"","","","","","","","","","","","","","","","","","","","","","","","","","","","",8000,1,"","",2,1,2,1,"","","","","","","","","","",4,1,270,1,"","","","","","","","","","","","","","","","","","","","","","","","","","","","","","","","","","","","","","","","","","","","","","","","","","","",""
"33236002","CAP-FERRET",44.630667,-1.252,8,1977110512,"","","","",3.,1,180,1,"","","","","","","","","","","","","","","","","","","","","","","","","","","","",15.6,1,10.9,1,"","","","","","","","","","","","","","","","","","","","","","","","","","",75,1,"","","","","","","","","","","","",13.3,1,1017.9,1,"","","","","","",7,1,5,1,5,1,2,1,"","","","","","","","","","","","","","","","","","","","","","","","","","",14000,1,"","",2,1,2,1,"","","","","","","","","","",4,1,270,1,"","","","","","","","","","","","","","","","","","","","","","","","","","","","","","","","","","","","","","","","","","","","","","","","","","","",""
"33236002","CAP-FERRET",44.630667,-1.252,8,1977110515,"","","","",2.,1,180,1,"","","","","","","","","","","","","","","","","","","","","","","","","","","","",16.2,1,11.4,1,"","","","","","","","","","","","","","","","","","","","","","","","","","",75,1,"","","","","","","","","","","","",13.8,1,1015.8,1,"","","","","","",6,1,5,1,0,1,7,1,2,1,"","","","","","","","","","","","","","","","","","","","","","","","",15000,1,"","",1,1,2,1,"","","","","","","","","","",3,1,270,1,"","","","","","","","","","","","","","","","","","","","","","","","","","","","","","","","","","","","","","","","","","","","","","","","","","","",""
"33236002","CAP-FERRET",44.630667,-1.252,8,1977110518,"","","","",3.,1,160,1,"","","","","","","","","","","","","","","","","","","","","","","","","","","","",14.2,1,11.6,1,"","","","","","","","","","","","","","","","","","","","","","","","","","",87,1,"","","","","","","","","","","","",14.,1,1015.1,1,"","","","","","",3,1,0,1,0,1,0,1,2,1,"","","","","","","","","","","","","","","","","","","","","","","","",15000,1,"","",1,1,1,1,"","","","","","","","","","",3,1,270,1,"","","","","","","","","","","","","","","","","","","","","","","","","","","","","","","","","","","","","","","","","","","","","","","","","","","",""
"33236002","CAP-FERRET",44.630667,-1.252,8,1977110521,"","","","",5.,1,180,1,"","","","","","","","","","","","","","","","","","","","","","","","","","","","",13.4,1,10.4,1,"","","","","","","","","","","","","","","","","","","","","","","","","","",84,1,"","","","","","","","","","","","",12.9,1,1014.3,1,"","","","","","",1,1,0,1,0,1,0,1,2,1,"","","","","","","","","","","","","","","","","","","","","","","","",15000,1,"","",2,1,0,1,"","","","","","","","","","",3,1,270,1,"","","","","","","","","","","","","","","","","","","","","","","","","","","","","","","","","","","","","","","","","","","","","","","","","","","",""
"33236002","CAP-FERRET",44.630667,-1.252,8,1977110600,"","","","",7.,1,180,1,"","","","","","","","","","","","","","","","","","","","","","","","","","","","","","","","","","","","","","","","","","","","","","","","","","","","","","","","","","","","","","","","","","","","","","","","","","","","","","","","","","","","","","","","","","","","","","","","","","","","","","","","","","","","","","","","","","","","","","","","","","","","","","","","","","","","","","","","","","","","","","","","","","","","","","","","","","","","","","","","","","","","","","","","","","","","","","","","","","","","","","","","","","","","","",""
"33236002","CAP-FERRET",44.630667,-1.252,8,1977110603,"","","","",6.,1,180,1,"","","","","","","","","","","","","","","","","","","","","","","","","","","","","","","","","","","","","","","","","","","","","","","","","","","","","","","","","","","","","","","","","","","","","","","","","","",1012.6,1,"","","","","","","","","","","","","","","","","","","","","","","","","","","","","","","","","","","","","","","","","","","","","","","","","","","","","","","","","","","","","","","","","","","","","","","","","","","","","","","","","","","","","","","","","","","","","","","","","","","","","","","","","","","","","","","","","",""
"33236002","CAP-FERRET",44.630667,-1.252,8,1977110606,"","","","",5.,1,180,1,"","","","","","","","","","","","","","","","","","","","","","","","","","","","",12.,1,9.,1,"","","","","","","","","","","","","","","","","","","","","","","","","","",84,1,"","","","","","","","","","","","",11.7,1,1012.6,1,"","","","","","",4,1,0,1,0,1,0,1,2,1,"","","","","","","","","","","","","","","","","","","","","","","","",10000,1,"","",0,1,"","","","","","","","","","","","",3,1,270,1,"","","","","","","","","","","","","","","","","","","","","","","","","","","","","","","","","","","","","","","","","","","","","","","","","","","",""
"33236002","CAP-FERRET",44.630667,-1.252,8,1977110609,"","","","",5.,1,200,1,"","","","","","","","","","","","","","","","","","","","","","","","","","","","",14.6,1,9.8,1,"","","","","","","","","","","","","","","","","","","","","","","","","","",74,1,"","","","","","","","","","","","",12.3,1,1013.4,1,"","","","","","",3,1,0,1,0,1,0,1,2,1,"","","","","","","","","","","","","","","","","","","","","","","","",12000,1,"","",2,1,0,1,"","","","","","","","","","",3,1,270,1,"","","","","","","","","","","","","","","","","","","","","","","","","","","","","","","","","","","","","","","","","","","","","","","","","","","",""
"33236002","CAP-FERRET",44.630667,-1.252,8,1977110612,"","","","",5.,1,220,1,"","","","","","","","","","","","","","","","","","","","","","","","","","","","",18.,1,12.8,1,"","","","","","","","","","","","","","","","","","","","","","","","","","",73,1,"","","","","","","","","","","","",15.1,1,1014.4,1,"","","","","","",4,1,0,1,0,1,0,1,2,1,"","","","","","","","","","","","","","","","","","","","","","","","",15000,1,"","",2,1,0,1,"","","","","","","","","","",3,1,270,1,"","","","","","","","","","","","","","","","","","","","","","","","","","","","","","","","","","","","","","","","","","","","","","","","","","","",""
"33236002","CAP-FERRET",44.630667,-1.252,8,1977110615,"","","","",3.,1,220,1,"","","","","","","","","","","","","","","","","","","","","","","","","","","","",17.,1,14.2,1,"","","","","","","","","","","","","","","","","","","","","","","","","","",86,1,"","","","","","","","","","","","",16.6,1,1015.1,1,"","","","","","",6,1,0,1,0,1,3,1,2,1,"","","","","","","","","","","","","","","","","","","","","","","","",15000,1,"","",3,1,1,1,"","","","","","","","","","",3,1,270,1,"","","","","","","","","","","","","","","","","","","","","","","","","","","","","","","","","","","","","","","","","","","","","","","","","","","",""
"33236002","CAP-FERRET",44.630667,-1.252,8,1977110618,"","","","",2.,1,300,1,"","","","","","","","","","","","","","","","","","","","","","","","","","","","",14.4,1,13.3,1,"","","","","","","","","","","","","","","","","","","","","","","","","","",96,1,"","","","","","","","","","","","",15.7,1,1016.8,1,"","","","","","",3,1,0,1,0,1,0,1,2,1,"","","","","","","","","","","","","","","","","","","","","","","","",12000,1,"","",1,1,1,1,"","","","","","","","","","",3,1,270,1,"","","","","","","","","","","","","","","","","","","","","","","","","","","","","","","","","","","","","","","","","","","","","","","","","","","",""
"33236002","CAP-FERRET",44.630667,-1.252,8,1977110621,"","","","",5.,1,340,1,"","","","","","","","","","","","","","","","","","","","","","","","","","","","",13.4,1,12.7,1,"","","","","","","","","","","","","","","","","","","","","","","","","","",97,1,"","","","","","","","","","","","",15.,1,1019.3,1,"","","","","","",1,1,0,1,0,1,0,1,2,1,"","","","","","","","","","","","","","","","","","","","","","","","",10000,1,"","",2,1,0,1,"","","","","","","","","","",3,1,270,1,"","","","","","","","","","","","","","","","","","","","","","","","","","","","","","","","","","","","","","","","","","","","","","","","","","","",""
"33236002","CAP-FERRET",44.630667,-1.252,8,1977110700,"","","","",0.,1,0,1,"","","","","","","","","","","","","","","","","","","","","","","","","","","","","","","","","","","","","","","","","","","","","","","","","","","","","","","","","","","","","","","","","","","","","","","","","","","","","","","","","","","","","","","","","","","","","","","","","","","","","","","","","","","","","","","","","","","","","","","","","","","","","","","","","","","","","","","","","","","","","","","","","","","","","","","","","","","","","","","","","","","","","","","","","","","","","","","","","","","","","","","","","","","","","",""
"33236002","CAP-FERRET",44.630667,-1.252,8,1977110703,"","","","",0.,1,0,1,"","","","","","","","","","","","","","","","","","","","","","","","","","","","","","","","","","","","","","","","","","","","","","","","","","","","","","","","","","","","","","","","","","","","","","","","","","",1020.3,1,"","","","","","","","","","","","","","","","","","","","","","","","","","","","","","","","","","","","","","","","","","","","","","","","","","","","","","","","","","","","","","","","","","","","","","","","","","","","","","","","","","","","","","","","","","","","","","","","","","","","","","","","","","","","","","","","","",""
"33236002","CAP-FERRET",44.630667,-1.252,8,1977110706,"","","","",0.,1,0,1,"","","","","","","","","","","","","","","","","","","","","","","","","","","","",10.2,1,10.2,1,"","","","","","","","","","","","","","","","","","","","","","","","","","",100,1,"","","","","","","","","","","","",12.4,1,1021.7,1,"","","","","","",6,1,0,1,0,1,7,1,2,1,"","","","","","","","","","","","","","","","","","","","","","","","",6000,1,"","",0,1,"","","","","","","","","","","","",3,1,270,1,"","","","","","","","","","","","","","","","","","","","","","","","","","","","","","","","","","","","","","","","","","","","","","","","","","","",""
"33236002","CAP-FERRET",44.630667,-1.252,8,1977110709,"","","","",0.,1,0,1,"","","","","","","","","","","","","","","","","","","","","","","","","","","","",12.4,1,12.4,1,"","","","","","","","","","","","","","","","","","","","","","","","","","",100,1,"","","","","","","","","","","","",14.4,1,1023.4,1,"","","","","","",6,1,5,1,5,1,0,1,2,1,"","","","","","","","","","","","","","","","","","","","","","","","",6000,1,"","",2,1,2,1,"","","","","","","","","","",3,1,270,1,"","","","","","","","","","","","","","","","","","","","","","","","","","","","","","","","","","","","","","","","","","","","","","","","","","","",""
"33236002","CAP-FERRET",44.630667,-1.252,8,1977110712,"","","","",3.,1,240,1,"","","","","","","","","","","","","","","","","","","","","","","","","","","","",16.,1,13.2,1,"","","","","","","","","","","","","","","","","","","","","","","","","","",85,1,"","","","","","","","","","","","",15.5,1,1024.1,1,"","","","","","",4,1,0,1,0,1,0,1,2,1,"","","","","","","","","","","","","","","","","","","","","","","","",10000,1,"","",1,1,1,1,"","","","","","","","","","",3,1,270,1,"","","","","","","","","","","","","","","","","","","","","","","","","","","","","","","","","","","","","","","","","","","","","","","","","","","",""
"33236002","CAP-FERRET",44.630667,-1.252,8,1977110715,"","","","",3.,1,240,1,"","","","","","","","","","","","","","","","","","","","","","","","","","","","",16.,1,13.2,1,"","","","","","","","","","","","","","","","","","","","","","","","","","",85,1,"","","","","","","","","","","","",15.5,1,1023.9,1,"","","","","","",5,1,5,1,0,1,0,1,8,1,"","","","","","","","","","","","","","","","","","","","","","","","",15000,1,"","",2,1,1,1,"","","","","","","","","","",3,1,270,1,"","","","","","","","","","","","","","","","","","","","","","","","","","","","","","","","","","","","","","","","","","","","","","","","","","","",""
"33236002","CAP-FERRET",44.630667,-1.252,8,1977110718,"","","","",1.,1,260,1,"","","","","","","","","","","","","","","","","","","","","","","","","","","","",14.,1,12.2,1,"","","","","","","","","","","","","","","","","","","","","","","","","","",91,1,"","","","","","","","","","","","",14.5,1,1025.2,1,"","","","","","",5,1,5,1,0,1,0,1,8,1,"","","","","","","","","","","","","","","","","","","","","","","","",12000,1,"","",2,1,1,1,"","","","","","","","","","",3,1,270,1,"","","","","","","","","","","","","","","","","","","","","","","","","","","","","","","","","","","","","","","","","","","","","","","","","","","",""
"33236002","CAP-FERRET",44.630667,-1.252,8,1977110721,"","","","",1.,1,220,1,"","","","","","","","","","","","","","","","","","","","","","","","","","","","",10.8,1,10.1,1,"","","","","","","","","","","","","","","","","","","","","","","","","","",97,1,"","","","","","","","","","","","",12.6,1,1026.,1,"","","","","","",2,1,0,1,0,1,0,1,2,1,"","","","","","","","","","","","","","","","","","","","","","","","",10000,1,"","",2,1,1,1,"","","","","","","","","","",3,1,270,1,"","","","","","","","","","","","","","","","","","","","","","","","","","","","","","","","","","","","","","","","","","","","","","","","","","","",""
"33236002","CAP-FERRET",44.630667,-1.252,8,1977110800,"","","","",2.,1,200,1,"","","","","","","","","","","","","","","","","","","","","","","","","","","","","","","","","","","","","","","","","","","","","","","","","","","","","","","","","","","","","","","","","","","","","","","","","","","","","","","","","","","","","","","","","","","","","","","","","","","","","","","","","","","","","","","","","","","","","","","","","","","","","","","","","","","","","","","","","","","","","","","","","","","","","","","","","","","","","","","","","","","","","","","","","","","","","","","","","","","","","","","","","","","","","",""
"33236002","CAP-FERRET",44.630667,-1.252,8,1977110803,"","","","",2.,1,200,1,"","","","","","","","","","","","","","","","","","","","","","","","","","","","","","","","","","","","","","","","","","","","","","","","","","","","","","","","","","","","","","","","","","","","","","","","","","",1025.9,1,"","","","","","","","","","","","","","","","","","","","","","","","","","","","","","","","","","","","","","","","","","","","","","","","","","","","","","","","","","","","","","","","","","","","","","","","","","","","","","","","","","","","","","","","","","","","","","","","","","","","","","","","","","","","","","","","","",""
"33236002","CAP-FERRET",44.630667,-1.252,8,1977110806,"","","","",0.,1,0,1,"","","","","","","","","","","","","","","","","","","","","","","","","","","","",8.2,1,8.2,1,"","","","","","","","","","","","","","","","","","","","","","","","","","",100,1,"","","","","","","","","","","","",10.9,1,1026.7,1,"","","","","","",5,1,5,1,0,1,0,1,8,1,"","","","","","","","","","","","","","","","","","","","","","","","",4000,1,"","",10,1,"","","","","","","","","","","","",3,1,270,1,"","","","","","","","","","","","","","","","","","","","","","","","","","","","","","","","","","","","","","","","","","","","","","","","","","","",""
"33236002","CAP-FERRET",44.630667,-1.252,8,1977110809,"","","","",3.,1,160,1,"","","","","","","","","","","","","","","","","","","","","","","","","","","","",10.6,1,10.6,1,"","","","","","","","","","","","","","","","","","","","","","","","","","",100,1,"","","","","","","","","","","","",12.8,1,1028.2,1,"","","","","","",9,1,"","","","","","","","","","","","","","","","","","","","","","","","","","","","","","","","",500,1,"","",45,1,4,1,"","","","","","","","","","",3,1,270,1,"","","","","","","","","","","","","","","","","","","","","","","","","","","","","","","","","","","","","","","","","","","","","","","","","","","",""
"33236002","CAP-FERRET",44.630667,-1.252,8,1977110812,"","","","",3.,1,180,1,"","","","","","","","","","","","","","","","","","","","","","","","","","","","",14.8,1,11.5,1,"","","","","","","","","","","","","","","","","","","","","","","","","","",83,1,"","","","","","","","","","","","",13.9,1,1028.3,1,"","","","","","",0,1,"","",0,1,0,1,0,1,"","","","","","","","","","","","","","","","","","","","","","","","",6000,1,"","",2,1,4,1,"","","","","","","","","","",3,1,270,1,"","","","","","","","","","","","","","","","","","","","","","","","","","","","","","","","","","","","","","","","","","","","","","","","","","","",""
"33236002","CAP-FERRET",44.630667,-1.252,8,1977110815,"","","","",3.,1,220,1,"","","","","","","","","","","","","","","","","","","","","","","","","","","","",16.6,1,13.1,1,"","","","","","","","","","","","","","","","","","","","","","","","","","",81,1,"","","","","","","","","","","","",15.4,1,1028.3,1,"","","","","","",0,1,"","",0,1,0,1,0,1,"","","","","","","","","","","","","","","","","","","","","","","","",6000,1,"","",2,1,0,1,"","","","","","","","","","",3,1,270,1,"","","","","","","","","","","","","","","","","","","","","","","","","","","","","","","","","","","","","","","","","","","","","","","","","","","",""
"33236002","CAP-FERRET",44.630667,-1.252,8,1977110818,"","","","",2.,1,200,1,"","","","","","","","","","","","","","","","","","","","","","","","","","","","",12.6,1,11.2,1,"","","","","","","","","","","","","","","","","","","","","","","","","","",93,1,"","","","","","","","","","","","",13.6,1,1028.9,1,"","","","","","",0,1,"","",0,1,0,1,0,1,"","","","","","","","","","","","","","","","","","","","","","","","",8000,1,"","",2,1,0,1,"","","","","","","","","","",3,1,270,1,"","","","","","","","","","","","","","","","","","","","","","","","","","","","","","","","","","","","","","","","","","","","","","","","","","","",""
"33236002","CAP-FERRET",44.630667,-1.252,8,1977110821,"","","","",2.,1,160,1,"","","","","","","","","","","","","","","","","","","","","","","","","","","","",11.2,1,10.4,1,"","","","","","","","","","","","","","","","","","","","","","","","","","",97,1,"","","","","","","","","","","","",12.9,1,1030.,1,"","","","","","",5,1,5,1,5,1,0,1,0,1,"","","","","","","","","","","","","","","","","","","","","","","","",6000,1,"","",3,1,1,1,"","","","","","","","","","",3,1,270,1,"","","","","","","","","","","","","","","","","","","","","","","","","","","","","","","","","","","","","","","","","","","","","","","","","","","",""
"33236002","CAP-FERRET",44.630667,-1.252,8,1977110900,"","","","",0.,1,0,1,"","","","","","","","","","","","","","","","","","","","","","","","","","","","","","","","","","","","","","","","","","","","","","","","","","","","","","","","","","","","","","","","","","","","","","","","","","","","","","","","","","","","","","","","","","","","","","","","","","","","","","","","","","","","","","","","","","","","","","","","","","","","","","","","","","","","","","","","","","","","","","","","","","","","","","","","","","","","","","","","","","","","","","","","","","","","","","","","","","","","","","","","","","","","","",""
"33236002","CAP-FERRET",44.630667,-1.252,8,1977110903,"","","","",2.,1,160,1,"","","","","","","","","","","","","","","","","","","","","","","","","","","","","","","","","","","","","","","","","","","","","","","","","","","","","","","","","","","","","","","","","","","","","","","","","","",1029.7,1,"","","","","","","","","","","","","","","","","","","","","","","","","","","","","","","","","","","","","","","","","","","","","","","","","","","","","","","","","","","","","","","","","","","","","","","","","","","","","","","","","","","","","","","","","","","","","","","","","","","","","","","","","","","","","","","","","",""
"33236002","CAP-FERRET",44.630667,-1.252,8,1977110906,"","","","",3.,1,100,1,"","","","","","","","","","","","","","","","","","","","","","","","","","","","",8.2,1,7.6,1,"","","","","","","","","","","","","","","","","","","","","","","","","","",97,1,"","","","","","","","","","","","",10.6,1,1029.7,1,"","","","","","",2,1,0,1,0,1,0,1,2,1,"","","","","","","","","","","","","","","","","","","","","","","","",8000,1,"","",0,1,"","","","","","","","","","","","",3,1,270,1,"","","","","","","","","","","","","","","","","","","","","","","","","","","","","","","","","","","","","","","","","","","","","","","","","","","",""
"33236002","CAP-FERRET",44.630667,-1.252,8,1977110909,"","","","",3.,1,100,1,"","","","","","","","","","","","","","","","","","","","","","","","","","","","",10.4,1,9.8,1,"","","","","","","","","","","","","","","","","","","","","","","","","","",97,1,"","","","","","","","","","","","",12.3,1,1030.,1,"","","","","","",2,1,0,1,0,1,0,1,2,1,"","","","","","","","","","","","","","","","","","","","","","","","",10000,1,"","",2,1,0,1,"","","","","","","","","","",3,1,270,1,"","","","","","","","","","","","","","","","","","","","","","","","","","","","","","","","","","","","","","","","","","","","","","","","","","","",""
"33236002","CAP-FERRET",44.630667,-1.252,8,1977110912,"","","","",3.,1,100,1,"","","","","","","","","","","","","","","","","","","","","","","","","","","","",18.4,1,11.,1,"","","","","","","","","","","","","","","","","","","","","","","","","","",63,1,"","","","","","","","","","","","",13.4,1,1028.7,1,"","","","","","",1,1,0,1,0,1,0,1,2,1,"","","","","","","","","","","","","","","","","","","","","","","","",15000,1,"","",2,1,0,1,"","","","","","","","","","",3,1,270,1,"","","","","","","","","","","","","","","","","","","","","","","","","","","","","","","","","","","","","","","","","","","","","","","","","","","",""
"33236002","CAP-FERRET",44.630667,-1.252,8,1977110915,"","","","",4.,1,100,1,"","","","","","","","","","","","","","","","","","","","","","","","","","","","",19.,1,13.5,1,"","","","","","","","","","","","","","","","","","","","","","","","","","",72,1,"","","","","","","","","","","","",15.9,1,1026.8,1,"","","","","","",2,1,0,1,0,1,0,1,2,1,"","","","","","","","","","","","","","","","","","","","","","","","",15000,1,"","",2,1,0,1,"","","","","","","","","","",3,1,270,1,"","","","","","","","","","","","","","","","","","","","","","","","","","","","","","","","","","","","","","","","","","","","","","","","","","","",""
"33236002","CAP-FERRET",44.630667,-1.252,8,1977110918,"","","","",6.,1,120,1,"","","","","","","","","","","","","","","","","","","","","","","","","","","","",14.8,1,12.,1,"","","","","","","","","","","","","","","","","","","","","","","","","","",85,1,"","","","","","","","","","","","",14.3,1,1026.3,1,"","","","","","",0,1,"","",0,1,0,1,0,1,"","","","","","","","","","","","","","","","","","","","","","","","",15000,1,"","",2,1,0,1,"","","","","","","","","","",3,1,270,1,"","","","","","","","","","","","","","","","","","","","","","","","","","","","","","","","","","","","","","","","","","","","","","","","","","","",""
"33236002","CAP-FERRET",44.630667,-1.252,8,1977110921,"","","","",7.,1,120,1,"","","","","","","","","","","","","","","","","","","","","","","","","","","","",12.8,1,10.6,1,"","","","","","","","","","","","","","","","","","","","","","","","","","",88,1,"","","","","","","","","","","","",13.,1,1025.3,1,"","","","","","",0,1,"","",0,1,0,1,0,1,"","","","","","","","","","","","","","","","","","","","","","","","",10000,1,"","",2,1,0,1,"","","","","","","","","","",3,1,270,1,"","","","","","","","","","","","","","","","","","","","","","","","","","","","","","","","","","","","","","","","","","","","","","","","","","","",""
"33236002","CAP-FERRET",44.630667,-1.252,8,1977111000,"","","","",4.,1,120,1,"","","","","","","","","","","","","","","","","","","","","","","","","","","","","","","","","","","","","","","","","","","","","","","","","","","","","","","","","","","","","","","","","","","","","","","","","","","","","","","","","","","","","","","","","","","","","","","","","","","","","","","","","","","","","","","","","","","","","","","","","","","","","","","","","","","","","","","","","","","","","","","","","","","","","","","","","","","","","","","","","","","","","","","","","","","","","","","","","","","","","","","","","","","","","",""
"33236002","CAP-FERRET",44.630667,-1.252,8,1977111003,"","","","",4.,1,120,1,"","","","","","","","","","","","","","","","","","","","","","","","","","","","","","","","","","","","","","","","","","","","","","","","","","","","","","","","","","","","","","","","","","","","","","","","","","",1023.9,1,"","","","","","","","","","","","","","","","","","","","","","","","","","","","","","","","","","","","","","","","","","","","","","","","","","","","","","","","","","","","","","","","","","","","","","","","","","","","","","","","","","","","","","","","","","","","","","","","","","","","","","","","","","","","","","","","","",""
"33236002","CAP-FERRET",44.630667,-1.252,8,1977111006,"","","","",4.,1,160,1,"","","","","","","","","","","","","","","","","","","","","","","","","","","","",10.,1,8.4,1,"","","","","","","","","","","","","","","","","","","","","","","","","","",91,1,"","","","","","","","","","","","",11.2,1,1023.5,1,"","","","","","",0,1,"","",0,1,0,1,0,1,"","","","","","","","","","","","","","","","","","","","","","","","",8000,1,"","",0,1,"","","","","","","","","","","","",3,1,270,1,"","","","","","","","","","","","","","","","","","","","","","","","","","","","","","","","","","","","","","","","","","","","","","","","","","","",""
"33236002","CAP-FERRET",44.630667,-1.252,8,1977111009,"","","","",0.,1,0,1,"","","","","","","","","","","","","","","","","","","","","","","","","","","","",13.2,1,10.6,1,"","","","","","","","","","","","","","","","","","","","","","","","","","",86,1,"","","","","","","","","","","","",13.,1,1024.3,1,"","","","","","",0,1,"","",0,1,0,1,0,1,"","","","","","","","","","","","","","","","","","","","","","","","",12000,1,"","",2,1,0,1,"","","","","","","","","","",3,1,270,1,"","","","","","","","","","","","","","","","","","","","","","","","","","","","","","","","","","","","","","","","","","","","","","","","","","","",""
"33236002","CAP-FERRET",44.630667,-1.252,8,1977111012,"","","","",2.,1,220,1,"","","","","","","","","","","","","","","","","","","","","","","","","","","","",19.6,1,11.4,1,"","","","","","","","","","","","","","","","","","","","","","","","","","",60,1,"","","","","","","","","","","","",13.8,1,1024.2,1,"","","","","","",0,1,"","",0,1,0,1,0,1,"","","","","","","","","","","","","","","","","","","","","","","","",8000,1,"","",2,1,0,1,"","","","","","","","","","",3,1,270,1,"","","","","","","","","","","","","","","","","","","","","","","","","","","","","","","","","","","","","","","","","","","","","","","","","","","",""
"33236002","CAP-FERRET",44.630667,-1.252,8,1977111015,"","","","",1.,1,220,1,"","","","","","","","","","","","","","","","","","","","","","","","","","","","",19.6,1,11.4,1,"","","","","","","","","","","","","","","","","","","","","","","","","","",60,1,"","","","","","","","","","","","",13.8,1,1023.4,1,"","","","","","",0,1,"","",0,1,0,1,0,1,"","","","","","","","","","","","","","","","","","","","","","","","",8000,1,"","",2,1,0,1,"","","","","","","","","","",3,1,270,1,"","","","","","","","","","","","","","","","","","","","","","","","","","","","","","","","","","","","","","","","","","","","","","","","","","","",""
"33236002","CAP-FERRET",44.630667,-1.252,8,1977111018,"","","","",3.,1,60,1,"","","","","","","","","","","","","","","","","","","","","","","","","","","","",12.8,1,11.,1,"","","","","","","","","","","","","","","","","","","","","","","","","","",91,1,"","","","","","","","","","","","",13.4,1,1023.5,1,"","","","","","",0,1,"","",0,1,0,1,0,1,"","","","","","","","","","","","","","","","","","","","","","","","",15000,1,"","",2,1,0,1,"","","","","","","","","","",3,1,270,1,"","","","","","","","","","","","","","","","","","","","","","","","","","","","","","","","","","","","","","","","","","","","","","","","","","","",""
"33236002","CAP-FERRET",44.630667,-1.252,8,1977111021,"","","","",3.,1,120,1,"","","","","","","","","","","","","","","","","","","","","","","","","","","","",11.6,1,10.4,1,"","","","","","","","","","","","","","","","","","","","","","","","","","",95,1,"","","","","","","","","","","","",12.9,1,1023.7,1,"","","","","","",0,1,"","",0,1,0,1,0,1,"","","","","","","","","","","","","","","","","","","","","","","","",12000,1,"","",2,1,0,1,"","","","","","","","","","",3,1,270,1,"","","","","","","","","","","","","","","","","","","","","","","","","","","","","","","","","","","","","","","","","","","","","","","","","","","",""
"33236002","CAP-FERRET",44.630667,-1.252,8,1977111100,"","","","",3.,1,160,1,"","","","","","","","","","","","","","","","","","","","","","","","","","","","","","","","","","","","","","","","","","","","","","","","","","","","","","","","","","","","","","","","","","","","","","","","","","","","","","","","","","","","","","","","","","","","","","","","","","","","","","","","","","","","","","","","","","","","","","","","","","","","","","","","","","","","","","","","","","","","","","","","","","","","","","","","","","","","","","","","","","","","","","","","","","","","","","","","","","","","","","","","","","","","","",""
"33236002","CAP-FERRET",44.630667,-1.252,8,1977111103,"","","","",2.,1,200,1,"","","","","","","","","","","","","","","","","","","","","","","","","","","","","","","","","","","","","","","","","","","","","","","","","","","","","","","","","","","","","","","","","","","","","","","","","","",1023.2,1,"","","","","","","","","","","","","","","","","","","","","","","","","","","","","","","","","","","","","","","","","","","","","","","","","","","","","","","","","","","","","","","","","","","","","","","","","","","","","","","","","","","","","","","","","","","","","","","","","","","","","","","","","","","","","","","","","",""
"33236002","CAP-FERRET",44.630667,-1.252,8,1977111106,"","","","",2.,1,120,1,"","","","","","","","","","","","","","","","","","","","","","","","","","","","",8.4,1,7.7,1,"","","","","","","","","","","","","","","","","","","","","","","","","","",97,1,"","","","","","","","","","","","",10.7,1,1023.8,1,"","","","","","",0,1,"","",0,1,0,1,0,1,"","","","","","","","","","","","","","","","","","","","","","","","",6000,1,"","",0,1,"","","","","","","","","","","","",3,1,270,1,"","","","","","","","","","","","","","","","","","","","","","","","","","","","","","","","","","","","","","","","","","","","","","","","","","","",""
"33236002","CAP-FERRET",44.630667,-1.252,8,1977111109,"","","","",1.,1,180,1,"","","","","","","","","","","","","","","","","","","","","","","","","","","","",11.4,1,11.1,1,"","","","","","","","","","","","","","","","","","","","","","","","","","",97,1,"","","","","","","","","","","","",13.5,1,1025.,1,"","","","","","",5,1,5,1,0,1,0,1,8,1,"","","","","","","","","","","","","","","","","","","","","","","","",6000,1,"","",3,1,1,1,"","","","","","","","","","",3,1,270,1,"","","","","","","","","","","","","","","","","","","","","","","","","","","","","","","","","","","","","","","","","","","","","","","","","","","",""
"33236002","CAP-FERRET",44.630667,-1.252,8,1977111112,"","","","",3.,1,240,1,"","","","","","","","","","","","","","","","","","","","","","","","","","","","",17.4,1,12.9,1,"","","","","","","","","","","","","","","","","","","","","","","","","","",76,1,"","","","","","","","","","","","",15.2,1,1025.5,1,"","","","","","",5,1,5,1,0,1,0,1,8,1,"","","","","","","","","","","","","","","","","","","","","","","","",6000,1,"","",2,1,1,1,"","","","","","","","","","",4,1,270,1,"","","","","","","","","","","","","","","","","","","","","","","","","","","","","","","","","","","","","","","","","","","","","","","","","","","",""
"33236002","CAP-FERRET",44.630667,-1.252,8,1977111115,"","","","",0.,1,0,1,"","","","","","","","","","","","","","","","","","","","","","","","","","","","",16.6,1,13.8,1,"","","","","","","","","","","","","","","","","","","","","","","","","","",86,1,"","","","","","","","","","","","",16.2,1,1024.9,1,"","","","","","",6,1,6,1,0,1,0,1,8,1,"","","","","","","","","","","","","","","","","","","","","","","","",5000,1,"","",2,1,2,1,"","","","","","","","","","",4,1,270,1,"","","","","","","","","","","","","","","","","","","","","","","","","","","","","","","","","","","","","","","","","","","","","","","","","","","",""
"33236002","CAP-FERRET",44.630667,-1.252,8,1977111118,"","","","",3.,1,200,1,"","","","","","","","","","","","","","","","","","","","","","","","","","","","",14.4,1,13.4,1,"","","","","","","","","","","","","","","","","","","","","","","","","","",96,1,"","","","","","","","","","","","",15.8,1,1025.,1,"","","","","","",4,1,0,1,0,1,0,1,8,1,"","","","","","","","","","","","","","","","","","","","","","","","",5000,1,"","",1,1,1,1,"","","","","","","","","","",4,1,270,1,"","","","","","","","","","","","","","","","","","","","","","","","","","","","","","","","","","","","","","","","","","","","","","","","","","","",""
"33236002","CAP-FERRET",44.630667,-1.252,8,1977111121,"","","","",3.,1,200,1,"","","","","","","","","","","","","","","","","","","","","","","","","","","","",11.6,1,10.9,1,"","","","","","","","","","","","","","","","","","","","","","","","","","",97,1,"","","","","","","","","","","","",13.3,1,1025.,1,"","","","","","",0,1,"","",0,1,0,1,0,1,"","","","","","","","","","","","","","","","","","","","","","","","",4000,1,"","",10,1,0,1,"","","","","","","","","","",4,1,270,1,"","","","","","","","","","","","","","","","","","","","","","","","","","","","","","","","","","","","","","","","","","","","","","","","","","","",""
"33236002","CAP-FERRET",44.630667,-1.252,8,1977111200,"","","","",3.,1,240,1,"","","","","","","","","","","","","","","","","","","","","","","","","","","","","","","","","","","","","","","","","","","","","","","","","","","","","","","","","","","","","","","","","","","","","","","","","","","","","","","","","","","","","","","","","","","","","","","","","","","","","","","","","","","","","","","","","","","","","","","","","","","","","","","","","","","","","","","","","","","","","","","","","","","","","","","","","","","","","","","","","","","","","","","","","","","","","","","","","","","","","","","","","","","","","",""
"33236002","CAP-FERRET",44.630667,-1.252,8,1977111203,"","","","",4.,1,200,1,"","","","","","","","","","","","","","","","","","","","","","","","","","","","","","","","","","","","","","","","","","","","","","","","","","","","","","","","","","","","","","","","","","","","","","","","","","",1024.9,1,"","","","","","","","","","","","","","","","","","","","","","","","","","","","","","","","","","","","","","","","","","","","","","","","","","","","","","","","","","","","","","","","","","","","","","","","","","","","","","","","","","","","","","","","","","","","","","","","","","","","","","","","","","","","","","","","","",""
"33236002","CAP-FERRET",44.630667,-1.252,8,1977111206,"","","","",7.,1,280,1,"","","","","","","","","","","","","","","","","","","","","","","","","","","","",15.,1,13.5,1,"","","","","","","","","","","","","","","","","","","","","","","","","","",93,1,"","","","","","","","","","","","",15.9,1,1024.9,1,"","","","","","",2,1,0,1,0,1,0,1,2,1,"","","","","","","","","","","","","","","","","","","","","","","","",8000,1,"","",0,1,"","","","","","","","","","","","",3,1,270,1,"","","","","","","","","","","","","","","","","","","","","","","","","","","","","","","","","","","","","","","","","","","","","","","","","","","",""
"33236002","CAP-FERRET",44.630667,-1.252,8,1977111209,"","","","",7.,1,260,1,"","","","","","","","","","","","","","","","","","","","","","","","","","","","",16.4,1,14.4,1,"","","","","","","","","","","","","","","","","","","","","","","","","","",91,1,"","","","","","","","","","","","",16.9,1,1025.4,1,"","","","","","",4,1,0,1,0,1,0,1,8,1,"","","","","","","","","","","","","","","","","","","","","","","","",8000,1,"","",2,1,0,1,"","","","","","","","","","",4,1,270,1,"","","","","","","","","","","","","","","","","","","","","","","","","","","","","","","","","","","","","","","","","","","","","","","","","","","",""
"33236002","CAP-FERRET",44.630667,-1.252,8,1977111212,"","","","",8.,1,260,1,"","","","","","","","","","","","","","","","","","","","","","","","","","","","",18.2,1,14.8,1,"","","","","","","","","","","","","","","","","","","","","","","","","","",83,1,"","","","","","","","","","","","",17.3,1,1025.4,1,"","","","","","",4,1,0,1,0,1,0,1,2,1,"","","","","","","","","","","","","","","","","","","","","","","","",8000,1,"","",2,1,0,1,"","","","","","","","","","",4,1,270,1,"","","","","","","","","","","","","","","","","","","","","","","","","","","","","","","","","","","","","","","","","","","","","","","","","","","",""
"33236002","CAP-FERRET",44.630667,-1.252,8,1977111215,"","","","",8.,1,280,1,"","","","","","","","","","","","","","","","","","","","","","","","","","","","",16.4,1,14.4,1,"","","","","","","","","","","","","","","","","","","","","","","","","","",91,1,"","","","","","","","","","","","",16.9,1,1025.3,1,"","","","","","",7,1,7,1,5,1,"","","","","","","","","","","","","","","","","","","","","","","","","","","","",8000,1,"","",3,1,1,1,"","","","","","","","","","",4,1,270,1,"","","","","","","","","","","","","","","","","","","","","","","","","","","","","","","","","","","","","","","","","","","","","","","","","","","",""
"33236002","CAP-FERRET",44.630667,-1.252,8,1977111218,"","","","",10.,1,300,1,"","","","","","","","","","","","","","","","","","","","","","","","","","","","",15.,1,12.9,1,"","","","","","","","","","","","","","","","","","","","","","","","","","",89,1,"","","","","","","","","","","","",15.2,1,1025.6,1,"","","","","","",5,1,0,1,8,1,0,1,2,1,"","","","","","","","","","","","","","","","","","","","","","","","",10000,1,"","",1,1,8,1,"","","","","","","","","","",4,1,270,1,"","","","","","","","","","","","","","","","","","","","","","","","","","","","","","","","","","","","","","","","","","","","","","","","","","","",""
"33236002","CAP-FERRET",44.630667,-1.252,8,1977111221,"","","","",10.,1,300,1,"","","","","","","","","","","","","","","","","","","","","","","","","","","","",13.6,1,12.2,1,"","","","","","","","","","","","","","","","","","","","","","","","","","",93,1,"","","","","","","","","","","","",14.5,1,1025.8,1,"","","","","","",7,1,7,1,8,1,"","","","","","","","","","","","","","","","","","","","","","","","","","","","",8000,1,"","",25,1,8,1,"","","","","","","","","","",5,1,270,1,"","","","","","","","","","","","","","","","","","","","","","","","","","","","","","","","","","","","","","","","","","","","","","","","","","","",""
"33236002","CAP-FERRET",44.630667,-1.252,8,1977111300,"","","","",8.,1,300,1,"","","","","","","","","","","","","","","","","","","","","","","","","","","","","","","","","","","","","","","","","","","","","","","","","","","","","","","","","","","","","","","","","","","","","","","","","","","","","","","","","","","","","","","","","","","","","","","","","","","","","","","","","","","","","","","","","","","","","","","","","","","","","","","","","","","","","","","","","","","","","","","","","","","","","","","","","","","","","","","","","","","","","","","","","","","","","","","","","","","","","","","","","","","","","",""
"33236002","CAP-FERRET",44.630667,-1.252,8,1977111303,"","","","",8.,1,320,1,"","","","","","","","","","","","","","","","","","","","","","","","","","","","","","","","","","","","","","","","","","","","","","","","","","","","","","","","","","","","","","","","","","","","","","","","","","",1023.3,1,"","","","","","","","","","","","","","","","","","","","","","","","","","","","","","","","","","","","","","","","","","","","","","","","","","","","","","","","","","","","","","","","","","","","","","","","","","","","","","","","","","","","","","","","","","","","","","","","","","","","","","","","","","","","","","","","","",""
"33236002","CAP-FERRET",44.630667,-1.252,8,1977111306,"","","","",10.,1,320,1,"","","","","","","","","","","","","","","","","","","","","","","","","","","","",12.5,1,9.5,1,"","","","","","","","","","","","","","","","","","","","","","","","","","",84,1,"","","","","","","","","","","","",12.1,1,1023.3,1,"","","","","","",8,1,5,1,8,1,"","","","","","","","","","","","","","","","","","","","","","","","","","","","",8000,1,"","",0,1,"","","","","","","","","","","","",5,1,290,1,"","","","","","","","","","","","","","","","","","","","","","","","","","","","","","","","","","","","","","","","","","","","","","","","","","","",""
"33236002","CAP-FERRET",44.630667,-1.252,8,1977111309,"","","","",11.,1,300,1,"","","","","","","","","","","","","","","","","","","","","","","","","","","","",12.8,1,11.,1,"","","","","","","","","","","","","","","","","","","","","","","","","","",91,1,"","","","","","","","","","","","",13.4,1,1022.6,1,"","","","","","",8,1,5,1,8,1,"","","","","","","","","","","","","","","","","","","","","","","","","","","","",8000,1,"","",2,1,8,1,"","","","","","","","","","",5,1,290,1,"","","","","","","","","","","","","","","","","","","","","","","","","","","","","","","","","","","","","","","","","","","","","","","","","","","",""
"33236002","CAP-FERRET",44.630667,-1.252,8,1977111312,"","","","",15.,1,300,1,"","","","","","","","","","","","","","","","","","","","","","","","","","","","",14.,1,11.4,1,"","","","","","","","","","","","","","","","","","","","","","","","","","",86,1,"","","","","","","","","","","","",13.8,1,1020.8,1,"","","","","","",8,1,5,1,8,1,"","","","","","","","","","","","","","","","","","","","","","","","","","","","",8000,1,"","",25,1,8,1,"","","","","","","","","","",5,1,290,1,"","","","","","","","","","","","","","","","","","","","","","","","","","","","","","","","","","","","","","","","","","","","","","","","","","","",""
"33236002","CAP-FERRET",44.630667,-1.252,8,1977111315,"","","","",17.,1,300,1,"","","","","","","","","","","","","","","","","","","","","","","","","","","","",14.5,1,11.7,1,"","","","","","","","","","","","","","","","","","","","","","","","","","",86,1,"","","","","","","","","","","","",14.1,1,1019.1,1,"","","","","","",8,1,5,1,8,1,"","","","","","","","","","","","","","","","","","","","","","","","","","","","",6000,1,"","",25,1,8,1,"","","","","","","","","","",5,1,290,1,"","","","","","","","","","","","","","","","","","","","","","","","","","","","","","","","","","","","","","","","","","","","","","","","","","","",""
"33236002","CAP-FERRET",44.630667,-1.252,8,1977111318,"","","","",14.,1,340,1,"","","","","","","","","","","","","","","","","","","","","","","","","","","","",12.8,1,11.7,1,"","","","","","","","","","","","","","","","","","","","","","","","","","",96,1,"","","","","","","","","","","","",14.1,1,1020.2,1,"","","","","","",8,1,5,1,8,1,"","","","","","","","","","","","","","","","","","","","","","","","","","","","",6000,1,"","",25,1,8,1,"","","","","","","","","","",5,1,290,1,"","","","","","","","","","","","","","","","","","","","","","","","","","","","","","","","","","","","","","","","","","","","","","","","","","","",""
"33236002","CAP-FERRET",44.630667,-1.252,8,1977111321,"","","","",2.,1,60,1,"","","","","","","","","","","","","","","","","","","","","","","","","","","","",11.4,1,9.8,1,"","","","","","","","","","","","","","","","","","","","","","","","","","",97,1,"","","","","","","","","","","","",12.3,1,1022.,1,"","","","","","",8,1,8,1,8,1,"","","","","","","","","","","","","","","","","","","","","","","","","","","","",8000,1,"","",25,1,8,1,"","","","","","","","","","",5,1,290,1,"","","","","","","","","","","","","","","","","","","","","","","","","","","","","","","","","","","","","","","","","","","","","","","","","","","",""
"33236002","CAP-FERRET",44.630667,-1.252,8,1977111400,"","","","",5.,1,340,1,"","","","","","","","","","","","","","","","","","","","","","","","","","","","","","","","","","","","","","","","","","","","","","","","","","","","","","","","","","","","","","","","","","","","","","","","","","",1021.9,1,"","","","","","","","","","","","","","","","","","","","","","","","","","","","","","","","","","","","","","","","","","","","","","","","","","","","","","","","","","","","","","","","","","","","","","","","","","","","","","","","","","","","","","","","","","","","","","","","","","","","","","","","","","","","","","","","","",""
"33236002","CAP-FERRET",44.630667,-1.252,8,1977111403,"","","","",7.,1,300,1,"","","","","","","","","","","","","","","","","","","","","","","","","","","","",12.6,1,11.5,1,"","","","","","","","","","","","","","","","","","","","","","","","","","",96,1,"","","","","","","","","","","","",13.9,1,1020.9,1,"","","","","","",8,1,6,1,7,1,7,1,"","","","","","","","","","","","","","","","","","","","","","","","","","",6000,1,"","",0,1,"","","","","","","","","","","","",4,1,270,1,"","","","","","","","","","","","","","","","","","","","","","","","","","","","","","","","","","","","","","","","","","","","","","","","","","","",""
"33236002","CAP-FERRET",44.630667,-1.252,8,1977111406,"","","","",12.,1,300,1,"","","","","","","","","","","","","","","","","","","","","","","","","","","","",14.2,1,13.2,1,"","","","","","","","","","","","","","","","","","","","","","","","","","",95,1,"","","","","","","","","","","","",15.5,1,1019.2,1,"","","","","","",8,1,6,1,7,1,7,1,"","","","","","","","","","","","","","","","","","","","","","","","","","",10000,1,"","",0,1,"","","","","","","","","","","","",4,1,270,1,"","","","","","","","","","","","","","","","","","","","","","","","","","","","","","","","","","","","","","","","","","","","","","","","","","","",""
"33236002","CAP-FERRET",44.630667,-1.252,8,1977111409,"","","","",12.,1,300,1,"","","","","","","","","","","","","","","","","","","","","","","","","","","","",14.6,1,13.2,1,"","","","","","","","","","","","","","","","","","","","","","","","","","",93,1,"","","","","","","","","","","","",15.5,1,1019.2,1,"","","","","","",8,1,6,1,7,1,7,1,"","","","","","","","","","","","","","","","","","","","","","","","","","",16000,1,"","",2,1,2,1,"","","","","","","","","","",5,1,270,1,"","","","","","","","","","","","","","","","","","","","","","","","","","","","","","","","","","","","","","","","","","","","","","","","","","","",""
"33236002","CAP-FERRET",44.630667,-1.252,8,1977111412,"","","","",13.,1,300,1,"","","","","","","","","","","","","","","","","","","","","","","","","","","","",15.,1,12.9,1,"","","","","","","","","","","","","","","","","","","","","","","","","","",89,1,"","","","","","","","","","","","",15.2,1,1017.3,1,"","","","","","",8,1,8,1,7,1,"","","","","","","","","","","","","","","","","","","","","","","","","","","","",16000,1,"","",2,1,2,1,"","","","","","","","","","",5,1,270,1,"","","","","","","","","","","","","","","","","","","","","","","","","","","","","","","","","","","","","","","","","","","","","","","","","","","",""
"33236002","CAP-FERRET",44.630667,-1.252,8,1977111415,"","","","",13.,1,280,1,"","","","","","","","","","","","","","","","","","","","","","","","","","","","",15.2,1,13.4,1,"","","","","","","","","","","","","","","","","","","","","","","","","","",91,1,"","","","","","","","","","","","",15.8,1,1016.3,1,"","","","","","",8,1,6,1,7,1,7,1,"","","","","","","","","","","","","","","","","","","","","","","","","","",10000,1,"","",16,1,8,1,"","","","","","","","","","",5,1,270,1,"","","","","","","","","","","","","","","","","","","","","","","","","","","","","","","","","","","","","","","","","","","","","","","","","","","",""
"33236002","CAP-FERRET",44.630667,-1.252,8,1977111418,"","","","",16.,1,300,1,"","","","","","","","","","","","","","","","","","","","","","","","","","","","",15.4,1,13.2,1,"","","","","","","","","","","","","","","","","","","","","","","","","","",89,1,"","","","","","","","","","","","",15.6,1,1015.3,1,"","","","","","",8,1,8,1,7,1,"","","","","","","","","","","","","","","","","","","","","","","","","","","","",16000,1,"","",2,1,8,1,"","","","","","","","","","",5,1,270,1,"","","","","","","","","","","","","","","","","","","","","","","","","","","","","","","","","","","","","","","","","","","","","","","","","","","",""
"33236002","CAP-FERRET",44.630667,-1.252,8,1977111421,"","","","",16.,1,300,1,"","","","","","","","","","","","","","","","","","","","","","","","","","","","",15.2,1,12.7,1,"","","","","","","","","","","","","","","","","","","","","","","","","","",87,1,"","","","","","","","","","","","",15.,1,1015.1,1,"","","","","","",8,1,8,1,7,1,"","","","","","","","","","","","","","","","","","","","","","","","","","","","",16000,1,"","",2,1,2,1,"","","","","","","","","","",6,1,270,1,"","","","","","","","","","","","","","","","","","","","","","","","","","","","","","","","","","","","","","","","","","","","","","","","","","","",""
"33236002","CAP-FERRET",44.630667,-1.252,8,1977111500,"","","","",16.,1,300,1,"","","","","","","","","","","","","","","","","","","","","","","","","","","","","","","","","","","","","","","","","","","","","","","","","","","","","","","","","","","","","","","","","","","","","","","","","","",1014.5,1,"","","","","","","","","","","","","","","","","","","","","","","","","","","","","","","","","","","","","","","","","","","","","","","","","","","","","","","","","","","","","","","","","","","","","","","","","","","","","","","","","","","","","","","","","","","","","","","","","","","","","","","","","","","","","","","","","",""
"33236002","CAP-FERRET",44.630667,-1.252,8,1977111503,"","","","",12.,1,320,1,"","","","","","","","","","","","","","","","","","","","","","","","","","","","",13.,1,12.3,1,"","","","","","","","","","","","","","","","","","","","","","","","","","",97,1,"","","","","","","","","","","","",14.6,1,1013.7,1,"","","","","","",5,1,0,1,8,1,0,1,2,1,"","","","","","","","","","","","","","","","","","","","","","","","",10000,1,"","",0,1,"","","","","","","","","","","","",6,1,290,1,"","","","","","","","","","","","","","","","","","","","","","","","","","","","","","","","","","","","","","","","","","","","","","","","","","","",""
"33236002","CAP-FERRET",44.630667,-1.252,8,1977111506,"","","","",13.,1,320,1,"","","","","","","","","","","","","","","","","","","","","","","","","","","","",14.,1,9.9,1,"","","","","","","","","","","","","","","","","","","","","","","","","","",78,1,"","","","","","","","","","","","",12.4,1,1013.4,1,"","","","","","",7,1,5,1,8,1,"","","","","","","","","","","","","","","","","","","","","","","","","","","","",8000,1,"","",0,1,"","","","","","","","","","","","",6,1,290,1,"","","","","","","","","","","","","","","","","","","","","","","","","","","","","","","","","","","","","","","","","","","","","","","","","","","",""
"33236002","CAP-FERRET",44.630667,-1.252,8,1977111509,"","","","",10.,1,320,1,"","","","","","","","","","","","","","","","","","","","","","","","","","","","",13.5,1,10.4,1,"","","","","","","","","","","","","","","","","","","","","","","","","","",83,1,"","","","","","","","","","","","",12.9,1,1013.4,1,"","","","","","",7,1,5,1,8,1,"","","","","","","","","","","","","","","","","","","","","","","","","","","","",8000,1,"","",2,1,2,1,"","","","","","","","","","",5,1,290,1,"","","","","","","","","","","","","","","","","","","","","","","","","","","","","","","","","","","","","","","","","","","","","","","","","","","",""
"33236002","CAP-FERRET",44.630667,-1.252,8,1977111512,"","","","",10.,1,320,1,"","","","","","","","","","","","","","","","","","","","","","","","","","","","",14.6,1,9.3,1,"","","","","","","","","","","","","","","","","","","","","","","","","","",72,1,"","","","","","","","","","","","",11.9,1,1011.9,1,"","","","","","",8,1,5,1,8,1,7,1,"","","","","","","","","","","","","","","","","","","","","","","","","","",8000,1,"","",2,1,8,1,"","","","","","","","","","",5,1,290,1,"","","","","","","","","","","","","","","","","","","","","","","","","","","","","","","","","","","","","","","","","","","","","","","","","","","",""
"33236002","CAP-FERRET",44.630667,-1.252,8,1977111515,"","","","",13.,1,320,1,"","","","","","","","","","","","","","","","","","","","","","","","","","","","",11.6,1,10.4,1,"","","","","","","","","","","","","","","","","","","","","","","","","","",95,1,"","","","","","","","","","","","",12.9,1,1010.4,1,"","","","","","",8,1,8,1,7,1,"","","","","","","","","","","","","","","","","","","","","","","","","","","","",8000,1,"","",25,1,8,1,"","","","","","","","","","",5,1,290,1,"","","","","","","","","","","","","","","","","","","","","","","","","","","","","","","","","","","","","","","","","","","","","","","","","","","",""
"33236002","CAP-FERRET",44.630667,-1.252,8,1977111518,"","","","",12.,1,320,1,"","","","","","","","","","","","","","","","","","","","","","","","","","","","",12.,1,8.8,1,"","","","","","","","","","","","","","","","","","","","","","","","","","",82,1,"","","","","","","","","","","","",11.5,1,1010.,1,"","","","","","",8,1,5,1,8,1,"","","","","","","","","","","","","","","","","","","","","","","","","","","","",6000,1,"","",25,1,8,1,"","","","","","","","","","",5,1,290,1,"","","","","","","","","","","","","","","","","","","","","","","","","","","","","","","","","","","","","","","","","","","","","","","","","","","",""
"33236002","CAP-FERRET",44.630667,-1.252,8,1977111521,"","","","",12.,1,320,1,"","","","","","","","","","","","","","","","","","","","","","","","","","","","",12.,1,8.8,1,"","","","","","","","","","","","","","","","","","","","","","","","","","",82,1,"","","","","","","","","","","","",11.5,1,1011.4,1,"","","","","","",7,1,6,1,8,1,"","","","","","","","","","","","","","","","","","","","","","","","","","","","",8000,1,"","",25,1,8,1,"","","","","","","","","","",5,1,290,1,"","","","","","","","","","","","","","","","","","","","","","","","","","","","","","","","","","","","","","","","","","","","","","","","","","","",""
"33236002","CAP-FERRET",44.630667,-1.252,8,1977111600,"","","","",14.,1,320,1,"","","","","","","","","","","","","","","","","","","","","","","","","","","","","","","","","","","","","","","","","","","","","","","","","","","","","","","","","","","","","","","","","","","","","","","","","","",1010.1,1,"","","","","","","","","","","","","","","","","","","","","","","","","","","","","","","","","","","","","","","","","","","","","","","","","","","","","","","","","","","","","","","","","","","","","","","","","","","","","","","","","","","","","","","","","","","","","","","","","","","","","","","","","","","","","","","","","",""
"33236002","CAP-FERRET",44.630667,-1.252,8,1977111603,"","","","",12.,1,320,1,"","","","","","","","","","","","","","","","","","","","","","","","","","","","",11.,1,8.4,1,"","","","","","","","","","","","","","","","","","","","","","","","","","",85,1,"","","","","","","","","","","","",11.2,1,1010.1,1,"","","","","","",6,1,6,1,8,1,0,1,0,1,"","","","","","","","","","","","","","","","","","","","","","","","",16000,1,"","",0,1,"","","","","","","","","","","","",5,1,270,1,"","","","","","","","","","","","","","","","","","","","","","","","","","","","","","","","","","","","","","","","","","","","","","","","","","","",""
"33236002","CAP-FERRET",44.630667,-1.252,8,1977111606,"","","","",13.,1,320,1,"","","","","","","","","","","","","","","","","","","","","","","","","","","","",11.5,1,6.9,1,"","","","","","","","","","","","","","","","","","","","","","","","","","",75,1,"","","","","","","","","","","","",10.1,1,1010.3,1,"","","","","","",5,1,5,1,8,1,0,1,0,1,"","","","","","","","","","","","","","","","","","","","","","","","",16000,1,"","",2,1,2,1,"","","","","","","","","","",5,1,270,1,"","","","","","","","","","","","","","","","","","","","","","","","","","","","","","","","","","","","","","","","","","","","","","","","","","","",""
"33236002","CAP-FERRET",44.630667,-1.252,8,1977111609,"","","","",11.,1,320,1,"","","","","","","","","","","","","","","","","","","","","","","","","","","","",12.,1,7.3,1,"","","","","","","","","","","","","","","","","","","","","","","","","","",74,1,"","","","","","","","","","","","",10.4,1,1011.3,1,"","","","","","",6,1,6,1,8,1,0,1,0,1,"","","","","","","","","","","","","","","","","","","","","","","","",20000,1,"","",2,1,8,1,"","","","","","","","","","",5,1,270,1,"","","","","","","","","","","","","","","","","","","","","","","","","","","","","","","","","","","","","","","","","","","","","","","","","","","",""
"33236002","CAP-FERRET",44.630667,-1.252,8,1977111612,"","","","",10.,1,300,1,"","","","","","","","","","","","","","","","","","","","","","","","","","","","",12.,1,8.1,1,"","","","","","","","","","","","","","","","","","","","","","","","","","",79,1,"","","","","","","","","","","","",11.,1,1010.5,1,"","","","","","",7,1,5,1,8,1,"","","","","","","","","","","","","","","","","","","","","","","","","","","","",15000,1,"","",16,1,8,1,"","","","","","","","","","",5,1,270,1,"","","","","","","","","","","","","","","","","","","","","","","","","","","","","","","","","","","","","","","","","","","","","","","","","","","",""
"33236002","CAP-FERRET",44.630667,-1.252,8,1977111615,"","","","",14.,1,300,1,"","","","","","","","","","","","","","","","","","","","","","","","","","","","",12.4,1,10.2,1,"","","","","","","","","","","","","","","","","","","","","","","","","","",88,1,"","","","","","","","","","","","",12.7,1,1008.3,1,"","","","","","",8,1,8,1,8,1,"","","","","","","","","","","","","","","","","","","","","","","","","","","","",15000,1,"","",16,1,8,1,"","","","","","","","","","",5,1,270,1,"","","","","","","","","","","","","","","","","","","","","","","","","","","","","","","","","","","","","","","","","","","","","","","","","","","",""
"33236002","CAP-FERRET",44.630667,-1.252,8,1977111618,"","","","",15.,1,300,1,"","","","","","","","","","","","","","","","","","","","","","","","","","","","",12.5,1,11.2,1,"","","","","","","","","","","","","","","","","","","","","","","","","","",94,1,"","","","","","","","","","","","",13.6,1,1007.3,1,"","","","","","",7,1,7,1,8,1,"","","","","","","","","","","","","","","","","","","","","","","","","","","","",18000,1,"","",15,1,8,1,"","","","","","","","","","",5,1,270,1,"","","","","","","","","","","","","","","","","","","","","","","","","","","","","","","","","","","","","","","","","","","","","","","","","","","",""
"33236002","CAP-FERRET",44.630667,-1.252,8,1977111621,"","","","",15.,1,320,1,"","","","","","","","","","","","","","","","","","","","","","","","","","","","",12.2,1,11.1,1,"","","","","","","","","","","","","","","","","","","","","","","","","","",95,1,"","","","","","","","","","","","",13.5,1,1007.3,1,"","","","","","",6,1,6,1,8,1,0,1,0,1,"","","","","","","","","","","","","","","","","","","","","","","","",16000,1,"","",15,1,8,1,"","","","","","","","","","",5,1,270,1,"","","","","","","","","","","","","","","","","","","","","","","","","","","","","","","","","","","","","","","","","","","","","","","","","","","",""
"33236002","CAP-FERRET",44.630667,-1.252,8,1977111700,"","","","",16.,1,320,1,"","","","","","","","","","","","","","","","","","","","","","","","","","","","","","","","","","","","","","","","","","","","","","","","","","","","","","","","","","","","","","","","","","","","","","","","","","",1006.9,1,"","","","","","","","","","","","","","","","","","","","","","","","","","","","","","","","","","","","","","","","","","","","","","","","","","","","","","","","","","","","","","","","","","","","","","","","","","","","","","","","","","","","","","","","","","","","","","","","","","","","","","","","","","","","","","","","","",""
"33236002","CAP-FERRET",44.630667,-1.252,8,1977111703,"","","","",15.,1,320,1,"","","","","","","","","","","","","","","","","","","","","","","","","","","","",12.4,1,7.7,1,"","","","","","","","","","","","","","","","","","","","","","","","","","",74,1,"","","","","","","","","","","","",10.7,1,1007.9,1,"","","","","","",5,1,0,1,8,1,0,1,0,1,"","","","","","","","","","","","","","","","","","","","","","","","",15000,1,"","",0,1,"","","","","","","","","","","","",6,1,290,1,"","","","","","","","","","","","","","","","","","","","","","","","","","","","","","","","","","","","","","","","","","","","","","","","","","","",""
"33236002","CAP-FERRET",44.630667,-1.252,8,1977111706,"","","","",11.,1,320,1,"","","","","","","","","","","","","","","","","","","","","","","","","","","","",10.6,1,8.8,1,"","","","","","","","","","","","","","","","","","","","","","","","","","",90,1,"","","","","","","","","","","","",11.5,1,1008.1,1,"","","","","","",7,1,5,1,8,1,"","","","","","","","","","","","","","","","","","","","","","","","","","","","",8000,1,"","",0,1,"","","","",0,1,"","","","","","",6,1,290,1,"","","","","","","","","","","","","","","","","","","","","","","","","","","","","","","","","","","","","","","","","","","","","","","","","","","",""
"33236002","CAP-FERRET",44.630667,-1.252,8,1977111709,"","","","",11.,1,340,1,"","","","","","","","","","","","","","","","","","","","","","","","","","","","",11.4,1,7.5,1,"","","","","","","","","","","","","","","","","","","","","","","","","","",78,1,"","","","","","","","","","","","",10.5,1,1009.3,1,"","","","","","",7,1,5,1,8,1,"","","","","","","","","","","","","","","","","","","","","","","","","","","","",12000,1,"","",2,1,8,1,"","","","","","","","","","",6,1,290,1,"","","","","","","","","","","","","","","","","","","","","","","","","","","","","","","","","","","","","","","","","","","","","","","","","","","",""
"33236002","CAP-FERRET",44.630667,-1.252,8,1977111712,"","","","",12.,1,320,1,"","","","","","","","","","","","","","","","","","","","","","","","","","","","",12.5,1,6.4,1,"","","","","","","","","","","","","","","","","","","","","","","","","","",67,1,"","","","","","","","","","","","",9.7,1,1010.1,1,"","","","","","",4,1,0,1,2,1,0,1,2,1,"","","","","","","","","","","","","","","","","","","","","","","","",15000,1,"","",1,1,8,1,"","","","","","","","","","",6,1,290,1,"","","","","","","","","","","","","","","","","","","","","","","","","","","","","","","","","","","","","","","","","","","","","","","","","","","",""
"33236002","CAP-FERRET",44.630667,-1.252,8,1977111715,"","","","",11.,1,320,1,"","","","","","","","","","","","","","","","","","","","","","","","","","","","",11.6,1,6.4,1,"","","","","","","","","","","","","","","","","","","","","","","","","","",71,1,"","","","","","","","","","","","",9.7,1,1010.4,1,"","","","","","",6,1,0,1,8,1,0,1,2,1,"","","","","","","","","","","","","","","","","","","","","","","","",15000,1,"","",3,1,1,1,"","","","","","","","","","",5,1,290,1,"","","","","","","","","","","","","","","","","","","","","","","","","","","","","","","","","","","","","","","","","","","","","","","","","","","",""
"33236002","CAP-FERRET",44.630667,-1.252,8,1977111718,"","","","",11.,1,340,1,"","","","","","","","","","","","","","","","","","","","","","","","","","","","",10.4,1,5.,1,"","","","","","","","","","","","","","","","","","","","","","","","","","",70,1,"","","","","","","","","","","","",8.8,1,1011.2,1,"","","","","","",4,1,0,1,8,1,0,1,0,1,"","","","","","","","","","","","","","","","","","","","","","","","",15000,1,"","",2,1,8,1,"","","","","","","","","","",5,1,290,1,"","","","","","","","","","","","","","","","","","","","","","","","","","","","","","","","","","","","","","","","","","","","","","","","","","","",""
"33236002","CAP-FERRET",44.630667,-1.252,8,1977111721,"","","","",5.,1,360,1,"","","","","","","","","","","","","","","","","","","","","","","","","","","","",7.6,1,6.1,1,"","","","","","","","","","","","","","","","","","","","","","","","","","",91,1,"","","","","","","","","","","","",9.5,1,1012.4,1,"","","","","","",5,1,0,1,8,1,0,1,2,1,"","","","","","","","","","","","","","","","","","","","","","","","",12000,1,"","",25,1,8,1,"","","","","","","","","","",5,1,290,1,"","","","","","","","","","","","","","","","","","","","","","","","","","","","","","","","","","","","","","","","","","","","","","","","","","","",""
"33236002","CAP-FERRET",44.630667,-1.252,8,1977111800,"","","","",8.,1,340,1,"","","","","","","","","","","","","","","","","","","","","","","","","","","","","","","","","","","","","","","","","","","","","","","","","","","","","","","","","","","","","","","","","","","","","","","","","","",1013.3,1,"","","","","","","","","","","","","","","","","","","","","","","","","","","","","","","","","","","","","","","","","","","","","","","","","","","","","","","","","","","","","","","","","","","","","","","","","","","","","","","","","","","","","","","","","","","","","","","","","","","","","","","","","","","","","","","","","",""
"33236002","CAP-FERRET",44.630667,-1.252,8,1977111803,"","","","",5.,1,40,1,"","","","","","","","","","","","","","","","","","","","","","","","","","","","",6.6,1,5.5,1,"","","","","","","","","","","","","","","","","","","","","","","","","","",94,1,"","","","","","","","","","","","",9.1,1,1014.3,1,"","","","","","",3,1,0,1,8,1,0,1,0,1,"","","","","","","","","","","","","","","","","","","","","","","","",16000,1,"","",0,1,8,1,"","","","","","","","","","",5,1,290,1,"","","","","","","","","","","","","","","","","","","","","","","","","","","","","","","","","","","","","","","","","","","","","","","","","","","",""
"33236002","CAP-FERRET",44.630667,-1.252,8,1977111806,"","","","",5.,1,40,1,"","","","","","","","","","","","","","","","","","","","","","","","","","","","",7.6,1,4.8,1,"","","","","","","","","","","","","","","","","","","","","","","","","","",84,1,"","","","","","","","","","","","",8.7,1,1014.5,1,"","","","","","",3,1,0,1,8,1,0,1,0,1,"","","","","","","","","","","","","","","","","","","","","","","","",16000,1,"","",2,1,8,1,"","","","","","","","","","",5,1,290,1,"","","","","","","","","","","","","","","","","","","","","","","","","","","","","","","","","","","","","","","","","","","","","","","","","","","",""
"33236002","CAP-FERRET",44.630667,-1.252,8,1977111809,"","","","",2.,1,120,1,"","","","","","","","","","","","","","","","","","","","","","","","","","","","",7.5,1,5.8,1,"","","","","","","","","","","","","","","","","","","","","","","","","","",90,1,"","","","","","","","","","","","",9.3,1,1016.3,1,"","","","","","",5,1,5,1,8,1,0,1,0,1,"","","","","","","","","","","","","","","","","","","","","","","","",16000,1,"","",3,1,1,1,"","","","","","","","","","",4,1,290,1,"","","","","","","","","","","","","","","","","","","","","","","","","","","","","","","","","","","","","","","","","","","","","","","","","","","",""
"33236002","CAP-FERRET",44.630667,-1.252,8,1977111812,"","","","",1.,1,40,1,"","","","","","","","","","","","","","","","","","","","","","","","","","","","",7.5,1,5.8,1,"","","","","","","","","","","","","","","","","","","","","","","","","","",90,1,"","","","","","","","","","","","",9.3,1,1017.9,1,"","","","","","",6,1,6,1,8,1,0,1,0,1,"","","","","","","","","","","","","","","","","","","","","","","","",18000,1,"","",2,1,8,1,"","","","","","","","","","",4,1,290,1,"","","","","","","","","","","","","","","","","","","","","","","","","","","","","","","","","","","","","","","","","","","","","","","","","","","",""
"33236002","CAP-FERRET",44.630667,-1.252,8,1977111815,"","","","",2.,1,20,1,"","","","","","","","","","","","","","","","","","","","","","","","","","","","",8.8,1,4.2,1,"","","","","","","","","","","","","","","","","","","","","","","","","","",73,1,"","","","","","","","","","","","",8.3,1,1018.5,1,"","","","","","",3,1,0,1,2,1,0,1,0,1,"","","","","","","","","","","","","","","","","","","","","","","","",20000,1,"","",1,1,1,1,"","","","","","","","","","",3,1,290,1,"","","","","","","","","","","","","","","","","","","","","","","","","","","","","","","","","","","","","","","","","","","","","","","","","","","",""
"33236002","CAP-FERRET",44.630667,-1.252,8,1977111818,"","","","",3.,1,40,1,"","","","","","","","","","","","","","","","","","","","","","","","","","","","",5.6,1,3.5,1,"","","","","","","","","","","","","","","","","","","","","","","","","","",87,1,"","","","","","","","","","","","",7.9,1,1021.1,1,"","","","","","",2,1,0,1,2,1,0,1,0,1,"","","","","","","","","","","","","","","","","","","","","","","","",16000,1,"","",2,1,0,1,"","","","","","","","","","",3,1,290,1,"","","","","","","","","","","","","","","","","","","","","","","","","","","","","","","","","","","","","","","","","","","","","","","","","","","",""
"33236002","CAP-FERRET",44.630667,-1.252,8,1977111821,"","","","",3.,1,80,1,"","","","","","","","","","","","","","","","","","","","","","","","","","","","",4.4,1,3.3,1,"","","","","","","","","","","","","","","","","","","","","","","","","","",93,1,"","","","","","","","","","","","",7.8,1,1023.3,1,"","","","","","",2,1,0,1,2,1,0,1,0,1,"","","","","","","","","","","","","","","","","","","","","","","","",12000,1,"","",2,1,0,1,"","","","","","","","","","",3,1,290,1,"","","","","","","","","","","","","","","","","","","","","","","","","","","","","","","","","","","","","","","","","","","","","","","","","","","",""
"33236002","CAP-FERRET",44.630667,-1.252,8,1977111900,"","","","",3.,1,80,1,"","","","","","","","","","","","","","","","","","","","","","","","","","","","","","","","","","","","","","","","","","","","","","","","","","","","","","","","","","","","","","","","","","","","","","","","","","",1023.5,1,"","","","","","","","","","","","","","","","","","","","","","","","","","","","","","","","","","","","","","","","","","","","","","","","","","","","","","","","","","","","","","","","","","","","","","","","","","","","","","","","","","","","","","","","","","","","","","","","","","","","","","","","","","","","","","","","","",""
"33236002","CAP-FERRET",44.630667,-1.252,8,1977111903,"","","","",3.,1,100,1,"","","","","","","","","","","","","","","","","","","","","","","","","","","","",2.4,1,1.8,1,"","","","","","","","","","","","","","","","","","","","","","","","","","",96,1,"","","","","","","","","","","","",7.,1,1023.9,1,"","","","","","",0,1,"","",0,1,0,1,0,1,"","","","","","","","","","","","","","","","","","","","","","","","",8000,1,"","",0,1,"","","","","","","","","","","","",3,1,270,1,"","","","","","","","","","","","","","","","","","","","","","","","","","","","","","","","","","","","","","","","","","","","","","","","","","","",""
"33236002","CAP-FERRET",44.630667,-1.252,8,1977111906,"","","","",2.,1,100,1,"","","","","","","","","","","","","","","","","","","","","","","","","","","","",1.4,1,1.4,1,"","","","","","","","","","","","","","","","","","","","","","","","","","",100,1,"","","","","","","","","","","","",6.8,1,1024.3,1,"","","","","","",0,1,"","",0,1,0,1,0,1,"","","","","","","","","","","","","","","","","","","","","","","","",8000,1,"","",0,1,"","","","","","","","","","","","",3,1,270,1,"","","","","","","","","","","","","","","","","","","","","","","","","","","","","","","","","","","","","","","","","","","","","","","","","","","",""
"33236002","CAP-FERRET",44.630667,-1.252,8,1977111909,"","","","",3.,1,120,1,"","","","","","","","","","","","","","","","","","","","","","","","","","","","",3.,1,2.,1,"","","","","","","","","","","","","","","","","","","","","","","","","","",93,1,"","","","","","","","","","","","",7.1,1,1025.4,1,"","","","","","",1,1,0,1,0,1,0,1,2,1,"","","","","","","","","","","","","","","","","","","","","","","","",6000,1,"","",2,1,0,1,"","","","","","","","","","",2,1,270,1,"","","","","","","","","","","","","","","","","","","","","","","","","","","","","","","","","","","","","","","","","","","","","","","","","","","",""
"33236002","CAP-FERRET",44.630667,-1.252,8,1977111912,"","","","",3.,1,120,1,"","","","","","","","","","","","","","","","","","","","","","","","","","","","",7.5,1,1.8,1,"","","","","","","","","","","","","","","","","","","","","","","","","","",68,1,"","","","","","","","","","","","",7.,1,1025.2,1,"","","","","","",0,1,"","",0,1,0,1,0,1,"","","","","","","","","","","","","","","","","","","","","","","","",10000,1,"","",2,1,0,1,"","","","","","","","","","",2,1,270,1,"","","","","","","","","","","","","","","","","","","","","","","","","","","","","","","","","","","","","","","","","","","","","","","","","","","",""
"33236002","CAP-FERRET",44.630667,-1.252,8,1977111915,"","","","",2.,1,120,1,"","","","","","","","","","","","","","","","","","","","","","","","","","","","",7.5,1,1.8,1,"","","","","","","","","","","","","","","","","","","","","","","","","","",68,1,"","","","","","","","","","","","",7.,1,1023.8,1,"","","","","","",0,1,"","",0,1,0,1,0,1,"","","","","","","","","","","","","","","","","","","","","","","","",15000,1,"","",2,1,0,1,"","","","","","","","","","",2,1,270,1,"","","","","","","","","","","","","","","","","","","","","","","","","","","","","","","","","","","","","","","","","","","","","","","","","","","",""
"33236002","CAP-FERRET",44.630667,-1.252,8,1977111918,"","","","",4.,1,120,1,"","","","","","","","","","","","","","","","","","","","","","","","","","","","",4.6,1,0.4,1,"","","","","","","","","","","","","","","","","","","","","","","","","","",75,1,"","","","","","","","","","","","",6.3,1,1023.3,1,"","","","","","",0,1,"","",0,1,0,1,0,1,"","","","","","","","","","","","","","","","","","","","","","","","",18000,1,"","",2,1,0,1,"","","","","","","","","","",2,1,270,1,"","","","","","","","","","","","","","","","","","","","","","","","","","","","","","","","","","","","","","","","","","","","","","","","","","","",""
"33236002","CAP-FERRET",44.630667,-1.252,8,1977111921,"","","","",3.,1,120,1,"","","","","","","","","","","","","","","","","","","","","","","","","","","","",1.5,1,0.6,1,"","","","","","","","","","","","","","","","","","","","","","","","","","",94,1,"","","","","","","","","","","","",6.4,1,1022.3,1,"","","","","","",0,1,"","",0,1,0,1,0,1,"","","","","","","","","","","","","","","","","","","","","","","","",18000,1,"","",2,1,0,1,"","","","","","","","","","",2,1,270,1,"","","","","","","","","","","","","","","","","","","","","","","","","","","","","","","","","","","","","","","","","","","","","","","","","","","",""
"33236002","CAP-FERRET",44.630667,-1.252,8,1977112000,"","","","",4.,1,120,1,"","","","","","","","","","","","","","","","","","","","","","","","","","","","","","","","","","","","","","","","","","","","","","","","","","","","","","","","","","","","","","","","","","","","","","","","","","",1017.1,1,"","","","","","","","","","","","","","","","","","","","","","","","","","","","","","","","","","","","","","","","","","","","","","","","","","","","","","","","","","","","","","","","","","","","","","","","","","","","","","","","","","","","","","","","","","","","","","","","","","","","","","","","","","","","","","","","","",""
"33236002","CAP-FERRET",44.630667,-1.252,8,1977112003,"","","","",8.,1,120,1,"","","","","","","","","","","","","","","","","","","","","","","","","","","","",0.,1,0.,1,"","","","","","","","","","","","","","","","","","","","","","","","","","",100,1,"","","","","","","","","","","","",6.1,1,1015.1,1,"","","","","","",4,1,0,1,6,1,0,1,0,1,"","","","","","","","","","","","","","","","","","","","","","","","",4000,1,"","",10,1,"","","","","","","","","","","","",2,1,"","","","","","","","","","","","","","","","","","","","","","","","","","","","","","","","","","","","","","","","","","","","","","","","","","","","","",""
"33236002","CAP-FERRET",44.630667,-1.252,8,1977112006,"","","","",7.,1,120,1,"","","","","","","","","","","","","","","","","","","","","","","","","","","","",-0.6,1,-0.6,1,"","","","","","","","","","","","","","","","","","","","","","","","","","",100,1,"","","","","","","","","","","","",5.8,1,1011.7,1,"","","","","","",6,1,6,1,6,1,0,1,0,1,"","","","","","","","","","","","","","","","","","","","","","","","",3000,1,"","",10,1,"","","","","","","","","","","","",2,1,"","","","","","","","","","","","","","","","","","","","","","","","","","","","","","","","","","","","","","","","","","","","","","","","","","","","","",""
"33236002","CAP-FERRET",44.630667,-1.252,8,1977112009,"","","","",6.,1,160,1,"","","","","","","","","","","","","","","","","","","","","","","","","","","","",1.2,1,-1.6,1,"","","","","","","","","","","","","","","","","","","","","","","","","","",81,1,"","","","","","","","","","","","",5.4,1,1009.5,1,"","","","","","",7,1,7,1,0,1,0,1,4,1,"","","","","","","","","","","","","","","","","","","","","","","","",10000,1,"","",1,1,1,1,"","","","","","","","","","",2,1,"","","","","","","","","","","","","","","","","","","","","","","","","","","","","","","","","","","","","","","","","","","","","","","","","","","","","",""
"33236002","CAP-FERRET",44.630667,-1.252,8,1977112012,"","","","",6.,1,180,1,"","","","","","","","","","","","","","","","","","","","","","","","","","","","",7.4,1,1.4,1,"","","","","","","","","","","","","","","","","","","","","","","","","","",66,1,"","","","","","","","","","","","",6.8,1,1006.1,1,"","","","","","",4,1,0,1,0,1,0,1,4,1,"","","","","","","","","","","","","","","","","","","","","","","","",20000,1,"","",2,1,1,1,"","","","","","","","","","",2,1,"","","","","","","","","","","","","","","","","","","","","","","","","","","","","","","","","","","","","","","","","","","","","","","","","","","","","",""
"33236002","CAP-FERRET",44.630667,-1.252,8,1977112015,"","","","",15.,1,240,1,"","","","","","","","","","","","","","","","","","","","","","","","","","","","",12.2,1,5.8,1,"","","","","","","","","","","","","","","","","","","","","","","","","","",65,1,"","","","","","","","","","","","",9.3,1,1001.3,1,"","","","","","",4,1,0,1,2,1,0,1,2,1,"","","","","","","","","","","","","","","","","","","","","","","","",20000,1,"","",1,1,1,1,"","","","","","","","","","",3,1,"","","","","","","","","","","","","","","","","","","","","","","","","","","","","","","","","","","","","","","","","","","","","","","","","","","","","",""
"33236002","CAP-FERRET",44.630667,-1.252,8,1977112018,"","","","",15.,1,240,1,"","","","","","","","","","","","","","","","","","","","","","","","","","","","",11.6,1,7.7,1,"","","","","","","","","","","","","","","","","","","","","","","","","","",78,1,"","","","","","","","","","","","",10.7,1,998.3,1,"","","","","","",8,1,6,1,5,1,7,1,"","","","","","","","","","","","","","","","","","","","","","","","","","",18000,1,"","",3,1,1,1,"","","","","","","","","","",3,1,"","","","","","","","","","","","","","","","","","","","","","","","","","","","","","","","","","","","","","","","","","","","","","","","","","","","","",""
"33236002","CAP-FERRET",44.630667,-1.252,8,1977112021,"","","","",13.,1,280,1,"","","","","","","","","","","","","","","","","","","","","","","","","","","","",11.2,1,8.5,1,"","","","","","","","","","","","","","","","","","","","","","","","","","",85,1,"","","","","","","","","","","","",11.3,1,995.9,1,"","","","","","",8,1,5,1,8,1,7,1,"","","","","","","","","","","","","","","","","","","","","","","","","","",9000,1,"","",61,1,6,1,"","","","","","","","","","",4,1,"","","","","","","","","","","","","","","","","","","","","","","","","","","","","","","","","","","","","","","","","","","","","","","","","","","","","",""
"33236002","CAP-FERRET",44.630667,-1.252,8,1977112100,"","","","",20.,1,300,1,"","","","","","","","","","","","","","","","","","","","","","","","","","","","","","","","","","","","","","","","","","","","","","","","","","","","","","","","","","","","","","","","","","","","","","","","","","",992.2,1,"","","","","","","","","","","","","","","","","","","","","","","","","","","","","","","","","","","","","","","","","","","","","","","","","","","","","","","","","","","","","","","","","","","","","","","","","","","","","","","","","","","","","","","","","","","","","","","","","","","","","","","","","","","","","","","","","",""
"33236002","CAP-FERRET",44.630667,-1.252,8,1977112103,"","","","",18.,1,300,1,"","","","","","","","","","","","","","","","","","","","","","","","","","","","",9.5,1,3.7,1,"","","","","","","","","","","","","","","","","","","","","","","","","","",68,1,"","","","","","","","","","","","",8.,1,994.2,1,"","","","","","",8,1,8,1,8,1,"","","","","","","","","","","","","","","","","","","","","","","","","","","","",8000,1,"","",0,1,"","","","","","","","","","","","",5,1,270,1,"","","","","","","","","","","","","","","","","","","","","","","","","","","","","","","","","","","","","","","","","","","","","","","","","","","",""
"33236002","CAP-FERRET",44.630667,-1.252,8,1977112106,"","","","",15.,1,300,1,"","","","","","","","","","","","","","","","","","","","","","","","","","","","",9.4,1,0.6,1,"","","","","","","","","","","","","","","","","","","","","","","","","","","","","","","","","","","","","","","","",6.4,1,995.3,1,"","","","","","",8,1,8,1,8,1,"","","","","","","","","","","","","","","","","","","","","","","","","","","","",8000,1,"","",0,1,"","","","","","","","","","","","",5,1,270,1,"","","","","","","","","","","","","","","","","","","","","","","","","","","","","","","","","","","","","","","","","","","","","","","","","","","",""
"33236002","CAP-FERRET",44.630667,-1.252,8,1977112109,"","","","",16.,1,300,1,"","","","","","","","","","","","","","","","","","","","","","","","","","","","",8.4,1,5.,1,"","","","","","","","","","","","","","","","","","","","","","","","","","",81,1,"","","","","","","","","","","","",8.8,1,996.3,1,"","","","","","",7,1,5,1,8,1,0,1,2,1,"","","","","","","","","","","","","","","","","","","","","","","","",12000,1,"","",2,1,8,1,"","","","","","","","","","",5,1,270,1,"","","","","","","","","","","","","","","","","","","","","","","","","","","","","","","","","","","","","","","","","","","","","","","","","","","",""
"33236002","CAP-FERRET",44.630667,-1.252,8,1977112112,"","","","",18.,1,300,1,"","","","","","","","","","","","","","","","","","","","","","","","","","","","",10.5,1,1.6,1,"","","","","","","","","","","","","","","","","","","","","","","","","","",55,1,"","","","","","","","","","","","",6.9,1,996.3,1,"","","","","","",3,1,0,1,2,1,0,1,0,1,"","","","","","","","","","","","","","","","","","","","","","","","",18000,1,"","",1,1,8,1,"","","","","","","","","","",6,1,270,1,"","","","","","","","","","","","","","","","","","","","","","","","","","","","","","","","","","","","","","","","","","","","","","","","","","","",""
"33236002","CAP-FERRET",44.630667,-1.252,8,1977112115,"","","","",14.,1,320,1,"","","","","","","","","","","","","","","","","","","","","","","","","","","","",9.,1,4.8,1,"","","","","","","","","","","","","","","","","","","","","","","","","","",76,1,"","","","","","","","","","","","",8.7,1,997.3,1,"","","","","","",5,1,5,1,2,1,0,1,0,1,"","","","","","","","","","","","","","","","","","","","","","","","",15000,1,"","",15,1,1,1,"","","","","","","","","","",5,1,270,1,"","","","","","","","","","","","","","","","","","","","","","","","","","","","","","","","","","","","","","","","","","","","","","","","","","","",""
"33236002","CAP-FERRET",44.630667,-1.252,8,1977112118,"","","","",3.,1,60,1,"","","","","","","","","","","","","","","","","","","","","","","","","","","","",7.,1,5.5,1,"","","","","","","","","","","","","","","","","","","","","","","","","","",91,1,"","","","","","","","","","","","",9.1,1,1000.8,1,"","","","","","",7,1,5,1,9,1,6,1,3,1,"","","","","","","","","","","","","","","","","","","","","","","","",12000,1,"","",17,1,9,1,"","","","","","","","","","",5,1,270,1,"","","","","","","","","","","","","","","","","","","","","","","","","","","","","","","","","","","","","","","","","","","","","","","","","","","",""
"33236002","CAP-FERRET",44.630667,-1.252,8,1977112121,"","","","",3.,1,60,1,"","","","","","","","","","","","","","","","","","","","","","","","","","","","",5.8,1,3.8,1,"","","","","","","","","","","","","","","","","","","","","","","","","","",88,1,"","","","","","","","","","","","",8.1,1,1005.2,1,"","","","","","",6,1,0,1,9,1,6,1,3,1,"","","","","","","","","","","","","","","","","","","","","","","","",12000,1,"","",1,1,9,1,"","","","","","","","","","",4,1,270,1,"","","","","","","","","","","","","","","","","","","","","","","","","","","","","","","","","","","","","","","","","","","","","","","","","","","",""
"33236002","CAP-FERRET",44.630667,-1.252,8,1977112200,"","","","",3.,1,40,1,"","","","","","","","","","","","","","","","","","","","","","","","","","","","","","","","","","","","","","","","","","","","","","","","","","","","","","","","","","","","","","","","","","","","","","","","","","",1007.9,1,"","","","","","","","","","","","","","","","","","","","","","","","","","","","","","","","","","","","","","","","","","","","","","","","","","","","","","","","","","","","","","","","","","","","","","","","","","","","","","","","","","","","","","","","","","","","","","","","","","","","","","","","","","","","","","","","","",""
"33236002","CAP-FERRET",44.630667,-1.252,8,1977112203,"","","","",4.,1,320,1,"","","","","","","","","","","","","","","","","","","","","","","","","","","","",5.,1,4.3,1,"","","","","","","","","","","","","","","","","","","","","","","","","","",97,1,"","","","","","","","","","","","",8.4,1,1009.9,1,"","","","","","",7,1,7,1,9,1,"","","","","","","","","","","","","","","","","","","","","","","","","","","","",12000,1,"","",97,1,"","","","","","","","","","","","",4,1,270,1,"","","","","","","","","","","","","","","","","","","","","","","","","","","","","","","","","","","","","","","","","","","","","","","","","","","",""
"33236002","CAP-FERRET",44.630667,-1.252,8,1977112206,"","","","",6.,1,200,1,"","","","","","","","","","","","","","","","","","","","","","","","","","","","",4.6,1,4.6,1,"","","","","","","","","","","","","","","","","","","","","","","","","","",100,1,"","","","","","","","","","","","",8.5,1,1009.9,1,"","","","","","",4,1,0,1,8,1,0,1,0,1,"","","","","","","","","","","","","","","","","","","","","","","","",14000,1,"","",1,1,9,1,"","","","","","","","","","",4,1,270,1,"","","","","","","","","","","","","","","","","","","","","","","","","","","","","","","","","","","","","","","","","","","","","","","","","","","",""
"33236002","CAP-FERRET",44.630667,-1.252,8,1977112209,"","","","",4.,1,60,1,"","","","","","","","","","","","","","","","","","","","","","","","","","","","",5.5,1,5.5,1,"","","","","","","","","","","","","","","","","","","","","","","","","","",100,1,"","","","","","","","","","","","",9.,1,1012.1,1,"","","","","","",7,1,7,1,9,1,"","","","","","","","","","","","","","","","","","","","","","","","","","","","",12000,1,"","",15,1,8,1,"","","","","","","","","","",4,1,270,1,"","","","","","","","","","","","","","","","","","","","","","","","","","","","","","","","","","","","","","","","","","","","","","","","","","","",""
"33236002","CAP-FERRET",44.630667,-1.252,8,1977112212,"","","","",3.,1,20,1,"","","","","","","","","","","","","","","","","","","","","","","","","","","","",5.5,1,5.5,1,"","","","","","","","","","","","","","","","","","","","","","","","","","",100,1,"","","","","","","","","","","","",9.,1,1014.1,1,"","","","","","",7,1,7,1,9,1,"","","","","","","","","","","","","","","","","","","","","","","","","","","","",9000,1,"","",81,1,8,1,"","","","","","","","","","",4,1,270,1,"","","","","","","","","","","","","","","","","","","","","","","","","","","","","","","","","","","","","","","","","","","","","","","","","","","",""
"33236002","CAP-FERRET",44.630667,-1.252,8,1977112215,"","","","",2.,1,340,1,"","","","","","","","","","","","","","","","","","","","","","","","","","","","",9.,1,6.2,1,"","","","","","","","","","","","","","","","","","","","","","","","","","",84,1,"","","","","","","","","","","","",9.6,1,1014.3,1,"","","","","","",3,1,0,1,8,1,0,1,0,1,"","","","","","","","","","","","","","","","","","","","","","","","",18000,1,"","",1,1,8,1,"","","","","","","","","","",4,1,270,1,"","","","","","","","","","","","","","","","","","","","","","","","","","","","","","","","","","","","","","","","","","","","","","","","","","","",""
"33236002","CAP-FERRET",44.630667,-1.252,8,1977112218,"","","","",2.,1,40,1,"","","","","","","","","","","","","","","","","","","","","","","","","","","","",6.,1,5.,1,"","","","","","","","","","","","","","","","","","","","","","","","","","",94,1,"","","","","","","","","","","","",8.8,1,1017.3,1,"","","","","","",1,1,0,1,2,1,0,1,0,1,"","","","","","","","","","","","","","","","","","","","","","","","",12000,1,"","",1,1,8,1,"","","","","","","","","","",3,1,270,1,"","","","","","","","","","","","","","","","","","","","","","","","","","","","","","","","","","","","","","","","","","","","","","","","","","","",""
"33236002","CAP-FERRET",44.630667,-1.252,8,1977112221,"","","","",3.,1,260,1,"","","","","","","","","","","","","","","","","","","","","","","","","","","","",5.2,1,4.2,1,"","","","","","","","","","","","","","","","","","","","","","","","","","",94,1,"","","","","","","","","","","","",8.3,1,1019.3,1,"","","","","","",2,1,0,1,2,1,0,1,0,1,"","","","","","","","","","","","","","","","","","","","","","","","",12000,1,"","",2,1,0,1,"","","","","","","","","","",3,1,270,1,"","","","","","","","","","","","","","","","","","","","","","","","","","","","","","","","","","","","","","","","","","","","","","","","","","","",""
"33236002","CAP-FERRET",44.630667,-1.252,8,1977112300,"","","","",0.,1,0,1,"","","","","","","","","","","","","","","","","","","","","","","","","","","","","","","","","","","","","","","","","","","","","","","","","","","","","","","","","","","","","","","","","","","","","","","","","","",1021.6,1,"","","","","","","","","","","","","","","","","","","","","","","","","","","","","","","","","","","","","","","","","","","","","","","","","","","","","","","","","","","","","","","","","","","","","","","","","","","","","","","","","","","","","","","","","","","","","","","","","","","","","","","","","","","","","","","","","",""
"33236002","CAP-FERRET",44.630667,-1.252,8,1977112303,"","","","",3.,1,60,1,"","","","","","","","","","","","","","","","","","","","","","","","","","","","",5.6,1,4.,1,"","","","","","","","","","","","","","","","","","","","","","","","","","",91,1,"","","","","","","","","","","","",8.2,1,1022.8,1,"","","","","","",8,1,8,1,5,1,"","","","","","","","","","","","","","","","","","","","","","","","","","","","",8000,1,"","",0,1,"","","","","","","","","","","","",3,1,270,1,"","","","","","","","","","","","","","","","","","","","","","","","","","","","","","","","","","","","","","","","","","","","","","","","","","","",""
"33236002","CAP-FERRET",44.630667,-1.252,8,1977112306,"","","","",2.,1,60,1,"","","","","","","","","","","","","","","","","","","","","","","","","","","","",4.,1,3.3,1,"","","","","","","","","","","","","","","","","","","","","","","","","","",97,1,"","","","","","","","","","","","",7.8,1,1024.,1,"","","","","","",6,1,6,1,5,1,0,1,0,1,"","","","","","","","","","","","","","","","","","","","","","","","",8000,1,"","",0,1,"","","","","","","","","","","","",3,1,270,1,"","","","","","","","","","","","","","","","","","","","","","","","","","","","","","","","","","","","","","","","","","","","","","","","","","","",""
"33236002","CAP-FERRET",44.630667,-1.252,8,1977112309,"","","","",0.,1,0,1,"","","","","","","","","","","","","","","","","","","","","","","","","","","","",5.6,1,4.,1,"","","","","","","","","","","","","","","","","","","","","","","","","","",91,1,"","","","","","","","","","","","",8.2,1,1025.8,1,"","","","","","",7,1,7,1,5,1,"","","","","","","","","","","","","","","","","","","","","","","","","","","","",10000,1,"","",2,1,2,1,"","","","","","","","","","",3,1,270,1,"","","","","","","","","","","","","","","","","","","","","","","","","","","","","","","","","","","","","","","","","","","","","","","","","","","",""
"33236002","CAP-FERRET",44.630667,-1.252,8,1977112312,"","","","",0.,1,0,1,"","","","","","","","","","","","","","","","","","","","","","","","","","","","",9.,1,7.1,1,"","","","","","","","","","","","","","","","","","","","","","","","","","",89,1,"","","","","","","","","","","","",10.2,1,1026.5,1,"","","","","","",8,1,8,1,5,1,"","","","","","","","","","","","","","","","","","","","","","","","","","","","",10000,1,"","",21,1,6,1,"","","","","","","","","","",3,1,270,1,"","","","","","","","","","","","","","","","","","","","","","","","","","","","","","","","","","","","","","","","","","","","","","","","","","","",""
"33236002","CAP-FERRET",44.630667,-1.252,8,1977112315,"","","","",0.,1,0,1,"","","","","","","","","","","","","","","","","","","","","","","","","","","","",9.,1,8.,1,"","","","","","","","","","","","","","","","","","","","","","","","","","",95,1,"","","","","","","","","","","","",10.9,1,1026.5,1,"","","","","","",8,1,8,1,5,1,"","","","","","","","","","","","","","","","","","","","","","","","","","","","",10000,1,"","",60,1,6,1,"","","","","","","","","","",3,1,270,1,"","","","","","","","","","","","","","","","","","","","","","","","","","","","","","","","","","","","","","","","","","","","","","","","","","","",""
"33236002","CAP-FERRET",44.630667,-1.252,8,1977112318,"","","","",4.,1,200,1,"","","","","","","","","","","","","","","","","","","","","","","","","","","","",8.6,1,8.6,1,"","","","","","","","","","","","","","","","","","","","","","","","","","",100,1,"","","","","","","","","","","","",11.2,1,1026.3,1,"","","","","","",8,1,5,1,5,1,7,1,"","","","","","","","","","","","","","","","","","","","","","","","","","",12000,1,"","",60,1,6,1,"","","","","","","","","","",3,1,270,1,"","","","","","","","","","","","","","","","","","","","","","","","","","","","","","","","","","","","","","","","","","","","","","","","","","","",""
"33236002","CAP-FERRET",44.630667,-1.252,8,1977112321,"","","","",4.,1,300,1,"","","","","","","","","","","","","","","","","","","","","","","","","","","","",9.5,1,8.7,1,"","","","","","","","","","","","","","","","","","","","","","","","","","",96,1,"","","","","","","","","","","","",11.4,1,1026.3,1,"","","","","","",7,1,7,1,8,1,"","","","","","","","","","","","","","","","","","","","","","","","","","","","",12000,1,"","",0,1,6,1,"","","","","","","","","","",3,1,270,1,"","","","","","","","","","","","","","","","","","","","","","","","","","","","","","","","","","","","","","","","","","","","","","","","","","","",""
"33236002","CAP-FERRET",44.630667,-1.252,8,1977112400,"","","","","","",300,1,"","","","","","","","","","","","","","","","","","","","","","","","","","","","","","","","","","","","","","","","","","","","","","","","","","","","","","","","","","","","","","","","","","","","","","","","","","","","","","","","","","","","","","","","","","","","","","","","","","","","","","","","","","","","","","","","","","","","","","","","","","","","","","","","","","","","","","","","","","","","","","","","","","","","","","","","","","","","","","","","","","","","","","","","","","","","","","","","","","","","","","","","","","","","","",""
"33236002","CAP-FERRET",44.630667,-1.252,8,1977112403,"","","","",10.,1,300,1,"","","","","","","","","","","","","","","","","","","","","","","","","","","","","","","","","","","","","","","","","","","","","","","","","","","","","","","","","","","","","","","","","","","","","","","","","","",1022.5,1,"","","","","","","","","","","","","","","","","","","","","","","","","","","","","","","","","","","","","","","","","","","","","","","","","","","","","","","","","","","","","","","","","","","","","","","","","","","","","","","","","","","","","","","","","","","","","","","","","","","","","","","","","","","","","","","","","",""
"33236002","CAP-FERRET",44.630667,-1.252,8,1977112406,"","","","",12.,1,300,1,"","","","","","","","","","","","","","","","","","","","","","","","","","","","","","",7.9,1,"","","","","","","","","","","","","","","","","","","","","","","","","","",82,1,"","","","","","","","","","","","",10.8,1,1022.5,1,"","","","","","",7,1,7,1,8,1,"","","","","","","","","","","","","","","","","","","","","","","","","","","","",12000,1,"","",0,1,"","","","","","","","","","","","",3,1,270,1,"","","","","","","","","","","","","","","","","","","","","","","","","","","","","","","","","","","","","","","","","","","","","","","","","","","",""
"33236002","CAP-FERRET",44.630667,-1.252,8,1977112409,"","","","",10.,1,300,1,"","","","","","","","","","","","","","","","","","","","","","","","","","","","",11.5,1,6.9,1,"","","","","","","","","","","","","","","","","","","","","","","","","","",75,1,"","","","","","","","","","","","",10.1,1,1023.1,1,"","","","","","",7,1,0,1,8,1,6,1,3,1,"","","","","","","","","","","","","","","","","","","","","","","","",15000,1,"","",2,1,2,1,"","","","","","","","","","",4,1,270,1,"","","","","","","","","","","","","","","","","","","","","","","","","","","","","","","","","","","","","","","","","","","","","","","","","","","",""
"33236002","CAP-FERRET",44.630667,-1.252,8,1977112412,"","","","",10.,1,300,1,"","","","","","","","","","","","","","","","","","","","","","","","","","","","",12.,1,8.1,1,"","","","","","","","","","","","","","","","","","","","","","","","","","",79,1,"","","","","","","","","","","","",11.,1,1022.1,1,"","","","","","",4,1,0,1,8,1,6,1,0,1,"","","","","","","","","","","","","","","","","","","","","","","","",15000,1,"","",1,1,8,1,"","","","","","","","","","",4,1,270,1,"","","","","","","","","","","","","","","","","","","","","","","","","","","","","","","","","","","","","","","","","","","","","","","","","","","",""
"33236002","CAP-FERRET",44.630667,-1.252,8,1977112415,"","","","",10.,1,300,1,"","","","","","","","","","","","","","","","","","","","","","","","","","","","",12.5,1,10.1,1,"","","","","","","","","","","","","","","","","","","","","","","","","","",87,1,"","","","","","","","","","","","",12.6,1,1020.5,1,"","","","","","",7,1,7,1,8,1,"","","","","","","","","","","","","","","","","","","","","","","","","","","","",12000,1,"","",15,1,8,1,"","","","","","","","","","",4,1,270,1,"","","","","","","","","","","","","","","","","","","","","","","","","","","","","","","","","","","","","","","","","","","","","","","","","","","",""
"33236002","CAP-FERRET",44.630667,-1.252,8,1977112418,"","","","",12.,1,200,1,"","","","","","","","","","","","","","","","","","","","","","","","","","","","",12.,1,9.4,1,"","","","","","","","","","","","","","","","","","","","","","","","","","",83,1,"","","","","","","","","","","","",12.,1,1020.5,1,"","","","","","",8,1,5,1,8,1,7,1,"","","","","","","","","","","","","","","","","","","","","","","","","","",16000,1,"","",15,1,8,1,"","","","","","","","","","",4,1,270,1,"","","","","","","","","","","","","","","","","","","","","","","","","","","","","","","","","","","","","","","","","","","","","","","","","","","",""
"33236002","CAP-FERRET",44.630667,-1.252,8,1977112421,"","","","",15.,1,300,1,"","","","","","","","","","","","","","","","","","","","","","","","","","","","",11.6,1,9.8,1,"","","","","","","","","","","","","","","","","","","","","","","","","","",90,1,"","","","","","","","","","","","",12.3,1,1019.7,1,"","","","","","",8,1,6,1,8,1,7,1,"","","","","","","","","","","","","","","","","","","","","","","","","","",16000,1,"","",2,1,8,1,"","","","","","","","","","",4,1,270,1,"","","","","","","","","","","","","","","","","","","","","","","","","","","","","","","","","","","","","","","","","","","","","","","","","","","",""
"33236002","CAP-FERRET",44.630667,-1.252,8,1977112500,"","","","",8.,1,360,1,"","","","","","","","","","","","","","","","","","","","","","","","","","","","","","","","","","","","","","","","","","","","","","","","","","","","","","","","","","","","","","","","","","","","","","","","","","",1020.5,1,"","","","","","","","","","","","","","","","","","","","","","","","","","","","","","","","","","","","","","","","","","","","","","","","","","","","","","","","","","","","","","","","","","","","","","","","","","","","","","","","","","","","","","","","","","","","","","","","","","","","","","","","","","","","","","","","","",""
"33236002","CAP-FERRET",44.630667,-1.252,8,1977112503,"","","","",6.,1,40,1,"","","","","","","","","","","","","","","","","","","","","","","","","","","","",7.6,1,3.3,1,"","","","","","","","","","","","","","","","","","","","","","","","","","",75,1,"","","","","","","","","","","","",7.8,1,1021.5,1,"","","","","","",7,1,7,1,5,1,"","","","","","","","","","","","","","","","","","","","","","","","","","","","",12000,1,"","",0,1,"","","","","","","","","","","","",4,1,270,1,"","","","","","","","","","","","","","","","","","","","","","","","","","","","","","","","","","","","","","","","","","","","","","","","","","","",""
"33236002","CAP-FERRET",44.630667,-1.252,8,1977112506,"","","","",6.,1,60,1,"","","","","","","","","","","","","","","","","","","","","","","","","","","","",6.,1,1.4,1,"","","","","","","","","","","","","","","","","","","","","","","","","","",73,1,"","","","","","","","","","","","",6.8,1,1022.9,1,"","","","","","",1,1,0,1,2,1,0,1,0,1,"","","","","","","","","","","","","","","","","","","","","","","","",12000,1,"","",1,1,"","","","","","","","","","","","",3,1,270,1,"","","","","","","","","","","","","","","","","","","","","","","","","","","","","","","","","","","","","","","","","","","","","","","","","","","",""
"33236002","CAP-FERRET",44.630667,-1.252,8,1977112509,"","","","",2.,1,80,1,"","","","","","","","","","","","","","","","","","","","","","","","","","","","",6.4,1,3.,1,"","","","","","","","","","","","","","","","","","","","","","","","","","",79,1,"","","","","","","","","","","","",7.6,1,1025.,1,"","","","","","",0,1,"","",0,1,0,1,0,1,"","","","","","","","","","","","","","","","","","","","","","","","",15000,1,"","",2,1,0,1,"","","","","","","","","","",3,1,270,1,"","","","","","","","","","","","","","","","","","","","","","","","","","","","","","","","","","","","","","","","","","","","","","","","","","","",""
"33236002","CAP-FERRET",44.630667,-1.252,8,1977112512,"","","","",0.,1,0,1,"","","","","","","","","","","","","","","","","","","","","","","","","","","","",9.6,1,2.6,1,"","","","","","","","","","","","","","","","","","","","","","","","","","",62,1,"","","","","","","","","","","","",7.4,1,1024.4,1,"","","","","","",2,1,0,1,2,1,0,1,0,1,"","","","","","","","","","","","","","","","","","","","","","","","",15000,1,"","",2,1,0,1,"","","","","","","","","","",3,1,270,1,"","","","","","","","","","","","","","","","","","","","","","","","","","","","","","","","","","","","","","","","","","","","","","","","","","","",""
"33236002","CAP-FERRET",44.630667,-1.252,8,1977112515,"","","","",0.,1,0,1,"","","","","","","","","","","","","","","","","","","","","","","","","","","","",9.,1,4.3,1,"","","","","","","","","","","","","","","","","","","","","","","","","","",73,1,"","","","","","","","","","","","",8.4,1,1023.5,1,"","","","","","",6,1,6,1,8,1,0,1,0,1,"","","","","","","","","","","","","","","","","","","","","","","","",15000,1,"","",3,1,1,1,"","","","","","","","","","",3,1,270,1,"","","","","","","","","","","","","","","","","","","","","","","","","","","","","","","","","","","","","","","","","","","","","","","","","","","",""
"33236002","CAP-FERRET",44.630667,-1.252,8,1977112518,"","","","",0.,1,0,1,"","","","","","","","","","","","","","","","","","","","","","","","","","","","",6.,1,3.5,1,"","","","","","","","","","","","","","","","","","","","","","","","","","",85,1,"","","","","","","","","","","","",7.9,1,1023.7,1,"","","","","","",6,1,6,1,8,1,0,1,0,1,"","","","","","","","","","","","","","","","","","","","","","","","",15000,1,"","",2,1,1,1,"","","","","","","","","","",3,1,270,1,"","","","","","","","","","","","","","","","","","","","","","","","","","","","","","","","","","","","","","","","","","","","","","","","","","","",""
"33236002","CAP-FERRET",44.630667,-1.252,8,1977112521,"","","","",0.,1,0,1,"","","","","","","","","","","","","","","","","","","","","","","","","","","","",5.6,1,4.5,1,"","","","","","","","","","","","","","","","","","","","","","","","","","",94,1,"","","","","","","","","","","","",8.5,1,1023.9,1,"","","","","","",7,1,7,1,8,1,"","","","","","","","","","","","","","","","","","","","","","","","","","","","",12000,1,"","",25,1,8,1,"","","","","","","","","","",3,1,270,1,"","","","","","","","","","","","","","","","","","","","","","","","","","","","","","","","","","","","","","","","","","","","","","","","","","","",""
"33236002","CAP-FERRET",44.630667,-1.252,8,1977112600,"","","","",0.,1,0,1,"","","","","","","","","","","","","","","","","","","","","","","","","","","","","","","","","","","","","","","","","","","","","","","","","","","","","","","","","","","","","","","","","","","","","","","","","","",1020.9,1,"","","","","","","","","","","","","","","","","","","","","","","","","","","","","","","","","","","","","","","","","","","","","","","","","","","","","","","","","","","","","","","","","","","","","","","","","","","","","","","","","","","","","","","","","","","","","","","","","","","","","","","","","","","","","","","","","",""
"33236002","CAP-FERRET",44.630667,-1.252,8,1977112603,"","","","",0.,1,0,1,"","","","","","","","","","","","","","","","","","","","","","","","","","","","",3.8,1,3.8,1,"","","","","","","","","","","","","","","","","","","","","","","","","","",100,1,"","","","","","","","","","","","",8.,1,1020.4,1,"","","","","","",5,1,5,1,8,1,0,1,0,1,"","","","","","","","","","","","","","","","","","","","","","","","",10000,1,"","",0,1,"","","","","","","","","","","","",3,1,270,1,"","","","","","","","","","","","","","","","","","","","","","","","","","","","","","","","","","","","","","","","","","","","","","","","","","","",""
"33236002","CAP-FERRET",44.630667,-1.252,8,1977112606,"","","","",1.,1,40,1,"","","","","","","","","","","","","","","","","","","","","","","","","","","","",5.,1,4.3,1,"","","","","","","","","","","","","","","","","","","","","","","","","","",97,1,"","","","","","","","","","","","",8.4,1,1020.4,1,"","","","","","",2,1,0,1,8,1,0,1,0,1,"","","","","","","","","","","","","","","","","","","","","","","","",10000,1,"","",1,1,1,1,"","","","","","","","","","",3,1,270,1,"","","","","","","","","","","","","","","","","","","","","","","","","","","","","","","","","","","","","","","","","","","","","","","","","","","",""
"33236002","CAP-FERRET",44.630667,-1.252,8,1977112609,"","","","",2.,1,60,1,"","","","","","","","","","","","","","","","","","","","","","","","","","","","",5.6,1,3.7,1,"","","","","","","","","","","","","","","","","","","","","","","","","","",87,1,"","","","","","","","","","","","",8.,1,1021.9,1,"","","","","","",2,1,0,1,8,1,0,1,0,1,"","","","","","","","","","","","","","","","","","","","","","","","",16000,1,"","",2,1,0,1,"","","","","","","","","","",3,1,270,1,"","","","","","","","","","","","","","","","","","","","","","","","","","","","","","","","","","","","","","","","","","","","","","","","","","","",""
"33236002","CAP-FERRET",44.630667,-1.252,8,1977112612,"","","","",2.,1,20,1,"","","","","","","","","","","","","","","","","","","","","","","","","","","","",7.6,1,3.3,1,"","","","","","","","","","","","","","","","","","","","","","","","","","",75,1,"","","","","","","","","","","","",7.8,1,1021.,1,"","","","","","",1,1,0,1,2,1,0,1,0,1,"","","","","","","","","","","","","","","","","","","","","","","","",20000,1,"","",2,1,0,1,"","","","","","","","","","",3,1,270,1,"","","","","","","","","","","","","","","","","","","","","","","","","","","","","","","","","","","","","","","","","","","","","","","","","","","",""
"33236002","CAP-FERRET",44.630667,-1.252,8,1977112615,"","","","",3.,1,20,1,"","","","","","","","","","","","","","","","","","","","","","","","","","","","",7.6,1,3.3,1,"","","","","","","","","","","","","","","","","","","","","","","","","","",75,1,"","","","","","","","","","","","",7.8,1,1019.6,1,"","","","","","",1,1,0,1,2,1,0,1,0,1,"","","","","","","","","","","","","","","","","","","","","","","","",20000,1,"","",2,1,0,1,"","","","","","","","","","",2,1,"","","","","","","","","","","","","","","","","","","","","","","","","","","","","","","","","","","","","","","","","","","","","","","","","","","","","",""
"33236002","CAP-FERRET",44.630667,-1.252,8,1977112618,"","","","",2.,1,40,1,"","","","","","","","","","","","","","","","","","","","","","","","","","","","",5.2,1,2.8,1,"","","","","","","","","","","","","","","","","","","","","","","","","","",84,1,"","","","","","","","","","","","",7.5,1,1020.2,1,"","","","","","",0,1,"","",0,1,0,1,0,1,"","","","","","","","","","","","","","","","","","","","","","","","",20000,1,"","",2,1,0,1,"","","","","","","","","","",2,1,"","","","","","","","","","","","","","","","","","","","","","","","","","","","","","","","","","","","","","","","","","","","","","","","","","","","","",""
"33236002","CAP-FERRET",44.630667,-1.252,8,1977112621,"","","","",5.,1,80,1,"","","","","","","","","","","","","","","","","","","","","","","","","","","","",5.2,1,2.8,1,"","","","","","","","","","","","","","","","","","","","","","","","","","",84,1,"","","","","","","","","","","","",7.5,1,1020.2,1,"","","","","","",0,1,"","",0,1,0,1,0,1,"","","","","","","","","","","","","","","","","","","","","","","","",16000,1,"","",2,1,0,1,"","","","","","","","","","",2,1,"","","","","","","","","","","","","","","","","","","","","","","","","","","","","","","","","","","","","","","","","","","","","","","","","","","","","",""
"33236002","CAP-FERRET",44.630667,-1.252,8,1977112700,"","","","",3.,1,60,1,"","","","","","","","","","","","","","","","","","","","","","","","","","","","","","","","","","","","","","","","","","","","","","","","","","","","","","","","","","","","","","","","","","","","","","","","","","",1020.,1,"","","","","","","","","","","","","","","","","","","","","","","","","","","","","","","","","","","","","","","","","","","","","","","","","","","","","","","","","","","","","","","","","","","","","","","","","","","","","","","","","","","","","","","","","","","","","","","","","","","","","","","","","","","","","","","","","",""
"33236002","CAP-FERRET",44.630667,-1.252,8,1977112703,"","","","",4.,1,100,1,"","","","","","","","","","","","","","","","","","","","","","","","","","","","",3.,1,2.4,1,"","","","","","","","","","","","","","","","","","","","","","","","","","",98,1,"","","","","","","","","","","","",7.3,1,1019.,1,"","","","","","",0,1,"","",0,1,0,1,0,1,"","","","","","","","","","","","","","","","","","","","","","","","",10000,1,"","",0,1,"","","","","","","","","","","","",2,1,270,1,"","","","","","","","","","","","","","","","","","","","","","","","","","","","","","","","","","","","","","","","","","","","","","","","","","","",""
"33236002","CAP-FERRET",44.630667,-1.252,8,1977112706,"","","","",3.,1,80,1,"","","","","","","","","","","","","","","","","","","","","","","","","","","","",2.2,1,1.6,1,"","","","","","","","","","","","","","","","","","","","","","","","","","",98,1,"","","","","","","","","","","","",6.9,1,1018.2,1,"","","","","","",0,1,"","",0,1,0,1,0,1,"","","","","","","","","","","","","","","","","","","","","","","","",8000,1,"","",0,1,"","","","","","","","","","","","",2,1,270,1,"","","","","","","","","","","","","","","","","","","","","","","","","","","","","","","","","","","","","","","","","","","","","","","","","","","",""
"33236002","CAP-FERRET",44.630667,-1.252,8,1977112709,"","","","",2.,1,80,1,"","","","","","","","","","","","","","","","","","","","","","","","","","","","",6.,1,5.5,1,"","","","","","","","","","","","","","","","","","","","","","","","","","",98,1,"","","","","","","","","","","","",9.1,1,1018.8,1,"","","","","","",0,1,"","",0,1,0,1,0,1,"","","","","","","","","","","","","","","","","","","","","","","","",6000,1,"","",2,1,0,1,"","","","","","","","","","",2,1,270,1,"","","","","","","","","","","","","","","","","","","","","","","","","","","","","","","","","","","","","","","","","","","","","","","","","","","",""
"33236002","CAP-FERRET",44.630667,-1.252,8,1977112712,"","","","",5.,1,80,1,"","","","","","","","","","","","","","","","","","","","","","","","","","","","",6.5,1,1.6,1,"","","","","","","","","","","","","","","","","","","","","","","","","","",72,1,"","","","","","","","","","","","",6.9,1,1018.5,1,"","","","","","",0,1,"","",0,1,0,1,0,1,"","","","","","","","","","","","","","","","","","","","","","","","",6000,1,"","",2,1,0,1,"","","","","","","","","","",2,1,270,1,"","","","","","","","","","","","","","","","","","","","","","","","","","","","","","","","","","","","","","","","","","","","","","","","","","","",""
"33236002","CAP-FERRET",44.630667,-1.252,8,1977112715,"","","","",5.,1,100,1,"","","","","","","","","","","","","","","","","","","","","","","","","","","","",6.2,1,-1.9,1,"","","","","","","","","","","","","","","","","","","","","","","","","","",56,1,"","","","","","","","","","","","",5.3,1,1017.4,1,"","","","","","",0,1,"","",0,1,0,1,0,1,"","","","","","","","","","","","","","","","","","","","","","","","",12000,1,"","",2,1,0,1,"","","","","","","","","","",2,1,270,1,"","","","","","","","","","","","","","","","","","","","","","","","","","","","","","","","","","","","","","","","","","","","","","","","","","","",""
"33236002","CAP-FERRET",44.630667,-1.252,8,1977112718,"","","","",5.,1,60,1,"","","","","","","","","","","","","","","","","","","","","","","","","","","","",4.2,1,-1.9,1,"","","","","","","","","","","","","","","","","","","","","","","","","","",65,1,"","","","","","","","","","","","",5.3,1,1017.9,1,"","","","","","",0,1,"","",0,1,0,1,0,1,"","","","","","","","","","","","","","","","","","","","","","","","",18000,1,"","",2,1,0,1,"","","","","","","","","","",2,1,270,1,"","","","","","","","","","","","","","","","","","","","","","","","","","","","","","","","","","","","","","","","","","","","","","","","","","","",""
"33236002","CAP-FERRET",44.630667,-1.252,8,1977112721,"","","","",4.,1,80,1,"","","","","","","","","","","","","","","","","","","","","","","","","","","","",2.6,1,-1.2,1,"","","","","","","","","","","","","","","","","","","","","","","","","","",76,1,"","","","","","","","","","","","",5.6,1,1017.9,1,"","","","","","",0,1,"","",0,1,0,1,0,1,"","","","","","","","","","","","","","","","","","","","","","","","",18000,1,"","",2,1,0,1,"","","","","","","","","","",2,1,270,1,"","","","","","","","","","","","","","","","","","","","","","","","","","","","","","","","","","","","","","","","","","","","","","","","","","","",""
"33236002","CAP-FERRET",44.630667,-1.252,8,1977112800,"","","","",3.,1,80,1,"","","","","","","","","","","","","","","","","","","","","","","","","","","","","","","","","","","","","","","","","","","","","","","","","","","","","","","","","","","","","","","","","","","","","","","","","","",1016.4,1,"","","","","","","","","","","","","","","","","","","","","","","","","","","","","","","","","","","","","","","","","","","","","","","","","","","","","","","","","","","","","","","","","","","","","","","","","","","","","","","","","","","","","","","","","","","","","","","","","","","","","","","","","","","","","","","","","",""
"33236002","CAP-FERRET",44.630667,-1.252,8,1977112803,"","","","",5.,1,80,1,"","","","","","","","","","","","","","","","","","","","","","","","","","","","",1.2,1,-2.4,1,"","","","","","","","","","","","","","","","","","","","","","","","","","",76,1,"","","","","","","","","","","","",5.1,1,1016.4,1,"","","","","","",0,1,"","",0,1,0,1,0,1,"","","","","","","","","","","","","","","","","","","","","","","","",16000,1,"","",0,1,"","","","","","","","","","","","",2,1,"","","","","","","","","","","","","","","","","","","","","","","","","","","","","","","","","","","","","","","","","","","","","","","","","","","","","",""
"33236002","CAP-FERRET",44.630667,-1.252,8,1977112806,"","","","",5.,1,80,1,"","","","","","","","","","","","","","","","","","","","","","","","","","","","",-1.,1,-1.6,1,"","","","","","","","","","","","","","","","","","","","","","","","","","",96,1,"","","","","","","","","","","","",5.4,1,1016.6,1,"","","","","","",1,1,0,1,6,1,0,1,0,1,"","","","","","","","","","","","","","","","","","","","","","","","",10000,1,"","",2,1,0,1,"","","","","","","","","","",2,1,"","","","","","","","","","","","","","","","","","","","","","","","","","","","","","","","","","","","","","","","","","","","","","","","","","","","","",""
"33236002","CAP-FERRET",44.630667,-1.252,8,1977112809,"","","","",5.,1,80,1,"","","","","","","","","","","","","","","","","","","","","","","","","","","","",-0.8,1,-1.9,1,"","","","","","","","","","","","","","","","","","","","","","","","","","",94,1,"","","","","","","","","","","","",5.3,1,1017.3,1,"","","","","","",0,1,"","",0,1,0,1,0,1,"","","","","","","","","","","","","","","","","","","","","","","","",8000,1,"","",2,1,0,1,"","","","","","","","","","",2,1,"","","","","","","","","","","","","","","","","","","","","","","","","","","","","","","","","","","","","","","","","","","","","","","","","","","","","",""
"33236002","CAP-FERRET",44.630667,-1.252,8,1977112812,"","","","",5.,1,100,1,"","","","","","","","","","","","","","","","","","","","","","","","","","","","",2.5,1,-2.4,1,"","","","","","","","","","","","","","","","","","","","","","","","","","",74,1,"","","","","","","","","","","","",5.1,1,1017.,1,"","","","","","",1,1,0,1,1,1,0,1,0,1,"","","","","","","","","","","","","","","","","","","","","","","","",12000,1,"","",2,1,0,1,"","","","","","","","","","",2,1,"","","","","","","","","","","","","","","","","","","","","","","","","","","","","","","","","","","","","","","","","","","","","","","","","","","","","",""
"33236002","CAP-FERRET",44.630667,-1.252,8,1977112815,"","","","",5.,1,80,1,"","","","","","","","","","","","","","","","","","","","","","","","","","","","",3.4,1,-2.9,1,"","","","","","","","","","","","","","","","","","","","","","","","","","",63,1,"","","","","","","","","","","","",4.9,1,1015.9,1,"","","","","","",4,1,0,1,2,1,0,1,0,1,"","","","","","","","","","","","","","","","","","","","","","","","",18000,1,"","",2,1,0,1,"","","","","","","","","","",2,1,"","","","","","","","","","","","","","","","","","","","","","","","","","","","","","","","","","","","","","","","","","","","","","","","","","","","","",""
"33236002","CAP-FERRET",44.630667,-1.252,8,1977112818,"","","","",6.,1,60,1,"","","","","","","","","","","","","","","","","","","","","","","","","","","","",1.4,1,-1.4,1,"","","","","","","","","","","","","","","","","","","","","","","","","","",82,1,"","","","","","","","","","","","",5.5,1,1016.6,1,"","","","","","",2,1,0,1,2,1,0,1,0,1,"","","","","","","","","","","","","","","","","","","","","","","","",14000,1,"","",2,1,0,1,"","","","","","","","","","",2,1,"","","","","","","","","","","","","","","","","","","","","","","","","","","","","","","","","","","","","","","","","","","","","","","","","","","","","",""
"33236002","CAP-FERRET",44.630667,-1.252,8,1977112821,"","","","",7.,1,80,1,"","","","","","","","","","","","","","","","","","","","","","","","","","","","",0.4,1,-1.4,1,"","","","","","","","","","","","","","","","","","","","","","","","","","",88,1,"","","","","","","","","","","","",5.5,1,1016.6,1,"","","","","","",0,1,"","",0,1,0,1,0,1,"","","","","","","","","","","","","","","","","","","","","","","","",14000,1,"","",2,1,0,1,"","","","","","","","","","",2,1,"","","","","","","","","","","","","","","","","","","","","","","","","","","","","","","","","","","","","","","","","","","","","","","","","","","","","",""
"33236002","CAP-FERRET",44.630667,-1.252,8,1977112900,"","","","",4.,1,80,1,"","","","","","","","","","","","","","","","","","","","","","","","","","","","","","","","","","","","","","","","","","","","","","","","","","","","","","","","","","","","","","","","","","","","","","","","","","",1017.6,1,"","","","","","","","","","","","","","","","","","","","","","","","","","","","","","","","","","","","","","","","","","","","","","","","","","","","","","","","","","","","","","","","","","","","","","","","","","","","","","","","","","","","","","","","","","","","","","","","","","","","","","","","","","","","","","","","","",""
"33236002","CAP-FERRET",44.630667,-1.252,8,1977112903,"","","","",4.,1,60,1,"","","","","","","","","","","","","","","","","","","","","","","","","","","","",-1.6,1,-2.7,1,"","","","","","","","","","","","","","","","","","","","","","","","","","",91,1,"","","","","","","","","","","","",5.,1,1016.8,1,"","","","","","",3,1,0,1,6,1,0,1,0,1,"","","","","","","","","","","","","","","","","","","","","","","","",6000,1,"","",0,1,"","","","","","","","","","","","",2,1,270,1,"","","","","","","","","","","","","","","","","","","","","","","","","","","","","","","","","","","","","","","","","","","","","","","","","","","",""
"33236002","CAP-FERRET",44.630667,-1.252,8,1977112906,"","","","",4.,1,80,1,"","","","","","","","","","","","","","","","","","","","","","","","","","","","",-1.,1,-2.7,1,"","","","","","","","","","","","","","","","","","","","","","","","","","",88,1,"","","","","","","","","","","","",5.,1,1016.7,1,"","","","","","",2,1,0,1,5,1,0,1,0,1,"","","","","","","","","","","","","","","","","","","","","","","","",8000,1,"","",0,1,"","","","","","","","","","","","",2,1,270,1,"","","","","","","","","","","","","","","","","","","","","","","","","","","","","","","","","","","","","","","","","","","","","","","","","","","",""
"33236002","CAP-FERRET",44.630667,-1.252,8,1977112909,"","","","",4.,1,60,1,"","","","","","","","","","","","","","","","","","","","","","","","","","","","",-0.6,1,-2.4,1,"","","","","","","","","","","","","","","","","","","","","","","","","","",88,1,"","","","","","","","","","","","",5.1,1,1016.,1,"","","","","","",4,1,0,1,5,1,0,1,2,1,"","","","","","","","","","","","","","","","","","","","","","","","",8000,1,"","",2,1,0,1,"","","","","","","","","","",2,1,270,1,"","","","","","","","","","","","","","","","","","","","","","","","","","","","","","","","","","","","","","","","","","","","","","","","","","","",""
"33236002","CAP-FERRET",44.630667,-1.252,8,1977112912,"","","","",5.,1,80,1,"","","","","","","","","","","","","","","","","","","","","","","","","","","","",1.,1,-1.6,1,"","","","","","","","","","","","","","","","","","","","","","","","","","",83,1,"","","","","","","","","","","","",5.4,1,1015.4,1,"","","","","","",7,1,7,1,5,1,"","","","","","","","","","","","","","","","","","","","","","","","","","","","",8000,1,"","",3,1,1,1,"","","","","","","","","","",2,1,270,1,"","","","","","","","","","","","","","","","","","","","","","","","","","","","","","","","","","","","","","","","","","","","","","","","","","","",""
"33236002","CAP-FERRET",44.630667,-1.252,8,1977112915,"","","","",4.,1,80,1,"","","","","","","","","","","","","","","","","","","","","","","","","","","","",2.6,1,0.,1,"","","","","","","","","","","","","","","","","","","","","","","","","","",82,1,"","","","","","","","","","","","",6.1,1,1014.2,1,"","","","","","",7,1,7,1,5,1,"","","","","","","","","","","","","","","","","","","","","","","","","","","","",6000,1,"","",2,1,2,1,"","","","","","","","","","",2,1,270,1,"","","","","","","","","","","","","","","","","","","","","","","","","","","","","","","","","","","","","","","","","","","","","","","","","","","",""
"33236002","CAP-FERRET",44.630667,-1.252,8,1977112918,"","","","",6.,1,80,1,"","","","","","","","","","","","","","","","","","","","","","","","","","","","",2.4,1,-0.9,1,"","","","","","","","","","","","","","","","","","","","","","","","","","",79,1,"","","","","","","","","","","","",5.7,1,1014.2,1,"","","","","","",7,1,7,1,5,1,"","","","","","","","","","","","","","","","","","","","","","","","","","","","",8000,1,"","",2,1,2,1,"","","","","","","","","","",2,1,270,1,"","","","","","","","","","","","","","","","","","","","","","","","","","","","","","","","","","","","","","","","","","","","","","","","","","","",""
"33236002","CAP-FERRET",44.630667,-1.252,8,1977112921,"","","","",5.,1,80,1,"","","","","","","","","","","","","","","","","","","","","","","","","","","","",2.8,1,0.2,1,"","","","","","","","","","","","","","","","","","","","","","","","","","",82,1,"","","","","","","","","","","","",6.2,1,1014.2,1,"","","","","","",8,1,8,1,5,1,"","","","","","","","","","","","","","","","","","","","","","","","","","","","",8000,1,"","",2,1,2,1,"","","","","","","","","","",2,1,270,1,"","","","","","","","","","","","","","","","","","","","","","","","","","","","","","","","","","","","","","","","","","","","","","","","","","","",""
"33236002","CAP-FERRET",44.630667,-1.252,8,1977113000,"","","","","","",80,1,"","","","","","","","","","","","","","","","","","","","","","","","","","","","","","","","","","","","","","","","","","","","","","","","","","","","","","","","","","","","","","","","","","","","","","","","","","",1013.3,1,"","","","","","","","","","","","","","","","","","","","","","","","","","","","","","","","","","","","","","","","","","","","","","","","","","","","","","","","","","","","","","","","","","","","","","","","","","","","","","","","","","","","","","","","","","","","","","","","","","","","","","","","","","","","","","","","","",""
"33236002","CAP-FERRET",44.630667,-1.252,8,1977113003,"","","","",7.,1,60,1,"","","","","","","","","","","","","","","","","","","","","","","","","","","","",-1.,1,-4.,1,"","","","","","","","","","","","","","","","","","","","","","","","","","",79,1,"","","","","","","","","","","","",4.5,1,1013.3,1,"","","","","","",0,1,"","",0,1,0,1,0,1,"","","","","","","","","","","","","","","","","","","","","","","","",10000,1,"","",0,1,"","","","","","","","","","","","",2,1,"","","","","","","","","","","","","","","","","","","","","","","","","","","","","","","","","","","","","","","","","","","","","","","","","","","","","",""
"33236002","CAP-FERRET",44.630667,-1.252,8,1977113006,"","","","",7.,1,40,1,"","","","","","","","","","","","","","","","","","","","","","","","","","","","",-2.,1,-4.6,1,"","","","","","","","","","","","","","","","","","","","","","","","","","",82,1,"","","","","","","","","","","","",4.3,1,1012.1,1,"","","","","","",0,1,"","",0,1,0,1,0,1,"","","","","","","","","","","","","","","","","","","","","","","","",8000,1,"","",2,1,0,1,"","","","","","","","","","",2,1,"","","","","","","","","","","","","","","","","","","","","","","","","","","","","","","","","","","","","","","","","","","","","","","","","","","","","",""
"33236002","CAP-FERRET",44.630667,-1.252,8,1977113009,"","","","",5.,1,60,1,"","","","","","","","","","","","","","","","","","","","","","","","","","","","",-1.5,1,-3.7,1,"","","","","","","","","","","","","","","","","","","","","","","","","","",85,1,"","","","","","","","","","","","",4.6,1,1013.3,1,"","","","","","",0,1,"","",0,1,0,1,0,1,"","","","","","","","","","","","","","","","","","","","","","","","",10000,1,"","",2,1,0,1,"","","","","","","","","","",2,1,"","","","","","","","","","","","","","","","","","","","","","","","","","","","","","","","","","","","","","","","","","","","","","","","","","","","","",""
"33236002","CAP-FERRET",44.630667,-1.252,8,1977113012,"","","","",4.,1,40,1,"","","","","","","","","","","","","","","","","","","","","","","","","","","","",0.6,1,-4.9,1,"","","","","","","","","","","","","","","","","","","","","","","","","","",66,1,"","","","","","","","","","","","",4.2,1,1012.3,1,"","","","","","",0,1,"","",0,1,0,1,0,1,"","","","","","","","","","","","","","","","","","","","","","","","",15000,1,"","",2,1,0,1,"","","","","","","","","","",2,1,"","","","","","","","","","","","","","","","","","","","","","","","","","","","","","","","","","","","","","","","","","","","","","","","","","","","","",""
"33236002","CAP-FERRET",44.630667,-1.252,8,1977113015,"","","","",2.,1,60,1,"","","","","","","","","","","","","","","","","","","","","","","","","","","","",1.6,1,-3.7,1,"","","","","","","","","","","","","","","","","","","","","","","","","","",65,1,"","","","","","","","","","","","",4.6,1,1011.3,1,"","","","","","",3,1,0,1,6,1,0,1,0,1,"","","","","","","","","","","","","","","","","","","","","","","","",15000,1,"","",3,1,0,1,"","","","","","","","","","",2,1,"","","","","","","","","","","","","","","","","","","","","","","","","","","","","","","","","","","","","","","","","","","","","","","","","","","","","",""
"33236002","CAP-FERRET",44.630667,-1.252,8,1977113018,"","","","",1.,1,80,1,"","","","","","","","","","","","","","","","","","","","","","","","","","","","",-1.8,1,-4.9,1,"","","","","","","","","","","","","","","","","","","","","","","","","","",78,1,"","","","","","","","","","","","",4.2,1,1011.7,1,"","","","","","",0,1,"","",0,1,0,1,0,1,"","","","","","","","","","","","","","","","","","","","","","","","",15000,1,"","",2,1,0,1,"","","","","","","","","","",2,1,"","","","","","","","","","","","","","","","","","","","","","","","","","","","","","","","","","","","","","","","","","","","","","","","","","","","","",""
"33236002","CAP-FERRET",44.630667,-1.252,8,1977113021,"","","","",1.,1,120,1,"","","","","","","","","","","","","","","","","","","","","","","","","","","","",-1.6,1,-3.5,1,"","","","","","","","","","","","","","","","","","","","","","","","","","",87,1,"","","","","","","","","","","","",4.7,1,1011.7,1,"","","","","","",0,1,"","",0,1,0,1,0,1,"","","","","","","","","","","","","","","","","","","","","","","","",10000,1,"","",3,1,0,1,"","","","","","","","","","",2,1,"","","","","","","","","","","","","","","","","","","","","","","","","","","","","","","","","","","","","","","","","","","","","","","","","","","","","",""
"33236002","CAP-FERRET",44.630667,-1.252,8,1977120100,"","","","",3.,1,120,1,"","","","","","","","","","","","","","","","","","","","","","","","","","","","","","","","","","","","","","","","","","","","","","","","","","","","","","","","","","","","","","","","","","","","","","","","","","",1012.,1,"","","","","","","","","","","","","","","","","","","","","","","","","","","","","","","","","","","","","","","","","","","","","","","","","","","","","","","","","","","","","","","","","","","","","","","","","","","","","","","","","","","","","","","","","","","","","","","","","","","","","","","","","","","","","","","","","",""
"33236002","CAP-FERRET",44.630667,-1.252,8,1977120103,"","","","",3.,1,120,1,"","","","","","","","","","","","","","","","","","","","","","","","","","","","",-1.4,1,-4.,1,"","","","","","","","","","","","","","","","","","","","","","","","","","",82,1,"","","","","","","","","","","","",4.5,1,1012.6,1,"","","","","","",0,1,"","",0,1,0,1,0,1,"","","","","","","","","","","","","","","","","","","","","","","","",15000,1,"","",0,1,"","","","","","","","","","","","",2,1,270,1,"","","","","","","","","","","","","","","","","","","","","","","","","","","","","","","","","","","","","","","","","","","","","","","","","","","",""
"33236002","CAP-FERRET",44.630667,-1.252,8,1977120106,"","","","",3.,1,140,1,"","","","","","","","","","","","","","","","","","","","","","","","","","","","",-0.8,1,-1.9,1,"","","","","","","","","","","","","","","","","","","","","","","","","","",92,1,"","","","","","","","","","","","",5.3,1,1013.2,1,"","","","","","",0,1,"","",0,1,0,1,0,1,"","","","","","","","","","","","","","","","","","","","","","","","",12000,1,"","",0,1,"","","","",0,1,"","","","","","",2,1,270,1,"","","","","","","","","","","","","","","","","","","","","","","","","","","","","","","","","","","","","","","","","","","","","","","","","","","",""
"33236002","CAP-FERRET",44.630667,-1.252,8,1977120109,"","","","",4.,1,120,1,"","","","","","","","","","","","","","","","","","","","","","","","","","","","",0.6,1,-0.7,1,"","","","","","","","","","","","","","","","","","","","","","","","","","",92,1,"","","","","","","","","","","","",5.8,1,1015.1,1,"","","","","","",3,1,0,1,5,1,0,1,2,1,"","","","","","","","","","","","","","","","","","","","","","","","",5000,1,"","",2,1,0,1,"","","","","","","","","","",2,1,270,1,"","","","","","","","","","","","","","","","","","","","","","","","","","","","","","","","","","","","","","","","","","","","","","","","","","","",""
"33236002","CAP-FERRET",44.630667,-1.252,8,1977120112,"","","","",3.,1,160,1,"","","","","","","","","","","","","","","","","","","","","","","","","","","","",5.2,1,0.,1,"","","","","","","","","","","","","","","","","","","","","","","","","","",69,1,"","","","","","","","","","","","",6.1,1,1015.9,1,"","","","","","",0,1,"","",0,1,0,1,0,1,"","","","","","","","","","","","","","","","","","","","","","","","",8000,1,"","",2,1,0,1,"","","","","","","","","","",2,1,270,1,"","","","","","","","","","","","","","","","","","","","","","","","","","","","","","","","","","","","","","","","","","","","","","","","","","","",""
"33236002","CAP-FERRET",44.630667,-1.252,8,1977120115,"","","","",1.,1,120,1,"","","","","","","","","","","","","","","","","","","","","","","","","","","","",5.4,1,1.8,1,"","","","","","","","","","","","","","","","","","","","","","","","","","",78,1,"","","","","","","","","","","","",7.,1,1015.9,1,"","","","","","",3,1,0,1,5,1,0,1,2,1,"","","","","","","","","","","","","","","","","","","","","","","","",8000,1,"","",3,1,0,1,"","","","","","","","","","",2,1,270,1,"","","","","","","","","","","","","","","","","","","","","","","","","","","","","","","","","","","","","","","","","","","","","","","","","","","",""
"33236002","CAP-FERRET",44.630667,-1.252,8,1977120118,"","","","",1.,1,120,1,"","","","","","","","","","","","","","","","","","","","","","","","","","","","",4.,1,0.8,1,"","","","","","","","","","","","","","","","","","","","","","","","","","",80,1,"","","","","","","","","","","","",6.5,1,1018.3,1,"","","","","","",1,1,0,1,5,1,0,1,0,1,"","","","","","","","","","","","","","","","","","","","","","","","",8000,1,"","",2,1,0,1,"","","","","","","","","","",2,1,270,1,"","","","","","","","","","","","","","","","","","","","","","","","","","","","","","","","","","","","","","","","","","","","","","","","","","","",""
"33236002","CAP-FERRET",44.630667,-1.252,8,1977120121,"","","","",3.,1,180,1,"","","","","","","","","","","","","","","","","","","","","","","","","","","","",3.6,1,1.,1,"","","","","","","","","","","","","","","","","","","","","","","","","","",83,1,"","","","","","","","","","","","",6.6,1,1019.3,1,"","","","","","",0,1,"","",0,1,0,1,0,1,"","","","","","","","","","","","","","","","","","","","","","","","",12000,1,"","",2,1,0,1,"","","","","","","","","","",2,1,270,1,"","","","","","","","","","","","","","","","","","","","","","","","","","","","","","","","","","","","","","","","","","","","","","","","","","","",""
"33236002","CAP-FERRET",44.630667,-1.252,8,1977120200,"","","","",1.,1,180,1,"","","","","","","","","","","","","","","","","","","","","","","","","","","","","","","","","","","","","","","","","","","","","","","","","","","","","","","","","","","","","","","","","","","","","","","","","","",1019.6,1,"","","","","","","","","","","","","","","","","","","","","","","","","","","","","","","","","","","","","","","","","","","","","","","","","","","","","","","","","","","","","","","","","","","","","","","","","","","","","","","","","","","","","","","","","","","","","","","","","","","","","","","","","","","","","","","","","",""
"33236002","CAP-FERRET",44.630667,-1.252,8,1977120203,"","","","",1.,1,180,1,"","","","","","","","","","","","","","","","","","","","","","","","","","","","",2.,1,0.8,1,"","","","","","","","","","","","","","","","","","","","","","","","","","",92,1,"","","","","","","","","","","","",6.5,1,1020.6,1,"","","","","","",6,1,6,1,5,1,0,1,0,1,"","","","","","","","","","","","","","","","","","","","","","","","",8000,1,"","",0,1,"","","","","","","","","","","","",3,1,270,1,"","","","","","","","","","","","","","","","","","","","","","","","","","","","","","","","","","","","","","","","","","","","","","","","","","","",""
"33236002","CAP-FERRET",44.630667,-1.252,8,1977120206,"","","","",1.,1,120,1,"","","","","","","","","","","","","","","","","","","","","","","","","","","","",0.5,1,-0.9,1,"","","","","","","","","","","","","","","","","","","","","","","","","","",90,1,"","","","","","","","","","","","",5.7,1,1020.6,1,"","","","","","",0,1,"","",0,1,0,1,0,1,"","","","","","","","","","","","","","","","","","","","","","","","",8000,1,"","",1,1,1,1,"","","","","","","","","","",3,1,270,1,"","","","","","","","","","","","","","","","","","","","","","","","","","","","","","","","","","","","","","","","","","","","","","","","","","","",""
"33236002","CAP-FERRET",44.630667,-1.252,8,1977120209,"","","","","","",100,1,"","","","","","","","","","","","","","","","","","","","","","","","","","","","",2.4,1,-1.4,1,"","","","","","","","","","","","","","","","","","","","","","","","","","",75,1,"","","","","","","","","","","","",5.5,1,1021.7,1,"","","","","","",3,1,0,1,5,1,0,1,4,1,"","","","","","","","","","","","","","","","","","","","","","","","",14000,1,"","",3,1,0,1,"","","","","","","","","","",3,1,270,1,"","","","","","","","","","","","","","","","","","","","","","","","","","","","","","","","","","","","","","","","","","","","","","","","","","","",""
"33236002","CAP-FERRET",44.630667,-1.252,8,1977120212,"","","","",4.,1,100,1,"","","","","","","","","","","","","","","","","","","","","","","","","","","","",6.2,1,0.6,1,"","","","","","","","","","","","","","","","","","","","","","","","","","",68,1,"","","","","","","","","","","","",6.4,1,1021.3,1,"","","","","","",5,1,0,1,5,1,0,1,5,1,"","","","","","","","","","","","","","","","","","","","","","","","",18000,1,"","",3,1,1,1,"","","","","","","","","","",3,1,270,1,"","","","","","","","","","","","","","","","","","","","","","","","","","","","","","","","","","","","","","","","","","","","","","","","","","","",""
"33236002","CAP-FERRET",44.630667,-1.252,8,1977120215,"","","","",4.,1,80,1,"","","","","","","","","","","","","","","","","","","","","","","","","","","","",7.,1,0.4,1,"","","","","","","","","","","","","","","","","","","","","","","","","","",63,1,"","","","","","","","","","","","",6.3,1,1020.5,1,"","","","","","",7,1,5,1,5,1,0,1,6,1,"","","","","","","","","","","","","","","","","","","","","","","","",18000,1,"","",3,1,1,1,"","","","","","","","","","",3,1,270,1,"","","","","","","","","","","","","","","","","","","","","","","","","","","","","","","","","","","","","","","","","","","","","","","","","","","",""
"33236002","CAP-FERRET",44.630667,-1.252,8,1977120218,"","","","",5.,1,80,1,"","","","","","","","","","","","","","","","","","","","","","","","","","","","",4.6,1,0.4,1,"","","","","","","","","","","","","","","","","","","","","","","","","","",74,1,"","","","","","","","","","","","",6.3,1,1021.9,1,"","","","","","",7,1,6,1,5,1,0,1,6,1,"","","","","","","","","","","","","","","","","","","","","","","","",14000,1,"","",3,1,1,1,"","","","","","","","","","",3,1,270,1,"","","","","","","","","","","","","","","","","","","","","","","","","","","","","","","","","","","","","","","","","","","","","","","","","","","",""
"33236002","CAP-FERRET",44.630667,-1.252,8,1977120221,"","","","",5.,1,80,1,"","","","","","","","","","","","","","","","","","","","","","","","","","","","",3.2,1,-0.7,1,"","","","","","","","","","","","","","","","","","","","","","","","","","",76,1,"","","","","","","","","","","","",5.8,1,1023.1,1,"","","","","","",0,1,"","",0,1,0,1,0,1,"","","","","","","","","","","","","","","","","","","","","","","","",14000,1,"","",1,1,1,1,"","","","","","","","","","",3,1,270,1,"","","","","","","","","","","","","","","","","","","","","","","","","","","","","","","","","","","","","","","","","","","","","","","","","","","",""
"33236002","CAP-FERRET",44.630667,-1.252,8,1977120300,"","","","",5.,1,80,1,"","","","","","","","","","","","","","","","","","","","","","","","","","","","","","","","","","","","","","","","","","","","","","","","","","","","","","","","","","","","","","","","","","","","","","","","","","",1022.5,1,"","","","","","","","","","","","","","","","","","","","","","","","","","","","","","","","","","","","","","","","","","","","","","","","","","","","","","","","","","","","","","","","","","","","","","","","","","","","","","","","","","","","","","","","","","","","","","","","","","","","","","","","","","","","","","","","","",""
"33236002","CAP-FERRET",44.630667,-1.252,8,1977120303,"","","","",6.,1,100,1,"","","","","","","","","","","","","","","","","","","","","","","","","","","","",2.6,1,0.6,1,"","","","","","","","","","","","","","","","","","","","","","","","","","",87,1,"","","","","","","","","","","","",6.4,1,1022.5,1,"","","","","","",4,1,0,1,0,1,0,1,5,1,"","","","","","","","","","","","","","","","","","","","","","","","",8000,1,"","",0,1,"","","","","","","","","","","","",3,1,270,1,"","","","","","","","","","","","","","","","","","","","","","","","","","","","","","","","","","","","","","","","","","","","","","","","","","","",""
"33236002","CAP-FERRET",44.630667,-1.252,8,1977120306,"","","","",4.,1,80,1,"","","","","","","","","","","","","","","","","","","","","","","","","","","","",2.6,1,-1.4,1,"","","","","","","","","","","","","","","","","","","","","","","","","","",76,1,"","","","","","","","","","","","",5.5,1,1022.5,1,"","","","","","",5,1,5,1,5,1,0,1,4,1,"","","","","","","","","","","","","","","","","","","","","","","","",12000,1,"","",2,1,0,1,"","","","","","","","","","",3,1,270,1,"","","","","","","","","","","","","","","","","","","","","","","","","","","","","","","","","","","","","","","","","","","","","","","","","","","",""
"33236002","CAP-FERRET",44.630667,-1.252,8,1977120309,"","","","",4.,1,80,1,"","","","","","","","","","","","","","","","","","","","","","","","","","","","",3.8,1,-1.6,1,"","","","","","","","","","","","","","","","","","","","","","","","","","",67,1,"","","","","","","","","","","","",5.4,1,1022.3,1,"","","","","","",7,1,7,1,5,1,"","","","","","","","","","","","","","","","","","","","","","","","","","","","",12000,1,"","",3,1,1,1,"","","","","","","","","","",3,1,270,1,"","","","","","","","","","","","","","","","","","","","","","","","","","","","","","","","","","","","","","","","","","","","","","","","","","","",""
"33236002","CAP-FERRET",44.630667,-1.252,8,1977120312,"","","","",4.,1,80,1,"","","","","","","","","","","","","","","","","","","","","","","","","","","","",9.2,1,1.4,1,"","","","","","","","","","","","","","","","","","","","","","","","","","",59,1,"","","","","","","","","","","","",6.8,1,1020.6,1,"","","","","","",5,1,5,1,0,1,0,1,2,1,"","","","","","","","","","","","","","","","","","","","","","","","",12000,1,"","",1,1,1,1,"","","","","","","","","","",3,1,270,1,"","","","","","","","","","","","","","","","","","","","","","","","","","","","","","","","","","","","","","","","","","","","","","","","","","","",""
"33236002","CAP-FERRET",44.630667,-1.252,8,1977120315,"","","","",5.,1,60,1,"","","","","","","","","","","","","","","","","","","","","","","","","","","","",9.,1,0.6,1,"","","","","","","","","","","","","","","","","","","","","","","","","","",56,1,"","","","","","","","","","","","",6.4,1,1018.8,1,"","","","","","",7,1,7,1,0,1,0,1,8,1,"","","","","","","","","","","","","","","","","","","","","","","","",15000,1,"","",3,1,2,1,"","","","","","","","","","",3,1,270,1,"","","","","","","","","","","","","","","","","","","","","","","","","","","","","","","","","","","","","","","","","","","","","","","","","","","",""
"33236002","CAP-FERRET",44.630667,-1.252,8,1977120318,"","","","",6.,1,80,1,"","","","","","","","","","","","","","","","","","","","","","","","","","","","",7.,1,-0.7,1,"","","","","","","","","","","","","","","","","","","","","","","","","","",58,1,"","","","","","","","","","","","",5.8,1,1017.8,1,"","","","","","",4,1,0,1,0,1,0,1,2,1,"","","","","","","","","","","","","","","","","","","","","","","","",15000,1,"","",1,1,1,1,"","","","","","","","","","",3,1,270,1,"","","","","","","","","","","","","","","","","","","","","","","","","","","","","","","","","","","","","","","","","","","","","","","","","","","",""
"33236002","CAP-FERRET",44.630667,-1.252,8,1977120321,"","","","",2.,1,360,1,"","","","","","","","","","","","","","","","","","","","","","","","","","","","",7.,1,-0.7,1,"","","","","","","","","","","","","","","","","","","","","","","","","","",58,1,"","","","","","","","","","","","",5.8,1,1016.2,1,"","","","","","",2,1,0,1,0,1,0,1,2,1,"","","","","","","","","","","","","","","","","","","","","","","","",12000,1,"","",2,1,0,1,"","","","","","","","","","",3,1,270,1,"","","","","","","","","","","","","","","","","","","","","","","","","","","","","","","","","","","","","","","","","","","","","","","","","","","",""
"33236002","CAP-FERRET",44.630667,-1.252,8,1977120400,"","","","",9.,1,120,1,"","","","","","","","","","","","","","","","","","","","","","","","","","","","","","","","","","","","","","","","","","","","","","","","","","","","","","","","","","","","","","","","","","","","","","","","","","",1014.3,1,"","","","","","","","","","","","","","","","","","","","","","","","","","","","","","","","","","","","","","","","","","","","","","","","","","","","","","","","","","","","","","","","","","","","","","","","","","","","","","","","","","","","","","","","","","","","","","","","","","","","","","","","","","","","","","","","","",""
"33236002","CAP-FERRET",44.630667,-1.252,8,1977120403,"","","","",8.,1,120,1,"","","","","","","","","","","","","","","","","","","","","","","","","","","","",5.4,1,-0.5,1,"","","","","","","","","","","","","","","","","","","","","","","","","","",66,1,"","","","","","","","","","","","",5.9,1,1013.8,1,"","","","","","",3,1,0,1,0,1,0,1,8,1,"","","","","","","","","","","","","","","","","","","","","","","","",12000,1,"","",0,1,"","","","","","","","","","","","",4,1,270,1,"","","","","","","","","","","","","","","","","","","","","","","","","","","","","","","","","","","","","","","","","","","","","","","","","","","",""
"33236002","CAP-FERRET",44.630667,-1.252,8,1977120406,"","","","",9.,1,120,1,"","","","","","","","","","","","","","","","","","","","","","","","","","","","",4.4,1,0.8,1,"","","","","","","","","","","","","","","","","","","","","","","","","","",77,1,"","","","","","","","","","","","",6.5,1,1013.2,1,"","","","","","",2,1,0,1,0,1,0,1,2,1,"","","","","","","","","","","","","","","","","","","","","","","","",12000,1,"","",0,1,"","","","","","","","","","","","",4,1,270,1,"","","","","","","","","","","","","","","","","","","","","","","","","","","","","","","","","","","","","","","","","","","","","","","","","","","",""
"33236002","CAP-FERRET",44.630667,-1.252,8,1977120409,"","","","",8.,1,120,1,"","","","","","","","","","","","","","","","","","","","","","","","","","","","",6.,1,3.,1,"","","","","","","","","","","","","","","","","","","","","","","","","","",82,1,"","","","","","","","","","","","",7.6,1,1013.8,1,"","","","","","",6,1,6,1,0,1,0,1,8,1,"","","","","","","","","","","","","","","","","","","","","","","","",10000,1,"","",2,1,1,1,"","","","","","","","","","",4,1,270,1,"","","","","","","","","","","","","","","","","","","","","","","","","","","","","","","","","","","","","","","","","","","","","","","","","","","",""
"33236002","CAP-FERRET",44.630667,-1.252,8,1977120412,"","","","",5.,1,120,1,"","","","","","","","","","","","","","","","","","","","","","","","","","","","",10.,1,5.6,1,"","","","","","","","","","","","","","","","","","","","","","","","","","",75,1,"","","","","","","","","","","","",9.2,1,1013.7,1,"","","","","","",8,1,0,1,5,1,7,1,"","","","","","","","","","","","","","","","","","","","","","","","","","",18000,1,"","",3,1,1,1,"","","","","","","","","","",4,1,270,1,"","","","","","","","","","","","","","","","","","","","","","","","","","","","","","","","","","","","","","","","","","","","","","","","","","","",""
"33236002","CAP-FERRET",44.630667,-1.252,8,1977120415,"","","","",3.,1,120,1,"","","","","","","","","","","","","","","","","","","","","","","","","","","","",10.4,1,8.1,1,"","","","","","","","","","","","","","","","","","","","","","","","","","",87,1,"","","","","","","","","","","","",11.,1,1013.5,1,"","","","","","",8,1,0,1,5,1,7,1,"","","","","","","","","","","","","","","","","","","","","","","","","","",14000,1,"","",2,1,2,1,"","","","","","","","","","",4,1,270,1,"","","","","","","","","","","","","","","","","","","","","","","","","","","","","","","","","","","","","","","","","","","","","","","","","","","",""
"33236002","CAP-FERRET",44.630667,-1.252,8,1977120418,"","","","",6.,1,120,1,"","","","","","","","","","","","","","","","","","","","","","","","","","","","",9.4,1,7.9,1,"","","","","","","","","","","","","","","","","","","","","","","","","","",90,1,"","","","","","","","","","","","",10.8,1,1014.7,1,"","","","","","",8,1,0,1,7,1,7,1,"","","","","","","","","","","","","","","","","","","","","","","","","","",8000,1,"","",61,1,6,1,"","","","","","","","","","",4,1,270,1,"","","","","","","","","","","","","","","","","","","","","","","","","","","","","","","","","","","","","","","","","","","","","","","","","","","",""
"33236002","CAP-FERRET",44.630667,-1.252,8,1977120421,"","","","",5.,1,120,1,"","","","","","","","","","","","","","","","","","","","","","","","","","","","",8.8,1,8.1,1,"","","","","","","","","","","","","","","","","","","","","","","","","","",97,1,"","","","","","","","","","","","",11.,1,1014.7,1,"","","","","","",8,1,5,1,7,1,7,1,"","","","","","","","","","","","","","","","","","","","","","","","","","",9000,1,"","",2,1,6,1,"","","","","","","","","","",4,1,270,1,"","","","","","","","","","","","","","","","","","","","","","","","","","","","","","","","","","","","","","","","","","","","","","","","","","","",""
"33236002","CAP-FERRET",44.630667,-1.252,8,1977120500,"","","","",6.,1,120,1,"","","","","","","","","","","","","","","","","","","","","","","","","","","","","","","","","","","","","","","","","","","","","","","","","","","","","","","","","","","","","","","","","","","","","","","","","","",1014.1,1,"","","","","","","","","","","","","","","","","","","","","","","","","","","","","","","","","","","","","","","","","","","","","","","","","","","","","","","","","","","","","","","","","","","","","","","","","","","","","","","","","","","","","","","","","","","","","","","","","","","","","","","","","","","","","","","","","",""
"33236002","CAP-FERRET",44.630667,-1.252,8,1977120503,"","","","",5.,1,120,1,"","","","","","","","","","","","","","","","","","","","","","","","","","","","",7.8,1,6.9,1,"","","","","","","","","","","","","","","","","","","","","","","","","","",96,1,"","","","","","","","","","","","",10.1,1,1013.3,1,"","","","","","",3,1,0,1,0,1,0,1,2,1,"","","","","","","","","","","","","","","","","","","","","","","","",8000,1,"","",0,1,"","","","","","","","","","","","",4,1,270,1,"","","","","","","","","","","","","","","","","","","","","","","","","","","","","","","","","","","","","","","","","","","","","","","","","","","",""
"33236002","CAP-FERRET",44.630667,-1.252,8,1977120506,"","","","",6.,1,120,1,"","","","","","","","","","","","","","","","","","","","","","","","","","","","",7.2,1,6.5,1,"","","","","","","","","","","","","","","","","","","","","","","","","","",97,1,"","","","","","","","","","","","",9.8,1,1012.1,1,"","","","","","",1,1,0,1,0,1,0,1,2,1,"","","","","","","","","","","","","","","","","","","","","","","","",8000,1,"","",0,1,"","","","","","","","","","","","",4,1,270,1,"","","","","","","","","","","","","","","","","","","","","","","","","","","","","","","","","","","","","","","","","","","","","","","","","","","",""
"33236002","CAP-FERRET",44.630667,-1.252,8,1977120509,"","","","",7.,1,120,1,"","","","","","","","","","","","","","","","","","","","","","","","","","","","",8.4,1,7.3,1,"","","","","","","","","","","","","","","","","","","","","","","","","","",95,1,"","","","","","","","","","","","",10.4,1,1010.5,1,"","","","","","",8,1,7,1,0,1,1,1,"","","","","","","","","","","","","","","","","","","","","","","","","","",8000,1,"","",3,1,1,1,"","","","","","","","","","",4,1,270,1,"","","","","","","","","","","","","","","","","","","","","","","","","","","","","","","","","","","","","","","","","","","","","","","","","","","",""
"33236002","CAP-FERRET",44.630667,-1.252,8,1977120512,"","","","",6.,1,120,1,"","","","","","","","","","","","","","","","","","","","","","","","","","","","",11.,1,8.8,1,"","","","","","","","","","","","","","","","","","","","","","","","","","",87,1,"","","","","","","","","","","","",11.5,1,1006.4,1,"","","","","","",8,1,8,1,0,1,1,1,"","","","","","","","","","","","","","","","","","","","","","","","","","",10000,1,"","",2,1,1,1,"","","","","","","","","","",4,1,270,1,"","","","","","","","","","","","","","","","","","","","","","","","","","","","","","","","","","","","","","","","","","","","","","","","","","","",""
"33236002","CAP-FERRET",44.630667,-1.252,8,1977120515,"","","","",6.,1,120,1,"","","","","","","","","","","","","","","","","","","","","","","","","","","","",11.2,1,8.5,1,"","","","","","","","","","","","","","","","","","","","","","","","","","",85,1,"","","","","","","","","","","","",11.3,1,1003.7,1,"","","","","","",8,1,8,1,0,1,2,1,"","","","","","","","","","","","","","","","","","","","","","","","","","",10000,1,"","",3,1,2,1,"","","","","","","","","","",3,1,270,1,"","","","","","","","","","","","","","","","","","","","","","","","","","","","","","","","","","","","","","","","","","","","","","","","","","","",""
"33236002","CAP-FERRET",44.630667,-1.252,8,1977120518,"","","","",6.,1,120,1,"","","","","","","","","","","","","","","","","","","","","","","","","","","","",10.,1,8.9,1,"","","","","","","","","","","","","","","","","","","","","","","","","","",95,1,"","","","","","","","","","","","",11.6,1,999.4,1,"","","","","","",8,1,8,1,0,1,2,1,"","","","","","","","","","","","","","","","","","","","","","","","","","",10000,1,"","",60,1,6,1,"","","","","","","","","","",4,1,270,1,"","","","","","","","","","","","","","","","","","","","","","","","","","","","","","","","","","","","","","","","","","","","","","","","","","","",""
"33236002","CAP-FERRET",44.630667,-1.252,8,1977120521,"","","","",12.,1,180,1,"","","","","","","","","","","","","","","","","","","","","","","","","","","","",10.,1,8.9,1,"","","","","","","","","","","","","","","","","","","","","","","","","","",95,1,"","","","","","","","","","","","",11.6,1,998.2,1,"","","","","","",8,1,8,1,8,1,"","","","","","","","","","","","","","","","","","","","","","","","","","","","",6000,1,"","",63,1,6,1,"","","","","","","","","","",4,1,270,1,"","","","","","","","","","","","","","","","","","","","","","","","","","","","","","","","","","","","","","","","","","","","","","","","","","","",""
"33236002","CAP-FERRET",44.630667,-1.252,8,1977120600,"","","","",11.,1,240,1,"","","","","","","","","","","","","","","","","","","","","","","","","","","","","","","","","","","","","","","","","","","","","","","","","","","","","","","","","","","","","","","","","","","","","","","","","","",999.4,1,"","","","","","","","","","","","","","","","","","","","","","","","","","","","","","","","","","","","","","","","","","","","","","","","","","","","","","","","","","","","","","","","","","","","","","","","","","","","","","","","","","","","","","","","","","","","","","","","","","","","","","","","","","","","","","","","","",""
"33236002","CAP-FERRET",44.630667,-1.252,8,1977120603,"","","","",18.,1,280,1,"","","","","","","","","","","","","","","","","","","","","","","","","","","","",10.4,1,6.9,1,"","","","","","","","","","","","","","","","","","","","","","","","","","",80,1,"","","","","","","","","","","","",10.1,1,1000.4,1,"","","","","","",8,1,8,1,7,1,"","","","","","","","","","","","","","","","","","","","","","","","","","","","",9000,1,"","",16,1,8,1,"","","","","","","","","","",5,1,250,1,"","","","","","","","","","","","","","","","","","","","","","","","","","","","","","","","","","","","","","","","","","","","","","","","","","","",""
"33236002","CAP-FERRET",44.630667,-1.252,8,1977120606,"","","","",15.,1,280,1,"","","","","","","","","","","","","","","","","","","","","","","","","","","","",9.8,1,7.9,1,"","","","","","","","","","","","","","","","","","","","","","","","","","",90,1,"","","","","","","","","","","","",10.8,1,1001.7,1,"","","","","","",8,1,8,1,7,1,"","","","","","","","","","","","","","","","","","","","","","","","","","","","",9000,1,"","",15,1,8,1,"","","","","","","","","","",5,1,250,1,"","","","","","","","","","","","","","","","","","","","","","","","","","","","","","","","","","","","","","","","","","","","","","","","","","","",""
"33236002","CAP-FERRET",44.630667,-1.252,8,1977120609,"","","","",18.,1,280,1,"","","","","","","","","","","","","","","","","","","","","","","","","","","","",11.,1,8.4,1,"","","","","","","","","","","","","","","","","","","","","","","","","","",85,1,"","","","","","","","","","","","",11.2,1,1002.7,1,"","","","","","",5,1,0,1,8,1,7,1,"","","","","","","","","","","","","","","","","","","","","","","","","","",12000,1,"","",15,1,8,1,"","","","","","","","","","",6,1,250,1,"","","","","","","","","","","","","","","","","","","","","","","","","","","","","","","","","","","","","","","","","","","","","","","","","","","",""
"33236002","CAP-FERRET",44.630667,-1.252,8,1977120612,"","","","",15.,1,260,1,"","","","","","","","","","","","","","","","","","","","","","","","","","","","",12.5,1,9.3,1,"","","","","","","","","","","","","","","","","","","","","","","","","","",79,1,"","","","","","","","","","","","",11.9,1,1003.7,1,"","","","","","",7,1,5,1,9,1,7,1,"","","","","","","","","","","","","","","","","","","","","","","","","","",10000,1,"","",15,1,8,1,"","","","","","","","","","",6,1,250,1,"","","","","","","","","","","","","","","","","","","","","","","","","","","","","","","","","","","","","","","","","","","","","","","","","","","",""
"33236002","CAP-FERRET",44.630667,-1.252,8,1977120615,"","","","",10.,1,240,1,"","","","","","","","","","","","","","","","","","","","","","","","","","","","",12.,1,7.3,1,"","","","","","","","","","","","","","","","","","","","","","","","","","",74,1,"","","","","","","","","","","","",10.4,1,1003.7,1,"","","","","","",8,1,5,1,9,1,7,1,"","","","","","","","","","","","","","","","","","","","","","","","","","",20000,1,"","",2,1,8,1,"","","","","","","","","","",6,1,250,1,"","","","","","","","","","","","","","","","","","","","","","","","","","","","","","","","","","","","","","","","","","","","","","","","","","","",""
"33236002","CAP-FERRET",44.630667,-1.252,8,1977120618,"","","","",5.,1,220,1,"","","","","","","","","","","","","","","","","","","","","","","","","","","","",11.2,1,8.5,1,"","","","","","","","","","","","","","","","","","","","","","","","","","",85,1,"","","","","","","","","","","","",11.3,1,1002.3,1,"","","","","","",7,1,7,1,8,1,"","","","","","","","","","","","","","","","","","","","","","","","","","","","",18000,1,"","",2,1,8,1,"","","","","","","","","","",5,1,250,1,"","","","","","","","","","","","","","","","","","","","","","","","","","","","","","","","","","","","","","","","","","","","","","","","","","","",""
"33236002","CAP-FERRET",44.630667,-1.252,8,1977120621,"","","","",5.,1,180,1,"","","","","","","","","","","","","","","","","","","","","","","","","","","","",11.5,1,5.6,1,"","","","","","","","","","","","","","","","","","","","","","","","","","",68,1,"","","","","","","","","","","","",9.2,1,1000.8,1,"","","","","","",6,1,6,1,8,1,0,1,0,1,"","","","","","","","","","","","","","","","","","","","","","","","",20000,1,"","",2,1,2,1,"","","","","","","","","","",5,1,250,1,"","","","","","","","","","","","","","","","","","","","","","","","","","","","","","","","","","","","","","","","","","","","","","","","","","","",""
"33236002","CAP-FERRET",44.630667,-1.252,8,1977120700,"","","","",8.,1,200,1,"","","","","","","","","","","","","","","","","","","","","","","","","","","","","","","","","","","","","","","","","","","","","","","","","","","","","","","","","","","","","","","","","","","","","","","","","","",999.3,1,"","","","","","","","","","","","","","","","","","","","","","","","","","","","","","","","","","","","","","","","","","","","","","","","","","","","","","","","","","","","","","","","","","","","","","","","","","","","","","","","","","","","","","","","","","","","","","","","","","","","","","","","","","","","","","","","","",""
"33236002","CAP-FERRET",44.630667,-1.252,8,1977120703,"","","","",6.,1,180,1,"","","","","","","","","","","","","","","","","","","","","","","","","","","","",10.2,1,6.6,1,"","","","","","","","","","","","","","","","","","","","","","","","","","",79,1,"","","","","","","","","","","","",9.9,1,998.1,1,"","","","","","",2,1,0,1,0,1,0,1,2,1,"","","","","","","","","","","","","","","","","","","","","","","","",12000,1,"","",0,1,"","","","","","","","","","","","",5,1,270,1,"","","","","","","","","","","","","","","","","","","","","","","","","","","","","","","","","","","","","","","","","","","","","","","","","","","",""
"33236002","CAP-FERRET",44.630667,-1.252,8,1977120706,"","","","",6.,1,160,1,"","","","","","","","","","","","","","","","","","","","","","","","","","","","",10.6,1,7.1,1,"","","","","","","","","","","","","","","","","","","","","","","","","","",80,1,"","","","","","","","","","","","",10.2,1,995.6,1,"","","","","","",5,1,0,1,8,1,0,1,2,1,"","","","","","","","","","","","","","","","","","","","","","","","",8000,1,"","",0,1,"","","","","","","","","","","","",5,1,270,1,"","","","","","","","","","","","","","","","","","","","","","","","","","","","","","","","","","","","","","","","","","","","","","","","","","","",""
"33236002","CAP-FERRET",44.630667,-1.252,8,1977120709,"","","","",10.,1,180,1,"","","","","","","","","","","","","","","","","","","","","","","","","","","","",13.6,1,9.9,1,"","","","","","","","","","","","","","","","","","","","","","","","","","",80,1,"","","","","","","","","","","","",12.4,1,993.5,1,"","","","","","",8,1,8,1,5,1,"","","","","","","","","","","","","","","","","","","","","","","","","","","","",15000,1,"","",3,1,2,1,"","","","","","","","","","",5,1,270,1,"","","","","","","","","","","","","","","","","","","","","","","","","","","","","","","","","","","","","","","","","","","","","","","","","","","",""
"33236002","CAP-FERRET",44.630667,-1.252,8,1977120712,"","","","",10.,1,180,1,"","","","","","","","","","","","","","","","","","","","","","","","","","","","",11.8,1,10.3,1,"","","","","","","","","","","","","","","","","","","","","","","","","","",92,1,"","","","","","","","","","","","",12.8,1,991.1,1,"","","","","","",8,1,8,1,0,1,2,1,"","","","","","","","","","","","","","","","","","","","","","","","","","",10000,1,"","",60,1,6,1,"","","","","","","","","","",5,1,270,1,"","","","","","","","","","","","","","","","","","","","","","","","","","","","","","","","","","","","","","","","","","","","","","","","","","","",""
"33236002","CAP-FERRET",44.630667,-1.252,8,1977120715,"","","","",9.,1,120,1,"","","","","","","","","","","","","","","","","","","","","","","","","","","","",10.6,1,9.2,1,"","","","","","","","","","","","","","","","","","","","","","","","","","",92,1,"","","","","","","","","","","","",11.8,1,988.2,1,"","","","","","",8,1,8,1,5,1,"","","","","","","","","","","","","","","","","","","","","","","","","","","","",15000,1,"","",2,1,6,1,"","","","","","","","","","",5,1,270,1,"","","","","","","","","","","","","","","","","","","","","","","","","","","","","","","","","","","","","","","","","","","","","","","","","","","",""
"33236002","CAP-FERRET",44.630667,-1.252,8,1977120718,"","","","",7.,1,180,1,"","","","","","","","","","","","","","","","","","","","","","","","","","","","",11.6,1,9.3,1,"","","","","","","","","","","","","","","","","","","","","","","","","","",88,1,"","","","","","","","","","","","",11.9,1,987.8,1,"","","","","","",8,1,8,1,5,1,"","","","","","","","","","","","","","","","","","","","","","","","","","","","",15000,1,"","",2,1,6,1,"","","","","","","","","","",5,1,270,1,"","","","","","","","","","","","","","","","","","","","","","","","","","","","","","","","","","","","","","","","","","","","","","","","","","","",""
"33236002","CAP-FERRET",44.630667,-1.252,8,1977120721,"","","","",10.,1,200,1,"","","","","","","","","","","","","","","","","","","","","","","","","","","","",13.4,1,9.3,1,"","","","","","","","","","","","","","","","","","","","","","","","","","",77,1,"","","","","","","","","","","","",11.9,1,988.2,1,"","","","","","",3,1,0,1,0,1,0,1,2,1,"","","","","","","","","","","","","","","","","","","","","","","","",18000,1,"","",1,1,1,1,"","","","","","","","","","",5,1,270,1,"","","","","","","","","","","","","","","","","","","","","","","","","","","","","","","","","","","","","","","","","","","","","","","","","","","",""
"33236002","CAP-FERRET",44.630667,-1.252,8,1977120800,"","","","",12.,1,220,1,"","","","","","","","","","","","","","","","","","","","","","","","","","","","","","","","","","","","","","","","","","","","","","","","","","","","","","","","","","","","","","","","","","","","","","","","","","",991.7,1,"","","","","","","","","","","","","","","","","","","","","","","","","","","","","","","","","","","","","","","","","","","","","","","","","","","","","","","","","","","","","","","","","","","","","","","","","","","","","","","","","","","","","","","","","","","","","","","","","","","","","","","","","","","","","","","","","",""
"33236002","CAP-FERRET",44.630667,-1.252,8,1977120803,"","","","",15.,1,280,1,"","","","","","","","","","","","","","","","","","","","","","","","","","","","",12.5,1,8.9,1,"","","","","","","","","","","","","","","","","","","","","","","","","","",80,1,"","","","","","","","","","","","",11.6,1,993.7,1,"","","","","","",0,1,"","",0,1,0,1,0,1,"","","","","","","","","","","","","","","","","","","","","","","","",16000,1,"","",0,1,"","","","","","","","","","","","",5,1,290,1,"","","","","","","","","","","","","","","","","","","","","","","","","","","","","","","","","","","","","","","","","","","","","","","","","","","",""
"33236002","CAP-FERRET",44.630667,-1.252,8,1977120806,"","","","",15.,1,280,1,"","","","","","","","","","","","","","","","","","","","","","","","","","","","",11.8,1,9.6,1,"","","","","","","","","","","","","","","","","","","","","","","","","","",88,1,"","","","","","","","","","","","",12.2,1,996.7,1,"","","","","","",0,1,"","",0,1,0,1,0,1,"","","","","","","","","","","","","","","","","","","","","","","","",15000,1,"","",2,1,0,1,"","","","","","","","","","",5,1,290,1,"","","","","","","","","","","","","","","","","","","","","","","","","","","","","","","","","","","","","","","","","","","","","","","","","","","",""
"33236002","CAP-FERRET",44.630667,-1.252,8,1977120809,"","","","",13.,1,280,1,"","","","","","","","","","","","","","","","","","","","","","","","","","","","",11.6,1,8.1,1,"","","","","","","","","","","","","","","","","","","","","","","","","","",81,1,"","","","","","","","","","","","",11.,1,1000.3,1,"","","","","","",6,1,0,1,8,1,6,1,3,1,"","","","","","","","","","","","","","","","","","","","","","","","",15000,1,"","",3,1,1,1,"","","","","","","","","","",5,1,290,1,"","","","","","","","","","","","","","","","","","","","","","","","","","","","","","","","","","","","","","","","","","","","","","","","","","","",""
"33236002","CAP-FERRET",44.630667,-1.252,8,1977120812,"","","","",11.,1,280,1,"","","","","","","","","","","","","","","","","","","","","","","","","","","","",12.,1,7.7,1,"","","","","","","","","","","","","","","","","","","","","","","","","","",76,1,"","","","","","","","","","","","",10.7,1,1002.3,1,"","","","","","",8,1,8,1,8,1,"","","","","","","","","","","","","","","","","","","","","","","","","","","","",18000,1,"","",2,1,1,1,"","","","","","","","","","",5,1,290,1,"","","","","","","","","","","","","","","","","","","","","","","","","","","","","","","","","","","","","","","","","","","","","","","","","","","",""
"33236002","CAP-FERRET",44.630667,-1.252,8,1977120815,"","","","",14.,1,280,1,"","","","","","","","","","","","","","","","","","","","","","","","","","","","",11.4,1,4.3,1,"","","","","","","","","","","","","","","","","","","","","","","","","","",62,1,"","","","","","","","","","","","",8.4,1,1004.7,1,"","","","","","",6,1,6,1,8,1,0,1,0,1,"","","","","","","","","","","","","","","","","","","","","","","","",18000,1,"","",2,1,2,1,"","","","","","","","","","",5,1,290,1,"","","","","","","","","","","","","","","","","","","","","","","","","","","","","","","","","","","","","","","","","","","","","","","","","","","",""
"33236002","CAP-FERRET",44.630667,-1.252,8,1977120818,"","","","",13.,1,280,1,"","","","","","","","","","","","","","","","","","","","","","","","","","","","","","",6.2,1,"","","","","","","","","","","","","","","","","","","","","","","","","","",73,1,"","","","","","","","","","","","",9.6,1,1006.7,1,"","","","","","",6,1,6,1,8,1,0,1,0,1,"","","","","","","","","","","","","","","","","","","","","","","","",18000,1,"","",2,1,2,1,"","","","","","","","","","",5,1,290,1,"","","","","","","","","","","","","","","","","","","","","","","","","","","","","","","","","","","","","","","","","","","","","","","","","","","",""
"33236002","CAP-FERRET",44.630667,-1.252,8,1977120821,"","","","",11.,1,280,1,"","","","","","","","","","","","","","","","","","","","","","","","","","","","",10.2,1,7.1,1,"","","","","","","","","","","","","","","","","","","","","","","","","","",82,1,"","","","","","","","","","","","",10.2,1,1007.7,1,"","","","","","",3,1,0,1,8,1,0,1,0,1,"","","","","","","","","","","","","","","","","","","","","","","","",15000,1,"","",1,1,8,1,"","","","","","","","","","",5,1,290,1,"","","","","","","","","","","","","","","","","","","","","","","","","","","","","","","","","","","","","","","","","","","","","","","","","","","",""
"33236002","CAP-FERRET",44.630667,-1.252,8,1977120900,"","","","",10.,1,280,1,"","","","","","","","","","","","","","","","","","","","","","","","","","","","","","","","","","","","","","","","","","","","","","","","","","","","","","","","","","","","","","","","","","","","","","","","","","",1008.4,1,"","","","","","","","","","","","","","","","","","","","","","","","","","","","","","","","","","","","","","","","","","","","","","","","","","","","","","","","","","","","","","","","","","","","","","","","","","","","","","","","","","","","","","","","","","","","","","","","","","","","","","","","","","","","","","","","","",""
"33236002","CAP-FERRET",44.630667,-1.252,8,1977120903,"","","","",8.,1,280,1,"","","","","","","","","","","","","","","","","","","","","","","","","","","","",10.8,1,7.3,1,"","","","","","","","","","","","","","","","","","","","","","","","","","",80,1,"","","","","","","","","","","","",10.4,1,1009.4,1,"","","","","","",2,1,0,1,2,1,0,1,0,1,"","","","","","","","","","","","","","","","","","","","","","","","",15000,1,"","",0,1,"","","","","","","","","","","","",5,1,270,1,"","","","","","","","","","","","","","","","","","","","","","","","","","","","","","","","","","","","","","","","","","","","","","","","","","","",""
"33236002","CAP-FERRET",44.630667,-1.252,8,1977120906,"","","","",7.,1,280,1,"","","","","","","","","","","","","","","","","","","","","","","","","","","","",9.8,1,8.,1,"","","","","","","","","","","","","","","","","","","","","","","","","","",90,1,"","","","","","","","","","","","",10.9,1,1009.8,1,"","","","","","",2,1,0,1,2,1,0,1,0,1,"","","","","","","","","","","","","","","","","","","","","","","","",15000,1,"","",0,1,"","","","","","","","","","","","",5,1,270,1,"","","","","","","","","","","","","","","","","","","","","","","","","","","","","","","","","","","","","","","","","","","","","","","","","","","",""
"33236002","CAP-FERRET",44.630667,-1.252,8,1977120909,"","","","",3.,1,240,1,"","","","","","","","","","","","","","","","","","","","","","","","","","","","",9.,1,8.,1,"","","","","","","","","","","","","","","","","","","","","","","","","","",95,1,"","","","","","","","","","","","",10.9,1,1011.,1,"","","","","","",4,1,0,1,8,1,0,1,0,1,"","","","","","","","","","","","","","","","","","","","","","","","",8000,1,"","",3,1,0,1,"","","","","","","","","","",5,1,270,1,"","","","","","","","","","","","","","","","","","","","","","","","","","","","","","","","","","","","","","","","","","","","","","","","","","","",""
"33236002","CAP-FERRET",44.630667,-1.252,8,1977120912,"","","","",5.,1,220,1,"","","","","","","","","","","","","","","","","","","","","","","","","","","","",12.2,1,7.5,1,"","","","","","","","","","","","","","","","","","","","","","","","","","",74,1,"","","","","","","","","","","","",10.5,1,1010.3,1,"","","","","","",3,1,0,1,2,1,0,1,2,1,"","","","","","","","","","","","","","","","","","","","","","","","",8000,1,"","",2,1,0,1,"","","","","","","","","","",5,1,270,1,"","","","","","","","","","","","","","","","","","","","","","","","","","","","","","","","","","","","","","","","","","","","","","","","","","","",""
"33236002","CAP-FERRET",44.630667,-1.252,8,1977120915,"","","","",3.,1,160,1,"","","","","","","","","","","","","","","","","","","","","","","","","","","","",12.,1,5.9,1,"","","","","","","","","","","","","","","","","","","","","","","","","","",67,1,"","","","","","","","","","","","",9.4,1,1008.7,1,"","","","","","",3,1,0,1,0,1,0,1,2,1,"","","","","","","","","","","","","","","","","","","","","","","","",12000,1,"","",2,1,0,1,"","","","","","","","","","",5,1,270,1,"","","","","","","","","","","","","","","","","","","","","","","","","","","","","","","","","","","","","","","","","","","","","","","","","","","",""
"33236002","CAP-FERRET",44.630667,-1.252,8,1977120918,"","","","",4.,1,120,1,"","","","","","","","","","","","","","","","","","","","","","","","","","","","",9.6,1,6.1,1,"","","","","","","","","","","","","","","","","","","","","","","","","","",79,1,"","","","","","","","","","","","",9.5,1,1008.1,1,"","","","","","",5,1,5,1,0,1,0,1,2,1,"","","","","","","","","","","","","","","","","","","","","","","","",12000,1,"","",3,1,1,1,"","","","","","","","","","",5,1,270,1,"","","","","","","","","","","","","","","","","","","","","","","","","","","","","","","","","","","","","","","","","","","","","","","","","","","",""
"33236002","CAP-FERRET",44.630667,-1.252,8,1977120921,"","","","",7.,1,120,1,"","","","","","","","","","","","","","","","","","","","","","","","","","","","",9.,1,4.8,1,"","","","","","","","","","","","","","","","","","","","","","","","","","",76,1,"","","","","","","","","","","","",8.7,1,1006.9,1,"","","","","","",7,1,7,1,5,1,"","","","","","","","","","","","","","","","","","","","","","","","","","","","",12000,1,"","",2,1,2,1,"","","","","","","","","","",4,1,270,1,"","","","","","","","","","","","","","","","","","","","","","","","","","","","","","","","","","","","","","","","","","","","","","","","","","","",""
"33236002","CAP-FERRET",44.630667,-1.252,8,1977121000,"","","","",6.,1,180,1,"","","","","","","","","","","","","","","","","","","","","","","","","","","","","","","","","","","","","","","","","","","","","","","","","","","","","","","","","","","","","","","","","","","","","","","","","","",1005.7,1,"","","","","","","","","","","","","","","","","","","","","","","","","","","","","","","","","","","","","","","","","","","","","","","","","","","","","","","","","","","","","","","","","","","","","","","","","","","","","","","","","","","","","","","","","","","","","","","","","","","","","","","","","","","","","","","","","",""
"33236002","CAP-FERRET",44.630667,-1.252,8,1977121003,"","","","",6.,1,200,1,"","","","","","","","","","","","","","","","","","","","","","","","","","","","",10.5,1,10.5,1,"","","","","","","","","","","","","","","","","","","","","","","","","","",100,1,"","","","","","","","","","","","",12.7,1,1006.7,1,"","","","","","",8,1,8,1,7,1,"","","","","","","","","","","","","","","","","","","","","","","","","","","","",6000,1,"","",61,1,"","","","","","","","","","","","",4,1,270,1,"","","","","","","","","","","","","","","","","","","","","","","","","","","","","","","","","","","","","","","","","","","","","","","","","","","",""
"33236002","CAP-FERRET",44.630667,-1.252,8,1977121006,"","","","",7.,1,260,1,"","","","","","","","","","","","","","","","","","","","","","","","","","","","",12.8,1,12.8,1,"","","","","","","","","","","","","","","","","","","","","","","","","","",100,1,"","","","","","","","","","","","",14.8,1,1008.1,1,"","","","","","",8,1,5,1,7,1,7,1,"","","","","","","","","","","","","","","","","","","","","","","","","","",10000,1,"","",2,1,6,1,"","","","","","","","","","",4,1,270,1,"","","","","","","","","","","","","","","","","","","","","","","","","","","","","","","","","","","","","","","","","","","","","","","","","","","",""
"33236002","CAP-FERRET",44.630667,-1.252,8,1977121009,"","","","",3.,1,300,1,"","","","","","","","","","","","","","","","","","","","","","","","","","","","",12.4,1,12.4,1,"","","","","","","","","","","","","","","","","","","","","","","","","","",100,1,"","","","","","","","","","","","",14.4,1,1010.7,1,"","","","","","",8,1,6,1,5,1,7,1,"","","","","","","","","","","","","","","","","","","","","","","","","","",10000,1,"","",2,1,2,1,"","","","","","","","","","",3,1,270,1,"","","","","","","","","","","","","","","","","","","","","","","","","","","","","","","","","","","","","","","","","","","","","","","","","","","",""
"33236002","CAP-FERRET",44.630667,-1.252,8,1977121012,"","","","",6.,1,200,1,"","","","","","","","","","","","","","","","","","","","","","","","","","","","",14.2,1,13.2,1,"","","","","","","","","","","","","","","","","","","","","","","","","","",95,1,"","","","","","","","","","","","",15.5,1,1009.5,1,"","","","","","",6,1,6,1,5,1,0,1,0,1,"","","","","","","","","","","","","","","","","","","","","","","","",10000,1,"","",1,1,2,1,"","","","","","","","","","",3,1,270,1,"","","","","","","","","","","","","","","","","","","","","","","","","","","","","","","","","","","","","","","","","","","","","","","","","","","",""
"33236002","CAP-FERRET",44.630667,-1.252,8,1977121015,"","","","",3.,1,260,1,"","","","","","","","","","","","","","","","","","","","","","","","","","","","",15.6,1,13.1,1,"","","","","","","","","","","","","","","","","","","","","","","","","","",87,1,"","","","","","","","","","","","",15.4,1,1007.7,1,"","","","","","",7,1,5,1,5,1,7,1,4,1,"","","","","","","","","","","","","","","","","","","","","","","","",16000,1,"","",80,1,2,1,"","","","","","","","","","",3,1,270,1,"","","","","","","","","","","","","","","","","","","","","","","","","","","","","","","","","","","","","","","","","","","","","","","","","","","",""
"33236002","CAP-FERRET",44.630667,-1.252,8,1977121018,"","","","",7.,1,120,1,"","","","","","","","","","","","","","","","","","","","","","","","","","","","",14.4,1,12.6,1,"","","","","","","","","","","","","","","","","","","","","","","","","","",91,1,"","","","","","","","","","","","",14.9,1,1007.4,1,"","","","","","",7,1,7,1,5,1,"","","","","","","","","","","","","","","","","","","","","","","","","","","","",16000,1,"","",2,1,8,1,"","","","","","","","","","",3,1,270,1,"","","","","","","","","","","","","","","","","","","","","","","","","","","","","","","","","","","","","","","","","","","","","","","","","","","",""
"33236002","CAP-FERRET",44.630667,-1.252,8,1977121021,"","","","",7.,1,160,1,"","","","","","","","","","","","","","","","","","","","","","","","","","","","",14.5,1,11.3,1,"","","","","","","","","","","","","","","","","","","","","","","","","","",83,1,"","","","","","","","","","","","",13.7,1,1006.3,1,"","","","","","",6,1,5,1,5,1,0,1,0,1,"","","","","","","","","","","","","","","","","","","","","","","","",18000,1,"","",1,1,2,1,"","","","","","","","","","",3,1,270,1,"","","","","","","","","","","","","","","","","","","","","","","","","","","","","","","","","","","","","","","","","","","","","","","","","","","",""
"33236002","CAP-FERRET",44.630667,-1.252,8,1977121100,"","","","",7.,1,180,1,"","","","","","","","","","","","","","","","","","","","","","","","","","","","","","","","","","","","","","","","","","","","","","","","","","","","","","","","","","","","","","","","","","","","","","","","","","",1008.,1,"","","","","","","","","","","","","","","","","","","","","","","","","","","","","","","","","","","","","","","","","","","","","","","","","","","","","","","","","","","","","","","","","","","","","","","","","","","","","","","","","","","","","","","","","","","","","","","","","","","","","","","","","","","","","","","","","",""
"33236002","CAP-FERRET",44.630667,-1.252,8,1977121103,"","","","",8.,1,220,1,"","","","","","","","","","","","","","","","","","","","","","","","","","","","",15.,1,11.,1,"","","","","","","","","","","","","","","","","","","","","","","","","","",79,1,"","","","","","","","","","","","",13.4,1,1009.,1,"","","","","","",6,1,0,1,8,1,0,1,2,1,"","","","","","","","","","","","","","","","","","","","","","","","",12000,1,"","",0,1,"","","","","","","","","","","","",4,1,270,1,"","","","","","","","","","","","","","","","","","","","","","","","","","","","","","","","","","","","","","","","","","","","","","","","","","","",""
"33236002","CAP-FERRET",44.630667,-1.252,8,1977121106,"","","","",7.,1,320,1,"","","","","","","","","","","","","","","","","","","","","","","","","","","","",13.4,1,12.4,1,"","","","","","","","","","","","","","","","","","","","","","","","","","",96,1,"","","","","","","","","","","","",14.7,1,1010.7,1,"","","","","","",8,1,8,1,8,1,"","","","","","","","","","","","","","","","","","","","","","","","","","","","",8000,1,"","",0,1,"","","","","","","","","","","","",4,1,270,1,"","","","","","","","","","","","","","","","","","","","","","","","","","","","","","","","","","","","","","","","","","","","","","","","","","","",""
"33236002","CAP-FERRET",44.630667,-1.252,8,1977121109,"","","","",6.,1,320,1,"","","","","","","","","","","","","","","","","","","","","","","","","","","","",12.2,1,11.4,1,"","","","","","","","","","","","","","","","","","","","","","","","","","",97,1,"","","","","","","","","","","","",13.8,1,1013.8,1,"","","","","","",8,1,8,1,7,1,"","","","","","","","","","","","","","","","","","","","","","","","","","","","",4000,1,"","",61,1,6,1,"","","","","","","","","","",4,1,270,1,"","","","","","","","","","","","","","","","","","","","","","","","","","","","","","","","","","","","","","","","","","","","","","","","","","","",""
"33236002","CAP-FERRET",44.630667,-1.252,8,1977121112,"","","","",2.,1,320,1,"","","","","","","","","","","","","","","","","","","","","","","","","","","","",11.6,1,11.6,1,"","","","","","","","","","","","","","","","","","","","","","","","","","",100,1,"","","","","","","","","","","","",13.7,1,1015.5,1,"","","","","","",8,1,8,1,5,1,"","","","","","","","","","","","","","","","","","","","","","","","","","","","",10000,1,"","",60,1,6,1,"","","","","","","","","","",4,1,270,1,"","","","","","","","","","","","","","","","","","","","","","","","","","","","","","","","","","","","","","","","","","","","","","","","","","","",""
"33236002","CAP-FERRET",44.630667,-1.252,8,1977121115,"","","","",1.,1,120,1,"","","","","","","","","","","","","","","","","","","","","","","","","","","","",11.5,1,11.5,1,"","","","","","","","","","","","","","","","","","","","","","","","","","",100,1,"","","","","","","","","","","","",13.6,1,1015.9,1,"","","","","","",8,1,8,1,5,1,"","","","","","","","","","","","","","","","","","","","","","","","","","","","",8000,1,"","",61,1,6,1,"","","","","","","","","","",4,1,270,1,"","","","","","","","","","","","","","","","","","","","","","","","","","","","","","","","","","","","","","","","","","","","","","","","","","","",""
"33236002","CAP-FERRET",44.630667,-1.252,8,1977121118,"","","","",0.,1,0,1,"","","","","","","","","","","","","","","","","","","","","","","","","","","","",11.,1,11.,1,"","","","","","","","","","","","","","","","","","","","","","","","","","",100,1,"","","","","","","","","","","","",13.1,1,1018.1,1,"","","","","","",8,1,8,1,5,1,"","","","","","","","","","","","","","","","","","","","","","","","","","","","",8000,1,"","",61,1,6,1,"","","","","","","","","","",4,1,270,1,"","","","","","","","","","","","","","","","","","","","","","","","","","","","","","","","","","","","","","","","","","","","","","","","","","","",""
"33236002","CAP-FERRET",44.630667,-1.252,8,1977121121,"","","","",2.,1,320,1,"","","","","","","","","","","","","","","","","","","","","","","","","","","","",11.2,1,11.2,1,"","","","","","","","","","","","","","","","","","","","","","","","","","",100,1,"","","","","","","","","","","","",13.3,1,1019.6,1,"","","","","","",8,1,8,1,7,1,"","","","","","","","","","","","","","","","","","","","","","","","","","","","",4000,1,"","",61,1,6,1,"","","","","","","","","","",4,1,270,1,"","","","","","","","","","","","","","","","","","","","","","","","","","","","","","","","","","","","","","","","","","","","","","","","","","","",""
"33236002","CAP-FERRET",44.630667,-1.252,8,1977121200,"","","","",0.,1,0,1,"","","","","","","","","","","","","","","","","","","","","","","","","","","","","","","","","","","","","","","","","","","","","","","","","","","","","","","","","","","","","","","","","","","","","","","","","","",1020.5,1,"","","","","","","","","","","","","","","","","","","","","","","","","","","","","","","","","","","","","","","","","","","","","","","","","","","","","","","","","","","","","","","","","","","","","","","","","","","","","","","","","","","","","","","","","","","","","","","","","","","","","","","","","","","","","","","","","",""
"33236002","CAP-FERRET",44.630667,-1.252,8,1977121203,"","","","",0.,1,0,1,"","","","","","","","","","","","","","","","","","","","","","","","","","","","",10.5,1,10.5,1,"","","","","","","","","","","","","","","","","","","","","","","","","","",100,1,"","","","","","","","","","","","",12.7,1,1021.5,1,"","","","","","",8,1,8,1,7,1,"","","","","","","","","","","","","","","","","","","","","","","","","","","","",1000,1,"","",61,1,"","","","","","","","","","","","",4,1,270,1,"","","","","","","","","","","","","","","","","","","","","","","","","","","","","","","","","","","","","","","","","","","","","","","","","","","",""
"33236002","CAP-FERRET",44.630667,-1.252,8,1977121206,"","","","",2.,1,340,1,"","","","","","","","","","","","","","","","","","","","","","","","","","","","",10.5,1,10.5,1,"","","","","","","","","","","","","","","","","","","","","","","","","","",100,1,"","","","","","","","","","","","",12.7,1,1023.3,1,"","","","","","",8,1,8,1,7,1,"","","","","","","","","","","","","","","","","","","","","","","","","","","","",4500,1,"","",61,1,6,1,"","","","","","","","","","",4,1,270,1,"","","","","","","","","","","","","","","","","","","","","","","","","","","","","","","","","","","","","","","","","","","","","","","","","","","",""
"33236002","CAP-FERRET",44.630667,-1.252,8,1977121209,"","","","",2.,1,20,1,"","","","","","","","","","","","","","","","","","","","","","","","","","","","",10.5,1,10.5,1,"","","","","","","","","","","","","","","","","","","","","","","","","","",100,1,"","","","","","","","","","","","",12.7,1,1025.5,1,"","","","","","",8,1,8,1,7,1,"","","","","","","","","","","","","","","","","","","","","","","","","","","","",15000,1,"","",61,1,6,1,"","","","","","","","","","",4,1,270,1,"","","","","","","","","","","","","","","","","","","","","","","","","","","","","","","","","","","","","","","","","","","","","","","","","","","",""
"33236002","CAP-FERRET",44.630667,-1.252,8,1977121212,"","","","",1.,1,40,1,"","","","","","","","","","","","","","","","","","","","","","","","","","","","",10.5,1,10.5,1,"","","","","","","","","","","","","","","","","","","","","","","","","","",100,1,"","","","","","","","","","","","",12.7,1,1026.9,1,"","","","","","",8,1,6,1,7,1,7,1,"","","","","","","","","","","","","","","","","","","","","","","","","","",15000,1,"","",2,1,6,1,"","","","","","","","","","",4,1,270,1,"","","","","","","","","","","","","","","","","","","","","","","","","","","","","","","","","","","","","","","","","","","","","","","","","","","",""
"33236002","CAP-FERRET",44.630667,-1.252,8,1977121215,"","","","",2.,1,260,1,"","","","","","","","","","","","","","","","","","","","","","","","","","","","",10.5,1,9.3,1,"","","","","","","","","","","","","","","","","","","","","","","","","","",93,1,"","","","","","","","","","","","",11.9,1,1028.3,1,"","","","","","",8,1,6,1,6,1,"","","","","","","","","","","","","","","","","","","","","","","","","","","","",6000,1,"","",2,1,2,1,"","","","","","","","","","",4,1,270,1,"","","","","","","","","","","","","","","","","","","","","","","","","","","","","","","","","","","","","","","","","","","","","","","","","","","",""
"33236002","CAP-FERRET",44.630667,-1.252,8,1977121218,"","","","",3.,1,220,1,"","","","","","","","","","","","","","","","","","","","","","","","","","","","",10.5,1,10.5,1,"","","","","","","","","","","","","","","","","","","","","","","","","","",100,1,"","","","","","","","","","","","",12.7,1,1029.5,1,"","","","","","",8,1,5,1,6,1,7,1,"","","","","","","","","","","","","","","","","","","","","","","","","","",6000,1,"","",2,1,6,1,"","","","","","","","","","",4,1,270,1,"","","","","","","","","","","","","","","","","","","","","","","","","","","","","","","","","","","","","","","","","","","","","","","","","","","",""
"33236002","CAP-FERRET",44.630667,-1.252,8,1977121221,"","","","",2.,1,120,1,"","","","","","","","","","","","","","","","","","","","","","","","","","","","",8.4,1,8.,1,"","","","","","","","","","","","","","","","","","","","","","","","","","",97,1,"","","","","","","","","","","","",10.9,1,1031.5,1,"","","","","","",0,1,"","",0,1,0,1,0,1,"","","","","","","","","","","","","","","","","","","","","","","","",4000,1,"","",10,1,1,1,"","","","","","","","","","",4,1,270,1,"","","","","","","","","","","","","","","","","","","","","","","","","","","","","","","","","","","","","","","","","","","","","","","","","","","",""
"33236002","CAP-FERRET",44.630667,-1.252,8,1977121300,"","","","","","","","","","","","","","","","","","","","","","","","","","","","","","","","","","","","","","","","","","","","","","","","","","","","","","","","","","","","","","","","","","","","","","","","","","","","","","","","","","",1032.4,1,"","","","","","","","","","","","","","","","","","","","","","","","","","","","","","","","","","","","","","","","","","","","","","","","","","","","","","","","","","","","","","","","","","","","","","","","","","","","","","","","","","","","","","","","","","","","","","","","","","","","","","","","","","","","","","","","","",""
"33236002","CAP-FERRET",44.630667,-1.252,8,1977121303,"","","","",2.,1,80,1,"","","","","","","","","","","","","","","","","","","","","","","","","","","","",8.,1,8.,1,"","","","","","","","","","","","","","","","","","","","","","","","","","",100,1,"","","","","","","","","","","","",10.7,1,1032.6,1,"","","","","","",0,1,"","",0,1,0,1,0,1,"","","","","","","","","","","","","","","","","","","","","","","","",5000,1,"","",0,1,"","","","","","","","","","","","",4,1,270,1,"","","","","","","","","","","","","","","","","","","","","","","","","","","","","","","","","","","","","","","","","","","","","","","","","","","",""
"33236002","CAP-FERRET",44.630667,-1.252,8,1977121306,"","","","",3.,1,60,1,"","","","","","","","","","","","","","","","","","","","","","","","","","","","",7.4,1,7.4,1,"","","","","","","","","","","","","","","","","","","","","","","","","","",100,1,"","","","","","","","","","","","",10.3,1,1033.3,1,"","","","","","",8,1,8,1,6,1,"","","","","","","","","","","","","","","","","","","","","","","","","","","","",1100,1,"","",10,1,4,1,"","","","","","","","","","",4,1,270,1,"","","","","","","","","","","","","","","","","","","","","","","","","","","","","","","","","","","","","","","","","","","","","","","","","","","",""
"33236002","CAP-FERRET",44.630667,-1.252,8,1977121309,"","","","",3.,1,60,1,"","","","","","","","","","","","","","","","","","","","","","","","","","","","",6.8,1,6.8,1,"","","","","","","","","","","","","","","","","","","","","","","","","","",100,1,"","","","","","","","","","","","",9.8,1,1034.1,1,"","","","","","",9,1,"","","","","","","","","","","","","","","","","","","","","","","","","","","","","","","","",80,1,"","",45,1,4,1,"","","","","","","","","","","","","","","","","","","","","","","","","","","","","","","","","","","","","","","","","","","","","","","","","","","","","","","","","","","","","","","","","",""
"33236002","CAP-FERRET",44.630667,-1.252,8,1977121312,"","","","",3.,1,60,1,"","","","","","","","","","","","","","","","","","","","","","","","","","","","",6.8,1,6.8,1,"","","","","","","","","","","","","","","","","","","","","","","","","","",100,1,"","","","","","","","","","","","",9.8,1,1034.5,1,"","","","","","",9,1,"","","","","","","","","","","","","","","","","","","","","","","","","","","","","","","","",80,1,"","",45,1,4,1,"","","","","","","","","","","","","","","","","","","","","","","","","","","","","","","","","","","","","","","","","","","","","","","","","","","","","","","","","","","","","","","","","",""
"33236002","CAP-FERRET",44.630667,-1.252,8,1977121315,"","","","",4.,1,80,1,"","","","","","","","","","","","","","","","","","","","","","","","","","","","",7.,1,7.,1,"","","","","","","","","","","","","","","","","","","","","","","","","","",100,1,"","","","","","","","","","","","",10.,1,1033.7,1,"","","","","","",8,1,8,1,6,1,"","","","","","","","","","","","","","","","","","","","","","","","","","","","",2000,1,"","",10,1,4,1,"","","","","","","","","","",3,1,270,1,"","","","","","","","","","","","","","","","","","","","","","","","","","","","","","","","","","","","","","","","","","","","","","","","","","","",""
"33236002","CAP-FERRET",44.630667,-1.252,8,1977121318,"","","","",4.,1,80,1,"","","","","","","","","","","","","","","","","","","","","","","","","","","","",6.6,1,6.6,1,"","","","","","","","","","","","","","","","","","","","","","","","","","",100,1,"","","","","","","","","","","","",9.7,1,1033.9,1,"","","","","","",8,1,8,1,6,1,"","","","","","","","","","","","","","","","","","","","","","","","","","","","",4000,1,"","",10,1,4,1,"","","","","","","","","","",3,1,270,1,"","","","","","","","","","","","","","","","","","","","","","","","","","","","","","","","","","","","","","","","","","","","","","","","","","","",""
"33236002","CAP-FERRET",44.630667,-1.252,8,1977121321,"","","","",5.,1,80,1,"","","","","","","","","","","","","","","","","","","","","","","","","","","","",7.,1,6.4,1,"","","","","","","","","","","","","","","","","","","","","","","","","","",97,1,"","","","","","","","","","","","",9.7,1,1033.5,1,"","","","","","",6,1,6,1,6,1,0,1,0,1,"","","","","","","","","","","","","","","","","","","","","","","","",4000,1,"","",10,1,1,1,"","","","","","","","","","",3,1,270,1,"","","","","","","","","","","","","","","","","","","","","","","","","","","","","","","","","","","","","","","","","","","","","","","","","","","",""
"33236002","CAP-FERRET",44.630667,-1.252,8,1977121400,"","","","",5.,1,60,1,"","","","","","","","","","","","","","","","","","","","","","","","","","","","","","","","","","","","","","","","","","","","","","","","","","","","","","","","","","","","","","","","","","","","","","","","","","",1032.2,1,"","","","","","","","","","","","","","","","","","","","","","","","","","","","","","","","","","","","","","","","","","","","","","","","","","","","","","","","","","","","","","","","","","","","","","","","","","","","","","","","","","","","","","","","","","","","","","","","","","","","","","","","","","","","","","","","","",""
"33236002","CAP-FERRET",44.630667,-1.252,8,1977121403,"","","","",4.,1,60,1,"","","","","","","","","","","","","","","","","","","","","","","","","","","","",5.5,1,5.5,1,"","","","","","","","","","","","","","","","","","","","","","","","","","",100,1,"","","","","","","","","","","","",9.,1,1031.2,1,"","","","","","",2,1,0,1,6,1,0,1,0,1,"","","","","","","","","","","","","","","","","","","","","","","","",6000,1,"","",0,1,"","","","","","","","","","","","",3,1,270,1,"","","","","","","","","","","","","","","","","","","","","","","","","","","","","","","","","","","","","","","","","","","","","","","","","","","",""
"33236002","CAP-FERRET",44.630667,-1.252,8,1977121406,"","","","",5.,1,60,1,"","","","","","","","","","","","","","","","","","","","","","","","","","","","","","",4.5,1,"","","","","","","","","","","","","","","","","","","","","","","","","","",99,1,"","","","","","","","","","","","",8.3,1,1030.8,1,"","","","","","",3,1,0,1,6,1,0,1,0,1,"","","","","","","","","","","","","","","","","","","","","","","","",6000,1,"","",2,1,0,1,"","","","","","","","","","",3,1,270,1,"","","","","","","","","","","","","","","","","","","","","","","","","","","","","","","","","","","","","","","","","","","","","","","","","","","",""
"33236002","CAP-FERRET",44.630667,-1.252,8,1977121409,"","","","",5.,1,80,1,"","","","","","","","","","","","","","","","","","","","","","","","","","","","","","",3.8,1,"","","","","","","","","","","","","","","","","","","","","","","","","","",97,1,"","","","","","","","","","","","",8.1,1,1031.4,1,"","","","","","",3,1,0,1,6,1,0,1,0,1,"","","","","","","","","","","","","","","","","","","","","","","","",4000,1,"","",40,1,1,1,"","","","","","","","","","",3,1,270,1,"","","","","","","","","","","","","","","","","","","","","","","","","","","","","","","","","","","","","","","","","","","","","","","","","","","",""
"33236002","CAP-FERRET",44.630667,-1.252,8,1977121412,"","","","",1.,1,80,1,"","","","","","","","","","","","","","","","","","","","","","","","","","","","",6.,1,4.5,1,"","","","","","","","","","","","","","","","","","","","","","","","","","",91,1,"","","","","","","","","","","","",8.5,1,1030.3,1,"","","","","","",5,1,5,1,6,1,0,1,0,1,"","","","","","","","","","","","","","","","","","","","","","","","",5000,1,"","",40,1,1,1,"","","","","","","","","","",3,1,270,1,"","","","","","","","","","","","","","","","","","","","","","","","","","","","","","","","","","","","","","","","","","","","","","","","","","","",""
"33236002","CAP-FERRET",44.630667,-1.252,8,1977121415,"","","","",5.,1,60,1,"","","","","","","","","","","","","","","","","","","","","","","","","","","","",8.2,1,5.5,1,"","","","","","","","","","","","","","","","","","","","","","","","","","",84,1,"","","","","","","","","","","","",9.1,1,1028.8,1,"","","","","","",2,1,0,1,0,1,0,1,2,1,"","","","","","","","","","","","","","","","","","","","","","","","",10000,1,"","",1,1,1,1,"","","","","","","","","","",3,1,270,1,"","","","","","","","","","","","","","","","","","","","","","","","","","","","","","","","","","","","","","","","","","","","","","","","","","","",""
"33236002","CAP-FERRET",44.630667,-1.252,8,1977121418,"","","","",2.,1,60,1,"","","","","","","","","","","","","","","","","","","","","","","","","","","","",6.6,1,5.5,1,"","","","","","","","","","","","","","","","","","","","","","","","","","",94,1,"","","","","","","","","","","","",9.1,1,1029.,1,"","","","","","",1,1,0,1,0,1,0,1,1,1,"","","","","","","","","","","","","","","","","","","","","","","","",20000,1,"","",2,1,0,1,"","","","","","","","","","",2,1,270,1,"","","","","","","","","","","","","","","","","","","","","","","","","","","","","","","","","","","","","","","","","","","","","","","","","","","",""
"33236002","CAP-FERRET",44.630667,-1.252,8,1977121421,"","","","",3.,1,60,1,"","","","","","","","","","","","","","","","","","","","","","","","","","","","",5.4,1,4.3,1,"","","","","","","","","","","","","","","","","","","","","","","","","","",94,1,"","","","","","","","","","","","",8.4,1,1029.,1,"","","","","","",0,1,"","",0,1,0,1,0,1,"","","","","","","","","","","","","","","","","","","","","","","","",18000,1,"","",2,1,0,1,"","","","","","","","","","",2,1,270,1,"","","","","","","","","","","","","","","","","","","","","","","","","","","","","","","","","","","","","","","","","","","","","","","","","","","",""
"33236002","CAP-FERRET",44.630667,-1.252,8,1977121500,"","","","",1.,1,100,1,"","","","","","","","","","","","","","","","","","","","","","","","","","","","","","","","","","","","","","","","","","","","","","","","","","","","","","","","","","","","","","","","","","","","","","","","","","",1029.4,1,"","","","","","","","","","","","","","","","","","","","","","","","","","","","","","","","","","","","","","","","","","","","","","","","","","","","","","","","","","","","","","","","","","","","","","","","","","","","","","","","","","","","","","","","","","","","","","","","","","","","","","","","","","","","","","","","","",""
"33236002","CAP-FERRET",44.630667,-1.252,8,1977121503,"","","","",1.,1,100,1,"","","","","","","","","","","","","","","","","","","","","","","","","","","","",1.5,1,1.5,1,"","","","","","","","","","","","","","","","","","","","","","","","","","",100,1,"","","","","","","","","","","","",6.8,1,1029.4,1,"","","","","","",2,1,0,1,6,1,0,1,0,1,"","","","","","","","","","","","","","","","","","","","","","","","",5000,1,"","",0,1,"","","","","","","","","","","","",2,1,270,1,"","","","","","","","","","","","","","","","","","","","","","","","","","","","","","","","","","","","","","","","","","","","","","","","","","","",""
"33236002","CAP-FERRET",44.630667,-1.252,8,1977121506,"","","","",2.,1,80,1,"","","","","","","","","","","","","","","","","","","","","","","","","","","","",0.6,1,0.6,1,"","","","","","","","","","","","","","","","","","","","","","","","","","",100,1,"","","","","","","","","","","","",6.4,1,1029.,1,"","","","","","",0,1,"","",0,1,0,1,0,1,"","","","","","","","","","","","","","","","","","","","","","","","",500,1,"","",46,1,"","","","","","","","","","","","",2,1,270,1,"","","","","","","","","","","","","","","","","","","","","","","","","","","","","","","","","","","","","","","","","","","","","","","","","","","",""
"33236002","CAP-FERRET",44.630667,-1.252,8,1977121509,"","","","",3.,1,100,1,"","","","","","","","","","","","","","","","","","","","","","","","","","","","",2.,1,2.,1,"","","","","","","","","","","","","","","","","","","","","","","","","","",100,1,"","","","","","","","","","","","",7.1,1,1028.9,1,"","","","","","",0,1,"","",0,1,0,1,0,1,"","","","","","","","","","","","","","","","","","","","","","","","",1200,1,"","",10,1,4,1,"","","","","","","","","","",2,1,270,1,"","","","","","","","","","","","","","","","","","","","","","","","","","","","","","","","","","","","","","","","","","","","","","","","","","","",""
"33236002","CAP-FERRET",44.630667,-1.252,8,1977121512,"","","","",3.,1,60,1,"","","","","","","","","","","","","","","","","","","","","","","","","","","","",5.6,1,4.,1,"","","","","","","","","","","","","","","","","","","","","","","","","","",91,1,"","","","","","","","","","","","",8.2,1,1028.3,1,"","","","","","",0,1,"","",0,1,0,1,0,1,"","","","","","","","","","","","","","","","","","","","","","","","",4000,1,"","",10,1,4,1,"","","","","","","","","","",2,1,270,1,"","","","","","","","","","","","","","","","","","","","","","","","","","","","","","","","","","","","","","","","","","","","","","","","","","","",""
"33236002","CAP-FERRET",44.630667,-1.252,8,1977121515,"","","","",4.,1,60,1,"","","","","","","","","","","","","","","","","","","","","","","","","","","","",7.6,1,3.8,1,"","","","","","","","","","","","","","","","","","","","","","","","","","",77,1,"","","","","","","","","","","","",8.1,1,1027.,1,"","","","","","",0,1,"","",0,1,0,1,0,1,"","","","","","","","","","","","","","","","","","","","","","","","",6000,1,"","",2,1,0,1,"","","","","","","","","","",2,1,270,1,"","","","","","","","","","","","","","","","","","","","","","","","","","","","","","","","","","","","","","","","","","","","","","","","","","","",""
"33236002","CAP-FERRET",44.630667,-1.252,8,1977121518,"","","","",3.,1,80,1,"","","","","","","","","","","","","","","","","","","","","","","","","","","","",5.2,1,4.2,1,"","","","","","","","","","","","","","","","","","","","","","","","","","",94,1,"","","","","","","","","","","","",8.3,1,1026.8,1,"","","","","","",0,1,"","",0,1,0,1,0,1,"","","","","","","","","","","","","","","","","","","","","","","","",12000,1,"","",2,1,0,1,"","","","","","","","","","",2,1,270,1,"","","","","","","","","","","","","","","","","","","","","","","","","","","","","","","","","","","","","","","","","","","","","","","","","","","",""
"33236002","CAP-FERRET",44.630667,-1.252,8,1977121521,"","","","",5.,1,60,1,"","","","","","","","","","","","","","","","","","","","","","","","","","","","",4.8,1,4.2,1,"","","","","","","","","","","","","","","","","","","","","","","","","","",97,1,"","","","","","","","","","","","",8.3,1,1026.8,1,"","","","","","",0,1,"","",0,1,0,1,0,1,"","","","","","","","","","","","","","","","","","","","","","","","",10000,1,"","",2,1,0,1,"","","","","","","","","","",2,1,270,1,"","","","","","","","","","","","","","","","","","","","","","","","","","","","","","","","","","","","","","","","","","","","","","","","","","","",""
"33236002","CAP-FERRET",44.630667,-1.252,8,1977121600,"","","","",4.,1,80,1,"","","","","","","","","","","","","","","","","","","","","","","","","","","","","","","","","","","","","","","","","","","","","","","","","","","","","","","","","","","","","","","","","","","","","","","","","","",1026.,1,"","","","","","","","","","","","","","","","","","","","","","","","","","","","","","","","","","","","","","","","","","","","","","","","","","","","","","","","","","","","","","","","","","","","","","","","","","","","","","","","","","","","","","","","","","","","","","","","","","","","","","","","","","","","","","","","","",""
"33236002","CAP-FERRET",44.630667,-1.252,8,1977121603,"","","","",5.,1,60,1,"","","","","","","","","","","","","","","","","","","","","","","","","","","","",3.,1,3.,1,"","","","","","","","","","","","","","","","","","","","","","","","","","",100,1,"","","","","","","","","","","","",7.6,1,1026.,1,"","","","","","",0,1,"","",0,1,0,1,0,1,"","","","","","","","","","","","","","","","","","","","","","","","",4000,1,"","",10,1,"","","","","","","","","","","","",2,1,"","","","","","","","","","","","","","","","","","","","","","","","","","","","","","","","","","","","","","","","","","","","","","","","","","","","","",""
"33236002","CAP-FERRET",44.630667,-1.252,8,1977121606,"","","","",5.,1,80,1,"","","","","","","","","","","","","","","","","","","","","","","","","","","","",3.2,1,2.,1,"","","","","","","","","","","","","","","","","","","","","","","","","","",93,1,"","","","","","","","","","","","",7.1,1,1025.4,1,"","","","","","",0,1,"","",0,1,0,1,0,1,"","","","","","","","","","","","","","","","","","","","","","","","",6000,1,"","",2,1,0,1,"","","","","","","","","","",2,1,"","","","","","","","","","","","","","","","","","","","","","","","","","","","","","","","","","","","","","","","","","","","","","","","","","","","","",""
"33236002","CAP-FERRET",44.630667,-1.252,8,1977121609,"","","","",6.,1,80,1,"","","","","","","","","","","","","","","","","","","","","","","","","","","","",4.4,1,0.8,1,"","","","","","","","","","","","","","","","","","","","","","","","","","",77,1,"","","","","","","","","","","","",6.5,1,1026.,1,"","","","","","",0,1,"","",0,1,0,1,0,1,"","","","","","","","","","","","","","","","","","","","","","","","",6000,1,"","",2,1,0,1,"","","","","","","","","","",2,1,"","","","","","","","","","","","","","","","","","","","","","","","","","","","","","","","","","","","","","","","","","","","","","","","","","","","","",""
"33236002","CAP-FERRET",44.630667,-1.252,8,1977121612,"","","","",6.,1,80,1,"","","","","","","","","","","","","","","","","","","","","","","","","","","","",6.8,1,4.3,1,"","","","","","","","","","","","","","","","","","","","","","","","","","",85,1,"","","","","","","","","","","","",8.4,1,1026.,1,"","","","","","",0,1,"","",0,1,0,1,0,1,"","","","","","","","","","","","","","","","","","","","","","","","",8000,1,"","",2,1,0,1,"","","","","","","","","","",2,1,"","","","","","","","","","","","","","","","","","","","","","","","","","","","","","","","","","","","","","","","","","","","","","","","","","","","","",""
"33236002","CAP-FERRET",44.630667,-1.252,8,1977121615,"","","","",4.,1,100,1,"","","","","","","","","","","","","","","","","","","","","","","","","","","","",10.5,1,5.3,1,"","","","","","","","","","","","","","","","","","","","","","","","","","",71,1,"","","","","","","","","","","","",9.,1,1025.4,1,"","","","","","",0,1,"","",0,1,0,1,0,1,"","","","","","","","","","","","","","","","","","","","","","","","",15000,1,"","",2,1,0,1,"","","","","","","","","","",2,1,"","","","","","","","","","","","","","","","","","","","","","","","","","","","","","","","","","","","","","","","","","","","","","","","","","","","","",""
"33236002","CAP-FERRET",44.630667,-1.252,8,1977121618,"","","","",4.,1,80,1,"","","","","","","","","","","","","","","","","","","","","","","","","","","","",7.6,1,6.1,1,"","","","","","","","","","","","","","","","","","","","","","","","","","",91,1,"","","","","","","","","","","","",9.5,1,1027.,1,"","","","","","",2,1,0,1,5,1,0,1,0,1,"","","","","","","","","","","","","","","","","","","","","","","","",15000,1,"","",2,1,0,1,"","","","","","","","","","",2,1,"","","","","","","","","","","","","","","","","","","","","","","","","","","","","","","","","","","","","","","","","","","","","","","","","","","","","",""
"33236002","CAP-FERRET",44.630667,-1.252,8,1977121621,"","","","",1.,1,120,1,"","","","","","","","","","","","","","","","","","","","","","","","","","","","",8.8,1,5.6,1,"","","","","","","","","","","","","","","","","","","","","","","","","","",81,1,"","","","","","","","","","","","",9.2,1,1027.,1,"","","","","","",0,1,"","",0,1,0,1,0,1,"","","","","","","","","","","","","","","","","","","","","","","","",15000,1,"","",2,1,0,1,"","","","","","","","","","",2,1,"","","","","","","","","","","","","","","","","","","","","","","","","","","","","","","","","","","","","","","","","","","","","","","","","","","","","",""
"33236002","CAP-FERRET",44.630667,-1.252,8,1977121700,"","","","",6.,1,120,1,"","","","","","","","","","","","","","","","","","","","","","","","","","","","","","","","","","","","","","","","","","","","","","","","","","","","","","","","","","","","","","","","","","","","","","","","","","","","","","","","","","","","","","","","","","","","","","","","","","","","","","","","","","","","","","","","","","","","","","","","","","","","","","","","","","","","","","","","","","","","","","","","","","","","","","","","","","","","","","","","","","","","","","","","","","","","","","","","","","","","","","","","","","","","","",""
"33236002","CAP-FERRET",44.630667,-1.252,8,1977121703,"","","","",6.,1,120,1,"","","","","","","","","","","","","","","","","","","","","","","","","","","","","","","","","","","","","","","","","","","","","","","","","","","","","","","","","","","","","","","","","","","","","","","","","","",1027.,1,"","","","","","","","","","","","","","","","","","","","","","","","","","","","","","","","","","","","","","","","","","","","","","","","","","","","","","","","","","","","","","","","","","","","","","","","","","","","","","","","","","","","","","","","","","","","","","","","","","","","","","","","","","","","","","","","","",""
"33236002","CAP-FERRET",44.630667,-1.252,8,1977121706,"","","","",5.,1,100,1,"","","","","","","","","","","","","","","","","","","","","","","","","","","","",6.8,1,6.2,1,"","","","","","","","","","","","","","","","","","","","","","","","","","",97,1,"","","","","","","","","","","","",9.6,1,1027.,1,"","","","","","",8,1,8,1,5,1,"","","","","","","","","","","","","","","","","","","","","","","","","","","","",10000,1,"","",0,1,"","","","","","","","","","","","",2,1,"","","","","","","","","","","","","","","","","","","","","","","","","","","","","","","","","","","","","","","","","","","","","","","","","","","","","",""
"33236002","CAP-FERRET",44.630667,-1.252,8,1977121709,"","","","",6.,1,120,1,"","","","","","","","","","","","","","","","","","","","","","","","","","","","",7.4,1,5.9,1,"","","","","","","","","","","","","","","","","","","","","","","","","","",91,1,"","","","","","","","","","","","",9.4,1,1027.2,1,"","","","","","",0,1,"","",0,1,0,1,0,1,"","","","","","","","","","","","","","","","","","","","","","","","",10000,1,"","",1,1,1,1,"","","","","","","","","","",2,1,"","","","","","","","","","","","","","","","","","","","","","","","","","","","","","","","","","","","","","","","","","","","","","","","","","","","","",""
"33236002","CAP-FERRET",44.630667,-1.252,8,1977121712,"","","","",5.,1,100,1,"","","","","","","","","","","","","","","","","","","","","","","","","","","","",11.,1,7.5,1,"","","","","","","","","","","","","","","","","","","","","","","","","","",80,1,"","","","","","","","","","","","",10.5,1,1026.2,1,"","","","","","",0,1,"","",0,1,0,1,0,1,"","","","","","","","","","","","","","","","","","","","","","","","",15000,1,"","",2,1,1,1,"","","","","","","","","","",2,1,"","","","","","","","","","","","","","","","","","","","","","","","","","","","","","","","","","","","","","","","","","","","","","","","","","","","","",""
"33236002","CAP-FERRET",44.630667,-1.252,8,1977121715,"","","","",3.,1,120,1,"","","","","","","","","","","","","","","","","","","","","","","","","","","","",14.,1,9.5,1,"","","","","","","","","","","","","","","","","","","","","","","","","","",76,1,"","","","","","","","","","","","",12.1,1,1025.,1,"","","","","","",0,1,"","",0,1,0,1,0,1,"","","","","","","","","","","","","","","","","","","","","","","","",15000,1,"","",2,1,0,1,"","","","","","","","","","",2,1,"","","","","","","","","","","","","","","","","","","","","","","","","","","","","","","","","","","","","","","","","","","","","","","","","","","","","",""
"33236002","CAP-FERRET",44.630667,-1.252,8,1977121718,"","","","",2.,1,100,1,"","","","","","","","","","","","","","","","","","","","","","","","","","","","",10.,1,8.9,1,"","","","","","","","","","","","","","","","","","","","","","","","","","",95,1,"","","","","","","","","","","","",11.6,1,1025.,1,"","","","","","",0,1,"","",0,1,0,1,0,1,"","","","","","","","","","","","","","","","","","","","","","","","",9000,1,"","",2,1,0,1,"","","","","","","","","","",2,1,"","","","","","","","","","","","","","","","","","","","","","","","","","","","","","","","","","","","","","","","","","","","","","","","","","","","","",""
"33236002","CAP-FERRET",44.630667,-1.252,8,1977121721,"","","","",5.,1,120,1,"","","","","","","","","","","","","","","","","","","","","","","","","","","","",9.,1,8.4,1,"","","","","","","","","","","","","","","","","","","","","","","","","","",97,1,"","","","","","","","","","","","",11.2,1,1024.2,1,"","","","","","",0,1,"","",0,1,0,1,0,1,"","","","","","","","","","","","","","","","","","","","","","","","",7000,1,"","",2,1,0,1,"","","","","","","","","","",2,1,"","","","","","","","","","","","","","","","","","","","","","","","","","","","","","","","","","","","","","","","","","","","","","","","","","","","","",""
"33236002","CAP-FERRET",44.630667,-1.252,8,1977121800,"","","","",6.,1,120,1,"","","","","","","","","","","","","","","","","","","","","","","","","","","","","","","","","","","","","","","","","","","","","","","","","","","","","","","","","","","","","","","","","","","","","","","","","","","","","","","","","","","","","","","","","","","","","","","","","","","","","","","","","","","","","","","","","","","","","","","","","","","","","","","","","","","","","","","","","","","","","","","","","","","","","","","","","","","","","","","","","","","","","","","","","","","","","","","","","","","","","","","","","","","","","",""
"33236002","CAP-FERRET",44.630667,-1.252,8,1977121803,"","","","",6.,1,120,1,"","","","","","","","","","","","","","","","","","","","","","","","","","","","","","","","","","","","","","","","","","","","","","","","","","","","","","","","","","","","","","","","","","","","","","","","","","",1022.1,1,"","","","","","","","","","","","","","","","","","","","","","","","","","","","","","","","","","","","","","","","","","","","","","","","","","","","","","","","","","","","","","","","","","","","","","","","","","","","","","","","","","","","","","","","","","","","","","","","","","","","","","","","","","","","","","","","","",""
"33236002","CAP-FERRET",44.630667,-1.252,8,1977121806,"","","","",6.,1,120,1,"","","","","","","","","","","","","","","","","","","","","","","","","","","","",5.4,1,4.3,1,"","","","","","","","","","","","","","","","","","","","","","","","","","",93,1,"","","","","","","","","","","","",8.4,1,1020.6,1,"","","","","","",0,1,"","",0,1,0,1,0,1,"","","","","","","","","","","","","","","","","","","","","","","","",8000,1,"","",0,1,"","","","","","","","","","","","",3,1,270,1,"","","","","","","","","","","","","","","","","","","","","","","","","","","","","","","","","","","","","","","","","","","","","","","","","","","",""
"33236002","CAP-FERRET",44.630667,-1.252,8,1977121809,"","","","",4.,1,100,1,"","","","","","","","","","","","","","","","","","","","","","","","","","","","",5.4,1,4.3,1,"","","","","","","","","","","","","","","","","","","","","","","","","","",93,1,"","","","","","","","","","","","",8.4,1,1020.4,1,"","","","","","",2,1,0,1,0,1,0,1,2,1,"","","","","","","","","","","","","","","","","","","","","","","","",8000,1,"","",2,1,0,1,"","","","","","","","","","",3,1,270,1,"","","","","","","","","","","","","","","","","","","","","","","","","","","","","","","","","","","","","","","","","","","","","","","","","","","",""
"33236002","CAP-FERRET",44.630667,-1.252,8,1977121812,"","","","",3.,1,80,1,"","","","","","","","","","","","","","","","","","","","","","","","","","","","",10.5,1,7.2,1,"","","","","","","","","","","","","","","","","","","","","","","","","","",81,1,"","","","","","","","","","","","",10.3,1,1020.,1,"","","","","","",3,1,0,1,0,1,0,1,2,1,"","","","","","","","","","","","","","","","","","","","","","","","",15000,1,"","",2,1,0,1,"","","","","","","","","","",2,1,270,1,"","","","","","","","","","","","","","","","","","","","","","","","","","","","","","","","","","","","","","","","","","","","","","","","","","","",""
"33236002","CAP-FERRET",44.630667,-1.252,8,1977121815,"","","","",3.,1,100,1,"","","","","","","","","","","","","","","","","","","","","","","","","","","","",12.5,1,8.9,1,"","","","","","","","","","","","","","","","","","","","","","","","","","",80,1,"","","","","","","","","","","","",11.6,1,1018.4,1,"","","","","","",4,1,0,1,0,1,0,1,4,1,"","","","","","","","","","","","","","","","","","","","","","","","",16000,1,"","",3,1,0,1,"","","","","","","","","","",2,1,270,1,"","","","","","","","","","","","","","","","","","","","","","","","","","","","","","","","","","","","","","","","","","","","","","","","","","","",""
"33236002","CAP-FERRET",44.630667,-1.252,8,1977121818,"","","","",3.,1,100,1,"","","","","","","","","","","","","","","","","","","","","","","","","","","","",9.8,1,7.5,1,"","","","","","","","","","","","","","","","","","","","","","","","","","",87,1,"","","","","","","","","","","","",10.5,1,1018.4,1,"","","","","","",3,1,0,1,0,1,0,1,2,1,"","","","","","","","","","","","","","","","","","","","","","","","",15000,1,"","",2,1,0,1,"","","","","","","","","","",2,1,270,1,"","","","","","","","","","","","","","","","","","","","","","","","","","","","","","","","","","","","","","","","","","","","","","","","","","","",""
"33236002","CAP-FERRET",44.630667,-1.252,8,1977121821,"","","","",2.,1,100,1,"","","","","","","","","","","","","","","","","","","","","","","","","","","","",7.2,1,6.1,1,"","","","","","","","","","","","","","","","","","","","","","","","","","",94,1,"","","","","","","","","","","","",9.5,1,1019.,1,"","","","","","",0,1,"","",0,1,0,1,0,1,"","","","","","","","","","","","","","","","","","","","","","","","",15000,1,"","",2,1,0,1,"","","","","","","","","","",2,1,270,1,"","","","","","","","","","","","","","","","","","","","","","","","","","","","","","","","","","","","","","","","","","","","","","","","","","","",""
"33236002","CAP-FERRET",44.630667,-1.252,8,1977121900,"","","","",5.,1,120,1,"","","","","","","","","","","","","","","","","","","","","","","","","","","","","","","","","","","","","","","","","","","","","","","","","","","","","","","","","","","","","","","","","","","","","","","","","","","","","","","","","","","","","","","","","","","","","","","","","","","","","","","","","","","","","","","","","","","","","","","","","","","","","","","","","","","","","","","","","","","","","","","","","","","","","","","","","","","","","","","","","","","","","","","","","","","","","","","","","","","","","","","","","","","","","",""
"33236002","CAP-FERRET",44.630667,-1.252,8,1977121903,"","","","",6.,1,120,1,"","","","","","","","","","","","","","","","","","","","","","","","","","","","","","","","","","","","","","","","","","","","","","","","","","","","","","","","","","","","","","","","","","","","","","","","","","",1018.3,1,"","","","","","","","","","","","","","","","","","","","","","","","","","","","","","","","","","","","","","","","","","","","",0,1,"","","","","","","","","","","","","","","","","","","","","","","","","","","","","","","","","","","","","","","","","","","","","","","","","","","","","","","","","","","","","","","","","","","",""
"33236002","CAP-FERRET",44.630667,-1.252,8,1977121906,"","","","",5.,1,120,1,"","","","","","","","","","","","","","","","","","","","","","","","","","","","",5.,1,5.,1,"","","","","","","","","","","","","","","","","","","","","","","","","","",100,1,"","","","","","","","","","","","",8.7,1,1018.3,1,"","","","","","",0,1,"","",0,1,0,1,0,1,"","","","","","","","","","","","","","","","","","","","","","","","",5000,1,"","",2,1,0,1,"","","","","","","","","","",3,1,"","","","","","","","","","","","","","","","","","","","","","","","","","","","","","","","","","","","","","","","","","","","","","","","","","","","","",""
"33236002","CAP-FERRET",44.630667,-1.252,8,1977121909,"","","","",5.,1,120,1,"","","","","","","","","","","","","","","","","","","","","","","","","","","","",4.6,1,4.6,1,"","","","","","","","","","","","","","","","","","","","","","","","","","",100,1,"","","","","","","","","","","","",8.5,1,1019.4,1,"","","","","","",0,1,"","",0,1,0,1,0,1,"","","","","","","","","","","","","","","","","","","","","","","","",1400,1,"","",10,1,0,1,"","","","","","","","","","",3,1,"","","","","","","","","","","","","","","","","","","","","","","","","","","","","","","","","","","","","","","","","","","","","","","","","","","","","",""
"33236002","CAP-FERRET",44.630667,-1.252,8,1977121912,"","","","",5.,1,120,1,"","","","","","","","","","","","","","","","","","","","","","","","","","","","",9.2,1,6.9,1,"","","","","","","","","","","","","","","","","","","","","","","","","","",87,1,"","","","","","","","","","","","",10.1,1,1019.,1,"","","","","","",0,1,"","",0,1,0,1,0,1,"","","","","","","","","","","","","","","","","","","","","","","","",16000,1,"","",2,1,0,1,"","","","","","","","","","",2,1,"","","","","","","","","","","","","","","","","","","","","","","","","","","","","","","","","","","","","","","","","","","","","","","","","","","","","",""
"33236002","CAP-FERRET",44.630667,-1.252,8,1977121915,"","","","",2.,1,100,1,"","","","","","","","","","","","","","","","","","","","","","","","","","","","",12.4,1,7.7,1,"","","","","","","","","","","","","","","","","","","","","","","","","","",75,1,"","","","","","","","","","","","",10.7,1,1018.,1,"","","","","","",0,1,"","",0,1,0,1,0,1,"","","","","","","","","","","","","","","","","","","","","","","","",19000,1,"","",2,1,0,1,"","","","","","","","","","",2,1,"","","","","","","","","","","","","","","","","","","","","","","","","","","","","","","","","","","","","","","","","","","","","","","","","","","","","",""
"33236002","CAP-FERRET",44.630667,-1.252,8,1977121918,"","","","",5.,1,100,1,"","","","","","","","","","","","","","","","","","","","","","","","","","","","",9.,1,6.6,1,"","","","","","","","","","","","","","","","","","","","","","","","","","",87,1,"","","","","","","","","","","","",9.9,1,1018.2,1,"","","","","","",0,1,"","",0,1,0,1,0,1,"","","","","","","","","","","","","","","","","","","","","","","","",20000,1,"","",2,1,0,1,"","","","","","","","","","",2,1,"","","","","","","","","","","","","","","","","","","","","","","","","","","","","","","","","","","","","","","","","","","","","","","","","","","","","",""
"33236002","CAP-FERRET",44.630667,-1.252,8,1977121921,"","","","",5.,1,120,1,"","","","","","","","","","","","","","","","","","","","","","","","","","","","",7.4,1,6.4,1,"","","","","","","","","","","","","","","","","","","","","","","","","","",94,1,"","","","","","","","","","","","",9.7,1,1018.6,1,"","","","","","",3,1,0,1,6,1,0,1,0,1,"","","","","","","","","","","","","","","","","","","","","","","","",6000,1,"","",3,1,0,1,"","","","","","","","","","",2,1,"","","","","","","","","","","","","","","","","","","","","","","","","","","","","","","","","","","","","","","","","","","","","","","","","","","","","",""
"33236002","CAP-FERRET",44.630667,-1.252,8,1977122000,"","","","",6.,1,120,1,"","","","","","","","","","","","","","","","","","","","","","","","","","","","","","","","","","","","","","","","","","","","","","","","","","","","","","","","","","","","","","","","","","","","","","","","","","","","","","","","","","","","","","","","","","","","","","","","","","","","","","","","","","","","","","","","","","","","","","","","","","","","","","","","","","","","","","","","","","","","","","","","","","","","","","","","","","","","","","","","","","","","","","","","","","","","","","","","","","","","","","","","","","","","","",""
"33236002","CAP-FERRET",44.630667,-1.252,8,1977122003,"","","","",5.,1,100,1,"","","","","","","","","","","","","","","","","","","","","","","","","","","","","","","","","","","","","","","","","","","","","","","","","","","","","","","","","","","","","","","","","","","","","","","","","","",1018.2,1,"","","","","","","","","","","","","","","","","","","","","","","","","","","","","","","","","","","","","","","","","","","","",0,1,"","","","","","","","","","","","","","","","","","","","","","","","","","","","","","","","","","","","","","","","","","","","","","","","","","","","","","","","","","","","","","","","","","","",""
"33236002","CAP-FERRET",44.630667,-1.252,8,1977122006,"","","","",6.,1,120,1,"","","","","","","","","","","","","","","","","","","","","","","","","","","","",7.8,1,6.4,1,"","","","","","","","","","","","","","","","","","","","","","","","","","",91,1,"","","","","","","","","","","","",9.7,1,1017.1,1,"","","","","","",3,1,0,1,5,1,0,1,0,1,"","","","","","","","","","","","","","","","","","","","","","","","",9000,1,"","",3,1,1,1,"","","","","","","","","","",2,1,"","","","","","","","","","","","","","","","","","","","","","","","","","","","","","","","","","","","","","","","","","","","","","","","","","","","","",""
"33236002","CAP-FERRET",44.630667,-1.252,8,1977122009,"","","","",5.,1,120,1,"","","","","","","","","","","","","","","","","","","","","","","","","","","","",7.4,1,5.9,1,"","","","","","","","","","","","","","","","","","","","","","","","","","",91,1,"","","","","","","","","","","","",9.4,1,1019.2,1,"","","","","","",6,1,5,1,5,1,0,1,4,1,"","","","","","","","","","","","","","","","","","","","","","","","",9000,1,"","",1,1,1,1,"","","","","","","","","","",2,1,"","","","","","","","","","","","","","","","","","","","","","","","","","","","","","","","","","","","","","","","","","","","","","","","","","","","","",""
"33236002","CAP-FERRET",44.630667,-1.252,8,1977122012,"","","","",3.,1,120,1,"","","","","","","","","","","","","","","","","","","","","","","","","","","","",10.8,1,8.5,1,"","","","","","","","","","","","","","","","","","","","","","","","","","",87,1,"","","","","","","","","","","","",11.3,1,1018.6,1,"","","","","","",3,1,0,1,0,1,8,1,2,1,"","","","","","","","","","","","","","","","","","","","","","","","",15000,1,"","",1,1,1,1,"","","","","","","","","","",2,1,"","","","","","","","","","","","","","","","","","","","","","","","","","","","","","","","","","","","","","","","","","","","","","","","","","","","","",""
"33236002","CAP-FERRET",44.630667,-1.252,8,1977122015,"","","","",6.,1,120,1,"","","","","","","","","","","","","","","","","","","","","","","","","","","","",13.2,1,8.1,1,"","","","","","","","","","","","","","","","","","","","","","","","","","",72,1,"","","","","","","","","","","","",11.,1,1017.2,1,"","","","","","",3,1,0,1,5,1,0,1,2,1,"","","","","","","","","","","","","","","","","","","","","","","","",18000,1,"","",2,1,0,1,"","","","","","","","","","",2,1,"","","","","","","","","","","","","","","","","","","","","","","","","","","","","","","","","","","","","","","","","","","","","","","","","","","","","",""
"33236002","CAP-FERRET",44.630667,-1.252,8,1977122018,"","","","",6.,1,120,1,"","","","","","","","","","","","","","","","","","","","","","","","","","","","",10.,1,7.2,1,"","","","","","","","","","","","","","","","","","","","","","","","","","",85,1,"","","","","","","","","","","","",10.3,1,1017.2,1,"","","","","","",7,1,0,1,5,1,7,1,"","","","","","","","","","","","","","","","","","","","","","","","","","",14000,1,"","",3,1,1,1,"","","","","","","","","","",2,1,"","","","","","","","","","","","","","","","","","","","","","","","","","","","","","","","","","","","","","","","","","","","","","","","","","","","","",""
"33236002","CAP-FERRET",44.630667,-1.252,8,1977122021,"","","","",5.,1,120,1,"","","","","","","","","","","","","","","","","","","","","","","","","","","","",9.5,1,7.9,1,"","","","","","","","","","","","","","","","","","","","","","","","","","",91,1,"","","","","","","","","","","","",10.8,1,1015.8,1,"","","","","","",8,1,5,1,5,1,7,1,"","","","","","","","","","","","","","","","","","","","","","","","","","",9000,1,"","",2,1,6,1,"","","","","","","","","","",2,1,"","","","","","","","","","","","","","","","","","","","","","","","","","","","","","","","","","","","","","","","","","","","","","","","","","","","","",""
"33236002","CAP-FERRET",44.630667,-1.252,8,1977122100,"","","","",6.,1,120,1,"","","","","","","","","","","","","","","","","","","","","","","","","","","","","","","","","","","","","","","","","","","","","","","","","","","","","","","","","","","","","","","","","","","","","","","","","","","","","","","","","","","","","","","","","","","","","","","","","","","","","","","","","","","","","","","","","","","","","","","","","","","","","","","","","","","","","","","","","","","","","","","","","","","","","","","","","","","","","","","","","","","","","","","","","","","","","","","","","","","","","","","","","","","","","",""
"33236002","CAP-FERRET",44.630667,-1.252,8,1977122103,"","","","",6.,1,120,1,"","","","","","","","","","","","","","","","","","","","","","","","","","","","","","","","","","","","","","","","","","","","","","","","","","","","","","","","","","","","","","","","","","","","","","","","","","",1011.6,1,"","","","","","","","","","","","","","","","","","","","","","","","","","","","","","","","","","","","","","","","","","","","","","","","","","","","","","","","","","","","","","","","","","","","","","","","","","","","","","","","","","","","","","","","","","","","","","","","","","","","","","","","","","","","","","","","","",""
"33236002","CAP-FERRET",44.630667,-1.252,8,1977122106,"","","","",7.,1,120,1,"","","","","","","","","","","","","","","","","","","","","","","","","","","","",10.,1,7.2,1,"","","","","","","","","","","","","","","","","","","","","","","","","","",85,1,"","","","","","","","","","","","",10.3,1,1010.6,1,"","","","","","",8,1,6,1,7,1,7,1,"","","","","","","","","","","","","","","","","","","","","","","","","","",9000,1,"","",63,1,6,1,"","","","","","","","","","",3,1,"","","","","","","","","","","","","","","","","","","","","","","","","","","","","","","","","","","","","","","","","","","","","","","","","","","","","",""
"33236002","CAP-FERRET",44.630667,-1.252,8,1977122109,"","","","",5.,1,160,1,"","","","","","","","","","","","","","","","","","","","","","","","","","","","",10.,1,8.5,1,"","","","","","","","","","","","","","","","","","","","","","","","","","",92,1,"","","","","","","","","","","","",11.3,1,1011.4,1,"","","","","","",8,1,6,1,7,1,7,1,"","","","","","","","","","","","","","","","","","","","","","","","","","",12000,1,"","",60,1,6,1,"","","","","","","","","","",3,1,"","","","","","","","","","","","","","","","","","","","","","","","","","","","","","","","","","","","","","","","","","","","","","","","","","","","","",""
"33236002","CAP-FERRET",44.630667,-1.252,8,1977122112,"","","","",6.,1,200,1,"","","","","","","","","","","","","","","","","","","","","","","","","","","","",12.,1,11.2,1,"","","","","","","","","","","","","","","","","","","","","","","","","","",97,1,"","","","","","","","","","","","",13.6,1,1014.2,1,"","","","","","",8,1,5,1,7,1,7,1,"","","","","","","","","","","","","","","","","","","","","","","","","","",16000,1,"","",2,1,6,1,"","","","","","","","","","",3,1,"","","","","","","","","","","","","","","","","","","","","","","","","","","","","","","","","","","","","","","","","","","","","","","","","","","","","",""
"33236002","CAP-FERRET",44.630667,-1.252,8,1977122115,"","","","",6.,1,240,1,"","","","","","","","","","","","","","","","","","","","","","","","","","","","",12.8,1,11.3,1,"","","","","","","","","","","","","","","","","","","","","","","","","","",93,1,"","","","","","","","","","","","",13.7,1,1016.2,1,"","","","","","",8,1,5,1,7,1,7,1,3,1,"","","","","","","","","","","","","","","","","","","","","","","","",20000,1,"","",1,1,2,1,"","","","","","","","","","",3,1,"","","","","","","","","","","","","","","","","","","","","","","","","","","","","","","","","","","","","","","","","","","","","","","","","","","","","",""
"33236002","CAP-FERRET",44.630667,-1.252,8,1977122118,"","","","",6.,1,200,1,"","","","","","","","","","","","","","","","","","","","","","","","","","","","",11.,1,10.3,1,"","","","","","","","","","","","","","","","","","","","","","","","","","",97,1,"","","","","","","","","","","","",12.8,1,1018.8,1,"","","","","","",4,1,0,1,5,1,7,1,3,1,"","","","","","","","","","","","","","","","","","","","","","","","",18000,1,"","",1,1,1,1,"","","","","","","","","","",3,1,"","","","","","","","","","","","","","","","","","","","","","","","","","","","","","","","","","","","","","","","","","","","","","","","","","","","","",""
"33236002","CAP-FERRET",44.630667,-1.252,8,1977122121,"","","","",3.,1,200,1,"","","","","","","","","","","","","","","","","","","","","","","","","","","","",10.4,1,8.9,1,"","","","","","","","","","","","","","","","","","","","","","","","","","",92,1,"","","","","","","","","","","","",11.6,1,1021.1,1,"","","","","","",7,1,7,1,5,1,"","","","","","","","","","","","","","","","","","","","","","","","","","","","",16000,1,"","",2,1,2,1,"","","","","","","","","","",3,1,"","","","","","","","","","","","","","","","","","","","","","","","","","","","","","","","","","","","","","","","","","","","","","","","","","","","","",""
"33236002","CAP-FERRET",44.630667,-1.252,8,1977122200,"","","","",2.,1,200,1,"","","","","","","","","","","","","","","","","","","","","","","","","","","","","","","","","","","","","","","","","","","","","","","","","","","","","","","","","","","","","","","","","","","","","","","","","","","","","","","","","","","","","","","","","","","","","","","","","","","","","","","","","","","","","","","","","","","","","","","","","","","","","","","","","","","","","","","","","","","","","","","","","","","","","","","","","","","","","","","","","","","","","","","","","","","","","","","","","","","","","","","","","","","","","",""
"33236002","CAP-FERRET",44.630667,-1.252,8,1977122203,"","","","",3.,1,180,1,"","","","","","","","","","","","","","","","","","","","","","","","","","","","","","","","","","","","","","","","","","","","","","","","","","","","","","","","","","","","","","","","","","","","","","","","","","",1022.,1,"","","","","","","","","","","","","","","","","","","","","","","","","","","","","","","","","","","","","","","","","","","","","","","","","","","","","","","","","","","","","","","","","","","","","","","","","","","","","","","","","","","","","","","","","","","","","","","","","","","","","","","","","","","","","","","","","",""
"33236002","CAP-FERRET",44.630667,-1.252,8,1977122206,"","","","",0.,1,0,1,"","","","","","","","","","","","","","","","","","","","","","","","","","","","",8.6,1,7.5,1,"","","","","","","","","","","","","","","","","","","","","","","","","","",95,1,"","","","","","","","","","","","",10.5,1,1023.,1,"","","","","","",0,1,"","",0,1,0,1,0,1,"","","","","","","","","","","","","","","","","","","","","","","","",8000,1,"","",0,1,"","","","","","","","","","","","",2,1,250,1,"","","","","","","","","","","","","","","","","","","","","","","","","","","","","","","","","","","","","","","","","","","","","","","","","","","",""
"33236002","CAP-FERRET",44.630667,-1.252,8,1977122209,"","","","",5.,1,180,1,"","","","","","","","","","","","","","","","","","","","","","","","","","","","",9.8,1,5.3,1,"","","","","","","","","","","","","","","","","","","","","","","","","","",74,1,"","","","","","","","","","","","",9.,1,1023.2,1,"","","","","","",6,1,6,1,5,1,0,1,0,1,"","","","","","","","","","","","","","","","","","","","","","","","",18000,1,"","",3,1,1,1,"","","","","","","","","","",3,1,250,1,"","","","","","","","","","","","","","","","","","","","","","","","","","","","","","","","","","","","","","","","","","","","","","","","","","","",""
"33236002","CAP-FERRET",44.630667,-1.252,8,1977122212,"","","","",6.,1,120,1,"","","","","","","","","","","","","","","","","","","","","","","","","","","","",13.,1,8.9,1,"","","","","","","","","","","","","","","","","","","","","","","","","","",77,1,"","","","","","","","","","","","",11.6,1,1021.6,1,"","","","","","",5,1,0,1,5,1,6,1,3,1,"","","","","","","","","","","","","","","","","","","","","","","","",20000,1,"","",2,1,1,1,"","","","","","","","","","",3,1,250,1,"","","","","","","","","","","","","","","","","","","","","","","","","","","","","","","","","","","","","","","","","","","","","","","","","","","",""
"33236002","CAP-FERRET",44.630667,-1.252,8,1977122215,"","","","",5.,1,120,1,"","","","","","","","","","","","","","","","","","","","","","","","","","","","",13.5,1,9.8,1,"","","","","","","","","","","","","","","","","","","","","","","","","","",79,1,"","","","","","","","","","","","",12.3,1,1021.2,1,"","","","","","",8,1,5,1,7,1,7,1,"","","","","","","","","","","","","","","","","","","","","","","","","","",18000,1,"","",3,1,2,1,"","","","","","","","","","",4,1,250,1,"","","","","","","","","","","","","","","","","","","","","","","","","","","","","","","","","","","","","","","","","","","","","","","","","","","",""
"33236002","CAP-FERRET",44.630667,-1.252,8,1977122218,"","","","",6.,1,160,1,"","","","","","","","","","","","","","","","","","","","","","","","","","","","",12.2,1,9.2,1,"","","","","","","","","","","","","","","","","","","","","","","","","","",84,1,"","","","","","","","","","","","",11.8,1,1020.6,1,"","","","","","",8,1,6,1,7,1,7,1,"","","","","","","","","","","","","","","","","","","","","","","","","","",18000,1,"","",2,1,2,1,"","","","","","","","","","",4,1,250,1,"","","","","","","","","","","","","","","","","","","","","","","","","","","","","","","","","","","","","","","","","","","","","","","","","","","",""
"33236002","CAP-FERRET",44.630667,-1.252,8,1977122221,"","","","",6.,1,160,1,"","","","","","","","","","","","","","","","","","","","","","","","","","","","",10.4,1,9.8,1,"","","","","","","","","","","","","","","","","","","","","","","","","","",97,1,"","","","","","","","","","","","",12.3,1,1021.,1,"","","","","","",8,1,7,1,7,1,"","","","","","","","","","","","","","","","","","","","","","","","","","","","",16000,1,"","",63,1,6,1,"","","","","","","","","","",4,1,250,1,"","","","","","","","","","","","","","","","","","","","","","","","","","","","","","","","","","","","","","","","","","","","","","","","","","","",""
"33236002","CAP-FERRET",44.630667,-1.252,8,1977122300,"","","","",5.,1,160,1,"","","","","","","","","","","","","","","","","","","","","","","","","","","","","","","","","","","","","","","","","","","","","","","","","","","","","","","","","","","","","","","","","","","","","","","","","","","","","","","","","","","","","","","","","","","","","","","","","","","","","","","","","","","","","","","","","","","","","","","","","","","","","","","","","","","","","","","","","","","","","","","","","","","","","","","","","","","","","","","","","","","","","","","","","","","","","","","","","","","","","","","","","","","","","",""
"33236002","CAP-FERRET",44.630667,-1.252,8,1977122303,"","","","",3.,1,160,1,"","","","","","","","","","","","","","","","","","","","","","","","","","","","","","","","","","","","","","","","","","","","","","","","","","","","","","","","","","","","","","","","","","","","","","","","","","",1021.6,1,"","","","","","","","","","","","","","","","","","","","","","","","","","","","","","","","","","","","","","","","","","","","","","","","","","","","","","","","","","","","","","","","","","","","","","","","","","","","","","","","","","","","","","","","","","","","","","","","","","","","","","","","","","","","","","","","","",""
"33236002","CAP-FERRET",44.630667,-1.252,8,1977122306,"","","","",4.,1,160,1,"","","","","","","","","","","","","","","","","","","","","","","","","","","","",11.2,1,9.8,1,"","","","","","","","","","","","","","","","","","","","","","","","","","",92,1,"","","","","","","","","","","","",12.3,1,1021.6,1,"","","","","","",8,1,5,1,7,1,7,1,"","","","","","","","","","","","","","","","","","","","","","","","","","",12000,1,"","",0,1,"","","","","","","","","","","","",4,1,270,1,"","","","","","","","","","","","","","","","","","","","","","","","","","","","","","","","","","","","","","","","","","","","","","","","","","","",""
"33236002","CAP-FERRET",44.630667,-1.252,8,1977122309,"","","","",4.,1,120,1,"","","","","","","","","","","","","","","","","","","","","","","","","","","","",11.,1,9.2,1,"","","","","","","","","","","","","","","","","","","","","","","","","","",90,1,"","","","","","","","","","","","",11.8,1,1023.2,1,"","","","","","",8,1,8,1,0,1,7,1,"","","","","","","","","","","","","","","","","","","","","","","","","","",16000,1,"","",1,1,2,1,"","","","","","","","","","",4,1,270,1,"","","","","","","","","","","","","","","","","","","","","","","","","","","","","","","","","","","","","","","","","","","","","","","","","","","",""
"33236002","CAP-FERRET",44.630667,-1.252,8,1977122312,"","","","",3.,1,120,1,"","","","","","","","","","","","","","","","","","","","","","","","","","","","",15.2,1,11.2,1,"","","","","","","","","","","","","","","","","","","","","","","","","","",78,1,"","","","","","","","","","","","",13.6,1,1023.4,1,"","","","","","",7,1,5,1,0,1,4,1,3,1,"","","","","","","","","","","","","","","","","","","","","","","","",18000,1,"","",1,1,2,1,"","","","","","","","","","",4,1,270,1,"","","","","","","","","","","","","","","","","","","","","","","","","","","","","","","","","","","","","","","","","","","","","","","","","","","",""
"33236002","CAP-FERRET",44.630667,-1.252,8,1977122315,"","","","",3.,1,120,1,"","","","","","","","","","","","","","","","","","","","","","","","","","","","",17.4,1,15.6,1,"","","","","","","","","","","","","","","","","","","","","","","","","","",94,1,"","","","","","","","","","","","",18.2,1,1022.6,1,"","","","","","",7,1,5,1,5,1,4,1,3,1,"","","","","","","","","","","","","","","","","","","","","","","","",14000,1,"","",2,1,2,1,"","","","","","","","","","",3,1,270,1,"","","","","","","","","","","","","","","","","","","","","","","","","","","","","","","","","","","","","","","","","","","","","","","","","","","",""
"33236002","CAP-FERRET",44.630667,-1.252,8,1977122318,"","","","",6.,1,120,1,"","","","","","","","","","","","","","","","","","","","","","","","","","","","",14.8,1,12.7,1,"","","","","","","","","","","","","","","","","","","","","","","","","","",89,1,"","","","","","","","","","","","",15.,1,1023.6,1,"","","","","","",8,1,5,1,5,1,6,1,8,1,"","","","","","","","","","","","","","","","","","","","","","","","",18000,1,"","",2,1,2,1,"","","","","","","","","","",3,1,270,1,"","","","","","","","","","","","","","","","","","","","","","","","","","","","","","","","","","","","","","","","","","","","","","","","","","","",""
"33236002","CAP-FERRET",44.630667,-1.252,8,1977122321,"","","","",4.,1,120,1,"","","","","","","","","","","","","","","","","","","","","","","","","","","","",13.2,1,11.1,1,"","","","","","","","","","","","","","","","","","","","","","","","","","",91,1,"","","","","","","","","","","","",13.5,1,1024.2,1,"","","","","","",6,1,6,1,5,1,0,1,0,1,"","","","","","","","","","","","","","","","","","","","","","","","",16000,1,"","",1,1,2,1,"","","","","","","","","","",3,1,270,1,"","","","","","","","","","","","","","","","","","","","","","","","","","","","","","","","","","","","","","","","","","","","","","","","","","","",""
"33236002","CAP-FERRET",44.630667,-1.252,8,1977122400,"","","","",5.,1,180,1,"","","","","","","","","","","","","","","","","","","","","","","","","","","","","","","","","","","","","","","","","","","","","","","","","","","","","","","","","","","","","","","","","","","","","","","","","","","","","","","","","","","","","","","","","","","","","","","","","","","","","","","","","","","","","","","","","","","","","","","","","","","","","","","","","","","","","","","","","","","","","","","","","","","","","","","","","","","","","","","","","","","","","","","","","","","","","","","","","","","","","","","","","","","","","",""
"33236002","CAP-FERRET",44.630667,-1.252,8,1977122403,"","","","",1.,1,180,1,"","","","","","","","","","","","","","","","","","","","","","","","","","","","","","","","","","","","","","","","","","","","","","","","","","","","","","","","","","","","","","","","","","","","","","","","","","",1025.7,1,"","","","","","","","","","","","","","","","","","","","","","","","","","","","","","","","","","","","","","","","","","","","","","","","","","","","","","","","","","","","","","","","","","","","","","","","","","","","","","","","","","","","","","","","","","","","","","","","","","","","","","","","","","","","","","","","","",""
"33236002","CAP-FERRET",44.630667,-1.252,8,1977122406,"","","","",2.,1,100,1,"","","","","","","","","","","","","","","","","","","","","","","","","","","","",9.2,1,8.1,1,"","","","","","","","","","","","","","","","","","","","","","","","","","",95,1,"","","","","","","","","","","","",11.,1,1027.2,1,"","","","","","",3,1,0,1,0,1,0,1,2,1,"","","","","","","","","","","","","","","","","","","","","","","","",10000,1,"","",0,1,"","","","","","","","","","","","",4,1,270,1,"","","","","","","","","","","","","","","","","","","","","","","","","","","","","","","","","","","","","","","","","","","","","","","","","","","",""
"33236002","CAP-FERRET",44.630667,-1.252,8,1977122409,"","","","",0.,1,0,1,"","","","","","","","","","","","","","","","","","","","","","","","","","","","",9.8,1,9.8,1,"","","","","","","","","","","","","","","","","","","","","","","","","","",100,1,"","","","","","","","","","","","",12.1,1,1028.4,1,"","","","","","",8,1,8,1,0,1,7,1,"","","","","","","","","","","","","","","","","","","","","","","","","","",10000,1,"","",3,1,1,1,"","","","","","","","","","",4,1,270,1,"","","","","","","","","","","","","","","","","","","","","","","","","","","","","","","","","","","","","","","","","","","","","","","","","","","",""
"33236002","CAP-FERRET",44.630667,-1.252,8,1977122412,"","","","",0.,1,0,1,"","","","","","","","","","","","","","","","","","","","","","","","","","","","",13.2,1,11.,1,"","","","","","","","","","","","","","","","","","","","","","","","","","",88,1,"","","","","","","","","","","","",13.4,1,1028.8,1,"","","","","","",8,1,5,1,0,1,7,1,8,1,"","","","","","","","","","","","","","","","","","","","","","","","",8000,1,"","",2,1,2,1,"","","","","","","","","","",4,1,270,1,"","","","","","","","","","","","","","","","","","","","","","","","","","","","","","","","","","","","","","","","","","","","","","","","","","","",""
"33236002","CAP-FERRET",44.630667,-1.252,8,1977122415,"","","","",0.,1,0,1,"","","","","","","","","","","","","","","","","","","","","","","","","","","","",13.4,1,11.5,1,"","","","","","","","","","","","","","","","","","","","","","","","","","",91,1,"","","","","","","","","","","","",13.9,1,1028.4,1,"","","","","","",8,1,5,1,0,1,7,1,8,1,"","","","","","","","","","","","","","","","","","","","","","","","",7000,1,"","",2,1,2,1,"","","","","","","","","","",4,1,270,1,"","","","","","","","","","","","","","","","","","","","","","","","","","","","","","","","","","","","","","","","","","","","","","","","","","","",""
"33236002","CAP-FERRET",44.630667,-1.252,8,1977122418,"","","","",0.,1,0,1,"","","","","","","","","","","","","","","","","","","","","","","","","","","","",11.,1,10.3,1,"","","","","","","","","","","","","","","","","","","","","","","","","","",97,1,"","","","","","","","","","","","",12.8,1,1029.6,1,"","","","","","",8,1,8,1,0,1,7,1,"","","","","","","","","","","","","","","","","","","","","","","","","","",1300,1,"","",10,1,2,1,"","","","","","","","","","",4,1,270,1,"","","","","","","","","","","","","","","","","","","","","","","","","","","","","","","","","","","","","","","","","","","","","","","","","","","",""
"33236002","CAP-FERRET",44.630667,-1.252,8,1977122421,"","","","",0.,1,0,1,"","","","","","","","","","","","","","","","","","","","","","","","","","","","",9.5,1,9.5,1,"","","","","","","","","","","","","","","","","","","","","","","","","","",100,1,"","","","","","","","","","","","",11.9,1,1030.6,1,"","","","","","",8,1,8,1,0,1,0,1,7,1,"","","","","","","","","","","","","","","","","","","","","","","","",900,1,"","",44,1,4,1,"","","","","","","","","","",4,1,270,1,"","","","","","","","","","","","","","","","","","","","","","","","","","","","","","","","","","","","","","","","","","","","","","","","","","","",""
"33236002","CAP-FERRET",44.630667,-1.252,8,1977122500,"","","","",0.,1,0,1,"","","","","","","","","","","","","","","","","","","","","","","","","","","","","","","","","","","","","","","","","","","","","","","","","","","","","","","","","","","","","","","","","","","","","","","","","","","","","","","","","","","","","","","","","","","","","","","","","","","","","","","","","","","","","","","","","","","","","","","","","","","","","","","","","","","","","","","","","","","","","","","","","","","","","","","","","","","","","","","","","","","","","","","","","","","","","","","","","","","","","","","","","","","","","",""
"33236002","CAP-FERRET",44.630667,-1.252,8,1977122503,"","","","",0.,1,0,1,"","","","","","","","","","","","","","","","","","","","","","","","","","","","","","","","","","","","","","","","","","","","","","","","","","","","","","","","","","","","","","","","","","","","","","","","","","",1032.2,1,"","","","","","","","","","","","","","","","","","","","","","","","","","","","","","","","","","","","","","","","","","","","","","","","","","","","","","","","","","","","","","","","","","","","","","","","","","","","","","","","","","","","","","","","","","","","","","","","","","","","","","","","","","","","","","","","","",""
"33236002","CAP-FERRET",44.630667,-1.252,8,1977122506,"","","","",0.,1,0,1,"","","","","","","","","","","","","","","","","","","","","","","","","","","","",10.5,1,10.5,1,"","","","","","","","","","","","","","","","","","","","","","","","","","",100,1,"","","","","","","","","","","","",12.7,1,1033.2,1,"","","","","","",8,1,5,1,7,1,7,1,"","","","","","","","","","","","","","","","","","","","","","","","","","",6000,1,"","",0,1,"","","","","","","","","","","","",3,1,"","","","","","","","","","","","","","","","","","","","","","","","","","","","","","","","","","","","","","","","","","","","","","","","","","","","","",""
"33236002","CAP-FERRET",44.630667,-1.252,8,1977122509,"","","","",0.,1,0,1,"","","","","","","","","","","","","","","","","","","","","","","","","","","","",11.,1,11.,1,"","","","","","","","","","","","","","","","","","","","","","","","","","",100,1,"","","","","","","","","","","","",13.1,1,1034.1,1,"","","","","","",6,1,5,1,5,1,0,1,2,1,"","","","","","","","","","","","","","","","","","","","","","","","",8000,1,"","",1,1,2,1,"","","","","","","","","","",3,1,"","","","","","","","","","","","","","","","","","","","","","","","","","","","","","","","","","","","","","","","","","","","","","","","","","","","","",""
"33236002","CAP-FERRET",44.630667,-1.252,8,1977122512,"","","","",2.,1,60,1,"","","","","","","","","","","","","","","","","","","","","","","","","","","","",12.,1,11.2,1,"","","","","","","","","","","","","","","","","","","","","","","","","","",97,1,"","","","","","","","","","","","",13.6,1,1035.2,1,"","","","","","",5,1,0,1,8,1,0,1,2,1,"","","","","","","","","","","","","","","","","","","","","","","","",10000,1,"","",1,1,2,1,"","","","","","","","","","",3,1,"","","","","","","","","","","","","","","","","","","","","","","","","","","","","","","","","","","","","","","","","","","","","","","","","","","","","",""
"33236002","CAP-FERRET",44.630667,-1.252,8,1977122515,"","","","",0.,1,0,1,"","","","","","","","","","","","","","","","","","","","","","","","","","","","",13.,1,9.5,1,"","","","","","","","","","","","","","","","","","","","","","","","","","",81,1,"","","","","","","","","","","","",12.1,1,1033.6,1,"","","","","","",4,1,0,1,5,1,0,1,2,1,"","","","","","","","","","","","","","","","","","","","","","","","",18000,1,"","",1,1,1,1,"","","","","","","","","","",3,1,"","","","","","","","","","","","","","","","","","","","","","","","","","","","","","","","","","","","","","","","","","","","","","","","","","","","","",""
"33236002","CAP-FERRET",44.630667,-1.252,8,1977122518,"","","","",0.,1,0,1,"","","","","","","","","","","","","","","","","","","","","","","","","","","","",9.,1,9.,1,"","","","","","","","","","","","","","","","","","","","","","","","","","",100,1,"","","","","","","","","","","","",11.5,1,1033.2,1,"","","","","","",3,1,0,1,0,1,0,1,2,1,"","","","","","","","","","","","","","","","","","","","","","","","",8000,1,"","",2,1,1,1,"","","","","","","","","","",3,1,"","","","","","","","","","","","","","","","","","","","","","","","","","","","","","","","","","","","","","","","","","","","","","","","","","","","","",""
"33236002","CAP-FERRET",44.630667,-1.252,8,1977122521,"","","","",1.,1,80,1,"","","","","","","","","","","","","","","","","","","","","","","","","","","","",8.5,1,8.5,1,"","","","","","","","","","","","","","","","","","","","","","","","","","",100,1,"","","","","","","","","","","","",11.1,1,1032.6,1,"","","","","","",3,1,0,1,0,1,0,1,2,1,"","","","","","","","","","","","","","","","","","","","","","","","",6000,1,"","",2,1,0,1,"","","","","","","","","","",3,1,"","","","","","","","","","","","","","","","","","","","","","","","","","","","","","","","","","","","","","","","","","","","","","","","","","","","","",""
"33236002","CAP-FERRET",44.630667,-1.252,8,1977122600,"","","","",2.,1,100,1,"","","","","","","","","","","","","","","","","","","","","","","","","","","","","","","","","","","","","","","","","","","","","","","","","","","","","","","","","","","","","","","","","","","","","","","","","","","","","","","","","","","","","","","","","","","","","","","","","","","","","","","","","","","","","","","","","","","","","","","","","","","","","","","","","","","","","","","","","","","","","","","","","","","","","","","","","","","","","","","","","","","","","","","","","","","","","","","","","","","","","","","","","","","","","",""
"33236002","CAP-FERRET",44.630667,-1.252,8,1977122603,"","","","",1.,1,160,1,"","","","","","","","","","","","","","","","","","","","","","","","","","","","","","","","","","","","","","","","","","","","","","","","","","","","","","","","","","","","","","","","","","","","","","","","","","",1026.6,1,"","","","","","","","","","","","","","","","","","","","","","","","","","","","","","","","","","","","","","","","","","","","","","","","","","","","","","","","","","","","","","","","","","","","","","","","","","","","","","","","","","","","","","","","","","","","","","","","","","","","","","","","","","","","","","","","","",""
"33236002","CAP-FERRET",44.630667,-1.252,8,1977122606,"","","","",1.,1,120,1,"","","","","","","","","","","","","","","","","","","","","","","","","","","","",6.5,1,6.5,1,"","","","","","","","","","","","","","","","","","","","","","","","","","",100,1,"","","","","","","","","","","","",9.7,1,1027.6,1,"","","","","","",0,1,"","",0,1,0,1,0,1,"","","","","","","","","","","","","","","","","","","","","","","","",8000,1,"","",0,1,"","","","","","","","","","","","",2,1,270,1,"","","","","","","","","","","","","","","","","","","","","","","","","","","","","","","","","","","","","","","","","","","","","","","","","","","",""
"33236002","CAP-FERRET",44.630667,-1.252,8,1977122609,"","","","",3.,1,120,1,"","","","","","","","","","","","","","","","","","","","","","","","","","","","",7.2,1,7.2,1,"","","","","","","","","","","","","","","","","","","","","","","","","","",100,1,"","","","","","","","","","","","",10.2,1,1026.6,1,"","","","","","",3,1,0,1,5,1,0,1,2,1,"","","","","","","","","","","","","","","","","","","","","","","","",9000,1,"","",3,1,0,1,"","","","","","","","","","",3,1,270,1,"","","","","","","","","","","","","","","","","","","","","","","","","","","","","","","","","","","","","","","","","","","","","","","","","","","",""
"33236002","CAP-FERRET",44.630667,-1.252,8,1977122612,"","","","",1.,1,100,1,"","","","","","","","","","","","","","","","","","","","","","","","","","","","",11.,1,9.2,1,"","","","","","","","","","","","","","","","","","","","","","","","","","",90,1,"","","","","","","","","","","","",11.8,1,1025.6,1,"","","","","","",7,1,7,1,5,1,"","","","","","","","","","","","","","","","","","","","","","","","","","","","",13000,1,"","",3,1,1,1,"","","","","","","","","","",3,1,270,1,"","","","","","","","","","","","","","","","","","","","","","","","","","","","","","","","","","","","","","","","","","","","","","","","","","","",""
"33236002","CAP-FERRET",44.630667,-1.252,8,1977122615,"","","","",0.,1,0,1,"","","","","","","","","","","","","","","","","","","","","","","","","","","","",12.2,1,11.1,1,"","","","","","","","","","","","","","","","","","","","","","","","","","",95,1,"","","","","","","","","","","","",13.5,1,1022.6,1,"","","","","","",7,1,7,1,5,1,"","","","","","","","","","","","","","","","","","","","","","","","","","","","",12000,1,"","",2,1,2,1,"","","","","","","","","","",3,1,270,1,"","","","","","","","","","","","","","","","","","","","","","","","","","","","","","","","","","","","","","","","","","","","","","","","","","","",""
"33236002","CAP-FERRET",44.630667,-1.252,8,1977122618,"","","","",3.,1,120,1,"","","","","","","","","","","","","","","","","","","","","","","","","","","","",12.2,1,11.1,1,"","","","","","","","","","","","","","","","","","","","","","","","","","",95,1,"","","","","","","","","","","","",13.5,1,1020.8,1,"","","","","","",8,1,8,1,5,1,"","","","","","","","","","","","","","","","","","","","","","","","","","","","",8000,1,"","",2,1,2,1,"","","","","","","","","","",3,1,270,1,"","","","","","","","","","","","","","","","","","","","","","","","","","","","","","","","","","","","","","","","","","","","","","","","","","","",""
"33236002","CAP-FERRET",44.630667,-1.252,8,1977122621,"","","","",2.,1,60,1,"","","","","","","","","","","","","","","","","","","","","","","","","","","","",11.,1,11.,1,"","","","","","","","","","","","","","","","","","","","","","","","","","",100,1,"","","","","","","","","","","","",13.1,1,1019.2,1,"","","","","","",7,1,7,1,5,1,"","","","","","","","","","","","","","","","","","","","","","","","","","","","",8000,1,"","",2,1,2,1,"","","","","","","","","","",3,1,270,1,"","","","","","","","","","","","","","","","","","","","","","","","","","","","","","","","","","","","","","","","","","","","","","","","","","","",""
"33236002","CAP-FERRET",44.630667,-1.252,8,1977122700,"","","","",2.,1,60,1,"","","","","","","","","","","","","","","","","","","","","","","","","","","","","","","","","","","","","","","","","","","","","","","","","","","","","","","","","","","","","","","","","","","","","","","","","","","","","","","","","","","","","","","","","","","","","","","","","","","","","","","","","","","","","","","","","","","","","","","","","","","","","","","","","","","","","","","","","","","","","","","","","","","","","","","","","","","","","","","","","","","","","","","","","","","","","","","","","","","","","","","","","","","","","",""
"33236002","CAP-FERRET",44.630667,-1.252,8,1977122703,"","","","",5.,1,240,1,"","","","","","","","","","","","","","","","","","","","","","","","","","","","","","","","","","","","","","","","","","","","","","","","","","","","","","","","","","","","","","","","","","","","","","","","","","",1018.5,1,"","","","","","","","","","","","","","","","","","","","","","","","","","","","","","","","","","","","","","","","","","","","","","","","","","","","","","","","","","","","","","","","","","","","","","","","","","","","","","","","","","","","","","","","","","","","","","","","","","","","","","","","","","","","","","","","","",""
"33236002","CAP-FERRET",44.630667,-1.252,8,1977122706,"","","","",9.,1,280,1,"","","","","","","","","","","","","","","","","","","","","","","","","","","","",12.2,1,12.2,1,"","","","","","","","","","","","","","","","","","","","","","","","","","",100,1,"","","","","","","","","","","","",14.2,1,1016.7,1,"","","","","","",8,1,5,1,8,1,"","","","","","","","","","","","","","","","","","","","","","","","","","","","",8000,1,"","",81,1,8,1,"","","","","","","","","","",4,1,290,1,"","","","","","","","","","","","","","","","","","","","","","","","","","","","","","","","","","","","","","","","","","","","","","","","","","","",""
"33236002","CAP-FERRET",44.630667,-1.252,8,1977122709,"","","","",7.,1,320,1,"","","","","","","","","","","","","","","","","","","","","","","","","","","","",10.4,1,8.9,1,"","","","","","","","","","","","","","","","","","","","","","","","","","",92,1,"","","","","","","","","","","","",11.6,1,1018.2,1,"","","","","","",8,1,5,1,8,1,"","","","","","","","","","","","","","","","","","","","","","","","","","","","",12000,1,"","",25,1,8,1,"","","","","","","","","","",4,1,290,1,"","","","","","","","","","","","","","","","","","","","","","","","","","","","","","","","","","","","","","","","","","","","","","","","","","","",""
"33236002","CAP-FERRET",44.630667,-1.252,8,1977122712,"","","","",12.,1,320,1,"","","","","","","","","","","","","","","","","","","","","","","","","","","","",10.8,1,5.,1,"","","","","","","","","","","","","","","","","","","","","","","","","","",68,1,"","","","","","","","","","","","",8.8,1,1018.7,1,"","","","","","",6,1,0,1,8,1,0,1,2,1,"","","","","","","","","","","","","","","","","","","","","","","","",18000,1,"","",1,1,8,1,"","","","","","","","","","",4,1,290,1,"","","","","","","","","","","","","","","","","","","","","","","","","","","","","","","","","","","","","","","","","","","","","","","","","","","",""
"33236002","CAP-FERRET",44.630667,-1.252,8,1977122715,"","","","",12.,1,280,1,"","","","","","","","","","","","","","","","","","","","","","","","","","","","",9.,1,2.4,1,"","","","","","","","","","","","","","","","","","","","","","","","","","",63,1,"","","","","","","","","","","","",7.3,1,1017.6,1,"","","","","","",6,1,0,1,8,1,0,1,2,1,"","","","","","","","","","","","","","","","","","","","","","","","",18000,1,"","",2,1,8,1,"","","","","","","","","","",4,1,290,1,"","","","","","","","","","","","","","","","","","","","","","","","","","","","","","","","","","","","","","","","","","","","","","","","","","","",""
"33236002","CAP-FERRET",44.630667,-1.252,8,1977122718,"","","","",13.,1,300,1,"","","","","","","","","","","","","","","","","","","","","","","","","","","","",9.,1,4.8,1,"","","","","","","","","","","","","","","","","","","","","","","","","","",76,1,"","","","","","","","","","","","",8.7,1,1015.6,1,"","","","","","",5,1,0,1,8,1,0,1,2,1,"","","","","","","","","","","","","","","","","","","","","","","","",15000,1,"","",2,1,8,1,"","","","","","","","","","",4,1,290,1,"","","","","","","","","","","","","","","","","","","","","","","","","","","","","","","","","","","","","","","","","","","","","","","","","","","",""
"33236002","CAP-FERRET",44.630667,-1.252,8,1977122721,"","","","",14.,1,300,1,"","","","","","","","","","","","","","","","","","","","","","","","","","","","",9.6,1,4.5,1,"","","","","","","","","","","","","","","","","","","","","","","","","","",71,1,"","","","","","","","","","","","",8.5,1,1012.5,1,"","","","","","",7,1,5,1,8,1,"","","","","","","","","","","","","","","","","","","","","","","","","","","","",10000,1,"","",3,1,2,1,"","","","","","","","","","",4,1,290,1,"","","","","","","","","","","","","","","","","","","","","","","","","","","","","","","","","","","","","","","","","","","","","","","","","","","",""
"33236002","CAP-FERRET",44.630667,-1.252,8,1977122800,"","","","",10.,1,300,1,"","","","","","","","","","","","","","","","","","","","","","","","","","","","","","","","","","","","","","","","","","","","","","","","","","","","","","","","","","","","","","","","","","","","","","","","","","","","","","","","","","","","","","","","","","","","","","","","","","","","","","","","","","","","","","","","","","","","","","","","","","","","","","","","","","","","","","","","","","","","","","","","","","","","","","","","","","","","","","","","","","","","","","","","","","","","","","","","","","","","","","","","","","","","","",""
"33236002","CAP-FERRET",44.630667,-1.252,8,1977122803,"","","","",6.,1,320,1,"","","","","","","","","","","","","","","","","","","","","","","","","","","","","","","","","","","","","","","","","","","","","","","","","","","","","","","","","","","","","","","","","","","","","","","","","","",1005.6,1,"","","","","","","","","","","","","","","","","","","","","","","","","","","","","","","","","","","","","","","","","","","","","","","","","","","","","","","","","","","","","","","","","","","","","","","","","","","","","","","","","","","","","","","","","","","","","","","","","","","","","","","","","","","","","","","","","",""
"33236002","CAP-FERRET",44.630667,-1.252,8,1977122806,"","","","",4.,1,60,1,"","","","","","","","","","","","","","","","","","","","","","","","","","","","",4.6,1,4.,1,"","","","","","","","","","","","","","","","","","","","","","","","","","",97,1,"","","","","","","","","","","","",8.2,1,1004.6,1,"","","","","","",8,1,8,1,8,1,"","","","","","","","","","","","","","","","","","","","","","","","","","","","",10000,1,"","",0,1,"","","","","","","","","","","","",4,1,270,1,"","","","","","","","","","","","","","","","","","","","","","","","","","","","","","","","","","","","","","","","","","","","","","","","","","","",""
"33236002","CAP-FERRET",44.630667,-1.252,8,1977122809,"","","","",2.,1,20,1,"","","","","","","","","","","","","","","","","","","","","","","","","","","","",4.5,1,3.7,1,"","","","","","","","","","","","","","","","","","","","","","","","","","",95,1,"","","","","","","","","","","","",8.,1,1006.5,1,"","","","","","",7,1,7,1,8,1,"","","","","","","","","","","","","","","","","","","","","","","","","","","","",15000,1,"","",2,1,2,1,"","","","","","","","","","",4,1,270,1,"","","","","","","","","","","","","","","","","","","","","","","","","","","","","","","","","","","","","","","","","","","","","","","","","","","",""
"33236002","CAP-FERRET",44.630667,-1.252,8,1977122812,"","","","",3.,1,40,1,"","","","","","","","","","","","","","","","","","","","","","","","","","","","",5.5,1,3.7,1,"","","","","","","","","","","","","","","","","","","","","","","","","","",89,1,"","","","","","","","","","","","",8.,1,1008.3,1,"","","","","","",6,1,6,1,2,1,0,1,2,1,"","","","","","","","","","","","","","","","","","","","","","","","",18000,1,"","",1,1,2,1,"","","","","","","","","","",4,1,270,1,"","","","","","","","","","","","","","","","","","","","","","","","","","","","","","","","","","","","","","","","","","","","","","","","","","","",""
"33236002","CAP-FERRET",44.630667,-1.252,8,1977122815,"","","","",2.,1,20,1,"","","","","","","","","","","","","","","","","","","","","","","","","","","","",6.2,1,3.3,1,"","","","","","","","","","","","","","","","","","","","","","","","","","",82,1,"","","","","","","","","","","","",7.8,1,1009.8,1,"","","","","","",4,1,0,1,2,1,0,1,2,1,"","","","","","","","","","","","","","","","","","","","","","","","",18000,1,"","",2,1,1,1,"","","","","","","","","","",3,1,270,1,"","","","","","","","","","","","","","","","","","","","","","","","","","","","","","","","","","","","","","","","","","","","","","","","","","","",""
"33236002","CAP-FERRET",44.630667,-1.252,8,1977122818,"","","","",4.,1,40,1,"","","","","","","","","","","","","","","","","","","","","","","","","","","","",4.7,1,2.4,1,"","","","","","","","","","","","","","","","","","","","","","","","","","",86,1,"","","","","","","","","","","","",7.3,1,1012.6,1,"","","","","","",1,1,0,1,2,1,0,1,0,1,"","","","","","","","","","","","","","","","","","","","","","","","",20000,1,"","",1,1,1,1,"","","","","","","","","","",3,1,270,1,"","","","","","","","","","","","","","","","","","","","","","","","","","","","","","","","","","","","","","","","","","","","","","","","","","","",""
"33236002","CAP-FERRET",44.630667,-1.252,8,1977122821,"","","","",5.,1,40,1,"","","","","","","","","","","","","","","","","","","","","","","","","","","","",3.,1,2.4,1,"","","","","","","","","","","","","","","","","","","","","","","","","","",97,1,"","","","","","","","","","","","",7.3,1,1015.4,1,"","","","","","",6,1,0,1,2,1,0,1,2,1,"","","","","","","","","","","","","","","","","","","","","","","","",18000,1,"","",3,1,1,1,"","","","","","","","","","",3,1,270,1,"","","","","","","","","","","","","","","","","","","","","","","","","","","","","","","","","","","","","","","","","","","","","","","","","","","",""
"33236002","CAP-FERRET",44.630667,-1.252,8,1977122900,"","","","",6.,1,60,1,"","","","","","","","","","","","","","","","","","","","","","","","","","","","","","","","","","","","","","","","","","","","","","","","","","","","","","","","","","","","","","","","","","","","","","","","","","","","","","","","","","","","","","","","","","","","","","","","","","","","","","","","","","","","","","","","","","","","","","","","","","","","","","","","","","","","","","","","","","","","","","","","","","","","","","","","","","","","","","","","","","","","","","","","","","","","","","","","","","","","","","","","","","","","","",""
"33236002","CAP-FERRET",44.630667,-1.252,8,1977122903,"","","","",7.,1,40,1,"","","","","","","","","","","","","","","","","","","","","","","","","","","","","","","","","","","","","","","","","","","","","","","","","","","","","","","","","","","","","","","","","","","","","","","","","","",1020.5,1,"","","","","","","","","","","","","","","","","","","","","","","","","","","","","","","","","","","","","","","","","","","","","","","","","","","","","","","","","","","","","","","","","","","","","","","","","","","","","","","","","","","","","","","","","","","","","","","","","","","","","","","","","","","","","","","","","",""
"33236002","CAP-FERRET",44.630667,-1.252,8,1977122906,"","","","",4.,1,60,1,"","","","","","","","","","","","","","","","","","","","","","","","","","","","",3.,1,2.,1,"","","","","","","","","","","","","","","","","","","","","","","","","","",93,1,"","","","","","","","","","","","",7.1,1,1021.1,1,"","","","","","",1,1,0,1,1,1,0,1,0,1,"","","","","","","","","","","","","","","","","","","","","","","","",10000,1,"","",0,1,"","","","","","","","","","","","",3,1,270,1,"","","","","","","","","","","","","","","","","","","","","","","","","","","","","","","","","","","","","","","","","","","","","","","","","","","",""
"33236002","CAP-FERRET",44.630667,-1.252,8,1977122909,"","","","",4.,1,40,1,"","","","","","","","","","","","","","","","","","","","","","","","","","","","",2.6,1,1.4,1,"","","","","","","","","","","","","","","","","","","","","","","","","","",93,1,"","","","","","","","","","","","",6.8,1,1024.3,1,"","","","","","",1,1,0,1,6,1,0,1,0,1,"","","","","","","","","","","","","","","","","","","","","","","","",8000,1,"","",2,1,0,1,"","","","","","","","","","",3,1,270,1,"","","","","","","","","","","","","","","","","","","","","","","","","","","","","","","","","","","","","","","","","","","","","","","","","","","",""
"33236002","CAP-FERRET",44.630667,-1.252,8,1977122912,"","","","",3.,1,60,1,"","","","","","","","","","","","","","","","","","","","","","","","","","","","",3.,1,1.4,1,"","","","","","","","","","","","","","","","","","","","","","","","","","",90,1,"","","","","","","","","","","","",6.8,1,1025.2,1,"","","","","","",4,1,0,1,6,1,0,1,0,1,"","","","","","","","","","","","","","","","","","","","","","","","",6000,1,"","",3,1,0,1,"","","","","","","","","","",3,1,270,1,"","","","","","","","","","","","","","","","","","","","","","","","","","","","","","","","","","","","","","","","","","","","","","","","","","","",""
"33236002","CAP-FERRET",44.630667,-1.252,8,1977122915,"","","","",2.,1,40,1,"","","","","","","","","","","","","","","","","","","","","","","","","","","","",5.6,1,1.4,1,"","","","","","","","","","","","","","","","","","","","","","","","","","",75,1,"","","","","","","","","","","","",6.8,1,1025.,1,"","","","","","",0,1,"","",0,1,0,1,0,1,"","","","","","","","","","","","","","","","","","","","","","","","",10000,1,"","",2,1,0,1,"","","","","","","","","","",3,1,270,1,"","","","","","","","","","","","","","","","","","","","","","","","","","","","","","","","","","","","","","","","","","","","","","","","","","","",""
"33236002","CAP-FERRET",44.630667,-1.252,8,1977122918,"","","","",2.,1,360,1,"","","","","","","","","","","","","","","","","","","","","","","","","","","","",1.5,1,-1.4,1,"","","","","","","","","","","","","","","","","","","","","","","","","","",81,1,"","","","","","","","","","","","",5.5,1,1025.6,1,"","","","","","",0,1,"","",0,1,0,1,0,1,"","","","","","","","","","","","","","","","","","","","","","","","",12000,1,"","",2,1,0,1,"","","","","","","","","","",3,1,270,1,"","","","","","","","","","","","","","","","","","","","","","","","","","","","","","","","","","","","","","","","","","","","","","","","","","","",""
"33236002","CAP-FERRET",44.630667,-1.252,8,1977122921,"","","","",0.,1,0,1,"","","","","","","","","","","","","","","","","","","","","","","","","","","","",-1.2,1,-1.6,1,"","","","","","","","","","","","","","","","","","","","","","","","","","",96,1,"","","","","","","","","","","","",5.4,1,1026.3,1,"","","","","","",0,1,"","",0,1,0,1,0,1,"","","","","","","","","","","","","","","","","","","","","","","","",8000,1,"","",2,1,0,1,"","","","","","","","","","",3,1,270,1,"","","","","","","","","","","","","","","","","","","","","","","","","","","","","","","","","","","","","","","","","","","","","","","","","","","",""
"33236002","CAP-FERRET",44.630667,-1.252,8,1977123000,"","","","",3.,1,180,1,"","","","","","","","","","","","","","","","","","","","","","","","","","","","","","","","","","","","","","","","","","","","","","","","","","","","","","","","","","","","","","","","","","","","","","","","","","","","","","","","","","","","","","","","","","","","","","","","","","","","","","","","","","","","","","","","","","","","","","","","","","","","","","","","","","","","","","","","","","","","","","","","","","","","","","","","","","","","","","","","","","","","","","","","","","","","","","","","","","","","","","","","","","","","","",""
"33236002","CAP-FERRET",44.630667,-1.252,8,1977123003,"","","","",5.,1,200,1,"","","","","","","","","","","","","","","","","","","","","","","","","","","","","","","","","","","","","","","","","","","","","","","","","","","","","","","","","","","","","","","","","","","","","","","","","","",1025.8,1,"","","","","","","","","","","","","","","","","","","","","","","","","","","","","","","","","","","","","","","","","","","","","","","","","","","","","","","","","","","","","","","","","","","","","","","","","","","","","","","","","","","","","","","","","","","","","","","","","","","","","","","","","","","","","","","","","",""
"33236002","CAP-FERRET",44.630667,-1.252,8,1977123006,"","","","",6.,1,200,1,"","","","","","","","","","","","","","","","","","","","","","","","","","","","",4.6,1,3.8,1,"","","","","","","","","","","","","","","","","","","","","","","","","","",95,1,"","","","","","","","","","","","",8.1,1,1024.8,1,"","","","","","",8,1,8,1,5,1,"","","","","","","","","","","","","","","","","","","","","","","","","","","","",12000,1,"","",0,1,"","","","","","","","","","","","",3,1,270,1,"","","","","","","","","","","","","","","","","","","","","","","","","","","","","","","","","","","","","","","","","","","","","","","","","","","",""
"33236002","CAP-FERRET",44.630667,-1.252,8,1977123009,"","","","",8.,1,280,1,"","","","","","","","","","","","","","","","","","","","","","","","","","","","",9.,1,4.3,1,"","","","","","","","","","","","","","","","","","","","","","","","","","",73,1,"","","","","","","","","","","","",8.4,1,1024.8,1,"","","","","","",8,1,8,1,5,1,"","","","","","","","","","","","","","","","","","","","","","","","","","","","",18000,1,"","",2,1,2,1,"","","","","","","","","","",3,1,270,1,"","","","","","","","","","","","","","","","","","","","","","","","","","","","","","","","","","","","","","","","","","","","","","","","","","","",""
"33236002","CAP-FERRET",44.630667,-1.252,8,1977123012,"","","","",11.,1,280,1,"","","","","","","","","","","","","","","","","","","","","","","","","","","","",10.,1,5.6,1,"","","","","","","","","","","","","","","","","","","","","","","","","","",75,1,"","","","","","","","","","","","",9.2,1,1024.3,1,"","","","","","",8,1,8,1,5,1,"","","","","","","","","","","","","","","","","","","","","","","","","","","","",18000,1,"","",2,1,2,1,"","","","","","","","","","",4,1,270,1,"","","","","","","","","","","","","","","","","","","","","","","","","","","","","","","","","","","","","","","","","","","","","","","","","","","",""
"33236002","CAP-FERRET",44.630667,-1.252,8,1977123015,"","","","",11.,1,280,1,"","","","","","","","","","","","","","","","","","","","","","","","","","","","",9.8,1,9.2,1,"","","","","","","","","","","","","","","","","","","","","","","","","","",97,1,"","","","","","","","","","","","",11.8,1,1023.1,1,"","","","","","",8,1,8,1,5,1,"","","","","","","","","","","","","","","","","","","","","","","","","","","","",15000,1,"","",2,1,5,1,"","","","","","","","","","",4,1,270,1,"","","","","","","","","","","","","","","","","","","","","","","","","","","","","","","","","","","","","","","","","","","","","","","","","","","",""
"33236002","CAP-FERRET",44.630667,-1.252,8,1977123018,"","","","",4.,1,340,1,"","","","","","","","","","","","","","","","","","","","","","","","","","","","",10.,1,10.,1,"","","","","","","","","","","","","","","","","","","","","","","","","","",100,1,"","","","","","","","","","","","",12.3,1,1023.3,1,"","","","","","",8,1,8,1,5,1,"","","","","","","","","","","","","","","","","","","","","","","","","","","","",15000,1,"","",21,1,6,1,"","","","","","","","","","",4,1,270,1,"","","","","","","","","","","","","","","","","","","","","","","","","","","","","","","","","","","","","","","","","","","","","","","","","","","",""
"33236002","CAP-FERRET",44.630667,-1.252,8,1977123021,"","","","",6.,1,320,1,"","","","","","","","","","","","","","","","","","","","","","","","","","","","",10.5,1,8.8,1,"","","","","","","","","","","","","","","","","","","","","","","","","","",91,1,"","","","","","","","","","","","",11.5,1,1024.2,1,"","","","","","",8,1,8,1,5,1,"","","","","","","","","","","","","","","","","","","","","","","","","","","","",18000,1,"","",2,1,2,1,"","","","","","","","","","",4,1,270,1,"","","","","","","","","","","","","","","","","","","","","","","","","","","","","","","","","","","","","","","","","","","","","","","","","","","",""
"33236002","CAP-FERRET",44.630667,-1.252,8,1977123100,"","","","",3.,1,360,1,"","","","","","","","","","","","","","","","","","","","","","","","","","","","","","","","","","","","","","","","","","","","","","","","","","","","","","","","","","","","","","","","","","","","","","","","","","","","","","","","","","","","","","","","","","","","","","","","","","","","","","","","","","","","","","","","","","","","","","","","","","","","","","","","","","","","","","","","","","","","","","","","","","","","","","","","","","","","","","","","","","","","","","","","","","","","","","","","","","","","","","","","","","","","","",""
"33236002","CAP-FERRET",44.630667,-1.252,8,1977123103,"","","","",3.,1,360,1,"","","","","","","","","","","","","","","","","","","","","","","","","","","","","","","","","","","","","","","","","","","","","","","","","","","","","","","","","","","","","","","","","","","","","","","","","","",1025.2,1,"","","","","","","","","","","","","","","","","","","","","","","","","","","","","","","","","","","","","","","","","","","","","","","","","","","","","","","","","","","","","","","","","","","","","","","","","","","","","","","","","","","","","","","","","","","","","","","","","","","","","","","","","","","","","","","","","",""
"33236002","CAP-FERRET",44.630667,-1.252,8,1977123106,"","","","",3.,1,20,1,"","","","","","","","","","","","","","","","","","","","","","","","","","","","",6.2,1,5.6,1,"","","","","","","","","","","","","","","","","","","","","","","","","","",97,1,"","","","","","","","","","","","",9.2,1,1026.2,1,"","","","","","",3,1,0,1,0,1,0,1,2,1,"","","","","","","","","","","","","","","","","","","","","","","","",10000,1,"","",0,1,"","","","","","","","","","","","",4,1,270,1,"","","","","","","","","","","","","","","","","","","","","","","","","","","","","","","","","","","","","","","","","","","","","","","","","","","",""
"33236002","CAP-FERRET",44.630667,-1.252,8,1977123109,"","","","",0.,1,0,1,"","","","","","","","","","","","","","","","","","","","","","","","","","","","",6.2,1,5.6,1,"","","","","","","","","","","","","","","","","","","","","","","","","","",97,1,"","","","","","","","","","","","",9.2,1,1027.5,1,"","","","","","",5,1,0,1,5,1,0,1,2,1,"","","","","","","","","","","","","","","","","","","","","","","","",15000,1,"","",2,1,1,1,"","","","","","","","","","",3,1,270,1,"","","","","","","","","","","","","","","","","","","","","","","","","","","","","","","","","","","","","","","","","","","","","","","","","","","",""
"33236002","CAP-FERRET",44.630667,-1.252,8,1977123112,"","","","",0.,1,0,1,"","","","","","","","","","","","","","","","","","","","","","","","","","","","",10.,1,7.7,1,"","","","","","","","","","","","","","","","","","","","","","","","","","",87,1,"","","","","","","","","","","","",10.7,1,1027.5,1,"","","","","","",7,1,7,1,5,1,"","","","","","","","","","","","","","","","","","","","","","","","","","","","",15000,1,"","",3,1,1,1,"","","","","","","","","","",3,1,270,1,"","","","","","","","","","","","","","","","","","","","","","","","","","","","","","","","","","","","","","","","","","","","","","","","","","","",""
"33236002","CAP-FERRET",44.630667,-1.252,8,1977123115,"","","","",0.,1,0,1,"","","","","","","","","","","","","","","","","","","","","","","","","","","","",10.6,1,7.5,1,"","","","","","","","","","","","","","","","","","","","","","","","","","",82,1,"","","","","","","","","","","","",10.5,1,1027.,1,"","","","","","",4,1,0,1,8,1,0,1,0,1,"","","","","","","","","","","","","","","","","","","","","","","","",18000,1,"","",1,1,1,1,"","","","","","","","","","",3,1,270,1,"","","","","","","","","","","","","","","","","","","","","","","","","","","","","","","","","","","","","","","","","","","","","","","","","","","",""
"33236002","CAP-FERRET",44.630667,-1.252,8,1977123118,"","","","",1.,1,240,1,"","","","","","","","","","","","","","","","","","","","","","","","","","","","",9.,1,8.,1,"","","","","","","","","","","","","","","","","","","","","","","","","","",95,1,"","","","","","","","","","","","",10.9,1,1026.8,1,"","","","","","",7,1,7,1,8,1,"","","","","","","","","","","","","","","","","","","","","","","","","","","","",15000,1,"","",3,1,1,1,"","","","","","","","","","",3,1,270,1,"","","","","","","","","","","","","","","","","","","","","","","","","","","","","","","","","","","","","","","","","","","","","","","","","","","",""
"33236002","CAP-FERRET",44.630667,-1.252,8,1977123121,"","","","",0.,1,0,1,"","","","","","","","","","","","","","","","","","","","","","","","","","","","",8.,1,7.3,1,"","","","","","","","","","","","","","","","","","","","","","","","","","",97,1,"","","","","","","","","","","","",10.4,1,1027.,1,"","","","","","",8,1,8,1,5,1,"","","","","","","","","","","","","","","","","","","","","","","","","","","","",12000,1,"","",2,1,2,1,"","","","","","","","","","",3,1,270,1,"","","","","","","","","","","","","","","","","","","","","","","","","","","","","","","","","","","","","","","","","","","","","","","","","","","",""
