"NUM_POSTE","NOM_USUEL","LAT","LON","ALTI","AAAAMMJJHH","RR1","QRR1","DRR1","QDRR1","FF","QFF","DD","QDD","FXY","QFXY","DXY","QDXY","HXY","QHXY","FXI","QFXI","DXI","QDXI","HXI","QHXI","FF2","QFF2","DD2","QDD2","FXI2","QFXI2","DXI2","QDXI2","HXI2","QHXI2","FXI3S","QFXI3S","DXI3S","QDXI3S","HFXI3S","QHFXI3S","T","QT","TD","QTD","TN","QTN","HTN","QHTN","TX","QTX","HTX","QHTX","DG","QDG","T10","QT10","T20","QT20","T50","QT50","T100","QT100","TNSOL","QTNSOL","TN50","QTN50","TCHAUSSEE","QTCHAUSSEE","DHUMEC","QDHUMEC","U","QU","UN","QUN","HUN","QHUN","UX","QUX","HUX","QHUX","DHUMI40","QDHUMI40","DHUMI80","QDHUMI80","TSV","QTSV","PMER","QPMER","PSTAT","QPSTAT","PMERMIN","QPMERMIN","GEOP","QGEOP","N","QN","NBAS","QNBAS","CL","QCL","CM","QCM","CH","QCH","N1","QN1","C1","QC1","B1","QB1","N2","QN2","C2","QC2","B2","QB2","N3","QN3","C3","QC3","B3","QB3","N4","QN4","C4","QC4","B4","QB4","VV","QVV","DVV200","QDVV200","WW","QWW","W1","QW1","W2","QW2","SOL","QSOL","SOLNG","QSOLNG","TMER","QTMER","VVMER","QVVMER","ETATMER","QETATMER","DIRHOULE","QDIRHOULE","HVAGUE","QHVAGUE","PVAGUE","QPVAGUE","HNEIGEF","QHNEIGEF","NEIGETOT","QNEIGETOT","TSNEIGE","QTSNEIGE","TUBENEIGE","QTUBENEIGE","HNEIGEFI3","QHNEIGEFI3","HNEIGEFI1","QHNEIGEFI1","ESNEIGE","QESNEIGE","CHARGENEIGE","QCHARGENEIGE","GLO","QGLO","GLO2","QGLO2","DIR","QDIR","DIR2","QDIR2","DIF","QDIF","DIF2","QDIF2","UV","QUV","UV2","QUV2","UV_INDICE","QUV_INDICE","INFRAR","QINFRAR","INFRAR2","QINFRAR2","INS","QINS","INS2","QINS2","TLAGON","QTLAGON","TVEGETAUX","QTVEGETAUX","ECOULEMENT","QECOULEMENT"
"63263001","PUY-DE-DOME-MN",45.775,2.966667,1461,1965010100,"","","","","","","","","","","","","","","","","","","","","","","","","","","","","","","","","","","","",0.4,1,-3.5,1,"","","","","","","","","","","","","","","","","","","","","","","","","","",75,1,"","","","","","","","","","","","",4.7,1,"","","","","","","","","","","","","","","","","","","","","","","","","","","","","","","","","","","","","","","","","","","","","","","","","","","","","","","","","","","","","","","","","","","","","","","","","","","","","","","","","","","","","","","","","","","","","","","","","","","","","","","","","","","","","","","","","","","",""
"63263001","PUY-DE-DOME-MN",45.775,2.966667,1461,1965010103,"","","","","","","","","","","","","","","","","","","","","","","","","","","","","","","","","","","","",-0.2,1,-4.9,1,"","","","","","","","","","","","","","","","","","","","","","","","","","",70,1,"","","","","","","","","","","","",4.2,1,"","","","","","","","","","","","","","","","","","","","","","","","","","","","","","","","","","","","","","","","","","","","","","","","","","","","","","","","","","","","","","","","","","","","","","","","","","","","","","","","","","","","","","","","","","","","","","","","","","","","","","","","","","","","","","","","","","","",""
"63263001","PUY-DE-DOME-MN",45.775,2.966667,1461,1965010106,"","","","",19.,1,270,1,"","","","","","","","","","","","","","","","","","","","","","","","","","","","",-1.3,1,-4.,1,"","","","","","","","","","","","","","","","","","","","","","","","","","",81,1,"","","","","","","","","","","","",4.5,1,"","","","","","","","",8,1,8,1,0,1,2,1,"","","","","","","","","","","","","","","","","","","","","","","","","","",80000,1,"","",2,1,2,1,"","",0,1,"","","","","","","","","","","","","","","","","","","","","","","","","","","","","","","","","","","","","","","","","","","","","","","","","","","","","","","","","","","","","",""
"63263001","PUY-DE-DOME-MN",45.775,2.966667,1461,1965010109,"","","","",14.,1,270,1,"","","","","","","","","","","","","","","","","","","","","","","","","","","","",-1.3,1,-1.3,1,"","","","","","","","","","","","","","","","","","","","","","","","","","",100,1,"","","","","","","","","","","","",5.5,1,"","","","","","","","",9,1,"","","","","","","","","","","","","","","","","","","","","","","","","","","","","","","","",40,1,"","",49,1,6,1,"","","","","","","","","","","","","","","","","","","","","","","","","","","","","","","","","","","","","","","","","","","","","","","","","","","","","","","","","","","","","","","","","",""
"63263001","PUY-DE-DOME-MN",45.775,2.966667,1461,1965010112,"","","","",21.,1,250,1,"","","","","","","","","","","","","","","","","","","","","","","","","","","","",0.4,1,-1.9,1,"","","","","","","","","","","","","","","","","","","","","","","","","","",84,1,"","","","","","","","","","","","",5.3,1,"","","","","","","","",7,1,7,1,0,1,7,1,"","","","","","","","","","","","","","","","","","","","","","","","","","",50000,1,"","",28,1,6,1,"","","","","","","","","","","","","","","","","","","","","","","","","","","","","","","","","","","","","","","","","","","","","","","","","","","","","","","","","","","","","","","","","",""
"63263001","PUY-DE-DOME-MN",45.775,2.966667,1461,1965010115,"","","","",15.,1,270,1,"","","","","","","","","","","","","","","","","","","","","","","","","","","","",-1.,1,-1.,1,"","","","","","","","","","","","","","","","","","","","","","","","","","",100,1,"","","","","","","","","","","","",5.7,1,"","","","","","","","",9,1,"","","","","","","","","","","","","","","","","","","","","","","","","","","","","","","","",40,1,"","",49,1,4,1,"","","","","","","","","","","","","","","","","","","","","","","","","","","","","","","","","","","","","","","","","","","","","","","","","","","","","","","","","","","","","","","","","",""
"63263001","PUY-DE-DOME-MN",45.775,2.966667,1461,1965010118,"","","","",18.,1,270,1,"","","","","","","","","","","","","","","","","","","","","","","","","","","","",-1.1,1,-1.1,1,"","","","","","","","","","","","","","","","","","","","","","","","","","",100,1,"","","","","","","","","","","","",5.6,1,"","","","","","","","",9,1,"","","","","","","","","","","","","","","","","","","","","","","","","","","","","","","","",40,1,"","",49,1,4,1,"","","","","","","","","","","","","","","","","","","","","","","","","","","","","","","","","","","","","","","","","","","","","","","","","","","","","","","","","","","","","","","","","",""
"63263001","PUY-DE-DOME-MN",45.775,2.966667,1461,1965010121,"","","","","","","","","","","","","","","","","","","","","","","","","","","","","","","","","","","","",-0.4,1,-0.4,1,"","","","","","","","","","","","","","","","","","","","","","","","","","",100,1,"","","","","","","","","","","","",5.9,1,"","","","","","","","","","","","","","","","","","","","","","","","","","","","","","","","","","","","","","","","","","","","","","","","","","","","","","","","","","","","","","","","","","","","","","","","","","","","","","","","","","","","","","","","","","","","","","","","","","","","","","","","","","","","","","","","","","","",""
"63263001","PUY-DE-DOME-MN",45.775,2.966667,1461,1965010200,"","","","","","","","","","","","","","","","","","","","","","","","","","","","","","","","","","","","",-1.4,1,-1.4,1,"","","","","","","","","","","","","","","","","","","","","","","","","","",100,1,"","","","","","","","","","","","",5.5,1,"","","","","","","","","","","","","","","","","","","","","","","","","","","","","","","","","","","","","","","","","","","","","","","","","","","","","","","","","","","","","","","","","","","","","","","","","","","","","","","","","","","","","","","","","","","","","","","","","","","","","","","","","","","","","","","","","","","",""
"63263001","PUY-DE-DOME-MN",45.775,2.966667,1461,1965010203,"","","","","","","","","","","","","","","","","","","","","","","","","","","","","","","","","","","","",-4.4,1,-4.4,1,"","","","","","","","","","","","","","","","","","","","","","","","","","",100,1,"","","","","","","","","","","","",4.4,1,"","","","","","","","","","","","","","","","","","","","","","","","","","","","","","","","","","","","","","","","","","","","","","","","","","","","","","","","","","","","","","","","","","","","","","","","","","","","","","","","","","","","","","","","","","","","","","","","","","","","","","","","","","","","","","","","","","","",""
"63263001","PUY-DE-DOME-MN",45.775,2.966667,1461,1965010206,"","","","",7.,1,290,1,"","","","","","","","","","","","","","","","","","","","","","","","","","","","",-4.4,1,-4.4,1,"","","","","","","","","","","","","","","","","","","","","","","","","","",100,1,"","","","","","","","","","","","",4.4,1,"","","","","","","","",9,1,"","","","","","","","","","","","","","","","","","","","","","","","","","","","","","","","",40,1,"","",49,1,4,1,"","",0,1,"","","","","","","","","","","","","","","","","","","","","","","","","","","","","","","","","","","","","","","","","","","","","","","","","","","","","","","","","","","","","",""
"63263001","PUY-DE-DOME-MN",45.775,2.966667,1461,1965010209,"","","","",8.,1,310,1,"","","","","","","","","","","","","","","","","","","","","","","","","","","","",-4.1,1,-4.1,1,"","","","","","","","","","","","","","","","","","","","","","","","","","",100,1,"","","","","","","","","","","","",4.5,1,"","","","","","","","",9,1,"","","","","","","","","","","","","","","","","","","","","","","","","","","","","","","","",40,1,"","",49,1,4,1,"","","","","","","","","","","","","","","","","","","","","","","","","","","","","","","","","","","","","","","","","","","","","","","","","","","","","","","","","","","","","","","","","",""
"63263001","PUY-DE-DOME-MN",45.775,2.966667,1461,1965010212,"","","","",6.,1,290,1,"","","","","","","","","","","","","","","","","","","","","","","","","","","","",-3.9,1,-3.9,1,"","","","","","","","","","","","","","","","","","","","","","","","","","",100,1,"","","","","","","","","","","","",4.6,1,"","","","","","","","",9,1,"","","","","","","","","","","","","","","","","","","","","","","","","","","","","","","","",50,1,"","",49,1,4,1,"","","","","","","","","","","","","","","","","","","","","","","","","","","","","","","","","","","","","","","","","","","","","","","","","","","","","","","","","","","","","","","","","",""
"63263001","PUY-DE-DOME-MN",45.775,2.966667,1461,1965010215,"","","","",4.,1,350,1,"","","","","","","","","","","","","","","","","","","","","","","","","","","","",-3.8,1,-3.8,1,"","","","","","","","","","","","","","","","","","","","","","","","","","",100,1,"","","","","","","","","","","","",4.6,1,"","","","","","","","",8,1,8,1,"","","","","","","","","","","","","","","","","","","","","","","","","","","","","","",50,1,"","",71,1,8,1,"","","","","","","","","","","","","","","","","","","","","","","","","","","","","","","","","","","","","","","","","","","","","","","","","","","","","","","","","","","","","","","","","",""
"63263001","PUY-DE-DOME-MN",45.775,2.966667,1461,1965010218,"","","","",8.,1,350,1,"","","","","","","","","","","","","","","","","","","","","","","","","","","","",-4.9,1,-4.9,1,"","","","","","","","","","","","","","","","","","","","","","","","","","",100,1,"","","","","","","","","","","","",4.3,1,"","","","","","","","",8,1,8,1,"","","","","","","","","","","","","","","","","","","","","","","","","","","","","","",50,1,"","",71,1,8,1,"","","","","","","","","","","","","","","","","","","","","","","","","","","","","","","","","","","","","","","","","","","","","","","","","","","","","","","","","","","","","","","","","",""
"63263001","PUY-DE-DOME-MN",45.775,2.966667,1461,1965010221,"","","","","","","","","","","","","","","","","","","","","","","","","","","","","","","","","","","","",-5.,1,-5.,1,"","","","","","","","","","","","","","","","","","","","","","","","","","",100,1,"","","","","","","","","","","","",4.2,1,"","","","","","","","","","","","","","","","","","","","","","","","","","","","","","","","","","","","","","","","","","","","","","","","","","","","","","","","","","","","","","","","","","","","","","","","","","","","","","","","","","","","","","","","","","","","","","","","","","","","","","","","","","","","","","","","","","","",""
"63263001","PUY-DE-DOME-MN",45.775,2.966667,1461,1965010300,"","","","","","","","","","","","","","","","","","","","","","","","","","","","","","","","","","","","",-6.6,1,-6.6,1,"","","","","","","","","","","","","","","","","","","","","","","","","","",100,1,"","","","","","","","","","","","",3.7,1,"","","","","","","","","","","","","","","","","","","","","","","","","","","","","","","","","","","","","","","","","","","","","","","","","","","","","","","","","","","","","","","","","","","","","","","","","","","","","","","","","","","","","","","","","","","","","","","","","","","","","","","","","","","","","","","","","","","",""
"63263001","PUY-DE-DOME-MN",45.775,2.966667,1461,1965010303,"","","","","","","","","","","","","","","","","","","","","","","","","","","","","","","","","","","","",-6.8,1,-6.8,1,"","","","","","","","","","","","","","","","","","","","","","","","","","",100,1,"","","","","","","","","","","","",3.7,1,"","","","","","","","","","","","","","","","","","","","","","","","","","","","","","","","","","","","","","","","","","","","","","","","","","","","","","","","","","","","","","","","","","","","","","","","","","","","","","","","","","","","","","","","","","","","","","","","","","","","","","","","","","","","","","","","","","","",""
"63263001","PUY-DE-DOME-MN",45.775,2.966667,1461,1965010306,"","","","",13.,1,350,1,"","","","","","","","","","","","","","","","","","","","","","","","","","","","",-7.,1,-7.,1,"","","","","","","","","","","","","","","","","","","","","","","","","","",100,1,"","","","","","","","","","","","",3.6,1,"","","","","","","","",8,1,8,1,"","","","","","","","","","","","","","","","","","","","","","","","","","","","","","",50,1,"","",71,1,7,1,"","",0,1,"","","","","","","","","","","","","","","","","","","","","","","","","","","","","","","","","","","","","","","","","","","","","","","","","","","","","","","","","","","","","",""
"63263001","PUY-DE-DOME-MN",45.775,2.966667,1461,1965010309,"","","","",17.,1,350,1,"","","","","","","","","","","","","","","","","","","","","","","","","","","","",-8.2,1,-8.2,1,"","","","","","","","","","","","","","","","","","","","","","","","","","",100,1,"","","","","","","","","","","","",3.3,1,"","","","","","","","",9,1,"","","","","","","","","","","","","","","","","","","","","","","","","","","","","","","","",50,1,"","",49,1,7,1,"","","","","","","","","","","","","","","","","","","","","","","","","","","","","","","","","","","","","","","","","","","","","","","","","","","","","","","","","","","","","","","","","",""
"63263001","PUY-DE-DOME-MN",45.775,2.966667,1461,1965010312,"","","","",12.,1,350,1,"","","","","","","","","","","","","","","","","","","","","","","","","","","","",-8.8,1,-8.8,1,"","","","","","","","","","","","","","","","","","","","","","","","","","",100,1,"","","","","","","","","","","","",3.1,1,"","","","","","","","",9,1,"","","","","","","","","","","","","","","","","","","","","","","","","","","","","","","","",50,1,"","",49,1,7,1,"","","","","","","","","","","","","","","","","","","","","","","","","","","","","","","","","","","","","","","","","","","","","","","","","","","","","","","","","","","","","","","","","",""
"63263001","PUY-DE-DOME-MN",45.775,2.966667,1461,1965010315,"","","","",14.,1,350,1,"","","","","","","","","","","","","","","","","","","","","","","","","","","","",-8.8,1,-8.8,1,"","","","","","","","","","","","","","","","","","","","","","","","","","",100,1,"","","","","","","","","","","","",3.1,1,"","","","","","","","",9,1,"","","","","","","","","","","","","","","","","","","","","","","","","","","","","","","","",50,1,"","",49,1,4,1,"","","","","","","","","","","","","","","","","","","","","","","","","","","","","","","","","","","","","","","","","","","","","","","","","","","","","","","","","","","","","","","","","",""
"63263001","PUY-DE-DOME-MN",45.775,2.966667,1461,1965010318,"","","","",12.,1,350,1,"","","","","","","","","","","","","","","","","","","","","","","","","","","","",-8.1,1,-8.1,1,"","","","","","","","","","","","","","","","","","","","","","","","","","",100,1,"","","","","","","","","","","","",3.3,1,"","","","","","","","",9,1,"","","","","","","","","","","","","","","","","","","","","","","","","","","","","","","","",50,1,"","",49,1,4,1,"","","","","","","","","","","","","","","","","","","","","","","","","","","","","","","","","","","","","","","","","","","","","","","","","","","","","","","","","","","","","","","","","",""
"63263001","PUY-DE-DOME-MN",45.775,2.966667,1461,1965010321,"","","","","","","","","","","","","","","","","","","","","","","","","","","","","","","","","","","","",-8.,1,-8.,1,"","","","","","","","","","","","","","","","","","","","","","","","","","",100,1,"","","","","","","","","","","","",3.3,1,"","","","","","","","","","","","","","","","","","","","","","","","","","","","","","","","","","","","","","","","","","","","","","","","","","","","","","","","","","","","","","","","","","","","","","","","","","","","","","","","","","","","","","","","","","","","","","","","","","","","","","","","","","","","","","","","","","","",""
"63263001","PUY-DE-DOME-MN",45.775,2.966667,1461,1965010400,"","","","","","","","","","","","","","","","","","","","","","","","","","","","","","","","","","","","",-8.,1,-8.,1,"","","","","","","","","","","","","","","","","","","","","","","","","","",100,1,"","","","","","","","","","","","",3.3,1,"","","","","","","","","","","","","","","","","","","","","","","","","","","","","","","","","","","","","","","","","","","","","","","","","","","","","","","","","","","","","","","","","","","","","","","","","","","","","","","","","","","","","","","","","","","","","","","","","","","","","","","","","","","","","","","","","","","",""
"63263001","PUY-DE-DOME-MN",45.775,2.966667,1461,1965010403,"","","","","","","","","","","","","","","","","","","","","","","","","","","","","","","","","","","","",-8.2,1,-8.2,1,"","","","","","","","","","","","","","","","","","","","","","","","","","",100,1,"","","","","","","","","","","","",3.3,1,"","","","","","","","","","","","","","","","","","","","","","","","","","","","","","","","","","","","","","","","","","","","","","","","","","","","","","","","","","","","","","","","","","","","","","","","","","","","","","","","","","","","","","","","","","","","","","","","","","","","","","","","","","","","","","","","","","","",""
"63263001","PUY-DE-DOME-MN",45.775,2.966667,1461,1965010406,"","","","",17.,1,30,1,"","","","","","","","","","","","","","","","","","","","","","","","","","","","",-8.6,1,-8.6,1,"","","","","","","","","","","","","","","","","","","","","","","","","","",100,1,"","","","","","","","","","","","",3.3,1,"","","","","","","","",8,1,8,1,"","","","","","","","","","","","","","","","","","","","","","","","","","","","","","",40,1,"","",71,1,7,1,"","",0,1,"","","","","","","","","","","","","","","","","","","","","","","","","","","","","","","","","","","","","","","","","","","","","","","","","","","","","","","","","","","","","",""
"63263001","PUY-DE-DOME-MN",45.775,2.966667,1461,1965010409,"","","","",19.,1,50,1,"","","","","","","","","","","","","","","","","","","","","","","","","","","","",-9.1,1,-9.1,1,"","","","","","","","","","","","","","","","","","","","","","","","","","",100,1,"","","","","","","","","","","","",3.1,1,"","","","","","","","",8,1,8,1,"","","","","","","","","","","","","","","","","","","","","","","","","","","","","","",40,1,"","",85,1,7,1,"","","","","","","","","","","","","","","","","","","","","","","","","","","","","","","","","","","","","","","","","","","","","","","","","","","","","","","","","","","","","","","","","",""
"63263001","PUY-DE-DOME-MN",45.775,2.966667,1461,1965010412,"","","","",20.,1,50,1,"","","","","","","","","","","","","","","","","","","","","","","","","","","","",-8.8,1,-8.8,1,"","","","","","","","","","","","","","","","","","","","","","","","","","",100,1,"","","","","","","","","","","","",3.1,1,"","","","","","","","",9,1,"","","","","","","","","","","","","","","","","","","","","","","","","","","","","","","","",40,1,"","",49,1,8,1,"","","","","","","","","","","","","","","","","","","","","","","","","","","","","","","","","","","","","","","","","","","","","","","","","","","","","","","","","","","","","","","","","",""
"63263001","PUY-DE-DOME-MN",45.775,2.966667,1461,1965010415,"","","","",23.,1,30,1,"","","","","","","","","","","","","","","","","","","","","","","","","","","","",-8.6,1,-8.6,1,"","","","","","","","","","","","","","","","","","","","","","","","","","",100,1,"","","","","","","","","","","","",3.2,1,"","","","","","","","",9,1,"","","","","","","","","","","","","","","","","","","","","","","","","","","","","","","","",40,1,"","",49,1,4,1,"","","","","","","","","","","","","","","","","","","","","","","","","","","","","","","","","","","","","","","","","","","","","","","","","","","","","","","","","","","","","","","","","",""
"63263001","PUY-DE-DOME-MN",45.775,2.966667,1461,1965010418,"","","","",23.,1,50,1,"","","","","","","","","","","","","","","","","","","","","","","","","","","","",-8.8,1,-8.8,1,"","","","","","","","","","","","","","","","","","","","","","","","","","",100,1,"","","","","","","","","","","","",3.1,1,"","","","","","","","",9,1,"","","","","","","","","","","","","","","","","","","","","","","","","","","","","","","","",40,1,"","",49,1,4,1,"","","","","","","","","","","","","","","","","","","","","","","","","","","","","","","","","","","","","","","","","","","","","","","","","","","","","","","","","","","","","","","","","",""
"63263001","PUY-DE-DOME-MN",45.775,2.966667,1461,1965010421,"","","","","","","","","","","","","","","","","","","","","","","","","","","","","","","","","","","","",-9.3,1,-9.3,1,"","","","","","","","","","","","","","","","","","","","","","","","","","",100,1,"","","","","","","","","","","","",3.,1,"","","","","","","","","","","","","","","","","","","","","","","","","","","","","","","","","","","","","","","","","","","","","","","","","","","","","","","","","","","","","","","","","","","","","","","","","","","","","","","","","","","","","","","","","","","","","","","","","","","","","","","","","","","","","","","","","","","",""
"63263001","PUY-DE-DOME-MN",45.775,2.966667,1461,1965010500,"","","","","","","","","","","","","","","","","","","","","","","","","","","","","","","","","","","","",-9.6,1,-9.6,1,"","","","","","","","","","","","","","","","","","","","","","","","","","",100,1,"","","","","","","","","","","","",2.9,1,"","","","","","","","","","","","","","","","","","","","","","","","","","","","","","","","","","","","","","","","","","","","","","","","","","","","","","","","","","","","","","","","","","","","","","","","","","","","","","","","","","","","","","","","","","","","","","","","","","","","","","","","","","","","","","","","","","","",""
"63263001","PUY-DE-DOME-MN",45.775,2.966667,1461,1965010503,"","","","","","","","","","","","","","","","","","","","","","","","","","","","","","","","","","","","",-10.,1,-10.,1,"","","","","","","","","","","","","","","","","","","","","","","","","","",100,1,"","","","","","","","","","","","",2.9,1,"","","","","","","","","","","","","","","","","","","","","","","","","","","","","","","","","","","","","","","","","","","","","","","","","","","","","","","","","","","","","","","","","","","","","","","","","","","","","","","","","","","","","","","","","","","","","","","","","","","","","","","","","","","","","","","","","","","",""
"63263001","PUY-DE-DOME-MN",45.775,2.966667,1461,1965010506,"","","","",19.,1,90,1,"","","","","","","","","","","","","","","","","","","","","","","","","","","","",-10.6,1,-10.6,1,"","","","","","","","","","","","","","","","","","","","","","","","","","",100,1,"","","","","","","","","","","","",2.7,1,"","","","","","","","",9,1,"","","","","","","","","","","","","","","","","","","","","","","","","","","","","","","","",40,1,"","",49,1,4,1,"","",0,1,"","","","","","","","","","","","","","","","","","","","","","","","","","","","","","","","","","","","","","","","","","","","","","","","","","","","","","","","","","","","","",""
"63263001","PUY-DE-DOME-MN",45.775,2.966667,1461,1965010509,"","","","",16.,1,90,1,"","","","","","","","","","","","","","","","","","","","","","","","","","","","",-10.6,1,-10.6,1,"","","","","","","","","","","","","","","","","","","","","","","","","","",100,1,"","","","","","","","","","","","",2.7,1,"","","","","","","","",9,1,"","","","","","","","","","","","","","","","","","","","","","","","","","","","","","","","",40,1,"","",49,1,4,1,"","","","","","","","","","","","","","","","","","","","","","","","","","","","","","","","","","","","","","","","","","","","","","","","","","","","","","","","","","","","","","","","","",""
"63263001","PUY-DE-DOME-MN",45.775,2.966667,1461,1965010512,"","","","",17.,1,90,1,"","","","","","","","","","","","","","","","","","","","","","","","","","","","",-8.8,1,-9.6,1,"","","","","","","","","","","","","","","","","","","","","","","","","","",92,1,"","","","","","","","","","","","",2.9,1,"","","","","","","","",1,1,0,1,0,1,0,1,2,1,"","","","","","","","","","","","","","","","","","","","","","","","",40000,1,"","",28,1,4,1,"","","","","","","","","","","","","","","","","","","","","","","","","","","","","","","","","","","","","","","","","","","","","","","","","","","","","","","","","","","","","","","","","",""
"63263001","PUY-DE-DOME-MN",45.775,2.966667,1461,1965010515,"","","","",18.,1,90,1,"","","","","","","","","","","","","","","","","","","","","","","","","","","","",-9.6,1,-10.4,1,"","","","","","","","","","","","","","","","","","","","","","","","","","",91,1,"","","","","","","","","","","","",2.7,1,"","","","","","","","",1,1,0,1,0,1,0,1,2,1,"","","","","","","","","","","","","","","","","","","","","","","","",40000,1,"","",37,1,0,1,"","","","","","","","","","","","","","","","","","","","","","","","","","","","","","","","","","","","","","","","","","","","","","","","","","","","","","","","","","","","","","","","","",""
"63263001","PUY-DE-DOME-MN",45.775,2.966667,1461,1965010518,"","","","",19.,1,90,1,"","","","","","","","","","","","","","","","","","","","","","","","","","","","",-9.7,1,-10.4,1,"","","","","","","","","","","","","","","","","","","","","","","","","","",91,1,"","","","","","","","","","","","",2.7,1,"","","","","","","","",2,1,0,1,0,1,4,1,2,1,"","","","","","","","","","","","","","","","","","","","","","","","",60000,1,"","",37,1,0,1,"","","","","","","","","","","","","","","","","","","","","","","","","","","","","","","","","","","","","","","","","","","","","","","","","","","","","","","","","","","","","","","","","",""
"63263001","PUY-DE-DOME-MN",45.775,2.966667,1461,1965010521,"","","","","","","","","","","","","","","","","","","","","","","","","","","","","","","","","","","","",-9.7,1,-12.4,1,"","","","","","","","","","","","","","","","","","","","","","","","","","",80,1,"","","","","","","","","","","","",2.3,1,"","","","","","","","","","","","","","","","","","","","","","","","","","","","","","","","","","","","","","","","","","","","","","","","","","","","","","","","","","","","","","","","","","","","","","","","","","","","","","","","","","","","","","","","","","","","","","","","","","","","","","","","","","","","","","","","","","","",""
"63263001","PUY-DE-DOME-MN",45.775,2.966667,1461,1965010600,"","","","","","","","","","","","","","","","","","","","","","","","","","","","","","","","","","","","",-10.4,1,-13.5,1,"","","","","","","","","","","","","","","","","","","","","","","","","","",75,1,"","","","","","","","","","","","",2.1,1,"","","","","","","","","","","","","","","","","","","","","","","","","","","","","","","","","","","","","","","","","","","","","","","","","","","","","","","","","","","","","","","","","","","","","","","","","","","","","","","","","","","","","","","","","","","","","","","","","","","","","","","","","","","","","","","","","","","",""
"63263001","PUY-DE-DOME-MN",45.775,2.966667,1461,1965010603,"","","","","","","","","","","","","","","","","","","","","","","","","","","","","","","","","","","","",-11.2,1,-12.9,1,"","","","","","","","","","","","","","","","","","","","","","","","","","",85,1,"","","","","","","","","","","","",2.2,1,"","","","","","","","","","","","","","","","","","","","","","","","","","","","","","","","","","","","","","","","","","","","","","","","","","","","","","","","","","","","","","","","","","","","","","","","","","","","","","","","","","","","","","","","","","","","","","","","","","","","","","","","","","","","","","","","","","","",""
"63263001","PUY-DE-DOME-MN",45.775,2.966667,1461,1965010606,"","","","",17.,1,70,1,"","","","","","","","","","","","","","","","","","","","","","","","","","","","",-8.1,1,-8.7,1,"","","","","","","","","","","","","","","","","","","","","","","","","","",92,1,"","","","","","","","","","","","",3.1,1,"","","","","","","","",0,1,"","",0,1,0,1,0,1,"","","","","","","","","","","","","","","","","","","","","","","","",99990,1,"","",2,1,0,1,"","",0,1,"","","","","","","","","","","","","","","","","","","","","","","","","","","","","","","","","","","","","","","","","","","","","","","","","","","","","","","","","","","","","",""
"63263001","PUY-DE-DOME-MN",45.775,2.966667,1461,1965010609,"","","","",18.,1,50,1,"","","","","","","","","","","","","","","","","","","","","","","","","","","","",-5.6,1,-9.2,1,"","","","","","","","","","","","","","","","","","","","","","","","","","",77,1,"","","","","","","","","","","","",3.,1,"","","","","","","","",2,1,0,1,0,1,4,1,2,1,"","","","","","","","","","","","","","","","","","","","","","","","",99990,1,"","",3,1,0,1,"","","","","","","","","","","","","","","","","","","","","","","","","","","","","","","","","","","","","","","","","","","","","","","","","","","","","","","","","","","","","","","","","",""
"63263001","PUY-DE-DOME-MN",45.775,2.966667,1461,1965010612,"","","","",18.,1,50,1,"","","","","","","","","","","","","","","","","","","","","","","","","","","","",-4.3,1,-18.2,1,"","","","","","","","","","","","","","","","","","","","","","","","","","",31,1,"","","","","","","","","","","","",1.4,1,"","","","","","","","",3,1,0,1,0,1,4,1,2,1,"","","","","","","","","","","","","","","","","","","","","","","","",99990,1,"","",2,1,0,1,"","","","","","","","","","","","","","","","","","","","","","","","","","","","","","","","","","","","","","","","","","","","","","","","","","","","","","","","","","","","","","","","","",""
"63263001","PUY-DE-DOME-MN",45.775,2.966667,1461,1965010615,"","","","",17.,1,50,1,"","","","","","","","","","","","","","","","","","","","","","","","","","","","",-8.,1,-8.,1,"","","","","","","","","","","","","","","","","","","","","","","","","","",100,1,"","","","","","","","","","","","",3.3,1,"","","","","","","","",9,1,"","","","","","","","","","","","","","","","","","","","","","","","","","","","","","","","",40,1,"","",49,1,4,1,"","","","","","","","","","","","","","","","","","","","","","","","","","","","","","","","","","","","","","","","","","","","","","","","","","","","","","","","","","","","","","","","","",""
"63263001","PUY-DE-DOME-MN",45.775,2.966667,1461,1965010618,"","","","",18.,1,50,1,"","","","","","","","","","","","","","","","","","","","","","","","","","","","",-6.7,1,-6.7,1,"","","","","","","","","","","","","","","","","","","","","","","","","","",100,1,"","","","","","","","","","","","",3.7,1,"","","","","","","","",9,1,"","","","","","","","","","","","","","","","","","","","","","","","","","","","","","","","",40,1,"","",49,1,4,1,"","","","","","","","","","","","","","","","","","","","","","","","","","","","","","","","","","","","","","","","","","","","","","","","","","","","","","","","","","","","","","","","","",""
"63263001","PUY-DE-DOME-MN",45.775,2.966667,1461,1965010621,"","","","","","","","","","","","","","","","","","","","","","","","","","","","","","","","","","","","",-5.8,1,-5.8,1,"","","","","","","","","","","","","","","","","","","","","","","","","","",100,1,"","","","","","","","","","","","",4.,1,"","","","","","","","","","","","","","","","","","","","","","","","","","","","","","","","","","","","","","","","","","","","","","","","","","","","","","","","","","","","","","","","","","","","","","","","","","","","","","","","","","","","","","","","","","","","","","","","","","","","","","","","","","","","","","","","","","","",""
"63263001","PUY-DE-DOME-MN",45.775,2.966667,1461,1965010700,"","","","","","","","","","","","","","","","","","","","","","","","","","","","","","","","","","","","",-5.6,1,-5.6,1,"","","","","","","","","","","","","","","","","","","","","","","","","","",100,1,"","","","","","","","","","","","",4.,1,"","","","","","","","","","","","","","","","","","","","","","","","","","","","","","","","","","","","","","","","","","","","","","","","","","","","","","","","","","","","","","","","","","","","","","","","","","","","","","","","","","","","","","","","","","","","","","","","","","","","","","","","","","","","","","","","","","","",""
"63263001","PUY-DE-DOME-MN",45.775,2.966667,1461,1965010703,"","","","","","","","","","","","","","","","","","","","","","","","","","","","","","","","","","","","",-5.6,1,-5.6,1,"","","","","","","","","","","","","","","","","","","","","","","","","","",100,1,"","","","","","","","","","","","",4.,1,"","","","","","","","","","","","","","","","","","","","","","","","","","","","","","","","","","","","","","","","","","","","","","","","","","","","","","","","","","","","","","","","","","","","","","","","","","","","","","","","","","","","","","","","","","","","","","","","","","","","","","","","","","","","","","","","","","","",""
"63263001","PUY-DE-DOME-MN",45.775,2.966667,1461,1965010706,"","","","",7.,1,90,1,"","","","","","","","","","","","","","","","","","","","","","","","","","","","",-5.7,1,-5.7,1,"","","","","","","","","","","","","","","","","","","","","","","","","","",100,1,"","","","","","","","","","","","",4.,1,"","","","","","","","",9,1,"","","","","","","","","","","","","","","","","","","","","","","","","","","","","","","","",40,1,"","",49,1,7,1,"","",0,1,"","","","","","","","","","","","","","","","","","","","","","","","","","","","","","","","","","","","","","","","","","","","","","","","","","","","","","","","","","","","","",""
"63263001","PUY-DE-DOME-MN",45.775,2.966667,1461,1965010709,"","","","",12.,1,50,1,"","","","","","","","","","","","","","","","","","","","","","","","","","","","",-5.6,1,-5.6,1,"","","","","","","","","","","","","","","","","","","","","","","","","","",100,1,"","","","","","","","","","","","",4.,1,"","","","","","","","",9,1,"","","","","","","","","","","","","","","","","","","","","","","","","","","","","","","","",40,1,"","",49,1,4,1,"","","","","","","","","","","","","","","","","","","","","","","","","","","","","","","","","","","","","","","","","","","","","","","","","","","","","","","","","","","","","","","","","",""
"63263001","PUY-DE-DOME-MN",45.775,2.966667,1461,1965010712,"","","","",12.,1,30,1,"","","","","","","","","","","","","","","","","","","","","","","","","","","","",-4.5,1,-4.5,1,"","","","","","","","","","","","","","","","","","","","","","","","","","",100,1,"","","","","","","","","","","","",4.4,1,"","","","","","","","",9,1,"","","","","","","","","","","","","","","","","","","","","","","","","","","","","","","","",40,1,"","",49,1,4,1,"","","","","","","","","","","","","","","","","","","","","","","","","","","","","","","","","","","","","","","","","","","","","","","","","","","","","","","","","","","","","","","","","",""
"63263001","PUY-DE-DOME-MN",45.775,2.966667,1461,1965010715,"","","","",10.,1,330,1,"","","","","","","","","","","","","","","","","","","","","","","","","","","","",-4.,1,-4.,1,"","","","","","","","","","","","","","","","","","","","","","","","","","",100,1,"","","","","","","","","","","","",4.5,1,"","","","","","","","",9,1,"","","","","","","","","","","","","","","","","","","","","","","","","","","","","","","","",40,1,"","",49,1,4,1,"","","","","","","","","","","","","","","","","","","","","","","","","","","","","","","","","","","","","","","","","","","","","","","","","","","","","","","","","","","","","","","","","",""
"63263001","PUY-DE-DOME-MN",45.775,2.966667,1461,1965010718,"","","","",12.,1,350,1,"","","","","","","","","","","","","","","","","","","","","","","","","","","","",-2.5,1,-2.5,1,"","","","","","","","","","","","","","","","","","","","","","","","","","",100,1,"","","","","","","","","","","","",5.1,1,"","","","","","","","",9,1,"","","","","","","","","","","","","","","","","","","","","","","","","","","","","","","","",40,1,"","",49,1,4,1,"","","","","","","","","","","","","","","","","","","","","","","","","","","","","","","","","","","","","","","","","","","","","","","","","","","","","","","","","","","","","","","","","",""
"63263001","PUY-DE-DOME-MN",45.775,2.966667,1461,1965010721,"","","","","","","","","","","","","","","","","","","","","","","","","","","","","","","","","","","","",-2.7,1,-2.7,1,"","","","","","","","","","","","","","","","","","","","","","","","","","",100,1,"","","","","","","","","","","","",5.,1,"","","","","","","","","","","","","","","","","","","","","","","","","","","","","","","","","","","","","","","","","","","","","","","","","","","","","","","","","","","","","","","","","","","","","","","","","","","","","","","","","","","","","","","","","","","","","","","","","","","","","","","","","","","","","","","","","","","",""
"63263001","PUY-DE-DOME-MN",45.775,2.966667,1461,1965010800,"","","","","","","","","","","","","","","","","","","","","","","","","","","","","","","","","","","","",-2.2,1,-2.2,1,"","","","","","","","","","","","","","","","","","","","","","","","","","",100,1,"","","","","","","","","","","","",5.2,1,"","","","","","","","","","","","","","","","","","","","","","","","","","","","","","","","","","","","","","","","","","","","","","","","","","","","","","","","","","","","","","","","","","","","","","","","","","","","","","","","","","","","","","","","","","","","","","","","","","","","","","","","","","","","","","","","","","","",""
"63263001","PUY-DE-DOME-MN",45.775,2.966667,1461,1965010803,"","","","","","","","","","","","","","","","","","","","","","","","","","","","","","","","","","","","",-1.3,1,-1.3,1,"","","","","","","","","","","","","","","","","","","","","","","","","","",100,1,"","","","","","","","","","","","",5.5,1,"","","","","","","","","","","","","","","","","","","","","","","","","","","","","","","","","","","","","","","","","","","","","","","","","","","","","","","","","","","","","","","","","","","","","","","","","","","","","","","","","","","","","","","","","","","","","","","","","","","","","","","","","","","","","","","","","","","",""
"63263001","PUY-DE-DOME-MN",45.775,2.966667,1461,1965010806,"","","","",10.,1,290,1,"","","","","","","","","","","","","","","","","","","","","","","","","","","","",0.,1,0.,1,"","","","","","","","","","","","","","","","","","","","","","","","","","",100,1,"","","","","","","","","","","","",6.1,1,"","","","","","","","",9,1,"","","","","","","","","","","","","","","","","","","","","","","","","","","","","","","","",40,1,"","",45,1,4,1,"","",0,1,"","","","","","","","","","","","","","","","","","","","","","","","","","","","","","","","","","","","","","","","","","","","","","","","","","","","","","","","","","","","","",""
"63263001","PUY-DE-DOME-MN",45.775,2.966667,1461,1965010809,"","","","",8.,1,310,1,"","","","","","","","","","","","","","","","","","","","","","","","","","","","",2.,1,2.,1,"","","","","","","","","","","","","","","","","","","","","","","","","","",100,1,"","","","","","","","","","","","",7.1,1,"","","","","","","","",8,1,8,1,"","","","","","","","","","","","","","","","","","","","","","","","","","","","","","",100,1,"","",41,1,4,1,"","","","","","","","","","","","","","","","","","","","","","","","","","","","","","","","","","","","","","","","","","","","","","","","","","","","","","","","","","","","","","","","","",""
"63263001","PUY-DE-DOME-MN",45.775,2.966667,1461,1965010812,"","","","",13.,1,270,1,"","","","","","","","","","","","","","","","","","","","","","","","","","","","",1.,1,1.,1,"","","","","","","","","","","","","","","","","","","","","","","","","","",100,1,"","","","","","","","","","","","",6.6,1,"","","","","","","","",9,1,"","","","","","","","","","","","","","","","","","","","","","","","","","","","","","","","",40,1,"","",45,1,4,1,"","","","","","","","","","","","","","","","","","","","","","","","","","","","","","","","","","","","","","","","","","","","","","","","","","","","","","","","","","","","","","","","","",""
"63263001","PUY-DE-DOME-MN",45.775,2.966667,1461,1965010815,"","","","",8.,1,270,1,"","","","","","","","","","","","","","","","","","","","","","","","","","","","",1.8,1,1.8,1,"","","","","","","","","","","","","","","","","","","","","","","","","","",100,1,"","","","","","","","","","","","",6.9,1,"","","","","","","","",9,1,"","","","","","","","","","","","","","","","","","","","","","","","","","","","","","","","",40,1,"","",45,1,4,1,"","","","","","","","","","","","","","","","","","","","","","","","","","","","","","","","","","","","","","","","","","","","","","","","","","","","","","","","","","","","","","","","","",""
"63263001","PUY-DE-DOME-MN",45.775,2.966667,1461,1965010818,"","","","",10.,1,290,1,"","","","","","","","","","","","","","","","","","","","","","","","","","","","",1.3,1,1.3,1,"","","","","","","","","","","","","","","","","","","","","","","","","","",100,1,"","","","","","","","","","","","",6.7,1,"","","","","","","","",8,1,8,1,"","","","","","","","","","","","","","","","","","","","","","","","","","","","","","",100,1,"","",41,1,4,1,"","","","","","","","","","","","","","","","","","","","","","","","","","","","","","","","","","","","","","","","","","","","","","","","","","","","","","","","","","","","","","","","","",""
"63263001","PUY-DE-DOME-MN",45.775,2.966667,1461,1965010821,"","","","","","","","","","","","","","","","","","","","","","","","","","","","","","","","","","","","",0.,1,0.,1,"","","","","","","","","","","","","","","","","","","","","","","","","","",100,1,"","","","","","","","","","","","",6.1,1,"","","","","","","","","","","","","","","","","","","","","","","","","","","","","","","","","","","","","","","","","","","","","","","","","","","","","","","","","","","","","","","","","","","","","","","","","","","","","","","","","","","","","","","","","","","","","","","","","","","","","","","","","","","","","","","","","","","",""
"63263001","PUY-DE-DOME-MN",45.775,2.966667,1461,1965010900,"","","","","","","","","","","","","","","","","","","","","","","","","","","","","","","","","","","","",-0.6,1,-0.6,1,"","","","","","","","","","","","","","","","","","","","","","","","","","",100,1,"","","","","","","","","","","","",5.8,1,"","","","","","","","","","","","","","","","","","","","","","","","","","","","","","","","","","","","","","","","","","","","","","","","","","","","","","","","","","","","","","","","","","","","","","","","","","","","","","","","","","","","","","","","","","","","","","","","","","","","","","","","","","","","","","","","","","","",""
"63263001","PUY-DE-DOME-MN",45.775,2.966667,1461,1965010903,"","","","","","","","","","","","","","","","","","","","","","","","","","","","","","","","","","","","",-1.5,1,-1.5,1,"","","","","","","","","","","","","","","","","","","","","","","","","","",100,1,"","","","","","","","","","","","",5.5,1,"","","","","","","","","","","","","","","","","","","","","","","","","","","","","","","","","","","","","","","","","","","","","","","","","","","","","","","","","","","","","","","","","","","","","","","","","","","","","","","","","","","","","","","","","","","","","","","","","","","","","","","","","","","","","","","","","","","",""
"63263001","PUY-DE-DOME-MN",45.775,2.966667,1461,1965010906,"","","","",17.,1,290,1,"","","","","","","","","","","","","","","","","","","","","","","","","","","","",-3.1,1,-3.1,1,"","","","","","","","","","","","","","","","","","","","","","","","","","",100,1,"","","","","","","","","","","","",4.8,1,"","","","","","","","",9,1,"","","","","","","","","","","","","","","","","","","","","","","","","","","","","","","","",40,1,"","",49,1,7,1,"","",0,1,"","","","","","","","","","","","","","","","","","","","","","","","","","","","","","","","","","","","","","","","","","","","","","","","","","","","","","","","","","","","","",""
"63263001","PUY-DE-DOME-MN",45.775,2.966667,1461,1965010909,"","","","",15.,1,310,1,"","","","","","","","","","","","","","","","","","","","","","","","","","","","",-3.4,1,-3.4,1,"","","","","","","","","","","","","","","","","","","","","","","","","","",100,1,"","","","","","","","","","","","",4.7,1,"","","","","","","","",9,1,"","","","","","","","","","","","","","","","","","","","","","","","","","","","","","","","",40,1,"","",49,1,4,1,"","","","","","","","","","","","","","","","","","","","","","","","","","","","","","","","","","","","","","","","","","","","","","","","","","","","","","","","","","","","","","","","","",""
"63263001","PUY-DE-DOME-MN",45.775,2.966667,1461,1965010912,"","","","",12.,1,310,1,"","","","","","","","","","","","","","","","","","","","","","","","","","","","",-3.5,1,-3.5,1,"","","","","","","","","","","","","","","","","","","","","","","","","","",100,1,"","","","","","","","","","","","",4.7,1,"","","","","","","","",9,1,"","","","","","","","","","","","","","","","","","","","","","","","","","","","","","","","",40,1,"","",49,1,4,1,"","","","","","","","","","","","","","","","","","","","","","","","","","","","","","","","","","","","","","","","","","","","","","","","","","","","","","","","","","","","","","","","","",""
"63263001","PUY-DE-DOME-MN",45.775,2.966667,1461,1965010915,"","","","",18.,1,290,1,"","","","","","","","","","","","","","","","","","","","","","","","","","","","",-3.8,1,-3.8,1,"","","","","","","","","","","","","","","","","","","","","","","","","","",100,1,"","","","","","","","","","","","",4.6,1,"","","","","","","","",9,1,"","","","","","","","","","","","","","","","","","","","","","","","","","","","","","","","",40,1,"","",49,1,4,1,"","","","","","","","","","","","","","","","","","","","","","","","","","","","","","","","","","","","","","","","","","","","","","","","","","","","","","","","","","","","","","","","","",""
"63263001","PUY-DE-DOME-MN",45.775,2.966667,1461,1965010918,"","","","",22.,1,290,1,"","","","","","","","","","","","","","","","","","","","","","","","","","","","",-4.2,1,-4.2,1,"","","","","","","","","","","","","","","","","","","","","","","","","","",100,1,"","","","","","","","","","","","",4.5,1,"","","","","","","","",9,1,"","","","","","","","","","","","","","","","","","","","","","","","","","","","","","","","",40,1,"","",49,1,4,1,"","","","","","","","","","","","","","","","","","","","","","","","","","","","","","","","","","","","","","","","","","","","","","","","","","","","","","","","","","","","","","","","","",""
"63263001","PUY-DE-DOME-MN",45.775,2.966667,1461,1965010921,"","","","","","","","","","","","","","","","","","","","","","","","","","","","","","","","","","","","",-3.4,1,-3.4,1,"","","","","","","","","","","","","","","","","","","","","","","","","","",100,1,"","","","","","","","","","","","",4.7,1,"","","","","","","","","","","","","","","","","","","","","","","","","","","","","","","","","","","","","","","","","","","","","","","","","","","","","","","","","","","","","","","","","","","","","","","","","","","","","","","","","","","","","","","","","","","","","","","","","","","","","","","","","","","","","","","","","","","",""
"63263001","PUY-DE-DOME-MN",45.775,2.966667,1461,1965011000,"","","","","","","","","","","","","","","","","","","","","","","","","","","","","","","","","","","","",-3.2,1,-3.2,1,"","","","","","","","","","","","","","","","","","","","","","","","","","",100,1,"","","","","","","","","","","","",4.8,1,"","","","","","","","","","","","","","","","","","","","","","","","","","","","","","","","","","","","","","","","","","","","","","","","","","","","","","","","","","","","","","","","","","","","","","","","","","","","","","","","","","","","","","","","","","","","","","","","","","","","","","","","","","","","","","","","","","","",""
"63263001","PUY-DE-DOME-MN",45.775,2.966667,1461,1965011003,"","","","","","","","","","","","","","","","","","","","","","","","","","","","","","","","","","","","",-3.1,1,-3.1,1,"","","","","","","","","","","","","","","","","","","","","","","","","","",100,1,"","","","","","","","","","","","",4.8,1,"","","","","","","","","","","","","","","","","","","","","","","","","","","","","","","","","","","","","","","","","","","","","","","","","","","","","","","","","","","","","","","","","","","","","","","","","","","","","","","","","","","","","","","","","","","","","","","","","","","","","","","","","","","","","","","","","","","",""
"63263001","PUY-DE-DOME-MN",45.775,2.966667,1461,1965011006,"","","","",20.,1,270,1,"","","","","","","","","","","","","","","","","","","","","","","","","","","","",-3.1,1,-3.1,1,"","","","","","","","","","","","","","","","","","","","","","","","","","",100,1,"","","","","","","","","","","","",4.8,1,"","","","","","","","",9,1,"","","","","","","","","","","","","","","","","","","","","","","","","","","","","","","","",40,1,"","",49,1,4,1,"","",0,1,"","","","","","","","","","","","","","","","","","","","","","","","","","","","","","","","","","","","","","","","","","","","","","","","","","","","","","","","","","","","","",""
"63263001","PUY-DE-DOME-MN",45.775,2.966667,1461,1965011009,"","","","",17.,1,270,1,"","","","","","","","","","","","","","","","","","","","","","","","","","","","",-2.8,1,-2.8,1,"","","","","","","","","","","","","","","","","","","","","","","","","","",100,1,"","","","","","","","","","","","",4.9,1,"","","","","","","","",9,1,"","","","","","","","","","","","","","","","","","","","","","","","","","","","","","","","",60,1,"","",49,1,4,1,"","","","","","","","","","","","","","","","","","","","","","","","","","","","","","","","","","","","","","","","","","","","","","","","","","","","","","","","","","","","","","","","","",""
"63263001","PUY-DE-DOME-MN",45.775,2.966667,1461,1965011012,"","","","",5.,1,270,1,"","","","","","","","","","","","","","","","","","","","","","","","","","","","",-0.8,1,-1.6,1,"","","","","","","","","","","","","","","","","","","","","","","","","","",93,1,"","","","","","","","","","","","",5.4,1,"","","","","","","","",3,1,0,1,0,1,4,1,4,1,"","","","","","","","","","","","","","","","","","","","","","","","",99990,1,"","",3,1,4,1,"","","","","","","","","","","","","","","","","","","","","","","","","","","","","","","","","","","","","","","","","","","","","","","","","","","","","","","","","","","","","","","","","",""
"63263001","PUY-DE-DOME-MN",45.775,2.966667,1461,1965011015,"","","","",13.,1,270,1,"","","","","","","","","","","","","","","","","","","","","","","","","","","","",0.2,1,-5.5,1,"","","","","","","","","","","","","","","","","","","","","","","","","","",65,1,"","","","","","","","","","","","",4.,1,"","","","","","","","",2,1,0,1,0,1,0,1,2,1,"","","","","","","","","","","","","","","","","","","","","","","","",99990,1,"","",1,1,0,1,"","","","","","","","","","","","","","","","","","","","","","","","","","","","","","","","","","","","","","","","","","","","","","","","","","","","","","","","","","","","","","","","","",""
"63263001","PUY-DE-DOME-MN",45.775,2.966667,1461,1965011018,"","","","",12.,1,270,1,"","","","","","","","","","","","","","","","","","","","","","","","","","","","",1.8,1,-8.7,1,"","","","","","","","","","","","","","","","","","","","","","","","","","",46,1,"","","","","","","","","","","","",3.1,1,"","","","","","","","",1,1,0,1,0,1,4,1,2,1,"","","","","","","","","","","","","","","","","","","","","","","","",99990,1,"","",2,1,0,1,"","","","","","","","","","","","","","","","","","","","","","","","","","","","","","","","","","","","","","","","","","","","","","","","","","","","","","","","","","","","","","","","","",""
"63263001","PUY-DE-DOME-MN",45.775,2.966667,1461,1965011021,"","","","","","","","","","","","","","","","","","","","","","","","","","","","","","","","","","","","",3.8,1,-11.4,1,"","","","","","","","","","","","","","","","","","","","","","","","","","",32,1,"","","","","","","","","","","","",2.5,1,"","","","","","","","","","","","","","","","","","","","","","","","","","","","","","","","","","","","","","","","","","","","","","","","","","","","","","","","","","","","","","","","","","","","","","","","","","","","","","","","","","","","","","","","","","","","","","","","","","","","","","","","","","","","","","","","","","","",""
"63263001","PUY-DE-DOME-MN",45.775,2.966667,1461,1965011100,"","","","","","","","","","","","","","","","","","","","","","","","","","","","","","","","","","","","",5.,1,-15.3,1,"","","","","","","","","","","","","","","","","","","","","","","","","","",21,1,"","","","","","","","","","","","",1.8,1,"","","","","","","","","","","","","","","","","","","","","","","","","","","","","","","","","","","","","","","","","","","","","","","","","","","","","","","","","","","","","","","","","","","","","","","","","","","","","","","","","","","","","","","","","","","","","","","","","","","","","","","","","","","","","","","","","","","",""
"63263001","PUY-DE-DOME-MN",45.775,2.966667,1461,1965011103,"","","","","","","","","","","","","","","","","","","","","","","","","","","","","","","","","","","","",5.9,1,-17.4,1,"","","","","","","","","","","","","","","","","","","","","","","","","","",16,1,"","","","","","","","","","","","",1.5,1,"","","","","","","","","","","","","","","","","","","","","","","","","","","","","","","","","","","","","","","","","","","","","","","","","","","","","","","","","","","","","","","","","","","","","","","","","","","","","","","","","","","","","","","","","","","","","","","","","","","","","","","","","","","","","","","","","","","",""
"63263001","PUY-DE-DOME-MN",45.775,2.966667,1461,1965011106,"","","","",8.,1,170,1,"","","","","","","","","","","","","","","","","","","","","","","","","","","","",7.,1,-23.1,1,"","","","","","","","","","","","","","","","","","","","","","","","","","",9,1,"","","","","","","","","","","","",0.9,1,"","","","","","","","",1,1,0,1,0,1,4,1,2,1,"","","","","","","","","","","","","","","","","","","","","","","","",99990,1,"","",2,1,0,1,"","",0,1,"","","","","","","","","","","","","","","","","","","","","","","","","","","","","","","","","","","","","","","","","","","","","","","","","","","","","","","","","","","","","",""
"63263001","PUY-DE-DOME-MN",45.775,2.966667,1461,1965011109,"","","","",12.,1,170,1,"","","","","","","","","","","","","","","","","","","","","","","","","","","","",7.6,1,-23.1,1,"","","","","","","","","","","","","","","","","","","","","","","","","","",9,1,"","","","","","","","","","","","",0.9,1,"","","","","","","","",3,1,0,1,0,1,4,1,2,1,"","","","","","","","","","","","","","","","","","","","","","","","",99990,1,"","",1,1,0,1,"","","","","","","","","","","","","","","","","","","","","","","","","","","","","","","","","","","","","","","","","","","","","","","","","","","","","","","","","","","","","","","","","",""
"63263001","PUY-DE-DOME-MN",45.775,2.966667,1461,1965011112,"","","","",5.,1,210,1,"","","","","","","","","","","","","","","","","","","","","","","","","","","","",9.4,1,-16.,1,"","","","","","","","","","","","","","","","","","","","","","","","","","",14,1,"","","","","","","","","","","","",1.7,1,"","","","","","","","",5,1,5,1,0,1,4,1,2,1,"","","","","","","","","","","","","","","","","","","","","","","","",99990,1,"","",2,1,1,1,"","","","","","","","","","","","","","","","","","","","","","","","","","","","","","","","","","","","","","","","","","","","","","","","","","","","","","","","","","","","","","","","","",""
"63263001","PUY-DE-DOME-MN",45.775,2.966667,1461,1965011115,"","","","",9.,1,210,1,"","","","","","","","","","","","","","","","","","","","","","","","","","","","",5.8,1,-16.,1,"","","","","","","","","","","","","","","","","","","","","","","","","","",18,1,"","","","","","","","","","","","",1.7,1,"","","","","","","","",7,1,7,1,0,1,4,1,2,1,"","","","","","","","","","","","","","","","","","","","","","","","",99990,1,"","",2,1,2,1,"","","","","","","","","","","","","","","","","","","","","","","","","","","","","","","","","","","","","","","","","","","","","","","","","","","","","","","","","","","","","","","","","",""
"63263001","PUY-DE-DOME-MN",45.775,2.966667,1461,1965011118,"","","","",5.,1,270,1,"","","","","","","","","","","","","","","","","","","","","","","","","","","","",4.3,1,-13.5,1,"","","","","","","","","","","","","","","","","","","","","","","","","","",25,1,"","","","","","","","","","","","",2.1,1,"","","","","","","","",6,1,6,1,0,1,4,1,2,1,"","","","","","","","","","","","","","","","","","","","","","","","",99990,1,"","",2,1,2,1,"","","","","","","","","","","","","","","","","","","","","","","","","","","","","","","","","","","","","","","","","","","","","","","","","","","","","","","","","","","","","","","","","",""
"63263001","PUY-DE-DOME-MN",45.775,2.966667,1461,1965011121,"","","","","","","","","","","","","","","","","","","","","","","","","","","","","","","","","","","","",4.7,1,-9.2,1,"","","","","","","","","","","","","","","","","","","","","","","","","","",35,1,"","","","","","","","","","","","",3.,1,"","","","","","","","","","","","","","","","","","","","","","","","","","","","","","","","","","","","","","","","","","","","","","","","","","","","","","","","","","","","","","","","","","","","","","","","","","","","","","","","","","","","","","","","","","","","","","","","","","","","","","","","","","","","","","","","","","","",""
"63263001","PUY-DE-DOME-MN",45.775,2.966667,1461,1965011200,"","","","","","","","","","","","","","","","","","","","","","","","","","","","","","","","","","","","",3.,1,-3.7,1,"","","","","","","","","","","","","","","","","","","","","","","","","","",60,1,"","","","","","","","","","","","",4.6,1,"","","","","","","","","","","","","","","","","","","","","","","","","","","","","","","","","","","","","","","","","","","","","","","","","","","","","","","","","","","","","","","","","","","","","","","","","","","","","","","","","","","","","","","","","","","","","","","","","","","","","","","","","","","","","","","","","","","",""
"63263001","PUY-DE-DOME-MN",45.775,2.966667,1461,1965011203,"","","","","","","","","","","","","","","","","","","","","","","","","","","","","","","","","","","","",3.3,1,-1.6,1,"","","","","","","","","","","","","","","","","","","","","","","","","","",70,1,"","","","","","","","","","","","",5.4,1,"","","","","","","","","","","","","","","","","","","","","","","","","","","","","","","","","","","","","","","","","","","","","","","","","","","","","","","","","","","","","","","","","","","","","","","","","","","","","","","","","","","","","","","","","","","","","","","","","","","","","","","","","","","","","","","","","","","",""
"63263001","PUY-DE-DOME-MN",45.775,2.966667,1461,1965011206,"","","","",12.,1,250,1,"","","","","","","","","","","","","","","","","","","","","","","","","","","","",2.1,1,-5.5,1,"","","","","","","","","","","","","","","","","","","","","","","","","","",56,1,"","","","","","","","","","","","",4.,1,"","","","","","","","",7,1,7,1,0,1,4,1,2,1,"","","","","","","","","","","","","","","","","","","","","","","","",80000,1,"","",0,1,"","","","",0,1,"","","","","","","","","","","","","","","","","","","","","","","","","","","","","","","","","","","","","","","","","","","","","","","","","","","","","","","","","","","","","",""
"63263001","PUY-DE-DOME-MN",45.775,2.966667,1461,1965011209,"","","","",11.,1,230,1,"","","","","","","","","","","","","","","","","","","","","","","","","","","","",0.9,1,-1.4,1,"","","","","","","","","","","","","","","","","","","","","","","","","","",85,1,"","","","","","","","","","","","",5.5,1,"","","","","","","","",8,1,8,1,5,1,2,1,"","","","","","","","","","","","","","","","","","","","","","","","","","",40000,1,"","",2,1,2,1,"","","","","","","","","","","","","","","","","","","","","","","","","","","","","","","","","","","","","","","","","","","","","","","","","","","","","","","","","","","","","","","","","",""
"63263001","PUY-DE-DOME-MN",45.775,2.966667,1461,1965011212,"","","","",14.,1,250,1,"","","","","","","","","","","","","","","","","","","","","","","","","","","","",0.2,1,0.2,1,"","","","","","","","","","","","","","","","","","","","","","","","","","",100,1,"","","","","","","","","","","","",6.2,1,"","","","","","","","",8,1,8,1,"","","","","","","","","","","","","","","","","","","","","","","","","","","","","","",60,1,"","",71,1,4,1,"","","","","","","","","","","","","","","","","","","","","","","","","","","","","","","","","","","","","","","","","","","","","","","","","","","","","","","","","","","","","","","","","",""
"63263001","PUY-DE-DOME-MN",45.775,2.966667,1461,1965011215,"","","","",14.,1,250,1,"","","","","","","","","","","","","","","","","","","","","","","","","","","","",-1.,1,-1.9,1,"","","","","","","","","","","","","","","","","","","","","","","","","","",93,1,"","","","","","","","","","","","",5.3,1,"","","","","","","","",7,1,7,1,5,1,7,1,"","","","","","","","","","","","","","","","","","","","","","","","","","",40000,1,"","",28,1,7,1,"","","","","","","","","","","","","","","","","","","","","","","","","","","","","","","","","","","","","","","","","","","","","","","","","","","","","","","","","","","","","","","","","",""
"63263001","PUY-DE-DOME-MN",45.775,2.966667,1461,1965011218,"","","","",20.,1,250,1,"","","","","","","","","","","","","","","","","","","","","","","","","","","","",-1.3,1,-1.9,1,"","","","","","","","","","","","","","","","","","","","","","","","","","",96,1,"","","","","","","","","","","","",5.3,1,"","","","","","","","",7,1,7,1,5,1,4,1,2,1,"","","","","","","","","","","","","","","","","","","","","","","","",40000,1,"","",2,1,7,1,"","","","","","","","","","","","","","","","","","","","","","","","","","","","","","","","","","","","","","","","","","","","","","","","","","","","","","","","","","","","","","","","","",""
"63263001","PUY-DE-DOME-MN",45.775,2.966667,1461,1965011221,"","","","","","","","","","","","","","","","","","","","","","","","","","","","","","","","","","","","",-2.,1,-2.,1,"","","","","","","","","","","","","","","","","","","","","","","","","","",100,1,"","","","","","","","","","","","",5.3,1,"","","","","","","","","","","","","","","","","","","","","","","","","","","","","","","","","","","","","","","","","","","","","","","","","","","","","","","","","","","","","","","","","","","","","","","","","","","","","","","","","","","","","","","","","","","","","","","","","","","","","","","","","","","","","","","","","","","",""
"63263001","PUY-DE-DOME-MN",45.775,2.966667,1461,1965011300,"","","","","","","","","","","","","","","","","","","","","","","","","","","","","","","","","","","","",-3.,1,-3.,1,"","","","","","","","","","","","","","","","","","","","","","","","","","",100,1,"","","","","","","","","","","","",4.9,1,"","","","","","","","","","","","","","","","","","","","","","","","","","","","","","","","","","","","","","","","","","","","","","","","","","","","","","","","","","","","","","","","","","","","","","","","","","","","","","","","","","","","","","","","","","","","","","","","","","","","","","","","","","","","","","","","","","","",""
"63263001","PUY-DE-DOME-MN",45.775,2.966667,1461,1965011303,"","","","","","","","","","","","","","","","","","","","","","","","","","","","","","","","","","","","",-4.3,1,-4.3,1,"","","","","","","","","","","","","","","","","","","","","","","","","","",100,1,"","","","","","","","","","","","",4.4,1,"","","","","","","","","","","","","","","","","","","","","","","","","","","","","","","","","","","","","","","","","","","","","","","","","","","","","","","","","","","","","","","","","","","","","","","","","","","","","","","","","","","","","","","","","","","","","","","","","","","","","","","","","","","","","","","","","","","",""
"63263001","PUY-DE-DOME-MN",45.775,2.966667,1461,1965011306,"","","","",13.,1,270,1,"","","","","","","","","","","","","","","","","","","","","","","","","","","","",-5.,1,-5.,1,"","","","","","","","","","","","","","","","","","","","","","","","","","",100,1,"","","","","","","","","","","","",4.2,1,"","","","","","","","",9,1,"","","","","","","","","","","","","","","","","","","","","","","","","","","","","","","","",100,1,"","",49,1,4,1,"","",0,1,"","","","","","","","","","","","","","","","","","","","","","","","","","","","","","","","","","","","","","","","","","","","","","","","","","","","","","","","","","","","","",""
"63263001","PUY-DE-DOME-MN",45.775,2.966667,1461,1965011309,"","","","",5.,1,290,1,"","","","","","","","","","","","","","","","","","","","","","","","","","","","",-4.9,1,-4.9,1,"","","","","","","","","","","","","","","","","","","","","","","","","","",100,1,"","","","","","","","","","","","",4.2,1,"","","","","","","","",9,1,"","","","","","","","","","","","","","","","","","","","","","","","","","","","","","","","",100,1,"","",49,1,4,1,"","","","","","","","","","","","","","","","","","","","","","","","","","","","","","","","","","","","","","","","","","","","","","","","","","","","","","","","","","","","","","","","","",""
"63263001","PUY-DE-DOME-MN",45.775,2.966667,1461,1965011312,"","","","",5.,1,290,1,"","","","","","","","","","","","","","","","","","","","","","","","","","","","",-4.,1,-4.6,1,"","","","","","","","","","","","","","","","","","","","","","","","","","",96,1,"","","","","","","","","","","","",4.3,1,"","","","","","","","",1,1,0,1,2,1,0,1,0,1,"","","","","","","","","","","","","","","","","","","","","","","","",90000,1,"","",28,1,4,1,"","","","","","","","","","","","","","","","","","","","","","","","","","","","","","","","","","","","","","","","","","","","","","","","","","","","","","","","","","","","","","","","","",""
"63263001","PUY-DE-DOME-MN",45.775,2.966667,1461,1965011315,"","","","",9.,1,270,1,"","","","","","","","","","","","","","","","","","","","","","","","","","","","",-3.9,1,-4.3,1,"","","","","","","","","","","","","","","","","","","","","","","","","","",96,1,"","","","","","","","","","","","",4.4,1,"","","","","","","","",1,1,0,1,4,1,0,1,2,1,"","","","","","","","","","","","","","","","","","","","","","","","",80000,1,"","",2,1,0,1,"","","","","","","","","","","","","","","","","","","","","","","","","","","","","","","","","","","","","","","","","","","","","","","","","","","","","","","","","","","","","","","","","",""
"63263001","PUY-DE-DOME-MN",45.775,2.966667,1461,1965011318,"","","","",11.,1,270,1,"","","","","","","","","","","","","","","","","","","","","","","","","","","","",-5.3,1,-5.9,1,"","","","","","","","","","","","","","","","","","","","","","","","","","",95,1,"","","","","","","","","","","","",3.9,1,"","","","","","","","",1,1,0,1,5,1,4,1,2,1,"","","","","","","","","","","","","","","","","","","","","","","","",80000,1,"","",2,1,0,1,"","","","","","","","","","","","","","","","","","","","","","","","","","","","","","","","","","","","","","","","","","","","","","","","","","","","","","","","","","","","","","","","","",""
"63263001","PUY-DE-DOME-MN",45.775,2.966667,1461,1965011321,"","","","","","","","","","","","","","","","","","","","","","","","","","","","","","","","","","","","",-5.5,1,-7.6,1,"","","","","","","","","","","","","","","","","","","","","","","","","","",84,1,"","","","","","","","","","","","",3.4,1,"","","","","","","","","","","","","","","","","","","","","","","","","","","","","","","","","","","","","","","","","","","","","","","","","","","","","","","","","","","","","","","","","","","","","","","","","","","","","","","","","","","","","","","","","","","","","","","","","","","","","","","","","","","","","","","","","","","",""
"63263001","PUY-DE-DOME-MN",45.775,2.966667,1461,1965011400,"","","","","","","","","","","","","","","","","","","","","","","","","","","","","","","","","","","","",-4.3,1,-4.6,1,"","","","","","","","","","","","","","","","","","","","","","","","","","",97,1,"","","","","","","","","","","","",4.3,1,"","","","","","","","","","","","","","","","","","","","","","","","","","","","","","","","","","","","","","","","","","","","","","","","","","","","","","","","","","","","","","","","","","","","","","","","","","","","","","","","","","","","","","","","","","","","","","","","","","","","","","","","","","","","","","","","","","","",""
"63263001","PUY-DE-DOME-MN",45.775,2.966667,1461,1965011403,"","","","","","","","","","","","","","","","","","","","","","","","","","","","","","","","","","","","",-3.5,1,-3.5,1,"","","","","","","","","","","","","","","","","","","","","","","","","","",100,1,"","","","","","","","","","","","",4.7,1,"","","","","","","","","","","","","","","","","","","","","","","","","","","","","","","","","","","","","","","","","","","","","","","","","","","","","","","","","","","","","","","","","","","","","","","","","","","","","","","","","","","","","","","","","","","","","","","","","","","","","","","","","","","","","","","","","","","",""
"63263001","PUY-DE-DOME-MN",45.775,2.966667,1461,1965011406,"","","","",25.,1,250,1,"","","","","","","","","","","","","","","","","","","","","","","","","","","","",-3.8,1,-3.8,1,"","","","","","","","","","","","","","","","","","","","","","","","","","",100,1,"","","","","","","","","","","","",4.6,1,"","","","","","","","",9,1,"","","","","","","","","","","","","","","","","","","","","","","","","","","","","","","","",40,1,"","",49,1,7,1,"","",0,1,"","","","","","","","","","","","","","","","","","","","","","","","","","","","","","","","","","","","","","","","","","","","","","","","","","","","","","","","","","","","","",""
"63263001","PUY-DE-DOME-MN",45.775,2.966667,1461,1965011409,"","","","",20.,1,270,1,"","","","","","","","","","","","","","","","","","","","","","","","","","","","",-3.8,1,-3.8,1,"","","","","","","","","","","","","","","","","","","","","","","","","","",100,1,"","","","","","","","","","","","",4.6,1,"","","","","","","","",9,1,"","","","","","","","","","","","","","","","","","","","","","","","","","","","","","","","",40,1,"","",49,1,4,1,"","","","","","","","","","","","","","","","","","","","","","","","","","","","","","","","","","","","","","","","","","","","","","","","","","","","","","","","","","","","","","","","","",""
"63263001","PUY-DE-DOME-MN",45.775,2.966667,1461,1965011412,"","","","",18.,1,290,1,"","","","","","","","","","","","","","","","","","","","","","","","","","","","",-4.,1,-4.,1,"","","","","","","","","","","","","","","","","","","","","","","","","","",100,1,"","","","","","","","","","","","",4.5,1,"","","","","","","","",8,1,8,1,"","","","","","","","","","","","","","","","","","","","","","","","","","","","","","",100,1,"","",41,1,4,1,"","","","","","","","","","","","","","","","","","","","","","","","","","","","","","","","","","","","","","","","","","","","","","","","","","","","","","","","","","","","","","","","","",""
"63263001","PUY-DE-DOME-MN",45.775,2.966667,1461,1965011415,"","","","",15.,1,290,1,"","","","","","","","","","","","","","","","","","","","","","","","","","","","",-4.1,1,-4.6,1,"","","","","","","","","","","","","","","","","","","","","","","","","","",96,1,"","","","","","","","","","","","",4.3,1,"","","","","","","","",1,1,0,1,1,1,0,1,0,1,"","","","","","","","","","","","","","","","","","","","","","","","",40000,1,"","",2,1,4,1,"","","","","","","","","","","","","","","","","","","","","","","","","","","","","","","","","","","","","","","","","","","","","","","","","","","","","","","","","","","","","","","","","",""
"63263001","PUY-DE-DOME-MN",45.775,2.966667,1461,1965011418,"","","","",18.,1,290,1,"","","","","","","","","","","","","","","","","","","","","","","","","","","","",-5.1,1,-5.5,1,"","","","","","","","","","","","","","","","","","","","","","","","","","",95,1,"","","","","","","","","","","","",4.,1,"","","","","","","","",1,1,0,1,5,1,0,1,2,1,"","","","","","","","","","","","","","","","","","","","","","","","",40000,1,"","",1,1,4,1,"","","","","","","","","","","","","","","","","","","","","","","","","","","","","","","","","","","","","","","","","","","","","","","","","","","","","","","","","","","","","","","","","",""
"63263001","PUY-DE-DOME-MN",45.775,2.966667,1461,1965011421,"","","","","","","","","","","","","","","","","","","","","","","","","","","","","","","","","","","","",-5.,1,-5.,1,"","","","","","","","","","","","","","","","","","","","","","","","","","",100,1,"","","","","","","","","","","","",4.2,1,"","","","","","","","","","","","","","","","","","","","","","","","","","","","","","","","","","","","","","","","","","","","","","","","","","","","","","","","","","","","","","","","","","","","","","","","","","","","","","","","","","","","","","","","","","","","","","","","","","","","","","","","","","","","","","","","","","","",""
"63263001","PUY-DE-DOME-MN",45.775,2.966667,1461,1965011500,"","","","","","","","","","","","","","","","","","","","","","","","","","","","","","","","","","","","",-4.7,1,-4.7,1,"","","","","","","","","","","","","","","","","","","","","","","","","","",100,1,"","","","","","","","","","","","",4.3,1,"","","","","","","","","","","","","","","","","","","","","","","","","","","","","","","","","","","","","","","","","","","","","","","","","","","","","","","","","","","","","","","","","","","","","","","","","","","","","","","","","","","","","","","","","","","","","","","","","","","","","","","","","","","","","","","","","","","",""
"63263001","PUY-DE-DOME-MN",45.775,2.966667,1461,1965011503,"","","","","","","","","","","","","","","","","","","","","","","","","","","","","","","","","","","","",-4.6,1,-4.6,1,"","","","","","","","","","","","","","","","","","","","","","","","","","",100,1,"","","","","","","","","","","","",4.3,1,"","","","","","","","","","","","","","","","","","","","","","","","","","","","","","","","","","","","","","","","","","","","","","","","","","","","","","","","","","","","","","","","","","","","","","","","","","","","","","","","","","","","","","","","","","","","","","","","","","","","","","","","","","","","","","","","","","","",""
"63263001","PUY-DE-DOME-MN",45.775,2.966667,1461,1965011506,"","","","",19.,1,250,1,"","","","","","","","","","","","","","","","","","","","","","","","","","","","",-4.6,1,-4.6,1,"","","","","","","","","","","","","","","","","","","","","","","","","","",100,1,"","","","","","","","","","","","",4.3,1,"","","","","","","","",9,1,"","","","","","","","","","","","","","","","","","","","","","","","","","","","","","","","",40,1,"","",49,1,4,1,"","",0,1,"","","","","","","","","","","","","","","","","","","","","","","","","","","","","","","","","","","","","","","","","","","","","","","","","","","","","","","","","","","","","",""
"63263001","PUY-DE-DOME-MN",45.775,2.966667,1461,1965011509,"","","","",20.,1,250,1,"","","","","","","","","","","","","","","","","","","","","","","","","","","","",-3.6,1,-3.6,1,"","","","","","","","","","","","","","","","","","","","","","","","","","",100,1,"","","","","","","","","","","","",4.7,1,"","","","","","","","",9,1,"","","","","","","","","","","","","","","","","","","","","","","","","","","","","","","","",40,1,"","",49,1,7,1,"","","","","","","","","","","","","","","","","","","","","","","","","","","","","","","","","","","","","","","","","","","","","","","","","","","","","","","","","","","","","","","","","",""
"63263001","PUY-DE-DOME-MN",45.775,2.966667,1461,1965011512,"","","","",24.,1,230,1,"","","","","","","","","","","","","","","","","","","","","","","","","","","","",-2.6,1,-2.6,1,"","","","","","","","","","","","","","","","","","","","","","","","","","",100,1,"","","","","","","","","","","","",5.,1,"","","","","","","","",9,1,"","","","","","","","","","","","","","","","","","","","","","","","","","","","","","","","",40,1,"","",49,1,7,1,"","","","","","","","","","","","","","","","","","","","","","","","","","","","","","","","","","","","","","","","","","","","","","","","","","","","","","","","","","","","","","","","","",""
"63263001","PUY-DE-DOME-MN",45.775,2.966667,1461,1965011515,"","","","",25.,1,230,1,"","","","","","","","","","","","","","","","","","","","","","","","","","","","",-2.5,1,-2.5,1,"","","","","","","","","","","","","","","","","","","","","","","","","","",100,1,"","","","","","","","","","","","",5.1,1,"","","","","","","","",9,1,"","","","","","","","","","","","","","","","","","","","","","","","","","","","","","","","",40,1,"","",49,1,4,1,"","","","","","","","","","","","","","","","","","","","","","","","","","","","","","","","","","","","","","","","","","","","","","","","","","","","","","","","","","","","","","","","","",""
"63263001","PUY-DE-DOME-MN",45.775,2.966667,1461,1965011518,"","","","",24.,1,250,1,"","","","","","","","","","","","","","","","","","","","","","","","","","","","",-4.,1,-4.,1,"","","","","","","","","","","","","","","","","","","","","","","","","","",100,1,"","","","","","","","","","","","",4.5,1,"","","","","","","","",8,1,8,1,"","","","","","","","","","","","","","","","","","","","","","","","","","","","","","",40,1,"","",71,1,7,1,"","","","","","","","","","","","","","","","","","","","","","","","","","","","","","","","","","","","","","","","","","","","","","","","","","","","","","","","","","","","","","","","","",""
"63263001","PUY-DE-DOME-MN",45.775,2.966667,1461,1965011521,"","","","","","","","","","","","","","","","","","","","","","","","","","","","","","","","","","","","",-4.9,1,-4.9,1,"","","","","","","","","","","","","","","","","","","","","","","","","","",100,1,"","","","","","","","","","","","",4.2,1,"","","","","","","","","","","","","","","","","","","","","","","","","","","","","","","","","","","","","","","","","","","","","","","","","","","","","","","","","","","","","","","","","","","","","","","","","","","","","","","","","","","","","","","","","","","","","","","","","","","","","","","","","","","","","","","","","","","",""
"63263001","PUY-DE-DOME-MN",45.775,2.966667,1461,1965011600,"","","","","","","","","","","","","","","","","","","","","","","","","","","","","","","","","","","","",-5.1,1,-5.1,1,"","","","","","","","","","","","","","","","","","","","","","","","","","",100,1,"","","","","","","","","","","","",4.2,1,"","","","","","","","","","","","","","","","","","","","","","","","","","","","","","","","","","","","","","","","","","","","","","","","","","","","","","","","","","","","","","","","","","","","","","","","","","","","","","","","","","","","","","","","","","","","","","","","","","","","","","","","","","","","","","","","","","","",""
"63263001","PUY-DE-DOME-MN",45.775,2.966667,1461,1965011603,"","","","","","","","","","","","","","","","","","","","","","","","","","","","","","","","","","","","",-6.1,1,-6.1,1,"","","","","","","","","","","","","","","","","","","","","","","","","","",100,1,"","","","","","","","","","","","",3.9,1,"","","","","","","","","","","","","","","","","","","","","","","","","","","","","","","","","","","","","","","","","","","","","","","","","","","","","","","","","","","","","","","","","","","","","","","","","","","","","","","","","","","","","","","","","","","","","","","","","","","","","","","","","","","","","","","","","","","",""
"63263001","PUY-DE-DOME-MN",45.775,2.966667,1461,1965011606,"","","","",16.,1,270,1,"","","","","","","","","","","","","","","","","","","","","","","","","","","","",-6.3,1,-6.3,1,"","","","","","","","","","","","","","","","","","","","","","","","","","",100,1,"","","","","","","","","","","","",3.8,1,"","","","","","","","",9,1,"","","","","","","","","","","","","","","","","","","","","","","","","","","","","","","","",40,1,"","",49,1,4,1,"","",0,1,"","","","","","","","","","","","","","","","","","","","","","","","","","","","","","","","","","","","","","","","","","","","","","","","","","","","","","","","","","","","","",""
"63263001","PUY-DE-DOME-MN",45.775,2.966667,1461,1965011609,"","","","",16.,1,270,1,"","","","","","","","","","","","","","","","","","","","","","","","","","","","",-5.7,1,-5.7,1,"","","","","","","","","","","","","","","","","","","","","","","","","","",100,1,"","","","","","","","","","","","",4.,1,"","","","","","","","",9,1,"","","","","","","","","","","","","","","","","","","","","","","","","","","","","","","","",60,1,"","",49,1,4,1,"","","","","","","","","","","","","","","","","","","","","","","","","","","","","","","","","","","","","","","","","","","","","","","","","","","","","","","","","","","","","","","","","",""
"63263001","PUY-DE-DOME-MN",45.775,2.966667,1461,1965011612,"","","","",20.,1,250,1,"","","","","","","","","","","","","","","","","","","","","","","","","","","","",-4.,1,-4.,1,"","","","","","","","","","","","","","","","","","","","","","","","","","",100,1,"","","","","","","","","","","","",4.5,1,"","","","","","","","",9,1,"","","","","","","","","","","","","","","","","","","","","","","","","","","","","","","","",80,1,"","",49,1,4,1,"","","","","","","","","","","","","","","","","","","","","","","","","","","","","","","","","","","","","","","","","","","","","","","","","","","","","","","","","","","","","","","","","",""
"63263001","PUY-DE-DOME-MN",45.775,2.966667,1461,1965011615,"","","","",26.,1,270,1,"","","","","","","","","","","","","","","","","","","","","","","","","","","","",-2.8,1,-2.8,1,"","","","","","","","","","","","","","","","","","","","","","","","","","",100,1,"","","","","","","","","","","","",4.9,1,"","","","","","","","",8,1,8,1,"","","","","","","","","","","","","","","","","","","","","","","","","","","","","","",40,1,"","",71,1,7,1,"","","","","","","","","","","","","","","","","","","","","","","","","","","","","","","","","","","","","","","","","","","","","","","","","","","","","","","","","","","","","","","","","",""
"63263001","PUY-DE-DOME-MN",45.775,2.966667,1461,1965011618,"","","","",31.,1,270,1,"","","","","","","","","","","","","","","","","","","","","","","","","","","","",-1.,1,-1.,1,"","","","","","","","","","","","","","","","","","","","","","","","","","",100,1,"","","","","","","","","","","","",5.7,1,"","","","","","","","",8,1,8,1,"","","","","","","","","","","","","","","","","","","","","","","","","","","","","","",40,1,"","",71,1,7,1,"","","","","","","","","","","","","","","","","","","","","","","","","","","","","","","","","","","","","","","","","","","","","","","","","","","","","","","","","","","","","","","","","",""
"63263001","PUY-DE-DOME-MN",45.775,2.966667,1461,1965011621,"","","","","","","","","","","","","","","","","","","","","","","","","","","","","","","","","","","","",0.,1,0.,1,"","","","","","","","","","","","","","","","","","","","","","","","","","",100,1,"","","","","","","","","","","","",6.1,1,"","","","","","","","","","","","","","","","","","","","","","","","","","","","","","","","","","","","","","","","","","","","","","","","","","","","","","","","","","","","","","","","","","","","","","","","","","","","","","","","","","","","","","","","","","","","","","","","","","","","","","","","","","","","","","","","","","","",""
"63263001","PUY-DE-DOME-MN",45.775,2.966667,1461,1965011700,"","","","","","","","","","","","","","","","","","","","","","","","","","","","","","","","","","","","",0.5,1,0.5,1,"","","","","","","","","","","","","","","","","","","","","","","","","","",100,1,"","","","","","","","","","","","",6.3,1,"","","","","","","","","","","","","","","","","","","","","","","","","","","","","","","","","","","","","","","","","","","","","","","","","","","","","","","","","","","","","","","","","","","","","","","","","","","","","","","","","","","","","","","","","","","","","","","","","","","","","","","","","","","","","","","","","","","",""
"63263001","PUY-DE-DOME-MN",45.775,2.966667,1461,1965011703,"","","","","","","","","","","","","","","","","","","","","","","","","","","","","","","","","","","","",0.5,1,0.5,1,"","","","","","","","","","","","","","","","","","","","","","","","","","",100,1,"","","","","","","","","","","","",6.3,1,"","","","","","","","","","","","","","","","","","","","","","","","","","","","","","","","","","","","","","","","","","","","","","","","","","","","","","","","","","","","","","","","","","","","","","","","","","","","","","","","","","","","","","","","","","","","","","","","","","","","","","","","","","","","","","","","","","","",""
"63263001","PUY-DE-DOME-MN",45.775,2.966667,1461,1965011706,"","","","",37.,1,270,1,"","","","","","","","","","","","","","","","","","","","","","","","","","","","",0.4,1,0.4,1,"","","","","","","","","","","","","","","","","","","","","","","","","","",100,1,"","","","","","","","","","","","",6.3,1,"","","","","","","","",8,1,8,1,"","","","","","","","","","","","","","","","","","","","","","","","","","","","","","",40,1,"","",61,1,6,1,"","",0,1,"","","","","","","","","","","","","","","","","","","","","","","","","","","","","","","","","","","","","","","","","","","","","","","","","","","","","","","","","","","","","",""
"63263001","PUY-DE-DOME-MN",45.775,2.966667,1461,1965011709,"","","","",37.,1,270,1,"","","","","","","","","","","","","","","","","","","","","","","","","","","","",1.,1,1.,1,"","","","","","","","","","","","","","","","","","","","","","","","","","",100,1,"","","","","","","","","","","","",6.6,1,"","","","","","","","",8,1,8,1,"","","","","","","","","","","","","","","","","","","","","","","","","","","","","","",40,1,"","",61,1,6,1,"","","","","","","","","","","","","","","","","","","","","","","","","","","","","","","","","","","","","","","","","","","","","","","","","","","","","","","","","","","","","","","","","",""
"63263001","PUY-DE-DOME-MN",45.775,2.966667,1461,1965011712,"","","","",40.,1,270,1,"","","","","","","","","","","","","","","","","","","","","","","","","","","","",1.4,1,1.4,1,"","","","","","","","","","","","","","","","","","","","","","","","","","",100,1,"","","","","","","","","","","","",6.7,1,"","","","","","","","",9,1,"","","","","","","","","","","","","","","","","","","","","","","","","","","","","","","","",40,1,"","",45,1,6,1,"","","","","","","","","","","","","","","","","","","","","","","","","","","","","","","","","","","","","","","","","","","","","","","","","","","","","","","","","","","","","","","","","",""
"63263001","PUY-DE-DOME-MN",45.775,2.966667,1461,1965011715,"","","","",30.,1,250,1,"","","","","","","","","","","","","","","","","","","","","","","","","","","","",2.2,1,2.2,1,"","","","","","","","","","","","","","","","","","","","","","","","","","",100,1,"","","","","","","","","","","","",7.2,1,"","","","","","","","",9,1,"","","","","","","","","","","","","","","","","","","","","","","","","","","","","","","","",40,1,"","",45,1,4,1,"","","","","","","","","","","","","","","","","","","","","","","","","","","","","","","","","","","","","","","","","","","","","","","","","","","","","","","","","","","","","","","","","",""
"63263001","PUY-DE-DOME-MN",45.775,2.966667,1461,1965011718,"","","","",33.,1,290,1,"","","","","","","","","","","","","","","","","","","","","","","","","","","","",-1.8,1,-1.8,1,"","","","","","","","","","","","","","","","","","","","","","","","","","",100,1,"","","","","","","","","","","","",5.3,1,"","","","","","","","",8,1,8,1,"","","","","","","","","","","","","","","","","","","","","","","","","","","","","","",40,1,"","",86,1,8,1,"","","","","","","","","","","","","","","","","","","","","","","","","","","","","","","","","","","","","","","","","","","","","","","","","","","","","","","","","","","","","","","","","",""
"63263001","PUY-DE-DOME-MN",45.775,2.966667,1461,1965011721,"","","","","","","","","","","","","","","","","","","","","","","","","","","","","","","","","","","","",-3.6,1,-3.6,1,"","","","","","","","","","","","","","","","","","","","","","","","","","",100,1,"","","","","","","","","","","","",4.7,1,"","","","","","","","","","","","","","","","","","","","","","","","","","","","","","","","","","","","","","","","","","","","","","","","","","","","","","","","","","","","","","","","","","","","","","","","","","","","","","","","","","","","","","","","","","","","","","","","","","","","","","","","","","","","","","","","","","","",""
"63263001","PUY-DE-DOME-MN",45.775,2.966667,1461,1965011800,"","","","","","","","","","","","","","","","","","","","","","","","","","","","","","","","","","","","",-4.4,1,-4.4,1,"","","","","","","","","","","","","","","","","","","","","","","","","","",100,1,"","","","","","","","","","","","",4.4,1,"","","","","","","","","","","","","","","","","","","","","","","","","","","","","","","","","","","","","","","","","","","","","","","","","","","","","","","","","","","","","","","","","","","","","","","","","","","","","","","","","","","","","","","","","","","","","","","","","","","","","","","","","","","","","","","","","","","",""
"63263001","PUY-DE-DOME-MN",45.775,2.966667,1461,1965011803,"","","","","","","","","","","","","","","","","","","","","","","","","","","","","","","","","","","","",-4.6,1,-4.6,1,"","","","","","","","","","","","","","","","","","","","","","","","","","",100,1,"","","","","","","","","","","","",4.3,1,"","","","","","","","","","","","","","","","","","","","","","","","","","","","","","","","","","","","","","","","","","","","","","","","","","","","","","","","","","","","","","","","","","","","","","","","","","","","","","","","","","","","","","","","","","","","","","","","","","","","","","","","","","","","","","","","","","","",""
"63263001","PUY-DE-DOME-MN",45.775,2.966667,1461,1965011806,"","","","",24.,1,290,1,"","","","","","","","","","","","","","","","","","","","","","","","","","","","",-5.2,1,-5.2,1,"","","","","","","","","","","","","","","","","","","","","","","","","","",100,1,"","","","","","","","","","","","",4.1,1,"","","","","","","","",8,1,8,1,"","","","","","","","","","","","","","","","","","","","","","","","","","","","","","",40,1,"","",71,1,7,1,"","",0,1,"","","","","","","","","","","","","","","","","","","","","","","","","","","","","","","","","","","","","","","","","","","","","","","","","","","","","","","","","","","","","",""
"63263001","PUY-DE-DOME-MN",45.775,2.966667,1461,1965011809,"","","","",17.,1,290,1,"","","","","","","","","","","","","","","","","","","","","","","","","","","","",-4.9,1,-4.9,1,"","","","","","","","","","","","","","","","","","","","","","","","","","",100,1,"","","","","","","","","","","","",4.2,1,"","","","","","","","",9,1,"","","","","","","","","","","","","","","","","","","","","","","","","","","","","","","","",40,1,"","",49,1,7,1,"","","","","","","","","","","","","","","","","","","","","","","","","","","","","","","","","","","","","","","","","","","","","","","","","","","","","","","","","","","","","","","","","",""
"63263001","PUY-DE-DOME-MN",45.775,2.966667,1461,1965011812,"","","","",16.,1,270,1,"","","","","","","","","","","","","","","","","","","","","","","","","","","","",-4.1,1,-4.1,1,"","","","","","","","","","","","","","","","","","","","","","","","","","",100,1,"","","","","","","","","","","","",4.5,1,"","","","","","","","",9,1,"","","","","","","","","","","","","","","","","","","","","","","","","","","","","","","","",40,1,"","",49,1,7,1,"","","","","","","","","","","","","","","","","","","","","","","","","","","","","","","","","","","","","","","","","","","","","","","","","","","","","","","","","","","","","","","","","",""
"63263001","PUY-DE-DOME-MN",45.775,2.966667,1461,1965011815,"","","","",13.,1,230,1,"","","","","","","","","","","","","","","","","","","","","","","","","","","","",-3.4,1,-3.4,1,"","","","","","","","","","","","","","","","","","","","","","","","","","",100,1,"","","","","","","","","","","","",4.7,1,"","","","","","","","",9,1,"","","","","","","","","","","","","","","","","","","","","","","","","","","","","","","","",100,1,"","",49,1,4,1,"","","","","","","","","","","","","","","","","","","","","","","","","","","","","","","","","","","","","","","","","","","","","","","","","","","","","","","","","","","","","","","","","",""
"63263001","PUY-DE-DOME-MN",45.775,2.966667,1461,1965011818,"","","","",15.,1,210,1,"","","","","","","","","","","","","","","","","","","","","","","","","","","","",-2.9,1,-2.9,1,"","","","","","","","","","","","","","","","","","","","","","","","","","",100,1,"","","","","","","","","","","","",4.9,1,"","","","","","","","",8,1,8,1,"","","","","","","","","","","","","","","","","","","","","","","","","","","","","","",40,1,"","",71,1,7,1,"","","","","","","","","","","","","","","","","","","","","","","","","","","","","","","","","","","","","","","","","","","","","","","","","","","","","","","","","","","","","","","","","",""
"63263001","PUY-DE-DOME-MN",45.775,2.966667,1461,1965011821,"","","","","","","","","","","","","","","","","","","","","","","","","","","","","","","","","","","","",-3.7,1,-3.7,1,"","","","","","","","","","","","","","","","","","","","","","","","","","",100,1,"","","","","","","","","","","","",4.6,1,"","","","","","","","","","","","","","","","","","","","","","","","","","","","","","","","","","","","","","","","","","","","","","","","","","","","","","","","","","","","","","","","","","","","","","","","","","","","","","","","","","","","","","","","","","","","","","","","","","","","","","","","","","","","","","","","","","","",""
"63263001","PUY-DE-DOME-MN",45.775,2.966667,1461,1965011900,"","","","","","","","","","","","","","","","","","","","","","","","","","","","","","","","","","","","",-4.2,1,-4.2,1,"","","","","","","","","","","","","","","","","","","","","","","","","","",100,1,"","","","","","","","","","","","",4.5,1,"","","","","","","","","","","","","","","","","","","","","","","","","","","","","","","","","","","","","","","","","","","","","","","","","","","","","","","","","","","","","","","","","","","","","","","","","","","","","","","","","","","","","","","","","","","","","","","","","","","","","","","","","","","","","","","","","","","",""
"63263001","PUY-DE-DOME-MN",45.775,2.966667,1461,1965011903,"","","","","","","","","","","","","","","","","","","","","","","","","","","","","","","","","","","","",-5.8,1,-5.8,1,"","","","","","","","","","","","","","","","","","","","","","","","","","",100,1,"","","","","","","","","","","","",4.,1,"","","","","","","","","","","","","","","","","","","","","","","","","","","","","","","","","","","","","","","","","","","","","","","","","","","","","","","","","","","","","","","","","","","","","","","","","","","","","","","","","","","","","","","","","","","","","","","","","","","","","","","","","","","","","","","","","","","",""
"63263001","PUY-DE-DOME-MN",45.775,2.966667,1461,1965011906,"","","","",20.,1,290,1,"","","","","","","","","","","","","","","","","","","","","","","","","","","","",-6.8,1,-6.8,1,"","","","","","","","","","","","","","","","","","","","","","","","","","",100,1,"","","","","","","","","","","","",3.7,1,"","","","","","","","",8,1,8,1,"","","","","","","","","","","","","","","","","","","","","","","","","","","","","","",40,1,"","",71,1,7,1,"","",0,1,"","","","","","","","","","","","","","","","","","","","","","","","","","","","","","","","","","","","","","","","","","","","","","","","","","","","","","","","","","","","","",""
"63263001","PUY-DE-DOME-MN",45.775,2.966667,1461,1965011909,"","","","",30.,1,310,1,"","","","","","","","","","","","","","","","","","","","","","","","","","","","",-7.1,1,-7.1,1,"","","","","","","","","","","","","","","","","","","","","","","","","","",100,1,"","","","","","","","","","","","",3.6,1,"","","","","","","","",9,1,"","","","","","","","","","","","","","","","","","","","","","","","","","","","","","","","",40,1,"","",49,1,7,1,"","","","","","","","","","","","","","","","","","","","","","","","","","","","","","","","","","","","","","","","","","","","","","","","","","","","","","","","","","","","","","","","","",""
"63263001","PUY-DE-DOME-MN",45.775,2.966667,1461,1965011912,"","","","",24.,1,330,1,"","","","","","","","","","","","","","","","","","","","","","","","","","","","",-7.,1,-7.,1,"","","","","","","","","","","","","","","","","","","","","","","","","","",100,1,"","","","","","","","","","","","",3.6,1,"","","","","","","","",9,1,"","","","","","","","","","","","","","","","","","","","","","","","","","","","","","","","",40,1,"","",49,1,7,1,"","","","","","","","","","","","","","","","","","","","","","","","","","","","","","","","","","","","","","","","","","","","","","","","","","","","","","","","","","","","","","","","","",""
"63263001","PUY-DE-DOME-MN",45.775,2.966667,1461,1965011915,"","","","",18.,1,310,1,"","","","","","","","","","","","","","","","","","","","","","","","","","","","",-7.2,1,-7.2,1,"","","","","","","","","","","","","","","","","","","","","","","","","","",100,1,"","","","","","","","","","","","",3.6,1,"","","","","","","","",9,1,"","","","","","","","","","","","","","","","","","","","","","","","","","","","","","","","",40,1,"","",49,1,4,1,"","","","","","","","","","","","","","","","","","","","","","","","","","","","","","","","","","","","","","","","","","","","","","","","","","","","","","","","","","","","","","","","","",""
"63263001","PUY-DE-DOME-MN",45.775,2.966667,1461,1965011918,"","","","",16.,1,310,1,"","","","","","","","","","","","","","","","","","","","","","","","","","","","",-6.6,1,-6.6,1,"","","","","","","","","","","","","","","","","","","","","","","","","","",100,1,"","","","","","","","","","","","",3.7,1,"","","","","","","","",8,1,8,1,"","","","","","","","","","","","","","","","","","","","","","","","","","","","","","",40,1,"","",85,1,4,1,"","","","","","","","","","","","","","","","","","","","","","","","","","","","","","","","","","","","","","","","","","","","","","","","","","","","","","","","","","","","","","","","","",""
"63263001","PUY-DE-DOME-MN",45.775,2.966667,1461,1965011921,"","","","","","","","","","","","","","","","","","","","","","","","","","","","","","","","","","","","",-6.2,1,-6.2,1,"","","","","","","","","","","","","","","","","","","","","","","","","","",100,1,"","","","","","","","","","","","",3.8,1,"","","","","","","","","","","","","","","","","","","","","","","","","","","","","","","","","","","","","","","","","","","","","","","","","","","","","","","","","","","","","","","","","","","","","","","","","","","","","","","","","","","","","","","","","","","","","","","","","","","","","","","","","","","","","","","","","","","",""
"63263001","PUY-DE-DOME-MN",45.775,2.966667,1461,1965012000,"","","","","","","","","","","","","","","","","","","","","","","","","","","","","","","","","","","","",-6.8,1,-6.8,1,"","","","","","","","","","","","","","","","","","","","","","","","","","",100,1,"","","","","","","","","","","","",3.7,1,"","","","","","","","","","","","","","","","","","","","","","","","","","","","","","","","","","","","","","","","","","","","","","","","","","","","","","","","","","","","","","","","","","","","","","","","","","","","","","","","","","","","","","","","","","","","","","","","","","","","","","","","","","","","","","","","","","","",""
"63263001","PUY-DE-DOME-MN",45.775,2.966667,1461,1965012003,"","","","","","","","","","","","","","","","","","","","","","","","","","","","","","","","","","","","",-7.5,1,-8.4,1,"","","","","","","","","","","","","","","","","","","","","","","","","","",92,1,"","","","","","","","","","","","",3.2,1,"","","","","","","","","","","","","","","","","","","","","","","","","","","","","","","","","","","","","","","","","","","","","","","","","","","","","","","","","","","","","","","","","","","","","","","","","","","","","","","","","","","","","","","","","","","","","","","","","","","","","","","","","","","","","","","","","","","",""
"63263001","PUY-DE-DOME-MN",45.775,2.966667,1461,1965012006,"","","","",13.,1,290,1,"","","","","","","","","","","","","","","","","","","","","","","","","","","","",-7.5,1,-9.6,1,"","","","","","","","","","","","","","","","","","","","","","","","","","",84,1,"","","","","","","","","","","","",2.9,1,"","","","","","","","",8,1,8,1,0,1,2,1,"","","","","","","","","","","","","","","","","","","","","","","","","","",60000,1,"","",0,1,"","","","",0,1,"","","","","","","","","","","","","","","","","","","","","","","","","","","","","","","","","","","","","","","","","","","","","","","","","","","","","","","","","","","","","",""
"63263001","PUY-DE-DOME-MN",45.775,2.966667,1461,1965012009,"","","","",17.,1,250,1,"","","","","","","","","","","","","","","","","","","","","","","","","","","","",-1.8,1,-1.8,1,"","","","","","","","","","","","","","","","","","","","","","","","","","",100,1,"","","","","","","","","","","","",5.3,1,"","","","","","","","",8,1,8,1,"","","","","","","","","","","","","","","","","","","","","","","","","","","","","","",100,1,"","",71,1,2,1,"","","","","","","","","","","","","","","","","","","","","","","","","","","","","","","","","","","","","","","","","","","","","","","","","","","","","","","","","","","","","","","","","",""
"63263001","PUY-DE-DOME-MN",45.775,2.966667,1461,1965012012,"","","","",25.,1,250,1,"","","","","","","","","","","","","","","","","","","","","","","","","","","","",-1.3,1,-1.3,1,"","","","","","","","","","","","","","","","","","","","","","","","","","",100,1,"","","","","","","","","","","","",5.5,1,"","","","","","","","",8,1,8,1,"","","","","","","","","","","","","","","","","","","","","","","","","","","","","","",40,1,"","",71,1,7,1,"","","","","","","","","","","","","","","","","","","","","","","","","","","","","","","","","","","","","","","","","","","","","","","","","","","","","","","","","","","","","","","","","",""
"63263001","PUY-DE-DOME-MN",45.775,2.966667,1461,1965012015,"","","","",22.,1,250,1,"","","","","","","","","","","","","","","","","","","","","","","","","","","","",-2.2,1,-2.2,1,"","","","","","","","","","","","","","","","","","","","","","","","","","",100,1,"","","","","","","","","","","","",5.2,1,"","","","","","","","",8,1,8,1,"","","","","","","","","","","","","","","","","","","","","","","","","","","","","","",40,1,"","",71,1,7,1,"","","","","","","","","","","","","","","","","","","","","","","","","","","","","","","","","","","","","","","","","","","","","","","","","","","","","","","","","","","","","","","","","",""
"63263001","PUY-DE-DOME-MN",45.775,2.966667,1461,1965012018,"","","","",20.,1,250,1,"","","","","","","","","","","","","","","","","","","","","","","","","","","","",-1.8,1,-1.8,1,"","","","","","","","","","","","","","","","","","","","","","","","","","",100,1,"","","","","","","","","","","","",5.3,1,"","","","","","","","",8,1,8,1,"","","","","","","","","","","","","","","","","","","","","","","","","","","","","","",40,1,"","",71,1,7,1,"","","","","","","","","","","","","","","","","","","","","","","","","","","","","","","","","","","","","","","","","","","","","","","","","","","","","","","","","","","","","","","","","",""
"63263001","PUY-DE-DOME-MN",45.775,2.966667,1461,1965012021,"","","","","","","","","","","","","","","","","","","","","","","","","","","","","","","","","","","","",-2.,1,-2.,1,"","","","","","","","","","","","","","","","","","","","","","","","","","",100,1,"","","","","","","","","","","","",5.3,1,"","","","","","","","","","","","","","","","","","","","","","","","","","","","","","","","","","","","","","","","","","","","","","","","","","","","","","","","","","","","","","","","","","","","","","","","","","","","","","","","","","","","","","","","","","","","","","","","","","","","","","","","","","","","","","","","","","","",""
"63263001","PUY-DE-DOME-MN",45.775,2.966667,1461,1965012100,"","","","","","","","","","","","","","","","","","","","","","","","","","","","","","","","","","","","",-2.2,1,-2.2,1,"","","","","","","","","","","","","","","","","","","","","","","","","","",100,1,"","","","","","","","","","","","",5.2,1,"","","","","","","","","","","","","","","","","","","","","","","","","","","","","","","","","","","","","","","","","","","","","","","","","","","","","","","","","","","","","","","","","","","","","","","","","","","","","","","","","","","","","","","","","","","","","","","","","","","","","","","","","","","","","","","","","","","",""
"63263001","PUY-DE-DOME-MN",45.775,2.966667,1461,1965012103,"","","","","","","","","","","","","","","","","","","","","","","","","","","","","","","","","","","","",-2.5,1,-2.5,1,"","","","","","","","","","","","","","","","","","","","","","","","","","",100,1,"","","","","","","","","","","","",5.1,1,"","","","","","","","","","","","","","","","","","","","","","","","","","","","","","","","","","","","","","","","","","","","","","","","","","","","","","","","","","","","","","","","","","","","","","","","","","","","","","","","","","","","","","","","","","","","","","","","","","","","","","","","","","","","","","","","","","","",""
"63263001","PUY-DE-DOME-MN",45.775,2.966667,1461,1965012106,"","","","",20.,1,290,1,"","","","","","","","","","","","","","","","","","","","","","","","","","","","",-3.6,1,-3.6,1,"","","","","","","","","","","","","","","","","","","","","","","","","","",100,1,"","","","","","","","","","","","",4.7,1,"","","","","","","","",8,1,8,1,"","","","","","","","","","","","","","","","","","","","","","","","","","","","","","",40,1,"","",71,1,7,1,"","",0,1,"","","","","","","","","","","","","","","","","","","","","","","","","","","","","","","","","","","","","","","","","","","","","","","","","","","","","","","","","","","","","",""
"63263001","PUY-DE-DOME-MN",45.775,2.966667,1461,1965012109,"","","","",24.,1,310,1,"","","","","","","","","","","","","","","","","","","","","","","","","","","","",-4.8,1,-4.8,1,"","","","","","","","","","","","","","","","","","","","","","","","","","",100,1,"","","","","","","","","","","","",4.3,1,"","","","","","","","",9,1,"","","","","","","","","","","","","","","","","","","","","","","","","","","","","","","","",40,1,"","",49,1,7,1,"","","","","","","","","","","","","","","","","","","","","","","","","","","","","","","","","","","","","","","","","","","","","","","","","","","","","","","","","","","","","","","","","",""
"63263001","PUY-DE-DOME-MN",45.775,2.966667,1461,1965012112,"","","","",18.,1,310,1,"","","","","","","","","","","","","","","","","","","","","","","","","","","","",-4.6,1,-4.6,1,"","","","","","","","","","","","","","","","","","","","","","","","","","",100,1,"","","","","","","","","","","","",4.3,1,"","","","","","","","",9,1,"","","","","","","","","","","","","","","","","","","","","","","","","","","","","","","","",40,1,"","",49,1,8,1,"","","","","","","","","","","","","","","","","","","","","","","","","","","","","","","","","","","","","","","","","","","","","","","","","","","","","","","","","","","","","","","","","",""
"63263001","PUY-DE-DOME-MN",45.775,2.966667,1461,1965012115,"","","","",15.,1,290,1,"","","","","","","","","","","","","","","","","","","","","","","","","","","","",-5.1,1,-5.1,1,"","","","","","","","","","","","","","","","","","","","","","","","","","",100,1,"","","","","","","","","","","","",4.2,1,"","","","","","","","",9,1,"","","","","","","","","","","","","","","","","","","","","","","","","","","","","","","","",30,1,"","",49,1,4,1,"","","","","","","","","","","","","","","","","","","","","","","","","","","","","","","","","","","","","","","","","","","","","","","","","","","","","","","","","","","","","","","","","",""
"63263001","PUY-DE-DOME-MN",45.775,2.966667,1461,1965012118,"","","","",23.,1,290,1,"","","","","","","","","","","","","","","","","","","","","","","","","","","","",-5.8,1,-5.8,1,"","","","","","","","","","","","","","","","","","","","","","","","","","",100,1,"","","","","","","","","","","","",4.,1,"","","","","","","","",9,1,"","","","","","","","","","","","","","","","","","","","","","","","","","","","","","","","",30,1,"","",49,1,4,1,"","","","","","","","","","","","","","","","","","","","","","","","","","","","","","","","","","","","","","","","","","","","","","","","","","","","","","","","","","","","","","","","","",""
"63263001","PUY-DE-DOME-MN",45.775,2.966667,1461,1965012121,"","","","","","","","","","","","","","","","","","","","","","","","","","","","","","","","","","","","",-6.5,1,-6.5,1,"","","","","","","","","","","","","","","","","","","","","","","","","","",100,1,"","","","","","","","","","","","",3.8,1,"","","","","","","","","","","","","","","","","","","","","","","","","","","","","","","","","","","","","","","","","","","","","","","","","","","","","","","","","","","","","","","","","","","","","","","","","","","","","","","","","","","","","","","","","","","","","","","","","","","","","","","","","","","","","","","","","","","",""
"63263001","PUY-DE-DOME-MN",45.775,2.966667,1461,1965012200,"","","","","","","","","","","","","","","","","","","","","","","","","","","","","","","","","","","","",-4.4,1,-4.4,1,"","","","","","","","","","","","","","","","","","","","","","","","","","",100,1,"","","","","","","","","","","","",4.4,1,"","","","","","","","","","","","","","","","","","","","","","","","","","","","","","","","","","","","","","","","","","","","","","","","","","","","","","","","","","","","","","","","","","","","","","","","","","","","","","","","","","","","","","","","","","","","","","","","","","","","","","","","","","","","","","","","","","","",""
"63263001","PUY-DE-DOME-MN",45.775,2.966667,1461,1965012203,"","","","","","","","","","","","","","","","","","","","","","","","","","","","","","","","","","","","",-2.3,1,-2.3,1,"","","","","","","","","","","","","","","","","","","","","","","","","","",100,1,"","","","","","","","","","","","",5.1,1,"","","","","","","","","","","","","","","","","","","","","","","","","","","","","","","","","","","","","","","","","","","","","","","","","","","","","","","","","","","","","","","","","","","","","","","","","","","","","","","","","","","","","","","","","","","","","","","","","","","","","","","","","","","","","","","","","","","",""
"63263001","PUY-DE-DOME-MN",45.775,2.966667,1461,1965012206,"","","","",25.,1,270,1,"","","","","","","","","","","","","","","","","","","","","","","","","","","","",-2.,1,-2.,1,"","","","","","","","","","","","","","","","","","","","","","","","","","",100,1,"","","","","","","","","","","","",5.3,1,"","","","","","","","",9,1,"","","","","","","","","","","","","","","","","","","","","","","","","","","","","","","","",40,1,"","",49,1,7,1,"","",0,1,"","","","","","","","","","","","","","","","","","","","","","","","","","","","","","","","","","","","","","","","","","","","","","","","","","","","","","","","","","","","","",""
"63263001","PUY-DE-DOME-MN",45.775,2.966667,1461,1965012209,"","","","",20.,1,290,1,"","","","","","","","","","","","","","","","","","","","","","","","","","","","",-2.,1,-2.,1,"","","","","","","","","","","","","","","","","","","","","","","","","","",100,1,"","","","","","","","","","","","",5.3,1,"","","","","","","","",9,1,"","","","","","","","","","","","","","","","","","","","","","","","","","","","","","","","",40,1,"","",49,1,8,1,"","","","","","","","","","","","","","","","","","","","","","","","","","","","","","","","","","","","","","","","","","","","","","","","","","","","","","","","","","","","","","","","","",""
"63263001","PUY-DE-DOME-MN",45.775,2.966667,1461,1965012212,"","","","",13.,1,270,1,"","","","","","","","","","","","","","","","","","","","","","","","","","","","",-1.8,1,-1.8,1,"","","","","","","","","","","","","","","","","","","","","","","","","","",100,1,"","","","","","","","","","","","",5.3,1,"","","","","","","","",9,1,"","","","","","","","","","","","","","","","","","","","","","","","","","","","","","","","",40,1,"","",49,1,8,1,"","","","","","","","","","","","","","","","","","","","","","","","","","","","","","","","","","","","","","","","","","","","","","","","","","","","","","","","","","","","","","","","","",""
"63263001","PUY-DE-DOME-MN",45.775,2.966667,1461,1965012215,"","","","",17.,1,270,1,"","","","","","","","","","","","","","","","","","","","","","","","","","","","",-2.,1,-2.,1,"","","","","","","","","","","","","","","","","","","","","","","","","","",100,1,"","","","","","","","","","","","",5.3,1,"","","","","","","","",9,1,"","","","","","","","","","","","","","","","","","","","","","","","","","","","","","","","",40,1,"","",49,1,4,1,"","","","","","","","","","","","","","","","","","","","","","","","","","","","","","","","","","","","","","","","","","","","","","","","","","","","","","","","","","","","","","","","","",""
"63263001","PUY-DE-DOME-MN",45.775,2.966667,1461,1965012218,"","","","",19.,1,270,1,"","","","","","","","","","","","","","","","","","","","","","","","","","","","",-2.8,1,-2.8,1,"","","","","","","","","","","","","","","","","","","","","","","","","","",100,1,"","","","","","","","","","","","",4.9,1,"","","","","","","","",8,1,8,1,"","","","","","","","","","","","","","","","","","","","","","","","","","","","","","",40,1,"","",71,1,7,1,"","","","","","","","","","","","","","","","","","","","","","","","","","","","","","","","","","","","","","","","","","","","","","","","","","","","","","","","","","","","","","","","","",""
"63263001","PUY-DE-DOME-MN",45.775,2.966667,1461,1965012221,"","","","","","","","","","","","","","","","","","","","","","","","","","","","","","","","","","","","",-3.1,1,-3.1,1,"","","","","","","","","","","","","","","","","","","","","","","","","","",100,1,"","","","","","","","","","","","",4.8,1,"","","","","","","","","","","","","","","","","","","","","","","","","","","","","","","","","","","","","","","","","","","","","","","","","","","","","","","","","","","","","","","","","","","","","","","","","","","","","","","","","","","","","","","","","","","","","","","","","","","","","","","","","","","","","","","","","","","",""
"63263001","PUY-DE-DOME-MN",45.775,2.966667,1461,1965012300,"","","","","","","","","","","","","","","","","","","","","","","","","","","","","","","","","","","","",-3.4,1,-3.4,1,"","","","","","","","","","","","","","","","","","","","","","","","","","",100,1,"","","","","","","","","","","","",4.7,1,"","","","","","","","","","","","","","","","","","","","","","","","","","","","","","","","","","","","","","","","","","","","","","","","","","","","","","","","","","","","","","","","","","","","","","","","","","","","","","","","","","","","","","","","","","","","","","","","","","","","","","","","","","","","","","","","","","","",""
"63263001","PUY-DE-DOME-MN",45.775,2.966667,1461,1965012303,"","","","","","","","","","","","","","","","","","","","","","","","","","","","","","","","","","","","",-3.8,1,-3.8,1,"","","","","","","","","","","","","","","","","","","","","","","","","","",100,1,"","","","","","","","","","","","",4.6,1,"","","","","","","","","","","","","","","","","","","","","","","","","","","","","","","","","","","","","","","","","","","","","","","","","","","","","","","","","","","","","","","","","","","","","","","","","","","","","","","","","","","","","","","","","","","","","","","","","","","","","","","","","","","","","","","","","","","",""
"63263001","PUY-DE-DOME-MN",45.775,2.966667,1461,1965012306,"","","","",21.,1,290,1,"","","","","","","","","","","","","","","","","","","","","","","","","","","","",-3.9,1,-3.9,1,"","","","","","","","","","","","","","","","","","","","","","","","","","",100,1,"","","","","","","","","","","","",4.6,1,"","","","","","","","",9,1,"","","","","","","","","","","","","","","","","","","","","","","","","","","","","","","","",40,1,"","",49,1,4,1,"","",0,1,"","","","","","","","","","","","","","","","","","","","","","","","","","","","","","","","","","","","","","","","","","","","","","","","","","","","","","","","","","","","","",""
"63263001","PUY-DE-DOME-MN",45.775,2.966667,1461,1965012309,"","","","",15.,1,290,1,"","","","","","","","","","","","","","","","","","","","","","","","","","","","",-3.5,1,-3.5,1,"","","","","","","","","","","","","","","","","","","","","","","","","","",100,1,"","","","","","","","","","","","",4.7,1,"","","","","","","","",8,1,8,1,"","","","","","","","","","","","","","","","","","","","","","","","","","","","","","",40,1,"","",85,1,4,1,"","","","","","","","","","","","","","","","","","","","","","","","","","","","","","","","","","","","","","","","","","","","","","","","","","","","","","","","","","","","","","","","","",""
"63263001","PUY-DE-DOME-MN",45.775,2.966667,1461,1965012312,"","","","",15.,1,290,1,"","","","","","","","","","","","","","","","","","","","","","","","","","","","",-2.9,1,-2.9,1,"","","","","","","","","","","","","","","","","","","","","","","","","","",100,1,"","","","","","","","","","","","",4.9,1,"","","","","","","","",9,1,"","","","","","","","","","","","","","","","","","","","","","","","","","","","","","","","",40,1,"","",49,1,8,1,"","","","","","","","","","","","","","","","","","","","","","","","","","","","","","","","","","","","","","","","","","","","","","","","","","","","","","","","","","","","","","","","","",""
"63263001","PUY-DE-DOME-MN",45.775,2.966667,1461,1965012315,"","","","",15.,1,310,1,"","","","","","","","","","","","","","","","","","","","","","","","","","","","",-3.1,1,-3.1,1,"","","","","","","","","","","","","","","","","","","","","","","","","","",100,1,"","","","","","","","","","","","",4.8,1,"","","","","","","","",9,1,"","","","","","","","","","","","","","","","","","","","","","","","","","","","","","","","",100,1,"","",49,1,4,1,"","","","","","","","","","","","","","","","","","","","","","","","","","","","","","","","","","","","","","","","","","","","","","","","","","","","","","","","","","","","","","","","","",""
"63263001","PUY-DE-DOME-MN",45.775,2.966667,1461,1965012318,"","","","",6.,1,350,1,"","","","","","","","","","","","","","","","","","","","","","","","","","","","",-3.5,1,-3.5,1,"","","","","","","","","","","","","","","","","","","","","","","","","","",100,1,"","","","","","","","","","","","",4.7,1,"","","","","","","","",9,1,"","","","","","","","","","","","","","","","","","","","","","","","","","","","","","","","",50,1,"","",49,1,4,1,"","","","","","","","","","","","","","","","","","","","","","","","","","","","","","","","","","","","","","","","","","","","","","","","","","","","","","","","","","","","","","","","","",""
"63263001","PUY-DE-DOME-MN",45.775,2.966667,1461,1965012321,"","","","","","","","","","","","","","","","","","","","","","","","","","","","","","","","","","","","",-3.8,1,-3.8,1,"","","","","","","","","","","","","","","","","","","","","","","","","","",100,1,"","","","","","","","","","","","",4.6,1,"","","","","","","","","","","","","","","","","","","","","","","","","","","","","","","","","","","","","","","","","","","","","","","","","","","","","","","","","","","","","","","","","","","","","","","","","","","","","","","","","","","","","","","","","","","","","","","","","","","","","","","","","","","","","","","","","","","",""
"63263001","PUY-DE-DOME-MN",45.775,2.966667,1461,1965012400,"","","","","","","","","","","","","","","","","","","","","","","","","","","","","","","","","","","","",-4.5,1,-4.9,1,"","","","","","","","","","","","","","","","","","","","","","","","","","",95,1,"","","","","","","","","","","","",4.2,1,"","","","","","","","","","","","","","","","","","","","","","","","","","","","","","","","","","","","","","","","","","","","","","","","","","","","","","","","","","","","","","","","","","","","","","","","","","","","","","","","","","","","","","","","","","","","","","","","","","","","","","","","","","","","","","","","","","","",""
"63263001","PUY-DE-DOME-MN",45.775,2.966667,1461,1965012403,"","","","","","","","","","","","","","","","","","","","","","","","","","","","","","","","","","","","",-4.8,1,-5.2,1,"","","","","","","","","","","","","","","","","","","","","","","","","","",95,1,"","","","","","","","","","","","",4.1,1,"","","","","","","","","","","","","","","","","","","","","","","","","","","","","","","","","","","","","","","","","","","","","","","","","","","","","","","","","","","","","","","","","","","","","","","","","","","","","","","","","","","","","","","","","","","","","","","","","","","","","","","","","","","","","","","","","","","",""
"63263001","PUY-DE-DOME-MN",45.775,2.966667,1461,1965012406,"","","","",0.,1,0,1,"","","","","","","","","","","","","","","","","","","","","","","","","","","","",-5.1,1,-5.5,1,"","","","","","","","","","","","","","","","","","","","","","","","","","",95,1,"","","","","","","","","","","","",4.,1,"","","","","","","","",6,1,6,1,0,1,0,1,2,1,"","","","","","","","","","","","","","","","","","","","","","","","",80000,1,"","",2,1,2,1,"","",0,1,"","","","","","","","","","","","","","","","","","","","","","","","","","","","","","","","","","","","","","","","","","","","","","","","","","","","","","","","","","","","","",""
"63263001","PUY-DE-DOME-MN",45.775,2.966667,1461,1965012409,"","","","",2.,1,70,1,"","","","","","","","","","","","","","","","","","","","","","","","","","","","",-3.3,1,-4.9,1,"","","","","","","","","","","","","","","","","","","","","","","","","","",88,1,"","","","","","","","","","","","",4.2,1,"","","","","","","","",6,1,6,1,0,1,0,1,2,1,"","","","","","","","","","","","","","","","","","","","","","","","",90000,1,"","",2,1,2,1,"","","","","","","","","","","","","","","","","","","","","","","","","","","","","","","","","","","","","","","","","","","","","","","","","","","","","","","","","","","","","","","","","",""
"63263001","PUY-DE-DOME-MN",45.775,2.966667,1461,1965012412,"","","","",0.,1,0,1,"","","","","","","","","","","","","","","","","","","","","","","","","","","","",-0.5,1,-4.9,1,"","","","","","","","","","","","","","","","","","","","","","","","","","",72,1,"","","","","","","","","","","","",4.2,1,"","","","","","","","",5,1,5,1,0,1,0,1,2,1,"","","","","","","","","","","","","","","","","","","","","","","","",90000,1,"","",1,1,2,1,"","","","","","","","","","","","","","","","","","","","","","","","","","","","","","","","","","","","","","","","","","","","","","","","","","","","","","","","","","","","","","","","","",""
"63263001","PUY-DE-DOME-MN",45.775,2.966667,1461,1965012415,"","","","",0.,1,0,1,"","","","","","","","","","","","","","","","","","","","","","","","","","","","",-0.4,1,-1.4,1,"","","","","","","","","","","","","","","","","","","","","","","","","","",93,1,"","","","","","","","","","","","",5.5,1,"","","","","","","","",5,1,5,1,0,1,0,1,2,1,"","","","","","","","","","","","","","","","","","","","","","","","",90000,1,"","",2,1,2,1,"","","","","","","","","","","","","","","","","","","","","","","","","","","","","","","","","","","","","","","","","","","","","","","","","","","","","","","","","","","","","","","","","",""
"63263001","PUY-DE-DOME-MN",45.775,2.966667,1461,1965012418,"","","","",0.,1,0,1,"","","","","","","","","","","","","","","","","","","","","","","","","","","","",-1.1,1,-3.7,1,"","","","","","","","","","","","","","","","","","","","","","","","","","",83,1,"","","","","","","","","","","","",4.6,1,"","","","","","","","",6,1,6,1,0,1,0,1,2,1,"","","","","","","","","","","","","","","","","","","","","","","","",90000,1,"","",2,1,2,1,"","","","","","","","","","","","","","","","","","","","","","","","","","","","","","","","","","","","","","","","","","","","","","","","","","","","","","","","","","","","","","","","","",""
"63263001","PUY-DE-DOME-MN",45.775,2.966667,1461,1965012421,"","","","","","","","","","","","","","","","","","","","","","","","","","","","","","","","","","","","",-2.,1,-4.,1,"","","","","","","","","","","","","","","","","","","","","","","","","","",85,1,"","","","","","","","","","","","",4.5,1,"","","","","","","","","","","","","","","","","","","","","","","","","","","","","","","","","","","","","","","","","","","","","","","","","","","","","","","","","","","","","","","","","","","","","","","","","","","","","","","","","","","","","","","","","","","","","","","","","","","","","","","","","","","","","","","","","","","",""
"63263001","PUY-DE-DOME-MN",45.775,2.966667,1461,1965012500,"","","","","","","","","","","","","","","","","","","","","","","","","","","","","","","","","","","","",-2.4,1,-5.2,1,"","","","","","","","","","","","","","","","","","","","","","","","","","",81,1,"","","","","","","","","","","","",4.1,1,"","","","","","","","","","","","","","","","","","","","","","","","","","","","","","","","","","","","","","","","","","","","","","","","","","","","","","","","","","","","","","","","","","","","","","","","","","","","","","","","","","","","","","","","","","","","","","","","","","","","","","","","","","","","","","","","","","","",""
"63263001","PUY-DE-DOME-MN",45.775,2.966667,1461,1965012503,"","","","","","","","","","","","","","","","","","","","","","","","","","","","","","","","","","","","",-2.2,1,-4.9,1,"","","","","","","","","","","","","","","","","","","","","","","","","","",80,1,"","","","","","","","","","","","",4.2,1,"","","","","","","","","","","","","","","","","","","","","","","","","","","","","","","","","","","","","","","","","","","","","","","","","","","","","","","","","","","","","","","","","","","","","","","","","","","","","","","","","","","","","","","","","","","","","","","","","","","","","","","","","","","","","","","","","","","",""
"63263001","PUY-DE-DOME-MN",45.775,2.966667,1461,1965012506,"","","","",0.,1,0,1,"","","","","","","","","","","","","","","","","","","","","","","","","","","","",-2.2,1,-6.5,1,"","","","","","","","","","","","","","","","","","","","","","","","","","",71,1,"","","","","","","","","","","","",3.7,1,"","","","","","","","",7,1,5,1,0,1,3,1,2,1,"","","","","","","","","","","","","","","","","","","","","","","","",99990,1,"","",2,1,2,1,"","",0,1,"","","","","","","","","","","","","","","","","","","","","","","","","","","","","","","","","","","","","","","","","","","","","","","","","","","","","","","","","","","","","",""
"63263001","PUY-DE-DOME-MN",45.775,2.966667,1461,1965012509,"","","","",2.,1,50,1,"","","","","","","","","","","","","","","","","","","","","","","","","","","","",-1.2,1,-6.5,1,"","","","","","","","","","","","","","","","","","","","","","","","","","",67,1,"","","","","","","","","","","","",3.7,1,"","","","","","","","",4,1,0,1,0,1,3,1,0,1,"","","","","","","","","","","","","","","","","","","","","","","","",99990,1,"","",2,1,1,1,"","","","","","","","","","","","","","","","","","","","","","","","","","","","","","","","","","","","","","","","","","","","","","","","","","","","","","","","","","","","","","","","","",""
"63263001","PUY-DE-DOME-MN",45.775,2.966667,1461,1965012512,"","","","",8.,1,90,1,"","","","","","","","","","","","","","","","","","","","","","","","","","","","",-2.6,1,-4.3,1,"","","","","","","","","","","","","","","","","","","","","","","","","","",89,1,"","","","","","","","","","","","",4.4,1,"","","","","","","","",7,1,7,1,0,1,3,1,0,1,"","","","","","","","","","","","","","","","","","","","","","","","",99990,1,"","",2,1,1,1,"","","","","","","","","","","","","","","","","","","","","","","","","","","","","","","","","","","","","","","","","","","","","","","","","","","","","","","","","","","","","","","","","",""
"63263001","PUY-DE-DOME-MN",45.775,2.966667,1461,1965012515,"","","","",10.,1,90,1,"","","","","","","","","","","","","","","","","","","","","","","","","","","","",-0.9,1,-0.9,1,"","","","","","","","","","","","","","","","","","","","","","","","","","",100,1,"","","","","","","","","","","","",5.7,1,"","","","","","","","",9,1,"","","","","","","","","","","","","","","","","","","","","","","","","","","","","","","","",60,1,"","",47,1,2,1,"","","","","","","","","","","","","","","","","","","","","","","","","","","","","","","","","","","","","","","","","","","","","","","","","","","","","","","","","","","","","","","","","",""
"63263001","PUY-DE-DOME-MN",45.775,2.966667,1461,1965012518,"","","","",11.,1,70,1,"","","","","","","","","","","","","","","","","","","","","","","","","","","","",-0.3,1,-0.3,1,"","","","","","","","","","","","","","","","","","","","","","","","","","",100,1,"","","","","","","","","","","","",6.,1,"","","","","","","","",9,1,"","","","","","","","","","","","","","","","","","","","","","","","","","","","","","","","",50,1,"","",49,1,4,1,"","","","","","","","","","","","","","","","","","","","","","","","","","","","","","","","","","","","","","","","","","","","","","","","","","","","","","","","","","","","","","","","","",""
"63263001","PUY-DE-DOME-MN",45.775,2.966667,1461,1965012521,"","","","","","","","","","","","","","","","","","","","","","","","","","","","","","","","","","","","",-1.,1,-1.,1,"","","","","","","","","","","","","","","","","","","","","","","","","","",100,1,"","","","","","","","","","","","",5.7,1,"","","","","","","","","","","","","","","","","","","","","","","","","","","","","","","","","","","","","","","","","","","","","","","","","","","","","","","","","","","","","","","","","","","","","","","","","","","","","","","","","","","","","","","","","","","","","","","","","","","","","","","","","","","","","","","","","","","",""
"63263001","PUY-DE-DOME-MN",45.775,2.966667,1461,1965012600,"","","","","","","","","","","","","","","","","","","","","","","","","","","","","","","","","","","","",-1.8,1,-1.8,1,"","","","","","","","","","","","","","","","","","","","","","","","","","",100,1,"","","","","","","","","","","","",5.3,1,"","","","","","","","","","","","","","","","","","","","","","","","","","","","","","","","","","","","","","","","","","","","","","","","","","","","","","","","","","","","","","","","","","","","","","","","","","","","","","","","","","","","","","","","","","","","","","","","","","","","","","","","","","","","","","","","","","","",""
"63263001","PUY-DE-DOME-MN",45.775,2.966667,1461,1965012603,"","","","","","","","","","","","","","","","","","","","","","","","","","","","","","","","","","","","",-2.5,1,-2.5,1,"","","","","","","","","","","","","","","","","","","","","","","","","","",100,1,"","","","","","","","","","","","",5.1,1,"","","","","","","","","","","","","","","","","","","","","","","","","","","","","","","","","","","","","","","","","","","","","","","","","","","","","","","","","","","","","","","","","","","","","","","","","","","","","","","","","","","","","","","","","","","","","","","","","","","","","","","","","","","","","","","","","","","",""
"63263001","PUY-DE-DOME-MN",45.775,2.966667,1461,1965012606,"","","","",5.,1,50,1,"","","","","","","","","","","","","","","","","","","","","","","","","","","","",-2.9,1,-2.9,1,"","","","","","","","","","","","","","","","","","","","","","","","","","",100,1,"","","","","","","","","","","","",4.9,1,"","","","","","","","",9,1,"","","","","","","","","","","","","","","","","","","","","","","","","","","","","","","","",40,1,"","",49,1,4,1,"","",0,1,"","","","","","","","","","","","","","","","","","","","","","","","","","","","","","","","","","","","","","","","","","","","","","","","","","","","","","","","","","","","","",""
"63263001","PUY-DE-DOME-MN",45.775,2.966667,1461,1965012609,"","","","",4.,1,350,1,"","","","","","","","","","","","","","","","","","","","","","","","","","","","",-4.,1,-4.3,1,"","","","","","","","","","","","","","","","","","","","","","","","","","",96,1,"","","","","","","","","","","","",4.4,1,"","","","","","","","",6,1,6,1,0,1,3,1,0,1,"","","","","","","","","","","","","","","","","","","","","","","","",30000,1,"","",28,1,4,1,"","","","","","","","","","","","","","","","","","","","","","","","","","","","","","","","","","","","","","","","","","","","","","","","","","","","","","","","","","","","","","","","","",""
"63263001","PUY-DE-DOME-MN",45.775,2.966667,1461,1965012612,"","","","",3.,1,270,1,"","","","","","","","","","","","","","","","","","","","","","","","","","","","",-2.7,1,-2.7,1,"","","","","","","","","","","","","","","","","","","","","","","","","","",100,1,"","","","","","","","","","","","",5.,1,"","","","","","","","",9,1,"","","","","","","","","","","","","","","","","","","","","","","","","","","","","","","","",60,1,"","",49,1,4,1,"","","","","","","","","","","","","","","","","","","","","","","","","","","","","","","","","","","","","","","","","","","","","","","","","","","","","","","","","","","","","","","","","",""
"63263001","PUY-DE-DOME-MN",45.775,2.966667,1461,1965012615,"","","","",0.,1,0,1,"","","","","","","","","","","","","","","","","","","","","","","","","","","","",-3.7,1,-3.7,1,"","","","","","","","","","","","","","","","","","","","","","","","","","",100,1,"","","","","","","","","","","","",4.6,1,"","","","","","","","",9,1,"","","","","","","","","","","","","","","","","","","","","","","","","","","","","","","","",60,1,"","",49,1,7,1,"","","","","","","","","","","","","","","","","","","","","","","","","","","","","","","","","","","","","","","","","","","","","","","","","","","","","","","","","","","","","","","","","",""
"63263001","PUY-DE-DOME-MN",45.775,2.966667,1461,1965012618,"","","","",0.,1,0,1,"","","","","","","","","","","","","","","","","","","","","","","","","","","","",-5.,1,-5.,1,"","","","","","","","","","","","","","","","","","","","","","","","","","",100,1,"","","","","","","","","","","","",4.2,1,"","","","","","","","",9,1,"","","","","","","","","","","","","","","","","","","","","","","","","","","","","","","","",60,1,"","",49,1,7,1,"","","","","","","","","","","","","","","","","","","","","","","","","","","","","","","","","","","","","","","","","","","","","","","","","","","","","","","","","","","","","","","","","",""
"63263001","PUY-DE-DOME-MN",45.775,2.966667,1461,1965012621,"","","","","","","","","","","","","","","","","","","","","","","","","","","","","","","","","","","","",-6.2,1,-6.2,1,"","","","","","","","","","","","","","","","","","","","","","","","","","",100,1,"","","","","","","","","","","","",3.8,1,"","","","","","","","","","","","","","","","","","","","","","","","","","","","","","","","","","","","","","","","","","","","","","","","","","","","","","","","","","","","","","","","","","","","","","","","","","","","","","","","","","","","","","","","","","","","","","","","","","","","","","","","","","","","","","","","","","","",""
"63263001","PUY-DE-DOME-MN",45.775,2.966667,1461,1965012700,"","","","","","","","","","","","","","","","","","","","","","","","","","","","","","","","","","","","",-6.2,1,-6.2,1,"","","","","","","","","","","","","","","","","","","","","","","","","","",100,1,"","","","","","","","","","","","",3.8,1,"","","","","","","","","","","","","","","","","","","","","","","","","","","","","","","","","","","","","","","","","","","","","","","","","","","","","","","","","","","","","","","","","","","","","","","","","","","","","","","","","","","","","","","","","","","","","","","","","","","","","","","","","","","","","","","","","","","",""
"63263001","PUY-DE-DOME-MN",45.775,2.966667,1461,1965012703,"","","","","","","","","","","","","","","","","","","","","","","","","","","","","","","","","","","","",-5.5,1,-5.5,1,"","","","","","","","","","","","","","","","","","","","","","","","","","",100,1,"","","","","","","","","","","","",4.,1,"","","","","","","","","","","","","","","","","","","","","","","","","","","","","","","","","","","","","","","","","","","","","","","","","","","","","","","","","","","","","","","","","","","","","","","","","","","","","","","","","","","","","","","","","","","","","","","","","","","","","","","","","","","","","","","","","","","",""
"63263001","PUY-DE-DOME-MN",45.775,2.966667,1461,1965012706,"","","","",6.,1,270,1,"","","","","","","","","","","","","","","","","","","","","","","","","","","","",-3.5,1,-3.5,1,"","","","","","","","","","","","","","","","","","","","","","","","","","",100,1,"","","","","","","","","","","","",4.7,1,"","","","","","","","",9,1,"","","","","","","","","","","","","","","","","","","","","","","","","","","","","","","","",40,1,"","",49,1,4,1,"","",0,1,"","","","","","","","","","","","","","","","","","","","","","","","","","","","","","","","","","","","","","","","","","","","","","","","","","","","","","","","","","","","","",""
"63263001","PUY-DE-DOME-MN",45.775,2.966667,1461,1965012709,"","","","",8.,1,210,1,"","","","","","","","","","","","","","","","","","","","","","","","","","","","",-3.3,1,-3.3,1,"","","","","","","","","","","","","","","","","","","","","","","","","","",100,1,"","","","","","","","","","","","",4.8,1,"","","","","","","","",9,1,"","","","","","","","","","","","","","","","","","","","","","","","","","","","","","","","",100,1,"","",49,1,4,1,"","","","","","","","","","","","","","","","","","","","","","","","","","","","","","","","","","","","","","","","","","","","","","","","","","","","","","","","","","","","","","","","","",""
"63263001","PUY-DE-DOME-MN",45.775,2.966667,1461,1965012712,"","","","",4.,1,250,1,"","","","","","","","","","","","","","","","","","","","","","","","","","","","",-1.3,1,-1.3,1,"","","","","","","","","","","","","","","","","","","","","","","","","","",100,1,"","","","","","","","","","","","",5.5,1,"","","","","","","","",9,1,"","","","","","","","","","","","","","","","","","","","","","","","","","","","","","","","",100,1,"","",49,1,4,1,"","","","","","","","","","","","","","","","","","","","","","","","","","","","","","","","","","","","","","","","","","","","","","","","","","","","","","","","","","","","","","","","","",""
"63263001","PUY-DE-DOME-MN",45.775,2.966667,1461,1965012715,"","","","",11.,1,210,1,"","","","","","","","","","","","","","","","","","","","","","","","","","","","",-2.2,1,-2.2,1,"","","","","","","","","","","","","","","","","","","","","","","","","","",100,1,"","","","","","","","","","","","",5.2,1,"","","","","","","","",9,1,"","","","","","","","","","","","","","","","","","","","","","","","","","","","","","","","",100,1,"","",49,1,4,1,"","","","","","","","","","","","","","","","","","","","","","","","","","","","","","","","","","","","","","","","","","","","","","","","","","","","","","","","","","","","","","","","","",""
"63263001","PUY-DE-DOME-MN",45.775,2.966667,1461,1965012718,"","","","",18.,1,210,1,"","","","","","","","","","","","","","","","","","","","","","","","","","","","",-2.6,1,-2.6,1,"","","","","","","","","","","","","","","","","","","","","","","","","","",100,1,"","","","","","","","","","","","",5.,1,"","","","","","","","",9,1,"","","","","","","","","","","","","","","","","","","","","","","","","","","","","","","","",40,1,"","",49,1,4,1,"","","","","","","","","","","","","","","","","","","","","","","","","","","","","","","","","","","","","","","","","","","","","","","","","","","","","","","","","","","","","","","","","",""
"63263001","PUY-DE-DOME-MN",45.775,2.966667,1461,1965012721,"","","","","","","","","","","","","","","","","","","","","","","","","","","","","","","","","","","","",-2.8,1,-2.8,1,"","","","","","","","","","","","","","","","","","","","","","","","","","",100,1,"","","","","","","","","","","","",4.9,1,"","","","","","","","","","","","","","","","","","","","","","","","","","","","","","","","","","","","","","","","","","","","","","","","","","","","","","","","","","","","","","","","","","","","","","","","","","","","","","","","","","","","","","","","","","","","","","","","","","","","","","","","","","","","","","","","","","","",""
"63263001","PUY-DE-DOME-MN",45.775,2.966667,1461,1965012800,"","","","","","","","","","","","","","","","","","","","","","","","","","","","","","","","","","","","",-1.8,1,-1.8,1,"","","","","","","","","","","","","","","","","","","","","","","","","","",100,1,"","","","","","","","","","","","",5.3,1,"","","","","","","","","","","","","","","","","","","","","","","","","","","","","","","","","","","","","","","","","","","","","","","","","","","","","","","","","","","","","","","","","","","","","","","","","","","","","","","","","","","","","","","","","","","","","","","","","","","","","","","","","","","","","","","","","","","",""
"63263001","PUY-DE-DOME-MN",45.775,2.966667,1461,1965012803,"","","","","","","","","","","","","","","","","","","","","","","","","","","","","","","","","","","","",-1.8,1,-1.8,1,"","","","","","","","","","","","","","","","","","","","","","","","","","",100,1,"","","","","","","","","","","","",5.3,1,"","","","","","","","","","","","","","","","","","","","","","","","","","","","","","","","","","","","","","","","","","","","","","","","","","","","","","","","","","","","","","","","","","","","","","","","","","","","","","","","","","","","","","","","","","","","","","","","","","","","","","","","","","","","","","","","","","","",""
"63263001","PUY-DE-DOME-MN",45.775,2.966667,1461,1965012806,"","","","",21.,1,170,1,"","","","","","","","","","","","","","","","","","","","","","","","","","","","",-1.,1,-1.6,1,"","","","","","","","","","","","","","","","","","","","","","","","","","",95,1,"","","","","","","","","","","","",5.4,1,"","","","","","","","",7,1,7,1,0,1,4,1,2,1,"","","","","","","","","","","","","","","","","","","","","","","","",80000,1,"","",2,1,4,1,"","",0,1,"","","","","","","","","","","","","","","","","","","","","","","","","","","","","","","","","","","","","","","","","","","","","","","","","","","","","","","","","","","","","",""
"63263001","PUY-DE-DOME-MN",45.775,2.966667,1461,1965012809,"","","","",16.,1,170,1,"","","","","","","","","","","","","","","","","","","","","","","","","","","","",-1.,1,-1.6,1,"","","","","","","","","","","","","","","","","","","","","","","","","","",95,1,"","","","","","","","","","","","",5.4,1,"","","","","","","","",7,1,6,1,0,1,4,1,2,1,"","","","","","","","","","","","","","","","","","","","","","","","",60000,1,"","",3,1,2,1,"","","","","","","","","","","","","","","","","","","","","","","","","","","","","","","","","","","","","","","","","","","","","","","","","","","","","","","","","","","","","","","","","",""
"63263001","PUY-DE-DOME-MN",45.775,2.966667,1461,1965012812,"","","","",15.,1,150,1,"","","","","","","","","","","","","","","","","","","","","","","","","","","","",-1.,1,-1.,1,"","","","","","","","","","","","","","","","","","","","","","","","","","",100,1,"","","","","","","","","","","","",5.7,1,"","","","","","","","",8,1,8,1,"","","","","","","","","","","","","","","","","","","","","","","","","","","","","","",100,1,"","",41,1,4,1,"","","","","","","","","","","","","","","","","","","","","","","","","","","","","","","","","","","","","","","","","","","","","","","","","","","","","","","","","","","","","","","","","",""
"63263001","PUY-DE-DOME-MN",45.775,2.966667,1461,1965012815,"","","","",15.,1,150,1,"","","","","","","","","","","","","","","","","","","","","","","","","","","","",-1.3,1,-1.3,1,"","","","","","","","","","","","","","","","","","","","","","","","","","",100,1,"","","","","","","","","","","","",5.5,1,"","","","","","","","",8,1,8,1,"","","","","","","","","","","","","","","","","","","","","","","","","","","","","","",100,1,"","",71,1,7,1,"","","","","","","","","","","","","","","","","","","","","","","","","","","","","","","","","","","","","","","","","","","","","","","","","","","","","","","","","","","","","","","","","",""
"63263001","PUY-DE-DOME-MN",45.775,2.966667,1461,1965012818,"","","","",8.,1,150,1,"","","","","","","","","","","","","","","","","","","","","","","","","","","","",-0.8,1,-0.8,1,"","","","","","","","","","","","","","","","","","","","","","","","","","",100,1,"","","","","","","","","","","","",5.8,1,"","","","","","","","",9,1,"","","","","","","","","","","","","","","","","","","","","","","","","","","","","","","","",50,1,"","",49,1,7,1,"","","","","","","","","","","","","","","","","","","","","","","","","","","","","","","","","","","","","","","","","","","","","","","","","","","","","","","","","","","","","","","","","",""
"63263001","PUY-DE-DOME-MN",45.775,2.966667,1461,1965012821,"","","","","","","","","","","","","","","","","","","","","","","","","","","","","","","","","","","","",-0.7,1,-0.7,1,"","","","","","","","","","","","","","","","","","","","","","","","","","",100,1,"","","","","","","","","","","","",5.8,1,"","","","","","","","","","","","","","","","","","","","","","","","","","","","","","","","","","","","","","","","","","","","","","","","","","","","","","","","","","","","","","","","","","","","","","","","","","","","","","","","","","","","","","","","","","","","","","","","","","","","","","","","","","","","","","","","","","","",""
"63263001","PUY-DE-DOME-MN",45.775,2.966667,1461,1965012900,"","","","","","","","","","","","","","","","","","","","","","","","","","","","","","","","","","","","",-1.2,1,-1.2,1,"","","","","","","","","","","","","","","","","","","","","","","","","","",99,1,"","","","","","","","","","","","",5.5,1,"","","","","","","","","","","","","","","","","","","","","","","","","","","","","","","","","","","","","","","","","","","","","","","","","","","","","","","","","","","","","","","","","","","","","","","","","","","","","","","","","","","","","","","","","","","","","","","","","","","","","","","","","","","","","","","","","","","",""
"63263001","PUY-DE-DOME-MN",45.775,2.966667,1461,1965012903,"","","","","","","","","","","","","","","","","","","","","","","","","","","","","","","","","","","","",-0.7,1,-0.7,1,"","","","","","","","","","","","","","","","","","","","","","","","","","",99,1,"","","","","","","","","","","","",5.8,1,"","","","","","","","","","","","","","","","","","","","","","","","","","","","","","","","","","","","","","","","","","","","","","","","","","","","","","","","","","","","","","","","","","","","","","","","","","","","","","","","","","","","","","","","","","","","","","","","","","","","","","","","","","","","","","","","","","","",""
"63263001","PUY-DE-DOME-MN",45.775,2.966667,1461,1965012906,"","","","",13.,1,170,1,"","","","","","","","","","","","","","","","","","","","","","","","","","","","",-0.9,1,-0.9,1,"","","","","","","","","","","","","","","","","","","","","","","","","","",99,1,"","","","","","","","","","","","",5.7,1,"","","","","","","","",2,1,0,1,5,1,0,1,2,1,"","","","","","","","","","","","","","","","","","","","","","","","",80000,1,"","",2,1,0,1,"","",0,1,"","","","","","","","","","","","","","","","","","","","","","","","","","","","","","","","","","","","","","","","","","","","","","","","","","","","","","","","","","","","","",""
"63263001","PUY-DE-DOME-MN",45.775,2.966667,1461,1965012909,"","","","",20.,1,170,1,"","","","","","","","","","","","","","","","","","","","","","","","","","","","",0.,1,-0.2,1,"","","","","","","","","","","","","","","","","","","","","","","","","","",98,1,"","","","","","","","","","","","",6.,1,"","","","","","","","",6,1,6,1,5,1,0,1,4,1,"","","","","","","","","","","","","","","","","","","","","","","","",40000,1,"","",3,1,1,1,"","","","","","","","","","","","","","","","","","","","","","","","","","","","","","","","","","","","","","","","","","","","","","","","","","","","","","","","","","","","","","","","","",""
"63263001","PUY-DE-DOME-MN",45.775,2.966667,1461,1965012912,"","","","",19.,1,170,1,"","","","","","","","","","","","","","","","","","","","","","","","","","","","",1.2,1,0.2,1,"","","","","","","","","","","","","","","","","","","","","","","","","","",94,1,"","","","","","","","","","","","",6.2,1,"","","","","","","","",7,1,7,1,5,1,4,1,2,1,"","","","","","","","","","","","","","","","","","","","","","","","",40000,1,"","",3,1,1,1,"","","","","","","","","","","","","","","","","","","","","","","","","","","","","","","","","","","","","","","","","","","","","","","","","","","","","","","","","","","","","","","","","",""
"63263001","PUY-DE-DOME-MN",45.775,2.966667,1461,1965012915,"","","","",22.,1,170,1,"","","","","","","","","","","","","","","","","","","","","","","","","","","","",1.5,1,0.4,1,"","","","","","","","","","","","","","","","","","","","","","","","","","",93,1,"","","","","","","","","","","","",6.3,1,"","","","","","","","",8,1,6,1,5,1,7,1,"","","","","","","","","","","","","","","","","","","","","","","","","","",40000,1,"","",2,1,2,1,"","","","","","","","","","","","","","","","","","","","","","","","","","","","","","","","","","","","","","","","","","","","","","","","","","","","","","","","","","","","","","","","","",""
"63263001","PUY-DE-DOME-MN",45.775,2.966667,1461,1965012918,"","","","",26.,1,170,1,"","","","","","","","","","","","","","","","","","","","","","","","","","","","",1.8,1,0.4,1,"","","","","","","","","","","","","","","","","","","","","","","","","","",91,1,"","","","","","","","","","","","",6.3,1,"","","","","","","","",8,1,6,1,5,1,7,1,"","","","","","","","","","","","","","","","","","","","","","","","","","",40000,1,"","",2,1,2,1,"","","","","","","","","","","","","","","","","","","","","","","","","","","","","","","","","","","","","","","","","","","","","","","","","","","","","","","","","","","","","","","","","",""
"63263001","PUY-DE-DOME-MN",45.775,2.966667,1461,1965012921,"","","","","","","","","","","","","","","","","","","","","","","","","","","","","","","","","","","","",1.8,1,0.6,1,"","","","","","","","","","","","","","","","","","","","","","","","","","",93,1,"","","","","","","","","","","","",6.4,1,"","","","","","","","","","","","","","","","","","","","","","","","","","","","","","","","","","","","","","","","","","","","","","","","","","","","","","","","","","","","","","","","","","","","","","","","","","","","","","","","","","","","","","","","","","","","","","","","","","","","","","","","","","","","","","","","","","","",""
"63263001","PUY-DE-DOME-MN",45.775,2.966667,1461,1965013000,"","","","","","","","","","","","","","","","","","","","","","","","","","","","","","","","","","","","",2.5,1,1.6,1,"","","","","","","","","","","","","","","","","","","","","","","","","","",94,1,"","","","","","","","","","","","",6.9,1,"","","","","","","","","","","","","","","","","","","","","","","","","","","","","","","","","","","","","","","","","","","","","","","","","","","","","","","","","","","","","","","","","","","","","","","","","","","","","","","","","","","","","","","","","","","","","","","","","","","","","","","","","","","","","","","","","","","",""
"63263001","PUY-DE-DOME-MN",45.775,2.966667,1461,1965013003,"","","","","","","","","","","","","","","","","","","","","","","","","","","","","","","","","","","","",2.8,1,1.8,1,"","","","","","","","","","","","","","","","","","","","","","","","","","",93,1,"","","","","","","","","","","","",7.,1,"","","","","","","","","","","","","","","","","","","","","","","","","","","","","","","","","","","","","","","","","","","","","","","","","","","","","","","","","","","","","","","","","","","","","","","","","","","","","","","","","","","","","","","","","","","","","","","","","","","","","","","","","","","","","","","","","","","",""
"63263001","PUY-DE-DOME-MN",45.775,2.966667,1461,1965013006,"","","","",17.,1,170,1,"","","","","","","","","","","","","","","","","","","","","","","","","","","","",2.8,1,1.4,1,"","","","","","","","","","","","","","","","","","","","","","","","","","",91,1,"","","","","","","","","","","","",6.8,1,"","","","","","","","",7,1,5,1,5,1,3,1,2,1,"","","","","","","","","","","","","","","","","","","","","","","","",40000,1,"","",2,1,2,1,"","",0,1,"","","","","","","","","","","","","","","","","","","","","","","","","","","","","","","","","","","","","","","","","","","","","","","","","","","","","","","","","","","","","",""
"63263001","PUY-DE-DOME-MN",45.775,2.966667,1461,1965013009,"","","","",16.,1,170,1,"","","","","","","","","","","","","","","","","","","","","","","","","","","","",3.8,1,1.2,1,"","","","","","","","","","","","","","","","","","","","","","","","","","",84,1,"","","","","","","","","","","","",6.7,1,"","","","","","","","",7,1,5,1,5,1,4,1,2,1,"","","","","","","","","","","","","","","","","","","","","","","","",40000,1,"","",2,1,2,1,"","","","","","","","","","","","","","","","","","","","","","","","","","","","","","","","","","","","","","","","","","","","","","","","","","","","","","","","","","","","","","","","","",""
"63263001","PUY-DE-DOME-MN",45.775,2.966667,1461,1965013012,"","","","",12.,1,230,1,"","","","","","","","","","","","","","","","","","","","","","","","","","","","",6.1,1,1.2,1,"","","","","","","","","","","","","","","","","","","","","","","","","","",71,1,"","","","","","","","","","","","",6.7,1,"","","","","","","","",7,1,7,1,5,1,4,1,2,1,"","","","","","","","","","","","","","","","","","","","","","","","",50000,1,"","",1,1,2,1,"","","","","","","","","","","","","","","","","","","","","","","","","","","","","","","","","","","","","","","","","","","","","","","","","","","","","","","","","","","","","","","","","",""
"63263001","PUY-DE-DOME-MN",45.775,2.966667,1461,1965013015,"","","","",13.,1,230,1,"","","","","","","","","","","","","","","","","","","","","","","","","","","","",4.,1,2.6,1,"","","","","","","","","","","","","","","","","","","","","","","","","","",91,1,"","","","","","","","","","","","",7.4,1,"","","","","","","","",8,1,8,1,5,1,7,1,"","","","","","","","","","","","","","","","","","","","","","","","","","",50000,1,"","",3,1,2,1,"","","","","","","","","","","","","","","","","","","","","","","","","","","","","","","","","","","","","","","","","","","","","","","","","","","","","","","","","","","","","","","","","",""
"63263001","PUY-DE-DOME-MN",45.775,2.966667,1461,1965013018,"","","","",22.,1,210,1,"","","","","","","","","","","","","","","","","","","","","","","","","","","","",3.3,1,2.2,1,"","","","","","","","","","","","","","","","","","","","","","","","","","",94,1,"","","","","","","","","","","","",7.2,1,"","","","","","","","",8,1,8,1,0,1,7,1,"","","","","","","","","","","","","","","","","","","","","","","","","","",30000,1,"","",3,1,2,1,"","","","","","","","","","","","","","","","","","","","","","","","","","","","","","","","","","","","","","","","","","","","","","","","","","","","","","","","","","","","","","","","","",""
"63263001","PUY-DE-DOME-MN",45.775,2.966667,1461,1965013021,"","","","","","","","","","","","","","","","","","","","","","","","","","","","","","","","","","","","",2.8,1,2.4,1,"","","","","","","","","","","","","","","","","","","","","","","","","","",97,1,"","","","","","","","","","","","",7.3,1,"","","","","","","","","","","","","","","","","","","","","","","","","","","","","","","","","","","","","","","","","","","","","","","","","","","","","","","","","","","","","","","","","","","","","","","","","","","","","","","","","","","","","","","","","","","","","","","","","","","","","","","","","","","","","","","","","","","",""
"63263001","PUY-DE-DOME-MN",45.775,2.966667,1461,1965013100,"","","","","","","","","","","","","","","","","","","","","","","","","","","","","","","","","","","","",3.3,1,2.2,1,"","","","","","","","","","","","","","","","","","","","","","","","","","",94,1,"","","","","","","","","","","","",7.2,1,"","","","","","","","","","","","","","","","","","","","","","","","","","","","","","","","","","","","","","","","","","","","","","","","","","","","","","","","","","","","","","","","","","","","","","","","","","","","","","","","","","","","","","","","","","","","","","","","","","","","","","","","","","","","","","","","","","","",""
"63263001","PUY-DE-DOME-MN",45.775,2.966667,1461,1965013103,"","","","","","","","","","","","","","","","","","","","","","","","","","","","","","","","","","","","",3.8,1,2.8,1,"","","","","","","","","","","","","","","","","","","","","","","","","","",94,1,"","","","","","","","","","","","",7.5,1,"","","","","","","","","","","","","","","","","","","","","","","","","","","","","","","","","","","","","","","","","","","","","","","","","","","","","","","","","","","","","","","","","","","","","","","","","","","","","","","","","","","","","","","","","","","","","","","","","","","","","","","","","","","","","","","","","","","",""
"63263001","PUY-DE-DOME-MN",45.775,2.966667,1461,1965013106,"","","","",14.,1,250,1,"","","","","","","","","","","","","","","","","","","","","","","","","","","","",5.,1,2.6,1,"","","","","","","","","","","","","","","","","","","","","","","","","","",85,1,"","","","","","","","","","","","",7.4,1,"","","","","","","","",7,1,7,1,5,1,7,1,"","","","","","","","","","","","","","","","","","","","","","","","","","",80000,1,"","",1,1,6,1,"","",0,1,"","","","","","","","","","","","","","","","","","","","","","","","","","","","","","","","","","","","","","","","","","","","","","","","","","","","","","","","","","","","","",""
"63263001","PUY-DE-DOME-MN",45.775,2.966667,1461,1965013109,"","","","",16.,1,270,1,"","","","","","","","","","","","","","","","","","","","","","","","","","","","",0.2,1,0.2,1,"","","","","","","","","","","","","","","","","","","","","","","","","","",100,1,"","","","","","","","","","","","",6.2,1,"","","","","","","","",8,1,8,1,"","","","","","","","","","","","","","","","","","","","","","","","","","","","","","",40,1,"","",95,1,8,1,"","","","","","","","","","","","","","","","","","","","","","","","","","","","","","","","","","","","","","","","","","","","","","","","","","","","","","","","","","","","","","","","","",""
"63263001","PUY-DE-DOME-MN",45.775,2.966667,1461,1965013112,"","","","",12.,1,270,1,"","","","","","","","","","","","","","","","","","","","","","","","","","","","",2.2,1,1.4,1,"","","","","","","","","","","","","","","","","","","","","","","","","","",94,1,"","","","","","","","","","","","",6.8,1,"","","","","","","","",5,1,0,1,2,1,6,1,2,1,"","","","","","","","","","","","","","","","","","","","","","","","",60000,1,"","",28,1,9,1,"","","","","","","","","","","","","","","","","","","","","","","","","","","","","","","","","","","","","","","","","","","","","","","","","","","","","","","","","","","","","","","","","",""
"63263001","PUY-DE-DOME-MN",45.775,2.966667,1461,1965013115,"","","","",14.,1,250,1,"","","","","","","","","","","","","","","","","","","","","","","","","","","","",2.2,1,1.4,1,"","","","","","","","","","","","","","","","","","","","","","","","","","",94,1,"","","","","","","","","","","","",6.8,1,"","","","","","","","",6,1,0,1,2,1,0,1,2,1,"","","","","","","","","","","","","","","","","","","","","","","","",60000,1,"","",2,1,2,1,"","","","","","","","","","","","","","","","","","","","","","","","","","","","","","","","","","","","","","","","","","","","","","","","","","","","","","","","","","","","","","","","","",""
"63263001","PUY-DE-DOME-MN",45.775,2.966667,1461,1965013118,"","","","",12.,1,250,1,"","","","","","","","","","","","","","","","","","","","","","","","","","","","",2.,1,1.2,1,"","","","","","","","","","","","","","","","","","","","","","","","","","",96,1,"","","","","","","","","","","","",6.7,1,"","","","","","","","",7,1,5,1,4,1,5,1,"","","","","","","","","","","","","","","","","","","","","","","","","","",70000,1,"","",3,1,2,1,"","","","","","","","","","","","","","","","","","","","","","","","","","","","","","","","","","","","","","","","","","","","","","","","","","","","","","","","","","","","","","","","","",""
"63263001","PUY-DE-DOME-MN",45.775,2.966667,1461,1965013121,"","","","","","","","","","","","","","","","","","","","","","","","","","","","","","","","","","","","",0.8,1,0.8,1,"","","","","","","","","","","","","","","","","","","","","","","","","","",100,1,"","","","","","","","","","","","",6.5,1,"","","","","","","","","","","","","","","","","","","","","","","","","","","","","","","","","","","","","","","","","","","","","","","","","","","","","","","","","","","","","","","","","","","","","","","","","","","","","","","","","","","","","","","","","","","","","","","","","","","","","","","","","","","","","","","","","","","",""
"63263001","PUY-DE-DOME-MN",45.775,2.966667,1461,1965020100,"","","","","","","","","","","","","","","","","","","","","","","","","","","","","","","","","","","","",0.8,1,0.8,1,"","","","","","","","","","","","","","","","","","","","","","","","","","",100,1,"","","","","","","","","","","","",6.5,1,"","","","","","","","","","","","","","","","","","","","","","","","","","","","","","","","","","","","","","","","","","","","","","","","","","","","","","","","","","","","","","","","","","","","","","","","","","","","","","","","","","","","","","","","","","","","","","","","","","","","","","","","","","","","","","","","","","","",""
"63263001","PUY-DE-DOME-MN",45.775,2.966667,1461,1965020103,"","","","","","","","","","","","","","","","","","","","","","","","","","","","","","","","","","","","",-0.2,1,-0.2,1,"","","","","","","","","","","","","","","","","","","","","","","","","","",100,1,"","","","","","","","","","","","",6.,1,"","","","","","","","","","","","","","","","","","","","","","","","","","","","","","","","","","","","","","","","","","","","","","","","","","","","","","","","","","","","","","","","","","","","","","","","","","","","","","","","","","","","","","","","","","","","","","","","","","","","","","","","","","","","","","","","","","","",""
"63263001","PUY-DE-DOME-MN",45.775,2.966667,1461,1965020106,"","","","",14.,1,270,1,"","","","","","","","","","","","","","","","","","","","","","","","","","","","",-0.2,1,-0.2,1,"","","","","","","","","","","","","","","","","","","","","","","","","","",100,1,"","","","","","","","","","","","",6.,1,"","","","","","","","",9,1,"","","","","","","","","","","","","","","","","","","","","","","","","","","","","","","","",40,1,"","",49,1,4,1,"","",0,1,"","","","","","","","","","","","","","","","","","","","","","","","","","","","","","","","","","","","","","","","","","","","","","","","","","","","","","","","","","","","","",""
"63263001","PUY-DE-DOME-MN",45.775,2.966667,1461,1965020109,"","","","",8.,1,330,1,"","","","","","","","","","","","","","","","","","","","","","","","","","","","",0.1,1,0.1,1,"","","","","","","","","","","","","","","","","","","","","","","","","","",100,1,"","","","","","","","","","","","",6.1,1,"","","","","","","","",9,1,"","","","","","","","","","","","","","","","","","","","","","","","","","","","","","","","",40,1,"","",45,1,4,1,"","","","","","","","","","","","","","","","","","","","","","","","","","","","","","","","","","","","","","","","","","","","","","","","","","","","","","","","","","","","","","","","","",""
"63263001","PUY-DE-DOME-MN",45.775,2.966667,1461,1965020112,"","","","",4.,1,30,1,"","","","","","","","","","","","","","","","","","","","","","","","","","","","",1.9,1,1.9,1,"","","","","","","","","","","","","","","","","","","","","","","","","","",100,1,"","","","","","","","","","","","",7.,1,"","","","","","","","",8,1,8,1,"","","","","","","","","","","","","","","","","","","","","","","","","","","","","","",100,1,"","",41,1,4,1,"","","","","","","","","","","","","","","","","","","","","","","","","","","","","","","","","","","","","","","","","","","","","","","","","","","","","","","","","","","","","","","","","",""
"63263001","PUY-DE-DOME-MN",45.775,2.966667,1461,1965020115,"","","","",4.,1,50,1,"","","","","","","","","","","","","","","","","","","","","","","","","","","","",1.1,1,1.1,1,"","","","","","","","","","","","","","","","","","","","","","","","","","",100,1,"","","","","","","","","","","","",6.6,1,"","","","","","","","",9,1,"","","","","","","","","","","","","","","","","","","","","","","","","","","","","","","","",80,1,"","",45,1,4,1,"","","","","","","","","","","","","","","","","","","","","","","","","","","","","","","","","","","","","","","","","","","","","","","","","","","","","","","","","","","","","","","","","",""
"63263001","PUY-DE-DOME-MN",45.775,2.966667,1461,1965020118,"","","","",10.,1,70,1,"","","","","","","","","","","","","","","","","","","","","","","","","","","","",-0.9,1,-0.9,1,"","","","","","","","","","","","","","","","","","","","","","","","","","",100,1,"","","","","","","","","","","","",5.7,1,"","","","","","","","",9,1,"","","","","","","","","","","","","","","","","","","","","","","","","","","","","","","","",40,1,"","",49,1,4,1,"","","","","","","","","","","","","","","","","","","","","","","","","","","","","","","","","","","","","","","","","","","","","","","","","","","","","","","","","","","","","","","","","",""
"63263001","PUY-DE-DOME-MN",45.775,2.966667,1461,1965020121,"","","","","","","","","","","","","","","","","","","","","","","","","","","","","","","","","","","","",-2.3,1,-2.3,1,"","","","","","","","","","","","","","","","","","","","","","","","","","",100,1,"","","","","","","","","","","","",5.1,1,"","","","","","","","","","","","","","","","","","","","","","","","","","","","","","","","","","","","","","","","","","","","","","","","","","","","","","","","","","","","","","","","","","","","","","","","","","","","","","","","","","","","","","","","","","","","","","","","","","","","","","","","","","","","","","","","","","","",""
"63263001","PUY-DE-DOME-MN",45.775,2.966667,1461,1965020200,"","","","","","","","","","","","","","","","","","","","","","","","","","","","","","","","","","","","",-6.8,1,-6.8,1,"","","","","","","","","","","","","","","","","","","","","","","","","","",100,1,"","","","","","","","","","","","",3.7,1,"","","","","","","","","","","","","","","","","","","","","","","","","","","","","","","","","","","","","","","","","","","","","","","","","","","","","","","","","","","","","","","","","","","","","","","","","","","","","","","","","","","","","","","","","","","","","","","","","","","","","","","","","","","","","","","","","","","",""
"63263001","PUY-DE-DOME-MN",45.775,2.966667,1461,1965020203,"","","","","","","","","","","","","","","","","","","","","","","","","","","","","","","","","","","","",-8.1,1,-8.1,1,"","","","","","","","","","","","","","","","","","","","","","","","","","",100,1,"","","","","","","","","","","","",3.3,1,"","","","","","","","","","","","","","","","","","","","","","","","","","","","","","","","","","","","","","","","","","","","","","","","","","","","","","","","","","","","","","","","","","","","","","","","","","","","","","","","","","","","","","","","","","","","","","","","","","","","","","","","","","","","","","","","","","","",""
"63263001","PUY-DE-DOME-MN",45.775,2.966667,1461,1965020206,"","","","",21.,1,50,1,"","","","","","","","","","","","","","","","","","","","","","","","","","","","",-9.,1,-9.,1,"","","","","","","","","","","","","","","","","","","","","","","","","","",100,1,"","","","","","","","","","","","",3.1,1,"","","","","","","","",9,1,"","","","","","","","","","","","","","","","","","","","","","","","","","","","","","","","",100,1,"","",49,1,4,1,"","",0,1,"","","","","","","","","","","","","","","","","","","","","","","","","","","","","","","","","","","","","","","","","","","","","","","","","","","","","","","","","","","","","",""
"63263001","PUY-DE-DOME-MN",45.775,2.966667,1461,1965020209,"","","","",18.,1,90,1,"","","","","","","","","","","","","","","","","","","","","","","","","","","","",-8.5,1,-8.5,1,"","","","","","","","","","","","","","","","","","","","","","","","","","",100,1,"","","","","","","","","","","","",3.2,1,"","","","","","","","",9,1,"","","","","","","","","","","","","","","","","","","","","","","","","","","","","","","","",60,1,"","",49,1,4,1,"","","","","","","","","","","","","","","","","","","","","","","","","","","","","","","","","","","","","","","","","","","","","","","","","","","","","","","","","","","","","","","","","",""
"63263001","PUY-DE-DOME-MN",45.775,2.966667,1461,1965020212,"","","","",19.,1,90,1,"","","","","","","","","","","","","","","","","","","","","","","","","","","","",-4.4,1,-12.9,1,"","","","","","","","","","","","","","","","","","","","","","","","","","",50,1,"","","","","","","","","","","","",2.2,1,"","","","","","","","",0,1,"","",0,1,0,1,0,1,"","","","","","","","","","","","","","","","","","","","","","","","",80000,1,"","",2,1,4,1,"","","","","","","","","","","","","","","","","","","","","","","","","","","","","","","","","","","","","","","","","","","","","","","","","","","","","","","","","","","","","","","","","",""
"63263001","PUY-DE-DOME-MN",45.775,2.966667,1461,1965020215,"","","","",15.,1,90,1,"","","","","","","","","","","","","","","","","","","","","","","","","","","","",-5.,1,-6.9,1,"","","","","","","","","","","","","","","","","","","","","","","","","","",85,1,"","","","","","","","","","","","",3.6,1,"","","","","","","","",0,1,"","",0,1,0,1,0,1,"","","","","","","","","","","","","","","","","","","","","","","","",80000,1,"","",2,1,0,1,"","","","","","","","","","","","","","","","","","","","","","","","","","","","","","","","","","","","","","","","","","","","","","","","","","","","","","","","","","","","","","","","","",""
"63263001","PUY-DE-DOME-MN",45.775,2.966667,1461,1965020218,"","","","",17.,1,90,1,"","","","","","","","","","","","","","","","","","","","","","","","","","","","",-7.,1,-8.4,1,"","","","","","","","","","","","","","","","","","","","","","","","","","",88,1,"","","","","","","","","","","","",3.2,1,"","","","","","","","",0,1,"","",0,1,0,1,0,1,"","","","","","","","","","","","","","","","","","","","","","","","",90000,1,"","",2,1,0,1,"","","","","","","","","","","","","","","","","","","","","","","","","","","","","","","","","","","","","","","","","","","","","","","","","","","","","","","","","","","","","","","","","",""
"63263001","PUY-DE-DOME-MN",45.775,2.966667,1461,1965020221,"","","","","","","","","","","","","","","","","","","","","","","","","","","","","","","","","","","","",-1.,1,-10.4,1,"","","","","","","","","","","","","","","","","","","","","","","","","","",47,1,"","","","","","","","","","","","",2.7,1,"","","","","","","","","","","","","","","","","","","","","","","","","","","","","","","","","","","","","","","","","","","","","","","","","","","","","","","","","","","","","","","","","","","","","","","","","","","","","","","","","","","","","","","","","","","","","","","","","","","","","","","","","","","","","","","","","","","",""
"63263001","PUY-DE-DOME-MN",45.775,2.966667,1461,1965020300,"","","","","","","","","","","","","","","","","","","","","","","","","","","","","","","","","","","","",0.,1,-11.9,1,"","","","","","","","","","","","","","","","","","","","","","","","","","",40,1,"","","","","","","","","","","","",2.4,1,"","","","","","","","","","","","","","","","","","","","","","","","","","","","","","","","","","","","","","","","","","","","","","","","","","","","","","","","","","","","","","","","","","","","","","","","","","","","","","","","","","","","","","","","","","","","","","","","","","","","","","","","","","","","","","","","","","","",""
"63263001","PUY-DE-DOME-MN",45.775,2.966667,1461,1965020303,"","","","","","","","","","","","","","","","","","","","","","","","","","","","","","","","","","","","",0.6,1,-12.9,1,"","","","","","","","","","","","","","","","","","","","","","","","","","",35,1,"","","","","","","","","","","","",2.2,1,"","","","","","","","","","","","","","","","","","","","","","","","","","","","","","","","","","","","","","","","","","","","","","","","","","","","","","","","","","","","","","","","","","","","","","","","","","","","","","","","","","","","","","","","","","","","","","","","","","","","","","","","","","","","","","","","","","","",""
"63263001","PUY-DE-DOME-MN",45.775,2.966667,1461,1965020306,"","","","",19.,1,90,1,"","","","","","","","","","","","","","","","","","","","","","","","","","","","",1.1,1,-16.,1,"","","","","","","","","","","","","","","","","","","","","","","","","","",24,1,"","","","","","","","","","","","",1.7,1,"","","","","","","","",0,1,"","",0,1,0,1,0,1,"","","","","","","","","","","","","","","","","","","","","","","","",99990,1,"","",2,1,0,1,"","",0,1,"","","","","","","","","","","","","","","","","","","","","","","","","","","","","","","","","","","","","","","","","","","","","","","","","","","","","","","","","","","","","",""
"63263001","PUY-DE-DOME-MN",45.775,2.966667,1461,1965020309,"","","","",18.,1,90,1,"","","","","","","","","","","","","","","","","","","","","","","","","","","","",0.6,1,-18.2,1,"","","","","","","","","","","","","","","","","","","","","","","","","","",20,1,"","","","","","","","","","","","",1.4,1,"","","","","","","","",0,1,"","",0,1,0,1,0,1,"","","","","","","","","","","","","","","","","","","","","","","","",99990,1,"","",2,1,0,1,"","","","","","","","","","","","","","","","","","","","","","","","","","","","","","","","","","","","","","","","","","","","","","","","","","","","","","","","","","","","","","","","","",""
"63263001","PUY-DE-DOME-MN",45.775,2.966667,1461,1965020312,"","","","",16.,1,90,1,"","","","","","","","","","","","","","","","","","","","","","","","","","","","",1.4,1,-14.1,1,"","","","","","","","","","","","","","","","","","","","","","","","","","",30,1,"","","","","","","","","","","","",2.,1,"","","","","","","","",1,1,0,1,0,1,0,1,1,1,"","","","","","","","","","","","","","","","","","","","","","","","",99990,1,"","",2,1,0,1,"","","","","","","","","","","","","","","","","","","","","","","","","","","","","","","","","","","","","","","","","","","","","","","","","","","","","","","","","","","","","","","","","",""
"63263001","PUY-DE-DOME-MN",45.775,2.966667,1461,1965020315,"","","","",9.,1,90,1,"","","","","","","","","","","","","","","","","","","","","","","","","","","","",2.5,1,-12.4,1,"","","","","","","","","","","","","","","","","","","","","","","","","","",32,1,"","","","","","","","","","","","",2.3,1,"","","","","","","","",2,1,0,1,0,1,0,1,2,1,"","","","","","","","","","","","","","","","","","","","","","","","",99990,1,"","",3,1,0,1,"","","","","","","","","","","","","","","","","","","","","","","","","","","","","","","","","","","","","","","","","","","","","","","","","","","","","","","","","","","","","","","","","",""
"63263001","PUY-DE-DOME-MN",45.775,2.966667,1461,1965020318,"","","","",10.,1,90,1,"","","","","","","","","","","","","","","","","","","","","","","","","","","","",-0.9,1,-11.9,1,"","","","","","","","","","","","","","","","","","","","","","","","","","",42,1,"","","","","","","","","","","","",2.4,1,"","","","","","","","",3,1,0,1,0,1,0,1,2,1,"","","","","","","","","","","","","","","","","","","","","","","","",99990,1,"","",1,1,0,1,"","","","","","","","","","","","","","","","","","","","","","","","","","","","","","","","","","","","","","","","","","","","","","","","","","","","","","","","","","","","","","","","","",""
"63263001","PUY-DE-DOME-MN",45.775,2.966667,1461,1965020321,"","","","","","","","","","","","","","","","","","","","","","","","","","","","","","","","","","","","",-3.1,1,-14.1,1,"","","","","","","","","","","","","","","","","","","","","","","","","","",42,1,"","","","","","","","","","","","",2.,1,"","","","","","","","","","","","","","","","","","","","","","","","","","","","","","","","","","","","","","","","","","","","","","","","","","","","","","","","","","","","","","","","","","","","","","","","","","","","","","","","","","","","","","","","","","","","","","","","","","","","","","","","","","","","","","","","","","","",""
"63263001","PUY-DE-DOME-MN",45.775,2.966667,1461,1965020400,"","","","","","","","","","","","","","","","","","","","","","","","","","","","","","","","","","","","",-3.7,1,-8.4,1,"","","","","","","","","","","","","","","","","","","","","","","","","","",70,1,"","","","","","","","","","","","",3.2,1,"","","","","","","","","","","","","","","","","","","","","","","","","","","","","","","","","","","","","","","","","","","","","","","","","","","","","","","","","","","","","","","","","","","","","","","","","","","","","","","","","","","","","","","","","","","","","","","","","","","","","","","","","","","","","","","","","","","",""
"63263001","PUY-DE-DOME-MN",45.775,2.966667,1461,1965020403,"","","","","","","","","","","","","","","","","","","","","","","","","","","","","","","","","","","","",-9.2,1,-9.2,1,"","","","","","","","","","","","","","","","","","","","","","","","","","",100,1,"","","","","","","","","","","","",3.,1,"","","","","","","","","","","","","","","","","","","","","","","","","","","","","","","","","","","","","","","","","","","","","","","","","","","","","","","","","","","","","","","","","","","","","","","","","","","","","","","","","","","","","","","","","","","","","","","","","","","","","","","","","","","","","","","","","","","",""
"63263001","PUY-DE-DOME-MN",45.775,2.966667,1461,1965020406,"","","","",19.,1,50,1,"","","","","","","","","","","","","","","","","","","","","","","","","","","","",-7.8,1,-7.8,1,"","","","","","","","","","","","","","","","","","","","","","","","","","",100,1,"","","","","","","","","","","","",3.4,1,"","","","","","","","",9,1,"","","","","","","","","","","","","","","","","","","","","","","","","","","","","","","","",40,1,"","",49,1,4,1,"","",0,1,"","","","","","","","","","","","","","","","","","","","","","","","","","","","","","","","","","","","","","","","","","","","","","","","","","","","","","","","","","","","","",""
"63263001","PUY-DE-DOME-MN",45.775,2.966667,1461,1965020409,"","","","",27.,1,70,1,"","","","","","","","","","","","","","","","","","","","","","","","","","","","",-6.5,1,-6.5,1,"","","","","","","","","","","","","","","","","","","","","","","","","","",100,1,"","","","","","","","","","","","",3.8,1,"","","","","","","","",9,1,"","","","","","","","","","","","","","","","","","","","","","","","","","","","","","","","",40,1,"","",49,1,4,1,"","","","","","","","","","","","","","","","","","","","","","","","","","","","","","","","","","","","","","","","","","","","","","","","","","","","","","","","","","","","","","","","","",""
"63263001","PUY-DE-DOME-MN",45.775,2.966667,1461,1965020412,"","","","",20.,1,70,1,"","","","","","","","","","","","","","","","","","","","","","","","","","","","",-6.6,1,-6.6,1,"","","","","","","","","","","","","","","","","","","","","","","","","","",100,1,"","","","","","","","","","","","",3.7,1,"","","","","","","","",9,1,"","","","","","","","","","","","","","","","","","","","","","","","","","","","","","","","",40,1,"","",49,1,4,1,"","","","","","","","","","","","","","","","","","","","","","","","","","","","","","","","","","","","","","","","","","","","","","","","","","","","","","","","","","","","","","","","","",""
"63263001","PUY-DE-DOME-MN",45.775,2.966667,1461,1965020415,"","","","",18.,1,50,1,"","","","","","","","","","","","","","","","","","","","","","","","","","","","",-6.3,1,-6.3,1,"","","","","","","","","","","","","","","","","","","","","","","","","","",100,1,"","","","","","","","","","","","",3.8,1,"","","","","","","","",9,1,"","","","","","","","","","","","","","","","","","","","","","","","","","","","","","","","",40,1,"","",49,1,4,1,"","","","","","","","","","","","","","","","","","","","","","","","","","","","","","","","","","","","","","","","","","","","","","","","","","","","","","","","","","","","","","","","","",""
"63263001","PUY-DE-DOME-MN",45.775,2.966667,1461,1965020418,"","","","",17.,1,50,1,"","","","","","","","","","","","","","","","","","","","","","","","","","","","",-6.7,1,-6.7,1,"","","","","","","","","","","","","","","","","","","","","","","","","","",100,1,"","","","","","","","","","","","",3.7,1,"","","","","","","","",9,1,"","","","","","","","","","","","","","","","","","","","","","","","","","","","","","","","",40,1,"","",49,1,4,1,"","","","","","","","","","","","","","","","","","","","","","","","","","","","","","","","","","","","","","","","","","","","","","","","","","","","","","","","","","","","","","","","","",""
"63263001","PUY-DE-DOME-MN",45.775,2.966667,1461,1965020421,"","","","","","","","","","","","","","","","","","","","","","","","","","","","","","","","","","","","",-6.3,1,-6.3,1,"","","","","","","","","","","","","","","","","","","","","","","","","","",100,1,"","","","","","","","","","","","",3.8,1,"","","","","","","","","","","","","","","","","","","","","","","","","","","","","","","","","","","","","","","","","","","","","","","","","","","","","","","","","","","","","","","","","","","","","","","","","","","","","","","","","","","","","","","","","","","","","","","","","","","","","","","","","","","","","","","","","","","",""
"63263001","PUY-DE-DOME-MN",45.775,2.966667,1461,1965020500,"","","","","","","","","","","","","","","","","","","","","","","","","","","","","","","","","","","","",-6.3,1,-6.3,1,"","","","","","","","","","","","","","","","","","","","","","","","","","",100,1,"","","","","","","","","","","","",3.8,1,"","","","","","","","","","","","","","","","","","","","","","","","","","","","","","","","","","","","","","","","","","","","","","","","","","","","","","","","","","","","","","","","","","","","","","","","","","","","","","","","","","","","","","","","","","","","","","","","","","","","","","","","","","","","","","","","","","","",""
"63263001","PUY-DE-DOME-MN",45.775,2.966667,1461,1965020503,"","","","","","","","","","","","","","","","","","","","","","","","","","","","","","","","","","","","",-6.8,1,-6.8,1,"","","","","","","","","","","","","","","","","","","","","","","","","","",100,1,"","","","","","","","","","","","",3.7,1,"","","","","","","","","","","","","","","","","","","","","","","","","","","","","","","","","","","","","","","","","","","","","","","","","","","","","","","","","","","","","","","","","","","","","","","","","","","","","","","","","","","","","","","","","","","","","","","","","","","","","","","","","","","","","","","","","","","",""
"63263001","PUY-DE-DOME-MN",45.775,2.966667,1461,1965020506,"","","","",13.,1,50,1,"","","","","","","","","","","","","","","","","","","","","","","","","","","","",-5.3,1,-5.3,1,"","","","","","","","","","","","","","","","","","","","","","","","","","",100,1,"","","","","","","","","","","","",4.1,1,"","","","","","","","",9,1,"","","","","","","","","","","","","","","","","","","","","","","","","","","","","","","","",40,1,"","",49,1,4,1,"","",0,1,"","","","","","","","","","","","","","","","","","","","","","","","","","","","","","","","","","","","","","","","","","","","","","","","","","","","","","","","","","","","","",""
"63263001","PUY-DE-DOME-MN",45.775,2.966667,1461,1965020509,"","","","",13.,1,30,1,"","","","","","","","","","","","","","","","","","","","","","","","","","","","",-4.6,1,-4.6,1,"","","","","","","","","","","","","","","","","","","","","","","","","","",100,1,"","","","","","","","","","","","",4.3,1,"","","","","","","","",9,1,"","","","","","","","","","","","","","","","","","","","","","","","","","","","","","","","",40,1,"","",49,1,4,1,"","","","","","","","","","","","","","","","","","","","","","","","","","","","","","","","","","","","","","","","","","","","","","","","","","","","","","","","","","","","","","","","","",""
"63263001","PUY-DE-DOME-MN",45.775,2.966667,1461,1965020512,"","","","",15.,1,350,1,"","","","","","","","","","","","","","","","","","","","","","","","","","","","",-4.4,1,-4.4,1,"","","","","","","","","","","","","","","","","","","","","","","","","","",100,1,"","","","","","","","","","","","",4.4,1,"","","","","","","","",9,1,"","","","","","","","","","","","","","","","","","","","","","","","","","","","","","","","",40,1,"","",49,1,4,1,"","","","","","","","","","","","","","","","","","","","","","","","","","","","","","","","","","","","","","","","","","","","","","","","","","","","","","","","","","","","","","","","","",""
"63263001","PUY-DE-DOME-MN",45.775,2.966667,1461,1965020515,"","","","",14.,1,350,1,"","","","","","","","","","","","","","","","","","","","","","","","","","","","",-4.5,1,-4.5,1,"","","","","","","","","","","","","","","","","","","","","","","","","","",100,1,"","","","","","","","","","","","",4.4,1,"","","","","","","","",8,1,8,1,"","","","","","","","","","","","","","","","","","","","","","","","","","","","","","",40,1,"","",71,1,7,1,"","","","","","","","","","","","","","","","","","","","","","","","","","","","","","","","","","","","","","","","","","","","","","","","","","","","","","","","","","","","","","","","","",""
"63263001","PUY-DE-DOME-MN",45.775,2.966667,1461,1965020518,"","","","",18.,1,350,1,"","","","","","","","","","","","","","","","","","","","","","","","","","","","",-4.1,1,-4.1,1,"","","","","","","","","","","","","","","","","","","","","","","","","","",100,1,"","","","","","","","","","","","",4.5,1,"","","","","","","","",8,1,8,1,"","","","","","","","","","","","","","","","","","","","","","","","","","","","","","",40,1,"","",71,1,7,1,"","","","","","","","","","","","","","","","","","","","","","","","","","","","","","","","","","","","","","","","","","","","","","","","","","","","","","","","","","","","","","","","","",""
"63263001","PUY-DE-DOME-MN",45.775,2.966667,1461,1965020521,"","","","","","","","","","","","","","","","","","","","","","","","","","","","","","","","","","","","",-4.6,1,-4.6,1,"","","","","","","","","","","","","","","","","","","","","","","","","","",100,1,"","","","","","","","","","","","",4.3,1,"","","","","","","","","","","","","","","","","","","","","","","","","","","","","","","","","","","","","","","","","","","","","","","","","","","","","","","","","","","","","","","","","","","","","","","","","","","","","","","","","","","","","","","","","","","","","","","","","","","","","","","","","","","","","","","","","","","",""
"63263001","PUY-DE-DOME-MN",45.775,2.966667,1461,1965020600,"","","","","","","","","","","","","","","","","","","","","","","","","","","","","","","","","","","","",-4.4,1,-4.4,1,"","","","","","","","","","","","","","","","","","","","","","","","","","",100,1,"","","","","","","","","","","","",4.4,1,"","","","","","","","","","","","","","","","","","","","","","","","","","","","","","","","","","","","","","","","","","","","","","","","","","","","","","","","","","","","","","","","","","","","","","","","","","","","","","","","","","","","","","","","","","","","","","","","","","","","","","","","","","","","","","","","","","","",""
"63263001","PUY-DE-DOME-MN",45.775,2.966667,1461,1965020603,"","","","","","","","","","","","","","","","","","","","","","","","","","","","","","","","","","","","",-5.7,1,-5.7,1,"","","","","","","","","","","","","","","","","","","","","","","","","","",100,1,"","","","","","","","","","","","",4.,1,"","","","","","","","","","","","","","","","","","","","","","","","","","","","","","","","","","","","","","","","","","","","","","","","","","","","","","","","","","","","","","","","","","","","","","","","","","","","","","","","","","","","","","","","","","","","","","","","","","","","","","","","","","","","","","","","","","","",""
"63263001","PUY-DE-DOME-MN",45.775,2.966667,1461,1965020606,"","","","",16.,1,50,1,"","","","","","","","","","","","","","","","","","","","","","","","","","","","",-6.4,1,-6.4,1,"","","","","","","","","","","","","","","","","","","","","","","","","","",100,1,"","","","","","","","","","","","",3.8,1,"","","","","","","","",9,1,"","","","","","","","","","","","","","","","","","","","","","","","","","","","","","","","",40,1,"","",49,1,7,1,"","",0,1,"","","","","","","","","","","","","","","","","","","","","","","","","","","","","","","","","","","","","","","","","","","","","","","","","","","","","","","","","","","","","",""
"63263001","PUY-DE-DOME-MN",45.775,2.966667,1461,1965020609,"","","","",21.,1,70,1,"","","","","","","","","","","","","","","","","","","","","","","","","","","","",-6.4,1,-6.4,1,"","","","","","","","","","","","","","","","","","","","","","","","","","",100,1,"","","","","","","","","","","","",3.8,1,"","","","","","","","",9,1,"","","","","","","","","","","","","","","","","","","","","","","","","","","","","","","","",40,1,"","",49,1,4,1,"","","","","","","","","","","","","","","","","","","","","","","","","","","","","","","","","","","","","","","","","","","","","","","","","","","","","","","","","","","","","","","","","",""
"63263001","PUY-DE-DOME-MN",45.775,2.966667,1461,1965020612,"","","","",18.,1,70,1,"","","","","","","","","","","","","","","","","","","","","","","","","","","","",-6.,1,-6.,1,"","","","","","","","","","","","","","","","","","","","","","","","","","",100,1,"","","","","","","","","","","","",3.9,1,"","","","","","","","",9,1,"","","","","","","","","","","","","","","","","","","","","","","","","","","","","","","","",30,1,"","",49,1,4,1,"","","","","","","","","","","","","","","","","","","","","","","","","","","","","","","","","","","","","","","","","","","","","","","","","","","","","","","","","","","","","","","","","",""
"63263001","PUY-DE-DOME-MN",45.775,2.966667,1461,1965020615,"","","","",15.,1,70,1,"","","","","","","","","","","","","","","","","","","","","","","","","","","","",-6.,1,-6.,1,"","","","","","","","","","","","","","","","","","","","","","","","","","",100,1,"","","","","","","","","","","","",3.9,1,"","","","","","","","",9,1,"","","","","","","","","","","","","","","","","","","","","","","","","","","","","","","","",30,1,"","",49,1,4,1,"","","","","","","","","","","","","","","","","","","","","","","","","","","","","","","","","","","","","","","","","","","","","","","","","","","","","","","","","","","","","","","","","",""
"63263001","PUY-DE-DOME-MN",45.775,2.966667,1461,1965020618,"","","","",12.,1,70,1,"","","","","","","","","","","","","","","","","","","","","","","","","","","","",-6.8,1,-6.8,1,"","","","","","","","","","","","","","","","","","","","","","","","","","",100,1,"","","","","","","","","","","","",3.7,1,"","","","","","","","",9,1,"","","","","","","","","","","","","","","","","","","","","","","","","","","","","","","","",30,1,"","",49,1,4,1,"","","","","","","","","","","","","","","","","","","","","","","","","","","","","","","","","","","","","","","","","","","","","","","","","","","","","","","","","","","","","","","","","",""
"63263001","PUY-DE-DOME-MN",45.775,2.966667,1461,1965020621,"","","","","","","","","","","","","","","","","","","","","","","","","","","","","","","","","","","","",-7.,1,-7.,1,"","","","","","","","","","","","","","","","","","","","","","","","","","",100,1,"","","","","","","","","","","","",3.6,1,"","","","","","","","","","","","","","","","","","","","","","","","","","","","","","","","","","","","","","","","","","","","","","","","","","","","","","","","","","","","","","","","","","","","","","","","","","","","","","","","","","","","","","","","","","","","","","","","","","","","","","","","","","","","","","","","","","","",""
"63263001","PUY-DE-DOME-MN",45.775,2.966667,1461,1965020700,"","","","","","","","","","","","","","","","","","","","","","","","","","","","","","","","","","","","",-7.2,1,-7.2,1,"","","","","","","","","","","","","","","","","","","","","","","","","","",100,1,"","","","","","","","","","","","",3.6,1,"","","","","","","","","","","","","","","","","","","","","","","","","","","","","","","","","","","","","","","","","","","","","","","","","","","","","","","","","","","","","","","","","","","","","","","","","","","","","","","","","","","","","","","","","","","","","","","","","","","","","","","","","","","","","","","","","","","",""
"63263001","PUY-DE-DOME-MN",45.775,2.966667,1461,1965020703,"","","","","","","","","","","","","","","","","","","","","","","","","","","","","","","","","","","","",-7.4,1,-7.4,1,"","","","","","","","","","","","","","","","","","","","","","","","","","",100,1,"","","","","","","","","","","","",3.5,1,"","","","","","","","","","","","","","","","","","","","","","","","","","","","","","","","","","","","","","","","","","","","","","","","","","","","","","","","","","","","","","","","","","","","","","","","","","","","","","","","","","","","","","","","","","","","","","","","","","","","","","","","","","","","","","","","","","","",""
"63263001","PUY-DE-DOME-MN",45.775,2.966667,1461,1965020706,"","","","",16.,1,50,1,"","","","","","","","","","","","","","","","","","","","","","","","","","","","",-8.2,1,-8.2,1,"","","","","","","","","","","","","","","","","","","","","","","","","","",100,1,"","","","","","","","","","","","",3.3,1,"","","","","","","","",9,1,"","","","","","","","","","","","","","","","","","","","","","","","","","","","","","","","",40,1,"","",49,1,4,1,"","",0,1,"","","","","","","","","","","","","","","","","","","","","","","","","","","","","","","","","","","","","","","","","","","","","","","","","","","","","","","","","","","","","",""
"63263001","PUY-DE-DOME-MN",45.775,2.966667,1461,1965020709,"","","","",17.,1,50,1,"","","","","","","","","","","","","","","","","","","","","","","","","","","","",-8.,1,-8.,1,"","","","","","","","","","","","","","","","","","","","","","","","","","",100,1,"","","","","","","","","","","","",3.3,1,"","","","","","","","",9,1,"","","","","","","","","","","","","","","","","","","","","","","","","","","","","","","","",40,1,"","",49,1,4,1,"","","","","","","","","","","","","","","","","","","","","","","","","","","","","","","","","","","","","","","","","","","","","","","","","","","","","","","","","","","","","","","","","",""
"63263001","PUY-DE-DOME-MN",45.775,2.966667,1461,1965020712,"","","","",15.,1,50,1,"","","","","","","","","","","","","","","","","","","","","","","","","","","","",-6.2,1,-6.2,1,"","","","","","","","","","","","","","","","","","","","","","","","","","",100,1,"","","","","","","","","","","","",3.8,1,"","","","","","","","",9,1,"","","","","","","","","","","","","","","","","","","","","","","","","","","","","","","","",40,1,"","",49,1,4,1,"","","","","","","","","","","","","","","","","","","","","","","","","","","","","","","","","","","","","","","","","","","","","","","","","","","","","","","","","","","","","","","","","",""
"63263001","PUY-DE-DOME-MN",45.775,2.966667,1461,1965020715,"","","","",17.,1,50,1,"","","","","","","","","","","","","","","","","","","","","","","","","","","","",-6.,1,-6.,1,"","","","","","","","","","","","","","","","","","","","","","","","","","",100,1,"","","","","","","","","","","","",3.9,1,"","","","","","","","",9,1,"","","","","","","","","","","","","","","","","","","","","","","","","","","","","","","","",40,1,"","",49,1,4,1,"","","","","","","","","","","","","","","","","","","","","","","","","","","","","","","","","","","","","","","","","","","","","","","","","","","","","","","","","","","","","","","","","",""
"63263001","PUY-DE-DOME-MN",45.775,2.966667,1461,1965020718,"","","","",15.,1,50,1,"","","","","","","","","","","","","","","","","","","","","","","","","","","","",-6.,1,-6.,1,"","","","","","","","","","","","","","","","","","","","","","","","","","",100,1,"","","","","","","","","","","","",3.9,1,"","","","","","","","",9,1,"","","","","","","","","","","","","","","","","","","","","","","","","","","","","","","","",40,1,"","",49,1,4,1,"","","","","","","","","","","","","","","","","","","","","","","","","","","","","","","","","","","","","","","","","","","","","","","","","","","","","","","","","","","","","","","","","",""
"63263001","PUY-DE-DOME-MN",45.775,2.966667,1461,1965020721,"","","","","","","","","","","","","","","","","","","","","","","","","","","","","","","","","","","","",-5.7,1,-5.7,1,"","","","","","","","","","","","","","","","","","","","","","","","","","",100,1,"","","","","","","","","","","","",4.,1,"","","","","","","","","","","","","","","","","","","","","","","","","","","","","","","","","","","","","","","","","","","","","","","","","","","","","","","","","","","","","","","","","","","","","","","","","","","","","","","","","","","","","","","","","","","","","","","","","","","","","","","","","","","","","","","","","","","",""
"63263001","PUY-DE-DOME-MN",45.775,2.966667,1461,1965020800,"","","","","","","","","","","","","","","","","","","","","","","","","","","","","","","","","","","","",-5.3,1,-5.3,1,"","","","","","","","","","","","","","","","","","","","","","","","","","",100,1,"","","","","","","","","","","","",4.1,1,"","","","","","","","","","","","","","","","","","","","","","","","","","","","","","","","","","","","","","","","","","","","","","","","","","","","","","","","","","","","","","","","","","","","","","","","","","","","","","","","","","","","","","","","","","","","","","","","","","","","","","","","","","","","","","","","","","","",""
"63263001","PUY-DE-DOME-MN",45.775,2.966667,1461,1965020803,"","","","","","","","","","","","","","","","","","","","","","","","","","","","","","","","","","","","",-6.,1,-6.,1,"","","","","","","","","","","","","","","","","","","","","","","","","","",100,1,"","","","","","","","","","","","",3.9,1,"","","","","","","","","","","","","","","","","","","","","","","","","","","","","","","","","","","","","","","","","","","","","","","","","","","","","","","","","","","","","","","","","","","","","","","","","","","","","","","","","","","","","","","","","","","","","","","","","","","","","","","","","","","","","","","","","","","",""
"63263001","PUY-DE-DOME-MN",45.775,2.966667,1461,1965020806,"","","","",10.,1,30,1,"","","","","","","","","","","","","","","","","","","","","","","","","","","","",-6.2,1,-6.2,1,"","","","","","","","","","","","","","","","","","","","","","","","","","",100,1,"","","","","","","","","","","","",3.8,1,"","","","","","","","",9,1,"","","","","","","","","","","","","","","","","","","","","","","","","","","","","","","","",40,1,"","",49,1,4,1,"","",0,1,"","","","","","","","","","","","","","","","","","","","","","","","","","","","","","","","","","","","","","","","","","","","","","","","","","","","","","","","","","","","","",""
"63263001","PUY-DE-DOME-MN",45.775,2.966667,1461,1965020809,"","","","",11.,1,30,1,"","","","","","","","","","","","","","","","","","","","","","","","","","","","",-6.,1,-6.,1,"","","","","","","","","","","","","","","","","","","","","","","","","","",100,1,"","","","","","","","","","","","",3.9,1,"","","","","","","","",8,1,8,1,"","","","","","","","","","","","","","","","","","","","","","","","","","","","","","",40,1,"","",71,1,7,1,"","","","","","","","","","","","","","","","","","","","","","","","","","","","","","","","","","","","","","","","","","","","","","","","","","","","","","","","","","","","","","","","","",""
"63263001","PUY-DE-DOME-MN",45.775,2.966667,1461,1965020812,"","","","",14.,1,350,1,"","","","","","","","","","","","","","","","","","","","","","","","","","","","",-5.,1,-5.,1,"","","","","","","","","","","","","","","","","","","","","","","","","","",100,1,"","","","","","","","","","","","",4.2,1,"","","","","","","","",9,1,"","","","","","","","","","","","","","","","","","","","","","","","","","","","","","","","",40,1,"","",49,1,7,1,"","","","","","","","","","","","","","","","","","","","","","","","","","","","","","","","","","","","","","","","","","","","","","","","","","","","","","","","","","","","","","","","","",""
"63263001","PUY-DE-DOME-MN",45.775,2.966667,1461,1965020815,"","","","",20.,1,350,1,"","","","","","","","","","","","","","","","","","","","","","","","","","","","",-6.,1,-6.,1,"","","","","","","","","","","","","","","","","","","","","","","","","","",100,1,"","","","","","","","","","","","",3.9,1,"","","","","","","","",8,1,8,1,"","","","","","","","","","","","","","","","","","","","","","","","","","","","","","",40,1,"","",71,1,7,1,"","","","","","","","","","","","","","","","","","","","","","","","","","","","","","","","","","","","","","","","","","","","","","","","","","","","","","","","","","","","","","","","","",""
"63263001","PUY-DE-DOME-MN",45.775,2.966667,1461,1965020818,"","","","",15.,1,50,1,"","","","","","","","","","","","","","","","","","","","","","","","","","","","",-6.6,1,-6.6,1,"","","","","","","","","","","","","","","","","","","","","","","","","","",100,1,"","","","","","","","","","","","",3.7,1,"","","","","","","","",8,1,8,1,"","","","","","","","","","","","","","","","","","","","","","","","","","","","","","",40,1,"","",71,1,7,1,"","","","","","","","","","","","","","","","","","","","","","","","","","","","","","","","","","","","","","","","","","","","","","","","","","","","","","","","","","","","","","","","","",""
"63263001","PUY-DE-DOME-MN",45.775,2.966667,1461,1965020821,"","","","","","","","","","","","","","","","","","","","","","","","","","","","","","","","","","","","",-8.,1,-8.,1,"","","","","","","","","","","","","","","","","","","","","","","","","","",100,1,"","","","","","","","","","","","",3.3,1,"","","","","","","","","","","","","","","","","","","","","","","","","","","","","","","","","","","","","","","","","","","","","","","","","","","","","","","","","","","","","","","","","","","","","","","","","","","","","","","","","","","","","","","","","","","","","","","","","","","","","","","","","","","","","","","","","","","",""
"63263001","PUY-DE-DOME-MN",45.775,2.966667,1461,1965020900,"","","","","","","","","","","","","","","","","","","","","","","","","","","","","","","","","","","","",-10.,1,-10.,1,"","","","","","","","","","","","","","","","","","","","","","","","","","",100,1,"","","","","","","","","","","","",2.9,1,"","","","","","","","","","","","","","","","","","","","","","","","","","","","","","","","","","","","","","","","","","","","","","","","","","","","","","","","","","","","","","","","","","","","","","","","","","","","","","","","","","","","","","","","","","","","","","","","","","","","","","","","","","","","","","","","","","","",""
"63263001","PUY-DE-DOME-MN",45.775,2.966667,1461,1965020903,"","","","","","","","","","","","","","","","","","","","","","","","","","","","","","","","","","","","",-11.2,1,-11.2,1,"","","","","","","","","","","","","","","","","","","","","","","","","","",100,1,"","","","","","","","","","","","",2.6,1,"","","","","","","","","","","","","","","","","","","","","","","","","","","","","","","","","","","","","","","","","","","","","","","","","","","","","","","","","","","","","","","","","","","","","","","","","","","","","","","","","","","","","","","","","","","","","","","","","","","","","","","","","","","","","","","","","","","",""
"63263001","PUY-DE-DOME-MN",45.775,2.966667,1461,1965020906,"","","","",23.,1,70,1,"","","","","","","","","","","","","","","","","","","","","","","","","","","","",-12.,1,-12.,1,"","","","","","","","","","","","","","","","","","","","","","","","","","",100,1,"","","","","","","","","","","","",2.4,1,"","","","","","","","",8,1,8,1,"","","","","","","","","","","","","","","","","","","","","","","","","","","","","","",40,1,"","",71,1,7,1,"","",0,1,"","","","","","","","","","","","","","","","","","","","","","","","","","","","","","","","","","","","","","","","","","","","","","","","","","","","","","","","","","","","","",""
"63263001","PUY-DE-DOME-MN",45.775,2.966667,1461,1965020909,"","","","",25.,1,70,1,"","","","","","","","","","","","","","","","","","","","","","","","","","","","",-11.4,1,-11.4,1,"","","","","","","","","","","","","","","","","","","","","","","","","","",100,1,"","","","","","","","","","","","",2.6,1,"","","","","","","","",8,1,8,1,"","","","","","","","","","","","","","","","","","","","","","","","","","","","","","",40,1,"","",71,1,7,1,"","","","","","","","","","","","","","","","","","","","","","","","","","","","","","","","","","","","","","","","","","","","","","","","","","","","","","","","","","","","","","","","","",""
"63263001","PUY-DE-DOME-MN",45.775,2.966667,1461,1965020912,"","","","",22.,1,70,1,"","","","","","","","","","","","","","","","","","","","","","","","","","","","",-10.9,1,-10.9,1,"","","","","","","","","","","","","","","","","","","","","","","","","","",100,1,"","","","","","","","","","","","",2.7,1,"","","","","","","","",9,1,"","","","","","","","","","","","","","","","","","","","","","","","","","","","","","","","",40,1,"","",49,1,7,1,"","","","","","","","","","","","","","","","","","","","","","","","","","","","","","","","","","","","","","","","","","","","","","","","","","","","","","","","","","","","","","","","","",""
"63263001","PUY-DE-DOME-MN",45.775,2.966667,1461,1965020915,"","","","",22.,1,50,1,"","","","","","","","","","","","","","","","","","","","","","","","","","","","",-10.8,1,-10.8,1,"","","","","","","","","","","","","","","","","","","","","","","","","","",100,1,"","","","","","","","","","","","",2.7,1,"","","","","","","","",8,1,8,1,"","","","","","","","","","","","","","","","","","","","","","","","","","","","","","",100,1,"","",41,1,8,1,"","","","","","","","","","","","","","","","","","","","","","","","","","","","","","","","","","","","","","","","","","","","","","","","","","","","","","","","","","","","","","","","","",""
"63263001","PUY-DE-DOME-MN",45.775,2.966667,1461,1965020918,"","","","",25.,1,50,1,"","","","","","","","","","","","","","","","","","","","","","","","","","","","",-11.1,1,-11.1,1,"","","","","","","","","","","","","","","","","","","","","","","","","","",100,1,"","","","","","","","","","","","",2.6,1,"","","","","","","","",8,1,8,1,"","","","","","","","","","","","","","","","","","","","","","","","","","","","","","",100,1,"","",41,1,8,1,"","","","","","","","","","","","","","","","","","","","","","","","","","","","","","","","","","","","","","","","","","","","","","","","","","","","","","","","","","","","","","","","","",""
"63263001","PUY-DE-DOME-MN",45.775,2.966667,1461,1965020921,"","","","","","","","","","","","","","","","","","","","","","","","","","","","","","","","","","","","",-11.5,1,-11.5,1,"","","","","","","","","","","","","","","","","","","","","","","","","","",100,1,"","","","","","","","","","","","",2.5,1,"","","","","","","","","","","","","","","","","","","","","","","","","","","","","","","","","","","","","","","","","","","","","","","","","","","","","","","","","","","","","","","","","","","","","","","","","","","","","","","","","","","","","","","","","","","","","","","","","","","","","","","","","","","","","","","","","","","",""
"63263001","PUY-DE-DOME-MN",45.775,2.966667,1461,1965021000,"","","","","","","","","","","","","","","","","","","","","","","","","","","","","","","","","","","","",-12.7,1,-12.7,1,"","","","","","","","","","","","","","","","","","","","","","","","","","",100,1,"","","","","","","","","","","","",2.3,1,"","","","","","","","","","","","","","","","","","","","","","","","","","","","","","","","","","","","","","","","","","","","","","","","","","","","","","","","","","","","","","","","","","","","","","","","","","","","","","","","","","","","","","","","","","","","","","","","","","","","","","","","","","","","","","","","","","","",""
"63263001","PUY-DE-DOME-MN",45.775,2.966667,1461,1965021003,"","","","","","","","","","","","","","","","","","","","","","","","","","","","","","","","","","","","",-13.5,1,-14.7,1,"","","","","","","","","","","","","","","","","","","","","","","","","","",87,1,"","","","","","","","","","","","",1.9,1,"","","","","","","","","","","","","","","","","","","","","","","","","","","","","","","","","","","","","","","","","","","","","","","","","","","","","","","","","","","","","","","","","","","","","","","","","","","","","","","","","","","","","","","","","","","","","","","","","","","","","","","","","","","","","","","","","","","",""
"63263001","PUY-DE-DOME-MN",45.775,2.966667,1461,1965021006,"","","","",24.,1,70,1,"","","","","","","","","","","","","","","","","","","","","","","","","","","","",-14.1,1,-15.3,1,"","","","","","","","","","","","","","","","","","","","","","","","","","",87,1,"","","","","","","","","","","","",1.8,1,"","","","","","","","",0,1,"","",0,1,0,1,0,1,"","","","","","","","","","","","","","","","","","","","","","","","",80000,1,"","",2,1,4,1,"","",0,1,"","","","","","","","","","","","","","","","","","","","","","","","","","","","","","","","","","","","","","","","","","","","","","","","","","","","","","","","","","","","","",""
"63263001","PUY-DE-DOME-MN",45.775,2.966667,1461,1965021009,"","","","",21.,1,70,1,"","","","","","","","","","","","","","","","","","","","","","","","","","","","",-13.3,1,-14.7,1,"","","","","","","","","","","","","","","","","","","","","","","","","","",88,1,"","","","","","","","","","","","",1.9,1,"","","","","","","","",1,1,0,1,0,1,0,1,2,1,"","","","","","","","","","","","","","","","","","","","","","","","",50000,1,"","",2,1,0,1,"","","","","","","","","","","","","","","","","","","","","","","","","","","","","","","","","","","","","","","","","","","","","","","","","","","","","","","","","","","","","","","","","",""
"63263001","PUY-DE-DOME-MN",45.775,2.966667,1461,1965021012,"","","","",13.,1,50,1,"","","","","","","","","","","","","","","","","","","","","","","","","","","","",-10.7,1,-11.9,1,"","","","","","","","","","","","","","","","","","","","","","","","","","",87,1,"","","","","","","","","","","","",2.4,1,"","","","","","","","",1,1,0,1,0,1,0,1,2,1,"","","","","","","","","","","","","","","","","","","","","","","","",50000,1,"","",2,1,0,1,"","","","","","","","","","","","","","","","","","","","","","","","","","","","","","","","","","","","","","","","","","","","","","","","","","","","","","","","","","","","","","","","","",""
"63263001","PUY-DE-DOME-MN",45.775,2.966667,1461,1965021015,"","","","",15.,1,50,1,"","","","","","","","","","","","","","","","","","","","","","","","","","","","",-10.5,1,-12.9,1,"","","","","","","","","","","","","","","","","","","","","","","","","","",80,1,"","","","","","","","","","","","",2.2,1,"","","","","","","","",2,1,0,1,0,1,4,1,2,1,"","","","","","","","","","","","","","","","","","","","","","","","",50000,1,"","",3,1,0,1,"","","","","","","","","","","","","","","","","","","","","","","","","","","","","","","","","","","","","","","","","","","","","","","","","","","","","","","","","","","","","","","","","",""
"63263001","PUY-DE-DOME-MN",45.775,2.966667,1461,1965021018,"","","","",16.,1,30,1,"","","","","","","","","","","","","","","","","","","","","","","","","","","","",-10.2,1,-11.9,1,"","","","","","","","","","","","","","","","","","","","","","","","","","",84,1,"","","","","","","","","","","","",2.4,1,"","","","","","","","",2,1,0,1,5,1,4,1,2,1,"","","","","","","","","","","","","","","","","","","","","","","","",40000,1,"","",3,1,0,1,"","","","","","","","","","","","","","","","","","","","","","","","","","","","","","","","","","","","","","","","","","","","","","","","","","","","","","","","","","","","","","","","","",""
"63263001","PUY-DE-DOME-MN",45.775,2.966667,1461,1965021021,"","","","","","","","","","","","","","","","","","","","","","","","","","","","","","","","","","","","",-7.8,1,-7.8,1,"","","","","","","","","","","","","","","","","","","","","","","","","","",100,1,"","","","","","","","","","","","",3.4,1,"","","","","","","","","","","","","","","","","","","","","","","","","","","","","","","","","","","","","","","","","","","","","","","","","","","","","","","","","","","","","","","","","","","","","","","","","","","","","","","","","","","","","","","","","","","","","","","","","","","","","","","","","","","","","","","","","","","",""
"63263001","PUY-DE-DOME-MN",45.775,2.966667,1461,1965021100,"","","","","","","","","","","","","","","","","","","","","","","","","","","","","","","","","","","","",-6.7,1,-6.7,1,"","","","","","","","","","","","","","","","","","","","","","","","","","",100,1,"","","","","","","","","","","","",3.7,1,"","","","","","","","","","","","","","","","","","","","","","","","","","","","","","","","","","","","","","","","","","","","","","","","","","","","","","","","","","","","","","","","","","","","","","","","","","","","","","","","","","","","","","","","","","","","","","","","","","","","","","","","","","","","","","","","","","","",""
"63263001","PUY-DE-DOME-MN",45.775,2.966667,1461,1965021103,"","","","","","","","","","","","","","","","","","","","","","","","","","","","","","","","","","","","",-5.8,1,-5.8,1,"","","","","","","","","","","","","","","","","","","","","","","","","","",100,1,"","","","","","","","","","","","",4.,1,"","","","","","","","","","","","","","","","","","","","","","","","","","","","","","","","","","","","","","","","","","","","","","","","","","","","","","","","","","","","","","","","","","","","","","","","","","","","","","","","","","","","","","","","","","","","","","","","","","","","","","","","","","","","","","","","","","","",""
"63263001","PUY-DE-DOME-MN",45.775,2.966667,1461,1965021106,"","","","",21.,1,70,1,"","","","","","","","","","","","","","","","","","","","","","","","","","","","",-5.2,1,-5.2,1,"","","","","","","","","","","","","","","","","","","","","","","","","","",100,1,"","","","","","","","","","","","",4.1,1,"","","","","","","","",8,1,8,1,"","","","","","","","","","","","","","","","","","","","","","","","","","","","","","",40,1,"","",71,1,7,1,"","",0,1,"","","","","","","","","","","","","","","","","","","","","","","","","","","","","","","","","","","","","","","","","","","","","","","","","","","","","","","","","","","","","",""
"63263001","PUY-DE-DOME-MN",45.775,2.966667,1461,1965021109,"","","","",21.,1,70,1,"","","","","","","","","","","","","","","","","","","","","","","","","","","","",-5.,1,-5.,1,"","","","","","","","","","","","","","","","","","","","","","","","","","",100,1,"","","","","","","","","","","","",4.2,1,"","","","","","","","",8,1,8,1,"","","","","","","","","","","","","","","","","","","","","","","","","","","","","","",40,1,"","",71,1,7,1,"","","","","","","","","","","","","","","","","","","","","","","","","","","","","","","","","","","","","","","","","","","","","","","","","","","","","","","","","","","","","","","","","",""
"63263001","PUY-DE-DOME-MN",45.775,2.966667,1461,1965021112,"","","","",19.,1,70,1,"","","","","","","","","","","","","","","","","","","","","","","","","","","","",-4.4,1,-4.4,1,"","","","","","","","","","","","","","","","","","","","","","","","","","",100,1,"","","","","","","","","","","","",4.4,1,"","","","","","","","",9,1,"","","","","","","","","","","","","","","","","","","","","","","","","","","","","","","","",40,1,"","",49,1,7,1,"","","","","","","","","","","","","","","","","","","","","","","","","","","","","","","","","","","","","","","","","","","","","","","","","","","","","","","","","","","","","","","","","",""
"63263001","PUY-DE-DOME-MN",45.775,2.966667,1461,1965021115,"","","","",17.,1,70,1,"","","","","","","","","","","","","","","","","","","","","","","","","","","","",-4.2,1,-4.2,1,"","","","","","","","","","","","","","","","","","","","","","","","","","",100,1,"","","","","","","","","","","","",4.5,1,"","","","","","","","",9,1,"","","","","","","","","","","","","","","","","","","","","","","","","","","","","","","","",40,1,"","",49,1,4,1,"","","","","","","","","","","","","","","","","","","","","","","","","","","","","","","","","","","","","","","","","","","","","","","","","","","","","","","","","","","","","","","","","",""
"63263001","PUY-DE-DOME-MN",45.775,2.966667,1461,1965021118,"","","","",20.,1,70,1,"","","","","","","","","","","","","","","","","","","","","","","","","","","","",-4.8,1,-4.8,1,"","","","","","","","","","","","","","","","","","","","","","","","","","",100,1,"","","","","","","","","","","","",4.3,1,"","","","","","","","",9,1,"","","","","","","","","","","","","","","","","","","","","","","","","","","","","","","","",40,1,"","",49,1,4,1,"","","","","","","","","","","","","","","","","","","","","","","","","","","","","","","","","","","","","","","","","","","","","","","","","","","","","","","","","","","","","","","","","",""
"63263001","PUY-DE-DOME-MN",45.775,2.966667,1461,1965021121,"","","","","","","","","","","","","","","","","","","","","","","","","","","","","","","","","","","","",-5.1,1,-5.1,1,"","","","","","","","","","","","","","","","","","","","","","","","","","",100,1,"","","","","","","","","","","","",4.2,1,"","","","","","","","","","","","","","","","","","","","","","","","","","","","","","","","","","","","","","","","","","","","","","","","","","","","","","","","","","","","","","","","","","","","","","","","","","","","","","","","","","","","","","","","","","","","","","","","","","","","","","","","","","","","","","","","","","","",""
"63263001","PUY-DE-DOME-MN",45.775,2.966667,1461,1965021200,"","","","","","","","","","","","","","","","","","","","","","","","","","","","","","","","","","","","",-5.3,1,-5.3,1,"","","","","","","","","","","","","","","","","","","","","","","","","","",100,1,"","","","","","","","","","","","",4.1,1,"","","","","","","","","","","","","","","","","","","","","","","","","","","","","","","","","","","","","","","","","","","","","","","","","","","","","","","","","","","","","","","","","","","","","","","","","","","","","","","","","","","","","","","","","","","","","","","","","","","","","","","","","","","","","","","","","","","",""
"63263001","PUY-DE-DOME-MN",45.775,2.966667,1461,1965021203,"","","","","","","","","","","","","","","","","","","","","","","","","","","","","","","","","","","","",-5.7,1,-5.7,1,"","","","","","","","","","","","","","","","","","","","","","","","","","",100,1,"","","","","","","","","","","","",4.,1,"","","","","","","","","","","","","","","","","","","","","","","","","","","","","","","","","","","","","","","","","","","","","","","","","","","","","","","","","","","","","","","","","","","","","","","","","","","","","","","","","","","","","","","","","","","","","","","","","","","","","","","","","","","","","","","","","","","",""
"63263001","PUY-DE-DOME-MN",45.775,2.966667,1461,1965021206,"","","","",14.,1,50,1,"","","","","","","","","","","","","","","","","","","","","","","","","","","","",-6.,1,-6.,1,"","","","","","","","","","","","","","","","","","","","","","","","","","",100,1,"","","","","","","","","","","","",3.9,1,"","","","","","","","",9,1,"","","","","","","","","","","","","","","","","","","","","","","","","","","","","","","","",50,1,"","",49,1,4,1,"","",0,1,"","","","","","","","","","","","","","","","","","","","","","","","","","","","","","","","","","","","","","","","","","","","","","","","","","","","","","","","","","","","","",""
"63263001","PUY-DE-DOME-MN",45.775,2.966667,1461,1965021209,"","","","",13.,1,50,1,"","","","","","","","","","","","","","","","","","","","","","","","","","","","",-5.4,1,-5.4,1,"","","","","","","","","","","","","","","","","","","","","","","","","","",100,1,"","","","","","","","","","","","",4.1,1,"","","","","","","","",8,1,8,1,"","","","","","","","","","","","","","","","","","","","","","","","","","","","","","",50,1,"","",85,1,4,1,"","","","","","","","","","","","","","","","","","","","","","","","","","","","","","","","","","","","","","","","","","","","","","","","","","","","","","","","","","","","","","","","","",""
"63263001","PUY-DE-DOME-MN",45.775,2.966667,1461,1965021212,"","","","",10.,1,30,1,"","","","","","","","","","","","","","","","","","","","","","","","","","","","",-5.1,1,-5.1,1,"","","","","","","","","","","","","","","","","","","","","","","","","","",100,1,"","","","","","","","","","","","",4.2,1,"","","","","","","","",9,1,"","","","","","","","","","","","","","","","","","","","","","","","","","","","","","","","",50,1,"","",49,1,8,1,"","","","","","","","","","","","","","","","","","","","","","","","","","","","","","","","","","","","","","","","","","","","","","","","","","","","","","","","","","","","","","","","","",""
"63263001","PUY-DE-DOME-MN",45.775,2.966667,1461,1965021215,"","","","",10.,1,30,1,"","","","","","","","","","","","","","","","","","","","","","","","","","","","",-5.,1,-5.,1,"","","","","","","","","","","","","","","","","","","","","","","","","","",100,1,"","","","","","","","","","","","",4.2,1,"","","","","","","","",8,1,8,1,"","","","","","","","","","","","","","","","","","","","","","","","","","","","","","",100,1,"","",41,1,4,1,"","","","","","","","","","","","","","","","","","","","","","","","","","","","","","","","","","","","","","","","","","","","","","","","","","","","","","","","","","","","","","","","","",""
"63263001","PUY-DE-DOME-MN",45.775,2.966667,1461,1965021218,"","","","",8.,1,50,1,"","","","","","","","","","","","","","","","","","","","","","","","","","","","",-5.9,1,-5.9,1,"","","","","","","","","","","","","","","","","","","","","","","","","","",100,1,"","","","","","","","","","","","",3.9,1,"","","","","","","","",9,1,"","","","","","","","","","","","","","","","","","","","","","","","","","","","","","","","",60,1,"","",49,1,4,1,"","","","","","","","","","","","","","","","","","","","","","","","","","","","","","","","","","","","","","","","","","","","","","","","","","","","","","","","","","","","","","","","","",""
"63263001","PUY-DE-DOME-MN",45.775,2.966667,1461,1965021221,"","","","","","","","","","","","","","","","","","","","","","","","","","","","","","","","","","","","",-6.2,1,-6.2,1,"","","","","","","","","","","","","","","","","","","","","","","","","","",100,1,"","","","","","","","","","","","",3.8,1,"","","","","","","","","","","","","","","","","","","","","","","","","","","","","","","","","","","","","","","","","","","","","","","","","","","","","","","","","","","","","","","","","","","","","","","","","","","","","","","","","","","","","","","","","","","","","","","","","","","","","","","","","","","","","","","","","","","",""
"63263001","PUY-DE-DOME-MN",45.775,2.966667,1461,1965021300,"","","","","","","","","","","","","","","","","","","","","","","","","","","","","","","","","","","","",-6.6,1,-6.6,1,"","","","","","","","","","","","","","","","","","","","","","","","","","",100,1,"","","","","","","","","","","","",3.7,1,"","","","","","","","","","","","","","","","","","","","","","","","","","","","","","","","","","","","","","","","","","","","","","","","","","","","","","","","","","","","","","","","","","","","","","","","","","","","","","","","","","","","","","","","","","","","","","","","","","","","","","","","","","","","","","","","","","","",""
"63263001","PUY-DE-DOME-MN",45.775,2.966667,1461,1965021303,"","","","","","","","","","","","","","","","","","","","","","","","","","","","","","","","","","","","",-6.5,1,-6.5,1,"","","","","","","","","","","","","","","","","","","","","","","","","","",100,1,"","","","","","","","","","","","",3.8,1,"","","","","","","","","","","","","","","","","","","","","","","","","","","","","","","","","","","","","","","","","","","","","","","","","","","","","","","","","","","","","","","","","","","","","","","","","","","","","","","","","","","","","","","","","","","","","","","","","","","","","","","","","","","","","","","","","","","",""
"63263001","PUY-DE-DOME-MN",45.775,2.966667,1461,1965021306,"","","","",10.,1,290,1,"","","","","","","","","","","","","","","","","","","","","","","","","","","","",-6.6,1,-6.6,1,"","","","","","","","","","","","","","","","","","","","","","","","","","",100,1,"","","","","","","","","","","","",3.7,1,"","","","","","","","",9,1,"","","","","","","","","","","","","","","","","","","","","","","","","","","","","","","","",40,1,"","",49,1,4,1,"","",0,1,"","","","","","","","","","","","","","","","","","","","","","","","","","","","","","","","","","","","","","","","","","","","","","","","","","","","","","","","","","","","","",""
"63263001","PUY-DE-DOME-MN",45.775,2.966667,1461,1965021309,"","","","",17.,1,270,1,"","","","","","","","","","","","","","","","","","","","","","","","","","","","",-6.,1,-6.,1,"","","","","","","","","","","","","","","","","","","","","","","","","","",100,1,"","","","","","","","","","","","",3.9,1,"","","","","","","","",9,1,"","","","","","","","","","","","","","","","","","","","","","","","","","","","","","","","",40,1,"","",49,1,4,1,"","","","","","","","","","","","","","","","","","","","","","","","","","","","","","","","","","","","","","","","","","","","","","","","","","","","","","","","","","","","","","","","","",""
"63263001","PUY-DE-DOME-MN",45.775,2.966667,1461,1965021312,"","","","",14.,1,270,1,"","","","","","","","","","","","","","","","","","","","","","","","","","","","",-5.2,1,-5.2,1,"","","","","","","","","","","","","","","","","","","","","","","","","","",100,1,"","","","","","","","","","","","",4.1,1,"","","","","","","","",9,1,"","","","","","","","","","","","","","","","","","","","","","","","","","","","","","","","",40,1,"","",49,1,4,1,"","","","","","","","","","","","","","","","","","","","","","","","","","","","","","","","","","","","","","","","","","","","","","","","","","","","","","","","","","","","","","","","","",""
"63263001","PUY-DE-DOME-MN",45.775,2.966667,1461,1965021315,"","","","",12.,1,270,1,"","","","","","","","","","","","","","","","","","","","","","","","","","","","",-4.6,1,-4.6,1,"","","","","","","","","","","","","","","","","","","","","","","","","","",100,1,"","","","","","","","","","","","",4.3,1,"","","","","","","","",9,1,"","","","","","","","","","","","","","","","","","","","","","","","","","","","","","","","",40,1,"","",49,1,4,1,"","","","","","","","","","","","","","","","","","","","","","","","","","","","","","","","","","","","","","","","","","","","","","","","","","","","","","","","","","","","","","","","","",""
"63263001","PUY-DE-DOME-MN",45.775,2.966667,1461,1965021318,"","","","",16.,1,270,1,"","","","","","","","","","","","","","","","","","","","","","","","","","","","",-3.8,1,-3.8,1,"","","","","","","","","","","","","","","","","","","","","","","","","","",100,1,"","","","","","","","","","","","",4.6,1,"","","","","","","","",8,1,8,1,"","","","","","","","","","","","","","","","","","","","","","","","","","","","","","",40,1,"","",71,1,7,1,"","","","","","","","","","","","","","","","","","","","","","","","","","","","","","","","","","","","","","","","","","","","","","","","","","","","","","","","","","","","","","","","","",""
"63263001","PUY-DE-DOME-MN",45.775,2.966667,1461,1965021321,"","","","","","","","","","","","","","","","","","","","","","","","","","","","","","","","","","","","",-3.7,1,-3.7,1,"","","","","","","","","","","","","","","","","","","","","","","","","","",100,1,"","","","","","","","","","","","",4.6,1,"","","","","","","","","","","","","","","","","","","","","","","","","","","","","","","","","","","","","","","","","","","","","","","","","","","","","","","","","","","","","","","","","","","","","","","","","","","","","","","","","","","","","","","","","","","","","","","","","","","","","","","","","","","","","","","","","","","",""
"63263001","PUY-DE-DOME-MN",45.775,2.966667,1461,1965021400,"","","","","","","","","","","","","","","","","","","","","","","","","","","","","","","","","","","","",-3.2,1,-3.2,1,"","","","","","","","","","","","","","","","","","","","","","","","","","",100,1,"","","","","","","","","","","","",4.8,1,"","","","","","","","","","","","","","","","","","","","","","","","","","","","","","","","","","","","","","","","","","","","","","","","","","","","","","","","","","","","","","","","","","","","","","","","","","","","","","","","","","","","","","","","","","","","","","","","","","","","","","","","","","","","","","","","","","","",""
"63263001","PUY-DE-DOME-MN",45.775,2.966667,1461,1965021403,"","","","","","","","","","","","","","","","","","","","","","","","","","","","","","","","","","","","",-6.9,1,-6.9,1,"","","","","","","","","","","","","","","","","","","","","","","","","","",100,1,"","","","","","","","","","","","",3.6,1,"","","","","","","","","","","","","","","","","","","","","","","","","","","","","","","","","","","","","","","","","","","","","","","","","","","","","","","","","","","","","","","","","","","","","","","","","","","","","","","","","","","","","","","","","","","","","","","","","","","","","","","","","","","","","","","","","","","",""
"63263001","PUY-DE-DOME-MN",45.775,2.966667,1461,1965021406,"","","","",17.,1,330,1,"","","","","","","","","","","","","","","","","","","","","","","","","","","","",-7.,1,-7.,1,"","","","","","","","","","","","","","","","","","","","","","","","","","",100,1,"","","","","","","","","","","","",3.6,1,"","","","","","","","",8,1,8,1,"","","","","","","","","","","","","","","","","","","","","","","","","","","","","","",40,1,"","",71,1,7,1,"","",0,1,"","","","","","","","","","","","","","","","","","","","","","","","","","","","","","","","","","","","","","","","","","","","","","","","","","","","","","","","","","","","","",""
"63263001","PUY-DE-DOME-MN",45.775,2.966667,1461,1965021409,"","","","",18.,1,330,1,"","","","","","","","","","","","","","","","","","","","","","","","","","","","",-6.,1,-6.,1,"","","","","","","","","","","","","","","","","","","","","","","","","","",100,1,"","","","","","","","","","","","",3.9,1,"","","","","","","","",8,1,8,1,"","","","","","","","","","","","","","","","","","","","","","","","","","","","","","",40,1,"","",71,1,7,1,"","","","","","","","","","","","","","","","","","","","","","","","","","","","","","","","","","","","","","","","","","","","","","","","","","","","","","","","","","","","","","","","","",""
"63263001","PUY-DE-DOME-MN",45.775,2.966667,1461,1965021412,"","","","",13.,1,330,1,"","","","","","","","","","","","","","","","","","","","","","","","","","","","",-5.,1,-5.,1,"","","","","","","","","","","","","","","","","","","","","","","","","","",100,1,"","","","","","","","","","","","",4.2,1,"","","","","","","","",8,1,8,1,"","","","","","","","","","","","","","","","","","","","","","","","","","","","","","",40,1,"","",71,1,7,1,"","","","","","","","","","","","","","","","","","","","","","","","","","","","","","","","","","","","","","","","","","","","","","","","","","","","","","","","","","","","","","","","","",""
"63263001","PUY-DE-DOME-MN",45.775,2.966667,1461,1965021415,"","","","",22.,1,350,1,"","","","","","","","","","","","","","","","","","","","","","","","","","","","",-7.,1,-7.,1,"","","","","","","","","","","","","","","","","","","","","","","","","","",100,1,"","","","","","","","","","","","",3.6,1,"","","","","","","","",8,1,8,1,"","","","","","","","","","","","","","","","","","","","","","","","","","","","","","",40,1,"","",71,1,7,1,"","","","","","","","","","","","","","","","","","","","","","","","","","","","","","","","","","","","","","","","","","","","","","","","","","","","","","","","","","","","","","","","","",""
"63263001","PUY-DE-DOME-MN",45.775,2.966667,1461,1965021418,"","","","",15.,1,330,1,"","","","","","","","","","","","","","","","","","","","","","","","","","","","",-8.8,1,-8.8,1,"","","","","","","","","","","","","","","","","","","","","","","","","","",100,1,"","","","","","","","","","","","",3.1,1,"","","","","","","","",8,1,8,1,"","","","","","","","","","","","","","","","","","","","","","","","","","","","","","",40,1,"","",71,1,7,1,"","","","","","","","","","","","","","","","","","","","","","","","","","","","","","","","","","","","","","","","","","","","","","","","","","","","","","","","","","","","","","","","","",""
"63263001","PUY-DE-DOME-MN",45.775,2.966667,1461,1965021421,"","","","","","","","","","","","","","","","","","","","","","","","","","","","","","","","","","","","",-8.8,1,-8.8,1,"","","","","","","","","","","","","","","","","","","","","","","","","","",100,1,"","","","","","","","","","","","",3.1,1,"","","","","","","","","","","","","","","","","","","","","","","","","","","","","","","","","","","","","","","","","","","","","","","","","","","","","","","","","","","","","","","","","","","","","","","","","","","","","","","","","","","","","","","","","","","","","","","","","","","","","","","","","","","","","","","","","","","",""
"63263001","PUY-DE-DOME-MN",45.775,2.966667,1461,1965021500,"","","","","","","","","","","","","","","","","","","","","","","","","","","","","","","","","","","","",-9.,1,-9.,1,"","","","","","","","","","","","","","","","","","","","","","","","","","",100,1,"","","","","","","","","","","","",3.1,1,"","","","","","","","","","","","","","","","","","","","","","","","","","","","","","","","","","","","","","","","","","","","","","","","","","","","","","","","","","","","","","","","","","","","","","","","","","","","","","","","","","","","","","","","","","","","","","","","","","","","","","","","","","","","","","","","","","","",""
"63263001","PUY-DE-DOME-MN",45.775,2.966667,1461,1965021503,"","","","","","","","","","","","","","","","","","","","","","","","","","","","","","","","","","","","",-9.7,1,-9.7,1,"","","","","","","","","","","","","","","","","","","","","","","","","","",100,1,"","","","","","","","","","","","",2.9,1,"","","","","","","","","","","","","","","","","","","","","","","","","","","","","","","","","","","","","","","","","","","","","","","","","","","","","","","","","","","","","","","","","","","","","","","","","","","","","","","","","","","","","","","","","","","","","","","","","","","","","","","","","","","","","","","","","","","",""
"63263001","PUY-DE-DOME-MN",45.775,2.966667,1461,1965021506,"","","","",14.,1,50,1,"","","","","","","","","","","","","","","","","","","","","","","","","","","","",-9.,1,-9.,1,"","","","","","","","","","","","","","","","","","","","","","","","","","",100,1,"","","","","","","","","","","","",3.1,1,"","","","","","","","",8,1,8,1,"","","","","","","","","","","","","","","","","","","","","","","","","","","","","","",40,1,"","",71,1,7,1,"","",0,1,"","","","","","","","","","","","","","","","","","","","","","","","","","","","","","","","","","","","","","","","","","","","","","","","","","","","","","","","","","","","","",""
"63263001","PUY-DE-DOME-MN",45.775,2.966667,1461,1965021509,"","","","",18.,1,30,1,"","","","","","","","","","","","","","","","","","","","","","","","","","","","",-8.7,1,-8.7,1,"","","","","","","","","","","","","","","","","","","","","","","","","","",100,1,"","","","","","","","","","","","",3.2,1,"","","","","","","","",8,1,8,1,"","","","","","","","","","","","","","","","","","","","","","","","","","","","","","",40,1,"","",71,1,7,1,"","","","","","","","","","","","","","","","","","","","","","","","","","","","","","","","","","","","","","","","","","","","","","","","","","","","","","","","","","","","","","","","","",""
"63263001","PUY-DE-DOME-MN",45.775,2.966667,1461,1965021512,"","","","",20.,1,350,1,"","","","","","","","","","","","","","","","","","","","","","","","","","","","",-8.2,1,-8.2,1,"","","","","","","","","","","","","","","","","","","","","","","","","","",100,1,"","","","","","","","","","","","",3.3,1,"","","","","","","","",8,1,8,1,"","","","","","","","","","","","","","","","","","","","","","","","","","","","","","",40,1,"","",71,1,7,1,"","","","","","","","","","","","","","","","","","","","","","","","","","","","","","","","","","","","","","","","","","","","","","","","","","","","","","","","","","","","","","","","","",""
"63263001","PUY-DE-DOME-MN",45.775,2.966667,1461,1965021515,"","","","",17.,1,350,1,"","","","","","","","","","","","","","","","","","","","","","","","","","","","",-8.4,1,-8.4,1,"","","","","","","","","","","","","","","","","","","","","","","","","","",100,1,"","","","","","","","","","","","",3.2,1,"","","","","","","","",9,1,"","","","","","","","","","","","","","","","","","","","","","","","","","","","","","","","",40,1,"","",49,1,7,1,"","","","","","","","","","","","","","","","","","","","","","","","","","","","","","","","","","","","","","","","","","","","","","","","","","","","","","","","","","","","","","","","","",""
"63263001","PUY-DE-DOME-MN",45.775,2.966667,1461,1965021518,"","","","",16.,1,350,1,"","","","","","","","","","","","","","","","","","","","","","","","","","","","",-8.7,1,-8.7,1,"","","","","","","","","","","","","","","","","","","","","","","","","","",100,1,"","","","","","","","","","","","",3.2,1,"","","","","","","","",9,1,"","","","","","","","","","","","","","","","","","","","","","","","","","","","","","","","",40,1,"","",49,1,7,1,"","","","","","","","","","","","","","","","","","","","","","","","","","","","","","","","","","","","","","","","","","","","","","","","","","","","","","","","","","","","","","","","","",""
"63263001","PUY-DE-DOME-MN",45.775,2.966667,1461,1965021521,"","","","","","","","","","","","","","","","","","","","","","","","","","","","","","","","","","","","",-7.9,1,-7.9,1,"","","","","","","","","","","","","","","","","","","","","","","","","","",100,1,"","","","","","","","","","","","",3.4,1,"","","","","","","","","","","","","","","","","","","","","","","","","","","","","","","","","","","","","","","","","","","","","","","","","","","","","","","","","","","","","","","","","","","","","","","","","","","","","","","","","","","","","","","","","","","","","","","","","","","","","","","","","","","","","","","","","","","",""
"63263001","PUY-DE-DOME-MN",45.775,2.966667,1461,1965021600,"","","","","","","","","","","","","","","","","","","","","","","","","","","","","","","","","","","","",-7.4,1,-7.4,1,"","","","","","","","","","","","","","","","","","","","","","","","","","",100,1,"","","","","","","","","","","","",3.5,1,"","","","","","","","","","","","","","","","","","","","","","","","","","","","","","","","","","","","","","","","","","","","","","","","","","","","","","","","","","","","","","","","","","","","","","","","","","","","","","","","","","","","","","","","","","","","","","","","","","","","","","","","","","","","","","","","","","","",""
"63263001","PUY-DE-DOME-MN",45.775,2.966667,1461,1965021603,"","","","","","","","","","","","","","","","","","","","","","","","","","","","","","","","","","","","",-7.3,1,-7.3,1,"","","","","","","","","","","","","","","","","","","","","","","","","","",100,1,"","","","","","","","","","","","",3.5,1,"","","","","","","","","","","","","","","","","","","","","","","","","","","","","","","","","","","","","","","","","","","","","","","","","","","","","","","","","","","","","","","","","","","","","","","","","","","","","","","","","","","","","","","","","","","","","","","","","","","","","","","","","","","","","","","","","","","",""
"63263001","PUY-DE-DOME-MN",45.775,2.966667,1461,1965021606,"","","","",21.,1,330,1,"","","","","","","","","","","","","","","","","","","","","","","","","","","","",-7.2,1,-7.2,1,"","","","","","","","","","","","","","","","","","","","","","","","","","",100,1,"","","","","","","","","","","","",3.6,1,"","","","","","","","",8,1,8,1,"","","","","","","","","","","","","","","","","","","","","","","","","","","","","","",40,1,"","",71,1,7,1,"","",0,1,"","","","","","","","","","","","","","","","","","","","","","","","","","","","","","","","","","","","","","","","","","","","","","","","","","","","","","","","","","","","","",""
"63263001","PUY-DE-DOME-MN",45.775,2.966667,1461,1965021609,"","","","",16.,1,350,1,"","","","","","","","","","","","","","","","","","","","","","","","","","","","",-8.3,1,-8.3,1,"","","","","","","","","","","","","","","","","","","","","","","","","","",100,1,"","","","","","","","","","","","",3.3,1,"","","","","","","","",9,1,"","","","","","","","","","","","","","","","","","","","","","","","","","","","","","","","",40,1,"","",49,1,7,1,"","","","","","","","","","","","","","","","","","","","","","","","","","","","","","","","","","","","","","","","","","","","","","","","","","","","","","","","","","","","","","","","","",""
"63263001","PUY-DE-DOME-MN",45.775,2.966667,1461,1965021612,"","","","",14.,1,350,1,"","","","","","","","","","","","","","","","","","","","","","","","","","","","",-7.3,1,-7.3,1,"","","","","","","","","","","","","","","","","","","","","","","","","","",100,1,"","","","","","","","","","","","",3.5,1,"","","","","","","","",8,1,8,1,"","","","","","","","","","","","","","","","","","","","","","","","","","","","","","",40,1,"","",71,1,7,1,"","","","","","","","","","","","","","","","","","","","","","","","","","","","","","","","","","","","","","","","","","","","","","","","","","","","","","","","","","","","","","","","","",""
"63263001","PUY-DE-DOME-MN",45.775,2.966667,1461,1965021615,"","","","",13.,1,30,1,"","","","","","","","","","","","","","","","","","","","","","","","","","","","",-7.6,1,-7.6,1,"","","","","","","","","","","","","","","","","","","","","","","","","","",100,1,"","","","","","","","","","","","",3.4,1,"","","","","","","","",9,1,"","","","","","","","","","","","","","","","","","","","","","","","","","","","","","","","",100,1,"","",49,1,7,1,"","","","","","","","","","","","","","","","","","","","","","","","","","","","","","","","","","","","","","","","","","","","","","","","","","","","","","","","","","","","","","","","","",""
"63263001","PUY-DE-DOME-MN",45.775,2.966667,1461,1965021618,"","","","",15.,1,350,1,"","","","","","","","","","","","","","","","","","","","","","","","","","","","",-7.8,1,-7.8,1,"","","","","","","","","","","","","","","","","","","","","","","","","","",100,1,"","","","","","","","","","","","",3.4,1,"","","","","","","","",9,1,"","","","","","","","","","","","","","","","","","","","","","","","","","","","","","","","",40,1,"","",49,1,7,1,"","","","","","","","","","","","","","","","","","","","","","","","","","","","","","","","","","","","","","","","","","","","","","","","","","","","","","","","","","","","","","","","","",""
"63263001","PUY-DE-DOME-MN",45.775,2.966667,1461,1965021621,"","","","","","","","","","","","","","","","","","","","","","","","","","","","","","","","","","","","",-7.6,1,-7.6,1,"","","","","","","","","","","","","","","","","","","","","","","","","","",100,1,"","","","","","","","","","","","",3.4,1,"","","","","","","","","","","","","","","","","","","","","","","","","","","","","","","","","","","","","","","","","","","","","","","","","","","","","","","","","","","","","","","","","","","","","","","","","","","","","","","","","","","","","","","","","","","","","","","","","","","","","","","","","","","","","","","","","","","",""
"63263001","PUY-DE-DOME-MN",45.775,2.966667,1461,1965021700,"","","","","","","","","","","","","","","","","","","","","","","","","","","","","","","","","","","","",-7.6,1,-7.6,1,"","","","","","","","","","","","","","","","","","","","","","","","","","",100,1,"","","","","","","","","","","","",3.4,1,"","","","","","","","","","","","","","","","","","","","","","","","","","","","","","","","","","","","","","","","","","","","","","","","","","","","","","","","","","","","","","","","","","","","","","","","","","","","","","","","","","","","","","","","","","","","","","","","","","","","","","","","","","","","","","","","","","","",""
"63263001","PUY-DE-DOME-MN",45.775,2.966667,1461,1965021703,"","","","","","","","","","","","","","","","","","","","","","","","","","","","","","","","","","","","",-9.2,1,-9.2,1,"","","","","","","","","","","","","","","","","","","","","","","","","","",100,1,"","","","","","","","","","","","",3.,1,"","","","","","","","","","","","","","","","","","","","","","","","","","","","","","","","","","","","","","","","","","","","","","","","","","","","","","","","","","","","","","","","","","","","","","","","","","","","","","","","","","","","","","","","","","","","","","","","","","","","","","","","","","","","","","","","","","","",""
"63263001","PUY-DE-DOME-MN",45.775,2.966667,1461,1965021706,"","","","",12.,1,350,1,"","","","","","","","","","","","","","","","","","","","","","","","","","","","",-9.6,1,-9.6,1,"","","","","","","","","","","","","","","","","","","","","","","","","","",100,1,"","","","","","","","","","","","",2.9,1,"","","","","","","","",9,1,"","","","","","","","","","","","","","","","","","","","","","","","","","","","","","","","",40,1,"","",49,1,7,1,"","",0,1,"","","","","","","","","","","","","","","","","","","","","","","","","","","","","","","","","","","","","","","","","","","","","","","","","","","","","","","","","","","","","",""
"63263001","PUY-DE-DOME-MN",45.775,2.966667,1461,1965021709,"","","","",9.,1,50,1,"","","","","","","","","","","","","","","","","","","","","","","","","","","","",-9.5,1,-9.5,1,"","","","","","","","","","","","","","","","","","","","","","","","","","",100,1,"","","","","","","","","","","","",3.,1,"","","","","","","","",8,1,8,1,"","","","","","","","","","","","","","","","","","","","","","","","","","","","","","",40,1,"","",71,1,7,1,"","","","","","","","","","","","","","","","","","","","","","","","","","","","","","","","","","","","","","","","","","","","","","","","","","","","","","","","","","","","","","","","","",""
"63263001","PUY-DE-DOME-MN",45.775,2.966667,1461,1965021712,"","","","",12.,1,30,1,"","","","","","","","","","","","","","","","","","","","","","","","","","","","",-8.3,1,-8.3,1,"","","","","","","","","","","","","","","","","","","","","","","","","","",100,1,"","","","","","","","","","","","",3.3,1,"","","","","","","","",8,1,8,1,"","","","","","","","","","","","","","","","","","","","","","","","","","","","","","",40,1,"","",71,1,7,1,"","","","","","","","","","","","","","","","","","","","","","","","","","","","","","","","","","","","","","","","","","","","","","","","","","","","","","","","","","","","","","","","","",""
"63263001","PUY-DE-DOME-MN",45.775,2.966667,1461,1965021715,"","","","",14.,1,30,1,"","","","","","","","","","","","","","","","","","","","","","","","","","","","",-9.7,1,-9.7,1,"","","","","","","","","","","","","","","","","","","","","","","","","","",100,1,"","","","","","","","","","","","",2.9,1,"","","","","","","","",8,1,8,1,"","","","","","","","","","","","","","","","","","","","","","","","","","","","","","",40,1,"","",71,1,7,1,"","","","","","","","","","","","","","","","","","","","","","","","","","","","","","","","","","","","","","","","","","","","","","","","","","","","","","","","","","","","","","","","","",""
"63263001","PUY-DE-DOME-MN",45.775,2.966667,1461,1965021718,"","","","",15.,1,50,1,"","","","","","","","","","","","","","","","","","","","","","","","","","","","",-11.1,1,-11.1,1,"","","","","","","","","","","","","","","","","","","","","","","","","","",100,1,"","","","","","","","","","","","",2.6,1,"","","","","","","","",8,1,8,1,"","","","","","","","","","","","","","","","","","","","","","","","","","","","","","",40,1,"","",71,1,7,1,"","","","","","","","","","","","","","","","","","","","","","","","","","","","","","","","","","","","","","","","","","","","","","","","","","","","","","","","","","","","","","","","","",""
"63263001","PUY-DE-DOME-MN",45.775,2.966667,1461,1965021721,"","","","","","","","","","","","","","","","","","","","","","","","","","","","","","","","","","","","",-10.9,1,-10.9,1,"","","","","","","","","","","","","","","","","","","","","","","","","","",100,1,"","","","","","","","","","","","",2.7,1,"","","","","","","","","","","","","","","","","","","","","","","","","","","","","","","","","","","","","","","","","","","","","","","","","","","","","","","","","","","","","","","","","","","","","","","","","","","","","","","","","","","","","","","","","","","","","","","","","","","","","","","","","","","","","","","","","","","",""
"63263001","PUY-DE-DOME-MN",45.775,2.966667,1461,1965021800,"","","","","","","","","","","","","","","","","","","","","","","","","","","","","","","","","","","","",-12.2,1,-12.2,1,"","","","","","","","","","","","","","","","","","","","","","","","","","",100,1,"","","","","","","","","","","","",2.4,1,"","","","","","","","","","","","","","","","","","","","","","","","","","","","","","","","","","","","","","","","","","","","","","","","","","","","","","","","","","","","","","","","","","","","","","","","","","","","","","","","","","","","","","","","","","","","","","","","","","","","","","","","","","","","","","","","","","","",""
"63263001","PUY-DE-DOME-MN",45.775,2.966667,1461,1965021803,"","","","","","","","","","","","","","","","","","","","","","","","","","","","","","","","","","","","",-13.8,1,-13.8,1,"","","","","","","","","","","","","","","","","","","","","","","","","","",100,1,"","","","","","","","","","","","",2.1,1,"","","","","","","","","","","","","","","","","","","","","","","","","","","","","","","","","","","","","","","","","","","","","","","","","","","","","","","","","","","","","","","","","","","","","","","","","","","","","","","","","","","","","","","","","","","","","","","","","","","","","","","","","","","","","","","","","","","",""
"63263001","PUY-DE-DOME-MN",45.775,2.966667,1461,1965021806,"","","","",25.,1,90,1,"","","","","","","","","","","","","","","","","","","","","","","","","","","","",-14.3,1,-14.3,1,"","","","","","","","","","","","","","","","","","","","","","","","","","",100,1,"","","","","","","","","","","","",2.,1,"","","","","","","","",9,1,"","","","","","","","","","","","","","","","","","","","","","","","","","","","","","","","",40,1,"","",49,1,4,1,"","",0,1,"","","","","","","","","","","","","","","","","","","","","","","","","","","","","","","","","","","","","","","","","","","","","","","","","","","","","","","","","","","","","",""
"63263001","PUY-DE-DOME-MN",45.775,2.966667,1461,1965021809,"","","","",23.,1,70,1,"","","","","","","","","","","","","","","","","","","","","","","","","","","","",-14.2,1,-14.2,1,"","","","","","","","","","","","","","","","","","","","","","","","","","",100,1,"","","","","","","","","","","","",2.1,1,"","","","","","","","",8,1,8,1,"","","","","","","","","","","","","","","","","","","","","","","","","","","","","","",30,1,"","",71,1,4,1,"","","","","","","","","","","","","","","","","","","","","","","","","","","","","","","","","","","","","","","","","","","","","","","","","","","","","","","","","","","","","","","","","",""
"63263001","PUY-DE-DOME-MN",45.775,2.966667,1461,1965021812,"","","","",18.,1,70,1,"","","","","","","","","","","","","","","","","","","","","","","","","","","","",-13.,1,-13.,1,"","","","","","","","","","","","","","","","","","","","","","","","","","",100,1,"","","","","","","","","","","","",2.3,1,"","","","","","","","",8,1,8,1,"","","","","","","","","","","","","","","","","","","","","","","","","","","","","","",30,1,"","",71,1,7,1,"","","","","","","","","","","","","","","","","","","","","","","","","","","","","","","","","","","","","","","","","","","","","","","","","","","","","","","","","","","","","","","","","",""
"63263001","PUY-DE-DOME-MN",45.775,2.966667,1461,1965021815,"","","","",19.,1,70,1,"","","","","","","","","","","","","","","","","","","","","","","","","","","","",-11.8,1,-11.8,1,"","","","","","","","","","","","","","","","","","","","","","","","","","",100,1,"","","","","","","","","","","","",2.5,1,"","","","","","","","",8,1,8,1,"","","","","","","","","","","","","","","","","","","","","","","","","","","","","","",30,1,"","",71,1,7,1,"","","","","","","","","","","","","","","","","","","","","","","","","","","","","","","","","","","","","","","","","","","","","","","","","","","","","","","","","","","","","","","","","",""
"63263001","PUY-DE-DOME-MN",45.775,2.966667,1461,1965021818,"","","","",20.,1,70,1,"","","","","","","","","","","","","","","","","","","","","","","","","","","","",-11.,1,-11.,1,"","","","","","","","","","","","","","","","","","","","","","","","","","",100,1,"","","","","","","","","","","","",2.6,1,"","","","","","","","",8,1,8,1,"","","","","","","","","","","","","","","","","","","","","","","","","","","","","","",30,1,"","",71,1,7,1,"","","","","","","","","","","","","","","","","","","","","","","","","","","","","","","","","","","","","","","","","","","","","","","","","","","","","","","","","","","","","","","","","",""
"63263001","PUY-DE-DOME-MN",45.775,2.966667,1461,1965021821,"","","","","","","","","","","","","","","","","","","","","","","","","","","","","","","","","","","","",-11.,1,-11.,1,"","","","","","","","","","","","","","","","","","","","","","","","","","",100,1,"","","","","","","","","","","","",2.6,1,"","","","","","","","","","","","","","","","","","","","","","","","","","","","","","","","","","","","","","","","","","","","","","","","","","","","","","","","","","","","","","","","","","","","","","","","","","","","","","","","","","","","","","","","","","","","","","","","","","","","","","","","","","","","","","","","","","","",""
"63263001","PUY-DE-DOME-MN",45.775,2.966667,1461,1965021900,"","","","","","","","","","","","","","","","","","","","","","","","","","","","","","","","","","","","",-11.,1,-11.,1,"","","","","","","","","","","","","","","","","","","","","","","","","","",100,1,"","","","","","","","","","","","",2.6,1,"","","","","","","","","","","","","","","","","","","","","","","","","","","","","","","","","","","","","","","","","","","","","","","","","","","","","","","","","","","","","","","","","","","","","","","","","","","","","","","","","","","","","","","","","","","","","","","","","","","","","","","","","","","","","","","","","","","",""
"63263001","PUY-DE-DOME-MN",45.775,2.966667,1461,1965021903,"","","","","","","","","","","","","","","","","","","","","","","","","","","","","","","","","","","","",-10.8,1,-10.8,1,"","","","","","","","","","","","","","","","","","","","","","","","","","",100,1,"","","","","","","","","","","","",2.7,1,"","","","","","","","","","","","","","","","","","","","","","","","","","","","","","","","","","","","","","","","","","","","","","","","","","","","","","","","","","","","","","","","","","","","","","","","","","","","","","","","","","","","","","","","","","","","","","","","","","","","","","","","","","","","","","","","","","","",""
"63263001","PUY-DE-DOME-MN",45.775,2.966667,1461,1965021906,"","","","",16.,1,70,1,"","","","","","","","","","","","","","","","","","","","","","","","","","","","",-10.6,1,-10.6,1,"","","","","","","","","","","","","","","","","","","","","","","","","","",100,1,"","","","","","","","","","","","",2.7,1,"","","","","","","","",8,1,8,1,"","","","","","","","","","","","","","","","","","","","","","","","","","","","","","",30,1,"","",71,1,7,1,"","",0,1,"","","","","","","","","","","","","","","","","","","","","","","","","","","","","","","","","","","","","","","","","","","","","","","","","","","","","","","","","","","","","",""
"63263001","PUY-DE-DOME-MN",45.775,2.966667,1461,1965021909,"","","","",18.,1,70,1,"","","","","","","","","","","","","","","","","","","","","","","","","","","","",-10.2,1,-10.2,1,"","","","","","","","","","","","","","","","","","","","","","","","","","",100,1,"","","","","","","","","","","","",2.8,1,"","","","","","","","",8,1,8,1,"","","","","","","","","","","","","","","","","","","","","","","","","","","","","","",30,1,"","",71,1,7,1,"","","","","","","","","","","","","","","","","","","","","","","","","","","","","","","","","","","","","","","","","","","","","","","","","","","","","","","","","","","","","","","","","",""
"63263001","PUY-DE-DOME-MN",45.775,2.966667,1461,1965021912,"","","","",14.,1,70,1,"","","","","","","","","","","","","","","","","","","","","","","","","","","","",-9.4,1,-9.4,1,"","","","","","","","","","","","","","","","","","","","","","","","","","",100,1,"","","","","","","","","","","","",3.,1,"","","","","","","","",9,1,"","","","","","","","","","","","","","","","","","","","","","","","","","","","","","","","",30,1,"","",49,1,7,1,"","","","","","","","","","","","","","","","","","","","","","","","","","","","","","","","","","","","","","","","","","","","","","","","","","","","","","","","","","","","","","","","","",""
"63263001","PUY-DE-DOME-MN",45.775,2.966667,1461,1965021915,"","","","",11.,1,70,1,"","","","","","","","","","","","","","","","","","","","","","","","","","","","",-9.3,1,-9.3,1,"","","","","","","","","","","","","","","","","","","","","","","","","","",100,1,"","","","","","","","","","","","",3.,1,"","","","","","","","",9,1,"","","","","","","","","","","","","","","","","","","","","","","","","","","","","","","","",30,1,"","",49,1,4,1,"","","","","","","","","","","","","","","","","","","","","","","","","","","","","","","","","","","","","","","","","","","","","","","","","","","","","","","","","","","","","","","","","",""
"63263001","PUY-DE-DOME-MN",45.775,2.966667,1461,1965021918,"","","","",11.,1,70,1,"","","","","","","","","","","","","","","","","","","","","","","","","","","","",-9.5,1,-9.5,1,"","","","","","","","","","","","","","","","","","","","","","","","","","",100,1,"","","","","","","","","","","","",3.,1,"","","","","","","","",9,1,"","","","","","","","","","","","","","","","","","","","","","","","","","","","","","","","",30,1,"","",49,1,4,1,"","","","","","","","","","","","","","","","","","","","","","","","","","","","","","","","","","","","","","","","","","","","","","","","","","","","","","","","","","","","","","","","","",""
"63263001","PUY-DE-DOME-MN",45.775,2.966667,1461,1965021921,"","","","","","","","","","","","","","","","","","","","","","","","","","","","","","","","","","","","",-9.8,1,-9.8,1,"","","","","","","","","","","","","","","","","","","","","","","","","","",100,1,"","","","","","","","","","","","",2.9,1,"","","","","","","","","","","","","","","","","","","","","","","","","","","","","","","","","","","","","","","","","","","","","","","","","","","","","","","","","","","","","","","","","","","","","","","","","","","","","","","","","","","","","","","","","","","","","","","","","","","","","","","","","","","","","","","","","","","",""
"63263001","PUY-DE-DOME-MN",45.775,2.966667,1461,1965022000,"","","","","","","","","","","","","","","","","","","","","","","","","","","","","","","","","","","","",-9.7,1,-9.7,1,"","","","","","","","","","","","","","","","","","","","","","","","","","",100,1,"","","","","","","","","","","","",2.9,1,"","","","","","","","","","","","","","","","","","","","","","","","","","","","","","","","","","","","","","","","","","","","","","","","","","","","","","","","","","","","","","","","","","","","","","","","","","","","","","","","","","","","","","","","","","","","","","","","","","","","","","","","","","","","","","","","","","","",""
"63263001","PUY-DE-DOME-MN",45.775,2.966667,1461,1965022003,"","","","","","","","","","","","","","","","","","","","","","","","","","","","","","","","","","","","",-10.1,1,-10.1,1,"","","","","","","","","","","","","","","","","","","","","","","","","","",100,1,"","","","","","","","","","","","",2.8,1,"","","","","","","","","","","","","","","","","","","","","","","","","","","","","","","","","","","","","","","","","","","","","","","","","","","","","","","","","","","","","","","","","","","","","","","","","","","","","","","","","","","","","","","","","","","","","","","","","","","","","","","","","","","","","","","","","","","",""
"63263001","PUY-DE-DOME-MN",45.775,2.966667,1461,1965022006,"","","","",8.,1,70,1,"","","","","","","","","","","","","","","","","","","","","","","","","","","","",-10.3,1,-10.3,1,"","","","","","","","","","","","","","","","","","","","","","","","","","",100,1,"","","","","","","","","","","","",2.8,1,"","","","","","","","",9,1,"","","","","","","","","","","","","","","","","","","","","","","","","","","","","","","","",30,1,"","",49,1,4,1,"","",0,1,"","","","","","","","","","","","","","","","","","","","","","","","","","","","","","","","","","","","","","","","","","","","","","","","","","","","","","","","","","","","","",""
"63263001","PUY-DE-DOME-MN",45.775,2.966667,1461,1965022009,"","","","",7.,1,70,1,"","","","","","","","","","","","","","","","","","","","","","","","","","","","",-9.7,1,-9.7,1,"","","","","","","","","","","","","","","","","","","","","","","","","","",100,1,"","","","","","","","","","","","",2.9,1,"","","","","","","","",9,1,"","","","","","","","","","","","","","","","","","","","","","","","","","","","","","","","",30,1,"","",49,1,4,1,"","","","","","","","","","","","","","","","","","","","","","","","","","","","","","","","","","","","","","","","","","","","","","","","","","","","","","","","","","","","","","","","","",""
"63263001","PUY-DE-DOME-MN",45.775,2.966667,1461,1965022012,"","","","",7.,1,70,1,"","","","","","","","","","","","","","","","","","","","","","","","","","","","",-8.5,1,-8.5,1,"","","","","","","","","","","","","","","","","","","","","","","","","","",100,1,"","","","","","","","","","","","",3.2,1,"","","","","","","","",9,1,"","","","","","","","","","","","","","","","","","","","","","","","","","","","","","","","",40,1,"","",49,1,4,1,"","","","","","","","","","","","","","","","","","","","","","","","","","","","","","","","","","","","","","","","","","","","","","","","","","","","","","","","","","","","","","","","","",""
"63263001","PUY-DE-DOME-MN",45.775,2.966667,1461,1965022015,"","","","",5.,1,70,1,"","","","","","","","","","","","","","","","","","","","","","","","","","","","",-8.9,1,-8.9,1,"","","","","","","","","","","","","","","","","","","","","","","","","","",100,1,"","","","","","","","","","","","",3.1,1,"","","","","","","","",9,1,"","","","","","","","","","","","","","","","","","","","","","","","","","","","","","","","",100,1,"","",49,1,4,1,"","","","","","","","","","","","","","","","","","","","","","","","","","","","","","","","","","","","","","","","","","","","","","","","","","","","","","","","","","","","","","","","","",""
"63263001","PUY-DE-DOME-MN",45.775,2.966667,1461,1965022018,"","","","",10.,1,70,1,"","","","","","","","","","","","","","","","","","","","","","","","","","","","",-10.8,1,-10.8,1,"","","","","","","","","","","","","","","","","","","","","","","","","","",100,1,"","","","","","","","","","","","",2.7,1,"","","","","","","","",9,1,"","","","","","","","","","","","","","","","","","","","","","","","","","","","","","","","",40,1,"","",49,1,4,1,"","","","","","","","","","","","","","","","","","","","","","","","","","","","","","","","","","","","","","","","","","","","","","","","","","","","","","","","","","","","","","","","","",""
"63263001","PUY-DE-DOME-MN",45.775,2.966667,1461,1965022021,"","","","","","","","","","","","","","","","","","","","","","","","","","","","","","","","","","","","",-11.5,1,-11.5,1,"","","","","","","","","","","","","","","","","","","","","","","","","","",100,1,"","","","","","","","","","","","",2.5,1,"","","","","","","","","","","","","","","","","","","","","","","","","","","","","","","","","","","","","","","","","","","","","","","","","","","","","","","","","","","","","","","","","","","","","","","","","","","","","","","","","","","","","","","","","","","","","","","","","","","","","","","","","","","","","","","","","","","",""
"63263001","PUY-DE-DOME-MN",45.775,2.966667,1461,1965022100,"","","","","","","","","","","","","","","","","","","","","","","","","","","","","","","","","","","","",-11.6,1,-11.6,1,"","","","","","","","","","","","","","","","","","","","","","","","","","",100,1,"","","","","","","","","","","","",2.5,1,"","","","","","","","","","","","","","","","","","","","","","","","","","","","","","","","","","","","","","","","","","","","","","","","","","","","","","","","","","","","","","","","","","","","","","","","","","","","","","","","","","","","","","","","","","","","","","","","","","","","","","","","","","","","","","","","","","","",""
"63263001","PUY-DE-DOME-MN",45.775,2.966667,1461,1965022103,"","","","","","","","","","","","","","","","","","","","","","","","","","","","","","","","","","","","",-11.7,1,-11.7,1,"","","","","","","","","","","","","","","","","","","","","","","","","","",100,1,"","","","","","","","","","","","",2.5,1,"","","","","","","","","","","","","","","","","","","","","","","","","","","","","","","","","","","","","","","","","","","","","","","","","","","","","","","","","","","","","","","","","","","","","","","","","","","","","","","","","","","","","","","","","","","","","","","","","","","","","","","","","","","","","","","","","","","",""
"63263001","PUY-DE-DOME-MN",45.775,2.966667,1461,1965022106,"","","","",3.,1,90,1,"","","","","","","","","","","","","","","","","","","","","","","","","","","","",-11.7,1,-11.7,1,"","","","","","","","","","","","","","","","","","","","","","","","","","",100,1,"","","","","","","","","","","","",2.5,1,"","","","","","","","",9,1,"","","","","","","","","","","","","","","","","","","","","","","","","","","","","","","","",40,1,"","",49,1,4,1,"","",0,1,"","","","","","","","","","","","","","","","","","","","","","","","","","","","","","","","","","","","","","","","","","","","","","","","","","","","","","","","","","","","","",""
"63263001","PUY-DE-DOME-MN",45.775,2.966667,1461,1965022109,"","","","",3.,1,150,1,"","","","","","","","","","","","","","","","","","","","","","","","","","","","",-11.,1,-11.,1,"","","","","","","","","","","","","","","","","","","","","","","","","","",100,1,"","","","","","","","","","","","",2.6,1,"","","","","","","","",8,1,8,1,"","","","","","","","","","","","","","","","","","","","","","","","","","","","","","",40,1,"","",71,1,4,1,"","","","","","","","","","","","","","","","","","","","","","","","","","","","","","","","","","","","","","","","","","","","","","","","","","","","","","","","","","","","","","","","","",""
"63263001","PUY-DE-DOME-MN",45.775,2.966667,1461,1965022112,"","","","",6.,1,150,1,"","","","","","","","","","","","","","","","","","","","","","","","","","","","",-9.4,1,-9.4,1,"","","","","","","","","","","","","","","","","","","","","","","","","","",100,1,"","","","","","","","","","","","",3.,1,"","","","","","","","",9,1,"","","","","","","","","","","","","","","","","","","","","","","","","","","","","","","","",40,1,"","",49,1,7,1,"","","","","","","","","","","","","","","","","","","","","","","","","","","","","","","","","","","","","","","","","","","","","","","","","","","","","","","","","","","","","","","","","",""
"63263001","PUY-DE-DOME-MN",45.775,2.966667,1461,1965022115,"","","","",12.,1,130,1,"","","","","","","","","","","","","","","","","","","","","","","","","","","","",-8.4,1,-8.4,1,"","","","","","","","","","","","","","","","","","","","","","","","","","",100,1,"","","","","","","","","","","","",3.2,1,"","","","","","","","",9,1,"","","","","","","","","","","","","","","","","","","","","","","","","","","","","","","","",100,1,"","",49,1,4,1,"","","","","","","","","","","","","","","","","","","","","","","","","","","","","","","","","","","","","","","","","","","","","","","","","","","","","","","","","","","","","","","","","",""
"63263001","PUY-DE-DOME-MN",45.775,2.966667,1461,1965022118,"","","","",7.,1,130,1,"","","","","","","","","","","","","","","","","","","","","","","","","","","","",-9.,1,-10.4,1,"","","","","","","","","","","","","","","","","","","","","","","","","","",89,1,"","","","","","","","","","","","",2.7,1,"","","","","","","","",0,1,"","",0,1,0,1,0,1,"","","","","","","","","","","","","","","","","","","","","","","","",20000,1,"","",2,1,4,1,"","","","","","","","","","","","","","","","","","","","","","","","","","","","","","","","","","","","","","","","","","","","","","","","","","","","","","","","","","","","","","","","","",""
"63263001","PUY-DE-DOME-MN",45.775,2.966667,1461,1965022121,"","","","","","","","","","","","","","","","","","","","","","","","","","","","","","","","","","","","",-8.,1,-8.,1,"","","","","","","","","","","","","","","","","","","","","","","","","","",100,1,"","","","","","","","","","","","",3.3,1,"","","","","","","","","","","","","","","","","","","","","","","","","","","","","","","","","","","","","","","","","","","","","","","","","","","","","","","","","","","","","","","","","","","","","","","","","","","","","","","","","","","","","","","","","","","","","","","","","","","","","","","","","","","","","","","","","","","",""
"63263001","PUY-DE-DOME-MN",45.775,2.966667,1461,1965022200,"","","","","","","","","","","","","","","","","","","","","","","","","","","","","","","","","","","","",-7.8,1,-7.8,1,"","","","","","","","","","","","","","","","","","","","","","","","","","",100,1,"","","","","","","","","","","","",3.4,1,"","","","","","","","","","","","","","","","","","","","","","","","","","","","","","","","","","","","","","","","","","","","","","","","","","","","","","","","","","","","","","","","","","","","","","","","","","","","","","","","","","","","","","","","","","","","","","","","","","","","","","","","","","","","","","","","","","","",""
"63263001","PUY-DE-DOME-MN",45.775,2.966667,1461,1965022203,"","","","","","","","","","","","","","","","","","","","","","","","","","","","","","","","","","","","",-7.2,1,-7.2,1,"","","","","","","","","","","","","","","","","","","","","","","","","","",100,1,"","","","","","","","","","","","",3.6,1,"","","","","","","","","","","","","","","","","","","","","","","","","","","","","","","","","","","","","","","","","","","","","","","","","","","","","","","","","","","","","","","","","","","","","","","","","","","","","","","","","","","","","","","","","","","","","","","","","","","","","","","","","","","","","","","","","","","",""
"63263001","PUY-DE-DOME-MN",45.775,2.966667,1461,1965022206,"","","","",25.,1,130,1,"","","","","","","","","","","","","","","","","","","","","","","","","","","","",-7.5,1,-8.4,1,"","","","","","","","","","","","","","","","","","","","","","","","","","",92,1,"","","","","","","","","","","","",3.2,1,"","","","","","","","",5,1,5,1,0,1,0,1,2,1,"","","","","","","","","","","","","","","","","","","","","","","","",20000,1,"","",0,1,4,1,"","",0,1,"","","","","","","","","","","","","","","","","","","","","","","","","","","","","","","","","","","","","","","","","","","","","","","","","","","","","","","","","","","","","",""
"63263001","PUY-DE-DOME-MN",45.775,2.966667,1461,1965022209,"","","","",18.,1,110,1,"","","","","","","","","","","","","","","","","","","","","","","","","","","","",-6.2,1,-8.,1,"","","","","","","","","","","","","","","","","","","","","","","","","","",86,1,"","","","","","","","","","","","",3.3,1,"","","","","","","","",5,1,5,1,0,1,0,1,2,1,"","","","","","","","","","","","","","","","","","","","","","","","",25000,1,"","",1,1,2,1,"","","","","","","","","","","","","","","","","","","","","","","","","","","","","","","","","","","","","","","","","","","","","","","","","","","","","","","","","","","","","","","","","",""
"63263001","PUY-DE-DOME-MN",45.775,2.966667,1461,1965022212,"","","","",9.,1,90,1,"","","","","","","","","","","","","","","","","","","","","","","","","","","","",-3.8,1,-5.5,1,"","","","","","","","","","","","","","","","","","","","","","","","","","",87,1,"","","","","","","","","","","","",4.,1,"","","","","","","","",3,1,0,1,0,1,0,1,2,1,"","","","","","","","","","","","","","","","","","","","","","","","",25000,1,"","",2,1,1,1,"","","","","","","","","","","","","","","","","","","","","","","","","","","","","","","","","","","","","","","","","","","","","","","","","","","","","","","","","","","","","","","","","",""
"63263001","PUY-DE-DOME-MN",45.775,2.966667,1461,1965022215,"","","","",9.,1,90,1,"","","","","","","","","","","","","","","","","","","","","","","","","","","","",-4.2,1,-5.9,1,"","","","","","","","","","","","","","","","","","","","","","","","","","",89,1,"","","","","","","","","","","","",3.9,1,"","","","","","","","",6,1,6,1,0,1,0,1,2,1,"","","","","","","","","","","","","","","","","","","","","","","","",25000,1,"","",3,1,1,1,"","","","","","","","","","","","","","","","","","","","","","","","","","","","","","","","","","","","","","","","","","","","","","","","","","","","","","","","","","","","","","","","","",""
"63263001","PUY-DE-DOME-MN",45.775,2.966667,1461,1965022218,"","","","",10.,1,90,1,"","","","","","","","","","","","","","","","","","","","","","","","","","","","",-5.,1,-6.2,1,"","","","","","","","","","","","","","","","","","","","","","","","","","",91,1,"","","","","","","","","","","","",3.8,1,"","","","","","","","",7,1,7,1,0,1,0,1,2,1,"","","","","","","","","","","","","","","","","","","","","","","","",25000,1,"","",2,1,1,1,"","","","","","","","","","","","","","","","","","","","","","","","","","","","","","","","","","","","","","","","","","","","","","","","","","","","","","","","","","","","","","","","","",""
"63263001","PUY-DE-DOME-MN",45.775,2.966667,1461,1965022221,"","","","","","","","","","","","","","","","","","","","","","","","","","","","","","","","","","","","",-5.2,1,-6.5,1,"","","","","","","","","","","","","","","","","","","","","","","","","","",91,1,"","","","","","","","","","","","",3.7,1,"","","","","","","","","","","","","","","","","","","","","","","","","","","","","","","","","","","","","","","","","","","","","","","","","","","","","","","","","","","","","","","","","","","","","","","","","","","","","","","","","","","","","","","","","","","","","","","","","","","","","","","","","","","","","","","","","","","",""
"63263001","PUY-DE-DOME-MN",45.775,2.966667,1461,1965022300,"","","","","","","","","","","","","","","","","","","","","","","","","","","","","","","","","","","","",-5.3,1,-6.5,1,"","","","","","","","","","","","","","","","","","","","","","","","","","",91,1,"","","","","","","","","","","","",3.7,1,"","","","","","","","","","","","","","","","","","","","","","","","","","","","","","","","","","","","","","","","","","","","","","","","","","","","","","","","","","","","","","","","","","","","","","","","","","","","","","","","","","","","","","","","","","","","","","","","","","","","","","","","","","","","","","","","","","","",""
"63263001","PUY-DE-DOME-MN",45.775,2.966667,1461,1965022303,"","","","","","","","","","","","","","","","","","","","","","","","","","","","","","","","","","","","",-5.,1,-5.9,1,"","","","","","","","","","","","","","","","","","","","","","","","","","",92,1,"","","","","","","","","","","","",3.9,1,"","","","","","","","","","","","","","","","","","","","","","","","","","","","","","","","","","","","","","","","","","","","","","","","","","","","","","","","","","","","","","","","","","","","","","","","","","","","","","","","","","","","","","","","","","","","","","","","","","","","","","","","","","","","","","","","","","","",""
"63263001","PUY-DE-DOME-MN",45.775,2.966667,1461,1965022306,"","","","",17.,1,150,1,"","","","","","","","","","","","","","","","","","","","","","","","","","","","",-5.1,1,-6.2,1,"","","","","","","","","","","","","","","","","","","","","","","","","","",91,1,"","","","","","","","","","","","",3.8,1,"","","","","","","","",3,1,0,1,0,1,0,1,2,1,"","","","","","","","","","","","","","","","","","","","","","","","",25000,1,"","",0,1,"","","","",0,1,"","","","","","","","","","","","","","","","","","","","","","","","","","","","","","","","","","","","","","","","","","","","","","","","","","","","","","","","","","","","","",""
"63263001","PUY-DE-DOME-MN",45.775,2.966667,1461,1965022309,"","","","",15.,1,170,1,"","","","","","","","","","","","","","","","","","","","","","","","","","","","",-4.,1,-5.5,1,"","","","","","","","","","","","","","","","","","","","","","","","","","",89,1,"","","","","","","","","","","","",4.,1,"","","","","","","","",2,1,0,1,0,1,0,1,2,1,"","","","","","","","","","","","","","","","","","","","","","","","",30000,1,"","",1,1,4,1,"","","","","","","","","","","","","","","","","","","","","","","","","","","","","","","","","","","","","","","","","","","","","","","","","","","","","","","","","","","","","","","","","",""
"63263001","PUY-DE-DOME-MN",45.775,2.966667,1461,1965022312,"","","","",14.,1,170,1,"","","","","","","","","","","","","","","","","","","","","","","","","","","","",-1.5,1,-3.2,1,"","","","","","","","","","","","","","","","","","","","","","","","","","",87,1,"","","","","","","","","","","","",4.8,1,"","","","","","","","",6,1,6,1,5,1,5,1,0,1,"","","","","","","","","","","","","","","","","","","","","","","","",30000,1,"","",3,1,4,1,"","","","","","","","","","","","","","","","","","","","","","","","","","","","","","","","","","","","","","","","","","","","","","","","","","","","","","","","","","","","","","","","","",""
"63263001","PUY-DE-DOME-MN",45.775,2.966667,1461,1965022315,"","","","",12.,1,130,1,"","","","","","","","","","","","","","","","","","","","","","","","","","","","",-2.8,1,-2.8,1,"","","","","","","","","","","","","","","","","","","","","","","","","","",100,1,"","","","","","","","","","","","",4.9,1,"","","","","","","","",8,1,8,1,"","","","","","","","","","","","","","","","","","","","","","","","","","","","","","",40,1,"","",71,1,7,1,"","","","","","","","","","","","","","","","","","","","","","","","","","","","","","","","","","","","","","","","","","","","","","","","","","","","","","","","","","","","","","","","","",""
"63263001","PUY-DE-DOME-MN",45.775,2.966667,1461,1965022318,"","","","",12.,1,130,1,"","","","","","","","","","","","","","","","","","","","","","","","","","","","",-2.5,1,-3.5,1,"","","","","","","","","","","","","","","","","","","","","","","","","","",91,1,"","","","","","","","","","","","",4.7,1,"","","","","","","","",7,1,7,1,5,1,3,1,"","","","","","","","","","","","","","","","","","","","","","","","","","",12000,1,"","",2,1,7,1,"","","","","","","","","","","","","","","","","","","","","","","","","","","","","","","","","","","","","","","","","","","","","","","","","","","","","","","","","","","","","","","","","",""
"63263001","PUY-DE-DOME-MN",45.775,2.966667,1461,1965022321,"","","","","","","","","","","","","","","","","","","","","","","","","","","","","","","","","","","","",-2.8,1,-2.8,1,"","","","","","","","","","","","","","","","","","","","","","","","","","",100,1,"","","","","","","","","","","","",4.9,1,"","","","","","","","","","","","","","","","","","","","","","","","","","","","","","","","","","","","","","","","","","","","","","","","","","","","","","","","","","","","","","","","","","","","","","","","","","","","","","","","","","","","","","","","","","","","","","","","","","","","","","","","","","","","","","","","","","","",""
"63263001","PUY-DE-DOME-MN",45.775,2.966667,1461,1965022400,"","","","","","","","","","","","","","","","","","","","","","","","","","","","","","","","","","","","",-2.,1,-2.,1,"","","","","","","","","","","","","","","","","","","","","","","","","","",100,1,"","","","","","","","","","","","",5.3,1,"","","","","","","","","","","","","","","","","","","","","","","","","","","","","","","","","","","","","","","","","","","","","","","","","","","","","","","","","","","","","","","","","","","","","","","","","","","","","","","","","","","","","","","","","","","","","","","","","","","","","","","","","","","","","","","","","","","",""
"63263001","PUY-DE-DOME-MN",45.775,2.966667,1461,1965022403,"","","","","","","","","","","","","","","","","","","","","","","","","","","","","","","","","","","","",-3.8,1,-5.2,1,"","","","","","","","","","","","","","","","","","","","","","","","","","",90,1,"","","","","","","","","","","","",4.1,1,"","","","","","","","","","","","","","","","","","","","","","","","","","","","","","","","","","","","","","","","","","","","","","","","","","","","","","","","","","","","","","","","","","","","","","","","","","","","","","","","","","","","","","","","","","","","","","","","","","","","","","","","","","","","","","","","","","","",""
"63263001","PUY-DE-DOME-MN",45.775,2.966667,1461,1965022406,"","","","",5.,1,90,1,"","","","","","","","","","","","","","","","","","","","","","","","","","","","",-3.8,1,-6.2,1,"","","","","","","","","","","","","","","","","","","","","","","","","","",81,1,"","","","","","","","","","","","",3.8,1,"","","","","","","","",7,1,7,1,5,1,3,1,"","","","","","","","","","","","","","","","","","","","","","","","","","",20000,1,"","",0,1,"","","","",0,1,"","","","","","","","","","","","","","","","","","","","","","","","","","","","","","","","","","","","","","","","","","","","","","","","","","","","","","","","","","","","","",""
"63263001","PUY-DE-DOME-MN",45.775,2.966667,1461,1965022409,"","","","",7.,1,110,1,"","","","","","","","","","","","","","","","","","","","","","","","","","","","",-1.9,1,-4.6,1,"","","","","","","","","","","","","","","","","","","","","","","","","","",82,1,"","","","","","","","","","","","",4.3,1,"","","","","","","","",5,1,0,1,0,1,3,1,2,1,"","","","","","","","","","","","","","","","","","","","","","","","",35000,1,"","",1,1,2,1,"","","","","","","","","","","","","","","","","","","","","","","","","","","","","","","","","","","","","","","","","","","","","","","","","","","","","","","","","","","","","","","","","",""
"63263001","PUY-DE-DOME-MN",45.775,2.966667,1461,1965022412,"","","","",5.,1,130,1,"","","","","","","","","","","","","","","","","","","","","","","","","","","","",-1.,1,-2.9,1,"","","","","","","","","","","","","","","","","","","","","","","","","","",86,1,"","","","","","","","","","","","",4.9,1,"","","","","","","","",7,1,7,1,5,1,7,1,"","","","","","","","","","","","","","","","","","","","","","","","","","",25000,1,"","",3,1,2,1,"","","","","","","","","","","","","","","","","","","","","","","","","","","","","","","","","","","","","","","","","","","","","","","","","","","","","","","","","","","","","","","","","",""
"63263001","PUY-DE-DOME-MN",45.775,2.966667,1461,1965022415,"","","","",2.,1,30,1,"","","","","","","","","","","","","","","","","","","","","","","","","","","","",-0.8,1,-1.4,1,"","","","","","","","","","","","","","","","","","","","","","","","","","",95,1,"","","","","","","","","","","","",5.5,1,"","","","","","","","",7,1,7,1,5,1,7,1,"","","","","","","","","","","","","","","","","","","","","","","","","","",15000,1,"","",2,1,2,1,"","","","","","","","","","","","","","","","","","","","","","","","","","","","","","","","","","","","","","","","","","","","","","","","","","","","","","","","","","","","","","","","","",""
"63263001","PUY-DE-DOME-MN",45.775,2.966667,1461,1965022418,"","","","",4.,1,50,1,"","","","","","","","","","","","","","","","","","","","","","","","","","","","",-2.1,1,-3.2,1,"","","","","","","","","","","","","","","","","","","","","","","","","","",92,1,"","","","","","","","","","","","",4.8,1,"","","","","","","","",4,1,0,1,5,1,3,1,0,1,"","","","","","","","","","","","","","","","","","","","","","","","",15000,1,"","",1,1,2,1,"","","","","","","","","","","","","","","","","","","","","","","","","","","","","","","","","","","","","","","","","","","","","","","","","","","","","","","","","","","","","","","","","",""
"63263001","PUY-DE-DOME-MN",45.775,2.966667,1461,1965022421,"","","","","","","","","","","","","","","","","","","","","","","","","","","","","","","","","","","","",-2.8,1,-4.,1,"","","","","","","","","","","","","","","","","","","","","","","","","","",91,1,"","","","","","","","","","","","",4.5,1,"","","","","","","","","","","","","","","","","","","","","","","","","","","","","","","","","","","","","","","","","","","","","","","","","","","","","","","","","","","","","","","","","","","","","","","","","","","","","","","","","","","","","","","","","","","","","","","","","","","","","","","","","","","","","","","","","","","",""
"63263001","PUY-DE-DOME-MN",45.775,2.966667,1461,1965022500,"","","","","","","","","","","","","","","","","","","","","","","","","","","","","","","","","","","","",-2.4,1,-3.7,1,"","","","","","","","","","","","","","","","","","","","","","","","","","",93,1,"","","","","","","","","","","","",4.6,1,"","","","","","","","","","","","","","","","","","","","","","","","","","","","","","","","","","","","","","","","","","","","","","","","","","","","","","","","","","","","","","","","","","","","","","","","","","","","","","","","","","","","","","","","","","","","","","","","","","","","","","","","","","","","","","","","","","","",""
"63263001","PUY-DE-DOME-MN",45.775,2.966667,1461,1965022503,"","","","","","","","","","","","","","","","","","","","","","","","","","","","","","","","","","","","",-4.1,1,-8.7,1,"","","","","","","","","","","","","","","","","","","","","","","","","","",65,1,"","","","","","","","","","","","",3.1,1,"","","","","","","","","","","","","","","","","","","","","","","","","","","","","","","","","","","","","","","","","","","","","","","","","","","","","","","","","","","","","","","","","","","","","","","","","","","","","","","","","","","","","","","","","","","","","","","","","","","","","","","","","","","","","","","","","","","",""
"63263001","PUY-DE-DOME-MN",45.775,2.966667,1461,1965022506,"","","","",3.,1,50,1,"","","","","","","","","","","","","","","","","","","","","","","","","","","","",-4.4,1,-14.7,1,"","","","","","","","","","","","","","","","","","","","","","","","","","",43,1,"","","","","","","","","","","","",1.9,1,"","","","","","","","",0,1,"","",0,1,0,1,0,1,"","","","","","","","","","","","","","","","","","","","","","","","",25000,1,"","",0,1,"","","","",0,1,"","","","","","","","","","","","","","","","","","","","","","","","","","","","","","","","","","","","","","","","","","","","","","","","","","","","","","","","","","","","","",""
"63263001","PUY-DE-DOME-MN",45.775,2.966667,1461,1965022509,"","","","",0.,1,0,1,"","","","","","","","","","","","","","","","","","","","","","","","","","","","",-2.4,1,-11.4,1,"","","","","","","","","","","","","","","","","","","","","","","","","","",49,1,"","","","","","","","","","","","",2.5,1,"","","","","","","","",0,1,"","",0,1,0,1,0,1,"","","","","","","","","","","","","","","","","","","","","","","","",50000,1,"","",2,1,0,1,"","","","","","","","","","","","","","","","","","","","","","","","","","","","","","","","","","","","","","","","","","","","","","","","","","","","","","","","","","","","","","","","","",""
"63263001","PUY-DE-DOME-MN",45.775,2.966667,1461,1965022512,"","","","",3.,1,350,1,"","","","","","","","","","","","","","","","","","","","","","","","","","","","",-1.2,1,-5.9,1,"","","","","","","","","","","","","","","","","","","","","","","","","","",72,1,"","","","","","","","","","","","",3.9,1,"","","","","","","","",0,1,"","",0,1,0,1,0,1,"","","","","","","","","","","","","","","","","","","","","","","","",50000,1,"","",2,1,0,1,"","","","","","","","","","","","","","","","","","","","","","","","","","","","","","","","","","","","","","","","","","","","","","","","","","","","","","","","","","","","","","","","","",""
"63263001","PUY-DE-DOME-MN",45.775,2.966667,1461,1965022515,"","","","",0.,1,0,1,"","","","","","","","","","","","","","","","","","","","","","","","","","","","",-0.4,1,-8.7,1,"","","","","","","","","","","","","","","","","","","","","","","","","","",53,1,"","","","","","","","","","","","",3.1,1,"","","","","","","","",1,1,0,1,0,1,0,1,1,1,"","","","","","","","","","","","","","","","","","","","","","","","",25000,1,"","",2,1,0,1,"","","","","","","","","","","","","","","","","","","","","","","","","","","","","","","","","","","","","","","","","","","","","","","","","","","","","","","","","","","","","","","","","",""
"63263001","PUY-DE-DOME-MN",45.775,2.966667,1461,1965022518,"","","","",0.,1,0,1,"","","","","","","","","","","","","","","","","","","","","","","","","","","","",-3.1,1,-12.9,1,"","","","","","","","","","","","","","","","","","","","","","","","","","",45,1,"","","","","","","","","","","","",2.2,1,"","","","","","","","",1,1,0,1,0,1,0,1,1,1,"","","","","","","","","","","","","","","","","","","","","","","","",50000,1,"","",2,1,0,1,"","","","","","","","","","","","","","","","","","","","","","","","","","","","","","","","","","","","","","","","","","","","","","","","","","","","","","","","","","","","","","","","","",""
"63263001","PUY-DE-DOME-MN",45.775,2.966667,1461,1965022521,"","","","","","","","","","","","","","","","","","","","","","","","","","","","","","","","","","","","",-3.8,1,-15.3,1,"","","","","","","","","","","","","","","","","","","","","","","","","","",40,1,"","","","","","","","","","","","",1.8,1,"","","","","","","","","","","","","","","","","","","","","","","","","","","","","","","","","","","","","","","","","","","","","","","","","","","","","","","","","","","","","","","","","","","","","","","","","","","","","","","","","","","","","","","","","","","","","","","","","","","","","","","","","","","","","","","","","","","",""
"63263001","PUY-DE-DOME-MN",45.775,2.966667,1461,1965022600,"","","","","","","","","","","","","","","","","","","","","","","","","","","","","","","","","","","","",-2.8,1,-5.9,1,"","","","","","","","","","","","","","","","","","","","","","","","","","",80,1,"","","","","","","","","","","","",3.9,1,"","","","","","","","","","","","","","","","","","","","","","","","","","","","","","","","","","","","","","","","","","","","","","","","","","","","","","","","","","","","","","","","","","","","","","","","","","","","","","","","","","","","","","","","","","","","","","","","","","","","","","","","","","","","","","","","","","","",""
"63263001","PUY-DE-DOME-MN",45.775,2.966667,1461,1965022603,"","","","","","","","","","","","","","","","","","","","","","","","","","","","","","","","","","","","",-1.6,1,-12.9,1,"","","","","","","","","","","","","","","","","","","","","","","","","","",40,1,"","","","","","","","","","","","",2.2,1,"","","","","","","","","","","","","","","","","","","","","","","","","","","","","","","","","","","","","","","","","","","","","","","","","","","","","","","","","","","","","","","","","","","","","","","","","","","","","","","","","","","","","","","","","","","","","","","","","","","","","","","","","","","","","","","","","","","",""
"63263001","PUY-DE-DOME-MN",45.775,2.966667,1461,1965022606,"","","","",0.,1,0,1,"","","","","","","","","","","","","","","","","","","","","","","","","","","","",-2.,1,-16.,1,"","","","","","","","","","","","","","","","","","","","","","","","","","",31,1,"","","","","","","","","","","","",1.7,1,"","","","","","","","",5,1,5,1,0,1,0,1,2,1,"","","","","","","","","","","","","","","","","","","","","","","","",99990,1,"","",0,1,"","","","",0,1,"","","","","","","","","","","","","","","","","","","","","","","","","","","","","","","","","","","","","","","","","","","","","","","","","","","","","","","","","","","","","",""
"63263001","PUY-DE-DOME-MN",45.775,2.966667,1461,1965022609,"","","","",2.,1,130,1,"","","","","","","","","","","","","","","","","","","","","","","","","","","","",-0.7,1,-14.7,1,"","","","","","","","","","","","","","","","","","","","","","","","","","",33,1,"","","","","","","","","","","","",1.9,1,"","","","","","","","",1,1,0,1,0,1,0,1,1,1,"","","","","","","","","","","","","","","","","","","","","","","","",99990,1,"","",1,1,1,1,"","","","","","","","","","","","","","","","","","","","","","","","","","","","","","","","","","","","","","","","","","","","","","","","","","","","","","","","","","","","","","","","","",""
"63263001","PUY-DE-DOME-MN",45.775,2.966667,1461,1965022612,"","","","",0.,1,0,1,"","","","","","","","","","","","","","","","","","","","","","","","","","","","",1.8,1,-13.5,1,"","","","","","","","","","","","","","","","","","","","","","","","","","",30,1,"","","","","","","","","","","","",2.1,1,"","","","","","","","",1,1,0,1,0,1,0,1,1,1,"","","","","","","","","","","","","","","","","","","","","","","","",90000,1,"","",2,1,1,1,"","","","","","","","","","","","","","","","","","","","","","","","","","","","","","","","","","","","","","","","","","","","","","","","","","","","","","","","","","","","","","","","","",""
"63263001","PUY-DE-DOME-MN",45.775,2.966667,1461,1965022615,"","","","",0.,1,0,1,"","","","","","","","","","","","","","","","","","","","","","","","","","","","",-0.2,1,-7.2,1,"","","","","","","","","","","","","","","","","","","","","","","","","","",58,1,"","","","","","","","","","","","",3.5,1,"","","","","","","","",3,1,0,1,0,1,0,1,2,1,"","","","","","","","","","","","","","","","","","","","","","","","",60000,1,"","",1,1,1,1,"","","","","","","","","","","","","","","","","","","","","","","","","","","","","","","","","","","","","","","","","","","","","","","","","","","","","","","","","","","","","","","","","",""
"63263001","PUY-DE-DOME-MN",45.775,2.966667,1461,1965022618,"","","","",4.,1,70,1,"","","","","","","","","","","","","","","","","","","","","","","","","","","","",-7.2,1,-8.7,1,"","","","","","","","","","","","","","","","","","","","","","","","","","",88,1,"","","","","","","","","","","","",3.1,1,"","","","","","","","",3,1,0,1,0,1,0,1,2,1,"","","","","","","","","","","","","","","","","","","","","","","","",40000,1,"","",1,1,1,1,"","","","","","","","","","","","","","","","","","","","","","","","","","","","","","","","","","","","","","","","","","","","","","","","","","","","","","","","","","","","","","","","","",""
"63263001","PUY-DE-DOME-MN",45.775,2.966667,1461,1965022621,"","","","","","","","","","","","","","","","","","","","","","","","","","","","","","","","","","","","",-8.3,1,-8.3,1,"","","","","","","","","","","","","","","","","","","","","","","","","","",100,1,"","","","","","","","","","","","",3.3,1,"","","","","","","","","","","","","","","","","","","","","","","","","","","","","","","","","","","","","","","","","","","","","","","","","","","","","","","","","","","","","","","","","","","","","","","","","","","","","","","","","","","","","","","","","","","","","","","","","","","","","","","","","","","","","","","","","","","",""
"63263001","PUY-DE-DOME-MN",45.775,2.966667,1461,1965022700,"","","","","","","","","","","","","","","","","","","","","","","","","","","","","","","","","","","","",-8.8,1,-8.8,1,"","","","","","","","","","","","","","","","","","","","","","","","","","",100,1,"","","","","","","","","","","","",3.1,1,"","","","","","","","","","","","","","","","","","","","","","","","","","","","","","","","","","","","","","","","","","","","","","","","","","","","","","","","","","","","","","","","","","","","","","","","","","","","","","","","","","","","","","","","","","","","","","","","","","","","","","","","","","","","","","","","","","","",""
"63263001","PUY-DE-DOME-MN",45.775,2.966667,1461,1965022703,"","","","","","","","","","","","","","","","","","","","","","","","","","","","","","","","","","","","",-10.,1,-10.,1,"","","","","","","","","","","","","","","","","","","","","","","","","","",100,1,"","","","","","","","","","","","",2.9,1,"","","","","","","","","","","","","","","","","","","","","","","","","","","","","","","","","","","","","","","","","","","","","","","","","","","","","","","","","","","","","","","","","","","","","","","","","","","","","","","","","","","","","","","","","","","","","","","","","","","","","","","","","","","","","","","","","","","",""
"63263001","PUY-DE-DOME-MN",45.775,2.966667,1461,1965022706,"","","","",13.,1,70,1,"","","","","","","","","","","","","","","","","","","","","","","","","","","","",-10.2,1,-10.2,1,"","","","","","","","","","","","","","","","","","","","","","","","","","",100,1,"","","","","","","","","","","","",2.8,1,"","","","","","","","",9,1,"","","","","","","","","","","","","","","","","","","","","","","","","","","","","","","","",100,1,"","",49,1,4,1,"","",0,1,"","","","","","","","","","","","","","","","","","","","","","","","","","","","","","","","","","","","","","","","","","","","","","","","","","","","","","","","","","","","","",""
"63263001","PUY-DE-DOME-MN",45.775,2.966667,1461,1965022709,"","","","",14.,1,70,1,"","","","","","","","","","","","","","","","","","","","","","","","","","","","",-9.8,1,-9.8,1,"","","","","","","","","","","","","","","","","","","","","","","","","","",100,1,"","","","","","","","","","","","",2.9,1,"","","","","","","","",9,1,"","","","","","","","","","","","","","","","","","","","","","","","","","","","","","","","",40,1,"","",49,1,4,1,"","","","","","","","","","","","","","","","","","","","","","","","","","","","","","","","","","","","","","","","","","","","","","","","","","","","","","","","","","","","","","","","","",""
"63263001","PUY-DE-DOME-MN",45.775,2.966667,1461,1965022712,"","","","",10.,1,70,1,"","","","","","","","","","","","","","","","","","","","","","","","","","","","",-8.6,1,-8.6,1,"","","","","","","","","","","","","","","","","","","","","","","","","","",100,1,"","","","","","","","","","","","",3.2,1,"","","","","","","","",9,1,"","","","","","","","","","","","","","","","","","","","","","","","","","","","","","","","",60,1,"","",49,1,4,1,"","","","","","","","","","","","","","","","","","","","","","","","","","","","","","","","","","","","","","","","","","","","","","","","","","","","","","","","","","","","","","","","","",""
"63263001","PUY-DE-DOME-MN",45.775,2.966667,1461,1965022715,"","","","",6.,1,70,1,"","","","","","","","","","","","","","","","","","","","","","","","","","","","",-6.4,1,-8.,1,"","","","","","","","","","","","","","","","","","","","","","","","","","",89,1,"","","","","","","","","","","","",3.3,1,"","","","","","","","",2,1,0,1,5,1,0,1,0,1,"","","","","","","","","","","","","","","","","","","","","","","","",20000,1,"","",1,1,4,1,"","","","","","","","","","","","","","","","","","","","","","","","","","","","","","","","","","","","","","","","","","","","","","","","","","","","","","","","","","","","","","","","","",""
"63263001","PUY-DE-DOME-MN",45.775,2.966667,1461,1965022718,"","","","",7.,1,70,1,"","","","","","","","","","","","","","","","","","","","","","","","","","","","",-8.,1,-8.7,1,"","","","","","","","","","","","","","","","","","","","","","","","","","",92,1,"","","","","","","","","","","","",3.1,1,"","","","","","","","",6,1,6,1,5,1,0,1,0,1,"","","","","","","","","","","","","","","","","","","","","","","","",15000,1,"","",3,1,4,1,"","","","","","","","","","","","","","","","","","","","","","","","","","","","","","","","","","","","","","","","","","","","","","","","","","","","","","","","","","","","","","","","","",""
"63263001","PUY-DE-DOME-MN",45.775,2.966667,1461,1965022721,"","","","","","","","","","","","","","","","","","","","","","","","","","","","","","","","","","","","",-8.7,1,-9.6,1,"","","","","","","","","","","","","","","","","","","","","","","","","","",92,1,"","","","","","","","","","","","",2.9,1,"","","","","","","","","","","","","","","","","","","","","","","","","","","","","","","","","","","","","","","","","","","","","","","","","","","","","","","","","","","","","","","","","","","","","","","","","","","","","","","","","","","","","","","","","","","","","","","","","","","","","","","","","","","","","","","","","","","",""
"63263001","PUY-DE-DOME-MN",45.775,2.966667,1461,1965022800,"","","","","","","","","","","","","","","","","","","","","","","","","","","","","","","","","","","","",-8.9,1,-10.,1,"","","","","","","","","","","","","","","","","","","","","","","","","","",90,1,"","","","","","","","","","","","",2.8,1,"","","","","","","","","","","","","","","","","","","","","","","","","","","","","","","","","","","","","","","","","","","","","","","","","","","","","","","","","","","","","","","","","","","","","","","","","","","","","","","","","","","","","","","","","","","","","","","","","","","","","","","","","","","","","","","","","","","",""
"63263001","PUY-DE-DOME-MN",45.775,2.966667,1461,1965022803,"","","","","","","","","","","","","","","","","","","","","","","","","","","","","","","","","","","","",-8.,1,-10.,1,"","","","","","","","","","","","","","","","","","","","","","","","","","",85,1,"","","","","","","","","","","","",2.8,1,"","","","","","","","","","","","","","","","","","","","","","","","","","","","","","","","","","","","","","","","","","","","","","","","","","","","","","","","","","","","","","","","","","","","","","","","","","","","","","","","","","","","","","","","","","","","","","","","","","","","","","","","","","","","","","","","","","","",""
"63263001","PUY-DE-DOME-MN",45.775,2.966667,1461,1965022806,"","","","",5.,1,170,1,"","","","","","","","","","","","","","","","","","","","","","","","","","","","",-4.,1,-13.5,1,"","","","","","","","","","","","","","","","","","","","","","","","","","",46,1,"","","","","","","","","","","","",2.1,1,"","","","","","","","",3,1,0,1,0,1,0,1,2,1,"","","","","","","","","","","","","","","","","","","","","","","","",99990,1,"","",3,1,0,1,"","",0,1,"","","","","","","","","","","","","","","","","","","","","","","","","","","","","","","","","","","","","","","","","","","","","","","","","","","","","","","","","","","","","",""
"63263001","PUY-DE-DOME-MN",45.775,2.966667,1461,1965022809,"","","","",5.,1,250,1,"","","","","","","","","","","","","","","","","","","","","","","","","","","","",-0.8,1,-17.4,1,"","","","","","","","","","","","","","","","","","","","","","","","","","",27,1,"","","","","","","","","","","","",1.5,1,"","","","","","","","",7,1,7,1,0,1,4,1,4,1,"","","","","","","","","","","","","","","","","","","","","","","","",99990,1,"","",3,1,1,1,"","","","","","","","","","","","","","","","","","","","","","","","","","","","","","","","","","","","","","","","","","","","","","","","","","","","","","","","","","","","","","","","","",""
"63263001","PUY-DE-DOME-MN",45.775,2.966667,1461,1965022812,"","","","",12.,1,270,1,"","","","","","","","","","","","","","","","","","","","","","","","","","","","",-3.4,1,-13.5,1,"","","","","","","","","","","","","","","","","","","","","","","","","","",41,1,"","","","","","","","","","","","",2.1,1,"","","","","","","","",8,1,8,1,5,1,"","","","","","","","","","","","","","","","","","","","","","","","","","","","",99990,1,"","",3,1,1,1,"","","","","","","","","","","","","","","","","","","","","","","","","","","","","","","","","","","","","","","","","","","","","","","","","","","","","","","","","","","","","","","","","",""
"63263001","PUY-DE-DOME-MN",45.775,2.966667,1461,1965022815,"","","","",10.,1,250,1,"","","","","","","","","","","","","","","","","","","","","","","","","","","","",-3.9,1,-4.9,1,"","","","","","","","","","","","","","","","","","","","","","","","","","",92,1,"","","","","","","","","","","","",4.2,1,"","","","","","","","",8,1,8,1,5,1,"","","","","","","","","","","","","","","","","","","","","","","","","","","","",30000,1,"","",71,1,7,1,"","","","","","","","","","","","","","","","","","","","","","","","","","","","","","","","","","","","","","","","","","","","","","","","","","","","","","","","","","","","","","","","","",""
"63263001","PUY-DE-DOME-MN",45.775,2.966667,1461,1965022818,"","","","",18.,1,250,1,"","","","","","","","","","","","","","","","","","","","","","","","","","","","",-2.2,1,-2.2,1,"","","","","","","","","","","","","","","","","","","","","","","","","","",100,1,"","","","","","","","","","","","",5.2,1,"","","","","","","","",8,1,8,1,"","","","","","","","","","","","","","","","","","","","","","","","","","","","","","",40,1,"","",71,1,7,1,"","","","","","","","","","","","","","","","","","","","","","","","","","","","","","","","","","","","","","","","","","","","","","","","","","","","","","","","","","","","","","","","","",""
"63263001","PUY-DE-DOME-MN",45.775,2.966667,1461,1965022821,"","","","","","","","","","","","","","","","","","","","","","","","","","","","","","","","","","","","",-1.5,1,-1.5,1,"","","","","","","","","","","","","","","","","","","","","","","","","","",100,1,"","","","","","","","","","","","",5.5,1,"","","","","","","","","","","","","","","","","","","","","","","","","","","","","","","","","","","","","","","","","","","","","","","","","","","","","","","","","","","","","","","","","","","","","","","","","","","","","","","","","","","","","","","","","","","","","","","","","","","","","","","","","","","","","","","","","","","",""
"63263001","PUY-DE-DOME-MN",45.775,2.966667,1461,1965030100,"","","","","","","","","","","","","","","","","","","","","","","","","","","","","","","","","","","","",-1.2,1,-1.2,1,"","","","","","","","","","","","","","","","","","","","","","","","","","",100,1,"","","","","","","","","","","","",5.6,1,"","","","","","","","","","","","","","","","","","","","","","","","","","","","","","","","","","","","","","","","","","","","","","","","","","","","","","","","","","","","","","","","","","","","","","","","","","","","","","","","","","","","","","","","","","","","","","","","","","","","","","","","","","","","","","","","","","","",""
"63263001","PUY-DE-DOME-MN",45.775,2.966667,1461,1965030103,"","","","","","","","","","","","","","","","","","","","","","","","","","","","","","","","","","","","",-0.9,1,-0.9,1,"","","","","","","","","","","","","","","","","","","","","","","","","","",100,1,"","","","","","","","","","","","",5.7,1,"","","","","","","","","","","","","","","","","","","","","","","","","","","","","","","","","","","","","","","","","","","","","","","","","","","","","","","","","","","","","","","","","","","","","","","","","","","","","","","","","","","","","","","","","","","","","","","","","","","","","","","","","","","","","","","","","","","",""
"63263001","PUY-DE-DOME-MN",45.775,2.966667,1461,1965030106,"","","","",10.,1,230,1,"","","","","","","","","","","","","","","","","","","","","","","","","","","","",-0.8,1,-0.8,1,"","","","","","","","","","","","","","","","","","","","","","","","","","",100,1,"","","","","","","","","","","","",5.8,1,"","","","","","","","",9,1,"","","","","","","","","","","","","","","","","","","","","","","","","","","","","","","","",100,1,"","",49,1,4,1,"","",0,1,"","","","","","","","","","","","","","","","","","","","","","","","","","","","","","","","","","","","","","","","","","","","","","","","","","","","","","","","","","","","","",""
"63263001","PUY-DE-DOME-MN",45.775,2.966667,1461,1965030109,"","","","",16.,1,230,1,"","","","","","","","","","","","","","","","","","","","","","","","","","","","",-0.6,1,-0.6,1,"","","","","","","","","","","","","","","","","","","","","","","","","","",100,1,"","","","","","","","","","","","",5.8,1,"","","","","","","","",8,1,8,1,"","","","","","","","","","","","","","","","","","","","","","","","","","","","","","",40,1,"","",71,1,7,1,"","","","","","","","","","","","","","","","","","","","","","","","","","","","","","","","","","","","","","","","","","","","","","","","","","","","","","","","","","","","","","","","","",""
"63263001","PUY-DE-DOME-MN",45.775,2.966667,1461,1965030112,"","","","",15.,1,210,1,"","","","","","","","","","","","","","","","","","","","","","","","","","","","",-1.,1,-1.,1,"","","","","","","","","","","","","","","","","","","","","","","","","","",100,1,"","","","","","","","","","","","",5.7,1,"","","","","","","","",8,1,8,1,"","","","","","","","","","","","","","","","","","","","","","","","","","","","","","",40,1,"","",71,1,7,1,"","","","","","","","","","","","","","","","","","","","","","","","","","","","","","","","","","","","","","","","","","","","","","","","","","","","","","","","","","","","","","","","","",""
"63263001","PUY-DE-DOME-MN",45.775,2.966667,1461,1965030115,"","","","",12.,1,210,1,"","","","","","","","","","","","","","","","","","","","","","","","","","","","",-1.,1,-1.,1,"","","","","","","","","","","","","","","","","","","","","","","","","","",100,1,"","","","","","","","","","","","",5.7,1,"","","","","","","","",8,1,8,1,"","","","","","","","","","","","","","","","","","","","","","","","","","","","","","",40,1,"","",71,1,7,1,"","","","","","","","","","","","","","","","","","","","","","","","","","","","","","","","","","","","","","","","","","","","","","","","","","","","","","","","","","","","","","","","","",""
"63263001","PUY-DE-DOME-MN",45.775,2.966667,1461,1965030118,"","","","",2.,1,210,1,"","","","","","","","","","","","","","","","","","","","","","","","","","","","",-0.7,1,-0.7,1,"","","","","","","","","","","","","","","","","","","","","","","","","","",100,1,"","","","","","","","","","","","",5.8,1,"","","","","","","","",8,1,8,1,"","","","","","","","","","","","","","","","","","","","","","","","","","","","","","",40,1,"","",71,1,7,1,"","","","","","","","","","","","","","","","","","","","","","","","","","","","","","","","","","","","","","","","","","","","","","","","","","","","","","","","","","","","","","","","","",""
"63263001","PUY-DE-DOME-MN",45.775,2.966667,1461,1965030121,"","","","","","","","","","","","","","","","","","","","","","","","","","","","","","","","","","","","",-1.,1,-1.,1,"","","","","","","","","","","","","","","","","","","","","","","","","","",100,1,"","","","","","","","","","","","",5.7,1,"","","","","","","","","","","","","","","","","","","","","","","","","","","","","","","","","","","","","","","","","","","","","","","","","","","","","","","","","","","","","","","","","","","","","","","","","","","","","","","","","","","","","","","","","","","","","","","","","","","","","","","","","","","","","","","","","","","",""
"63263001","PUY-DE-DOME-MN",45.775,2.966667,1461,1965030200,"","","","","","","","","","","","","","","","","","","","","","","","","","","","","","","","","","","","",-3.9,1,-3.9,1,"","","","","","","","","","","","","","","","","","","","","","","","","","",100,1,"","","","","","","","","","","","",4.6,1,"","","","","","","","","","","","","","","","","","","","","","","","","","","","","","","","","","","","","","","","","","","","","","","","","","","","","","","","","","","","","","","","","","","","","","","","","","","","","","","","","","","","","","","","","","","","","","","","","","","","","","","","","","","","","","","","","","","",""
"63263001","PUY-DE-DOME-MN",45.775,2.966667,1461,1965030203,"","","","","","","","","","","","","","","","","","","","","","","","","","","","","","","","","","","","",-6.8,1,-6.8,1,"","","","","","","","","","","","","","","","","","","","","","","","","","",100,1,"","","","","","","","","","","","",3.7,1,"","","","","","","","","","","","","","","","","","","","","","","","","","","","","","","","","","","","","","","","","","","","","","","","","","","","","","","","","","","","","","","","","","","","","","","","","","","","","","","","","","","","","","","","","","","","","","","","","","","","","","","","","","","","","","","","","","","",""
"63263001","PUY-DE-DOME-MN",45.775,2.966667,1461,1965030206,"","","","",20.,1,310,1,"","","","","","","","","","","","","","","","","","","","","","","","","","","","",-8.,1,-8.,1,"","","","","","","","","","","","","","","","","","","","","","","","","","",100,1,"","","","","","","","","","","","",3.3,1,"","","","","","","","",8,1,8,1,"","","","","","","","","","","","","","","","","","","","","","","","","","","","","","",40,1,"","",71,1,7,1,"","",0,1,"","","","","","","","","","","","","","","","","","","","","","","","","","","","","","","","","","","","","","","","","","","","","","","","","","","","","","","","","","","","","",""
"63263001","PUY-DE-DOME-MN",45.775,2.966667,1461,1965030209,"","","","",13.,1,310,1,"","","","","","","","","","","","","","","","","","","","","","","","","","","","",-8.4,1,-8.4,1,"","","","","","","","","","","","","","","","","","","","","","","","","","",100,1,"","","","","","","","","","","","",3.2,1,"","","","","","","","",8,1,8,1,"","","","","","","","","","","","","","","","","","","","","","","","","","","","","","",40,1,"","",71,1,7,1,"","","","","","","","","","","","","","","","","","","","","","","","","","","","","","","","","","","","","","","","","","","","","","","","","","","","","","","","","","","","","","","","","",""
"63263001","PUY-DE-DOME-MN",45.775,2.966667,1461,1965030212,"","","","",17.,1,310,1,"","","","","","","","","","","","","","","","","","","","","","","","","","","","",-9.2,1,-9.2,1,"","","","","","","","","","","","","","","","","","","","","","","","","","",100,1,"","","","","","","","","","","","",3.,1,"","","","","","","","",8,1,8,1,"","","","","","","","","","","","","","","","","","","","","","","","","","","","","","",40,1,"","",71,1,7,1,"","","","","","","","","","","","","","","","","","","","","","","","","","","","","","","","","","","","","","","","","","","","","","","","","","","","","","","","","","","","","","","","","",""
"63263001","PUY-DE-DOME-MN",45.775,2.966667,1461,1965030215,"","","","",14.,1,310,1,"","","","","","","","","","","","","","","","","","","","","","","","","","","","",-9.7,1,-9.7,1,"","","","","","","","","","","","","","","","","","","","","","","","","","",100,1,"","","","","","","","","","","","",2.9,1,"","","","","","","","",8,1,8,1,"","","","","","","","","","","","","","","","","","","","","","","","","","","","","","",40,1,"","",71,1,7,1,"","","","","","","","","","","","","","","","","","","","","","","","","","","","","","","","","","","","","","","","","","","","","","","","","","","","","","","","","","","","","","","","","",""
"63263001","PUY-DE-DOME-MN",45.775,2.966667,1461,1965030218,"","","","",14.,1,310,1,"","","","","","","","","","","","","","","","","","","","","","","","","","","","",-10.8,1,-10.8,1,"","","","","","","","","","","","","","","","","","","","","","","","","","",100,1,"","","","","","","","","","","","",2.7,1,"","","","","","","","",8,1,8,1,"","","","","","","","","","","","","","","","","","","","","","","","","","","","","","",40,1,"","",71,1,7,1,"","","","","","","","","","","","","","","","","","","","","","","","","","","","","","","","","","","","","","","","","","","","","","","","","","","","","","","","","","","","","","","","","",""
"63263001","PUY-DE-DOME-MN",45.775,2.966667,1461,1965030221,"","","","","","","","","","","","","","","","","","","","","","","","","","","","","","","","","","","","",-11.6,1,-11.6,1,"","","","","","","","","","","","","","","","","","","","","","","","","","",100,1,"","","","","","","","","","","","",2.5,1,"","","","","","","","","","","","","","","","","","","","","","","","","","","","","","","","","","","","","","","","","","","","","","","","","","","","","","","","","","","","","","","","","","","","","","","","","","","","","","","","","","","","","","","","","","","","","","","","","","","","","","","","","","","","","","","","","","","",""
"63263001","PUY-DE-DOME-MN",45.775,2.966667,1461,1965030300,"","","","","","","","","","","","","","","","","","","","","","","","","","","","","","","","","","","","",-12.,1,-12.,1,"","","","","","","","","","","","","","","","","","","","","","","","","","",100,1,"","","","","","","","","","","","",2.4,1,"","","","","","","","","","","","","","","","","","","","","","","","","","","","","","","","","","","","","","","","","","","","","","","","","","","","","","","","","","","","","","","","","","","","","","","","","","","","","","","","","","","","","","","","","","","","","","","","","","","","","","","","","","","","","","","","","","","",""
"63263001","PUY-DE-DOME-MN",45.775,2.966667,1461,1965030303,"","","","","","","","","","","","","","","","","","","","","","","","","","","","","","","","","","","","",-12.3,1,-12.3,1,"","","","","","","","","","","","","","","","","","","","","","","","","","",100,1,"","","","","","","","","","","","",2.4,1,"","","","","","","","","","","","","","","","","","","","","","","","","","","","","","","","","","","","","","","","","","","","","","","","","","","","","","","","","","","","","","","","","","","","","","","","","","","","","","","","","","","","","","","","","","","","","","","","","","","","","","","","","","","","","","","","","","","",""
"63263001","PUY-DE-DOME-MN",45.775,2.966667,1461,1965030306,"","","","",17.,1,310,1,"","","","","","","","","","","","","","","","","","","","","","","","","","","","",-13.3,1,-13.3,1,"","","","","","","","","","","","","","","","","","","","","","","","","","",100,1,"","","","","","","","","","","","",2.2,1,"","","","","","","","",8,1,8,1,"","","","","","","","","","","","","","","","","","","","","","","","","","","","","","",40,1,"","",71,1,7,1,"","",0,1,"","","","","","","","","","","","","","","","","","","","","","","","","","","","","","","","","","","","","","","","","","","","","","","","","","","","","","","","","","","","","",""
"63263001","PUY-DE-DOME-MN",45.775,2.966667,1461,1965030309,"","","","",11.,1,310,1,"","","","","","","","","","","","","","","","","","","","","","","","","","","","",-13.,1,-13.,1,"","","","","","","","","","","","","","","","","","","","","","","","","","",100,1,"","","","","","","","","","","","",2.3,1,"","","","","","","","",8,1,8,1,"","","","","","","","","","","","","","","","","","","","","","","","","","","","","","",40,1,"","",71,1,7,1,"","","","","","","","","","","","","","","","","","","","","","","","","","","","","","","","","","","","","","","","","","","","","","","","","","","","","","","","","","","","","","","","","",""
"63263001","PUY-DE-DOME-MN",45.775,2.966667,1461,1965030312,"","","","",12.,1,310,1,"","","","","","","","","","","","","","","","","","","","","","","","","","","","",-11.4,1,-11.4,1,"","","","","","","","","","","","","","","","","","","","","","","","","","",100,1,"","","","","","","","","","","","",2.6,1,"","","","","","","","",8,1,8,1,"","","","","","","","","","","","","","","","","","","","","","","","","","","","","","",40,1,"","",71,1,7,1,"","","","","","","","","","","","","","","","","","","","","","","","","","","","","","","","","","","","","","","","","","","","","","","","","","","","","","","","","","","","","","","","","",""
"63263001","PUY-DE-DOME-MN",45.775,2.966667,1461,1965030315,"","","","",13.,1,290,1,"","","","","","","","","","","","","","","","","","","","","","","","","","","","",-11.,1,-11.,1,"","","","","","","","","","","","","","","","","","","","","","","","","","",100,1,"","","","","","","","","","","","",2.6,1,"","","","","","","","",9,1,"","","","","","","","","","","","","","","","","","","","","","","","","","","","","","","","",100,1,"","",49,1,7,1,"","","","","","","","","","","","","","","","","","","","","","","","","","","","","","","","","","","","","","","","","","","","","","","","","","","","","","","","","","","","","","","","","",""
"63263001","PUY-DE-DOME-MN",45.775,2.966667,1461,1965030318,"","","","",11.,1,270,1,"","","","","","","","","","","","","","","","","","","","","","","","","","","","",-11.8,1,-11.8,1,"","","","","","","","","","","","","","","","","","","","","","","","","","",100,1,"","","","","","","","","","","","",2.5,1,"","","","","","","","",9,1,"","","","","","","","","","","","","","","","","","","","","","","","","","","","","","","","",100,1,"","",49,1,7,1,"","","","","","","","","","","","","","","","","","","","","","","","","","","","","","","","","","","","","","","","","","","","","","","","","","","","","","","","","","","","","","","","","",""
"63263001","PUY-DE-DOME-MN",45.775,2.966667,1461,1965030321,"","","","","","","","","","","","","","","","","","","","","","","","","","","","","","","","","","","","",-11.3,1,-12.4,1,"","","","","","","","","","","","","","","","","","","","","","","","","","",90,1,"","","","","","","","","","","","",2.3,1,"","","","","","","","","","","","","","","","","","","","","","","","","","","","","","","","","","","","","","","","","","","","","","","","","","","","","","","","","","","","","","","","","","","","","","","","","","","","","","","","","","","","","","","","","","","","","","","","","","","","","","","","","","","","","","","","","","","",""
"63263001","PUY-DE-DOME-MN",45.775,2.966667,1461,1965030400,"","","","","","","","","","","","","","","","","","","","","","","","","","","","","","","","","","","","",-7.8,1,-7.8,1,"","","","","","","","","","","","","","","","","","","","","","","","","","",100,1,"","","","","","","","","","","","",3.4,1,"","","","","","","","","","","","","","","","","","","","","","","","","","","","","","","","","","","","","","","","","","","","","","","","","","","","","","","","","","","","","","","","","","","","","","","","","","","","","","","","","","","","","","","","","","","","","","","","","","","","","","","","","","","","","","","","","","","",""
"63263001","PUY-DE-DOME-MN",45.775,2.966667,1461,1965030403,"","","","","","","","","","","","","","","","","","","","","","","","","","","","","","","","","","","","",-5.3,1,-5.9,1,"","","","","","","","","","","","","","","","","","","","","","","","","","",95,1,"","","","","","","","","","","","",3.9,1,"","","","","","","","","","","","","","","","","","","","","","","","","","","","","","","","","","","","","","","","","","","","","","","","","","","","","","","","","","","","","","","","","","","","","","","","","","","","","","","","","","","","","","","","","","","","","","","","","","","","","","","","","","","","","","","","","","","",""
"63263001","PUY-DE-DOME-MN",45.775,2.966667,1461,1965030406,"","","","",24.,1,250,1,"","","","","","","","","","","","","","","","","","","","","","","","","","","","",-5.4,1,-7.2,1,"","","","","","","","","","","","","","","","","","","","","","","","","","",87,1,"","","","","","","","","","","","",3.5,1,"","","","","","","","",7,1,7,1,5,1,7,1,"","","","","","","","","","","","","","","","","","","","","","","","","","",25000,1,"","",0,1,4,1,"","",0,1,"","","","","","","","","","","","","","","","","","","","","","","","","","","","","","","","","","","","","","","","","","","","","","","","","","","","","","","","","","","","","",""
"63263001","PUY-DE-DOME-MN",45.775,2.966667,1461,1965030409,"","","","",19.,1,250,1,"","","","","","","","","","","","","","","","","","","","","","","","","","","","",-5.2,1,-5.2,1,"","","","","","","","","","","","","","","","","","","","","","","","","","",100,1,"","","","","","","","","","","","",4.1,1,"","","","","","","","",9,1,"","","","","","","","","","","","","","","","","","","","","","","","","","","","","","","","",100,1,"","",49,1,2,1,"","","","","","","","","","","","","","","","","","","","","","","","","","","","","","","","","","","","","","","","","","","","","","","","","","","","","","","","","","","","","","","","","",""
"63263001","PUY-DE-DOME-MN",45.775,2.966667,1461,1965030412,"","","","",17.,1,250,1,"","","","","","","","","","","","","","","","","","","","","","","","","","","","",-4.9,1,-4.9,1,"","","","","","","","","","","","","","","","","","","","","","","","","","",100,1,"","","","","","","","","","","","",4.2,1,"","","","","","","","",9,1,"","","","","","","","","","","","","","","","","","","","","","","","","","","","","","","","",40,1,"","",49,1,4,1,"","","","","","","","","","","","","","","","","","","","","","","","","","","","","","","","","","","","","","","","","","","","","","","","","","","","","","","","","","","","","","","","","",""
"63263001","PUY-DE-DOME-MN",45.775,2.966667,1461,1965030415,"","","","",11.,1,250,1,"","","","","","","","","","","","","","","","","","","","","","","","","","","","",-3.9,1,-3.9,1,"","","","","","","","","","","","","","","","","","","","","","","","","","",100,1,"","","","","","","","","","","","",4.6,1,"","","","","","","","",8,1,8,1,"","","","","","","","","","","","","","","","","","","","","","","","","","","","","","",100,1,"","",41,1,4,1,"","","","","","","","","","","","","","","","","","","","","","","","","","","","","","","","","","","","","","","","","","","","","","","","","","","","","","","","","","","","","","","","","",""
"63263001","PUY-DE-DOME-MN",45.775,2.966667,1461,1965030418,"","","","",12.,1,250,1,"","","","","","","","","","","","","","","","","","","","","","","","","","","","",-4.3,1,-5.5,1,"","","","","","","","","","","","","","","","","","","","","","","","","","",91,1,"","","","","","","","","","","","",4.,1,"","","","","","","","",6,1,6,1,5,1,4,1,2,1,"","","","","","","","","","","","","","","","","","","","","","","","",50000,1,"","",2,1,4,1,"","","","","","","","","","","","","","","","","","","","","","","","","","","","","","","","","","","","","","","","","","","","","","","","","","","","","","","","","","","","","","","","","",""
"63263001","PUY-DE-DOME-MN",45.775,2.966667,1461,1965030421,"","","","","","","","","","","","","","","","","","","","","","","","","","","","","","","","","","","","",-4.7,1,-4.7,1,"","","","","","","","","","","","","","","","","","","","","","","","","","",100,1,"","","","","","","","","","","","",4.3,1,"","","","","","","","","","","","","","","","","","","","","","","","","","","","","","","","","","","","","","","","","","","","","","","","","","","","","","","","","","","","","","","","","","","","","","","","","","","","","","","","","","","","","","","","","","","","","","","","","","","","","","","","","","","","","","","","","","","",""
"63263001","PUY-DE-DOME-MN",45.775,2.966667,1461,1965030500,"","","","","","","","","","","","","","","","","","","","","","","","","","","","","","","","","","","","",-5.2,1,-5.2,1,"","","","","","","","","","","","","","","","","","","","","","","","","","",100,1,"","","","","","","","","","","","",4.1,1,"","","","","","","","","","","","","","","","","","","","","","","","","","","","","","","","","","","","","","","","","","","","","","","","","","","","","","","","","","","","","","","","","","","","","","","","","","","","","","","","","","","","","","","","","","","","","","","","","","","","","","","","","","","","","","","","","","","",""
"63263001","PUY-DE-DOME-MN",45.775,2.966667,1461,1965030503,"","","","","","","","","","","","","","","","","","","","","","","","","","","","","","","","","","","","",-4.7,1,-5.9,1,"","","","","","","","","","","","","","","","","","","","","","","","","","",90,1,"","","","","","","","","","","","",3.9,1,"","","","","","","","","","","","","","","","","","","","","","","","","","","","","","","","","","","","","","","","","","","","","","","","","","","","","","","","","","","","","","","","","","","","","","","","","","","","","","","","","","","","","","","","","","","","","","","","","","","","","","","","","","","","","","","","","","","",""
"63263001","PUY-DE-DOME-MN",45.775,2.966667,1461,1965030506,"","","","",4.,1,250,1,"","","","","","","","","","","","","","","","","","","","","","","","","","","","",-4.5,1,-6.5,1,"","","","","","","","","","","","","","","","","","","","","","","","","","",86,1,"","","","","","","","","","","","",3.7,1,"","","","","","","","",7,1,7,1,5,1,"","","","","","","","","","","","","","","","","","","","","","","","","","","","",40000,1,"","",0,1,"","","","",0,1,"","","","","","","","","","","","","","","","","","","","","","","","","","","","","","","","","","","","","","","","","","","","","","","","","","","","","","","","","","","","","",""
"63263001","PUY-DE-DOME-MN",45.775,2.966667,1461,1965030509,"","","","",4.,1,250,1,"","","","","","","","","","","","","","","","","","","","","","","","","","","","",-4.4,1,-4.4,1,"","","","","","","","","","","","","","","","","","","","","","","","","","",100,1,"","","","","","","","","","","","",4.4,1,"","","","","","","","",8,1,8,1,"","","","","","","","","","","","","","","","","","","","","","","","","","","","","","",100,1,"","",41,1,8,1,"","","","","","","","","","","","","","","","","","","","","","","","","","","","","","","","","","","","","","","","","","","","","","","","","","","","","","","","","","","","","","","","","",""
"63263001","PUY-DE-DOME-MN",45.775,2.966667,1461,1965030512,"","","","",4.,1,130,1,"","","","","","","","","","","","","","","","","","","","","","","","","","","","",-1.4,1,-1.4,1,"","","","","","","","","","","","","","","","","","","","","","","","","","",100,1,"","","","","","","","","","","","",5.5,1,"","","","","","","","",8,1,8,1,"","","","","","","","","","","","","","","","","","","","","","","","","","","","","","",100,1,"","",41,1,8,1,"","","","","","","","","","","","","","","","","","","","","","","","","","","","","","","","","","","","","","","","","","","","","","","","","","","","","","","","","","","","","","","","","",""
"63263001","PUY-DE-DOME-MN",45.775,2.966667,1461,1965030515,"","","","",0.,1,0,1,"","","","","","","","","","","","","","","","","","","","","","","","","","","","",-1.8,1,-2.9,1,"","","","","","","","","","","","","","","","","","","","","","","","","","",92,1,"","","","","","","","","","","","",4.9,1,"","","","","","","","",6,1,5,1,8,1,0,1,2,1,"","","","","","","","","","","","","","","","","","","","","","","","",40000,1,"","",28,1,4,1,"","","","","","","","","","","","","","","","","","","","","","","","","","","","","","","","","","","","","","","","","","","","","","","","","","","","","","","","","","","","","","","","","",""
"63263001","PUY-DE-DOME-MN",45.775,2.966667,1461,1965030518,"","","","",9.,1,50,1,"","","","","","","","","","","","","","","","","","","","","","","","","","","","",-4.2,1,-4.2,1,"","","","","","","","","","","","","","","","","","","","","","","","","","",100,1,"","","","","","","","","","","","",4.5,1,"","","","","","","","",8,1,8,1,"","","","","","","","","","","","","","","","","","","","","","","","","","","","","","",40,1,"","",85,1,8,1,"","","","","","","","","","","","","","","","","","","","","","","","","","","","","","","","","","","","","","","","","","","","","","","","","","","","","","","","","","","","","","","","","",""
"63263001","PUY-DE-DOME-MN",45.775,2.966667,1461,1965030521,"","","","","","","","","","","","","","","","","","","","","","","","","","","","","","","","","","","","",-4.,1,-4.,1,"","","","","","","","","","","","","","","","","","","","","","","","","","",100,1,"","","","","","","","","","","","",4.5,1,"","","","","","","","","","","","","","","","","","","","","","","","","","","","","","","","","","","","","","","","","","","","","","","","","","","","","","","","","","","","","","","","","","","","","","","","","","","","","","","","","","","","","","","","","","","","","","","","","","","","","","","","","","","","","","","","","","","",""
"63263001","PUY-DE-DOME-MN",45.775,2.966667,1461,1965030600,"","","","","","","","","","","","","","","","","","","","","","","","","","","","","","","","","","","","",-4.8,1,-4.8,1,"","","","","","","","","","","","","","","","","","","","","","","","","","",100,1,"","","","","","","","","","","","",4.3,1,"","","","","","","","","","","","","","","","","","","","","","","","","","","","","","","","","","","","","","","","","","","","","","","","","","","","","","","","","","","","","","","","","","","","","","","","","","","","","","","","","","","","","","","","","","","","","","","","","","","","","","","","","","","","","","","","","","","",""
"63263001","PUY-DE-DOME-MN",45.775,2.966667,1461,1965030603,"","","","","","","","","","","","","","","","","","","","","","","","","","","","","","","","","","","","",-5.8,1,-5.8,1,"","","","","","","","","","","","","","","","","","","","","","","","","","",100,1,"","","","","","","","","","","","",4.,1,"","","","","","","","","","","","","","","","","","","","","","","","","","","","","","","","","","","","","","","","","","","","","","","","","","","","","","","","","","","","","","","","","","","","","","","","","","","","","","","","","","","","","","","","","","","","","","","","","","","","","","","","","","","","","","","","","","","",""
"63263001","PUY-DE-DOME-MN",45.775,2.966667,1461,1965030606,"","","","",8.,1,30,1,"","","","","","","","","","","","","","","","","","","","","","","","","","","","",-5.,1,-5.,1,"","","","","","","","","","","","","","","","","","","","","","","","","","",100,1,"","","","","","","","","","","","",4.2,1,"","","","","","","","",9,1,"","","","","","","","","","","","","","","","","","","","","","","","","","","","","","","","",100,1,"","",49,1,4,1,"","",0,1,"","","","","","","","","","","","","","","","","","","","","","","","","","","","","","","","","","","","","","","","","","","","","","","","","","","","","","","","","","","","","",""
"63263001","PUY-DE-DOME-MN",45.775,2.966667,1461,1965030609,"","","","",3.,1,330,1,"","","","","","","","","","","","","","","","","","","","","","","","","","","","",-5.3,1,-5.3,1,"","","","","","","","","","","","","","","","","","","","","","","","","","",100,1,"","","","","","","","","","","","",4.1,1,"","","","","","","","",9,1,"","","","","","","","","","","","","","","","","","","","","","","","","","","","","","","","",40,1,"","",49,1,4,1,"","","","","","","","","","","","","","","","","","","","","","","","","","","","","","","","","","","","","","","","","","","","","","","","","","","","","","","","","","","","","","","","","",""
"63263001","PUY-DE-DOME-MN",45.775,2.966667,1461,1965030612,"","","","",5.,1,330,1,"","","","","","","","","","","","","","","","","","","","","","","","","","","","",-4.6,1,-4.6,1,"","","","","","","","","","","","","","","","","","","","","","","","","","",100,1,"","","","","","","","","","","","",4.3,1,"","","","","","","","",9,1,"","","","","","","","","","","","","","","","","","","","","","","","","","","","","","","","",40,1,"","",49,1,4,1,"","","","","","","","","","","","","","","","","","","","","","","","","","","","","","","","","","","","","","","","","","","","","","","","","","","","","","","","","","","","","","","","","",""
"63263001","PUY-DE-DOME-MN",45.775,2.966667,1461,1965030615,"","","","",6.,1,350,1,"","","","","","","","","","","","","","","","","","","","","","","","","","","","",-6.4,1,-6.4,1,"","","","","","","","","","","","","","","","","","","","","","","","","","",100,1,"","","","","","","","","","","","",3.8,1,"","","","","","","","",9,1,"","","","","","","","","","","","","","","","","","","","","","","","","","","","","","","","",40,1,"","",49,1,4,1,"","","","","","","","","","","","","","","","","","","","","","","","","","","","","","","","","","","","","","","","","","","","","","","","","","","","","","","","","","","","","","","","","",""
"63263001","PUY-DE-DOME-MN",45.775,2.966667,1461,1965030618,"","","","",3.,1,350,1,"","","","","","","","","","","","","","","","","","","","","","","","","","","","",-7.8,1,-7.8,1,"","","","","","","","","","","","","","","","","","","","","","","","","","",100,1,"","","","","","","","","","","","",3.4,1,"","","","","","","","",9,1,"","","","","","","","","","","","","","","","","","","","","","","","","","","","","","","","",40,1,"","",49,1,4,1,"","","","","","","","","","","","","","","","","","","","","","","","","","","","","","","","","","","","","","","","","","","","","","","","","","","","","","","","","","","","","","","","","",""
"63263001","PUY-DE-DOME-MN",45.775,2.966667,1461,1965030621,"","","","","","","","","","","","","","","","","","","","","","","","","","","","","","","","","","","","",-9.3,1,-9.3,1,"","","","","","","","","","","","","","","","","","","","","","","","","","",100,1,"","","","","","","","","","","","",3.,1,"","","","","","","","","","","","","","","","","","","","","","","","","","","","","","","","","","","","","","","","","","","","","","","","","","","","","","","","","","","","","","","","","","","","","","","","","","","","","","","","","","","","","","","","","","","","","","","","","","","","","","","","","","","","","","","","","","","",""
"63263001","PUY-DE-DOME-MN",45.775,2.966667,1461,1965030700,"","","","","","","","","","","","","","","","","","","","","","","","","","","","","","","","","","","","",-9.4,1,-9.4,1,"","","","","","","","","","","","","","","","","","","","","","","","","","",100,1,"","","","","","","","","","","","",3.,1,"","","","","","","","","","","","","","","","","","","","","","","","","","","","","","","","","","","","","","","","","","","","","","","","","","","","","","","","","","","","","","","","","","","","","","","","","","","","","","","","","","","","","","","","","","","","","","","","","","","","","","","","","","","","","","","","","","","",""
"63263001","PUY-DE-DOME-MN",45.775,2.966667,1461,1965030703,"","","","","","","","","","","","","","","","","","","","","","","","","","","","","","","","","","","","",-9.7,1,-11.4,1,"","","","","","","","","","","","","","","","","","","","","","","","","","",85,1,"","","","","","","","","","","","",2.5,1,"","","","","","","","","","","","","","","","","","","","","","","","","","","","","","","","","","","","","","","","","","","","","","","","","","","","","","","","","","","","","","","","","","","","","","","","","","","","","","","","","","","","","","","","","","","","","","","","","","","","","","","","","","","","","","","","","","","",""
"63263001","PUY-DE-DOME-MN",45.775,2.966667,1461,1965030706,"","","","",6.,1,30,1,"","","","","","","","","","","","","","","","","","","","","","","","","","","","",-10.,1,-12.4,1,"","","","","","","","","","","","","","","","","","","","","","","","","","",81,1,"","","","","","","","","","","","",2.3,1,"","","","","","","","",8,1,8,1,5,1,"","","","","","","","","","","","","","","","","","","","","","","","","","","","",8000,1,"","",0,1,"","","","",0,1,"","","","","","","","","","","","","","","","","","","","","","","","","","","","","","","","","","","","","","","","","","","","","","","","","","","","","","","","","","","","","",""
"63263001","PUY-DE-DOME-MN",45.775,2.966667,1461,1965030709,"","","","",7.,1,50,1,"","","","","","","","","","","","","","","","","","","","","","","","","","","","",-10.,1,-10.,1,"","","","","","","","","","","","","","","","","","","","","","","","","","",100,1,"","","","","","","","","","","","",2.9,1,"","","","","","","","",8,1,8,1,"","","","","","","","","","","","","","","","","","","","","","","","","","","","","","",100,1,"","",41,1,4,1,"","","","","","","","","","","","","","","","","","","","","","","","","","","","","","","","","","","","","","","","","","","","","","","","","","","","","","","","","","","","","","","","","",""
"63263001","PUY-DE-DOME-MN",45.775,2.966667,1461,1965030712,"","","","",3.,1,50,1,"","","","","","","","","","","","","","","","","","","","","","","","","","","","",-8.,1,-8.,1,"","","","","","","","","","","","","","","","","","","","","","","","","","",100,1,"","","","","","","","","","","","",3.3,1,"","","","","","","","",8,1,8,1,"","","","","","","","","","","","","","","","","","","","","","","","","","","","","","",40,1,"","",71,1,7,1,"","","","","","","","","","","","","","","","","","","","","","","","","","","","","","","","","","","","","","","","","","","","","","","","","","","","","","","","","","","","","","","","","",""
"63263001","PUY-DE-DOME-MN",45.775,2.966667,1461,1965030715,"","","","",3.,1,50,1,"","","","","","","","","","","","","","","","","","","","","","","","","","","","",-7.8,1,-7.8,1,"","","","","","","","","","","","","","","","","","","","","","","","","","",100,1,"","","","","","","","","","","","",3.4,1,"","","","","","","","",9,1,"","","","","","","","","","","","","","","","","","","","","","","","","","","","","","","","",40,1,"","",49,1,7,1,"","","","","","","","","","","","","","","","","","","","","","","","","","","","","","","","","","","","","","","","","","","","","","","","","","","","","","","","","","","","","","","","","",""
"63263001","PUY-DE-DOME-MN",45.775,2.966667,1461,1965030718,"","","","",5.,1,90,1,"","","","","","","","","","","","","","","","","","","","","","","","","","","","",-8.8,1,-8.8,1,"","","","","","","","","","","","","","","","","","","","","","","","","","",100,1,"","","","","","","","","","","","",3.1,1,"","","","","","","","",9,1,"","","","","","","","","","","","","","","","","","","","","","","","","","","","","","","","",40,1,"","",49,1,7,1,"","","","","","","","","","","","","","","","","","","","","","","","","","","","","","","","","","","","","","","","","","","","","","","","","","","","","","","","","","","","","","","","","",""
"63263001","PUY-DE-DOME-MN",45.775,2.966667,1461,1965030721,"","","","","","","","","","","","","","","","","","","","","","","","","","","","","","","","","","","","",-8.5,1,-8.5,1,"","","","","","","","","","","","","","","","","","","","","","","","","","",100,1,"","","","","","","","","","","","",3.2,1,"","","","","","","","","","","","","","","","","","","","","","","","","","","","","","","","","","","","","","","","","","","","","","","","","","","","","","","","","","","","","","","","","","","","","","","","","","","","","","","","","","","","","","","","","","","","","","","","","","","","","","","","","","","","","","","","","","","",""
"63263001","PUY-DE-DOME-MN",45.775,2.966667,1461,1965030800,"","","","","","","","","","","","","","","","","","","","","","","","","","","","","","","","","","","","",-8.2,1,-8.2,1,"","","","","","","","","","","","","","","","","","","","","","","","","","",100,1,"","","","","","","","","","","","",3.3,1,"","","","","","","","","","","","","","","","","","","","","","","","","","","","","","","","","","","","","","","","","","","","","","","","","","","","","","","","","","","","","","","","","","","","","","","","","","","","","","","","","","","","","","","","","","","","","","","","","","","","","","","","","","","","","","","","","","","",""
"63263001","PUY-DE-DOME-MN",45.775,2.966667,1461,1965030803,"","","","","","","","","","","","","","","","","","","","","","","","","","","","","","","","","","","","",-8.7,1,-8.7,1,"","","","","","","","","","","","","","","","","","","","","","","","","","",100,1,"","","","","","","","","","","","",3.2,1,"","","","","","","","","","","","","","","","","","","","","","","","","","","","","","","","","","","","","","","","","","","","","","","","","","","","","","","","","","","","","","","","","","","","","","","","","","","","","","","","","","","","","","","","","","","","","","","","","","","","","","","","","","","","","","","","","","","",""
"63263001","PUY-DE-DOME-MN",45.775,2.966667,1461,1965030806,"","","","",12.,1,70,1,"","","","","","","","","","","","","","","","","","","","","","","","","","","","",-9.,1,-9.,1,"","","","","","","","","","","","","","","","","","","","","","","","","","",100,1,"","","","","","","","","","","","",3.1,1,"","","","","","","","",9,1,"","","","","","","","","","","","","","","","","","","","","","","","","","","","","","","","",40,1,"","",49,1,4,1,"","",0,1,"","","","","","","","","","","","","","","","","","","","","","","","","","","","","","","","","","","","","","","","","","","","","","","","","","","","","","","","","","","","","",""
"63263001","PUY-DE-DOME-MN",45.775,2.966667,1461,1965030809,"","","","",10.,1,70,1,"","","","","","","","","","","","","","","","","","","","","","","","","","","","",-8.3,1,-8.3,1,"","","","","","","","","","","","","","","","","","","","","","","","","","",100,1,"","","","","","","","","","","","",3.3,1,"","","","","","","","",8,1,8,1,"","","","","","","","","","","","","","","","","","","","","","","","","","","","","","",100,1,"","",41,1,4,1,"","","","","","","","","","","","","","","","","","","","","","","","","","","","","","","","","","","","","","","","","","","","","","","","","","","","","","","","","","","","","","","","","",""
"63263001","PUY-DE-DOME-MN",45.775,2.966667,1461,1965030812,"","","","",4.,1,50,1,"","","","","","","","","","","","","","","","","","","","","","","","","","","","",-5.2,1,-5.2,1,"","","","","","","","","","","","","","","","","","","","","","","","","","",100,1,"","","","","","","","","","","","",4.1,1,"","","","","","","","",8,1,8,1,"","","","","","","","","","","","","","","","","","","","","","","","","","","","","","",100,1,"","",41,1,4,1,"","","","","","","","","","","","","","","","","","","","","","","","","","","","","","","","","","","","","","","","","","","","","","","","","","","","","","","","","","","","","","","","","",""
"63263001","PUY-DE-DOME-MN",45.775,2.966667,1461,1965030815,"","","","",4.,1,50,1,"","","","","","","","","","","","","","","","","","","","","","","","","","","","",-6.2,1,-6.2,1,"","","","","","","","","","","","","","","","","","","","","","","","","","",100,1,"","","","","","","","","","","","",3.8,1,"","","","","","","","",9,1,"","","","","","","","","","","","","","","","","","","","","","","","","","","","","","","","",40,1,"","",49,1,4,1,"","","","","","","","","","","","","","","","","","","","","","","","","","","","","","","","","","","","","","","","","","","","","","","","","","","","","","","","","","","","","","","","","",""
"63263001","PUY-DE-DOME-MN",45.775,2.966667,1461,1965030818,"","","","",6.,1,50,1,"","","","","","","","","","","","","","","","","","","","","","","","","","","","",-8.4,1,-8.4,1,"","","","","","","","","","","","","","","","","","","","","","","","","","",100,1,"","","","","","","","","","","","",3.2,1,"","","","","","","","",9,1,"","","","","","","","","","","","","","","","","","","","","","","","","","","","","","","","",40,1,"","",49,1,4,1,"","","","","","","","","","","","","","","","","","","","","","","","","","","","","","","","","","","","","","","","","","","","","","","","","","","","","","","","","","","","","","","","","",""
"63263001","PUY-DE-DOME-MN",45.775,2.966667,1461,1965030821,"","","","","","","","","","","","","","","","","","","","","","","","","","","","","","","","","","","","",-8.7,1,-8.7,1,"","","","","","","","","","","","","","","","","","","","","","","","","","",100,1,"","","","","","","","","","","","",3.2,1,"","","","","","","","","","","","","","","","","","","","","","","","","","","","","","","","","","","","","","","","","","","","","","","","","","","","","","","","","","","","","","","","","","","","","","","","","","","","","","","","","","","","","","","","","","","","","","","","","","","","","","","","","","","","","","","","","","","",""
"63263001","PUY-DE-DOME-MN",45.775,2.966667,1461,1965030900,"","","","","","","","","","","","","","","","","","","","","","","","","","","","","","","","","","","","",-9.3,1,-9.3,1,"","","","","","","","","","","","","","","","","","","","","","","","","","",100,1,"","","","","","","","","","","","",3.,1,"","","","","","","","","","","","","","","","","","","","","","","","","","","","","","","","","","","","","","","","","","","","","","","","","","","","","","","","","","","","","","","","","","","","","","","","","","","","","","","","","","","","","","","","","","","","","","","","","","","","","","","","","","","","","","","","","","","",""
"63263001","PUY-DE-DOME-MN",45.775,2.966667,1461,1965030903,"","","","","","","","","","","","","","","","","","","","","","","","","","","","","","","","","","","","",-8.9,1,-8.9,1,"","","","","","","","","","","","","","","","","","","","","","","","","","",100,1,"","","","","","","","","","","","",3.1,1,"","","","","","","","","","","","","","","","","","","","","","","","","","","","","","","","","","","","","","","","","","","","","","","","","","","","","","","","","","","","","","","","","","","","","","","","","","","","","","","","","","","","","","","","","","","","","","","","","","","","","","","","","","","","","","","","","","","",""
"63263001","PUY-DE-DOME-MN",45.775,2.966667,1461,1965030906,"","","","",13.,1,90,1,"","","","","","","","","","","","","","","","","","","","","","","","","","","","",-6.,1,-6.,1,"","","","","","","","","","","","","","","","","","","","","","","","","","",100,1,"","","","","","","","","","","","",3.9,1,"","","","","","","","",9,1,"","","","","","","","","","","","","","","","","","","","","","","","","","","","","","","","",40,1,"","",49,1,4,1,"","",0,1,"","","","","","","","","","","","","","","","","","","","","","","","","","","","","","","","","","","","","","","","","","","","","","","","","","","","","","","","","","","","","",""
"63263001","PUY-DE-DOME-MN",45.775,2.966667,1461,1965030909,"","","","",9.,1,90,1,"","","","","","","","","","","","","","","","","","","","","","","","","","","","",-7.6,1,-7.6,1,"","","","","","","","","","","","","","","","","","","","","","","","","","",100,1,"","","","","","","","","","","","",3.4,1,"","","","","","","","",8,1,8,1,"","","","","","","","","","","","","","","","","","","","","","","","","","","","","","",100,1,"","",41,1,4,1,"","","","","","","","","","","","","","","","","","","","","","","","","","","","","","","","","","","","","","","","","","","","","","","","","","","","","","","","","","","","","","","","","",""
"63263001","PUY-DE-DOME-MN",45.775,2.966667,1461,1965030912,"","","","",5.,1,90,1,"","","","","","","","","","","","","","","","","","","","","","","","","","","","",-5.9,1,-5.9,1,"","","","","","","","","","","","","","","","","","","","","","","","","","",100,1,"","","","","","","","","","","","",3.9,1,"","","","","","","","",8,1,8,1,"","","","","","","","","","","","","","","","","","","","","","","","","","","","","","",100,1,"","",41,1,4,1,"","","","","","","","","","","","","","","","","","","","","","","","","","","","","","","","","","","","","","","","","","","","","","","","","","","","","","","","","","","","","","","","","",""
"63263001","PUY-DE-DOME-MN",45.775,2.966667,1461,1965030915,"","","","",1.,1,90,1,"","","","","","","","","","","","","","","","","","","","","","","","","","","","",-2.2,1,-13.5,1,"","","","","","","","","","","","","","","","","","","","","","","","","","",41,1,"","","","","","","","","","","","",2.1,1,"","","","","","","","",0,1,"","",0,1,0,1,0,1,"","","","","","","","","","","","","","","","","","","","","","","","",40000,1,"","",2,1,4,1,"","","","","","","","","","","","","","","","","","","","","","","","","","","","","","","","","","","","","","","","","","","","","","","","","","","","","","","","","","","","","","","","","",""
"63263001","PUY-DE-DOME-MN",45.775,2.966667,1461,1965030918,"","","","",1.,1,90,1,"","","","","","","","","","","","","","","","","","","","","","","","","","","","",-4.9,1,-12.9,1,"","","","","","","","","","","","","","","","","","","","","","","","","","",51,1,"","","","","","","","","","","","",2.2,1,"","","","","","","","",0,1,"","",0,1,0,1,0,1,"","","","","","","","","","","","","","","","","","","","","","","","",40000,1,"","",2,1,4,1,"","","","","","","","","","","","","","","","","","","","","","","","","","","","","","","","","","","","","","","","","","","","","","","","","","","","","","","","","","","","","","","","","",""
"63263001","PUY-DE-DOME-MN",45.775,2.966667,1461,1965030921,"","","","","","","","","","","","","","","","","","","","","","","","","","","","","","","","","","","","",-6.4,1,-6.4,1,"","","","","","","","","","","","","","","","","","","","","","","","","","",100,1,"","","","","","","","","","","","",3.8,1,"","","","","","","","","","","","","","","","","","","","","","","","","","","","","","","","","","","","","","","","","","","","","","","","","","","","","","","","","","","","","","","","","","","","","","","","","","","","","","","","","","","","","","","","","","","","","","","","","","","","","","","","","","","","","","","","","","","",""
"63263001","PUY-DE-DOME-MN",45.775,2.966667,1461,1965031000,"","","","","","","","","","","","","","","","","","","","","","","","","","","","","","","","","","","","",-8.,1,-8.,1,"","","","","","","","","","","","","","","","","","","","","","","","","","",100,1,"","","","","","","","","","","","",3.3,1,"","","","","","","","","","","","","","","","","","","","","","","","","","","","","","","","","","","","","","","","","","","","","","","","","","","","","","","","","","","","","","","","","","","","","","","","","","","","","","","","","","","","","","","","","","","","","","","","","","","","","","","","","","","","","","","","","","","",""
"63263001","PUY-DE-DOME-MN",45.775,2.966667,1461,1965031003,"","","","","","","","","","","","","","","","","","","","","","","","","","","","","","","","","","","","",-2.1,1,-8.7,1,"","","","","","","","","","","","","","","","","","","","","","","","","","",61,1,"","","","","","","","","","","","",3.1,1,"","","","","","","","","","","","","","","","","","","","","","","","","","","","","","","","","","","","","","","","","","","","","","","","","","","","","","","","","","","","","","","","","","","","","","","","","","","","","","","","","","","","","","","","","","","","","","","","","","","","","","","","","","","","","","","","","","","",""
"63263001","PUY-DE-DOME-MN",45.775,2.966667,1461,1965031006,"","","","",13.,1,210,1,"","","","","","","","","","","","","","","","","","","","","","","","","","","","",-3.3,1,-13.5,1,"","","","","","","","","","","","","","","","","","","","","","","","","","",44,1,"","","","","","","","","","","","",2.1,1,"","","","","","","","",0,1,"","",0,1,0,1,0,1,"","","","","","","","","","","","","","","","","","","","","","","","",50000,1,"","",0,1,4,1,"","",0,1,"","","","","","","","","","","","","","","","","","","","","","","","","","","","","","","","","","","","","","","","","","","","","","","","","","","","","","","","","","","","","",""
"63263001","PUY-DE-DOME-MN",45.775,2.966667,1461,1965031009,"","","","",17.,1,210,1,"","","","","","","","","","","","","","","","","","","","","","","","","","","","",-2.7,1,-7.6,1,"","","","","","","","","","","","","","","","","","","","","","","","","","",68,1,"","","","","","","","","","","","",3.4,1,"","","","","","","","",0,1,"","",0,1,0,1,0,1,"","","","","","","","","","","","","","","","","","","","","","","","",50000,1,"","",2,1,0,1,"","","","","","","","","","","","","","","","","","","","","","","","","","","","","","","","","","","","","","","","","","","","","","","","","","","","","","","","","","","","","","","","","",""
"63263001","PUY-DE-DOME-MN",45.775,2.966667,1461,1965031012,"","","","",11.,1,170,1,"","","","","","","","","","","","","","","","","","","","","","","","","","","","",0.,1,-4.,1,"","","","","","","","","","","","","","","","","","","","","","","","","","",74,1,"","","","","","","","","","","","",4.5,1,"","","","","","","","",0,1,"","",0,1,0,1,0,1,"","","","","","","","","","","","","","","","","","","","","","","","",50000,1,"","",2,1,0,1,"","","","","","","","","","","","","","","","","","","","","","","","","","","","","","","","","","","","","","","","","","","","","","","","","","","","","","","","","","","","","","","","","",""
"63263001","PUY-DE-DOME-MN",45.775,2.966667,1461,1965031015,"","","","",14.,1,170,1,"","","","","","","","","","","","","","","","","","","","","","","","","","","","",0.5,1,-4.6,1,"","","","","","","","","","","","","","","","","","","","","","","","","","",68,1,"","","","","","","","","","","","",4.3,1,"","","","","","","","",0,1,"","",0,1,0,1,0,1,"","","","","","","","","","","","","","","","","","","","","","","","",20000,1,"","",2,1,0,1,"","","","","","","","","","","","","","","","","","","","","","","","","","","","","","","","","","","","","","","","","","","","","","","","","","","","","","","","","","","","","","","","","",""
"63263001","PUY-DE-DOME-MN",45.775,2.966667,1461,1965031018,"","","","",21.,1,170,1,"","","","","","","","","","","","","","","","","","","","","","","","","","","","",-2.5,1,-4.3,1,"","","","","","","","","","","","","","","","","","","","","","","","","","",86,1,"","","","","","","","","","","","",4.4,1,"","","","","","","","",1,1,0,1,5,1,0,1,0,1,"","","","","","","","","","","","","","","","","","","","","","","","",20000,1,"","",2,1,0,1,"","","","","","","","","","","","","","","","","","","","","","","","","","","","","","","","","","","","","","","","","","","","","","","","","","","","","","","","","","","","","","","","","",""
"63263001","PUY-DE-DOME-MN",45.775,2.966667,1461,1965031021,"","","","","","","","","","","","","","","","","","","","","","","","","","","","","","","","","","","","",-3.6,1,-5.2,1,"","","","","","","","","","","","","","","","","","","","","","","","","","",88,1,"","","","","","","","","","","","",4.1,1,"","","","","","","","","","","","","","","","","","","","","","","","","","","","","","","","","","","","","","","","","","","","","","","","","","","","","","","","","","","","","","","","","","","","","","","","","","","","","","","","","","","","","","","","","","","","","","","","","","","","","","","","","","","","","","","","","","","",""
"63263001","PUY-DE-DOME-MN",45.775,2.966667,1461,1965031100,"","","","","","","","","","","","","","","","","","","","","","","","","","","","","","","","","","","","",-3.9,1,-6.5,1,"","","","","","","","","","","","","","","","","","","","","","","","","","",80,1,"","","","","","","","","","","","",3.7,1,"","","","","","","","","","","","","","","","","","","","","","","","","","","","","","","","","","","","","","","","","","","","","","","","","","","","","","","","","","","","","","","","","","","","","","","","","","","","","","","","","","","","","","","","","","","","","","","","","","","","","","","","","","","","","","","","","","","",""
"63263001","PUY-DE-DOME-MN",45.775,2.966667,1461,1965031103,"","","","","","","","","","","","","","","","","","","","","","","","","","","","","","","","","","","","",-3.8,1,-3.8,1,"","","","","","","","","","","","","","","","","","","","","","","","","","",100,1,"","","","","","","","","","","","",4.6,1,"","","","","","","","","","","","","","","","","","","","","","","","","","","","","","","","","","","","","","","","","","","","","","","","","","","","","","","","","","","","","","","","","","","","","","","","","","","","","","","","","","","","","","","","","","","","","","","","","","","","","","","","","","","","","","","","","","","",""
"63263001","PUY-DE-DOME-MN",45.775,2.966667,1461,1965031106,"","","","",22.,1,170,1,"","","","","","","","","","","","","","","","","","","","","","","","","","","","",-4.7,1,-6.5,1,"","","","","","","","","","","","","","","","","","","","","","","","","","",85,1,"","","","","","","","","","","","",3.7,1,"","","","","","","","",1,1,0,1,5,1,0,1,0,1,"","","","","","","","","","","","","","","","","","","","","","","","",30000,1,"","",2,1,4,1,"","",0,1,"","","","","","","","","","","","","","","","","","","","","","","","","","","","","","","","","","","","","","","","","","","","","","","","","","","","","","","","","","","","","",""
"63263001","PUY-DE-DOME-MN",45.775,2.966667,1461,1965031109,"","","","",16.,1,170,1,"","","","","","","","","","","","","","","","","","","","","","","","","","","","",-1.9,1,-4.,1,"","","","","","","","","","","","","","","","","","","","","","","","","","",85,1,"","","","","","","","","","","","",4.5,1,"","","","","","","","",1,1,0,1,5,1,0,1,0,1,"","","","","","","","","","","","","","","","","","","","","","","","",30000,1,"","",2,1,0,1,"","","","","","","","","","","","","","","","","","","","","","","","","","","","","","","","","","","","","","","","","","","","","","","","","","","","","","","","","","","","","","","","","",""
"63263001","PUY-DE-DOME-MN",45.775,2.966667,1461,1965031112,"","","","",21.,1,210,1,"","","","","","","","","","","","","","","","","","","","","","","","","","","","",-0.1,1,-3.2,1,"","","","","","","","","","","","","","","","","","","","","","","","","","",79,1,"","","","","","","","","","","","",4.8,1,"","","","","","","","",1,1,0,1,5,1,0,1,0,1,"","","","","","","","","","","","","","","","","","","","","","","","",25000,1,"","",2,1,0,1,"","","","","","","","","","","","","","","","","","","","","","","","","","","","","","","","","","","","","","","","","","","","","","","","","","","","","","","","","","","","","","","","","",""
"63263001","PUY-DE-DOME-MN",45.775,2.966667,1461,1965031115,"","","","",14.,1,210,1,"","","","","","","","","","","","","","","","","","","","","","","","","","","","",0.1,1,-2.7,1,"","","","","","","","","","","","","","","","","","","","","","","","","","",82,1,"","","","","","","","","","","","",5.,1,"","","","","","","","",1,1,0,1,5,1,0,1,0,1,"","","","","","","","","","","","","","","","","","","","","","","","",20000,1,"","",2,1,0,1,"","","","","","","","","","","","","","","","","","","","","","","","","","","","","","","","","","","","","","","","","","","","","","","","","","","","","","","","","","","","","","","","","",""
"63263001","PUY-DE-DOME-MN",45.775,2.966667,1461,1965031118,"","","","",18.,1,170,1,"","","","","","","","","","","","","","","","","","","","","","","","","","","","",-1.9,1,-3.2,1,"","","","","","","","","","","","","","","","","","","","","","","","","","",92,1,"","","","","","","","","","","","",4.8,1,"","","","","","","","",1,1,0,1,5,1,0,1,0,1,"","","","","","","","","","","","","","","","","","","","","","","","",20000,1,"","",2,1,0,1,"","","","","","","","","","","","","","","","","","","","","","","","","","","","","","","","","","","","","","","","","","","","","","","","","","","","","","","","","","","","","","","","","",""
"63263001","PUY-DE-DOME-MN",45.775,2.966667,1461,1965031121,"","","","","","","","","","","","","","","","","","","","","","","","","","","","","","","","","","","","",-3.,1,-3.,1,"","","","","","","","","","","","","","","","","","","","","","","","","","",100,1,"","","","","","","","","","","","",4.9,1,"","","","","","","","","","","","","","","","","","","","","","","","","","","","","","","","","","","","","","","","","","","","","","","","","","","","","","","","","","","","","","","","","","","","","","","","","","","","","","","","","","","","","","","","","","","","","","","","","","","","","","","","","","","","","","","","","","","",""
"63263001","PUY-DE-DOME-MN",45.775,2.966667,1461,1965031200,"","","","","","","","","","","","","","","","","","","","","","","","","","","","","","","","","","","","",-2.8,1,-2.8,1,"","","","","","","","","","","","","","","","","","","","","","","","","","",100,1,"","","","","","","","","","","","",5.,1,"","","","","","","","","","","","","","","","","","","","","","","","","","","","","","","","","","","","","","","","","","","","","","","","","","","","","","","","","","","","","","","","","","","","","","","","","","","","","","","","","","","","","","","","","","","","","","","","","","","","","","","","","","","","","","","","","","","",""
"63263001","PUY-DE-DOME-MN",45.775,2.966667,1461,1965031203,"","","","","","","","","","","","","","","","","","","","","","","","","","","","","","","","","","","","",-3.,1,-3.,1,"","","","","","","","","","","","","","","","","","","","","","","","","","",100,1,"","","","","","","","","","","","",4.9,1,"","","","","","","","","","","","","","","","","","","","","","","","","","","","","","","","","","","","","","","","","","","","","","","","","","","","","","","","","","","","","","","","","","","","","","","","","","","","","","","","","","","","","","","","","","","","","","","","","","","","","","","","","","","","","","","","","","","",""
"63263001","PUY-DE-DOME-MN",45.775,2.966667,1461,1965031206,"","","","",22.,1,170,1,"","","","","","","","","","","","","","","","","","","","","","","","","","","","",-3.3,1,-4.6,1,"","","","","","","","","","","","","","","","","","","","","","","","","","",90,1,"","","","","","","","","","","","",4.3,1,"","","","","","","","",0,1,"","",0,1,0,1,0,1,"","","","","","","","","","","","","","","","","","","","","","","","",25000,1,"","",2,1,4,1,"","",0,1,"","","","","","","","","","","","","","","","","","","","","","","","","","","","","","","","","","","","","","","","","","","","","","","","","","","","","","","","","","","","","",""
"63263001","PUY-DE-DOME-MN",45.775,2.966667,1461,1965031209,"","","","",30.,1,170,1,"","","","","","","","","","","","","","","","","","","","","","","","","","","","",-1.8,1,-2.9,1,"","","","","","","","","","","","","","","","","","","","","","","","","","",92,1,"","","","","","","","","","","","",4.9,1,"","","","","","","","",1,1,0,1,5,1,0,1,0,1,"","","","","","","","","","","","","","","","","","","","","","","","",25000,1,"","",2,1,0,1,"","","","","","","","","","","","","","","","","","","","","","","","","","","","","","","","","","","","","","","","","","","","","","","","","","","","","","","","","","","","","","","","","",""
"63263001","PUY-DE-DOME-MN",45.775,2.966667,1461,1965031212,"","","","",28.,1,170,1,"","","","","","","","","","","","","","","","","","","","","","","","","","","","",0.4,1,-3.2,1,"","","","","","","","","","","","","","","","","","","","","","","","","","",76,1,"","","","","","","","","","","","",4.8,1,"","","","","","","","",1,1,0,1,5,1,0,1,2,1,"","","","","","","","","","","","","","","","","","","","","","","","",25000,1,"","",2,1,0,1,"","","","","","","","","","","","","","","","","","","","","","","","","","","","","","","","","","","","","","","","","","","","","","","","","","","","","","","","","","","","","","","","","",""
"63263001","PUY-DE-DOME-MN",45.775,2.966667,1461,1965031215,"","","","",26.,1,170,1,"","","","","","","","","","","","","","","","","","","","","","","","","","","","",0.8,1,-3.2,1,"","","","","","","","","","","","","","","","","","","","","","","","","","",77,1,"","","","","","","","","","","","",4.8,1,"","","","","","","","",2,1,0,1,5,1,0,1,2,1,"","","","","","","","","","","","","","","","","","","","","","","","",25000,1,"","",3,1,0,1,"","","","","","","","","","","","","","","","","","","","","","","","","","","","","","","","","","","","","","","","","","","","","","","","","","","","","","","","","","","","","","","","","",""
"63263001","PUY-DE-DOME-MN",45.775,2.966667,1461,1965031218,"","","","",23.,1,170,1,"","","","","","","","","","","","","","","","","","","","","","","","","","","","",-0.8,1,-2.9,1,"","","","","","","","","","","","","","","","","","","","","","","","","","",87,1,"","","","","","","","","","","","",4.9,1,"","","","","","","","",5,1,5,1,5,1,4,1,2,1,"","","","","","","","","","","","","","","","","","","","","","","","",25000,1,"","",3,1,1,1,"","","","","","","","","","","","","","","","","","","","","","","","","","","","","","","","","","","","","","","","","","","","","","","","","","","","","","","","","","","","","","","","","",""
"63263001","PUY-DE-DOME-MN",45.775,2.966667,1461,1965031221,"","","","","","","","","","","","","","","","","","","","","","","","","","","","","","","","","","","","",-1.7,1,-2.4,1,"","","","","","","","","","","","","","","","","","","","","","","","","","",95,1,"","","","","","","","","","","","",5.1,1,"","","","","","","","","","","","","","","","","","","","","","","","","","","","","","","","","","","","","","","","","","","","","","","","","","","","","","","","","","","","","","","","","","","","","","","","","","","","","","","","","","","","","","","","","","","","","","","","","","","","","","","","","","","","","","","","","","","",""
"63263001","PUY-DE-DOME-MN",45.775,2.966667,1461,1965031300,"","","","","","","","","","","","","","","","","","","","","","","","","","","","","","","","","","","","",-0.7,1,-1.4,1,"","","","","","","","","","","","","","","","","","","","","","","","","","",94,1,"","","","","","","","","","","","",5.5,1,"","","","","","","","","","","","","","","","","","","","","","","","","","","","","","","","","","","","","","","","","","","","","","","","","","","","","","","","","","","","","","","","","","","","","","","","","","","","","","","","","","","","","","","","","","","","","","","","","","","","","","","","","","","","","","","","","","","",""
"63263001","PUY-DE-DOME-MN",45.775,2.966667,1461,1965031303,"","","","","","","","","","","","","","","","","","","","","","","","","","","","","","","","","","","","",-0.2,1,-0.7,1,"","","","","","","","","","","","","","","","","","","","","","","","","","",96,1,"","","","","","","","","","","","",5.8,1,"","","","","","","","","","","","","","","","","","","","","","","","","","","","","","","","","","","","","","","","","","","","","","","","","","","","","","","","","","","","","","","","","","","","","","","","","","","","","","","","","","","","","","","","","","","","","","","","","","","","","","","","","","","","","","","","","","","",""
"63263001","PUY-DE-DOME-MN",45.775,2.966667,1461,1965031306,"","","","",17.,1,210,1,"","","","","","","","","","","","","","","","","","","","","","","","","","","","",-0.2,1,-0.7,1,"","","","","","","","","","","","","","","","","","","","","","","","","","",96,1,"","","","","","","","","","","","",5.8,1,"","","","","","","","",7,1,7,1,5,1,4,1,2,1,"","","","","","","","","","","","","","","","","","","","","","","","",50000,1,"","",0,1,"","","","",0,1,"","","","","","","","","","","","","","","","","","","","","","","","","","","","","","","","","","","","","","","","","","","","","","","","","","","","","","","","","","","","","",""
"63263001","PUY-DE-DOME-MN",45.775,2.966667,1461,1965031309,"","","","",16.,1,210,1,"","","","","","","","","","","","","","","","","","","","","","","","","","","","",1.1,1,-1.6,1,"","","","","","","","","","","","","","","","","","","","","","","","","","",82,1,"","","","","","","","","","","","",5.4,1,"","","","","","","","",6,1,6,1,5,1,4,1,"","","","","","","","","","","","","","","","","","","","","","","","","","",60000,1,"","",2,1,2,1,"","","","","","","","","","","","","","","","","","","","","","","","","","","","","","","","","","","","","","","","","","","","","","","","","","","","","","","","","","","","","","","","","",""
"63263001","PUY-DE-DOME-MN",45.775,2.966667,1461,1965031312,"","","","",15.,1,210,1,"","","","","","","","","","","","","","","","","","","","","","","","","","","","",3.2,1,0.4,1,"","","","","","","","","","","","","","","","","","","","","","","","","","",82,1,"","","","","","","","","","","","",6.3,1,"","","","","","","","",5,1,0,1,1,1,4,1,2,1,"","","","","","","","","","","","","","","","","","","","","","","","",60000,1,"","",1,1,2,1,"","","","","","","","","","","","","","","","","","","","","","","","","","","","","","","","","","","","","","","","","","","","","","","","","","","","","","","","","","","","","","","","","",""
"63263001","PUY-DE-DOME-MN",45.775,2.966667,1461,1965031315,"","","","",11.,1,210,1,"","","","","","","","","","","","","","","","","","","","","","","","","","","","",2.8,1,0.6,1,"","","","","","","","","","","","","","","","","","","","","","","","","","",85,1,"","","","","","","","","","","","",6.4,1,"","","","","","","","",7,1,7,1,1,1,"","","","","","","","","","","","","","","","","","","","","","","","","","","","",60000,1,"","",3,1,2,1,"","","","","","","","","","","","","","","","","","","","","","","","","","","","","","","","","","","","","","","","","","","","","","","","","","","","","","","","","","","","","","","","","",""
"63263001","PUY-DE-DOME-MN",45.775,2.966667,1461,1965031318,"","","","",11.,1,210,1,"","","","","","","","","","","","","","","","","","","","","","","","","","","","",1.3,1,0.6,1,"","","","","","","","","","","","","","","","","","","","","","","","","","",96,1,"","","","","","","","","","","","",6.4,1,"","","","","","","","",2,1,0,1,4,1,0,1,2,1,"","","","","","","","","","","","","","","","","","","","","","","","",40000,1,"","",1,1,2,1,"","","","","","","","","","","","","","","","","","","","","","","","","","","","","","","","","","","","","","","","","","","","","","","","","","","","","","","","","","","","","","","","","",""
"63263001","PUY-DE-DOME-MN",45.775,2.966667,1461,1965031321,"","","","","","","","","","","","","","","","","","","","","","","","","","","","","","","","","","","","",2.2,1,-0.7,1,"","","","","","","","","","","","","","","","","","","","","","","","","","",80,1,"","","","","","","","","","","","",5.8,1,"","","","","","","","","","","","","","","","","","","","","","","","","","","","","","","","","","","","","","","","","","","","","","","","","","","","","","","","","","","","","","","","","","","","","","","","","","","","","","","","","","","","","","","","","","","","","","","","","","","","","","","","","","","","","","","","","","","",""
"63263001","PUY-DE-DOME-MN",45.775,2.966667,1461,1965031400,"","","","","","","","","","","","","","","","","","","","","","","","","","","","","","","","","","","","",1.9,1,0.4,1,"","","","","","","","","","","","","","","","","","","","","","","","","","",90,1,"","","","","","","","","","","","",6.3,1,"","","","","","","","","","","","","","","","","","","","","","","","","","","","","","","","","","","","","","","","","","","","","","","","","","","","","","","","","","","","","","","","","","","","","","","","","","","","","","","","","","","","","","","","","","","","","","","","","","","","","","","","","","","","","","","","","","","",""
"63263001","PUY-DE-DOME-MN",45.775,2.966667,1461,1965031403,"","","","","","","","","","","","","","","","","","","","","","","","","","","","","","","","","","","","",1.3,1,1.3,1,"","","","","","","","","","","","","","","","","","","","","","","","","","",100,1,"","","","","","","","","","","","",6.7,1,"","","","","","","","","","","","","","","","","","","","","","","","","","","","","","","","","","","","","","","","","","","","","","","","","","","","","","","","","","","","","","","","","","","","","","","","","","","","","","","","","","","","","","","","","","","","","","","","","","","","","","","","","","","","","","","","","","","",""
"63263001","PUY-DE-DOME-MN",45.775,2.966667,1461,1965031406,"","","","",12.,1,230,1,"","","","","","","","","","","","","","","","","","","","","","","","","","","","",1.2,1,1.2,1,"","","","","","","","","","","","","","","","","","","","","","","","","","",100,1,"","","","","","","","","","","","",6.6,1,"","","","","","","","",9,1,"","","","","","","","","","","","","","","","","","","","","","","","","","","","","","","","",80,1,"","",45,1,6,1,"","",0,1,"","","","","","","","","","","","","","","","","","","","","","","","","","","","","","","","","","","","","","","","","","","","","","","","","","","","","","","","","","","","","",""
"63263001","PUY-DE-DOME-MN",45.775,2.966667,1461,1965031409,"","","","",10.,1,230,1,"","","","","","","","","","","","","","","","","","","","","","","","","","","","",2.,1,1.2,1,"","","","","","","","","","","","","","","","","","","","","","","","","","",96,1,"","","","","","","","","","","","",6.7,1,"","","","","","","","",7,1,7,1,5,1,7,1,"","","","","","","","","","","","","","","","","","","","","","","","","","",30000,1,"","",28,1,4,1,"","","","","","","","","","","","","","","","","","","","","","","","","","","","","","","","","","","","","","","","","","","","","","","","","","","","","","","","","","","","","","","","","",""
"63263001","PUY-DE-DOME-MN",45.775,2.966667,1461,1965031412,"","","","",12.,1,230,1,"","","","","","","","","","","","","","","","","","","","","","","","","","","","",4.6,1,1.4,1,"","","","","","","","","","","","","","","","","","","","","","","","","","",80,1,"","","","","","","","","","","","",6.8,1,"","","","","","","","",5,1,0,1,1,1,4,1,2,1,"","","","","","","","","","","","","","","","","","","","","","","","",30000,1,"","",1,1,4,1,"","","","","","","","","","","","","","","","","","","","","","","","","","","","","","","","","","","","","","","","","","","","","","","","","","","","","","","","","","","","","","","","","",""
"63263001","PUY-DE-DOME-MN",45.775,2.966667,1461,1965031415,"","","","",14.,1,230,1,"","","","","","","","","","","","","","","","","","","","","","","","","","","","",3.,1,0.8,1,"","","","","","","","","","","","","","","","","","","","","","","","","","",86,1,"","","","","","","","","","","","",6.5,1,"","","","","","","","",8,1,8,1,1,1,7,1,"","","","","","","","","","","","","","","","","","","","","","","","","","",30000,1,"","",3,1,2,1,"","","","","","","","","","","","","","","","","","","","","","","","","","","","","","","","","","","","","","","","","","","","","","","","","","","","","","","","","","","","","","","","","",""
"63263001","PUY-DE-DOME-MN",45.775,2.966667,1461,1965031418,"","","","",15.,1,230,1,"","","","","","","","","","","","","","","","","","","","","","","","","","","","",2.3,1,1.,1,"","","","","","","","","","","","","","","","","","","","","","","","","","",92,1,"","","","","","","","","","","","",6.6,1,"","","","","","","","",8,1,8,1,4,1,7,1,"","","","","","","","","","","","","","","","","","","","","","","","","","",30000,1,"","",3,1,2,1,"","","","","","","","","","","","","","","","","","","","","","","","","","","","","","","","","","","","","","","","","","","","","","","","","","","","","","","","","","","","","","","","","",""
"63263001","PUY-DE-DOME-MN",45.775,2.966667,1461,1965031421,"","","","","","","","","","","","","","","","","","","","","","","","","","","","","","","","","","","","",2.,1,1.2,1,"","","","","","","","","","","","","","","","","","","","","","","","","","",95,1,"","","","","","","","","","","","",6.7,1,"","","","","","","","","","","","","","","","","","","","","","","","","","","","","","","","","","","","","","","","","","","","","","","","","","","","","","","","","","","","","","","","","","","","","","","","","","","","","","","","","","","","","","","","","","","","","","","","","","","","","","","","","","","","","","","","","","","",""
"63263001","PUY-DE-DOME-MN",45.775,2.966667,1461,1965031500,"","","","","","","","","","","","","","","","","","","","","","","","","","","","","","","","","","","","",2.1,1,2.1,1,"","","","","","","","","","","","","","","","","","","","","","","","","","",100,1,"","","","","","","","","","","","",7.1,1,"","","","","","","","","","","","","","","","","","","","","","","","","","","","","","","","","","","","","","","","","","","","","","","","","","","","","","","","","","","","","","","","","","","","","","","","","","","","","","","","","","","","","","","","","","","","","","","","","","","","","","","","","","","","","","","","","","","",""
"63263001","PUY-DE-DOME-MN",45.775,2.966667,1461,1965031503,"","","","","","","","","","","","","","","","","","","","","","","","","","","","","","","","","","","","",1.8,1,1.8,1,"","","","","","","","","","","","","","","","","","","","","","","","","","",100,1,"","","","","","","","","","","","",6.9,1,"","","","","","","","","","","","","","","","","","","","","","","","","","","","","","","","","","","","","","","","","","","","","","","","","","","","","","","","","","","","","","","","","","","","","","","","","","","","","","","","","","","","","","","","","","","","","","","","","","","","","","","","","","","","","","","","","","","",""
"63263001","PUY-DE-DOME-MN",45.775,2.966667,1461,1965031506,"","","","",18.,1,270,1,"","","","","","","","","","","","","","","","","","","","","","","","","","","","",1.6,1,1.6,1,"","","","","","","","","","","","","","","","","","","","","","","","","","",100,1,"","","","","","","","","","","","",6.8,1,"","","","","","","","",9,1,"","","","","","","","","","","","","","","","","","","","","","","","","","","","","","","","",40,1,"","",45,1,6,1,"","",0,1,"","","","","","","","","","","","","","","","","","","","","","","","","","","","","","","","","","","","","","","","","","","","","","","","","","","","","","","","","","","","","",""
"63263001","PUY-DE-DOME-MN",45.775,2.966667,1461,1965031509,"","","","",16.,1,270,1,"","","","","","","","","","","","","","","","","","","","","","","","","","","","",1.8,1,1.8,1,"","","","","","","","","","","","","","","","","","","","","","","","","","",100,1,"","","","","","","","","","","","",6.9,1,"","","","","","","","",9,1,"","","","","","","","","","","","","","","","","","","","","","","","","","","","","","","","",40,1,"","",45,1,4,1,"","","","","","","","","","","","","","","","","","","","","","","","","","","","","","","","","","","","","","","","","","","","","","","","","","","","","","","","","","","","","","","","","",""
"63263001","PUY-DE-DOME-MN",45.775,2.966667,1461,1965031512,"","","","",15.,1,270,1,"","","","","","","","","","","","","","","","","","","","","","","","","","","","",2.4,1,1.2,1,"","","","","","","","","","","","","","","","","","","","","","","","","","",93,1,"","","","","","","","","","","","",6.7,1,"","","","","","","","",6,1,5,1,1,1,0,1,2,1,"","","","","","","","","","","","","","","","","","","","","","","","",50000,1,"","",28,1,4,1,"","","","","","","","","","","","","","","","","","","","","","","","","","","","","","","","","","","","","","","","","","","","","","","","","","","","","","","","","","","","","","","","","",""
"63263001","PUY-DE-DOME-MN",45.775,2.966667,1461,1965031515,"","","","",14.,1,270,1,"","","","","","","","","","","","","","","","","","","","","","","","","","","","",5.1,1,0.6,1,"","","","","","","","","","","","","","","","","","","","","","","","","","",73,1,"","","","","","","","","","","","",6.4,1,"","","","","","","","",5,1,0,1,1,1,0,1,2,1,"","","","","","","","","","","","","","","","","","","","","","","","",60000,1,"","",1,1,2,1,"","","","","","","","","","","","","","","","","","","","","","","","","","","","","","","","","","","","","","","","","","","","","","","","","","","","","","","","","","","","","","","","","",""
"63263001","PUY-DE-DOME-MN",45.775,2.966667,1461,1965031518,"","","","",14.,1,270,1,"","","","","","","","","","","","","","","","","","","","","","","","","","","","",3.7,1,1.4,1,"","","","","","","","","","","","","","","","","","","","","","","","","","",86,1,"","","","","","","","","","","","",6.8,1,"","","","","","","","",7,1,7,1,4,1,7,1,4,1,"","","","","","","","","","","","","","","","","","","","","","","","",60000,1,"","",3,1,2,1,"","","","","","","","","","","","","","","","","","","","","","","","","","","","","","","","","","","","","","","","","","","","","","","","","","","","","","","","","","","","","","","","","",""
"63263001","PUY-DE-DOME-MN",45.775,2.966667,1461,1965031521,"","","","","","","","","","","","","","","","","","","","","","","","","","","","","","","","","","","","",2.8,1,2.2,1,"","","","","","","","","","","","","","","","","","","","","","","","","","",97,1,"","","","","","","","","","","","",7.2,1,"","","","","","","","","","","","","","","","","","","","","","","","","","","","","","","","","","","","","","","","","","","","","","","","","","","","","","","","","","","","","","","","","","","","","","","","","","","","","","","","","","","","","","","","","","","","","","","","","","","","","","","","","","","","","","","","","","","",""
"63263001","PUY-DE-DOME-MN",45.775,2.966667,1461,1965031600,"","","","","","","","","","","","","","","","","","","","","","","","","","","","","","","","","","","","",4.2,1,1.6,1,"","","","","","","","","","","","","","","","","","","","","","","","","","",83,1,"","","","","","","","","","","","",6.9,1,"","","","","","","","","","","","","","","","","","","","","","","","","","","","","","","","","","","","","","","","","","","","","","","","","","","","","","","","","","","","","","","","","","","","","","","","","","","","","","","","","","","","","","","","","","","","","","","","","","","","","","","","","","","","","","","","","","","",""
"63263001","PUY-DE-DOME-MN",45.775,2.966667,1461,1965031603,"","","","","","","","","","","","","","","","","","","","","","","","","","","","","","","","","","","","",3.8,1,3.8,1,"","","","","","","","","","","","","","","","","","","","","","","","","","",100,1,"","","","","","","","","","","","",8.,1,"","","","","","","","","","","","","","","","","","","","","","","","","","","","","","","","","","","","","","","","","","","","","","","","","","","","","","","","","","","","","","","","","","","","","","","","","","","","","","","","","","","","","","","","","","","","","","","","","","","","","","","","","","","","","","","","","","","",""
"63263001","PUY-DE-DOME-MN",45.775,2.966667,1461,1965031606,"","","","",17.,1,290,1,"","","","","","","","","","","","","","","","","","","","","","","","","","","","",3.,1,3.,1,"","","","","","","","","","","","","","","","","","","","","","","","","","",100,1,"","","","","","","","","","","","",7.6,1,"","","","","","","","",8,1,8,1,"","","","","","","","","","","","","","","","","","","","","","","","","","","","","","",40,1,"","",61,1,6,1,"","",0,1,"","","","","","","","","","","","","","","","","","","","","","","","","","","","","","","","","","","","","","","","","","","","","","","","","","","","","","","","","","","","","",""
"63263001","PUY-DE-DOME-MN",45.775,2.966667,1461,1965031609,"","","","",8.,1,310,1,"","","","","","","","","","","","","","","","","","","","","","","","","","","","",1.8,1,1.8,1,"","","","","","","","","","","","","","","","","","","","","","","","","","",100,1,"","","","","","","","","","","","",6.9,1,"","","","","","","","",9,1,"","","","","","","","","","","","","","","","","","","","","","","","","","","","","","","","",40,1,"","",45,1,6,1,"","","","","","","","","","","","","","","","","","","","","","","","","","","","","","","","","","","","","","","","","","","","","","","","","","","","","","","","","","","","","","","","","",""
"63263001","PUY-DE-DOME-MN",45.775,2.966667,1461,1965031612,"","","","",10.,1,290,1,"","","","","","","","","","","","","","","","","","","","","","","","","","","","",3.,1,0.,1,"","","","","","","","","","","","","","","","","","","","","","","","","","",82,1,"","","","","","","","","","","","",6.1,1,"","","","","","","","",4,1,0,1,2,1,0,1,2,1,"","","","","","","","","","","","","","","","","","","","","","","","",50000,1,"","",28,1,6,1,"","","","","","","","","","","","","","","","","","","","","","","","","","","","","","","","","","","","","","","","","","","","","","","","","","","","","","","","","","","","","","","","","",""
"63263001","PUY-DE-DOME-MN",45.775,2.966667,1461,1965031615,"","","","",4.,1,290,1,"","","","","","","","","","","","","","","","","","","","","","","","","","","","",5.,1,-5.9,1,"","","","","","","","","","","","","","","","","","","","","","","","","","",44,1,"","","","","","","","","","","","",3.9,1,"","","","","","","","",3,1,0,1,1,1,0,1,2,1,"","","","","","","","","","","","","","","","","","","","","","","","",50000,1,"","",2,1,0,1,"","","","","","","","","","","","","","","","","","","","","","","","","","","","","","","","","","","","","","","","","","","","","","","","","","","","","","","","","","","","","","","","","",""
"63263001","PUY-DE-DOME-MN",45.775,2.966667,1461,1965031618,"","","","",7.,1,310,1,"","","","","","","","","","","","","","","","","","","","","","","","","","","","",3.6,1,-2.9,1,"","","","","","","","","","","","","","","","","","","","","","","","","","",62,1,"","","","","","","","","","","","",4.9,1,"","","","","","","","",3,1,0,1,1,1,0,1,2,1,"","","","","","","","","","","","","","","","","","","","","","","","",50000,1,"","",2,1,0,1,"","","","","","","","","","","","","","","","","","","","","","","","","","","","","","","","","","","","","","","","","","","","","","","","","","","","","","","","","","","","","","","","","",""
"63263001","PUY-DE-DOME-MN",45.775,2.966667,1461,1965031621,"","","","","","","","","","","","","","","","","","","","","","","","","","","","","","","","","","","","",0.6,1,-0.2,1,"","","","","","","","","","","","","","","","","","","","","","","","","","",96,1,"","","","","","","","","","","","",6.,1,"","","","","","","","","","","","","","","","","","","","","","","","","","","","","","","","","","","","","","","","","","","","","","","","","","","","","","","","","","","","","","","","","","","","","","","","","","","","","","","","","","","","","","","","","","","","","","","","","","","","","","","","","","","","","","","","","","","",""
"63263001","PUY-DE-DOME-MN",45.775,2.966667,1461,1965031700,"","","","","","","","","","","","","","","","","","","","","","","","","","","","","","","","","","","","",-0.6,1,-1.2,1,"","","","","","","","","","","","","","","","","","","","","","","","","","",96,1,"","","","","","","","","","","","",5.6,1,"","","","","","","","","","","","","","","","","","","","","","","","","","","","","","","","","","","","","","","","","","","","","","","","","","","","","","","","","","","","","","","","","","","","","","","","","","","","","","","","","","","","","","","","","","","","","","","","","","","","","","","","","","","","","","","","","","","",""
"63263001","PUY-DE-DOME-MN",45.775,2.966667,1461,1965031703,"","","","","","","","","","","","","","","","","","","","","","","","","","","","","","","","","","","","",0.,1,-5.9,1,"","","","","","","","","","","","","","","","","","","","","","","","","","",65,1,"","","","","","","","","","","","",3.9,1,"","","","","","","","","","","","","","","","","","","","","","","","","","","","","","","","","","","","","","","","","","","","","","","","","","","","","","","","","","","","","","","","","","","","","","","","","","","","","","","","","","","","","","","","","","","","","","","","","","","","","","","","","","","","","","","","","","","",""
"63263001","PUY-DE-DOME-MN",45.775,2.966667,1461,1965031706,"","","","",7.,1,210,1,"","","","","","","","","","","","","","","","","","","","","","","","","","","","",3.,1,-8.,1,"","","","","","","","","","","","","","","","","","","","","","","","","","",44,1,"","","","","","","","","","","","",3.3,1,"","","","","","","","",2,1,0,1,0,1,0,1,2,1,"","","","","","","","","","","","","","","","","","","","","","","","",50000,1,"","",0,1,"","","","",0,1,"","","","","","","","","","","","","","","","","","","","","","","","","","","","","","","","","","","","","","","","","","","","","","","","","","","","","","","","","","","","","",""
"63263001","PUY-DE-DOME-MN",45.775,2.966667,1461,1965031709,"","","","",10.,1,250,1,"","","","","","","","","","","","","","","","","","","","","","","","","","","","",5.8,1,-12.9,1,"","","","","","","","","","","","","","","","","","","","","","","","","","",24,1,"","","","","","","","","","","","",2.2,1,"","","","","","","","",6,1,5,1,0,1,4,1,4,1,"","","","","","","","","","","","","","","","","","","","","","","","",50000,1,"","",3,1,1,1,"","","","","","","","","","","","","","","","","","","","","","","","","","","","","","","","","","","","","","","","","","","","","","","","","","","","","","","","","","","","","","","","","",""
"63263001","PUY-DE-DOME-MN",45.775,2.966667,1461,1965031712,"","","","",14.,1,230,1,"","","","","","","","","","","","","","","","","","","","","","","","","","","","",5.1,1,-10.4,1,"","","","","","","","","","","","","","","","","","","","","","","","","","",31,1,"","","","","","","","","","","","",2.7,1,"","","","","","","","",8,1,8,1,0,1,7,1,"","","","","","","","","","","","","","","","","","","","","","","","","","",50000,1,"","",2,1,1,1,"","","","","","","","","","","","","","","","","","","","","","","","","","","","","","","","","","","","","","","","","","","","","","","","","","","","","","","","","","","","","","","","","",""
"63263001","PUY-DE-DOME-MN",45.775,2.966667,1461,1965031715,"","","","",20.,1,250,1,"","","","","","","","","","","","","","","","","","","","","","","","","","","","",1.2,1,-1.4,1,"","","","","","","","","","","","","","","","","","","","","","","","","","",83,1,"","","","","","","","","","","","",5.5,1,"","","","","","","","",8,1,8,1,5,1,2,1,"","","","","","","","","","","","","","","","","","","","","","","","","","",25000,1,"","",15,1,2,1,"","","","","","","","","","","","","","","","","","","","","","","","","","","","","","","","","","","","","","","","","","","","","","","","","","","","","","","","","","","","","","","","","",""
"63263001","PUY-DE-DOME-MN",45.775,2.966667,1461,1965031718,"","","","",27.,1,270,1,"","","","","","","","","","","","","","","","","","","","","","","","","","","","",-0.3,1,-0.3,1,"","","","","","","","","","","","","","","","","","","","","","","","","","",100,1,"","","","","","","","","","","","",6.,1,"","","","","","","","",9,1,"","","","","","","","","","","","","","","","","","","","","","","","","","","","","","","","",40,1,"","",49,1,4,1,"","","","","","","","","","","","","","","","","","","","","","","","","","","","","","","","","","","","","","","","","","","","","","","","","","","","","","","","","","","","","","","","","",""
"63263001","PUY-DE-DOME-MN",45.775,2.966667,1461,1965031721,"","","","","","","","","","","","","","","","","","","","","","","","","","","","","","","","","","","","",-1.2,1,-1.2,1,"","","","","","","","","","","","","","","","","","","","","","","","","","",100,1,"","","","","","","","","","","","",5.6,1,"","","","","","","","","","","","","","","","","","","","","","","","","","","","","","","","","","","","","","","","","","","","","","","","","","","","","","","","","","","","","","","","","","","","","","","","","","","","","","","","","","","","","","","","","","","","","","","","","","","","","","","","","","","","","","","","","","","",""
"63263001","PUY-DE-DOME-MN",45.775,2.966667,1461,1965031800,"","","","","","","","","","","","","","","","","","","","","","","","","","","","","","","","","","","","",-2.,1,-2.,1,"","","","","","","","","","","","","","","","","","","","","","","","","","",100,1,"","","","","","","","","","","","",5.3,1,"","","","","","","","","","","","","","","","","","","","","","","","","","","","","","","","","","","","","","","","","","","","","","","","","","","","","","","","","","","","","","","","","","","","","","","","","","","","","","","","","","","","","","","","","","","","","","","","","","","","","","","","","","","","","","","","","","","",""
"63263001","PUY-DE-DOME-MN",45.775,2.966667,1461,1965031803,"","","","","","","","","","","","","","","","","","","","","","","","","","","","","","","","","","","","",-1.4,1,-1.4,1,"","","","","","","","","","","","","","","","","","","","","","","","","","",100,1,"","","","","","","","","","","","",5.5,1,"","","","","","","","","","","","","","","","","","","","","","","","","","","","","","","","","","","","","","","","","","","","","","","","","","","","","","","","","","","","","","","","","","","","","","","","","","","","","","","","","","","","","","","","","","","","","","","","","","","","","","","","","","","","","","","","","","","",""
"63263001","PUY-DE-DOME-MN",45.775,2.966667,1461,1965031806,"","","","",24.,1,230,1,"","","","","","","","","","","","","","","","","","","","","","","","","","","","",-0.2,1,-0.2,1,"","","","","","","","","","","","","","","","","","","","","","","","","","",100,1,"","","","","","","","","","","","",6.,1,"","","","","","","","",9,1,"","","","","","","","","","","","","","","","","","","","","","","","","","","","","","","","",40,1,"","",49,1,4,1,"","",0,1,"","","","","","","","","","","","","","","","","","","","","","","","","","","","","","","","","","","","","","","","","","","","","","","","","","","","","","","","","","","","","",""
"63263001","PUY-DE-DOME-MN",45.775,2.966667,1461,1965031809,"","","","",24.,1,270,1,"","","","","","","","","","","","","","","","","","","","","","","","","","","","",-0.2,1,-0.2,1,"","","","","","","","","","","","","","","","","","","","","","","","","","",100,1,"","","","","","","","","","","","",6.,1,"","","","","","","","",9,1,"","","","","","","","","","","","","","","","","","","","","","","","","","","","","","","","",40,1,"","",49,1,4,1,"","","","","","","","","","","","","","","","","","","","","","","","","","","","","","","","","","","","","","","","","","","","","","","","","","","","","","","","","","","","","","","","","",""
"63263001","PUY-DE-DOME-MN",45.775,2.966667,1461,1965031812,"","","","",24.,1,270,1,"","","","","","","","","","","","","","","","","","","","","","","","","","","","",0.,1,0.,1,"","","","","","","","","","","","","","","","","","","","","","","","","","",100,1,"","","","","","","","","","","","",6.1,1,"","","","","","","","",9,1,"","","","","","","","","","","","","","","","","","","","","","","","","","","","","","","","",40,1,"","",49,1,4,1,"","","","","","","","","","","","","","","","","","","","","","","","","","","","","","","","","","","","","","","","","","","","","","","","","","","","","","","","","","","","","","","","","",""
"63263001","PUY-DE-DOME-MN",45.775,2.966667,1461,1965031815,"","","","",20.,1,270,1,"","","","","","","","","","","","","","","","","","","","","","","","","","","","",-1.4,1,-1.4,1,"","","","","","","","","","","","","","","","","","","","","","","","","","",100,1,"","","","","","","","","","","","",5.5,1,"","","","","","","","",8,1,8,1,"","","","","","","","","","","","","","","","","","","","","","","","","","","","","","",40,1,"","",71,1,7,1,"","","","","","","","","","","","","","","","","","","","","","","","","","","","","","","","","","","","","","","","","","","","","","","","","","","","","","","","","","","","","","","","","",""
"63263001","PUY-DE-DOME-MN",45.775,2.966667,1461,1965031818,"","","","",24.,1,270,1,"","","","","","","","","","","","","","","","","","","","","","","","","","","","",-0.3,1,-0.3,1,"","","","","","","","","","","","","","","","","","","","","","","","","","",100,1,"","","","","","","","","","","","",6.,1,"","","","","","","","",9,1,"","","","","","","","","","","","","","","","","","","","","","","","","","","","","","","","",40,1,"","",49,1,7,1,"","","","","","","","","","","","","","","","","","","","","","","","","","","","","","","","","","","","","","","","","","","","","","","","","","","","","","","","","","","","","","","","","",""
"63263001","PUY-DE-DOME-MN",45.775,2.966667,1461,1965031821,"","","","","","","","","","","","","","","","","","","","","","","","","","","","","","","","","","","","",-2.2,1,-2.2,1,"","","","","","","","","","","","","","","","","","","","","","","","","","",100,1,"","","","","","","","","","","","",5.2,1,"","","","","","","","","","","","","","","","","","","","","","","","","","","","","","","","","","","","","","","","","","","","","","","","","","","","","","","","","","","","","","","","","","","","","","","","","","","","","","","","","","","","","","","","","","","","","","","","","","","","","","","","","","","","","","","","","","","",""
"63263001","PUY-DE-DOME-MN",45.775,2.966667,1461,1965031900,"","","","","","","","","","","","","","","","","","","","","","","","","","","","","","","","","","","","",-1.9,1,-1.9,1,"","","","","","","","","","","","","","","","","","","","","","","","","","",100,1,"","","","","","","","","","","","",5.3,1,"","","","","","","","","","","","","","","","","","","","","","","","","","","","","","","","","","","","","","","","","","","","","","","","","","","","","","","","","","","","","","","","","","","","","","","","","","","","","","","","","","","","","","","","","","","","","","","","","","","","","","","","","","","","","","","","","","","",""
"63263001","PUY-DE-DOME-MN",45.775,2.966667,1461,1965031903,"","","","","","","","","","","","","","","","","","","","","","","","","","","","","","","","","","","","",-2.2,1,-2.2,1,"","","","","","","","","","","","","","","","","","","","","","","","","","",100,1,"","","","","","","","","","","","",5.2,1,"","","","","","","","","","","","","","","","","","","","","","","","","","","","","","","","","","","","","","","","","","","","","","","","","","","","","","","","","","","","","","","","","","","","","","","","","","","","","","","","","","","","","","","","","","","","","","","","","","","","","","","","","","","","","","","","","","","",""
"63263001","PUY-DE-DOME-MN",45.775,2.966667,1461,1965031906,"","","","",17.,1,310,1,"","","","","","","","","","","","","","","","","","","","","","","","","","","","",-2.1,1,-2.1,1,"","","","","","","","","","","","","","","","","","","","","","","","","","",100,1,"","","","","","","","","","","","",5.2,1,"","","","","","","","",8,1,8,1,"","","","","","","","","","","","","","","","","","","","","","","","","","","","","","",40,1,"","",71,1,7,1,"","",0,1,"","","","","","","","","","","","","","","","","","","","","","","","","","","","","","","","","","","","","","","","","","","","","","","","","","","","","","","","","","","","","",""
"63263001","PUY-DE-DOME-MN",45.775,2.966667,1461,1965031909,"","","","",11.,1,310,1,"","","","","","","","","","","","","","","","","","","","","","","","","","","","",-1.6,1,-1.6,1,"","","","","","","","","","","","","","","","","","","","","","","","","","",100,1,"","","","","","","","","","","","",5.4,1,"","","","","","","","",8,1,8,1,"","","","","","","","","","","","","","","","","","","","","","","","","","","","","","",40,1,"","",71,1,7,1,"","","","","","","","","","","","","","","","","","","","","","","","","","","","","","","","","","","","","","","","","","","","","","","","","","","","","","","","","","","","","","","","","",""
"63263001","PUY-DE-DOME-MN",45.775,2.966667,1461,1965031912,"","","","",12.,1,330,1,"","","","","","","","","","","","","","","","","","","","","","","","","","","","",-1.1,1,-1.1,1,"","","","","","","","","","","","","","","","","","","","","","","","","","",100,1,"","","","","","","","","","","","",5.6,1,"","","","","","","","",9,1,"","","","","","","","","","","","","","","","","","","","","","","","","","","","","","","","",40,1,"","",49,1,7,1,"","","","","","","","","","","","","","","","","","","","","","","","","","","","","","","","","","","","","","","","","","","","","","","","","","","","","","","","","","","","","","","","","",""
"63263001","PUY-DE-DOME-MN",45.775,2.966667,1461,1965031915,"","","","",16.,1,330,1,"","","","","","","","","","","","","","","","","","","","","","","","","","","","",-1.2,1,-1.2,1,"","","","","","","","","","","","","","","","","","","","","","","","","","",100,1,"","","","","","","","","","","","",5.6,1,"","","","","","","","",9,1,"","","","","","","","","","","","","","","","","","","","","","","","","","","","","","","","",40,1,"","",49,1,8,1,"","","","","","","","","","","","","","","","","","","","","","","","","","","","","","","","","","","","","","","","","","","","","","","","","","","","","","","","","","","","","","","","","",""
"63263001","PUY-DE-DOME-MN",45.775,2.966667,1461,1965031918,"","","","",14.,1,330,1,"","","","","","","","","","","","","","","","","","","","","","","","","","","","",-1.2,1,-1.2,1,"","","","","","","","","","","","","","","","","","","","","","","","","","",100,1,"","","","","","","","","","","","",5.6,1,"","","","","","","","",9,1,"","","","","","","","","","","","","","","","","","","","","","","","","","","","","","","","",40,1,"","",49,1,8,1,"","","","","","","","","","","","","","","","","","","","","","","","","","","","","","","","","","","","","","","","","","","","","","","","","","","","","","","","","","","","","","","","","",""
"63263001","PUY-DE-DOME-MN",45.775,2.966667,1461,1965031921,"","","","","","","","","","","","","","","","","","","","","","","","","","","","","","","","","","","","",-1.2,1,-1.2,1,"","","","","","","","","","","","","","","","","","","","","","","","","","",100,1,"","","","","","","","","","","","",5.6,1,"","","","","","","","","","","","","","","","","","","","","","","","","","","","","","","","","","","","","","","","","","","","","","","","","","","","","","","","","","","","","","","","","","","","","","","","","","","","","","","","","","","","","","","","","","","","","","","","","","","","","","","","","","","","","","","","","","","",""
"63263001","PUY-DE-DOME-MN",45.775,2.966667,1461,1965032000,"","","","","","","","","","","","","","","","","","","","","","","","","","","","","","","","","","","","",-1.3,1,-1.3,1,"","","","","","","","","","","","","","","","","","","","","","","","","","",100,1,"","","","","","","","","","","","",5.5,1,"","","","","","","","","","","","","","","","","","","","","","","","","","","","","","","","","","","","","","","","","","","","","","","","","","","","","","","","","","","","","","","","","","","","","","","","","","","","","","","","","","","","","","","","","","","","","","","","","","","","","","","","","","","","","","","","","","","",""
"63263001","PUY-DE-DOME-MN",45.775,2.966667,1461,1965032003,"","","","","","","","","","","","","","","","","","","","","","","","","","","","","","","","","","","","",-1.6,1,-1.6,1,"","","","","","","","","","","","","","","","","","","","","","","","","","",100,1,"","","","","","","","","","","","",5.4,1,"","","","","","","","","","","","","","","","","","","","","","","","","","","","","","","","","","","","","","","","","","","","","","","","","","","","","","","","","","","","","","","","","","","","","","","","","","","","","","","","","","","","","","","","","","","","","","","","","","","","","","","","","","","","","","","","","","","",""
"63263001","PUY-DE-DOME-MN",45.775,2.966667,1461,1965032006,"","","","",0.,1,0,1,"","","","","","","","","","","","","","","","","","","","","","","","","","","","",-2.,1,-2.9,1,"","","","","","","","","","","","","","","","","","","","","","","","","","",94,1,"","","","","","","","","","","","",4.9,1,"","","","","","","","",7,1,7,1,0,1,3,1,"","","","","","","","","","","","","","","","","","","","","","","","","","",90000,1,"","",0,1,4,1,"","",0,1,"","","","","","","","","","","","","","","","","","","","","","","","","","","","","","","","","","","","","","","","","","","","","","","","","","","","","","","","","","","","","",""
"63263001","PUY-DE-DOME-MN",45.775,2.966667,1461,1965032009,"","","","",0.,1,0,1,"","","","","","","","","","","","","","","","","","","","","","","","","","","","",0.2,1,-1.9,1,"","","","","","","","","","","","","","","","","","","","","","","","","","",85,1,"","","","","","","","","","","","",5.3,1,"","","","","","","","",2,1,0,1,0,1,4,1,0,1,"","","","","","","","","","","","","","","","","","","","","","","","",90000,1,"","",2,1,1,1,"","","","","","","","","","","","","","","","","","","","","","","","","","","","","","","","","","","","","","","","","","","","","","","","","","","","","","","","","","","","","","","","","",""
"63263001","PUY-DE-DOME-MN",45.775,2.966667,1461,1965032012,"","","","",10.,1,250,1,"","","","","","","","","","","","","","","","","","","","","","","","","","","","",1.6,1,-1.9,1,"","","","","","","","","","","","","","","","","","","","","","","","","","",78,1,"","","","","","","","","","","","",5.3,1,"","","","","","","","",4,1,0,1,0,1,4,1,1,1,"","","","","","","","","","","","","","","","","","","","","","","","",90000,1,"","",1,1,1,1,"","","","","","","","","","","","","","","","","","","","","","","","","","","","","","","","","","","","","","","","","","","","","","","","","","","","","","","","","","","","","","","","","",""
"63263001","PUY-DE-DOME-MN",45.775,2.966667,1461,1965032015,"","","","",18.,1,270,1,"","","","","","","","","","","","","","","","","","","","","","","","","","","","",3.7,1,1.2,1,"","","","","","","","","","","","","","","","","","","","","","","","","","",84,1,"","","","","","","","","","","","",6.7,1,"","","","","","","","",8,1,8,1,5,1,7,1,"","","","","","","","","","","","","","","","","","","","","","","","","","",40000,1,"","",15,1,2,1,"","","","","","","","","","","","","","","","","","","","","","","","","","","","","","","","","","","","","","","","","","","","","","","","","","","","","","","","","","","","","","","","","",""
"63263001","PUY-DE-DOME-MN",45.775,2.966667,1461,1965032018,"","","","",20.,1,270,1,"","","","","","","","","","","","","","","","","","","","","","","","","","","","",2.8,1,2.8,1,"","","","","","","","","","","","","","","","","","","","","","","","","","",100,1,"","","","","","","","","","","","",7.5,1,"","","","","","","","",8,1,8,1,"","","","","","","","","","","","","","","","","","","","","","","","","","","","","","",40,1,"","",61,1,6,1,"","","","","","","","","","","","","","","","","","","","","","","","","","","","","","","","","","","","","","","","","","","","","","","","","","","","","","","","","","","","","","","","","",""
"63263001","PUY-DE-DOME-MN",45.775,2.966667,1461,1965032021,"","","","","","","","","","","","","","","","","","","","","","","","","","","","","","","","","","","","",3.9,1,3.9,1,"","","","","","","","","","","","","","","","","","","","","","","","","","",100,1,"","","","","","","","","","","","",8.1,1,"","","","","","","","","","","","","","","","","","","","","","","","","","","","","","","","","","","","","","","","","","","","","","","","","","","","","","","","","","","","","","","","","","","","","","","","","","","","","","","","","","","","","","","","","","","","","","","","","","","","","","","","","","","","","","","","","","","",""
"63263001","PUY-DE-DOME-MN",45.775,2.966667,1461,1965032100,"","","","","","","","","","","","","","","","","","","","","","","","","","","","","","","","","","","","",4.4,1,4.4,1,"","","","","","","","","","","","","","","","","","","","","","","","","","",100,1,"","","","","","","","","","","","",8.4,1,"","","","","","","","","","","","","","","","","","","","","","","","","","","","","","","","","","","","","","","","","","","","","","","","","","","","","","","","","","","","","","","","","","","","","","","","","","","","","","","","","","","","","","","","","","","","","","","","","","","","","","","","","","","","","","","","","","","",""
"63263001","PUY-DE-DOME-MN",45.775,2.966667,1461,1965032103,"","","","","","","","","","","","","","","","","","","","","","","","","","","","","","","","","","","","",5.7,1,3.3,1,"","","","","","","","","","","","","","","","","","","","","","","","","","",85,1,"","","","","","","","","","","","",7.8,1,"","","","","","","","","","","","","","","","","","","","","","","","","","","","","","","","","","","","","","","","","","","","","","","","","","","","","","","","","","","","","","","","","","","","","","","","","","","","","","","","","","","","","","","","","","","","","","","","","","","","","","","","","","","","","","","","","","","",""
"63263001","PUY-DE-DOME-MN",45.775,2.966667,1461,1965032106,"","","","",26.,1,270,1,"","","","","","","","","","","","","","","","","","","","","","","","","","","","",4.,1,4.,1,"","","","","","","","","","","","","","","","","","","","","","","","","","",100,1,"","","","","","","","","","","","",8.1,1,"","","","","","","","",8,1,8,1,"","","","","","","","","","","","","","","","","","","","","","","","","","","","","","",40,1,"","",61,1,6,1,"","",0,1,"","","","","","","","","","","","","","","","","","","","","","","","","","","","","","","","","","","","","","","","","","","","","","","","","","","","","","","","","","","","","",""
"63263001","PUY-DE-DOME-MN",45.775,2.966667,1461,1965032109,"","","","",20.,1,270,1,"","","","","","","","","","","","","","","","","","","","","","","","","","","","",4.,1,4.,1,"","","","","","","","","","","","","","","","","","","","","","","","","","",100,1,"","","","","","","","","","","","",8.1,1,"","","","","","","","",9,1,"","","","","","","","","","","","","","","","","","","","","","","","","","","","","","","","",40,1,"","",45,1,6,1,"","","","","","","","","","","","","","","","","","","","","","","","","","","","","","","","","","","","","","","","","","","","","","","","","","","","","","","","","","","","","","","","","",""
"63263001","PUY-DE-DOME-MN",45.775,2.966667,1461,1965032112,"","","","",17.,1,270,1,"","","","","","","","","","","","","","","","","","","","","","","","","","","","",4.8,1,4.8,1,"","","","","","","","","","","","","","","","","","","","","","","","","","",100,1,"","","","","","","","","","","","",8.6,1,"","","","","","","","",9,1,"","","","","","","","","","","","","","","","","","","","","","","","","","","","","","","","",40,1,"","",45,1,6,1,"","","","","","","","","","","","","","","","","","","","","","","","","","","","","","","","","","","","","","","","","","","","","","","","","","","","","","","","","","","","","","","","","",""
"63263001","PUY-DE-DOME-MN",45.775,2.966667,1461,1965032115,"","","","",16.,1,270,1,"","","","","","","","","","","","","","","","","","","","","","","","","","","","",4.8,1,4.8,1,"","","","","","","","","","","","","","","","","","","","","","","","","","",100,1,"","","","","","","","","","","","",8.6,1,"","","","","","","","",9,1,"","","","","","","","","","","","","","","","","","","","","","","","","","","","","","","","",40,1,"","",45,1,8,1,"","","","","","","","","","","","","","","","","","","","","","","","","","","","","","","","","","","","","","","","","","","","","","","","","","","","","","","","","","","","","","","","","",""
"63263001","PUY-DE-DOME-MN",45.775,2.966667,1461,1965032118,"","","","",20.,1,270,1,"","","","","","","","","","","","","","","","","","","","","","","","","","","","",2.6,1,2.6,1,"","","","","","","","","","","","","","","","","","","","","","","","","","",100,1,"","","","","","","","","","","","",7.4,1,"","","","","","","","",8,1,8,1,"","","","","","","","","","","","","","","","","","","","","","","","","","","","","","",40,1,"","",80,1,8,1,"","","","","","","","","","","","","","","","","","","","","","","","","","","","","","","","","","","","","","","","","","","","","","","","","","","","","","","","","","","","","","","","","",""
"63263001","PUY-DE-DOME-MN",45.775,2.966667,1461,1965032121,"","","","","","","","","","","","","","","","","","","","","","","","","","","","","","","","","","","","",2.8,1,2.8,1,"","","","","","","","","","","","","","","","","","","","","","","","","","",100,1,"","","","","","","","","","","","",7.5,1,"","","","","","","","","","","","","","","","","","","","","","","","","","","","","","","","","","","","","","","","","","","","","","","","","","","","","","","","","","","","","","","","","","","","","","","","","","","","","","","","","","","","","","","","","","","","","","","","","","","","","","","","","","","","","","","","","","","",""
"63263001","PUY-DE-DOME-MN",45.775,2.966667,1461,1965032200,"","","","","","","","","","","","","","","","","","","","","","","","","","","","","","","","","","","","",2.8,1,2.8,1,"","","","","","","","","","","","","","","","","","","","","","","","","","",100,1,"","","","","","","","","","","","",7.5,1,"","","","","","","","","","","","","","","","","","","","","","","","","","","","","","","","","","","","","","","","","","","","","","","","","","","","","","","","","","","","","","","","","","","","","","","","","","","","","","","","","","","","","","","","","","","","","","","","","","","","","","","","","","","","","","","","","","","",""
"63263001","PUY-DE-DOME-MN",45.775,2.966667,1461,1965032203,"","","","","","","","","","","","","","","","","","","","","","","","","","","","","","","","","","","","",1.4,1,1.4,1,"","","","","","","","","","","","","","","","","","","","","","","","","","",100,1,"","","","","","","","","","","","",6.7,1,"","","","","","","","","","","","","","","","","","","","","","","","","","","","","","","","","","","","","","","","","","","","","","","","","","","","","","","","","","","","","","","","","","","","","","","","","","","","","","","","","","","","","","","","","","","","","","","","","","","","","","","","","","","","","","","","","","","",""
"63263001","PUY-DE-DOME-MN",45.775,2.966667,1461,1965032206,"","","","",8.,1,290,1,"","","","","","","","","","","","","","","","","","","","","","","","","","","","",1.,1,1.,1,"","","","","","","","","","","","","","","","","","","","","","","","","","",100,1,"","","","","","","","","","","","",6.6,1,"","","","","","","","",9,1,"","","","","","","","","","","","","","","","","","","","","","","","","","","","","","","","",50,1,"","",45,1,6,1,"","",0,1,"","","","","","","","","","","","","","","","","","","","","","","","","","","","","","","","","","","","","","","","","","","","","","","","","","","","","","","","","","","","","",""
"63263001","PUY-DE-DOME-MN",45.775,2.966667,1461,1965032209,"","","","",3.,1,230,1,"","","","","","","","","","","","","","","","","","","","","","","","","","","","",2.2,1,2.2,1,"","","","","","","","","","","","","","","","","","","","","","","","","","",100,1,"","","","","","","","","","","","",7.2,1,"","","","","","","","",9,1,"","","","","","","","","","","","","","","","","","","","","","","","","","","","","","","","",80,1,"","",47,1,4,1,"","","","","","","","","","","","","","","","","","","","","","","","","","","","","","","","","","","","","","","","","","","","","","","","","","","","","","","","","","","","","","","","","",""
"63263001","PUY-DE-DOME-MN",45.775,2.966667,1461,1965032212,"","","","",4.,1,230,1,"","","","","","","","","","","","","","","","","","","","","","","","","","","","",4.8,1,3.5,1,"","","","","","","","","","","","","","","","","","","","","","","","","","",95,1,"","","","","","","","","","","","",7.9,1,"","","","","","","","",7,1,7,1,1,1,3,1,"","","","","","","","","","","","","","","","","","","","","","","","","","",99990,1,"","",28,1,4,1,"","","","","","","","","","","","","","","","","","","","","","","","","","","","","","","","","","","","","","","","","","","","","","","","","","","","","","","","","","","","","","","","","",""
"63263001","PUY-DE-DOME-MN",45.775,2.966667,1461,1965032215,"","","","",10.,1,250,1,"","","","","","","","","","","","","","","","","","","","","","","","","","","","",7.2,1,2.6,1,"","","","","","","","","","","","","","","","","","","","","","","","","","",73,1,"","","","","","","","","","","","",7.4,1,"","","","","","","","",7,1,6,1,4,1,4,1,2,1,"","","","","","","","","","","","","","","","","","","","","","","","",99990,1,"","",3,1,2,1,"","","","","","","","","","","","","","","","","","","","","","","","","","","","","","","","","","","","","","","","","","","","","","","","","","","","","","","","","","","","","","","","","",""
"63263001","PUY-DE-DOME-MN",45.775,2.966667,1461,1965032218,"","","","",11.,1,250,1,"","","","","","","","","","","","","","","","","","","","","","","","","","","","",5.7,1,2.6,1,"","","","","","","","","","","","","","","","","","","","","","","","","","",80,1,"","","","","","","","","","","","",7.4,1,"","","","","","","","",6,1,6,1,4,1,4,1,4,1,"","","","","","","","","","","","","","","","","","","","","","","","",99990,1,"","",1,1,2,1,"","","","","","","","","","","","","","","","","","","","","","","","","","","","","","","","","","","","","","","","","","","","","","","","","","","","","","","","","","","","","","","","","",""
"63263001","PUY-DE-DOME-MN",45.775,2.966667,1461,1965032221,"","","","","","","","","","","","","","","","","","","","","","","","","","","","","","","","","","","","",4.3,1,4.3,1,"","","","","","","","","","","","","","","","","","","","","","","","","","",100,1,"","","","","","","","","","","","",8.3,1,"","","","","","","","","","","","","","","","","","","","","","","","","","","","","","","","","","","","","","","","","","","","","","","","","","","","","","","","","","","","","","","","","","","","","","","","","","","","","","","","","","","","","","","","","","","","","","","","","","","","","","","","","","","","","","","","","","","",""
"63263001","PUY-DE-DOME-MN",45.775,2.966667,1461,1965032300,"","","","","","","","","","","","","","","","","","","","","","","","","","","","","","","","","","","","",4.9,1,4.,1,"","","","","","","","","","","","","","","","","","","","","","","","","","",94,1,"","","","","","","","","","","","",8.2,1,"","","","","","","","","","","","","","","","","","","","","","","","","","","","","","","","","","","","","","","","","","","","","","","","","","","","","","","","","","","","","","","","","","","","","","","","","","","","","","","","","","","","","","","","","","","","","","","","","","","","","","","","","","","","","","","","","","","",""
"63263001","PUY-DE-DOME-MN",45.775,2.966667,1461,1965032303,"","","","","","","","","","","","","","","","","","","","","","","","","","","","","","","","","","","","",3.8,1,3.1,1,"","","","","","","","","","","","","","","","","","","","","","","","","","",96,1,"","","","","","","","","","","","",7.7,1,"","","","","","","","","","","","","","","","","","","","","","","","","","","","","","","","","","","","","","","","","","","","","","","","","","","","","","","","","","","","","","","","","","","","","","","","","","","","","","","","","","","","","","","","","","","","","","","","","","","","","","","","","","","","","","","","","","","",""
"63263001","PUY-DE-DOME-MN",45.775,2.966667,1461,1965032306,"","","","",10.,1,290,1,"","","","","","","","","","","","","","","","","","","","","","","","","","","","",1.6,1,1.6,1,"","","","","","","","","","","","","","","","","","","","","","","","","","",100,1,"","","","","","","","","","","","",6.8,1,"","","","","","","","",8,1,8,1,"","","","","","","","","","","","","","","","","","","","","","","","","","","","","","",40,1,"","",61,1,6,1,"","",0,1,"","","","","","","","","","","","","","","","","","","","","","","","","","","","","","","","","","","","","","","","","","","","","","","","","","","","","","","","","","","","","",""
"63263001","PUY-DE-DOME-MN",45.775,2.966667,1461,1965032309,"","","","",15.,1,290,1,"","","","","","","","","","","","","","","","","","","","","","","","","","","","",0.1,1,0.1,1,"","","","","","","","","","","","","","","","","","","","","","","","","","",100,1,"","","","","","","","","","","","",6.1,1,"","","","","","","","",9,1,"","","","","","","","","","","","","","","","","","","","","","","","","","","","","","","","",40,1,"","",45,1,8,1,"","","","","","","","","","","","","","","","","","","","","","","","","","","","","","","","","","","","","","","","","","","","","","","","","","","","","","","","","","","","","","","","","",""
"63263001","PUY-DE-DOME-MN",45.775,2.966667,1461,1965032312,"","","","",19.,1,290,1,"","","","","","","","","","","","","","","","","","","","","","","","","","","","",1.,1,1.,1,"","","","","","","","","","","","","","","","","","","","","","","","","","",100,1,"","","","","","","","","","","","",6.6,1,"","","","","","","","",9,1,"","","","","","","","","","","","","","","","","","","","","","","","","","","","","","","","",40,1,"","",45,1,8,1,"","","","","","","","","","","","","","","","","","","","","","","","","","","","","","","","","","","","","","","","","","","","","","","","","","","","","","","","","","","","","","","","","",""
"63263001","PUY-DE-DOME-MN",45.775,2.966667,1461,1965032315,"","","","",21.,1,290,1,"","","","","","","","","","","","","","","","","","","","","","","","","","","","",1.6,1,1.6,1,"","","","","","","","","","","","","","","","","","","","","","","","","","",100,1,"","","","","","","","","","","","",6.8,1,"","","","","","","","",9,1,"","","","","","","","","","","","","","","","","","","","","","","","","","","","","","","","",40,1,"","",45,1,4,1,"","","","","","","","","","","","","","","","","","","","","","","","","","","","","","","","","","","","","","","","","","","","","","","","","","","","","","","","","","","","","","","","","",""
"63263001","PUY-DE-DOME-MN",45.775,2.966667,1461,1965032318,"","","","",21.,1,290,1,"","","","","","","","","","","","","","","","","","","","","","","","","","","","",1.6,1,1.6,1,"","","","","","","","","","","","","","","","","","","","","","","","","","",100,1,"","","","","","","","","","","","",6.8,1,"","","","","","","","",8,1,8,1,"","","","","","","","","","","","","","","","","","","","","","","","","","","","","","",40,1,"","",61,1,8,1,"","","","","","","","","","","","","","","","","","","","","","","","","","","","","","","","","","","","","","","","","","","","","","","","","","","","","","","","","","","","","","","","","",""
"63263001","PUY-DE-DOME-MN",45.775,2.966667,1461,1965032321,"","","","","","","","","","","","","","","","","","","","","","","","","","","","","","","","","","","","",1.4,1,1.4,1,"","","","","","","","","","","","","","","","","","","","","","","","","","",100,1,"","","","","","","","","","","","",6.7,1,"","","","","","","","","","","","","","","","","","","","","","","","","","","","","","","","","","","","","","","","","","","","","","","","","","","","","","","","","","","","","","","","","","","","","","","","","","","","","","","","","","","","","","","","","","","","","","","","","","","","","","","","","","","","","","","","","","","",""
"63263001","PUY-DE-DOME-MN",45.775,2.966667,1461,1965032400,"","","","","","","","","","","","","","","","","","","","","","","","","","","","","","","","","","","","",1.3,1,1.3,1,"","","","","","","","","","","","","","","","","","","","","","","","","","",100,1,"","","","","","","","","","","","",6.7,1,"","","","","","","","","","","","","","","","","","","","","","","","","","","","","","","","","","","","","","","","","","","","","","","","","","","","","","","","","","","","","","","","","","","","","","","","","","","","","","","","","","","","","","","","","","","","","","","","","","","","","","","","","","","","","","","","","","","",""
"63263001","PUY-DE-DOME-MN",45.775,2.966667,1461,1965032403,"","","","","","","","","","","","","","","","","","","","","","","","","","","","","","","","","","","","",-0.3,1,-0.3,1,"","","","","","","","","","","","","","","","","","","","","","","","","","",100,1,"","","","","","","","","","","","",6.,1,"","","","","","","","","","","","","","","","","","","","","","","","","","","","","","","","","","","","","","","","","","","","","","","","","","","","","","","","","","","","","","","","","","","","","","","","","","","","","","","","","","","","","","","","","","","","","","","","","","","","","","","","","","","","","","","","","","","",""
"63263001","PUY-DE-DOME-MN",45.775,2.966667,1461,1965032406,"","","","",25.,1,290,1,"","","","","","","","","","","","","","","","","","","","","","","","","","","","",0.,1,0.,1,"","","","","","","","","","","","","","","","","","","","","","","","","","",100,1,"","","","","","","","","","","","",6.1,1,"","","","","","","","",8,1,8,1,"","","","","","","","","","","","","","","","","","","","","","","","","","","","","","",40,1,"","",68,1,4,1,"","",0,1,"","","","","","","","","","","","","","","","","","","","","","","","","","","","","","","","","","","","","","","","","","","","","","","","","","","","","","","","","","","","","",""
"63263001","PUY-DE-DOME-MN",45.775,2.966667,1461,1965032409,"","","","",23.,1,290,1,"","","","","","","","","","","","","","","","","","","","","","","","","","","","",1.4,1,1.4,1,"","","","","","","","","","","","","","","","","","","","","","","","","","",100,1,"","","","","","","","","","","","",6.7,1,"","","","","","","","",8,1,8,1,"","","","","","","","","","","","","","","","","","","","","","","","","","","","","","",40,1,"","",61,1,7,1,"","","","","","","","","","","","","","","","","","","","","","","","","","","","","","","","","","","","","","","","","","","","","","","","","","","","","","","","","","","","","","","","","",""
"63263001","PUY-DE-DOME-MN",45.775,2.966667,1461,1965032412,"","","","",22.,1,290,1,"","","","","","","","","","","","","","","","","","","","","","","","","","","","",0.4,1,0.4,1,"","","","","","","","","","","","","","","","","","","","","","","","","","",100,1,"","","","","","","","","","","","",6.3,1,"","","","","","","","",8,1,8,1,"","","","","","","","","","","","","","","","","","","","","","","","","","","","","","",40,1,"","",61,1,7,1,"","","","","","","","","","","","","","","","","","","","","","","","","","","","","","","","","","","","","","","","","","","","","","","","","","","","","","","","","","","","","","","","","",""
"63263001","PUY-DE-DOME-MN",45.775,2.966667,1461,1965032415,"","","","",18.,1,310,1,"","","","","","","","","","","","","","","","","","","","","","","","","","","","",0.8,1,0.,1,"","","","","","","","","","","","","","","","","","","","","","","","","","",94,1,"","","","","","","","","","","","",6.1,1,"","","","","","","","",6,1,6,1,2,1,0,1,0,1,"","","","","","","","","","","","","","","","","","","","","","","","",40000,1,"","",28,1,6,1,"","","","","","","","","","","","","","","","","","","","","","","","","","","","","","","","","","","","","","","","","","","","","","","","","","","","","","","","","","","","","","","","","",""
"63263001","PUY-DE-DOME-MN",45.775,2.966667,1461,1965032418,"","","","",18.,1,310,1,"","","","","","","","","","","","","","","","","","","","","","","","","","","","",0.8,1,-3.2,1,"","","","","","","","","","","","","","","","","","","","","","","","","","",74,1,"","","","","","","","","","","","",4.8,1,"","","","","","","","",4,1,0,1,4,1,0,1,0,1,"","","","","","","","","","","","","","","","","","","","","","","","",40000,1,"","",1,1,6,1,"","","","","","","","","","","","","","","","","","","","","","","","","","","","","","","","","","","","","","","","","","","","","","","","","","","","","","","","","","","","","","","","","",""
"63263001","PUY-DE-DOME-MN",45.775,2.966667,1461,1965032421,"","","","","","","","","","","","","","","","","","","","","","","","","","","","","","","","","","","","",-0.4,1,-4.3,1,"","","","","","","","","","","","","","","","","","","","","","","","","","",75,1,"","","","","","","","","","","","",4.4,1,"","","","","","","","","","","","","","","","","","","","","","","","","","","","","","","","","","","","","","","","","","","","","","","","","","","","","","","","","","","","","","","","","","","","","","","","","","","","","","","","","","","","","","","","","","","","","","","","","","","","","","","","","","","","","","","","","","","",""
"63263001","PUY-DE-DOME-MN",45.775,2.966667,1461,1965032500,"","","","","","","","","","","","","","","","","","","","","","","","","","","","","","","","","","","","",-1.,1,-1.9,1,"","","","","","","","","","","","","","","","","","","","","","","","","","",93,1,"","","","","","","","","","","","",5.3,1,"","","","","","","","","","","","","","","","","","","","","","","","","","","","","","","","","","","","","","","","","","","","","","","","","","","","","","","","","","","","","","","","","","","","","","","","","","","","","","","","","","","","","","","","","","","","","","","","","","","","","","","","","","","","","","","","","","","",""
"63263001","PUY-DE-DOME-MN",45.775,2.966667,1461,1965032503,"","","","","","","","","","","","","","","","","","","","","","","","","","","","","","","","","","","","",-0.8,1,-1.2,1,"","","","","","","","","","","","","","","","","","","","","","","","","","",97,1,"","","","","","","","","","","","",5.6,1,"","","","","","","","","","","","","","","","","","","","","","","","","","","","","","","","","","","","","","","","","","","","","","","","","","","","","","","","","","","","","","","","","","","","","","","","","","","","","","","","","","","","","","","","","","","","","","","","","","","","","","","","","","","","","","","","","","","",""
"63263001","PUY-DE-DOME-MN",45.775,2.966667,1461,1965032506,"","","","",8.,1,310,1,"","","","","","","","","","","","","","","","","","","","","","","","","","","","",-2.,1,-2.9,1,"","","","","","","","","","","","","","","","","","","","","","","","","","",94,1,"","","","","","","","","","","","",4.9,1,"","","","","","","","",8,1,8,1,5,1,7,1,"","","","","","","","","","","","","","","","","","","","","","","","","","",12000,1,"","",0,1,"","","","",0,1,"","","","","","","","","","","","","","","","","","","","","","","","","","","","","","","","","","","","","","","","","","","","","","","","","","","","","","","","","","","","","",""
"63263001","PUY-DE-DOME-MN",45.775,2.966667,1461,1965032509,"","","","",12.,1,310,1,"","","","","","","","","","","","","","","","","","","","","","","","","","","","",-1.9,1,-1.9,1,"","","","","","","","","","","","","","","","","","","","","","","","","","",100,1,"","","","","","","","","","","","",5.3,1,"","","","","","","","",8,1,8,1,"","","","","","","","","","","","","","","","","","","","","","","","","","","","","","",40,1,"","",71,1,7,1,"","","","","","","","","","","","","","","","","","","","","","","","","","","","","","","","","","","","","","","","","","","","","","","","","","","","","","","","","","","","","","","","","",""
"63263001","PUY-DE-DOME-MN",45.775,2.966667,1461,1965032512,"","","","",18.,1,290,1,"","","","","","","","","","","","","","","","","","","","","","","","","","","","",-0.4,1,-0.4,1,"","","","","","","","","","","","","","","","","","","","","","","","","","",100,1,"","","","","","","","","","","","",5.9,1,"","","","","","","","",8,1,8,1,"","","","","","","","","","","","","","","","","","","","","","","","","","","","","","",100,1,"","",41,1,7,1,"","","","","","","","","","","","","","","","","","","","","","","","","","","","","","","","","","","","","","","","","","","","","","","","","","","","","","","","","","","","","","","","","",""
"63263001","PUY-DE-DOME-MN",45.775,2.966667,1461,1965032515,"","","","",12.,1,270,1,"","","","","","","","","","","","","","","","","","","","","","","","","","","","",2.7,1,-0.7,1,"","","","","","","","","","","","","","","","","","","","","","","","","","",78,1,"","","","","","","","","","","","",5.8,1,"","","","","","","","",1,1,0,1,2,1,0,1,0,1,"","","","","","","","","","","","","","","","","","","","","","","","",60000,1,"","",1,1,4,1,"","","","","","","","","","","","","","","","","","","","","","","","","","","","","","","","","","","","","","","","","","","","","","","","","","","","","","","","","","","","","","","","","",""
"63263001","PUY-DE-DOME-MN",45.775,2.966667,1461,1965032518,"","","","",14.,1,290,1,"","","","","","","","","","","","","","","","","","","","","","","","","","","","",1.2,1,-1.2,1,"","","","","","","","","","","","","","","","","","","","","","","","","","",85,1,"","","","","","","","","","","","",5.6,1,"","","","","","","","",2,1,0,1,4,1,0,1,0,1,"","","","","","","","","","","","","","","","","","","","","","","","",70000,1,"","",3,1,4,1,"","","","","","","","","","","","","","","","","","","","","","","","","","","","","","","","","","","","","","","","","","","","","","","","","","","","","","","","","","","","","","","","","",""
"63263001","PUY-DE-DOME-MN",45.775,2.966667,1461,1965032521,"","","","","","","","","","","","","","","","","","","","","","","","","","","","","","","","","","","","",-0.5,1,-0.5,1,"","","","","","","","","","","","","","","","","","","","","","","","","","",100,1,"","","","","","","","","","","","",5.9,1,"","","","","","","","","","","","","","","","","","","","","","","","","","","","","","","","","","","","","","","","","","","","","","","","","","","","","","","","","","","","","","","","","","","","","","","","","","","","","","","","","","","","","","","","","","","","","","","","","","","","","","","","","","","","","","","","","","","",""
"63263001","PUY-DE-DOME-MN",45.775,2.966667,1461,1965032600,"","","","","","","","","","","","","","","","","","","","","","","","","","","","","","","","","","","","",-1.,1,-1.,1,"","","","","","","","","","","","","","","","","","","","","","","","","","",100,1,"","","","","","","","","","","","",5.7,1,"","","","","","","","","","","","","","","","","","","","","","","","","","","","","","","","","","","","","","","","","","","","","","","","","","","","","","","","","","","","","","","","","","","","","","","","","","","","","","","","","","","","","","","","","","","","","","","","","","","","","","","","","","","","","","","","","","","",""
"63263001","PUY-DE-DOME-MN",45.775,2.966667,1461,1965032603,"","","","","","","","","","","","","","","","","","","","","","","","","","","","","","","","","","","","",-0.8,1,-0.8,1,"","","","","","","","","","","","","","","","","","","","","","","","","","",100,1,"","","","","","","","","","","","",5.8,1,"","","","","","","","","","","","","","","","","","","","","","","","","","","","","","","","","","","","","","","","","","","","","","","","","","","","","","","","","","","","","","","","","","","","","","","","","","","","","","","","","","","","","","","","","","","","","","","","","","","","","","","","","","","","","","","","","","","",""
"63263001","PUY-DE-DOME-MN",45.775,2.966667,1461,1965032606,"","","","",31.,1,270,1,"","","","","","","","","","","","","","","","","","","","","","","","","","","","",-1.4,1,-1.4,1,"","","","","","","","","","","","","","","","","","","","","","","","","","",100,1,"","","","","","","","","","","","",5.5,1,"","","","","","","","",9,1,"","","","","","","","","","","","","","","","","","","","","","","","","","","","","","","","",40,1,"","",49,1,4,1,"","",0,1,"","","","","","","","","","","","","","","","","","","","","","","","","","","","","","","","","","","","","","","","","","","","","","","","","","","","","","","","","","","","","",""
"63263001","PUY-DE-DOME-MN",45.775,2.966667,1461,1965032609,"","","","",27.,1,270,1,"","","","","","","","","","","","","","","","","","","","","","","","","","","","",-0.5,1,-0.5,1,"","","","","","","","","","","","","","","","","","","","","","","","","","",100,1,"","","","","","","","","","","","",5.9,1,"","","","","","","","",9,1,"","","","","","","","","","","","","","","","","","","","","","","","","","","","","","","","",40,1,"","",49,1,4,1,"","","","","","","","","","","","","","","","","","","","","","","","","","","","","","","","","","","","","","","","","","","","","","","","","","","","","","","","","","","","","","","","","",""
"63263001","PUY-DE-DOME-MN",45.775,2.966667,1461,1965032612,"","","","",24.,1,270,1,"","","","","","","","","","","","","","","","","","","","","","","","","","","","",1.4,1,1.4,1,"","","","","","","","","","","","","","","","","","","","","","","","","","",100,1,"","","","","","","","","","","","",6.7,1,"","","","","","","","",9,1,"","","","","","","","","","","","","","","","","","","","","","","","","","","","","","","","",40,1,"","",45,1,4,1,"","","","","","","","","","","","","","","","","","","","","","","","","","","","","","","","","","","","","","","","","","","","","","","","","","","","","","","","","","","","","","","","","",""
"63263001","PUY-DE-DOME-MN",45.775,2.966667,1461,1965032615,"","","","",22.,1,270,1,"","","","","","","","","","","","","","","","","","","","","","","","","","","","",2.7,1,2.7,1,"","","","","","","","","","","","","","","","","","","","","","","","","","",100,1,"","","","","","","","","","","","",7.4,1,"","","","","","","","",9,1,"","","","","","","","","","","","","","","","","","","","","","","","","","","","","","","","",40,1,"","",45,1,4,1,"","","","","","","","","","","","","","","","","","","","","","","","","","","","","","","","","","","","","","","","","","","","","","","","","","","","","","","","","","","","","","","","","",""
"63263001","PUY-DE-DOME-MN",45.775,2.966667,1461,1965032618,"","","","",21.,1,290,1,"","","","","","","","","","","","","","","","","","","","","","","","","","","","",2.7,1,2.7,1,"","","","","","","","","","","","","","","","","","","","","","","","","","",100,1,"","","","","","","","","","","","",7.4,1,"","","","","","","","",9,1,"","","","","","","","","","","","","","","","","","","","","","","","","","","","","","","","",40,1,"","",45,1,4,1,"","","","","","","","","","","","","","","","","","","","","","","","","","","","","","","","","","","","","","","","","","","","","","","","","","","","","","","","","","","","","","","","","",""
"63263001","PUY-DE-DOME-MN",45.775,2.966667,1461,1965032621,"","","","","","","","","","","","","","","","","","","","","","","","","","","","","","","","","","","","",2.3,1,2.3,1,"","","","","","","","","","","","","","","","","","","","","","","","","","",100,1,"","","","","","","","","","","","",7.2,1,"","","","","","","","","","","","","","","","","","","","","","","","","","","","","","","","","","","","","","","","","","","","","","","","","","","","","","","","","","","","","","","","","","","","","","","","","","","","","","","","","","","","","","","","","","","","","","","","","","","","","","","","","","","","","","","","","","","",""
"63263001","PUY-DE-DOME-MN",45.775,2.966667,1461,1965032700,"","","","","","","","","","","","","","","","","","","","","","","","","","","","","","","","","","","","",0.5,1,0.5,1,"","","","","","","","","","","","","","","","","","","","","","","","","","",100,1,"","","","","","","","","","","","",6.3,1,"","","","","","","","","","","","","","","","","","","","","","","","","","","","","","","","","","","","","","","","","","","","","","","","","","","","","","","","","","","","","","","","","","","","","","","","","","","","","","","","","","","","","","","","","","","","","","","","","","","","","","","","","","","","","","","","","","","",""
"63263001","PUY-DE-DOME-MN",45.775,2.966667,1461,1965032703,"","","","","","","","","","","","","","","","","","","","","","","","","","","","","","","","","","","","",0.4,1,0.4,1,"","","","","","","","","","","","","","","","","","","","","","","","","","",100,1,"","","","","","","","","","","","",6.3,1,"","","","","","","","","","","","","","","","","","","","","","","","","","","","","","","","","","","","","","","","","","","","","","","","","","","","","","","","","","","","","","","","","","","","","","","","","","","","","","","","","","","","","","","","","","","","","","","","","","","","","","","","","","","","","","","","","","","",""
"63263001","PUY-DE-DOME-MN",45.775,2.966667,1461,1965032706,"","","","",13.,1,330,1,"","","","","","","","","","","","","","","","","","","","","","","","","","","","",1.3,1,1.3,1,"","","","","","","","","","","","","","","","","","","","","","","","","","",100,1,"","","","","","","","","","","","",6.7,1,"","","","","","","","",8,1,8,1,"","","","","","","","","","","","","","","","","","","","","","","","","","","","","","",40,1,"","",51,1,5,1,"","",0,1,"","","","","","","","","","","","","","","","","","","","","","","","","","","","","","","","","","","","","","","","","","","","","","","","","","","","","","","","","","","","","",""
"63263001","PUY-DE-DOME-MN",45.775,2.966667,1461,1965032709,"","","","",5.,1,350,1,"","","","","","","","","","","","","","","","","","","","","","","","","","","","",1.8,1,1.8,1,"","","","","","","","","","","","","","","","","","","","","","","","","","",100,1,"","","","","","","","","","","","",6.9,1,"","","","","","","","",9,1,"","","","","","","","","","","","","","","","","","","","","","","","","","","","","","","","",40,1,"","",45,1,5,1,"","","","","","","","","","","","","","","","","","","","","","","","","","","","","","","","","","","","","","","","","","","","","","","","","","","","","","","","","","","","","","","","","",""
"63263001","PUY-DE-DOME-MN",45.775,2.966667,1461,1965032712,"","","","",5.,1,350,1,"","","","","","","","","","","","","","","","","","","","","","","","","","","","",2.8,1,2.8,1,"","","","","","","","","","","","","","","","","","","","","","","","","","",100,1,"","","","","","","","","","","","",7.5,1,"","","","","","","","",8,1,8,1,"","","","","","","","","","","","","","","","","","","","","","","","","","","","","","",100,1,"","",41,1,5,1,"","","","","","","","","","","","","","","","","","","","","","","","","","","","","","","","","","","","","","","","","","","","","","","","","","","","","","","","","","","","","","","","","",""
"63263001","PUY-DE-DOME-MN",45.775,2.966667,1461,1965032715,"","","","",2.,1,70,1,"","","","","","","","","","","","","","","","","","","","","","","","","","","","",3.7,1,3.,1,"","","","","","","","","","","","","","","","","","","","","","","","","","",95,1,"","","","","","","","","","","","",7.6,1,"","","","","","","","",8,1,8,1,5,1,"","","","","","","","","","","","","","","","","","","","","","","","","","","","",20000,1,"","",3,1,4,1,"","","","","","","","","","","","","","","","","","","","","","","","","","","","","","","","","","","","","","","","","","","","","","","","","","","","","","","","","","","","","","","","","",""
"63263001","PUY-DE-DOME-MN",45.775,2.966667,1461,1965032718,"","","","",3.,1,30,1,"","","","","","","","","","","","","","","","","","","","","","","","","","","","",2.4,1,2.4,1,"","","","","","","","","","","","","","","","","","","","","","","","","","",100,1,"","","","","","","","","","","","",7.3,1,"","","","","","","","",9,1,"","","","","","","","","","","","","","","","","","","","","","","","","","","","","","","","",40,1,"","",45,1,4,1,"","","","","","","","","","","","","","","","","","","","","","","","","","","","","","","","","","","","","","","","","","","","","","","","","","","","","","","","","","","","","","","","","",""
"63263001","PUY-DE-DOME-MN",45.775,2.966667,1461,1965032721,"","","","","","","","","","","","","","","","","","","","","","","","","","","","","","","","","","","","",0.8,1,0.8,1,"","","","","","","","","","","","","","","","","","","","","","","","","","",100,1,"","","","","","","","","","","","",6.5,1,"","","","","","","","","","","","","","","","","","","","","","","","","","","","","","","","","","","","","","","","","","","","","","","","","","","","","","","","","","","","","","","","","","","","","","","","","","","","","","","","","","","","","","","","","","","","","","","","","","","","","","","","","","","","","","","","","","","",""
"63263001","PUY-DE-DOME-MN",45.775,2.966667,1461,1965032800,"","","","","","","","","","","","","","","","","","","","","","","","","","","","","","","","","","","","",1.4,1,1.4,1,"","","","","","","","","","","","","","","","","","","","","","","","","","",100,1,"","","","","","","","","","","","",6.7,1,"","","","","","","","","","","","","","","","","","","","","","","","","","","","","","","","","","","","","","","","","","","","","","","","","","","","","","","","","","","","","","","","","","","","","","","","","","","","","","","","","","","","","","","","","","","","","","","","","","","","","","","","","","","","","","","","","","","",""
"63263001","PUY-DE-DOME-MN",45.775,2.966667,1461,1965032803,"","","","","","","","","","","","","","","","","","","","","","","","","","","","","","","","","","","","",0.9,1,0.9,1,"","","","","","","","","","","","","","","","","","","","","","","","","","",100,1,"","","","","","","","","","","","",6.5,1,"","","","","","","","","","","","","","","","","","","","","","","","","","","","","","","","","","","","","","","","","","","","","","","","","","","","","","","","","","","","","","","","","","","","","","","","","","","","","","","","","","","","","","","","","","","","","","","","","","","","","","","","","","","","","","","","","","","",""
"63263001","PUY-DE-DOME-MN",45.775,2.966667,1461,1965032806,"","","","",12.,1,90,1,"","","","","","","","","","","","","","","","","","","","","","","","","","","","",0.8,1,0.8,1,"","","","","","","","","","","","","","","","","","","","","","","","","","",100,1,"","","","","","","","","","","","",6.5,1,"","","","","","","","",9,1,"","","","","","","","","","","","","","","","","","","","","","","","","","","","","","","","",40,1,"","",45,1,4,1,"","",0,1,"","","","","","","","","","","","","","","","","","","","","","","","","","","","","","","","","","","","","","","","","","","","","","","","","","","","","","","","","","","","","",""
"63263001","PUY-DE-DOME-MN",45.775,2.966667,1461,1965032809,"","","","",14.,1,70,1,"","","","","","","","","","","","","","","","","","","","","","","","","","","","",4.4,1,-5.2,1,"","","","","","","","","","","","","","","","","","","","","","","","","","",49,1,"","","","","","","","","","","","",4.1,1,"","","","","","","","",0,1,"","",0,1,0,1,0,1,"","","","","","","","","","","","","","","","","","","","","","","","",99990,1,"","",2,1,4,1,"","","","","","","","","","","","","","","","","","","","","","","","","","","","","","","","","","","","","","","","","","","","","","","","","","","","","","","","","","","","","","","","","",""
"63263001","PUY-DE-DOME-MN",45.775,2.966667,1461,1965032812,"","","","",15.,1,70,1,"","","","","","","","","","","","","","","","","","","","","","","","","","","","",6.7,1,-5.9,1,"","","","","","","","","","","","","","","","","","","","","","","","","","",40,1,"","","","","","","","","","","","",3.9,1,"","","","","","","","",1,1,0,1,0,1,0,1,1,1,"","","","","","","","","","","","","","","","","","","","","","","","",80000,1,"","",2,1,4,1,"","","","","","","","","","","","","","","","","","","","","","","","","","","","","","","","","","","","","","","","","","","","","","","","","","","","","","","","","","","","","","","","","",""
"63263001","PUY-DE-DOME-MN",45.775,2.966667,1461,1965032815,"","","","",17.,1,70,1,"","","","","","","","","","","","","","","","","","","","","","","","","","","","",6.7,1,-4.,1,"","","","","","","","","","","","","","","","","","","","","","","","","","",46,1,"","","","","","","","","","","","",4.5,1,"","","","","","","","",1,1,0,1,0,1,0,1,1,1,"","","","","","","","","","","","","","","","","","","","","","","","",70000,1,"","",2,1,0,1,"","","","","","","","","","","","","","","","","","","","","","","","","","","","","","","","","","","","","","","","","","","","","","","","","","","","","","","","","","","","","","","","","",""
"63263001","PUY-DE-DOME-MN",45.775,2.966667,1461,1965032818,"","","","",18.,1,70,1,"","","","","","","","","","","","","","","","","","","","","","","","","","","","",5.4,1,2.2,1,"","","","","","","","","","","","","","","","","","","","","","","","","","",80,1,"","","","","","","","","","","","",7.2,1,"","","","","","","","",1,1,0,1,0,1,0,1,1,1,"","","","","","","","","","","","","","","","","","","","","","","","",70000,1,"","",2,1,0,1,"","","","","","","","","","","","","","","","","","","","","","","","","","","","","","","","","","","","","","","","","","","","","","","","","","","","","","","","","","","","","","","","","",""
"63263001","PUY-DE-DOME-MN",45.775,2.966667,1461,1965032821,"","","","","","","","","","","","","","","","","","","","","","","","","","","","","","","","","","","","",4.9,1,1.8,1,"","","","","","","","","","","","","","","","","","","","","","","","","","",80,1,"","","","","","","","","","","","",7.,1,"","","","","","","","","","","","","","","","","","","","","","","","","","","","","","","","","","","","","","","","","","","","","","","","","","","","","","","","","","","","","","","","","","","","","","","","","","","","","","","","","","","","","","","","","","","","","","","","","","","","","","","","","","","","","","","","","","","",""
"63263001","PUY-DE-DOME-MN",45.775,2.966667,1461,1965032900,"","","","","","","","","","","","","","","","","","","","","","","","","","","","","","","","","","","","",6.4,1,3.5,1,"","","","","","","","","","","","","","","","","","","","","","","","","","",82,1,"","","","","","","","","","","","",7.9,1,"","","","","","","","","","","","","","","","","","","","","","","","","","","","","","","","","","","","","","","","","","","","","","","","","","","","","","","","","","","","","","","","","","","","","","","","","","","","","","","","","","","","","","","","","","","","","","","","","","","","","","","","","","","","","","","","","","","",""
"63263001","PUY-DE-DOME-MN",45.775,2.966667,1461,1965032903,"","","","","","","","","","","","","","","","","","","","","","","","","","","","","","","","","","","","",6.5,1,-9.2,1,"","","","","","","","","","","","","","","","","","","","","","","","","","",31,1,"","","","","","","","","","","","",3.,1,"","","","","","","","","","","","","","","","","","","","","","","","","","","","","","","","","","","","","","","","","","","","","","","","","","","","","","","","","","","","","","","","","","","","","","","","","","","","","","","","","","","","","","","","","","","","","","","","","","","","","","","","","","","","","","","","","","","",""
"63263001","PUY-DE-DOME-MN",45.775,2.966667,1461,1965032906,"","","","",17.,1,90,1,"","","","","","","","","","","","","","","","","","","","","","","","","","","","",4.4,1,-7.6,1,"","","","","","","","","","","","","","","","","","","","","","","","","","",40,1,"","","","","","","","","","","","",3.4,1,"","","","","","","","",0,1,"","",0,1,0,1,0,1,"","","","","","","","","","","","","","","","","","","","","","","","",99990,1,"","",2,1,0,1,"","",0,1,"","","","","","","","","","","","","","","","","","","","","","","","","","","","","","","","","","","","","","","","","","","","","","","","","","","","","","","","","","","","","",""
"63263001","PUY-DE-DOME-MN",45.775,2.966667,1461,1965032909,"","","","",18.,1,90,1,"","","","","","","","","","","","","","","","","","","","","","","","","","","","",7.,1,-12.4,1,"","","","","","","","","","","","","","","","","","","","","","","","","","",23,1,"","","","","","","","","","","","",2.3,1,"","","","","","","","",0,1,"","",0,1,0,1,0,1,"","","","","","","","","","","","","","","","","","","","","","","","",90000,1,"","",2,1,0,1,"","","","","","","","","","","","","","","","","","","","","","","","","","","","","","","","","","","","","","","","","","","","","","","","","","","","","","","","","","","","","","","","","",""
"63263001","PUY-DE-DOME-MN",45.775,2.966667,1461,1965032912,"","","","",13.,1,130,1,"","","","","","","","","","","","","","","","","","","","","","","","","","","","",9.8,1,-7.6,1,"","","","","","","","","","","","","","","","","","","","","","","","","","",28,1,"","","","","","","","","","","","",3.4,1,"","","","","","","","",0,1,"","",0,1,0,1,0,1,"","","","","","","","","","","","","","","","","","","","","","","","",90000,1,"","",2,1,0,1,"","","","","","","","","","","","","","","","","","","","","","","","","","","","","","","","","","","","","","","","","","","","","","","","","","","","","","","","","","","","","","","","","",""
"63263001","PUY-DE-DOME-MN",45.775,2.966667,1461,1965032915,"","","","",6.,1,110,1,"","","","","","","","","","","","","","","","","","","","","","","","","","","","",12.1,1,-2.1,1,"","","","","","","","","","","","","","","","","","","","","","","","","","",37,1,"","","","","","","","","","","","",5.2,1,"","","","","","","","",0,1,"","",0,1,0,1,0,1,"","","","","","","","","","","","","","","","","","","","","","","","",50000,1,"","",2,1,0,1,"","","","","","","","","","","","","","","","","","","","","","","","","","","","","","","","","","","","","","","","","","","","","","","","","","","","","","","","","","","","","","","","","",""
"63263001","PUY-DE-DOME-MN",45.775,2.966667,1461,1965032918,"","","","",4.,1,110,1,"","","","","","","","","","","","","","","","","","","","","","","","","","","","",10.1,1,-0.9,1,"","","","","","","","","","","","","","","","","","","","","","","","","","",46,1,"","","","","","","","","","","","",5.7,1,"","","","","","","","",0,1,"","",0,1,0,1,0,1,"","","","","","","","","","","","","","","","","","","","","","","","",50000,1,"","",2,1,0,1,"","","","","","","","","","","","","","","","","","","","","","","","","","","","","","","","","","","","","","","","","","","","","","","","","","","","","","","","","","","","","","","","","",""
"63263001","PUY-DE-DOME-MN",45.775,2.966667,1461,1965032921,"","","","","","","","","","","","","","","","","","","","","","","","","","","","","","","","","","","","",10.,1,-0.5,1,"","","","","","","","","","","","","","","","","","","","","","","","","","",48,1,"","","","","","","","","","","","",5.9,1,"","","","","","","","","","","","","","","","","","","","","","","","","","","","","","","","","","","","","","","","","","","","","","","","","","","","","","","","","","","","","","","","","","","","","","","","","","","","","","","","","","","","","","","","","","","","","","","","","","","","","","","","","","","","","","","","","","","",""
"63263001","PUY-DE-DOME-MN",45.775,2.966667,1461,1965033000,"","","","","","","","","","","","","","","","","","","","","","","","","","","","","","","","","","","","",10.1,1,3.1,1,"","","","","","","","","","","","","","","","","","","","","","","","","","",62,1,"","","","","","","","","","","","",7.7,1,"","","","","","","","","","","","","","","","","","","","","","","","","","","","","","","","","","","","","","","","","","","","","","","","","","","","","","","","","","","","","","","","","","","","","","","","","","","","","","","","","","","","","","","","","","","","","","","","","","","","","","","","","","","","","","","","","","","",""
"63263001","PUY-DE-DOME-MN",45.775,2.966667,1461,1965033003,"","","","","","","","","","","","","","","","","","","","","","","","","","","","","","","","","","","","",9.4,1,4.,1,"","","","","","","","","","","","","","","","","","","","","","","","","","",69,1,"","","","","","","","","","","","",8.2,1,"","","","","","","","","","","","","","","","","","","","","","","","","","","","","","","","","","","","","","","","","","","","","","","","","","","","","","","","","","","","","","","","","","","","","","","","","","","","","","","","","","","","","","","","","","","","","","","","","","","","","","","","","","","","","","","","","","","",""
"63263001","PUY-DE-DOME-MN",45.775,2.966667,1461,1965033006,"","","","",0.,1,0,1,"","","","","","","","","","","","","","","","","","","","","","","","","","","","",9.2,1,-1.6,1,"","","","","","","","","","","","","","","","","","","","","","","","","","",46,1,"","","","","","","","","","","","",5.4,1,"","","","","","","","",0,1,"","",0,1,0,1,0,1,"","","","","","","","","","","","","","","","","","","","","","","","",40000,1,"","",2,1,0,1,"","",0,1,"","","","","","","","","","","","","","","","","","","","","","","","","","","","","","","","","","","","","","","","","","","","","","","","","","","","","","","","","","","","","",""
"63263001","PUY-DE-DOME-MN",45.775,2.966667,1461,1965033009,"","","","",0.,1,0,1,"","","","","","","","","","","","","","","","","","","","","","","","","","","","",11.4,1,0.8,1,"","","","","","","","","","","","","","","","","","","","","","","","","","",48,1,"","","","","","","","","","","","",6.5,1,"","","","","","","","",0,1,"","",0,1,0,1,0,1,"","","","","","","","","","","","","","","","","","","","","","","","",50000,1,"","",2,1,0,1,"","","","","","","","","","","","","","","","","","","","","","","","","","","","","","","","","","","","","","","","","","","","","","","","","","","","","","","","","","","","","","","","","",""
"63263001","PUY-DE-DOME-MN",45.775,2.966667,1461,1965033012,"","","","",0.,1,0,1,"","","","","","","","","","","","","","","","","","","","","","","","","","","","",13.7,1,4.2,1,"","","","","","","","","","","","","","","","","","","","","","","","","","",54,1,"","","","","","","","","","","","",8.3,1,"","","","","","","","",0,1,"","",0,1,0,1,0,1,"","","","","","","","","","","","","","","","","","","","","","","","",25000,1,"","",2,1,0,1,"","","","","","","","","","","","","","","","","","","","","","","","","","","","","","","","","","","","","","","","","","","","","","","","","","","","","","","","","","","","","","","","","",""
"63263001","PUY-DE-DOME-MN",45.775,2.966667,1461,1965033015,"","","","",2.,1,90,1,"","","","","","","","","","","","","","","","","","","","","","","","","","","","",14.6,1,2.4,1,"","","","","","","","","","","","","","","","","","","","","","","","","","",42,1,"","","","","","","","","","","","",7.3,1,"","","","","","","","",1,1,0,1,1,1,0,1,0,1,"","","","","","","","","","","","","","","","","","","","","","","","",25000,1,"","",3,1,0,1,"","","","","","","","","","","","","","","","","","","","","","","","","","","","","","","","","","","","","","","","","","","","","","","","","","","","","","","","","","","","","","","","","",""
"63263001","PUY-DE-DOME-MN",45.775,2.966667,1461,1965033018,"","","","",9.,1,90,1,"","","","","","","","","","","","","","","","","","","","","","","","","","","","",9.7,1,4.8,1,"","","","","","","","","","","","","","","","","","","","","","","","","","",73,1,"","","","","","","","","","","","",8.7,1,"","","","","","","","",1,1,0,1,0,1,0,1,2,1,"","","","","","","","","","","","","","","","","","","","","","","","",25000,1,"","",2,1,0,1,"","","","","","","","","","","","","","","","","","","","","","","","","","","","","","","","","","","","","","","","","","","","","","","","","","","","","","","","","","","","","","","","","",""
"63263001","PUY-DE-DOME-MN",45.775,2.966667,1461,1965033021,"","","","","","","","","","","","","","","","","","","","","","","","","","","","","","","","","","","","",7.8,1,2.8,1,"","","","","","","","","","","","","","","","","","","","","","","","","","",70,1,"","","","","","","","","","","","",7.5,1,"","","","","","","","","","","","","","","","","","","","","","","","","","","","","","","","","","","","","","","","","","","","","","","","","","","","","","","","","","","","","","","","","","","","","","","","","","","","","","","","","","","","","","","","","","","","","","","","","","","","","","","","","","","","","","","","","","","",""
"63263001","PUY-DE-DOME-MN",45.775,2.966667,1461,1965033100,"","","","","","","","","","","","","","","","","","","","","","","","","","","","","","","","","","","","",6.,1,2.6,1,"","","","","","","","","","","","","","","","","","","","","","","","","","",80,1,"","","","","","","","","","","","",7.4,1,"","","","","","","","","","","","","","","","","","","","","","","","","","","","","","","","","","","","","","","","","","","","","","","","","","","","","","","","","","","","","","","","","","","","","","","","","","","","","","","","","","","","","","","","","","","","","","","","","","","","","","","","","","","","","","","","","","","",""
"63263001","PUY-DE-DOME-MN",45.775,2.966667,1461,1965033103,"","","","","","","","","","","","","","","","","","","","","","","","","","","","","","","","","","","","",5.1,1,2.2,1,"","","","","","","","","","","","","","","","","","","","","","","","","","",82,1,"","","","","","","","","","","","",7.2,1,"","","","","","","","","","","","","","","","","","","","","","","","","","","","","","","","","","","","","","","","","","","","","","","","","","","","","","","","","","","","","","","","","","","","","","","","","","","","","","","","","","","","","","","","","","","","","","","","","","","","","","","","","","","","","","","","","","","",""
"63263001","PUY-DE-DOME-MN",45.775,2.966667,1461,1965033106,"","","","",11.,1,90,1,"","","","","","","","","","","","","","","","","","","","","","","","","","","","",4.6,1,-0.9,1,"","","","","","","","","","","","","","","","","","","","","","","","","","",67,1,"","","","","","","","","","","","",5.7,1,"","","","","","","","",0,1,"","",0,1,0,1,0,1,"","","","","","","","","","","","","","","","","","","","","","","","",30000,1,"","",2,1,0,1,"","",0,1,"","","","","","","","","","","","","","","","","","","","","","","","","","","","","","","","","","","","","","","","","","","","","","","","","","","","","","","","","","","","","",""
"63263001","PUY-DE-DOME-MN",45.775,2.966667,1461,1965033109,"","","","",10.,1,90,1,"","","","","","","","","","","","","","","","","","","","","","","","","","","","",6.1,1,-8.,1,"","","","","","","","","","","","","","","","","","","","","","","","","","",35,1,"","","","","","","","","","","","",3.3,1,"","","","","","","","",0,1,"","",0,1,0,1,0,1,"","","","","","","","","","","","","","","","","","","","","","","","",20000,1,"","",2,1,0,1,"","","","","","","","","","","","","","","","","","","","","","","","","","","","","","","","","","","","","","","","","","","","","","","","","","","","","","","","","","","","","","","","","",""
"63263001","PUY-DE-DOME-MN",45.775,2.966667,1461,1965033112,"","","","",12.,1,90,1,"","","","","","","","","","","","","","","","","","","","","","","","","","","","",7.3,1,-5.2,1,"","","","","","","","","","","","","","","","","","","","","","","","","","",40,1,"","","","","","","","","","","","",4.1,1,"","","","","","","","",0,1,"","",0,1,0,1,0,1,"","","","","","","","","","","","","","","","","","","","","","","","",20000,1,"","",2,1,0,1,"","","","","","","","","","","","","","","","","","","","","","","","","","","","","","","","","","","","","","","","","","","","","","","","","","","","","","","","","","","","","","","","","",""
"63263001","PUY-DE-DOME-MN",45.775,2.966667,1461,1965033115,"","","","",14.,1,70,1,"","","","","","","","","","","","","","","","","","","","","","","","","","","","",6.8,1,-3.7,1,"","","","","","","","","","","","","","","","","","","","","","","","","","",46,1,"","","","","","","","","","","","",4.6,1,"","","","","","","","",0,1,"","",0,1,0,1,0,1,"","","","","","","","","","","","","","","","","","","","","","","","",20000,1,"","",2,1,0,1,"","","","","","","","","","","","","","","","","","","","","","","","","","","","","","","","","","","","","","","","","","","","","","","","","","","","","","","","","","","","","","","","","",""
"63263001","PUY-DE-DOME-MN",45.775,2.966667,1461,1965033118,"","","","",13.,1,70,1,"","","","","","","","","","","","","","","","","","","","","","","","","","","","",4.8,1,-4.9,1,"","","","","","","","","","","","","","","","","","","","","","","","","","",49,1,"","","","","","","","","","","","",4.2,1,"","","","","","","","",0,1,"","",0,1,0,1,0,1,"","","","","","","","","","","","","","","","","","","","","","","","",20000,1,"","",2,1,0,1,"","","","","","","","","","","","","","","","","","","","","","","","","","","","","","","","","","","","","","","","","","","","","","","","","","","","","","","","","","","","","","","","","",""
"63263001","PUY-DE-DOME-MN",45.775,2.966667,1461,1965033121,"","","","","","","","","","","","","","","","","","","","","","","","","","","","","","","","","","","","",4.4,1,-0.5,1,"","","","","","","","","","","","","","","","","","","","","","","","","","",70,1,"","","","","","","","","","","","",5.9,1,"","","","","","","","","","","","","","","","","","","","","","","","","","","","","","","","","","","","","","","","","","","","","","","","","","","","","","","","","","","","","","","","","","","","","","","","","","","","","","","","","","","","","","","","","","","","","","","","","","","","","","","","","","","","","","","","","","","",""
"63263001","PUY-DE-DOME-MN",45.775,2.966667,1461,1965040100,"","","","","","","","","","","","","","","","","","","","","","","","","","","","","","","","","","","","",6.5,1,-1.2,1,"","","","","","","","","","","","","","","","","","","","","","","","","","",58,1,"","","","","","","","","","","","",5.6,1,"","","","","","","","","","","","","","","","","","","","","","","","","","","","","","","","","","","","","","","","","","","","","","","","","","","","","","","","","","","","","","","","","","","","","","","","","","","","","","","","","","","","","","","","","","","","","","","","","","","","","","","","","","","","","","","","","","","",""
"63263001","PUY-DE-DOME-MN",45.775,2.966667,1461,1965040103,"","","","","","","","","","","","","","","","","","","","","","","","","","","","","","","","","","","","",4.9,1,3.3,1,"","","","","","","","","","","","","","","","","","","","","","","","","","",90,1,"","","","","","","","","","","","",7.8,1,"","","","","","","","","","","","","","","","","","","","","","","","","","","","","","","","","","","","","","","","","","","","","","","","","","","","","","","","","","","","","","","","","","","","","","","","","","","","","","","","","","","","","","","","","","","","","","","","","","","","","","","","","","","","","","","","","","","",""
"63263001","PUY-DE-DOME-MN",45.775,2.966667,1461,1965040106,"","","","",0.,1,0,1,"","","","","","","","","","","","","","","","","","","","","","","","","","","","",5.7,1,1.8,1,"","","","","","","","","","","","","","","","","","","","","","","","","","",76,1,"","","","","","","","","","","","",7.,1,"","","","","","","","",0,1,"","",0,1,0,1,0,1,"","","","","","","","","","","","","","","","","","","","","","","","",20000,1,"","",2,1,0,1,"","",0,1,"","","","","","","","","","","","","","","","","","","","","","","","","","","","","","","","","","","","","","","","","","","","","","","","","","","","","","","","","","","","","",""
"63263001","PUY-DE-DOME-MN",45.775,2.966667,1461,1965040109,"","","","",3.,1,90,1,"","","","","","","","","","","","","","","","","","","","","","","","","","","","",7.5,1,1.8,1,"","","","","","","","","","","","","","","","","","","","","","","","","","",67,1,"","","","","","","","","","","","",7.,1,"","","","","","","","",0,1,"","",0,1,0,1,0,1,"","","","","","","","","","","","","","","","","","","","","","","","",20000,1,"","",2,1,0,1,"","","","","","","","","","","","","","","","","","","","","","","","","","","","","","","","","","","","","","","","","","","","","","","","","","","","","","","","","","","","","","","","","",""
"63263001","PUY-DE-DOME-MN",45.775,2.966667,1461,1965040112,"","","","",4.,1,90,1,"","","","","","","","","","","","","","","","","","","","","","","","","","","","",10.1,1,3.1,1,"","","","","","","","","","","","","","","","","","","","","","","","","","",62,1,"","","","","","","","","","","","",7.7,1,"","","","","","","","",1,1,0,1,1,1,0,1,0,1,"","","","","","","","","","","","","","","","","","","","","","","","",20000,1,"","",2,1,0,1,"","","","","","","","","","","","","","","","","","","","","","","","","","","","","","","","","","","","","","","","","","","","","","","","","","","","","","","","","","","","","","","","","",""
"63263001","PUY-DE-DOME-MN",45.775,2.966667,1461,1965040115,"","","","",4.,1,70,1,"","","","","","","","","","","","","","","","","","","","","","","","","","","","",12.1,1,4.2,1,"","","","","","","","","","","","","","","","","","","","","","","","","","",59,1,"","","","","","","","","","","","",8.3,1,"","","","","","","","",1,1,0,1,2,1,0,1,0,1,"","","","","","","","","","","","","","","","","","","","","","","","",20000,1,"","",2,1,0,1,"","","","","","","","","","","","","","","","","","","","","","","","","","","","","","","","","","","","","","","","","","","","","","","","","","","","","","","","","","","","","","","","","",""
"63263001","PUY-DE-DOME-MN",45.775,2.966667,1461,1965040118,"","","","",3.,1,70,1,"","","","","","","","","","","","","","","","","","","","","","","","","","","","",8.2,1,1.,1,"","","","","","","","","","","","","","","","","","","","","","","","","","",61,1,"","","","","","","","","","","","",6.6,1,"","","","","","","","",0,1,"","",0,1,0,1,0,1,"","","","","","","","","","","","","","","","","","","","","","","","",20000,1,"","",2,1,0,1,"","","","","","","","","","","","","","","","","","","","","","","","","","","","","","","","","","","","","","","","","","","","","","","","","","","","","","","","","","","","","","","","","",""
"63263001","PUY-DE-DOME-MN",45.775,2.966667,1461,1965040121,"","","","","","","","","","","","","","","","","","","","","","","","","","","","","","","","","","","","",7.8,1,1.8,1,"","","","","","","","","","","","","","","","","","","","","","","","","","",65,1,"","","","","","","","","","","","",7.,1,"","","","","","","","","","","","","","","","","","","","","","","","","","","","","","","","","","","","","","","","","","","","","","","","","","","","","","","","","","","","","","","","","","","","","","","","","","","","","","","","","","","","","","","","","","","","","","","","","","","","","","","","","","","","","","","","","","","",""
"63263001","PUY-DE-DOME-MN",45.775,2.966667,1461,1965040200,"","","","","","","","","","","","","","","","","","","","","","","","","","","","","","","","","","","","",7.2,1,2.,1,"","","","","","","","","","","","","","","","","","","","","","","","","","",70,1,"","","","","","","","","","","","",7.1,1,"","","","","","","","","","","","","","","","","","","","","","","","","","","","","","","","","","","","","","","","","","","","","","","","","","","","","","","","","","","","","","","","","","","","","","","","","","","","","","","","","","","","","","","","","","","","","","","","","","","","","","","","","","","","","","","","","","","",""
"63263001","PUY-DE-DOME-MN",45.775,2.966667,1461,1965040203,"","","","","","","","","","","","","","","","","","","","","","","","","","","","","","","","","","","","",6.9,1,0.8,1,"","","","","","","","","","","","","","","","","","","","","","","","","","",65,1,"","","","","","","","","","","","",6.5,1,"","","","","","","","","","","","","","","","","","","","","","","","","","","","","","","","","","","","","","","","","","","","","","","","","","","","","","","","","","","","","","","","","","","","","","","","","","","","","","","","","","","","","","","","","","","","","","","","","","","","","","","","","","","","","","","","","","","",""
"63263001","PUY-DE-DOME-MN",45.775,2.966667,1461,1965040206,"","","","",3.,1,210,1,"","","","","","","","","","","","","","","","","","","","","","","","","","","","",7.1,1,1.4,1,"","","","","","","","","","","","","","","","","","","","","","","","","","",67,1,"","","","","","","","","","","","",6.8,1,"","","","","","","","",0,1,"","",0,1,0,1,0,1,"","","","","","","","","","","","","","","","","","","","","","","","",20000,1,"","",2,1,0,1,"","",0,1,"","","","","","","","","","","","","","","","","","","","","","","","","","","","","","","","","","","","","","","","","","","","","","","","","","","","","","","","","","","","","",""
"63263001","PUY-DE-DOME-MN",45.775,2.966667,1461,1965040209,"","","","",0.,1,0,1,"","","","","","","","","","","","","","","","","","","","","","","","","","","","",9.7,1,5.,1,"","","","","","","","","","","","","","","","","","","","","","","","","","",73,1,"","","","","","","","","","","","",8.8,1,"","","","","","","","",0,1,"","",0,1,0,1,0,1,"","","","","","","","","","","","","","","","","","","","","","","","",20000,1,"","",2,1,0,1,"","","","","","","","","","","","","","","","","","","","","","","","","","","","","","","","","","","","","","","","","","","","","","","","","","","","","","","","","","","","","","","","","",""
"63263001","PUY-DE-DOME-MN",45.775,2.966667,1461,1965040212,"","","","",3.,1,30,1,"","","","","","","","","","","","","","","","","","","","","","","","","","","","",9.8,1,4.5,1,"","","","","","","","","","","","","","","","","","","","","","","","","","",70,1,"","","","","","","","","","","","",8.5,1,"","","","","","","","",6,1,6,1,2,1,0,1,0,1,"","","","","","","","","","","","","","","","","","","","","","","","",15000,1,"","",3,1,1,1,"","","","","","","","","","","","","","","","","","","","","","","","","","","","","","","","","","","","","","","","","","","","","","","","","","","","","","","","","","","","","","","","","",""
"63263001","PUY-DE-DOME-MN",45.775,2.966667,1461,1965040215,"","","","",4.,1,50,1,"","","","","","","","","","","","","","","","","","","","","","","","","","","","",10.4,1,4.5,1,"","","","","","","","","","","","","","","","","","","","","","","","","","",67,1,"","","","","","","","","","","","",8.5,1,"","","","","","","","",3,1,0,1,2,1,0,1,0,1,"","","","","","","","","","","","","","","","","","","","","","","","",15000,1,"","",1,1,1,1,"","","","","","","","","","","","","","","","","","","","","","","","","","","","","","","","","","","","","","","","","","","","","","","","","","","","","","","","","","","","","","","","","",""
"63263001","PUY-DE-DOME-MN",45.775,2.966667,1461,1965040218,"","","","",5.,1,70,1,"","","","","","","","","","","","","","","","","","","","","","","","","","","","",8.2,1,5.,1,"","","","","","","","","","","","","","","","","","","","","","","","","","",81,1,"","","","","","","","","","","","",8.8,1,"","","","","","","","",0,1,"","",0,1,0,1,0,1,"","","","","","","","","","","","","","","","","","","","","","","","",15000,1,"","",1,1,1,1,"","","","","","","","","","","","","","","","","","","","","","","","","","","","","","","","","","","","","","","","","","","","","","","","","","","","","","","","","","","","","","","","","",""
"63263001","PUY-DE-DOME-MN",45.775,2.966667,1461,1965040221,"","","","","","","","","","","","","","","","","","","","","","","","","","","","","","","","","","","","",6.8,1,1.6,1,"","","","","","","","","","","","","","","","","","","","","","","","","","",70,1,"","","","","","","","","","","","",6.9,1,"","","","","","","","","","","","","","","","","","","","","","","","","","","","","","","","","","","","","","","","","","","","","","","","","","","","","","","","","","","","","","","","","","","","","","","","","","","","","","","","","","","","","","","","","","","","","","","","","","","","","","","","","","","","","","","","","","","",""
"63263001","PUY-DE-DOME-MN",45.775,2.966667,1461,1965040300,"","","","","","","","","","","","","","","","","","","","","","","","","","","","","","","","","","","","",6.5,1,1.6,1,"","","","","","","","","","","","","","","","","","","","","","","","","","",71,1,"","","","","","","","","","","","",6.9,1,"","","","","","","","","","","","","","","","","","","","","","","","","","","","","","","","","","","","","","","","","","","","","","","","","","","","","","","","","","","","","","","","","","","","","","","","","","","","","","","","","","","","","","","","","","","","","","","","","","","","","","","","","","","","","","","","","","","",""
"63263001","PUY-DE-DOME-MN",45.775,2.966667,1461,1965040303,"","","","","","","","","","","","","","","","","","","","","","","","","","","","","","","","","","","","",6.1,1,0.2,1,"","","","","","","","","","","","","","","","","","","","","","","","","","",66,1,"","","","","","","","","","","","",6.2,1,"","","","","","","","","","","","","","","","","","","","","","","","","","","","","","","","","","","","","","","","","","","","","","","","","","","","","","","","","","","","","","","","","","","","","","","","","","","","","","","","","","","","","","","","","","","","","","","","","","","","","","","","","","","","","","","","","","","",""
"63263001","PUY-DE-DOME-MN",45.775,2.966667,1461,1965040306,"","","","",0.,1,0,1,"","","","","","","","","","","","","","","","","","","","","","","","","","","","",6.5,1,-0.2,1,"","","","","","","","","","","","","","","","","","","","","","","","","","",62,1,"","","","","","","","","","","","",6.,1,"","","","","","","","",0,1,"","",0,1,0,1,0,1,"","","","","","","","","","","","","","","","","","","","","","","","",20000,1,"","",2,1,0,1,"","",0,1,"","","","","","","","","","","","","","","","","","","","","","","","","","","","","","","","","","","","","","","","","","","","","","","","","","","","","","","","","","","","","",""
"63263001","PUY-DE-DOME-MN",45.775,2.966667,1461,1965040309,"","","","",2.,1,270,1,"","","","","","","","","","","","","","","","","","","","","","","","","","","","",8.,1,1.2,1,"","","","","","","","","","","","","","","","","","","","","","","","","","",63,1,"","","","","","","","","","","","",6.7,1,"","","","","","","","",1,1,0,1,2,1,0,1,0,1,"","","","","","","","","","","","","","","","","","","","","","","","",20000,1,"","",3,1,0,1,"","","","","","","","","","","","","","","","","","","","","","","","","","","","","","","","","","","","","","","","","","","","","","","","","","","","","","","","","","","","","","","","","",""
"63263001","PUY-DE-DOME-MN",45.775,2.966667,1461,1965040312,"","","","",5.,1,250,1,"","","","","","","","","","","","","","","","","","","","","","","","","","","","",9.8,1,0.8,1,"","","","","","","","","","","","","","","","","","","","","","","","","","",54,1,"","","","","","","","","","","","",6.5,1,"","","","","","","","",6,1,6,1,2,1,0,1,0,1,"","","","","","","","","","","","","","","","","","","","","","","","",20000,1,"","",3,1,0,1,"","","","","","","","","","","","","","","","","","","","","","","","","","","","","","","","","","","","","","","","","","","","","","","","","","","","","","","","","","","","","","","","","",""
"63263001","PUY-DE-DOME-MN",45.775,2.966667,1461,1965040315,"","","","",3.,1,310,1,"","","","","","","","","","","","","","","","","","","","","","","","","","","","",11.4,1,4.7,1,"","","","","","","","","","","","","","","","","","","","","","","","","","",64,1,"","","","","","","","","","","","",8.6,1,"","","","","","","","",6,1,6,1,2,1,0,1,0,1,"","","","","","","","","","","","","","","","","","","","","","","","",20000,1,"","",1,1,2,1,"","","","","","","","","","","","","","","","","","","","","","","","","","","","","","","","","","","","","","","","","","","","","","","","","","","","","","","","","","","","","","","","","",""
"63263001","PUY-DE-DOME-MN",45.775,2.966667,1461,1965040318,"","","","",2.,1,310,1,"","","","","","","","","","","","","","","","","","","","","","","","","","","","",8.4,1,4.3,1,"","","","","","","","","","","","","","","","","","","","","","","","","","",76,1,"","","","","","","","","","","","",8.4,1,"","","","","","","","",6,1,6,1,2,1,0,1,0,1,"","","","","","","","","","","","","","","","","","","","","","","","",20000,1,"","",2,1,2,1,"","","","","","","","","","","","","","","","","","","","","","","","","","","","","","","","","","","","","","","","","","","","","","","","","","","","","","","","","","","","","","","","","",""
"63263001","PUY-DE-DOME-MN",45.775,2.966667,1461,1965040321,"","","","","","","","","","","","","","","","","","","","","","","","","","","","","","","","","","","","",6.1,1,2.4,1,"","","","","","","","","","","","","","","","","","","","","","","","","","",78,1,"","","","","","","","","","","","",7.3,1,"","","","","","","","","","","","","","","","","","","","","","","","","","","","","","","","","","","","","","","","","","","","","","","","","","","","","","","","","","","","","","","","","","","","","","","","","","","","","","","","","","","","","","","","","","","","","","","","","","","","","","","","","","","","","","","","","","","",""
"63263001","PUY-DE-DOME-MN",45.775,2.966667,1461,1965040400,"","","","","","","","","","","","","","","","","","","","","","","","","","","","","","","","","","","","",5.7,1,4.8,1,"","","","","","","","","","","","","","","","","","","","","","","","","","",95,1,"","","","","","","","","","","","",8.7,1,"","","","","","","","","","","","","","","","","","","","","","","","","","","","","","","","","","","","","","","","","","","","","","","","","","","","","","","","","","","","","","","","","","","","","","","","","","","","","","","","","","","","","","","","","","","","","","","","","","","","","","","","","","","","","","","","","","","",""
"63263001","PUY-DE-DOME-MN",45.775,2.966667,1461,1965040403,"","","","","","","","","","","","","","","","","","","","","","","","","","","","","","","","","","","","",4.9,1,3.5,1,"","","","","","","","","","","","","","","","","","","","","","","","","","",91,1,"","","","","","","","","","","","",7.9,1,"","","","","","","","","","","","","","","","","","","","","","","","","","","","","","","","","","","","","","","","","","","","","","","","","","","","","","","","","","","","","","","","","","","","","","","","","","","","","","","","","","","","","","","","","","","","","","","","","","","","","","","","","","","","","","","","","","","",""
"63263001","PUY-DE-DOME-MN",45.775,2.966667,1461,1965040406,"","","","",9.,1,310,1,"","","","","","","","","","","","","","","","","","","","","","","","","","","","",4.4,1,-1.4,1,"","","","","","","","","","","","","","","","","","","","","","","","","","",65,1,"","","","","","","","","","","","",5.5,1,"","","","","","","","",1,1,0,1,2,1,0,1,0,1,"","","","","","","","","","","","","","","","","","","","","","","","",40000,1,"","",2,1,0,1,"","",0,1,"","","","","","","","","","","","","","","","","","","","","","","","","","","","","","","","","","","","","","","","","","","","","","","","","","","","","","","","","","","","","",""
"63263001","PUY-DE-DOME-MN",45.775,2.966667,1461,1965040409,"","","","",6.,1,290,1,"","","","","","","","","","","","","","","","","","","","","","","","","","","","",5.1,1,1.2,1,"","","","","","","","","","","","","","","","","","","","","","","","","","",77,1,"","","","","","","","","","","","",6.7,1,"","","","","","","","",1,1,0,1,2,1,0,1,0,1,"","","","","","","","","","","","","","","","","","","","","","","","",40000,1,"","",2,1,0,1,"","","","","","","","","","","","","","","","","","","","","","","","","","","","","","","","","","","","","","","","","","","","","","","","","","","","","","","","","","","","","","","","","",""
"63263001","PUY-DE-DOME-MN",45.775,2.966667,1461,1965040412,"","","","",0.,1,0,1,"","","","","","","","","","","","","","","","","","","","","","","","","","","","",9.5,1,-1.9,1,"","","","","","","","","","","","","","","","","","","","","","","","","","",45,1,"","","","","","","","","","","","",5.3,1,"","","","","","","","",5,1,5,1,2,1,0,1,0,1,"","","","","","","","","","","","","","","","","","","","","","","","",40000,1,"","",3,1,0,1,"","","","","","","","","","","","","","","","","","","","","","","","","","","","","","","","","","","","","","","","","","","","","","","","","","","","","","","","","","","","","","","","","",""
"63263001","PUY-DE-DOME-MN",45.775,2.966667,1461,1965040415,"","","","",5.,1,290,1,"","","","","","","","","","","","","","","","","","","","","","","","","","","","",8.,1,0.2,1,"","","","","","","","","","","","","","","","","","","","","","","","","","",57,1,"","","","","","","","","","","","",6.2,1,"","","","","","","","",7,1,7,1,2,1,"","","","","","","","","","","","","","","","","","","","","","","","","","","","",40000,1,"","",3,1,2,1,"","","","","","","","","","","","","","","","","","","","","","","","","","","","","","","","","","","","","","","","","","","","","","","","","","","","","","","","","","","","","","","","","",""
"63263001","PUY-DE-DOME-MN",45.775,2.966667,1461,1965040418,"","","","",10.,1,310,1,"","","","","","","","","","","","","","","","","","","","","","","","","","","","",5.4,1,4.8,1,"","","","","","","","","","","","","","","","","","","","","","","","","","",97,1,"","","","","","","","","","","","",8.7,1,"","","","","","","","",7,1,6,1,2,1,3,1,"","","","","","","","","","","","","","","","","","","","","","","","","","",30000,1,"","",2,1,2,1,"","","","","","","","","","","","","","","","","","","","","","","","","","","","","","","","","","","","","","","","","","","","","","","","","","","","","","","","","","","","","","","","","",""
"63263001","PUY-DE-DOME-MN",45.775,2.966667,1461,1965040421,"","","","","","","","","","","","","","","","","","","","","","","","","","","","","","","","","","","","",5.2,1,4.3,1,"","","","","","","","","","","","","","","","","","","","","","","","","","",95,1,"","","","","","","","","","","","",8.4,1,"","","","","","","","","","","","","","","","","","","","","","","","","","","","","","","","","","","","","","","","","","","","","","","","","","","","","","","","","","","","","","","","","","","","","","","","","","","","","","","","","","","","","","","","","","","","","","","","","","","","","","","","","","","","","","","","","","","",""
"63263001","PUY-DE-DOME-MN",45.775,2.966667,1461,1965040500,"","","","","","","","","","","","","","","","","","","","","","","","","","","","","","","","","","","","",3.9,1,3.9,1,"","","","","","","","","","","","","","","","","","","","","","","","","","",100,1,"","","","","","","","","","","","",8.1,1,"","","","","","","","","","","","","","","","","","","","","","","","","","","","","","","","","","","","","","","","","","","","","","","","","","","","","","","","","","","","","","","","","","","","","","","","","","","","","","","","","","","","","","","","","","","","","","","","","","","","","","","","","","","","","","","","","","","",""
"63263001","PUY-DE-DOME-MN",45.775,2.966667,1461,1965040503,"","","","","","","","","","","","","","","","","","","","","","","","","","","","","","","","","","","","",3.8,1,3.8,1,"","","","","","","","","","","","","","","","","","","","","","","","","","",100,1,"","","","","","","","","","","","",8.,1,"","","","","","","","","","","","","","","","","","","","","","","","","","","","","","","","","","","","","","","","","","","","","","","","","","","","","","","","","","","","","","","","","","","","","","","","","","","","","","","","","","","","","","","","","","","","","","","","","","","","","","","","","","","","","","","","","","","",""
"63263001","PUY-DE-DOME-MN",45.775,2.966667,1461,1965040506,"","","","",5.,1,210,1,"","","","","","","","","","","","","","","","","","","","","","","","","","","","",2.4,1,2.4,1,"","","","","","","","","","","","","","","","","","","","","","","","","","",100,1,"","","","","","","","","","","","",7.3,1,"","","","","","","","",9,1,"","","","","","","","","","","","","","","","","","","","","","","","","","","","","","","","",40,1,"","",45,1,4,1,"","",0,1,"","","","","","","","","","","","","","","","","","","","","","","","","","","","","","","","","","","","","","","","","","","","","","","","","","","","","","","","","","","","","",""
"63263001","PUY-DE-DOME-MN",45.775,2.966667,1461,1965040509,"","","","",7.,1,210,1,"","","","","","","","","","","","","","","","","","","","","","","","","","","","",3.2,1,3.2,1,"","","","","","","","","","","","","","","","","","","","","","","","","","",100,1,"","","","","","","","","","","","",7.7,1,"","","","","","","","",9,1,"","","","","","","","","","","","","","","","","","","","","","","","","","","","","","","","",40,1,"","",45,1,4,1,"","","","","","","","","","","","","","","","","","","","","","","","","","","","","","","","","","","","","","","","","","","","","","","","","","","","","","","","","","","","","","","","","",""
"63263001","PUY-DE-DOME-MN",45.775,2.966667,1461,1965040512,"","","","",2.,1,230,1,"","","","","","","","","","","","","","","","","","","","","","","","","","","","",5.5,1,4.2,1,"","","","","","","","","","","","","","","","","","","","","","","","","","",92,1,"","","","","","","","","","","","",8.3,1,"","","","","","","","",7,1,7,1,2,1,"","","","","","","","","","","","","","","","","","","","","","","","","","","","",15000,1,"","",28,1,4,1,"","","","","","","","","","","","","","","","","","","","","","","","","","","","","","","","","","","","","","","","","","","","","","","","","","","","","","","","","","","","","","","","","",""
"63263001","PUY-DE-DOME-MN",45.775,2.966667,1461,1965040515,"","","","",5.,1,170,1,"","","","","","","","","","","","","","","","","","","","","","","","","","","","",8.,1,-2.1,1,"","","","","","","","","","","","","","","","","","","","","","","","","","",48,1,"","","","","","","","","","","","",5.2,1,"","","","","","","","",7,1,7,1,2,1,0,1,6,1,"","","","","","","","","","","","","","","","","","","","","","","","",25000,1,"","",2,1,2,1,"","","","","","","","","","","","","","","","","","","","","","","","","","","","","","","","","","","","","","","","","","","","","","","","","","","","","","","","","","","","","","","","","",""
"63263001","PUY-DE-DOME-MN",45.775,2.966667,1461,1965040518,"","","","",5.,1,170,1,"","","","","","","","","","","","","","","","","","","","","","","","","","","","",6.1,1,-8.4,1,"","","","","","","","","","","","","","","","","","","","","","","","","","",34,1,"","","","","","","","","","","","",3.2,1,"","","","","","","","",7,1,7,1,2,1,0,1,2,1,"","","","","","","","","","","","","","","","","","","","","","","","",30000,1,"","",1,1,2,1,"","","","","","","","","","","","","","","","","","","","","","","","","","","","","","","","","","","","","","","","","","","","","","","","","","","","","","","","","","","","","","","","","",""
"63263001","PUY-DE-DOME-MN",45.775,2.966667,1461,1965040521,"","","","","","","","","","","","","","","","","","","","","","","","","","","","","","","","","","","","",4.4,1,0.6,1,"","","","","","","","","","","","","","","","","","","","","","","","","","",78,1,"","","","","","","","","","","","",6.4,1,"","","","","","","","","","","","","","","","","","","","","","","","","","","","","","","","","","","","","","","","","","","","","","","","","","","","","","","","","","","","","","","","","","","","","","","","","","","","","","","","","","","","","","","","","","","","","","","","","","","","","","","","","","","","","","","","","","","",""
"63263001","PUY-DE-DOME-MN",45.775,2.966667,1461,1965040600,"","","","","","","","","","","","","","","","","","","","","","","","","","","","","","","","","","","","",3.6,1,3.,1,"","","","","","","","","","","","","","","","","","","","","","","","","","",97,1,"","","","","","","","","","","","",7.6,1,"","","","","","","","","","","","","","","","","","","","","","","","","","","","","","","","","","","","","","","","","","","","","","","","","","","","","","","","","","","","","","","","","","","","","","","","","","","","","","","","","","","","","","","","","","","","","","","","","","","","","","","","","","","","","","","","","","","",""
"63263001","PUY-DE-DOME-MN",45.775,2.966667,1461,1965040603,"","","","","","","","","","","","","","","","","","","","","","","","","","","","","","","","","","","","",3.,1,2.2,1,"","","","","","","","","","","","","","","","","","","","","","","","","","",95,1,"","","","","","","","","","","","",7.2,1,"","","","","","","","","","","","","","","","","","","","","","","","","","","","","","","","","","","","","","","","","","","","","","","","","","","","","","","","","","","","","","","","","","","","","","","","","","","","","","","","","","","","","","","","","","","","","","","","","","","","","","","","","","","","","","","","","","","",""
"63263001","PUY-DE-DOME-MN",45.775,2.966667,1461,1965040606,"","","","",5.,1,30,1,"","","","","","","","","","","","","","","","","","","","","","","","","","","","",2.3,1,1.,1,"","","","","","","","","","","","","","","","","","","","","","","","","","",91,1,"","","","","","","","","","","","",6.6,1,"","","","","","","","",8,1,8,1,5,1,7,1,"","","","","","","","","","","","","","","","","","","","","","","","","","",20000,1,"","",2,1,6,1,"","",0,1,"","","","","","","","","","","","","","","","","","","","","","","","","","","","","","","","","","","","","","","","","","","","","","","","","","","","","","","","","","","","","",""
"63263001","PUY-DE-DOME-MN",45.775,2.966667,1461,1965040609,"","","","",6.,1,50,1,"","","","","","","","","","","","","","","","","","","","","","","","","","","","",2.8,1,2.8,1,"","","","","","","","","","","","","","","","","","","","","","","","","","",100,1,"","","","","","","","","","","","",7.5,1,"","","","","","","","",8,1,8,1,"","","","","","","","","","","","","","","","","","","","","","","","","","","","","","",100,1,"","",41,1,2,1,"","","","","","","","","","","","","","","","","","","","","","","","","","","","","","","","","","","","","","","","","","","","","","","","","","","","","","","","","","","","","","","","","",""
"63263001","PUY-DE-DOME-MN",45.775,2.966667,1461,1965040612,"","","","",4.,1,50,1,"","","","","","","","","","","","","","","","","","","","","","","","","","","","",3.,1,3.,1,"","","","","","","","","","","","","","","","","","","","","","","","","","",100,1,"","","","","","","","","","","","",7.6,1,"","","","","","","","",8,1,8,1,"","","","","","","","","","","","","","","","","","","","","","","","","","","","","","",40,1,"","",60,1,4,1,"","","","","","","","","","","","","","","","","","","","","","","","","","","","","","","","","","","","","","","","","","","","","","","","","","","","","","","","","","","","","","","","","",""
"63263001","PUY-DE-DOME-MN",45.775,2.966667,1461,1965040615,"","","","",2.,1,50,1,"","","","","","","","","","","","","","","","","","","","","","","","","","","","",3.8,1,3.8,1,"","","","","","","","","","","","","","","","","","","","","","","","","","",100,1,"","","","","","","","","","","","",8.,1,"","","","","","","","",9,1,"","","","","","","","","","","","","","","","","","","","","","","","","","","","","","","","",40,1,"","",45,1,6,1,"","","","","","","","","","","","","","","","","","","","","","","","","","","","","","","","","","","","","","","","","","","","","","","","","","","","","","","","","","","","","","","","","",""
"63263001","PUY-DE-DOME-MN",45.775,2.966667,1461,1965040618,"","","","",3.,1,50,1,"","","","","","","","","","","","","","","","","","","","","","","","","","","","",3.,1,0.6,1,"","","","","","","","","","","","","","","","","","","","","","","","","","",84,1,"","","","","","","","","","","","",6.4,1,"","","","","","","","",8,1,8,1,5,1,7,1,"","","","","","","","","","","","","","","","","","","","","","","","","","",15000,1,"","",60,1,6,1,"","","","","","","","","","","","","","","","","","","","","","","","","","","","","","","","","","","","","","","","","","","","","","","","","","","","","","","","","","","","","","","","","",""
"63263001","PUY-DE-DOME-MN",45.775,2.966667,1461,1965040621,"","","","","","","","","","","","","","","","","","","","","","","","","","","","","","","","","","","","",2.9,1,2.9,1,"","","","","","","","","","","","","","","","","","","","","","","","","","",100,1,"","","","","","","","","","","","",7.5,1,"","","","","","","","","","","","","","","","","","","","","","","","","","","","","","","","","","","","","","","","","","","","","","","","","","","","","","","","","","","","","","","","","","","","","","","","","","","","","","","","","","","","","","","","","","","","","","","","","","","","","","","","","","","","","","","","","","","",""
"63263001","PUY-DE-DOME-MN",45.775,2.966667,1461,1965040700,"","","","","","","","","","","","","","","","","","","","","","","","","","","","","","","","","","","","",3.,1,3.,1,"","","","","","","","","","","","","","","","","","","","","","","","","","",100,1,"","","","","","","","","","","","",7.6,1,"","","","","","","","","","","","","","","","","","","","","","","","","","","","","","","","","","","","","","","","","","","","","","","","","","","","","","","","","","","","","","","","","","","","","","","","","","","","","","","","","","","","","","","","","","","","","","","","","","","","","","","","","","","","","","","","","","","",""
"63263001","PUY-DE-DOME-MN",45.775,2.966667,1461,1965040703,"","","","","","","","","","","","","","","","","","","","","","","","","","","","","","","","","","","","",2.6,1,2.6,1,"","","","","","","","","","","","","","","","","","","","","","","","","","",100,1,"","","","","","","","","","","","",7.4,1,"","","","","","","","","","","","","","","","","","","","","","","","","","","","","","","","","","","","","","","","","","","","","","","","","","","","","","","","","","","","","","","","","","","","","","","","","","","","","","","","","","","","","","","","","","","","","","","","","","","","","","","","","","","","","","","","","","","",""
"63263001","PUY-DE-DOME-MN",45.775,2.966667,1461,1965040706,"","","","",5.,1,350,1,"","","","","","","","","","","","","","","","","","","","","","","","","","","","",2.4,1,0.8,1,"","","","","","","","","","","","","","","","","","","","","","","","","","",89,1,"","","","","","","","","","","","",6.5,1,"","","","","","","","",8,1,8,1,5,1,7,1,"","","","","","","","","","","","","","","","","","","","","","","","","","",10000,1,"","",2,1,6,1,"","",0,1,"","","","","","","","","","","","","","","","","","","","","","","","","","","","","","","","","","","","","","","","","","","","","","","","","","","","","","","","","","","","","",""
"63263001","PUY-DE-DOME-MN",45.775,2.966667,1461,1965040709,"","","","",6.,1,310,1,"","","","","","","","","","","","","","","","","","","","","","","","","","","","",2.9,1,2.9,1,"","","","","","","","","","","","","","","","","","","","","","","","","","",100,1,"","","","","","","","","","","","",7.5,1,"","","","","","","","",8,1,8,1,"","","","","","","","","","","","","","","","","","","","","","","","","","","","","","",100,1,"","",41,1,2,1,"","","","","","","","","","","","","","","","","","","","","","","","","","","","","","","","","","","","","","","","","","","","","","","","","","","","","","","","","","","","","","","","","",""
"63263001","PUY-DE-DOME-MN",45.775,2.966667,1461,1965040712,"","","","",9.,1,330,1,"","","","","","","","","","","","","","","","","","","","","","","","","","","","",2.2,1,2.2,1,"","","","","","","","","","","","","","","","","","","","","","","","","","",100,1,"","","","","","","","","","","","",7.2,1,"","","","","","","","",8,1,8,1,"","","","","","","","","","","","","","","","","","","","","","","","","","","","","","",100,1,"","",41,1,8,1,"","","","","","","","","","","","","","","","","","","","","","","","","","","","","","","","","","","","","","","","","","","","","","","","","","","","","","","","","","","","","","","","","",""
"63263001","PUY-DE-DOME-MN",45.775,2.966667,1461,1965040715,"","","","",6.,1,330,1,"","","","","","","","","","","","","","","","","","","","","","","","","","","","",2.,1,2.,1,"","","","","","","","","","","","","","","","","","","","","","","","","","",100,1,"","","","","","","","","","","","",7.1,1,"","","","","","","","",9,1,"","","","","","","","","","","","","","","","","","","","","","","","","","","","","","","","",40,1,"","",47,1,8,1,"","","","","","","","","","","","","","","","","","","","","","","","","","","","","","","","","","","","","","","","","","","","","","","","","","","","","","","","","","","","","","","","","",""
"63263001","PUY-DE-DOME-MN",45.775,2.966667,1461,1965040718,"","","","",10.,1,330,1,"","","","","","","","","","","","","","","","","","","","","","","","","","","","",1.,1,1.,1,"","","","","","","","","","","","","","","","","","","","","","","","","","",100,1,"","","","","","","","","","","","",6.6,1,"","","","","","","","",9,1,"","","","","","","","","","","","","","","","","","","","","","","","","","","","","","","","",40,1,"","",45,1,8,1,"","","","","","","","","","","","","","","","","","","","","","","","","","","","","","","","","","","","","","","","","","","","","","","","","","","","","","","","","","","","","","","","","",""
"63263001","PUY-DE-DOME-MN",45.775,2.966667,1461,1965040721,"","","","","","","","","","","","","","","","","","","","","","","","","","","","","","","","","","","","",0.,1,0.,1,"","","","","","","","","","","","","","","","","","","","","","","","","","",100,1,"","","","","","","","","","","","",6.1,1,"","","","","","","","","","","","","","","","","","","","","","","","","","","","","","","","","","","","","","","","","","","","","","","","","","","","","","","","","","","","","","","","","","","","","","","","","","","","","","","","","","","","","","","","","","","","","","","","","","","","","","","","","","","","","","","","","","","",""
"63263001","PUY-DE-DOME-MN",45.775,2.966667,1461,1965040800,"","","","","","","","","","","","","","","","","","","","","","","","","","","","","","","","","","","","",-0.2,1,-0.2,1,"","","","","","","","","","","","","","","","","","","","","","","","","","",100,1,"","","","","","","","","","","","",6.,1,"","","","","","","","","","","","","","","","","","","","","","","","","","","","","","","","","","","","","","","","","","","","","","","","","","","","","","","","","","","","","","","","","","","","","","","","","","","","","","","","","","","","","","","","","","","","","","","","","","","","","","","","","","","","","","","","","","","",""
"63263001","PUY-DE-DOME-MN",45.775,2.966667,1461,1965040803,"","","","","","","","","","","","","","","","","","","","","","","","","","","","","","","","","","","","",0.,1,0.,1,"","","","","","","","","","","","","","","","","","","","","","","","","","",100,1,"","","","","","","","","","","","",6.1,1,"","","","","","","","","","","","","","","","","","","","","","","","","","","","","","","","","","","","","","","","","","","","","","","","","","","","","","","","","","","","","","","","","","","","","","","","","","","","","","","","","","","","","","","","","","","","","","","","","","","","","","","","","","","","","","","","","","","",""
"63263001","PUY-DE-DOME-MN",45.775,2.966667,1461,1965040806,"","","","",11.,1,310,1,"","","","","","","","","","","","","","","","","","","","","","","","","","","","",-0.2,1,-0.2,1,"","","","","","","","","","","","","","","","","","","","","","","","","","",100,1,"","","","","","","","","","","","",6.,1,"","","","","","","","",9,1,"","","","","","","","","","","","","","","","","","","","","","","","","","","","","","","","",40,1,"","",49,1,7,1,"","",0,1,"","","","","","","","","","","","","","","","","","","","","","","","","","","","","","","","","","","","","","","","","","","","","","","","","","","","","","","","","","","","","",""
"63263001","PUY-DE-DOME-MN",45.775,2.966667,1461,1965040809,"","","","",12.,1,310,1,"","","","","","","","","","","","","","","","","","","","","","","","","","","","",0.,1,0.,1,"","","","","","","","","","","","","","","","","","","","","","","","","","",100,1,"","","","","","","","","","","","",6.1,1,"","","","","","","","",9,1,"","","","","","","","","","","","","","","","","","","","","","","","","","","","","","","","",40,1,"","",45,1,4,1,"","","","","","","","","","","","","","","","","","","","","","","","","","","","","","","","","","","","","","","","","","","","","","","","","","","","","","","","","","","","","","","","","",""
"63263001","PUY-DE-DOME-MN",45.775,2.966667,1461,1965040812,"","","","",11.,1,310,1,"","","","","","","","","","","","","","","","","","","","","","","","","","","","",0.,1,0.,1,"","","","","","","","","","","","","","","","","","","","","","","","","","",100,1,"","","","","","","","","","","","",6.1,1,"","","","","","","","",9,1,"","","","","","","","","","","","","","","","","","","","","","","","","","","","","","","","",40,1,"","",45,1,4,1,"","","","","","","","","","","","","","","","","","","","","","","","","","","","","","","","","","","","","","","","","","","","","","","","","","","","","","","","","","","","","","","","","",""
"63263001","PUY-DE-DOME-MN",45.775,2.966667,1461,1965040815,"","","","",15.,1,330,1,"","","","","","","","","","","","","","","","","","","","","","","","","","","","",1.2,1,-1.9,1,"","","","","","","","","","","","","","","","","","","","","","","","","","",80,1,"","","","","","","","","","","","",5.3,1,"","","","","","","","",6,1,0,1,8,1,0,1,0,1,"","","","","","","","","","","","","","","","","","","","","","","","",50000,1,"","",1,1,4,1,"","","","","","","","","","","","","","","","","","","","","","","","","","","","","","","","","","","","","","","","","","","","","","","","","","","","","","","","","","","","","","","","","",""
"63263001","PUY-DE-DOME-MN",45.775,2.966667,1461,1965040818,"","","","",12.,1,330,1,"","","","","","","","","","","","","","","","","","","","","","","","","","","","",0.1,1,0.1,1,"","","","","","","","","","","","","","","","","","","","","","","","","","",100,1,"","","","","","","","","","","","",6.1,1,"","","","","","","","",9,1,"","","","","","","","","","","","","","","","","","","","","","","","","","","","","","","","",40,1,"","",47,1,4,1,"","","","","","","","","","","","","","","","","","","","","","","","","","","","","","","","","","","","","","","","","","","","","","","","","","","","","","","","","","","","","","","","","",""
"63263001","PUY-DE-DOME-MN",45.775,2.966667,1461,1965040821,"","","","","","","","","","","","","","","","","","","","","","","","","","","","","","","","","","","","",0.2,1,0.2,1,"","","","","","","","","","","","","","","","","","","","","","","","","","",100,1,"","","","","","","","","","","","",6.2,1,"","","","","","","","","","","","","","","","","","","","","","","","","","","","","","","","","","","","","","","","","","","","","","","","","","","","","","","","","","","","","","","","","","","","","","","","","","","","","","","","","","","","","","","","","","","","","","","","","","","","","","","","","","","","","","","","","","","",""
"63263001","PUY-DE-DOME-MN",45.775,2.966667,1461,1965040900,"","","","","","","","","","","","","","","","","","","","","","","","","","","","","","","","","","","","",-0.7,1,-0.7,1,"","","","","","","","","","","","","","","","","","","","","","","","","","",100,1,"","","","","","","","","","","","",5.8,1,"","","","","","","","","","","","","","","","","","","","","","","","","","","","","","","","","","","","","","","","","","","","","","","","","","","","","","","","","","","","","","","","","","","","","","","","","","","","","","","","","","","","","","","","","","","","","","","","","","","","","","","","","","","","","","","","","","","",""
"63263001","PUY-DE-DOME-MN",45.775,2.966667,1461,1965040903,"","","","","","","","","","","","","","","","","","","","","","","","","","","","","","","","","","","","",-1.4,1,-1.4,1,"","","","","","","","","","","","","","","","","","","","","","","","","","",100,1,"","","","","","","","","","","","",5.5,1,"","","","","","","","","","","","","","","","","","","","","","","","","","","","","","","","","","","","","","","","","","","","","","","","","","","","","","","","","","","","","","","","","","","","","","","","","","","","","","","","","","","","","","","","","","","","","","","","","","","","","","","","","","","","","","","","","","","",""
"63263001","PUY-DE-DOME-MN",45.775,2.966667,1461,1965040906,"","","","",17.,1,330,1,"","","","","","","","","","","","","","","","","","","","","","","","","","","","",-0.8,1,-0.8,1,"","","","","","","","","","","","","","","","","","","","","","","","","","",100,1,"","","","","","","","","","","","",5.8,1,"","","","","","","","",9,1,"","","","","","","","","","","","","","","","","","","","","","","","","","","","","","","","",40,1,"","",49,1,4,1,"","",0,1,"","","","","","","","","","","","","","","","","","","","","","","","","","","","","","","","","","","","","","","","","","","","","","","","","","","","","","","","","","","","","",""
"63263001","PUY-DE-DOME-MN",45.775,2.966667,1461,1965040909,"","","","",15.,1,350,1,"","","","","","","","","","","","","","","","","","","","","","","","","","","","",-0.3,1,-0.3,1,"","","","","","","","","","","","","","","","","","","","","","","","","","",100,1,"","","","","","","","","","","","",6.,1,"","","","","","","","",9,1,"","","","","","","","","","","","","","","","","","","","","","","","","","","","","","","","",40,1,"","",49,1,4,1,"","","","","","","","","","","","","","","","","","","","","","","","","","","","","","","","","","","","","","","","","","","","","","","","","","","","","","","","","","","","","","","","","",""
"63263001","PUY-DE-DOME-MN",45.775,2.966667,1461,1965040912,"","","","",15.,1,350,1,"","","","","","","","","","","","","","","","","","","","","","","","","","","","",0.1,1,0.1,1,"","","","","","","","","","","","","","","","","","","","","","","","","","",100,1,"","","","","","","","","","","","",6.1,1,"","","","","","","","",8,1,8,1,"","","","","","","","","","","","","","","","","","","","","","","","","","","","","","",100,1,"","",41,1,8,1,"","","","","","","","","","","","","","","","","","","","","","","","","","","","","","","","","","","","","","","","","","","","","","","","","","","","","","","","","","","","","","","","","",""
"63263001","PUY-DE-DOME-MN",45.775,2.966667,1461,1965040915,"","","","",14.,1,350,1,"","","","","","","","","","","","","","","","","","","","","","","","","","","","",0.8,1,-0.7,1,"","","","","","","","","","","","","","","","","","","","","","","","","","",89,1,"","","","","","","","","","","","",5.8,1,"","","","","","","","",7,1,5,1,8,1,"","","","","","","","","","","","","","","","","","","","","","","","","","","","",50000,1,"","",2,1,4,1,"","","","","","","","","","","","","","","","","","","","","","","","","","","","","","","","","","","","","","","","","","","","","","","","","","","","","","","","","","","","","","","","","",""
"63263001","PUY-DE-DOME-MN",45.775,2.966667,1461,1965040918,"","","","",13.,1,350,1,"","","","","","","","","","","","","","","","","","","","","","","","","","","","",0.7,1,-1.2,1,"","","","","","","","","","","","","","","","","","","","","","","","","","",88,1,"","","","","","","","","","","","",5.6,1,"","","","","","","","",7,1,7,1,8,1,"","","","","","","","","","","","","","","","","","","","","","","","","","","","",50000,1,"","",2,1,4,1,"","","","","","","","","","","","","","","","","","","","","","","","","","","","","","","","","","","","","","","","","","","","","","","","","","","","","","","","","","","","","","","","","",""
"63263001","PUY-DE-DOME-MN",45.775,2.966667,1461,1965040921,"","","","","","","","","","","","","","","","","","","","","","","","","","","","","","","","","","","","",0.4,1,-0.9,1,"","","","","","","","","","","","","","","","","","","","","","","","","","",90,1,"","","","","","","","","","","","",5.7,1,"","","","","","","","","","","","","","","","","","","","","","","","","","","","","","","","","","","","","","","","","","","","","","","","","","","","","","","","","","","","","","","","","","","","","","","","","","","","","","","","","","","","","","","","","","","","","","","","","","","","","","","","","","","","","","","","","","","",""
"63263001","PUY-DE-DOME-MN",45.775,2.966667,1461,1965041000,"","","","","","","","","","","","","","","","","","","","","","","","","","","","","","","","","","","","",0.,1,0.,1,"","","","","","","","","","","","","","","","","","","","","","","","","","",100,1,"","","","","","","","","","","","",6.1,1,"","","","","","","","","","","","","","","","","","","","","","","","","","","","","","","","","","","","","","","","","","","","","","","","","","","","","","","","","","","","","","","","","","","","","","","","","","","","","","","","","","","","","","","","","","","","","","","","","","","","","","","","","","","","","","","","","","","",""
"63263001","PUY-DE-DOME-MN",45.775,2.966667,1461,1965041003,"","","","","","","","","","","","","","","","","","","","","","","","","","","","","","","","","","","","",-0.5,1,-0.5,1,"","","","","","","","","","","","","","","","","","","","","","","","","","",100,1,"","","","","","","","","","","","",5.9,1,"","","","","","","","","","","","","","","","","","","","","","","","","","","","","","","","","","","","","","","","","","","","","","","","","","","","","","","","","","","","","","","","","","","","","","","","","","","","","","","","","","","","","","","","","","","","","","","","","","","","","","","","","","","","","","","","","","","",""
"63263001","PUY-DE-DOME-MN",45.775,2.966667,1461,1965041006,"","","","",14.,1,310,1,"","","","","","","","","","","","","","","","","","","","","","","","","","","","",0.,1,0.,1,"","","","","","","","","","","","","","","","","","","","","","","","","","",100,1,"","","","","","","","","","","","",6.1,1,"","","","","","","","",9,1,"","","","","","","","","","","","","","","","","","","","","","","","","","","","","","","","",40,1,"","",45,1,4,1,"","",0,1,"","","","","","","","","","","","","","","","","","","","","","","","","","","","","","","","","","","","","","","","","","","","","","","","","","","","","","","","","","","","","",""
"63263001","PUY-DE-DOME-MN",45.775,2.966667,1461,1965041009,"","","","",11.,1,310,1,"","","","","","","","","","","","","","","","","","","","","","","","","","","","",2.2,1,2.2,1,"","","","","","","","","","","","","","","","","","","","","","","","","","",100,1,"","","","","","","","","","","","",7.2,1,"","","","","","","","",8,1,8,1,"","","","","","","","","","","","","","","","","","","","","","","","","","","","","","",40,1,"","",51,1,5,1,"","","","","","","","","","","","","","","","","","","","","","","","","","","","","","","","","","","","","","","","","","","","","","","","","","","","","","","","","","","","","","","","","",""
"63263001","PUY-DE-DOME-MN",45.775,2.966667,1461,1965041012,"","","","",12.,1,310,1,"","","","","","","","","","","","","","","","","","","","","","","","","","","","",3.2,1,3.2,1,"","","","","","","","","","","","","","","","","","","","","","","","","","",100,1,"","","","","","","","","","","","",7.7,1,"","","","","","","","",9,1,"","","","","","","","","","","","","","","","","","","","","","","","","","","","","","","","",40,1,"","",45,1,5,1,"","","","","","","","","","","","","","","","","","","","","","","","","","","","","","","","","","","","","","","","","","","","","","","","","","","","","","","","","","","","","","","","","",""
"63263001","PUY-DE-DOME-MN",45.775,2.966667,1461,1965041015,"","","","",14.,1,290,1,"","","","","","","","","","","","","","","","","","","","","","","","","","","","",3.8,1,3.8,1,"","","","","","","","","","","","","","","","","","","","","","","","","","",100,1,"","","","","","","","","","","","",8.,1,"","","","","","","","",9,1,"","","","","","","","","","","","","","","","","","","","","","","","","","","","","","","","",40,1,"","",45,1,4,1,"","","","","","","","","","","","","","","","","","","","","","","","","","","","","","","","","","","","","","","","","","","","","","","","","","","","","","","","","","","","","","","","","",""
"63263001","PUY-DE-DOME-MN",45.775,2.966667,1461,1965041018,"","","","",15.,1,270,1,"","","","","","","","","","","","","","","","","","","","","","","","","","","","",3.2,1,3.2,1,"","","","","","","","","","","","","","","","","","","","","","","","","","",100,1,"","","","","","","","","","","","",7.7,1,"","","","","","","","",8,1,8,1,"","","","","","","","","","","","","","","","","","","","","","","","","","","","","","",40,1,"","",61,1,6,1,"","","","","","","","","","","","","","","","","","","","","","","","","","","","","","","","","","","","","","","","","","","","","","","","","","","","","","","","","","","","","","","","","",""
"63263001","PUY-DE-DOME-MN",45.775,2.966667,1461,1965041021,"","","","","","","","","","","","","","","","","","","","","","","","","","","","","","","","","","","","",3.,1,3.,1,"","","","","","","","","","","","","","","","","","","","","","","","","","",100,1,"","","","","","","","","","","","",7.6,1,"","","","","","","","","","","","","","","","","","","","","","","","","","","","","","","","","","","","","","","","","","","","","","","","","","","","","","","","","","","","","","","","","","","","","","","","","","","","","","","","","","","","","","","","","","","","","","","","","","","","","","","","","","","","","","","","","","","",""
"63263001","PUY-DE-DOME-MN",45.775,2.966667,1461,1965041100,"","","","","","","","","","","","","","","","","","","","","","","","","","","","","","","","","","","","",3.,1,3.,1,"","","","","","","","","","","","","","","","","","","","","","","","","","",100,1,"","","","","","","","","","","","",7.6,1,"","","","","","","","","","","","","","","","","","","","","","","","","","","","","","","","","","","","","","","","","","","","","","","","","","","","","","","","","","","","","","","","","","","","","","","","","","","","","","","","","","","","","","","","","","","","","","","","","","","","","","","","","","","","","","","","","","","",""
"63263001","PUY-DE-DOME-MN",45.775,2.966667,1461,1965041103,"","","","","","","","","","","","","","","","","","","","","","","","","","","","","","","","","","","","",1.,1,1.,1,"","","","","","","","","","","","","","","","","","","","","","","","","","",100,1,"","","","","","","","","","","","",6.6,1,"","","","","","","","","","","","","","","","","","","","","","","","","","","","","","","","","","","","","","","","","","","","","","","","","","","","","","","","","","","","","","","","","","","","","","","","","","","","","","","","","","","","","","","","","","","","","","","","","","","","","","","","","","","","","","","","","","","",""
"63263001","PUY-DE-DOME-MN",45.775,2.966667,1461,1965041106,"","","","",18.,1,330,1,"","","","","","","","","","","","","","","","","","","","","","","","","","","","",-1.2,1,-1.2,1,"","","","","","","","","","","","","","","","","","","","","","","","","","",100,1,"","","","","","","","","","","","",5.6,1,"","","","","","","","",9,1,"","","","","","","","","","","","","","","","","","","","","","","","","","","","","","","","",60,1,"","",49,1,6,1,"","",0,1,"","","","","","","","","","","","","","","","","","","","","","","","","","","","","","","","","","","","","","","","","","","","","","","","","","","","","","","","","","","","","",""
"63263001","PUY-DE-DOME-MN",45.775,2.966667,1461,1965041109,"","","","",20.,1,330,1,"","","","","","","","","","","","","","","","","","","","","","","","","","","","",-2.6,1,-2.6,1,"","","","","","","","","","","","","","","","","","","","","","","","","","",100,1,"","","","","","","","","","","","",5.,1,"","","","","","","","",9,1,"","","","","","","","","","","","","","","","","","","","","","","","","","","","","","","","",60,1,"","",49,1,4,1,"","","","","","","","","","","","","","","","","","","","","","","","","","","","","","","","","","","","","","","","","","","","","","","","","","","","","","","","","","","","","","","","","",""
"63263001","PUY-DE-DOME-MN",45.775,2.966667,1461,1965041112,"","","","",22.,1,310,1,"","","","","","","","","","","","","","","","","","","","","","","","","","","","",-1.,1,-2.1,1,"","","","","","","","","","","","","","","","","","","","","","","","","","",92,1,"","","","","","","","","","","","",5.2,1,"","","","","","","","",5,1,5,1,2,1,0,1,2,1,"","","","","","","","","","","","","","","","","","","","","","","","",60000,1,"","",1,1,4,1,"","","","","","","","","","","","","","","","","","","","","","","","","","","","","","","","","","","","","","","","","","","","","","","","","","","","","","","","","","","","","","","","","",""
"63263001","PUY-DE-DOME-MN",45.775,2.966667,1461,1965041115,"","","","",13.,1,330,1,"","","","","","","","","","","","","","","","","","","","","","","","","","","","",-1.,1,-2.7,1,"","","","","","","","","","","","","","","","","","","","","","","","","","",88,1,"","","","","","","","","","","","",5.,1,"","","","","","","","",8,1,8,1,2,1,"","","","","","","","","","","","","","","","","","","","","","","","","","","","",60000,1,"","",1,1,2,1,"","","","","","","","","","","","","","","","","","","","","","","","","","","","","","","","","","","","","","","","","","","","","","","","","","","","","","","","","","","","","","","","","",""
"63263001","PUY-DE-DOME-MN",45.775,2.966667,1461,1965041118,"","","","",14.,1,310,1,"","","","","","","","","","","","","","","","","","","","","","","","","","","","",-1.,1,-1.9,1,"","","","","","","","","","","","","","","","","","","","","","","","","","",93,1,"","","","","","","","","","","","",5.3,1,"","","","","","","","",7,1,7,1,4,1,"","","","","","","","","","","","","","","","","","","","","","","","","","","","",80000,1,"","",1,1,2,1,"","","","","","","","","","","","","","","","","","","","","","","","","","","","","","","","","","","","","","","","","","","","","","","","","","","","","","","","","","","","","","","","","",""
"63263001","PUY-DE-DOME-MN",45.775,2.966667,1461,1965041121,"","","","","","","","","","","","","","","","","","","","","","","","","","","","","","","","","","","","",-1.2,1,-1.2,1,"","","","","","","","","","","","","","","","","","","","","","","","","","",100,1,"","","","","","","","","","","","",5.6,1,"","","","","","","","","","","","","","","","","","","","","","","","","","","","","","","","","","","","","","","","","","","","","","","","","","","","","","","","","","","","","","","","","","","","","","","","","","","","","","","","","","","","","","","","","","","","","","","","","","","","","","","","","","","","","","","","","","","",""
"63263001","PUY-DE-DOME-MN",45.775,2.966667,1461,1965041200,"","","","","","","","","","","","","","","","","","","","","","","","","","","","","","","","","","","","",-1.1,1,-1.1,1,"","","","","","","","","","","","","","","","","","","","","","","","","","",100,1,"","","","","","","","","","","","",5.6,1,"","","","","","","","","","","","","","","","","","","","","","","","","","","","","","","","","","","","","","","","","","","","","","","","","","","","","","","","","","","","","","","","","","","","","","","","","","","","","","","","","","","","","","","","","","","","","","","","","","","","","","","","","","","","","","","","","","","",""
"63263001","PUY-DE-DOME-MN",45.775,2.966667,1461,1965041203,"","","","","","","","","","","","","","","","","","","","","","","","","","","","","","","","","","","","",-1.5,1,-1.5,1,"","","","","","","","","","","","","","","","","","","","","","","","","","",100,1,"","","","","","","","","","","","",5.5,1,"","","","","","","","","","","","","","","","","","","","","","","","","","","","","","","","","","","","","","","","","","","","","","","","","","","","","","","","","","","","","","","","","","","","","","","","","","","","","","","","","","","","","","","","","","","","","","","","","","","","","","","","","","","","","","","","","","","",""
"63263001","PUY-DE-DOME-MN",45.775,2.966667,1461,1965041206,"","","","",12.,1,290,1,"","","","","","","","","","","","","","","","","","","","","","","","","","","","",-1.8,1,-1.8,1,"","","","","","","","","","","","","","","","","","","","","","","","","","",100,1,"","","","","","","","","","","","",5.3,1,"","","","","","","","",9,1,"","","","","","","","","","","","","","","","","","","","","","","","","","","","","","","","",60,1,"","",49,1,4,1,"","",0,1,"","","","","","","","","","","","","","","","","","","","","","","","","","","","","","","","","","","","","","","","","","","","","","","","","","","","","","","","","","","","","",""
"63263001","PUY-DE-DOME-MN",45.775,2.966667,1461,1965041209,"","","","",10.,1,290,1,"","","","","","","","","","","","","","","","","","","","","","","","","","","","",-0.4,1,-0.4,1,"","","","","","","","","","","","","","","","","","","","","","","","","","",100,1,"","","","","","","","","","","","",5.9,1,"","","","","","","","",8,1,8,1,"","","","","","","","","","","","","","","","","","","","","","","","","","","","","","",40,1,"","",77,1,4,1,"","","","","","","","","","","","","","","","","","","","","","","","","","","","","","","","","","","","","","","","","","","","","","","","","","","","","","","","","","","","","","","","","",""
"63263001","PUY-DE-DOME-MN",45.775,2.966667,1461,1965041212,"","","","",15.,1,290,1,"","","","","","","","","","","","","","","","","","","","","","","","","","","","",0.1,1,0.1,1,"","","","","","","","","","","","","","","","","","","","","","","","","","",100,1,"","","","","","","","","","","","",6.1,1,"","","","","","","","",9,1,"","","","","","","","","","","","","","","","","","","","","","","","","","","","","","","","",40,1,"","",45,1,7,1,"","","","","","","","","","","","","","","","","","","","","","","","","","","","","","","","","","","","","","","","","","","","","","","","","","","","","","","","","","","","","","","","","",""
"63263001","PUY-DE-DOME-MN",45.775,2.966667,1461,1965041215,"","","","",17.,1,270,1,"","","","","","","","","","","","","","","","","","","","","","","","","","","","",0.4,1,0.4,1,"","","","","","","","","","","","","","","","","","","","","","","","","","",100,1,"","","","","","","","","","","","",6.3,1,"","","","","","","","",9,1,"","","","","","","","","","","","","","","","","","","","","","","","","","","","","","","","",40,1,"","",45,1,4,1,"","","","","","","","","","","","","","","","","","","","","","","","","","","","","","","","","","","","","","","","","","","","","","","","","","","","","","","","","","","","","","","","","",""
"63263001","PUY-DE-DOME-MN",45.775,2.966667,1461,1965041218,"","","","",22.,1,270,1,"","","","","","","","","","","","","","","","","","","","","","","","","","","","",0.,1,0.,1,"","","","","","","","","","","","","","","","","","","","","","","","","","",100,1,"","","","","","","","","","","","",6.1,1,"","","","","","","","",9,1,"","","","","","","","","","","","","","","","","","","","","","","","","","","","","","","","",40,1,"","",45,1,4,1,"","","","","","","","","","","","","","","","","","","","","","","","","","","","","","","","","","","","","","","","","","","","","","","","","","","","","","","","","","","","","","","","","",""
"63263001","PUY-DE-DOME-MN",45.775,2.966667,1461,1965041221,"","","","","","","","","","","","","","","","","","","","","","","","","","","","","","","","","","","","",-0.3,1,-0.3,1,"","","","","","","","","","","","","","","","","","","","","","","","","","",100,1,"","","","","","","","","","","","",6.,1,"","","","","","","","","","","","","","","","","","","","","","","","","","","","","","","","","","","","","","","","","","","","","","","","","","","","","","","","","","","","","","","","","","","","","","","","","","","","","","","","","","","","","","","","","","","","","","","","","","","","","","","","","","","","","","","","","","","",""
"63263001","PUY-DE-DOME-MN",45.775,2.966667,1461,1965041300,"","","","","","","","","","","","","","","","","","","","","","","","","","","","","","","","","","","","",-1.2,1,-1.2,1,"","","","","","","","","","","","","","","","","","","","","","","","","","",100,1,"","","","","","","","","","","","",5.6,1,"","","","","","","","","","","","","","","","","","","","","","","","","","","","","","","","","","","","","","","","","","","","","","","","","","","","","","","","","","","","","","","","","","","","","","","","","","","","","","","","","","","","","","","","","","","","","","","","","","","","","","","","","","","","","","","","","","","",""
"63263001","PUY-DE-DOME-MN",45.775,2.966667,1461,1965041303,"","","","","","","","","","","","","","","","","","","","","","","","","","","","","","","","","","","","",-1.7,1,-1.7,1,"","","","","","","","","","","","","","","","","","","","","","","","","","",100,1,"","","","","","","","","","","","",5.4,1,"","","","","","","","","","","","","","","","","","","","","","","","","","","","","","","","","","","","","","","","","","","","","","","","","","","","","","","","","","","","","","","","","","","","","","","","","","","","","","","","","","","","","","","","","","","","","","","","","","","","","","","","","","","","","","","","","","","",""
"63263001","PUY-DE-DOME-MN",45.775,2.966667,1461,1965041306,"","","","",8.,1,330,1,"","","","","","","","","","","","","","","","","","","","","","","","","","","","",-2.8,1,-2.8,1,"","","","","","","","","","","","","","","","","","","","","","","","","","",100,1,"","","","","","","","","","","","",4.9,1,"","","","","","","","",9,1,"","","","","","","","","","","","","","","","","","","","","","","","","","","","","","","","",80,1,"","",49,1,8,1,"","",0,1,"","","","","","","","","","","","","","","","","","","","","","","","","","","","","","","","","","","","","","","","","","","","","","","","","","","","","","","","","","","","","",""
"63263001","PUY-DE-DOME-MN",45.775,2.966667,1461,1965041309,"","","","",3.,1,310,1,"","","","","","","","","","","","","","","","","","","","","","","","","","","","",-1.4,1,-1.4,1,"","","","","","","","","","","","","","","","","","","","","","","","","","",100,1,"","","","","","","","","","","","",5.5,1,"","","","","","","","",9,1,"","","","","","","","","","","","","","","","","","","","","","","","","","","","","","","","",80,1,"","",49,1,4,1,"","","","","","","","","","","","","","","","","","","","","","","","","","","","","","","","","","","","","","","","","","","","","","","","","","","","","","","","","","","","","","","","","",""
"63263001","PUY-DE-DOME-MN",45.775,2.966667,1461,1965041312,"","","","",5.,1,350,1,"","","","","","","","","","","","","","","","","","","","","","","","","","","","",-0.2,1,-1.9,1,"","","","","","","","","","","","","","","","","","","","","","","","","","",90,1,"","","","","","","","","","","","",5.3,1,"","","","","","","","",6,1,0,1,2,1,0,1,2,1,"","","","","","","","","","","","","","","","","","","","","","","","",60000,1,"","",3,1,4,1,"","","","","","","","","","","","","","","","","","","","","","","","","","","","","","","","","","","","","","","","","","","","","","","","","","","","","","","","","","","","","","","","","",""
"63263001","PUY-DE-DOME-MN",45.775,2.966667,1461,1965041315,"","","","",8.,1,330,1,"","","","","","","","","","","","","","","","","","","","","","","","","","","","",1.6,1,-3.2,1,"","","","","","","","","","","","","","","","","","","","","","","","","","",71,1,"","","","","","","","","","","","",4.8,1,"","","","","","","","",7,1,6,1,2,1,0,1,4,1,"","","","","","","","","","","","","","","","","","","","","","","","",70000,1,"","",1,1,2,1,"","","","","","","","","","","","","","","","","","","","","","","","","","","","","","","","","","","","","","","","","","","","","","","","","","","","","","","","","","","","","","","","","",""
"63263001","PUY-DE-DOME-MN",45.775,2.966667,1461,1965041318,"","","","",11.,1,330,1,"","","","","","","","","","","","","","","","","","","","","","","","","","","","",-0.8,1,-3.5,1,"","","","","","","","","","","","","","","","","","","","","","","","","","",82,1,"","","","","","","","","","","","",4.7,1,"","","","","","","","",5,1,5,1,4,1,0,1,2,1,"","","","","","","","","","","","","","","","","","","","","","","","",70000,1,"","",1,1,2,1,"","","","","","","","","","","","","","","","","","","","","","","","","","","","","","","","","","","","","","","","","","","","","","","","","","","","","","","","","","","","","","","","","",""
"63263001","PUY-DE-DOME-MN",45.775,2.966667,1461,1965041321,"","","","","","","","","","","","","","","","","","","","","","","","","","","","","","","","","","","","",-1.6,1,-2.7,1,"","","","","","","","","","","","","","","","","","","","","","","","","","",92,1,"","","","","","","","","","","","",5.,1,"","","","","","","","","","","","","","","","","","","","","","","","","","","","","","","","","","","","","","","","","","","","","","","","","","","","","","","","","","","","","","","","","","","","","","","","","","","","","","","","","","","","","","","","","","","","","","","","","","","","","","","","","","","","","","","","","","","",""
"63263001","PUY-DE-DOME-MN",45.775,2.966667,1461,1965041400,"","","","","","","","","","","","","","","","","","","","","","","","","","","","","","","","","","","","",-1.8,1,-1.8,1,"","","","","","","","","","","","","","","","","","","","","","","","","","",100,1,"","","","","","","","","","","","",5.3,1,"","","","","","","","","","","","","","","","","","","","","","","","","","","","","","","","","","","","","","","","","","","","","","","","","","","","","","","","","","","","","","","","","","","","","","","","","","","","","","","","","","","","","","","","","","","","","","","","","","","","","","","","","","","","","","","","","","","",""
"63263001","PUY-DE-DOME-MN",45.775,2.966667,1461,1965041403,"","","","","","","","","","","","","","","","","","","","","","","","","","","","","","","","","","","","",-2.1,1,-2.1,1,"","","","","","","","","","","","","","","","","","","","","","","","","","",100,1,"","","","","","","","","","","","",5.2,1,"","","","","","","","","","","","","","","","","","","","","","","","","","","","","","","","","","","","","","","","","","","","","","","","","","","","","","","","","","","","","","","","","","","","","","","","","","","","","","","","","","","","","","","","","","","","","","","","","","","","","","","","","","","","","","","","","","","",""
"63263001","PUY-DE-DOME-MN",45.775,2.966667,1461,1965041406,"","","","",10.,1,350,1,"","","","","","","","","","","","","","","","","","","","","","","","","","","","",-3.2,1,-4.6,1,"","","","","","","","","","","","","","","","","","","","","","","","","","",90,1,"","","","","","","","","","","","",4.3,1,"","","","","","","","",7,1,6,1,5,1,0,1,2,1,"","","","","","","","","","","","","","","","","","","","","","","","",40000,1,"","",3,1,4,1,"","",0,1,"","","","","","","","","","","","","","","","","","","","","","","","","","","","","","","","","","","","","","","","","","","","","","","","","","","","","","","","","","","","","",""
"63263001","PUY-DE-DOME-MN",45.775,2.966667,1461,1965041409,"","","","",11.,1,350,1,"","","","","","","","","","","","","","","","","","","","","","","","","","","","",-1.2,1,-4.9,1,"","","","","","","","","","","","","","","","","","","","","","","","","","",75,1,"","","","","","","","","","","","",4.2,1,"","","","","","","","",6,1,6,1,1,1,4,1,1,1,"","","","","","","","","","","","","","","","","","","","","","","","",40000,1,"","",3,1,2,1,"","","","","","","","","","","","","","","","","","","","","","","","","","","","","","","","","","","","","","","","","","","","","","","","","","","","","","","","","","","","","","","","","",""
"63263001","PUY-DE-DOME-MN",45.775,2.966667,1461,1965041412,"","","","",7.,1,350,1,"","","","","","","","","","","","","","","","","","","","","","","","","","","","",0.7,1,-3.2,1,"","","","","","","","","","","","","","","","","","","","","","","","","","",78,1,"","","","","","","","","","","","",4.8,1,"","","","","","","","",6,1,6,1,2,1,0,1,1,1,"","","","","","","","","","","","","","","","","","","","","","","","",50000,1,"","",2,1,2,1,"","","","","","","","","","","","","","","","","","","","","","","","","","","","","","","","","","","","","","","","","","","","","","","","","","","","","","","","","","","","","","","","","",""
"63263001","PUY-DE-DOME-MN",45.775,2.966667,1461,1965041415,"","","","",6.,1,350,1,"","","","","","","","","","","","","","","","","","","","","","","","","","","","",2.7,1,-4.3,1,"","","","","","","","","","","","","","","","","","","","","","","","","","",59,1,"","","","","","","","","","","","",4.4,1,"","","","","","","","",7,1,7,1,4,1,0,1,4,1,"","","","","","","","","","","","","","","","","","","","","","","","",40000,1,"","",3,1,2,1,"","","","","","","","","","","","","","","","","","","","","","","","","","","","","","","","","","","","","","","","","","","","","","","","","","","","","","","","","","","","","","","","","",""
"63263001","PUY-DE-DOME-MN",45.775,2.966667,1461,1965041418,"","","","",6.,1,350,1,"","","","","","","","","","","","","","","","","","","","","","","","","","","","",0.4,1,-2.9,1,"","","","","","","","","","","","","","","","","","","","","","","","","","",78,1,"","","","","","","","","","","","",4.9,1,"","","","","","","","",7,1,7,1,4,1,0,1,2,1,"","","","","","","","","","","","","","","","","","","","","","","","",40000,1,"","",2,1,2,1,"","","","","","","","","","","","","","","","","","","","","","","","","","","","","","","","","","","","","","","","","","","","","","","","","","","","","","","","","","","","","","","","","",""
"63263001","PUY-DE-DOME-MN",45.775,2.966667,1461,1965041421,"","","","","","","","","","","","","","","","","","","","","","","","","","","","","","","","","","","","",-0.5,1,-3.7,1,"","","","","","","","","","","","","","","","","","","","","","","","","","",83,1,"","","","","","","","","","","","",4.6,1,"","","","","","","","","","","","","","","","","","","","","","","","","","","","","","","","","","","","","","","","","","","","","","","","","","","","","","","","","","","","","","","","","","","","","","","","","","","","","","","","","","","","","","","","","","","","","","","","","","","","","","","","","","","","","","","","","","","",""
"63263001","PUY-DE-DOME-MN",45.775,2.966667,1461,1965041500,"","","","","","","","","","","","","","","","","","","","","","","","","","","","","","","","","","","","",-0.9,1,-2.4,1,"","","","","","","","","","","","","","","","","","","","","","","","","","",90,1,"","","","","","","","","","","","",5.1,1,"","","","","","","","","","","","","","","","","","","","","","","","","","","","","","","","","","","","","","","","","","","","","","","","","","","","","","","","","","","","","","","","","","","","","","","","","","","","","","","","","","","","","","","","","","","","","","","","","","","","","","","","","","","","","","","","","","","",""
"63263001","PUY-DE-DOME-MN",45.775,2.966667,1461,1965041503,"","","","","","","","","","","","","","","","","","","","","","","","","","","","","","","","","","","","",-1.3,1,-1.3,1,"","","","","","","","","","","","","","","","","","","","","","","","","","",100,1,"","","","","","","","","","","","",5.5,1,"","","","","","","","","","","","","","","","","","","","","","","","","","","","","","","","","","","","","","","","","","","","","","","","","","","","","","","","","","","","","","","","","","","","","","","","","","","","","","","","","","","","","","","","","","","","","","","","","","","","","","","","","","","","","","","","","","","",""
"63263001","PUY-DE-DOME-MN",45.775,2.966667,1461,1965041506,"","","","",14.,1,290,1,"","","","","","","","","","","","","","","","","","","","","","","","","","","","",-0.3,1,-0.3,1,"","","","","","","","","","","","","","","","","","","","","","","","","","",100,1,"","","","","","","","","","","","",6.,1,"","","","","","","","",9,1,"","","","","","","","","","","","","","","","","","","","","","","","","","","","","","","","",40,1,"","",49,1,4,1,"","",0,1,"","","","","","","","","","","","","","","","","","","","","","","","","","","","","","","","","","","","","","","","","","","","","","","","","","","","","","","","","","","","","",""
"63263001","PUY-DE-DOME-MN",45.775,2.966667,1461,1965041509,"","","","",15.,1,290,1,"","","","","","","","","","","","","","","","","","","","","","","","","","","","",0.5,1,0.5,1,"","","","","","","","","","","","","","","","","","","","","","","","","","",100,1,"","","","","","","","","","","","",6.3,1,"","","","","","","","",9,1,"","","","","","","","","","","","","","","","","","","","","","","","","","","","","","","","",40,1,"","",45,1,4,1,"","","","","","","","","","","","","","","","","","","","","","","","","","","","","","","","","","","","","","","","","","","","","","","","","","","","","","","","","","","","","","","","","",""
"63263001","PUY-DE-DOME-MN",45.775,2.966667,1461,1965041512,"","","","",18.,1,310,1,"","","","","","","","","","","","","","","","","","","","","","","","","","","","",2.7,1,2.7,1,"","","","","","","","","","","","","","","","","","","","","","","","","","",100,1,"","","","","","","","","","","","",7.4,1,"","","","","","","","",9,1,"","","","","","","","","","","","","","","","","","","","","","","","","","","","","","","","",40,1,"","",45,1,4,1,"","","","","","","","","","","","","","","","","","","","","","","","","","","","","","","","","","","","","","","","","","","","","","","","","","","","","","","","","","","","","","","","","",""
"63263001","PUY-DE-DOME-MN",45.775,2.966667,1461,1965041515,"","","","",19.,1,310,1,"","","","","","","","","","","","","","","","","","","","","","","","","","","","",3.8,1,3.8,1,"","","","","","","","","","","","","","","","","","","","","","","","","","",100,1,"","","","","","","","","","","","",8.,1,"","","","","","","","",9,1,"","","","","","","","","","","","","","","","","","","","","","","","","","","","","","","","",40,1,"","",45,1,4,1,"","","","","","","","","","","","","","","","","","","","","","","","","","","","","","","","","","","","","","","","","","","","","","","","","","","","","","","","","","","","","","","","","",""
"63263001","PUY-DE-DOME-MN",45.775,2.966667,1461,1965041518,"","","","",19.,1,310,1,"","","","","","","","","","","","","","","","","","","","","","","","","","","","",4.,1,4.,1,"","","","","","","","","","","","","","","","","","","","","","","","","","",100,1,"","","","","","","","","","","","",8.1,1,"","","","","","","","",8,1,8,1,"","","","","","","","","","","","","","","","","","","","","","","","","","","","","","",40,1,"","",61,1,6,1,"","","","","","","","","","","","","","","","","","","","","","","","","","","","","","","","","","","","","","","","","","","","","","","","","","","","","","","","","","","","","","","","","",""
"63263001","PUY-DE-DOME-MN",45.775,2.966667,1461,1965041521,"","","","","","","","","","","","","","","","","","","","","","","","","","","","","","","","","","","","",4.1,1,4.1,1,"","","","","","","","","","","","","","","","","","","","","","","","","","",100,1,"","","","","","","","","","","","",8.2,1,"","","","","","","","","","","","","","","","","","","","","","","","","","","","","","","","","","","","","","","","","","","","","","","","","","","","","","","","","","","","","","","","","","","","","","","","","","","","","","","","","","","","","","","","","","","","","","","","","","","","","","","","","","","","","","","","","","","",""
"63263001","PUY-DE-DOME-MN",45.775,2.966667,1461,1965041600,"","","","","","","","","","","","","","","","","","","","","","","","","","","","","","","","","","","","",4.1,1,4.1,1,"","","","","","","","","","","","","","","","","","","","","","","","","","",100,1,"","","","","","","","","","","","",8.2,1,"","","","","","","","","","","","","","","","","","","","","","","","","","","","","","","","","","","","","","","","","","","","","","","","","","","","","","","","","","","","","","","","","","","","","","","","","","","","","","","","","","","","","","","","","","","","","","","","","","","","","","","","","","","","","","","","","","","",""
"63263001","PUY-DE-DOME-MN",45.775,2.966667,1461,1965041603,"","","","","","","","","","","","","","","","","","","","","","","","","","","","","","","","","","","","",3.6,1,3.6,1,"","","","","","","","","","","","","","","","","","","","","","","","","","",100,1,"","","","","","","","","","","","",7.9,1,"","","","","","","","","","","","","","","","","","","","","","","","","","","","","","","","","","","","","","","","","","","","","","","","","","","","","","","","","","","","","","","","","","","","","","","","","","","","","","","","","","","","","","","","","","","","","","","","","","","","","","","","","","","","","","","","","","","",""
"63263001","PUY-DE-DOME-MN",45.775,2.966667,1461,1965041606,"","","","",19.,1,310,1,"","","","","","","","","","","","","","","","","","","","","","","","","","","","",2.1,1,2.1,1,"","","","","","","","","","","","","","","","","","","","","","","","","","",100,1,"","","","","","","","","","","","",7.1,1,"","","","","","","","",9,1,"","","","","","","","","","","","","","","","","","","","","","","","","","","","","","","","",40,1,"","",45,1,6,1,"","",0,1,"","","","","","","","","","","","","","","","","","","","","","","","","","","","","","","","","","","","","","","","","","","","","","","","","","","","","","","","","","","","","",""
"63263001","PUY-DE-DOME-MN",45.775,2.966667,1461,1965041609,"","","","",15.,1,310,1,"","","","","","","","","","","","","","","","","","","","","","","","","","","","",1.8,1,1.8,1,"","","","","","","","","","","","","","","","","","","","","","","","","","",100,1,"","","","","","","","","","","","",6.9,1,"","","","","","","","",8,1,8,1,"","","","","","","","","","","","","","","","","","","","","","","","","","","","","","",40,1,"","",51,1,5,1,"","","","","","","","","","","","","","","","","","","","","","","","","","","","","","","","","","","","","","","","","","","","","","","","","","","","","","","","","","","","","","","","","",""
"63263001","PUY-DE-DOME-MN",45.775,2.966667,1461,1965041612,"","","","",16.,1,310,1,"","","","","","","","","","","","","","","","","","","","","","","","","","","","",2.1,1,2.1,1,"","","","","","","","","","","","","","","","","","","","","","","","","","",100,1,"","","","","","","","","","","","",7.1,1,"","","","","","","","",8,1,8,1,"","","","","","","","","","","","","","","","","","","","","","","","","","","","","","",40,1,"","",51,1,5,1,"","","","","","","","","","","","","","","","","","","","","","","","","","","","","","","","","","","","","","","","","","","","","","","","","","","","","","","","","","","","","","","","","",""
"63263001","PUY-DE-DOME-MN",45.775,2.966667,1461,1965041615,"","","","",14.,1,310,1,"","","","","","","","","","","","","","","","","","","","","","","","","","","","",2.5,1,2.5,1,"","","","","","","","","","","","","","","","","","","","","","","","","","",100,1,"","","","","","","","","","","","",7.3,1,"","","","","","","","",8,1,8,1,"","","","","","","","","","","","","","","","","","","","","","","","","","","","","","",40,1,"","",53,1,5,1,"","","","","","","","","","","","","","","","","","","","","","","","","","","","","","","","","","","","","","","","","","","","","","","","","","","","","","","","","","","","","","","","","",""
"63263001","PUY-DE-DOME-MN",45.775,2.966667,1461,1965041618,"","","","",20.,1,310,1,"","","","","","","","","","","","","","","","","","","","","","","","","","","","",2.5,1,2.5,1,"","","","","","","","","","","","","","","","","","","","","","","","","","",100,1,"","","","","","","","","","","","",7.3,1,"","","","","","","","",9,1,"","","","","","","","","","","","","","","","","","","","","","","","","","","","","","","","",40,1,"","",45,1,5,1,"","","","","","","","","","","","","","","","","","","","","","","","","","","","","","","","","","","","","","","","","","","","","","","","","","","","","","","","","","","","","","","","","",""
"63263001","PUY-DE-DOME-MN",45.775,2.966667,1461,1965041621,"","","","","","","","","","","","","","","","","","","","","","","","","","","","","","","","","","","","",2.5,1,2.5,1,"","","","","","","","","","","","","","","","","","","","","","","","","","",100,1,"","","","","","","","","","","","",7.3,1,"","","","","","","","","","","","","","","","","","","","","","","","","","","","","","","","","","","","","","","","","","","","","","","","","","","","","","","","","","","","","","","","","","","","","","","","","","","","","","","","","","","","","","","","","","","","","","","","","","","","","","","","","","","","","","","","","","","",""
"63263001","PUY-DE-DOME-MN",45.775,2.966667,1461,1965041700,"","","","","","","","","","","","","","","","","","","","","","","","","","","","","","","","","","","","",2.5,1,2.5,1,"","","","","","","","","","","","","","","","","","","","","","","","","","",100,1,"","","","","","","","","","","","",7.3,1,"","","","","","","","","","","","","","","","","","","","","","","","","","","","","","","","","","","","","","","","","","","","","","","","","","","","","","","","","","","","","","","","","","","","","","","","","","","","","","","","","","","","","","","","","","","","","","","","","","","","","","","","","","","","","","","","","","","",""
"63263001","PUY-DE-DOME-MN",45.775,2.966667,1461,1965041703,"","","","","","","","","","","","","","","","","","","","","","","","","","","","","","","","","","","","",2.,1,2.,1,"","","","","","","","","","","","","","","","","","","","","","","","","","",100,1,"","","","","","","","","","","","",7.1,1,"","","","","","","","","","","","","","","","","","","","","","","","","","","","","","","","","","","","","","","","","","","","","","","","","","","","","","","","","","","","","","","","","","","","","","","","","","","","","","","","","","","","","","","","","","","","","","","","","","","","","","","","","","","","","","","","","","","",""
"63263001","PUY-DE-DOME-MN",45.775,2.966667,1461,1965041706,"","","","",19.,1,310,1,"","","","","","","","","","","","","","","","","","","","","","","","","","","","",1.6,1,1.6,1,"","","","","","","","","","","","","","","","","","","","","","","","","","",100,1,"","","","","","","","","","","","",6.8,1,"","","","","","","","",9,1,"","","","","","","","","","","","","","","","","","","","","","","","","","","","","","","","",40,1,"","",45,1,4,1,"","",0,1,"","","","","","","","","","","","","","","","","","","","","","","","","","","","","","","","","","","","","","","","","","","","","","","","","","","","","","","","","","","","","",""
"63263001","PUY-DE-DOME-MN",45.775,2.966667,1461,1965041709,"","","","",18.,1,310,1,"","","","","","","","","","","","","","","","","","","","","","","","","","","","",1.6,1,1.6,1,"","","","","","","","","","","","","","","","","","","","","","","","","","",100,1,"","","","","","","","","","","","",6.8,1,"","","","","","","","",9,1,"","","","","","","","","","","","","","","","","","","","","","","","","","","","","","","","",40,1,"","",45,1,4,1,"","","","","","","","","","","","","","","","","","","","","","","","","","","","","","","","","","","","","","","","","","","","","","","","","","","","","","","","","","","","","","","","","",""
"63263001","PUY-DE-DOME-MN",45.775,2.966667,1461,1965041712,"","","","",18.,1,290,1,"","","","","","","","","","","","","","","","","","","","","","","","","","","","",2.6,1,2.6,1,"","","","","","","","","","","","","","","","","","","","","","","","","","",100,1,"","","","","","","","","","","","",7.4,1,"","","","","","","","",9,1,"","","","","","","","","","","","","","","","","","","","","","","","","","","","","","","","",40,1,"","",45,1,4,1,"","","","","","","","","","","","","","","","","","","","","","","","","","","","","","","","","","","","","","","","","","","","","","","","","","","","","","","","","","","","","","","","","",""
"63263001","PUY-DE-DOME-MN",45.775,2.966667,1461,1965041715,"","","","",20.,1,290,1,"","","","","","","","","","","","","","","","","","","","","","","","","","","","",2.4,1,2.4,1,"","","","","","","","","","","","","","","","","","","","","","","","","","",100,1,"","","","","","","","","","","","",7.3,1,"","","","","","","","",8,1,8,1,"","","","","","","","","","","","","","","","","","","","","","","","","","","","","","",40,1,"","",61,1,6,1,"","","","","","","","","","","","","","","","","","","","","","","","","","","","","","","","","","","","","","","","","","","","","","","","","","","","","","","","","","","","","","","","","",""
"63263001","PUY-DE-DOME-MN",45.775,2.966667,1461,1965041718,"","","","",21.,1,290,1,"","","","","","","","","","","","","","","","","","","","","","","","","","","","",2.8,1,2.8,1,"","","","","","","","","","","","","","","","","","","","","","","","","","",100,1,"","","","","","","","","","","","",7.5,1,"","","","","","","","",8,1,8,1,"","","","","","","","","","","","","","","","","","","","","","","","","","","","","","",40,1,"","",61,1,6,1,"","","","","","","","","","","","","","","","","","","","","","","","","","","","","","","","","","","","","","","","","","","","","","","","","","","","","","","","","","","","","","","","","",""
"63263001","PUY-DE-DOME-MN",45.775,2.966667,1461,1965041721,"","","","","","","","","","","","","","","","","","","","","","","","","","","","","","","","","","","","",1.9,1,1.9,1,"","","","","","","","","","","","","","","","","","","","","","","","","","",100,1,"","","","","","","","","","","","",7.,1,"","","","","","","","","","","","","","","","","","","","","","","","","","","","","","","","","","","","","","","","","","","","","","","","","","","","","","","","","","","","","","","","","","","","","","","","","","","","","","","","","","","","","","","","","","","","","","","","","","","","","","","","","","","","","","","","","","","",""
"63263001","PUY-DE-DOME-MN",45.775,2.966667,1461,1965041800,"","","","","","","","","","","","","","","","","","","","","","","","","","","","","","","","","","","","",1.7,1,1.7,1,"","","","","","","","","","","","","","","","","","","","","","","","","","",100,1,"","","","","","","","","","","","",6.9,1,"","","","","","","","","","","","","","","","","","","","","","","","","","","","","","","","","","","","","","","","","","","","","","","","","","","","","","","","","","","","","","","","","","","","","","","","","","","","","","","","","","","","","","","","","","","","","","","","","","","","","","","","","","","","","","","","","","","",""
"63263001","PUY-DE-DOME-MN",45.775,2.966667,1461,1965041803,"","","","","","","","","","","","","","","","","","","","","","","","","","","","","","","","","","","","",-1.2,1,-1.2,1,"","","","","","","","","","","","","","","","","","","","","","","","","","",100,1,"","","","","","","","","","","","",5.6,1,"","","","","","","","","","","","","","","","","","","","","","","","","","","","","","","","","","","","","","","","","","","","","","","","","","","","","","","","","","","","","","","","","","","","","","","","","","","","","","","","","","","","","","","","","","","","","","","","","","","","","","","","","","","","","","","","","","","",""
"63263001","PUY-DE-DOME-MN",45.775,2.966667,1461,1965041806,"","","","",16.,1,310,1,"","","","","","","","","","","","","","","","","","","","","","","","","","","","",-2.1,1,-2.1,1,"","","","","","","","","","","","","","","","","","","","","","","","","","",100,1,"","","","","","","","","","","","",5.2,1,"","","","","","","","",8,1,8,1,"","","","","","","","","","","","","","","","","","","","","","","","","","","","","","",40,1,"","",87,1,4,1,"","",0,1,"","","","","","","","","","","","","","","","","","","","","","","","","","","","","","","","","","","","","","","","","","","","","","","","","","","","","","","","","","","","","",""
"63263001","PUY-DE-DOME-MN",45.775,2.966667,1461,1965041809,"","","","",14.,1,310,1,"","","","","","","","","","","","","","","","","","","","","","","","","","","","",-1.8,1,-1.8,1,"","","","","","","","","","","","","","","","","","","","","","","","","","",100,1,"","","","","","","","","","","","",5.3,1,"","","","","","","","",9,1,"","","","","","","","","","","","","","","","","","","","","","","","","","","","","","","","",40,1,"","",49,1,8,1,"","","","","","","","","","","","","","","","","","","","","","","","","","","","","","","","","","","","","","","","","","","","","","","","","","","","","","","","","","","","","","","","","",""
"63263001","PUY-DE-DOME-MN",45.775,2.966667,1461,1965041812,"","","","",12.,1,310,1,"","","","","","","","","","","","","","","","","","","","","","","","","","","","",-1.,1,-1.,1,"","","","","","","","","","","","","","","","","","","","","","","","","","",100,1,"","","","","","","","","","","","",5.7,1,"","","","","","","","",9,1,"","","","","","","","","","","","","","","","","","","","","","","","","","","","","","","","",40,1,"","",49,1,8,1,"","","","","","","","","","","","","","","","","","","","","","","","","","","","","","","","","","","","","","","","","","","","","","","","","","","","","","","","","","","","","","","","","",""
"63263001","PUY-DE-DOME-MN",45.775,2.966667,1461,1965041815,"","","","",18.,1,310,1,"","","","","","","","","","","","","","","","","","","","","","","","","","","","",-1.9,1,-4.,1,"","","","","","","","","","","","","","","","","","","","","","","","","","",85,1,"","","","","","","","","","","","",4.5,1,"","","","","","","","",7,1,7,1,2,1,"","","","","","","","","","","","","","","","","","","","","","","","","","","","",20000,1,"","",87,1,4,1,"","","","","","","","","","","","","","","","","","","","","","","","","","","","","","","","","","","","","","","","","","","","","","","","","","","","","","","","","","","","","","","","","",""
"63263001","PUY-DE-DOME-MN",45.775,2.966667,1461,1965041818,"","","","",15.,1,310,1,"","","","","","","","","","","","","","","","","","","","","","","","","","","","",-2.,1,-4.9,1,"","","","","","","","","","","","","","","","","","","","","","","","","","",79,1,"","","","","","","","","","","","",4.2,1,"","","","","","","","",7,1,7,1,2,1,"","","","","","","","","","","","","","","","","","","","","","","","","","","","",30000,1,"","",2,1,8,1,"","","","","","","","","","","","","","","","","","","","","","","","","","","","","","","","","","","","","","","","","","","","","","","","","","","","","","","","","","","","","","","","","",""
"63263001","PUY-DE-DOME-MN",45.775,2.966667,1461,1965041821,"","","","","","","","","","","","","","","","","","","","","","","","","","","","","","","","","","","","",-2.,1,-2.,1,"","","","","","","","","","","","","","","","","","","","","","","","","","",100,1,"","","","","","","","","","","","",5.3,1,"","","","","","","","","","","","","","","","","","","","","","","","","","","","","","","","","","","","","","","","","","","","","","","","","","","","","","","","","","","","","","","","","","","","","","","","","","","","","","","","","","","","","","","","","","","","","","","","","","","","","","","","","","","","","","","","","","","",""
"63263001","PUY-DE-DOME-MN",45.775,2.966667,1461,1965041900,"","","","","","","","","","","","","","","","","","","","","","","","","","","","","","","","","","","","",-2.2,1,-2.2,1,"","","","","","","","","","","","","","","","","","","","","","","","","","",100,1,"","","","","","","","","","","","",5.2,1,"","","","","","","","","","","","","","","","","","","","","","","","","","","","","","","","","","","","","","","","","","","","","","","","","","","","","","","","","","","","","","","","","","","","","","","","","","","","","","","","","","","","","","","","","","","","","","","","","","","","","","","","","","","","","","","","","","","",""
"63263001","PUY-DE-DOME-MN",45.775,2.966667,1461,1965041903,"","","","","","","","","","","","","","","","","","","","","","","","","","","","","","","","","","","","",-2.3,1,-2.3,1,"","","","","","","","","","","","","","","","","","","","","","","","","","",100,1,"","","","","","","","","","","","",5.1,1,"","","","","","","","","","","","","","","","","","","","","","","","","","","","","","","","","","","","","","","","","","","","","","","","","","","","","","","","","","","","","","","","","","","","","","","","","","","","","","","","","","","","","","","","","","","","","","","","","","","","","","","","","","","","","","","","","","","",""
"63263001","PUY-DE-DOME-MN",45.775,2.966667,1461,1965041906,"","","","",18.,1,310,1,"","","","","","","","","","","","","","","","","","","","","","","","","","","","",-2.6,1,-2.6,1,"","","","","","","","","","","","","","","","","","","","","","","","","","",100,1,"","","","","","","","","","","","",5.,1,"","","","","","","","",9,1,"","","","","","","","","","","","","","","","","","","","","","","","","","","","","","","","",40,1,"","",49,1,7,1,"","",0,1,"","","","","","","","","","","","","","","","","","","","","","","","","","","","","","","","","","","","","","","","","","","","","","","","","","","","","","","","","","","","","",""
"63263001","PUY-DE-DOME-MN",45.775,2.966667,1461,1965041909,"","","","",18.,1,310,1,"","","","","","","","","","","","","","","","","","","","","","","","","","","","",-2.3,1,-2.3,1,"","","","","","","","","","","","","","","","","","","","","","","","","","",100,1,"","","","","","","","","","","","",5.1,1,"","","","","","","","",8,1,8,1,"","","","","","","","","","","","","","","","","","","","","","","","","","","","","","",40,1,"","",71,1,4,1,"","","","","","","","","","","","","","","","","","","","","","","","","","","","","","","","","","","","","","","","","","","","","","","","","","","","","","","","","","","","","","","","","",""
"63263001","PUY-DE-DOME-MN",45.775,2.966667,1461,1965041912,"","","","",19.,1,310,1,"","","","","","","","","","","","","","","","","","","","","","","","","","","","",-2.5,1,-2.5,1,"","","","","","","","","","","","","","","","","","","","","","","","","","",100,1,"","","","","","","","","","","","",5.1,1,"","","","","","","","",8,1,8,1,"","","","","","","","","","","","","","","","","","","","","","","","","","","","","","",40,1,"","",71,1,7,1,"","","","","","","","","","","","","","","","","","","","","","","","","","","","","","","","","","","","","","","","","","","","","","","","","","","","","","","","","","","","","","","","","",""
"63263001","PUY-DE-DOME-MN",45.775,2.966667,1461,1965041915,"","","","",20.,1,310,1,"","","","","","","","","","","","","","","","","","","","","","","","","","","","",-3.8,1,-3.8,1,"","","","","","","","","","","","","","","","","","","","","","","","","","",100,1,"","","","","","","","","","","","",4.6,1,"","","","","","","","",9,1,"","","","","","","","","","","","","","","","","","","","","","","","","","","","","","","","",40,1,"","",49,1,9,1,"","","","","","","","","","","","","","","","","","","","","","","","","","","","","","","","","","","","","","","","","","","","","","","","","","","","","","","","","","","","","","","","","",""
"63263001","PUY-DE-DOME-MN",45.775,2.966667,1461,1965041918,"","","","",22.,1,310,1,"","","","","","","","","","","","","","","","","","","","","","","","","","","","",-5.,1,-5.,1,"","","","","","","","","","","","","","","","","","","","","","","","","","",100,1,"","","","","","","","","","","","",4.2,1,"","","","","","","","",8,1,8,1,"","","","","","","","","","","","","","","","","","","","","","","","","","","","","","",40,1,"","",87,1,9,1,"","","","","","","","","","","","","","","","","","","","","","","","","","","","","","","","","","","","","","","","","","","","","","","","","","","","","","","","","","","","","","","","","",""
"63263001","PUY-DE-DOME-MN",45.775,2.966667,1461,1965041921,"","","","","","","","","","","","","","","","","","","","","","","","","","","","","","","","","","","","",-5.1,1,-5.1,1,"","","","","","","","","","","","","","","","","","","","","","","","","","",100,1,"","","","","","","","","","","","",4.2,1,"","","","","","","","","","","","","","","","","","","","","","","","","","","","","","","","","","","","","","","","","","","","","","","","","","","","","","","","","","","","","","","","","","","","","","","","","","","","","","","","","","","","","","","","","","","","","","","","","","","","","","","","","","","","","","","","","","","",""
"63263001","PUY-DE-DOME-MN",45.775,2.966667,1461,1965042000,"","","","","","","","","","","","","","","","","","","","","","","","","","","","","","","","","","","","",-5.5,1,-5.5,1,"","","","","","","","","","","","","","","","","","","","","","","","","","",100,1,"","","","","","","","","","","","",4.,1,"","","","","","","","","","","","","","","","","","","","","","","","","","","","","","","","","","","","","","","","","","","","","","","","","","","","","","","","","","","","","","","","","","","","","","","","","","","","","","","","","","","","","","","","","","","","","","","","","","","","","","","","","","","","","","","","","","","",""
"63263001","PUY-DE-DOME-MN",45.775,2.966667,1461,1965042003,"","","","","","","","","","","","","","","","","","","","","","","","","","","","","","","","","","","","",-6.1,1,-6.1,1,"","","","","","","","","","","","","","","","","","","","","","","","","","",100,1,"","","","","","","","","","","","",3.9,1,"","","","","","","","","","","","","","","","","","","","","","","","","","","","","","","","","","","","","","","","","","","","","","","","","","","","","","","","","","","","","","","","","","","","","","","","","","","","","","","","","","","","","","","","","","","","","","","","","","","","","","","","","","","","","","","","","","","",""
"63263001","PUY-DE-DOME-MN",45.775,2.966667,1461,1965042006,"","","","",21.,1,350,1,"","","","","","","","","","","","","","","","","","","","","","","","","","","","",-6.,1,-6.,1,"","","","","","","","","","","","","","","","","","","","","","","","","","",100,1,"","","","","","","","","","","","",3.9,1,"","","","","","","","",8,1,8,1,"","","","","","","","","","","","","","","","","","","","","","","","","","","","","","",40,1,"","",71,1,7,1,"","",0,1,"","","","","","","","","","","","","","","","","","","","","","","","","","","","","","","","","","","","","","","","","","","","","","","","","","","","","","","","","","","","","",""
"63263001","PUY-DE-DOME-MN",45.775,2.966667,1461,1965042009,"","","","",22.,1,350,1,"","","","","","","","","","","","","","","","","","","","","","","","","","","","",-5.2,1,-5.2,1,"","","","","","","","","","","","","","","","","","","","","","","","","","",100,1,"","","","","","","","","","","","",4.1,1,"","","","","","","","",9,1,"","","","","","","","","","","","","","","","","","","","","","","","","","","","","","","","",40,1,"","",49,1,7,1,"","","","","","","","","","","","","","","","","","","","","","","","","","","","","","","","","","","","","","","","","","","","","","","","","","","","","","","","","","","","","","","","","",""
"63263001","PUY-DE-DOME-MN",45.775,2.966667,1461,1965042012,"","","","",21.,1,350,1,"","","","","","","","","","","","","","","","","","","","","","","","","","","","",-4.7,1,-4.7,1,"","","","","","","","","","","","","","","","","","","","","","","","","","",100,1,"","","","","","","","","","","","",4.3,1,"","","","","","","","",9,1,"","","","","","","","","","","","","","","","","","","","","","","","","","","","","","","","",40,1,"","",49,1,8,1,"","","","","","","","","","","","","","","","","","","","","","","","","","","","","","","","","","","","","","","","","","","","","","","","","","","","","","","","","","","","","","","","","",""
"63263001","PUY-DE-DOME-MN",45.775,2.966667,1461,1965042015,"","","","",20.,1,350,1,"","","","","","","","","","","","","","","","","","","","","","","","","","","","",-4.7,1,-4.7,1,"","","","","","","","","","","","","","","","","","","","","","","","","","",100,1,"","","","","","","","","","","","",4.3,1,"","","","","","","","",9,1,"","","","","","","","","","","","","","","","","","","","","","","","","","","","","","","","",40,1,"","",49,1,4,1,"","","","","","","","","","","","","","","","","","","","","","","","","","","","","","","","","","","","","","","","","","","","","","","","","","","","","","","","","","","","","","","","","",""
"63263001","PUY-DE-DOME-MN",45.775,2.966667,1461,1965042018,"","","","",18.,1,350,1,"","","","","","","","","","","","","","","","","","","","","","","","","","","","",-5.7,1,-5.7,1,"","","","","","","","","","","","","","","","","","","","","","","","","","",100,1,"","","","","","","","","","","","",4.,1,"","","","","","","","",9,1,"","","","","","","","","","","","","","","","","","","","","","","","","","","","","","","","",40,1,"","",49,1,8,1,"","","","","","","","","","","","","","","","","","","","","","","","","","","","","","","","","","","","","","","","","","","","","","","","","","","","","","","","","","","","","","","","","",""
"63263001","PUY-DE-DOME-MN",45.775,2.966667,1461,1965042021,"","","","","","","","","","","","","","","","","","","","","","","","","","","","","","","","","","","","",-4.8,1,-4.8,1,"","","","","","","","","","","","","","","","","","","","","","","","","","",100,1,"","","","","","","","","","","","",4.3,1,"","","","","","","","","","","","","","","","","","","","","","","","","","","","","","","","","","","","","","","","","","","","","","","","","","","","","","","","","","","","","","","","","","","","","","","","","","","","","","","","","","","","","","","","","","","","","","","","","","","","","","","","","","","","","","","","","","","",""
"63263001","PUY-DE-DOME-MN",45.775,2.966667,1461,1965042100,"","","","","","","","","","","","","","","","","","","","","","","","","","","","","","","","","","","","",-4.6,1,-4.6,1,"","","","","","","","","","","","","","","","","","","","","","","","","","",100,1,"","","","","","","","","","","","",4.3,1,"","","","","","","","","","","","","","","","","","","","","","","","","","","","","","","","","","","","","","","","","","","","","","","","","","","","","","","","","","","","","","","","","","","","","","","","","","","","","","","","","","","","","","","","","","","","","","","","","","","","","","","","","","","","","","","","","","","",""
"63263001","PUY-DE-DOME-MN",45.775,2.966667,1461,1965042103,"","","","","","","","","","","","","","","","","","","","","","","","","","","","","","","","","","","","",-4.4,1,-4.4,1,"","","","","","","","","","","","","","","","","","","","","","","","","","",100,1,"","","","","","","","","","","","",4.4,1,"","","","","","","","","","","","","","","","","","","","","","","","","","","","","","","","","","","","","","","","","","","","","","","","","","","","","","","","","","","","","","","","","","","","","","","","","","","","","","","","","","","","","","","","","","","","","","","","","","","","","","","","","","","","","","","","","","","",""
"63263001","PUY-DE-DOME-MN",45.775,2.966667,1461,1965042106,"","","","",18.,1,350,1,"","","","","","","","","","","","","","","","","","","","","","","","","","","","",-4.,1,-4.,1,"","","","","","","","","","","","","","","","","","","","","","","","","","",100,1,"","","","","","","","","","","","",4.5,1,"","","","","","","","",9,1,"","","","","","","","","","","","","","","","","","","","","","","","","","","","","","","","",40,1,"","",49,1,7,1,"","",0,1,"","","","","","","","","","","","","","","","","","","","","","","","","","","","","","","","","","","","","","","","","","","","","","","","","","","","","","","","","","","","","",""
"63263001","PUY-DE-DOME-MN",45.775,2.966667,1461,1965042109,"","","","",16.,1,350,1,"","","","","","","","","","","","","","","","","","","","","","","","","","","","",-3.2,1,-3.2,1,"","","","","","","","","","","","","","","","","","","","","","","","","","",100,1,"","","","","","","","","","","","",4.8,1,"","","","","","","","",8,1,8,1,"","","","","","","","","","","","","","","","","","","","","","","","","","","","","","",40,1,"","",87,1,8,1,"","","","","","","","","","","","","","","","","","","","","","","","","","","","","","","","","","","","","","","","","","","","","","","","","","","","","","","","","","","","","","","","","",""
"63263001","PUY-DE-DOME-MN",45.775,2.966667,1461,1965042112,"","","","",19.,1,30,1,"","","","","","","","","","","","","","","","","","","","","","","","","","","","",-2.8,1,-2.8,1,"","","","","","","","","","","","","","","","","","","","","","","","","","",100,1,"","","","","","","","","","","","",4.9,1,"","","","","","","","",9,1,"","","","","","","","","","","","","","","","","","","","","","","","","","","","","","","","",40,1,"","",49,1,8,1,"","","","","","","","","","","","","","","","","","","","","","","","","","","","","","","","","","","","","","","","","","","","","","","","","","","","","","","","","","","","","","","","","",""
"63263001","PUY-DE-DOME-MN",45.775,2.966667,1461,1965042115,"","","","",17.,1,30,1,"","","","","","","","","","","","","","","","","","","","","","","","","","","","",-2.8,1,-2.8,1,"","","","","","","","","","","","","","","","","","","","","","","","","","",100,1,"","","","","","","","","","","","",4.9,1,"","","","","","","","",8,1,8,1,"","","","","","","","","","","","","","","","","","","","","","","","","","","","","","",40,1,"","",87,1,8,1,"","","","","","","","","","","","","","","","","","","","","","","","","","","","","","","","","","","","","","","","","","","","","","","","","","","","","","","","","","","","","","","","","",""
"63263001","PUY-DE-DOME-MN",45.775,2.966667,1461,1965042118,"","","","",17.,1,50,1,"","","","","","","","","","","","","","","","","","","","","","","","","","","","",-3.,1,-3.,1,"","","","","","","","","","","","","","","","","","","","","","","","","","",100,1,"","","","","","","","","","","","",4.9,1,"","","","","","","","",9,1,"","","","","","","","","","","","","","","","","","","","","","","","","","","","","","","","",40,1,"","",49,1,8,1,"","","","","","","","","","","","","","","","","","","","","","","","","","","","","","","","","","","","","","","","","","","","","","","","","","","","","","","","","","","","","","","","","",""
"63263001","PUY-DE-DOME-MN",45.775,2.966667,1461,1965042121,"","","","","","","","","","","","","","","","","","","","","","","","","","","","","","","","","","","","",-3.,1,-3.,1,"","","","","","","","","","","","","","","","","","","","","","","","","","",100,1,"","","","","","","","","","","","",4.9,1,"","","","","","","","","","","","","","","","","","","","","","","","","","","","","","","","","","","","","","","","","","","","","","","","","","","","","","","","","","","","","","","","","","","","","","","","","","","","","","","","","","","","","","","","","","","","","","","","","","","","","","","","","","","","","","","","","","","",""
"63263001","PUY-DE-DOME-MN",45.775,2.966667,1461,1965042200,"","","","","","","","","","","","","","","","","","","","","","","","","","","","","","","","","","","","",-3.3,1,-3.3,1,"","","","","","","","","","","","","","","","","","","","","","","","","","",100,1,"","","","","","","","","","","","",4.8,1,"","","","","","","","","","","","","","","","","","","","","","","","","","","","","","","","","","","","","","","","","","","","","","","","","","","","","","","","","","","","","","","","","","","","","","","","","","","","","","","","","","","","","","","","","","","","","","","","","","","","","","","","","","","","","","","","","","","",""
"63263001","PUY-DE-DOME-MN",45.775,2.966667,1461,1965042203,"","","","","","","","","","","","","","","","","","","","","","","","","","","","","","","","","","","","",-3.9,1,-3.9,1,"","","","","","","","","","","","","","","","","","","","","","","","","","",100,1,"","","","","","","","","","","","",4.6,1,"","","","","","","","","","","","","","","","","","","","","","","","","","","","","","","","","","","","","","","","","","","","","","","","","","","","","","","","","","","","","","","","","","","","","","","","","","","","","","","","","","","","","","","","","","","","","","","","","","","","","","","","","","","","","","","","","","","",""
"63263001","PUY-DE-DOME-MN",45.775,2.966667,1461,1965042206,"","","","",16.,1,50,1,"","","","","","","","","","","","","","","","","","","","","","","","","","","","",-4.2,1,-4.2,1,"","","","","","","","","","","","","","","","","","","","","","","","","","",100,1,"","","","","","","","","","","","",4.5,1,"","","","","","","","",9,1,"","","","","","","","","","","","","","","","","","","","","","","","","","","","","","","","",40,1,"","",49,1,7,1,"","",0,1,"","","","","","","","","","","","","","","","","","","","","","","","","","","","","","","","","","","","","","","","","","","","","","","","","","","","","","","","","","","","","",""
"63263001","PUY-DE-DOME-MN",45.775,2.966667,1461,1965042209,"","","","",16.,1,350,1,"","","","","","","","","","","","","","","","","","","","","","","","","","","","",-3.1,1,-3.1,1,"","","","","","","","","","","","","","","","","","","","","","","","","","",100,1,"","","","","","","","","","","","",4.8,1,"","","","","","","","",9,1,"","","","","","","","","","","","","","","","","","","","","","","","","","","","","","","","",40,1,"","",49,1,4,1,"","","","","","","","","","","","","","","","","","","","","","","","","","","","","","","","","","","","","","","","","","","","","","","","","","","","","","","","","","","","","","","","","",""
"63263001","PUY-DE-DOME-MN",45.775,2.966667,1461,1965042212,"","","","",11.,1,350,1,"","","","","","","","","","","","","","","","","","","","","","","","","","","","",-1.9,1,-1.9,1,"","","","","","","","","","","","","","","","","","","","","","","","","","",100,1,"","","","","","","","","","","","",5.3,1,"","","","","","","","",9,1,"","","","","","","","","","","","","","","","","","","","","","","","","","","","","","","","",40,1,"","",49,1,4,1,"","","","","","","","","","","","","","","","","","","","","","","","","","","","","","","","","","","","","","","","","","","","","","","","","","","","","","","","","","","","","","","","","",""
"63263001","PUY-DE-DOME-MN",45.775,2.966667,1461,1965042215,"","","","",11.,1,350,1,"","","","","","","","","","","","","","","","","","","","","","","","","","","","",-1.5,1,-1.5,1,"","","","","","","","","","","","","","","","","","","","","","","","","","",100,1,"","","","","","","","","","","","",5.5,1,"","","","","","","","",9,1,"","","","","","","","","","","","","","","","","","","","","","","","","","","","","","","","",40,1,"","",49,1,4,1,"","","","","","","","","","","","","","","","","","","","","","","","","","","","","","","","","","","","","","","","","","","","","","","","","","","","","","","","","","","","","","","","","",""
"63263001","PUY-DE-DOME-MN",45.775,2.966667,1461,1965042218,"","","","",14.,1,350,1,"","","","","","","","","","","","","","","","","","","","","","","","","","","","",-1.7,1,-1.7,1,"","","","","","","","","","","","","","","","","","","","","","","","","","",100,1,"","","","","","","","","","","","",5.4,1,"","","","","","","","",9,1,"","","","","","","","","","","","","","","","","","","","","","","","","","","","","","","","",40,1,"","",49,1,4,1,"","","","","","","","","","","","","","","","","","","","","","","","","","","","","","","","","","","","","","","","","","","","","","","","","","","","","","","","","","","","","","","","","",""
"63263001","PUY-DE-DOME-MN",45.775,2.966667,1461,1965042221,"","","","","","","","","","","","","","","","","","","","","","","","","","","","","","","","","","","","",-1.7,1,-1.7,1,"","","","","","","","","","","","","","","","","","","","","","","","","","",100,1,"","","","","","","","","","","","",5.4,1,"","","","","","","","","","","","","","","","","","","","","","","","","","","","","","","","","","","","","","","","","","","","","","","","","","","","","","","","","","","","","","","","","","","","","","","","","","","","","","","","","","","","","","","","","","","","","","","","","","","","","","","","","","","","","","","","","","","",""
"63263001","PUY-DE-DOME-MN",45.775,2.966667,1461,1965042300,"","","","","","","","","","","","","","","","","","","","","","","","","","","","","","","","","","","","",-1.5,1,-1.5,1,"","","","","","","","","","","","","","","","","","","","","","","","","","",100,1,"","","","","","","","","","","","",5.5,1,"","","","","","","","","","","","","","","","","","","","","","","","","","","","","","","","","","","","","","","","","","","","","","","","","","","","","","","","","","","","","","","","","","","","","","","","","","","","","","","","","","","","","","","","","","","","","","","","","","","","","","","","","","","","","","","","","","","",""
"63263001","PUY-DE-DOME-MN",45.775,2.966667,1461,1965042303,"","","","","","","","","","","","","","","","","","","","","","","","","","","","","","","","","","","","",-1.3,1,-1.3,1,"","","","","","","","","","","","","","","","","","","","","","","","","","",100,1,"","","","","","","","","","","","",5.5,1,"","","","","","","","","","","","","","","","","","","","","","","","","","","","","","","","","","","","","","","","","","","","","","","","","","","","","","","","","","","","","","","","","","","","","","","","","","","","","","","","","","","","","","","","","","","","","","","","","","","","","","","","","","","","","","","","","","","",""
"63263001","PUY-DE-DOME-MN",45.775,2.966667,1461,1965042306,"","","","",12.,1,350,1,"","","","","","","","","","","","","","","","","","","","","","","","","","","","",-1.2,1,-1.2,1,"","","","","","","","","","","","","","","","","","","","","","","","","","",100,1,"","","","","","","","","","","","",5.6,1,"","","","","","","","",9,1,"","","","","","","","","","","","","","","","","","","","","","","","","","","","","","","","",40,1,"","",49,1,8,1,"","",0,1,"","","","","","","","","","","","","","","","","","","","","","","","","","","","","","","","","","","","","","","","","","","","","","","","","","","","","","","","","","","","","",""
"63263001","PUY-DE-DOME-MN",45.775,2.966667,1461,1965042309,"","","","",13.,1,350,1,"","","","","","","","","","","","","","","","","","","","","","","","","","","","",-0.6,1,-0.6,1,"","","","","","","","","","","","","","","","","","","","","","","","","","",100,1,"","","","","","","","","","","","",5.8,1,"","","","","","","","",9,1,"","","","","","","","","","","","","","","","","","","","","","","","","","","","","","","","",40,1,"","",49,1,4,1,"","","","","","","","","","","","","","","","","","","","","","","","","","","","","","","","","","","","","","","","","","","","","","","","","","","","","","","","","","","","","","","","","",""
"63263001","PUY-DE-DOME-MN",45.775,2.966667,1461,1965042312,"","","","",12.,1,350,1,"","","","","","","","","","","","","","","","","","","","","","","","","","","","",0.,1,0.,1,"","","","","","","","","","","","","","","","","","","","","","","","","","",100,1,"","","","","","","","","","","","",6.1,1,"","","","","","","","",9,1,"","","","","","","","","","","","","","","","","","","","","","","","","","","","","","","","",40,1,"","",45,1,8,1,"","","","","","","","","","","","","","","","","","","","","","","","","","","","","","","","","","","","","","","","","","","","","","","","","","","","","","","","","","","","","","","","","",""
"63263001","PUY-DE-DOME-MN",45.775,2.966667,1461,1965042315,"","","","",13.,1,350,1,"","","","","","","","","","","","","","","","","","","","","","","","","","","","",-0.3,1,-0.3,1,"","","","","","","","","","","","","","","","","","","","","","","","","","",100,1,"","","","","","","","","","","","",6.,1,"","","","","","","","",9,1,"","","","","","","","","","","","","","","","","","","","","","","","","","","","","","","","",40,1,"","",49,1,4,1,"","","","","","","","","","","","","","","","","","","","","","","","","","","","","","","","","","","","","","","","","","","","","","","","","","","","","","","","","","","","","","","","","",""
"63263001","PUY-DE-DOME-MN",45.775,2.966667,1461,1965042318,"","","","",13.,1,330,1,"","","","","","","","","","","","","","","","","","","","","","","","","","","","",-1.,1,-1.,1,"","","","","","","","","","","","","","","","","","","","","","","","","","",100,1,"","","","","","","","","","","","",5.7,1,"","","","","","","","",9,1,"","","","","","","","","","","","","","","","","","","","","","","","","","","","","","","","",100,1,"","",49,1,8,1,"","","","","","","","","","","","","","","","","","","","","","","","","","","","","","","","","","","","","","","","","","","","","","","","","","","","","","","","","","","","","","","","","",""
"63263001","PUY-DE-DOME-MN",45.775,2.966667,1461,1965042321,"","","","","","","","","","","","","","","","","","","","","","","","","","","","","","","","","","","","",-0.9,1,-0.9,1,"","","","","","","","","","","","","","","","","","","","","","","","","","",100,1,"","","","","","","","","","","","",5.7,1,"","","","","","","","","","","","","","","","","","","","","","","","","","","","","","","","","","","","","","","","","","","","","","","","","","","","","","","","","","","","","","","","","","","","","","","","","","","","","","","","","","","","","","","","","","","","","","","","","","","","","","","","","","","","","","","","","","","",""
"63263001","PUY-DE-DOME-MN",45.775,2.966667,1461,1965042400,"","","","","","","","","","","","","","","","","","","","","","","","","","","","","","","","","","","","",-0.9,1,-0.9,1,"","","","","","","","","","","","","","","","","","","","","","","","","","",100,1,"","","","","","","","","","","","",5.7,1,"","","","","","","","","","","","","","","","","","","","","","","","","","","","","","","","","","","","","","","","","","","","","","","","","","","","","","","","","","","","","","","","","","","","","","","","","","","","","","","","","","","","","","","","","","","","","","","","","","","","","","","","","","","","","","","","","","","",""
"63263001","PUY-DE-DOME-MN",45.775,2.966667,1461,1965042403,"","","","","","","","","","","","","","","","","","","","","","","","","","","","","","","","","","","","",-0.9,1,-0.9,1,"","","","","","","","","","","","","","","","","","","","","","","","","","",100,1,"","","","","","","","","","","","",5.7,1,"","","","","","","","","","","","","","","","","","","","","","","","","","","","","","","","","","","","","","","","","","","","","","","","","","","","","","","","","","","","","","","","","","","","","","","","","","","","","","","","","","","","","","","","","","","","","","","","","","","","","","","","","","","","","","","","","","","",""
"63263001","PUY-DE-DOME-MN",45.775,2.966667,1461,1965042406,"","","","",13.,1,310,1,"","","","","","","","","","","","","","","","","","","","","","","","","","","","",-0.6,1,-0.6,1,"","","","","","","","","","","","","","","","","","","","","","","","","","",100,1,"","","","","","","","","","","","",5.8,1,"","","","","","","","",9,1,"","","","","","","","","","","","","","","","","","","","","","","","","","","","","","","","",40,1,"","",49,1,7,1,"","",0,1,"","","","","","","","","","","","","","","","","","","","","","","","","","","","","","","","","","","","","","","","","","","","","","","","","","","","","","","","","","","","","",""
"63263001","PUY-DE-DOME-MN",45.775,2.966667,1461,1965042409,"","","","",11.,1,310,1,"","","","","","","","","","","","","","","","","","","","","","","","","","","","",-0.4,1,-0.4,1,"","","","","","","","","","","","","","","","","","","","","","","","","","",100,1,"","","","","","","","","","","","",5.9,1,"","","","","","","","",9,1,"","","","","","","","","","","","","","","","","","","","","","","","","","","","","","","","",40,1,"","",49,1,7,1,"","","","","","","","","","","","","","","","","","","","","","","","","","","","","","","","","","","","","","","","","","","","","","","","","","","","","","","","","","","","","","","","","",""
"63263001","PUY-DE-DOME-MN",45.775,2.966667,1461,1965042412,"","","","",14.,1,310,1,"","","","","","","","","","","","","","","","","","","","","","","","","","","","",-0.1,1,-0.1,1,"","","","","","","","","","","","","","","","","","","","","","","","","","",100,1,"","","","","","","","","","","","",6.1,1,"","","","","","","","",9,1,"","","","","","","","","","","","","","","","","","","","","","","","","","","","","","","","",40,1,"","",49,1,8,1,"","","","","","","","","","","","","","","","","","","","","","","","","","","","","","","","","","","","","","","","","","","","","","","","","","","","","","","","","","","","","","","","","",""
"63263001","PUY-DE-DOME-MN",45.775,2.966667,1461,1965042415,"","","","",14.,1,310,1,"","","","","","","","","","","","","","","","","","","","","","","","","","","","",0.,1,-1.2,1,"","","","","","","","","","","","","","","","","","","","","","","","","","",92,1,"","","","","","","","","","","","",5.6,1,"","","","","","","","",7,1,7,1,2,1,"","","","","","","","","","","","","","","","","","","","","","","","","","","","",30000,1,"","",28,1,8,1,"","","","","","","","","","","","","","","","","","","","","","","","","","","","","","","","","","","","","","","","","","","","","","","","","","","","","","","","","","","","","","","","","",""
"63263001","PUY-DE-DOME-MN",45.775,2.966667,1461,1965042418,"","","","",11.,1,310,1,"","","","","","","","","","","","","","","","","","","","","","","","","","","","",0.,1,0.,1,"","","","","","","","","","","","","","","","","","","","","","","","","","",100,1,"","","","","","","","","","","","",6.1,1,"","","","","","","","",9,1,"","","","","","","","","","","","","","","","","","","","","","","","","","","","","","","","",40,1,"","",47,1,8,1,"","","","","","","","","","","","","","","","","","","","","","","","","","","","","","","","","","","","","","","","","","","","","","","","","","","","","","","","","","","","","","","","","",""
"63263001","PUY-DE-DOME-MN",45.775,2.966667,1461,1965042421,"","","","","","","","","","","","","","","","","","","","","","","","","","","","","","","","","","","","",0.,1,0.,1,"","","","","","","","","","","","","","","","","","","","","","","","","","",100,1,"","","","","","","","","","","","",6.1,1,"","","","","","","","","","","","","","","","","","","","","","","","","","","","","","","","","","","","","","","","","","","","","","","","","","","","","","","","","","","","","","","","","","","","","","","","","","","","","","","","","","","","","","","","","","","","","","","","","","","","","","","","","","","","","","","","","","","",""
"63263001","PUY-DE-DOME-MN",45.775,2.966667,1461,1965042500,"","","","","","","","","","","","","","","","","","","","","","","","","","","","","","","","","","","","",0.,1,0.,1,"","","","","","","","","","","","","","","","","","","","","","","","","","",100,1,"","","","","","","","","","","","",6.1,1,"","","","","","","","","","","","","","","","","","","","","","","","","","","","","","","","","","","","","","","","","","","","","","","","","","","","","","","","","","","","","","","","","","","","","","","","","","","","","","","","","","","","","","","","","","","","","","","","","","","","","","","","","","","","","","","","","","","",""
"63263001","PUY-DE-DOME-MN",45.775,2.966667,1461,1965042503,"","","","","","","","","","","","","","","","","","","","","","","","","","","","","","","","","","","","",-1.,1,-1.,1,"","","","","","","","","","","","","","","","","","","","","","","","","","",100,1,"","","","","","","","","","","","",5.7,1,"","","","","","","","","","","","","","","","","","","","","","","","","","","","","","","","","","","","","","","","","","","","","","","","","","","","","","","","","","","","","","","","","","","","","","","","","","","","","","","","","","","","","","","","","","","","","","","","","","","","","","","","","","","","","","","","","","","",""
"63263001","PUY-DE-DOME-MN",45.775,2.966667,1461,1965042506,"","","","",16.,1,290,1,"","","","","","","","","","","","","","","","","","","","","","","","","","","","",-1.2,1,-1.2,1,"","","","","","","","","","","","","","","","","","","","","","","","","","",100,1,"","","","","","","","","","","","",5.6,1,"","","","","","","","",9,1,"","","","","","","","","","","","","","","","","","","","","","","","","","","","","","","","",40,1,"","",49,1,7,1,"","",0,1,"","","","","","","","","","","","","","","","","","","","","","","","","","","","","","","","","","","","","","","","","","","","","","","","","","","","","","","","","","","","","",""
"63263001","PUY-DE-DOME-MN",45.775,2.966667,1461,1965042509,"","","","",17.,1,290,1,"","","","","","","","","","","","","","","","","","","","","","","","","","","","",-0.2,1,-0.2,1,"","","","","","","","","","","","","","","","","","","","","","","","","","",100,1,"","","","","","","","","","","","",6.,1,"","","","","","","","",9,1,"","","","","","","","","","","","","","","","","","","","","","","","","","","","","","","","",40,1,"","",49,1,7,1,"","","","","","","","","","","","","","","","","","","","","","","","","","","","","","","","","","","","","","","","","","","","","","","","","","","","","","","","","","","","","","","","","",""
"63263001","PUY-DE-DOME-MN",45.775,2.966667,1461,1965042512,"","","","",18.,1,270,1,"","","","","","","","","","","","","","","","","","","","","","","","","","","","",0.2,1,0.2,1,"","","","","","","","","","","","","","","","","","","","","","","","","","",100,1,"","","","","","","","","","","","",6.2,1,"","","","","","","","",9,1,"","","","","","","","","","","","","","","","","","","","","","","","","","","","","","","","",40,1,"","",45,1,7,1,"","","","","","","","","","","","","","","","","","","","","","","","","","","","","","","","","","","","","","","","","","","","","","","","","","","","","","","","","","","","","","","","","",""
"63263001","PUY-DE-DOME-MN",45.775,2.966667,1461,1965042515,"","","","",15.,1,290,1,"","","","","","","","","","","","","","","","","","","","","","","","","","","","",1.8,1,1.8,1,"","","","","","","","","","","","","","","","","","","","","","","","","","",100,1,"","","","","","","","","","","","",6.9,1,"","","","","","","","",8,1,8,1,"","","","","","","","","","","","","","","","","","","","","","","","","","","","","","",40,1,"","",51,1,5,1,"","","","","","","","","","","","","","","","","","","","","","","","","","","","","","","","","","","","","","","","","","","","","","","","","","","","","","","","","","","","","","","","","",""
"63263001","PUY-DE-DOME-MN",45.775,2.966667,1461,1965042518,"","","","",16.,1,310,1,"","","","","","","","","","","","","","","","","","","","","","","","","","","","",1.8,1,1.8,1,"","","","","","","","","","","","","","","","","","","","","","","","","","",100,1,"","","","","","","","","","","","",6.9,1,"","","","","","","","",8,1,8,1,"","","","","","","","","","","","","","","","","","","","","","","","","","","","","","",40,1,"","",61,1,5,1,"","","","","","","","","","","","","","","","","","","","","","","","","","","","","","","","","","","","","","","","","","","","","","","","","","","","","","","","","","","","","","","","","",""
"63263001","PUY-DE-DOME-MN",45.775,2.966667,1461,1965042521,"","","","","","","","","","","","","","","","","","","","","","","","","","","","","","","","","","","","",1.7,1,1.7,1,"","","","","","","","","","","","","","","","","","","","","","","","","","",100,1,"","","","","","","","","","","","",6.9,1,"","","","","","","","","","","","","","","","","","","","","","","","","","","","","","","","","","","","","","","","","","","","","","","","","","","","","","","","","","","","","","","","","","","","","","","","","","","","","","","","","","","","","","","","","","","","","","","","","","","","","","","","","","","","","","","","","","","",""
"63263001","PUY-DE-DOME-MN",45.775,2.966667,1461,1965042600,"","","","","","","","","","","","","","","","","","","","","","","","","","","","","","","","","","","","",2.1,1,2.1,1,"","","","","","","","","","","","","","","","","","","","","","","","","","",100,1,"","","","","","","","","","","","",7.1,1,"","","","","","","","","","","","","","","","","","","","","","","","","","","","","","","","","","","","","","","","","","","","","","","","","","","","","","","","","","","","","","","","","","","","","","","","","","","","","","","","","","","","","","","","","","","","","","","","","","","","","","","","","","","","","","","","","","","",""
"63263001","PUY-DE-DOME-MN",45.775,2.966667,1461,1965042603,"","","","","","","","","","","","","","","","","","","","","","","","","","","","","","","","","","","","",2.8,1,2.8,1,"","","","","","","","","","","","","","","","","","","","","","","","","","",100,1,"","","","","","","","","","","","",7.5,1,"","","","","","","","","","","","","","","","","","","","","","","","","","","","","","","","","","","","","","","","","","","","","","","","","","","","","","","","","","","","","","","","","","","","","","","","","","","","","","","","","","","","","","","","","","","","","","","","","","","","","","","","","","","","","","","","","","","",""
"63263001","PUY-DE-DOME-MN",45.775,2.966667,1461,1965042606,"","","","",14.,1,310,1,"","","","","","","","","","","","","","","","","","","","","","","","","","","","",2.8,1,2.8,1,"","","","","","","","","","","","","","","","","","","","","","","","","","",100,1,"","","","","","","","","","","","",7.5,1,"","","","","","","","",8,1,8,1,"","","","","","","","","","","","","","","","","","","","","","","","","","","","","","",40,1,"","",61,1,6,1,"","",0,1,"","","","","","","","","","","","","","","","","","","","","","","","","","","","","","","","","","","","","","","","","","","","","","","","","","","","","","","","","","","","","",""
"63263001","PUY-DE-DOME-MN",45.775,2.966667,1461,1965042609,"","","","",17.,1,290,1,"","","","","","","","","","","","","","","","","","","","","","","","","","","","",3.6,1,3.6,1,"","","","","","","","","","","","","","","","","","","","","","","","","","",100,1,"","","","","","","","","","","","",7.9,1,"","","","","","","","",9,1,"","","","","","","","","","","","","","","","","","","","","","","","","","","","","","","","",40,1,"","",45,1,6,1,"","","","","","","","","","","","","","","","","","","","","","","","","","","","","","","","","","","","","","","","","","","","","","","","","","","","","","","","","","","","","","","","","",""
"63263001","PUY-DE-DOME-MN",45.775,2.966667,1461,1965042612,"","","","",16.,1,310,1,"","","","","","","","","","","","","","","","","","","","","","","","","","","","",3.8,1,3.8,1,"","","","","","","","","","","","","","","","","","","","","","","","","","",100,1,"","","","","","","","","","","","",8.,1,"","","","","","","","",9,1,"","","","","","","","","","","","","","","","","","","","","","","","","","","","","","","","",40,1,"","",45,1,6,1,"","","","","","","","","","","","","","","","","","","","","","","","","","","","","","","","","","","","","","","","","","","","","","","","","","","","","","","","","","","","","","","","","",""
"63263001","PUY-DE-DOME-MN",45.775,2.966667,1461,1965042615,"","","","",16.,1,290,1,"","","","","","","","","","","","","","","","","","","","","","","","","","","","",4.1,1,4.1,1,"","","","","","","","","","","","","","","","","","","","","","","","","","",100,1,"","","","","","","","","","","","",8.2,1,"","","","","","","","",9,1,"","","","","","","","","","","","","","","","","","","","","","","","","","","","","","","","",40,1,"","",47,1,8,1,"","","","","","","","","","","","","","","","","","","","","","","","","","","","","","","","","","","","","","","","","","","","","","","","","","","","","","","","","","","","","","","","","",""
"63263001","PUY-DE-DOME-MN",45.775,2.966667,1461,1965042618,"","","","",22.,1,310,1,"","","","","","","","","","","","","","","","","","","","","","","","","","","","",1.6,1,0.2,1,"","","","","","","","","","","","","","","","","","","","","","","","","","",91,1,"","","","","","","","","","","","",6.2,1,"","","","","","","","",7,1,7,1,2,1,"","","","","","","","","","","","","","","","","","","","","","","","","","","","",30000,1,"","",2,1,8,1,"","","","","","","","","","","","","","","","","","","","","","","","","","","","","","","","","","","","","","","","","","","","","","","","","","","","","","","","","","","","","","","","","",""
"63263001","PUY-DE-DOME-MN",45.775,2.966667,1461,1965042621,"","","","","","","","","","","","","","","","","","","","","","","","","","","","","","","","","","","","",0.3,1,0.3,1,"","","","","","","","","","","","","","","","","","","","","","","","","","",100,1,"","","","","","","","","","","","",6.2,1,"","","","","","","","","","","","","","","","","","","","","","","","","","","","","","","","","","","","","","","","","","","","","","","","","","","","","","","","","","","","","","","","","","","","","","","","","","","","","","","","","","","","","","","","","","","","","","","","","","","","","","","","","","","","","","","","","","","",""
"63263001","PUY-DE-DOME-MN",45.775,2.966667,1461,1965042700,"","","","","","","","","","","","","","","","","","","","","","","","","","","","","","","","","","","","",-1.5,1,-1.5,1,"","","","","","","","","","","","","","","","","","","","","","","","","","",100,1,"","","","","","","","","","","","",5.5,1,"","","","","","","","","","","","","","","","","","","","","","","","","","","","","","","","","","","","","","","","","","","","","","","","","","","","","","","","","","","","","","","","","","","","","","","","","","","","","","","","","","","","","","","","","","","","","","","","","","","","","","","","","","","","","","","","","","","",""
"63263001","PUY-DE-DOME-MN",45.775,2.966667,1461,1965042703,"","","","","","","","","","","","","","","","","","","","","","","","","","","","","","","","","","","","",-2.4,1,-2.4,1,"","","","","","","","","","","","","","","","","","","","","","","","","","",100,1,"","","","","","","","","","","","",5.1,1,"","","","","","","","","","","","","","","","","","","","","","","","","","","","","","","","","","","","","","","","","","","","","","","","","","","","","","","","","","","","","","","","","","","","","","","","","","","","","","","","","","","","","","","","","","","","","","","","","","","","","","","","","","","","","","","","","","","",""
"63263001","PUY-DE-DOME-MN",45.775,2.966667,1461,1965042706,"","","","",16.,1,310,1,"","","","","","","","","","","","","","","","","","","","","","","","","","","","",-2.9,1,-2.9,1,"","","","","","","","","","","","","","","","","","","","","","","","","","",100,1,"","","","","","","","","","","","",4.9,1,"","","","","","","","",9,1,"","","","","","","","","","","","","","","","","","","","","","","","","","","","","","","","",40,1,"","",49,1,8,1,"","",0,1,"","","","","","","","","","","","","","","","","","","","","","","","","","","","","","","","","","","","","","","","","","","","","","","","","","","","","","","","","","","","","",""
"63263001","PUY-DE-DOME-MN",45.775,2.966667,1461,1965042709,"","","","",17.,1,310,1,"","","","","","","","","","","","","","","","","","","","","","","","","","","","",-2.6,1,-2.6,1,"","","","","","","","","","","","","","","","","","","","","","","","","","",100,1,"","","","","","","","","","","","",5.,1,"","","","","","","","",9,1,"","","","","","","","","","","","","","","","","","","","","","","","","","","","","","","","",40,1,"","",49,1,8,1,"","","","","","","","","","","","","","","","","","","","","","","","","","","","","","","","","","","","","","","","","","","","","","","","","","","","","","","","","","","","","","","","","",""
"63263001","PUY-DE-DOME-MN",45.775,2.966667,1461,1965042712,"","","","",18.,1,310,1,"","","","","","","","","","","","","","","","","","","","","","","","","","","","",-1.7,1,-1.7,1,"","","","","","","","","","","","","","","","","","","","","","","","","","",100,1,"","","","","","","","","","","","",5.4,1,"","","","","","","","",8,1,8,1,"","","","","","","","","","","","","","","","","","","","","","","","","","","","","","",40,1,"","",96,1,8,1,"","","","","","","","","","","","","","","","","","","","","","","","","","","","","","","","","","","","","","","","","","","","","","","","","","","","","","","","","","","","","","","","","",""
"63263001","PUY-DE-DOME-MN",45.775,2.966667,1461,1965042715,"","","","",16.,1,310,1,"","","","","","","","","","","","","","","","","","","","","","","","","","","","",-1.7,1,-1.7,1,"","","","","","","","","","","","","","","","","","","","","","","","","","",100,1,"","","","","","","","","","","","",5.4,1,"","","","","","","","",8,1,8,1,"","","","","","","","","","","","","","","","","","","","","","","","","","","","","","",40,1,"","",87,1,9,1,"","","","","","","","","","","","","","","","","","","","","","","","","","","","","","","","","","","","","","","","","","","","","","","","","","","","","","","","","","","","","","","","","",""
"63263001","PUY-DE-DOME-MN",45.775,2.966667,1461,1965042718,"","","","",16.,1,310,1,"","","","","","","","","","","","","","","","","","","","","","","","","","","","",-2.4,1,-2.4,1,"","","","","","","","","","","","","","","","","","","","","","","","","","",100,1,"","","","","","","","","","","","",5.1,1,"","","","","","","","",9,1,"","","","","","","","","","","","","","","","","","","","","","","","","","","","","","","","",40,1,"","",49,1,9,1,"","","","","","","","","","","","","","","","","","","","","","","","","","","","","","","","","","","","","","","","","","","","","","","","","","","","","","","","","","","","","","","","","",""
"63263001","PUY-DE-DOME-MN",45.775,2.966667,1461,1965042721,"","","","","","","","","","","","","","","","","","","","","","","","","","","","","","","","","","","","",-3.3,1,-3.3,1,"","","","","","","","","","","","","","","","","","","","","","","","","","",100,1,"","","","","","","","","","","","",4.8,1,"","","","","","","","","","","","","","","","","","","","","","","","","","","","","","","","","","","","","","","","","","","","","","","","","","","","","","","","","","","","","","","","","","","","","","","","","","","","","","","","","","","","","","","","","","","","","","","","","","","","","","","","","","","","","","","","","","","",""
"63263001","PUY-DE-DOME-MN",45.775,2.966667,1461,1965042800,"","","","","","","","","","","","","","","","","","","","","","","","","","","","","","","","","","","","",-3.4,1,-3.4,1,"","","","","","","","","","","","","","","","","","","","","","","","","","",100,1,"","","","","","","","","","","","",4.7,1,"","","","","","","","","","","","","","","","","","","","","","","","","","","","","","","","","","","","","","","","","","","","","","","","","","","","","","","","","","","","","","","","","","","","","","","","","","","","","","","","","","","","","","","","","","","","","","","","","","","","","","","","","","","","","","","","","","","",""
"63263001","PUY-DE-DOME-MN",45.775,2.966667,1461,1965042803,"","","","","","","","","","","","","","","","","","","","","","","","","","","","","","","","","","","","",-3.6,1,-3.6,1,"","","","","","","","","","","","","","","","","","","","","","","","","","",100,1,"","","","","","","","","","","","",4.7,1,"","","","","","","","","","","","","","","","","","","","","","","","","","","","","","","","","","","","","","","","","","","","","","","","","","","","","","","","","","","","","","","","","","","","","","","","","","","","","","","","","","","","","","","","","","","","","","","","","","","","","","","","","","","","","","","","","","","",""
"63263001","PUY-DE-DOME-MN",45.775,2.966667,1461,1965042806,"","","","",18.,1,310,1,"","","","","","","","","","","","","","","","","","","","","","","","","","","","",-3.9,1,-3.9,1,"","","","","","","","","","","","","","","","","","","","","","","","","","",100,1,"","","","","","","","","","","","",4.6,1,"","","","","","","","",9,1,"","","","","","","","","","","","","","","","","","","","","","","","","","","","","","","","",40,1,"","",49,1,8,1,"","",0,1,"","","","","","","","","","","","","","","","","","","","","","","","","","","","","","","","","","","","","","","","","","","","","","","","","","","","","","","","","","","","","",""
"63263001","PUY-DE-DOME-MN",45.775,2.966667,1461,1965042809,"","","","",16.,1,310,1,"","","","","","","","","","","","","","","","","","","","","","","","","","","","",-3.3,1,-3.3,1,"","","","","","","","","","","","","","","","","","","","","","","","","","",100,1,"","","","","","","","","","","","",4.8,1,"","","","","","","","",9,1,"","","","","","","","","","","","","","","","","","","","","","","","","","","","","","","","",40,1,"","",49,1,4,1,"","","","","","","","","","","","","","","","","","","","","","","","","","","","","","","","","","","","","","","","","","","","","","","","","","","","","","","","","","","","","","","","","",""
"63263001","PUY-DE-DOME-MN",45.775,2.966667,1461,1965042812,"","","","",16.,1,310,1,"","","","","","","","","","","","","","","","","","","","","","","","","","","","",-2.3,1,-2.3,1,"","","","","","","","","","","","","","","","","","","","","","","","","","",100,1,"","","","","","","","","","","","",5.1,1,"","","","","","","","",9,1,"","","","","","","","","","","","","","","","","","","","","","","","","","","","","","","","",40,1,"","",49,1,8,1,"","","","","","","","","","","","","","","","","","","","","","","","","","","","","","","","","","","","","","","","","","","","","","","","","","","","","","","","","","","","","","","","","",""
"63263001","PUY-DE-DOME-MN",45.775,2.966667,1461,1965042815,"","","","",12.,1,310,1,"","","","","","","","","","","","","","","","","","","","","","","","","","","","",-1.,1,-1.,1,"","","","","","","","","","","","","","","","","","","","","","","","","","",100,1,"","","","","","","","","","","","",5.7,1,"","","","","","","","",9,1,"","","","","","","","","","","","","","","","","","","","","","","","","","","","","","","","",40,1,"","",49,1,9,1,"","","","","","","","","","","","","","","","","","","","","","","","","","","","","","","","","","","","","","","","","","","","","","","","","","","","","","","","","","","","","","","","","",""
"63263001","PUY-DE-DOME-MN",45.775,2.966667,1461,1965042818,"","","","",11.,1,310,1,"","","","","","","","","","","","","","","","","","","","","","","","","","","","",-2.4,1,-2.4,1,"","","","","","","","","","","","","","","","","","","","","","","","","","",100,1,"","","","","","","","","","","","",5.1,1,"","","","","","","","",9,1,"","","","","","","","","","","","","","","","","","","","","","","","","","","","","","","","",40,1,"","",49,1,9,1,"","","","","","","","","","","","","","","","","","","","","","","","","","","","","","","","","","","","","","","","","","","","","","","","","","","","","","","","","","","","","","","","","",""
"63263001","PUY-DE-DOME-MN",45.775,2.966667,1461,1965042821,"","","","","","","","","","","","","","","","","","","","","","","","","","","","","","","","","","","","",-2.7,1,-2.7,1,"","","","","","","","","","","","","","","","","","","","","","","","","","",100,1,"","","","","","","","","","","","",5.,1,"","","","","","","","","","","","","","","","","","","","","","","","","","","","","","","","","","","","","","","","","","","","","","","","","","","","","","","","","","","","","","","","","","","","","","","","","","","","","","","","","","","","","","","","","","","","","","","","","","","","","","","","","","","","","","","","","","","",""
"63263001","PUY-DE-DOME-MN",45.775,2.966667,1461,1965042900,"","","","","","","","","","","","","","","","","","","","","","","","","","","","","","","","","","","","",-2.8,1,-2.8,1,"","","","","","","","","","","","","","","","","","","","","","","","","","",100,1,"","","","","","","","","","","","",4.9,1,"","","","","","","","","","","","","","","","","","","","","","","","","","","","","","","","","","","","","","","","","","","","","","","","","","","","","","","","","","","","","","","","","","","","","","","","","","","","","","","","","","","","","","","","","","","","","","","","","","","","","","","","","","","","","","","","","","","",""
"63263001","PUY-DE-DOME-MN",45.775,2.966667,1461,1965042903,"","","","","","","","","","","","","","","","","","","","","","","","","","","","","","","","","","","","",-2.9,1,-2.9,1,"","","","","","","","","","","","","","","","","","","","","","","","","","",100,1,"","","","","","","","","","","","",4.9,1,"","","","","","","","","","","","","","","","","","","","","","","","","","","","","","","","","","","","","","","","","","","","","","","","","","","","","","","","","","","","","","","","","","","","","","","","","","","","","","","","","","","","","","","","","","","","","","","","","","","","","","","","","","","","","","","","","","","",""
"63263001","PUY-DE-DOME-MN",45.775,2.966667,1461,1965042906,"","","","",9.,1,310,1,"","","","","","","","","","","","","","","","","","","","","","","","","","","","",-3.,1,-3.,1,"","","","","","","","","","","","","","","","","","","","","","","","","","",100,1,"","","","","","","","","","","","",4.9,1,"","","","","","","","",9,1,"","","","","","","","","","","","","","","","","","","","","","","","","","","","","","","","",40,1,"","",49,1,4,1,"","",0,1,"","","","","","","","","","","","","","","","","","","","","","","","","","","","","","","","","","","","","","","","","","","","","","","","","","","","","","","","","","","","","",""
"63263001","PUY-DE-DOME-MN",45.775,2.966667,1461,1965042909,"","","","",5.,1,290,1,"","","","","","","","","","","","","","","","","","","","","","","","","","","","",-1.7,1,-1.7,1,"","","","","","","","","","","","","","","","","","","","","","","","","","",100,1,"","","","","","","","","","","","",5.4,1,"","","","","","","","",8,1,8,1,"","","","","","","","","","","","","","","","","","","","","","","","","","","","","","",100,1,"","",41,1,4,1,"","","","","","","","","","","","","","","","","","","","","","","","","","","","","","","","","","","","","","","","","","","","","","","","","","","","","","","","","","","","","","","","","",""
"63263001","PUY-DE-DOME-MN",45.775,2.966667,1461,1965042912,"","","","",2.,1,270,1,"","","","","","","","","","","","","","","","","","","","","","","","","","","","",-0.4,1,-1.9,1,"","","","","","","","","","","","","","","","","","","","","","","","","","",89,1,"","","","","","","","","","","","",5.3,1,"","","","","","","","",7,1,7,1,2,1,"","","","","","","","","","","","","","","","","","","","","","","","","","","","",40000,1,"","",2,1,4,1,"","","","","","","","","","","","","","","","","","","","","","","","","","","","","","","","","","","","","","","","","","","","","","","","","","","","","","","","","","","","","","","","","",""
"63263001","PUY-DE-DOME-MN",45.775,2.966667,1461,1965042915,"","","","",4.,1,270,1,"","","","","","","","","","","","","","","","","","","","","","","","","","","","",1.1,1,-1.6,1,"","","","","","","","","","","","","","","","","","","","","","","","","","",82,1,"","","","","","","","","","","","",5.4,1,"","","","","","","","",5,1,5,1,2,1,0,1,0,1,"","","","","","","","","","","","","","","","","","","","","","","","",40000,1,"","",1,1,2,1,"","","","","","","","","","","","","","","","","","","","","","","","","","","","","","","","","","","","","","","","","","","","","","","","","","","","","","","","","","","","","","","","","",""
"63263001","PUY-DE-DOME-MN",45.775,2.966667,1461,1965042918,"","","","",2.,1,270,1,"","","","","","","","","","","","","","","","","","","","","","","","","","","","",0.7,1,-1.2,1,"","","","","","","","","","","","","","","","","","","","","","","","","","",88,1,"","","","","","","","","","","","",5.6,1,"","","","","","","","",5,1,5,1,4,1,0,1,0,1,"","","","","","","","","","","","","","","","","","","","","","","","",50000,1,"","",1,1,2,1,"","","","","","","","","","","","","","","","","","","","","","","","","","","","","","","","","","","","","","","","","","","","","","","","","","","","","","","","","","","","","","","","","",""
"63263001","PUY-DE-DOME-MN",45.775,2.966667,1461,1965042921,"","","","","","","","","","","","","","","","","","","","","","","","","","","","","","","","","","","","",0.,1,-1.6,1,"","","","","","","","","","","","","","","","","","","","","","","","","","",89,1,"","","","","","","","","","","","",5.4,1,"","","","","","","","","","","","","","","","","","","","","","","","","","","","","","","","","","","","","","","","","","","","","","","","","","","","","","","","","","","","","","","","","","","","","","","","","","","","","","","","","","","","","","","","","","","","","","","","","","","","","","","","","","","","","","","","","","","",""
"63263001","PUY-DE-DOME-MN",45.775,2.966667,1461,1965043000,"","","","","","","","","","","","","","","","","","","","","","","","","","","","","","","","","","","","",-0.1,1,-1.4,1,"","","","","","","","","","","","","","","","","","","","","","","","","","",90,1,"","","","","","","","","","","","",5.5,1,"","","","","","","","","","","","","","","","","","","","","","","","","","","","","","","","","","","","","","","","","","","","","","","","","","","","","","","","","","","","","","","","","","","","","","","","","","","","","","","","","","","","","","","","","","","","","","","","","","","","","","","","","","","","","","","","","","","",""
"63263001","PUY-DE-DOME-MN",45.775,2.966667,1461,1965043003,"","","","","","","","","","","","","","","","","","","","","","","","","","","","","","","","","","","","",-0.3,1,-1.9,1,"","","","","","","","","","","","","","","","","","","","","","","","","","",89,1,"","","","","","","","","","","","",5.3,1,"","","","","","","","","","","","","","","","","","","","","","","","","","","","","","","","","","","","","","","","","","","","","","","","","","","","","","","","","","","","","","","","","","","","","","","","","","","","","","","","","","","","","","","","","","","","","","","","","","","","","","","","","","","","","","","","","","","",""
"63263001","PUY-DE-DOME-MN",45.775,2.966667,1461,1965043006,"","","","",9.,1,150,1,"","","","","","","","","","","","","","","","","","","","","","","","","","","","",-0.2,1,-3.2,1,"","","","","","","","","","","","","","","","","","","","","","","","","","",80,1,"","","","","","","","","","","","",4.8,1,"","","","","","","","",7,1,7,1,0,1,0,1,2,1,"","","","","","","","","","","","","","","","","","","","","","","","",70000,1,"","",0,1,"","","","",0,1,"","","","","","","","","","","","","","","","","","","","","","","","","","","","","","","","","","","","","","","","","","","","","","","","","","","","","","","","","","","","","",""
"63263001","PUY-DE-DOME-MN",45.775,2.966667,1461,1965043009,"","","","",11.,1,150,1,"","","","","","","","","","","","","","","","","","","","","","","","","","","","",1.8,1,0.,1,"","","","","","","","","","","","","","","","","","","","","","","","","","",88,1,"","","","","","","","","","","","",6.1,1,"","","","","","","","",7,1,7,1,0,1,0,1,2,1,"","","","","","","","","","","","","","","","","","","","","","","","",70000,1,"","",2,1,2,1,"","","","","","","","","","","","","","","","","","","","","","","","","","","","","","","","","","","","","","","","","","","","","","","","","","","","","","","","","","","","","","","","","",""
"63263001","PUY-DE-DOME-MN",45.775,2.966667,1461,1965043012,"","","","",7.,1,130,1,"","","","","","","","","","","","","","","","","","","","","","","","","","","","",5.2,1,-1.6,1,"","","","","","","","","","","","","","","","","","","","","","","","","","",61,1,"","","","","","","","","","","","",5.4,1,"","","","","","","","",2,1,0,1,0,1,0,1,2,1,"","","","","","","","","","","","","","","","","","","","","","","","",70000,1,"","",1,1,1,1,"","","","","","","","","","","","","","","","","","","","","","","","","","","","","","","","","","","","","","","","","","","","","","","","","","","","","","","","","","","","","","","","","",""
"63263001","PUY-DE-DOME-MN",45.775,2.966667,1461,1965043015,"","","","",5.,1,130,1,"","","","","","","","","","","","","","","","","","","","","","","","","","","","",9.,1,2.4,1,"","","","","","","","","","","","","","","","","","","","","","","","","","",63,1,"","","","","","","","","","","","",7.3,1,"","","","","","","","",5,1,5,1,1,1,0,1,2,1,"","","","","","","","","","","","","","","","","","","","","","","","",60000,1,"","",3,1,1,1,"","","","","","","","","","","","","","","","","","","","","","","","","","","","","","","","","","","","","","","","","","","","","","","","","","","","","","","","","","","","","","","","","",""
"63263001","PUY-DE-DOME-MN",45.775,2.966667,1461,1965043018,"","","","",4.,1,130,1,"","","","","","","","","","","","","","","","","","","","","","","","","","","","",7.1,1,0.6,1,"","","","","","","","","","","","","","","","","","","","","","","","","","",63,1,"","","","","","","","","","","","",6.4,1,"","","","","","","","",7,1,7,1,4,1,0,1,2,1,"","","","","","","","","","","","","","","","","","","","","","","","",60000,1,"","",3,1,1,1,"","","","","","","","","","","","","","","","","","","","","","","","","","","","","","","","","","","","","","","","","","","","","","","","","","","","","","","","","","","","","","","","","",""
"63263001","PUY-DE-DOME-MN",45.775,2.966667,1461,1965043021,"","","","","","","","","","","","","","","","","","","","","","","","","","","","","","","","","","","","",4.,1,-2.7,1,"","","","","","","","","","","","","","","","","","","","","","","","","","",62,1,"","","","","","","","","","","","",5.,1,"","","","","","","","","","","","","","","","","","","","","","","","","","","","","","","","","","","","","","","","","","","","","","","","","","","","","","","","","","","","","","","","","","","","","","","","","","","","","","","","","","","","","","","","","","","","","","","","","","","","","","","","","","","","","","","","","","","",""
"63263001","PUY-DE-DOME-MN",45.775,2.966667,1461,1965050100,"","","","","","","","","","","","","","","","","","","","","","","","","","","","","","","","","","","","",3.,1,-1.9,1,"","","","","","","","","","","","","","","","","","","","","","","","","","",70,1,"","","","","","","","","","","","",5.3,1,"","","","","","","","","","","","","","","","","","","","","","","","","","","","","","","","","","","","","","","","","","","","","","","","","","","","","","","","","","","","","","","","","","","","","","","","","","","","","","","","","","","","","","","","","","","","","","","","","","","","","","","","","","","","","","","","","","","",""
"63263001","PUY-DE-DOME-MN",45.775,2.966667,1461,1965050103,"","","","","","","","","","","","","","","","","","","","","","","","","","","","","","","","","","","","",3.1,1,3.1,1,"","","","","","","","","","","","","","","","","","","","","","","","","","",100,1,"","","","","","","","","","","","",7.6,1,"","","","","","","","","","","","","","","","","","","","","","","","","","","","","","","","","","","","","","","","","","","","","","","","","","","","","","","","","","","","","","","","","","","","","","","","","","","","","","","","","","","","","","","","","","","","","","","","","","","","","","","","","","","","","","","","","","","",""
"63263001","PUY-DE-DOME-MN",45.775,2.966667,1461,1965050106,"","","","",5.,1,210,1,"","","","","","","","","","","","","","","","","","","","","","","","","","","","",3.3,1,3.3,1,"","","","","","","","","","","","","","","","","","","","","","","","","","",100,1,"","","","","","","","","","","","",7.7,1,"","","","","","","","",8,1,8,1,"","","","","","","","","","","","","","","","","","","","","","","","","","","","","","",40,1,"","",61,1,6,1,"","",0,1,"","","","","","","","","","","","","","","","","","","","","","","","","","","","","","","","","","","","","","","","","","","","","","","","","","","","","","","","","","","","","",""
"63263001","PUY-DE-DOME-MN",45.775,2.966667,1461,1965050109,"","","","",7.,1,250,1,"","","","","","","","","","","","","","","","","","","","","","","","","","","","",4.3,1,4.3,1,"","","","","","","","","","","","","","","","","","","","","","","","","","",100,1,"","","","","","","","","","","","",8.3,1,"","","","","","","","",9,1,"","","","","","","","","","","","","","","","","","","","","","","","","","","","","","","","",40,1,"","",45,1,6,1,"","","","","","","","","","","","","","","","","","","","","","","","","","","","","","","","","","","","","","","","","","","","","","","","","","","","","","","","","","","","","","","","","",""
"63263001","PUY-DE-DOME-MN",45.775,2.966667,1461,1965050112,"","","","",5.,1,250,1,"","","","","","","","","","","","","","","","","","","","","","","","","","","","",4.,1,4.,1,"","","","","","","","","","","","","","","","","","","","","","","","","","",100,1,"","","","","","","","","","","","",8.1,1,"","","","","","","","",8,1,8,1,"","","","","","","","","","","","","","","","","","","","","","","","","","","","","","",40,1,"","",80,1,6,1,"","","","","","","","","","","","","","","","","","","","","","","","","","","","","","","","","","","","","","","","","","","","","","","","","","","","","","","","","","","","","","","","","",""
"63263001","PUY-DE-DOME-MN",45.775,2.966667,1461,1965050115,"","","","",4.,1,230,1,"","","","","","","","","","","","","","","","","","","","","","","","","","","","",6.,1,6.,1,"","","","","","","","","","","","","","","","","","","","","","","","","","",100,1,"","","","","","","","","","","","",9.3,1,"","","","","","","","",8,1,8,1,"","","","","","","","","","","","","","","","","","","","","","","","","","","","","","",100,1,"","",41,1,8,1,"","","","","","","","","","","","","","","","","","","","","","","","","","","","","","","","","","","","","","","","","","","","","","","","","","","","","","","","","","","","","","","","","",""
"63263001","PUY-DE-DOME-MN",45.775,2.966667,1461,1965050118,"","","","",10.,1,270,1,"","","","","","","","","","","","","","","","","","","","","","","","","","","","",3.8,1,3.8,1,"","","","","","","","","","","","","","","","","","","","","","","","","","",100,1,"","","","","","","","","","","","",8.,1,"","","","","","","","",8,1,8,1,"","","","","","","","","","","","","","","","","","","","","","","","","","","","","","",40,1,"","",80,1,9,1,"","","","","","","","","","","","","","","","","","","","","","","","","","","","","","","","","","","","","","","","","","","","","","","","","","","","","","","","","","","","","","","","","",""
"63263001","PUY-DE-DOME-MN",45.775,2.966667,1461,1965050121,"","","","","","","","","","","","","","","","","","","","","","","","","","","","","","","","","","","","",4.,1,4.,1,"","","","","","","","","","","","","","","","","","","","","","","","","","",100,1,"","","","","","","","","","","","",8.1,1,"","","","","","","","","","","","","","","","","","","","","","","","","","","","","","","","","","","","","","","","","","","","","","","","","","","","","","","","","","","","","","","","","","","","","","","","","","","","","","","","","","","","","","","","","","","","","","","","","","","","","","","","","","","","","","","","","","","",""
"63263001","PUY-DE-DOME-MN",45.775,2.966667,1461,1965050200,"","","","","","","","","","","","","","","","","","","","","","","","","","","","","","","","","","","","",2.8,1,1.4,1,"","","","","","","","","","","","","","","","","","","","","","","","","","",90,1,"","","","","","","","","","","","",6.8,1,"","","","","","","","","","","","","","","","","","","","","","","","","","","","","","","","","","","","","","","","","","","","","","","","","","","","","","","","","","","","","","","","","","","","","","","","","","","","","","","","","","","","","","","","","","","","","","","","","","","","","","","","","","","","","","","","","","","",""
"63263001","PUY-DE-DOME-MN",45.775,2.966667,1461,1965050203,"","","","","","","","","","","","","","","","","","","","","","","","","","","","","","","","","","","","",3.9,1,1.4,1,"","","","","","","","","","","","","","","","","","","","","","","","","","",84,1,"","","","","","","","","","","","",6.8,1,"","","","","","","","","","","","","","","","","","","","","","","","","","","","","","","","","","","","","","","","","","","","","","","","","","","","","","","","","","","","","","","","","","","","","","","","","","","","","","","","","","","","","","","","","","","","","","","","","","","","","","","","","","","","","","","","","","","",""
"63263001","PUY-DE-DOME-MN",45.775,2.966667,1461,1965050206,"","","","",11.,1,230,1,"","","","","","","","","","","","","","","","","","","","","","","","","","","","",2.7,1,1.,1,"","","","","","","","","","","","","","","","","","","","","","","","","","",89,1,"","","","","","","","","","","","",6.6,1,"","","","","","","","",8,1,8,1,5,1,2,1,"","","","","","","","","","","","","","","","","","","","","","","","","","",30000,1,"","",61,1,6,1,"","",0,1,"","","","","","","","","","","","","","","","","","","","","","","","","","","","","","","","","","","","","","","","","","","","","","","","","","","","","","","","","","","","","",""
"63263001","PUY-DE-DOME-MN",45.775,2.966667,1461,1965050209,"","","","",8.,1,230,1,"","","","","","","","","","","","","","","","","","","","","","","","","","","","",3.4,1,3.4,1,"","","","","","","","","","","","","","","","","","","","","","","","","","",100,1,"","","","","","","","","","","","",7.8,1,"","","","","","","","",8,1,8,1,"","","","","","","","","","","","","","","","","","","","","","","","","","","","","","",100,1,"","",41,1,6,1,"","","","","","","","","","","","","","","","","","","","","","","","","","","","","","","","","","","","","","","","","","","","","","","","","","","","","","","","","","","","","","","","","",""
"63263001","PUY-DE-DOME-MN",45.775,2.966667,1461,1965050212,"","","","",7.,1,250,1,"","","","","","","","","","","","","","","","","","","","","","","","","","","","",7.,1,7.,1,"","","","","","","","","","","","","","","","","","","","","","","","","","",100,1,"","","","","","","","","","","","",10.,1,"","","","","","","","",8,1,8,1,"","","","","","","","","","","","","","","","","","","","","","","","","","","","","","",100,1,"","",41,1,6,1,"","","","","","","","","","","","","","","","","","","","","","","","","","","","","","","","","","","","","","","","","","","","","","","","","","","","","","","","","","","","","","","","","",""
"63263001","PUY-DE-DOME-MN",45.775,2.966667,1461,1965050215,"","","","",10.,1,230,1,"","","","","","","","","","","","","","","","","","","","","","","","","","","","",7.,1,3.3,1,"","","","","","","","","","","","","","","","","","","","","","","","","","",78,1,"","","","","","","","","","","","",7.8,1,"","","","","","","","",7,1,7,1,2,1,6,1,6,1,"","","","","","","","","","","","","","","","","","","","","","","","",40000,1,"","",28,1,4,1,"","","","","","","","","","","","","","","","","","","","","","","","","","","","","","","","","","","","","","","","","","","","","","","","","","","","","","","","","","","","","","","","","",""
"63263001","PUY-DE-DOME-MN",45.775,2.966667,1461,1965050218,"","","","",8.,1,230,1,"","","","","","","","","","","","","","","","","","","","","","","","","","","","",5.,1,5.,1,"","","","","","","","","","","","","","","","","","","","","","","","","","",100,1,"","","","","","","","","","","","",8.7,1,"","","","","","","","",8,1,8,1,"","","","","","","","","","","","","","","","","","","","","","","","","","","","","","",100,1,"","",41,1,8,1,"","","","","","","","","","","","","","","","","","","","","","","","","","","","","","","","","","","","","","","","","","","","","","","","","","","","","","","","","","","","","","","","","",""
"63263001","PUY-DE-DOME-MN",45.775,2.966667,1461,1965050221,"","","","","","","","","","","","","","","","","","","","","","","","","","","","","","","","","","","","",3.4,1,3.4,1,"","","","","","","","","","","","","","","","","","","","","","","","","","",100,1,"","","","","","","","","","","","",7.8,1,"","","","","","","","","","","","","","","","","","","","","","","","","","","","","","","","","","","","","","","","","","","","","","","","","","","","","","","","","","","","","","","","","","","","","","","","","","","","","","","","","","","","","","","","","","","","","","","","","","","","","","","","","","","","","","","","","","","",""
"63263001","PUY-DE-DOME-MN",45.775,2.966667,1461,1965050300,"","","","","","","","","","","","","","","","","","","","","","","","","","","","","","","","","","","","",2.7,1,2.7,1,"","","","","","","","","","","","","","","","","","","","","","","","","","",100,1,"","","","","","","","","","","","",7.4,1,"","","","","","","","","","","","","","","","","","","","","","","","","","","","","","","","","","","","","","","","","","","","","","","","","","","","","","","","","","","","","","","","","","","","","","","","","","","","","","","","","","","","","","","","","","","","","","","","","","","","","","","","","","","","","","","","","","","",""
"63263001","PUY-DE-DOME-MN",45.775,2.966667,1461,1965050303,"","","","","","","","","","","","","","","","","","","","","","","","","","","","","","","","","","","","",2.2,1,2.2,1,"","","","","","","","","","","","","","","","","","","","","","","","","","",100,1,"","","","","","","","","","","","",7.2,1,"","","","","","","","","","","","","","","","","","","","","","","","","","","","","","","","","","","","","","","","","","","","","","","","","","","","","","","","","","","","","","","","","","","","","","","","","","","","","","","","","","","","","","","","","","","","","","","","","","","","","","","","","","","","","","","","","","","",""
"63263001","PUY-DE-DOME-MN",45.775,2.966667,1461,1965050306,"","","","",16.,1,270,1,"","","","","","","","","","","","","","","","","","","","","","","","","","","","",1.4,1,1.4,1,"","","","","","","","","","","","","","","","","","","","","","","","","","",100,1,"","","","","","","","","","","","",6.7,1,"","","","","","","","",9,1,"","","","","","","","","","","","","","","","","","","","","","","","","","","","","","","","",40,1,"","",45,1,6,1,"","",0,1,"","","","","","","","","","","","","","","","","","","","","","","","","","","","","","","","","","","","","","","","","","","","","","","","","","","","","","","","","","","","","",""
"63263001","PUY-DE-DOME-MN",45.775,2.966667,1461,1965050309,"","","","",20.,1,270,1,"","","","","","","","","","","","","","","","","","","","","","","","","","","","",2.2,1,2.2,1,"","","","","","","","","","","","","","","","","","","","","","","","","","",100,1,"","","","","","","","","","","","",7.2,1,"","","","","","","","",9,1,"","","","","","","","","","","","","","","","","","","","","","","","","","","","","","","","",40,1,"","",45,1,4,1,"","","","","","","","","","","","","","","","","","","","","","","","","","","","","","","","","","","","","","","","","","","","","","","","","","","","","","","","","","","","","","","","","",""
"63263001","PUY-DE-DOME-MN",45.775,2.966667,1461,1965050312,"","","","",20.,1,270,1,"","","","","","","","","","","","","","","","","","","","","","","","","","","","",3.8,1,3.8,1,"","","","","","","","","","","","","","","","","","","","","","","","","","",100,1,"","","","","","","","","","","","",8.,1,"","","","","","","","",8,1,8,1,"","","","","","","","","","","","","","","","","","","","","","","","","","","","","","",100,1,"","",41,1,4,1,"","","","","","","","","","","","","","","","","","","","","","","","","","","","","","","","","","","","","","","","","","","","","","","","","","","","","","","","","","","","","","","","","",""
"63263001","PUY-DE-DOME-MN",45.775,2.966667,1461,1965050315,"","","","",18.,1,270,1,"","","","","","","","","","","","","","","","","","","","","","","","","","","","",4.6,1,4.6,1,"","","","","","","","","","","","","","","","","","","","","","","","","","",100,1,"","","","","","","","","","","","",8.5,1,"","","","","","","","",9,1,"","","","","","","","","","","","","","","","","","","","","","","","","","","","","","","","",80,1,"","",47,1,4,1,"","","","","","","","","","","","","","","","","","","","","","","","","","","","","","","","","","","","","","","","","","","","","","","","","","","","","","","","","","","","","","","","","",""
"63263001","PUY-DE-DOME-MN",45.775,2.966667,1461,1965050318,"","","","",20.,1,270,1,"","","","","","","","","","","","","","","","","","","","","","","","","","","","",5.1,1,5.1,1,"","","","","","","","","","","","","","","","","","","","","","","","","","",100,1,"","","","","","","","","","","","",8.8,1,"","","","","","","","",8,1,8,1,"","","","","","","","","","","","","","","","","","","","","","","","","","","","","","",40,1,"","",61,1,6,1,"","","","","","","","","","","","","","","","","","","","","","","","","","","","","","","","","","","","","","","","","","","","","","","","","","","","","","","","","","","","","","","","","",""
"63263001","PUY-DE-DOME-MN",45.775,2.966667,1461,1965050321,"","","","","","","","","","","","","","","","","","","","","","","","","","","","","","","","","","","","",5.7,1,5.7,1,"","","","","","","","","","","","","","","","","","","","","","","","","","",100,1,"","","","","","","","","","","","",9.2,1,"","","","","","","","","","","","","","","","","","","","","","","","","","","","","","","","","","","","","","","","","","","","","","","","","","","","","","","","","","","","","","","","","","","","","","","","","","","","","","","","","","","","","","","","","","","","","","","","","","","","","","","","","","","","","","","","","","","",""
"63263001","PUY-DE-DOME-MN",45.775,2.966667,1461,1965050400,"","","","","","","","","","","","","","","","","","","","","","","","","","","","","","","","","","","","",5.8,1,5.8,1,"","","","","","","","","","","","","","","","","","","","","","","","","","",100,1,"","","","","","","","","","","","",9.2,1,"","","","","","","","","","","","","","","","","","","","","","","","","","","","","","","","","","","","","","","","","","","","","","","","","","","","","","","","","","","","","","","","","","","","","","","","","","","","","","","","","","","","","","","","","","","","","","","","","","","","","","","","","","","","","","","","","","","",""
"63263001","PUY-DE-DOME-MN",45.775,2.966667,1461,1965050403,"","","","","","","","","","","","","","","","","","","","","","","","","","","","","","","","","","","","",5.3,1,5.3,1,"","","","","","","","","","","","","","","","","","","","","","","","","","",100,1,"","","","","","","","","","","","",8.9,1,"","","","","","","","","","","","","","","","","","","","","","","","","","","","","","","","","","","","","","","","","","","","","","","","","","","","","","","","","","","","","","","","","","","","","","","","","","","","","","","","","","","","","","","","","","","","","","","","","","","","","","","","","","","","","","","","","","","",""
"63263001","PUY-DE-DOME-MN",45.775,2.966667,1461,1965050406,"","","","",18.,1,250,1,"","","","","","","","","","","","","","","","","","","","","","","","","","","","",6.1,1,6.1,1,"","","","","","","","","","","","","","","","","","","","","","","","","","",100,1,"","","","","","","","","","","","",9.4,1,"","","","","","","","",8,1,8,1,"","","","","","","","","","","","","","","","","","","","","","","","","","","","","","",40,1,"","",61,1,6,1,"","",0,1,"","","","","","","","","","","","","","","","","","","","","","","","","","","","","","","","","","","","","","","","","","","","","","","","","","","","","","","","","","","","","",""
"63263001","PUY-DE-DOME-MN",45.775,2.966667,1461,1965050409,"","","","",27.,1,250,1,"","","","","","","","","","","","","","","","","","","","","","","","","","","","",6.4,1,6.4,1,"","","","","","","","","","","","","","","","","","","","","","","","","","",100,1,"","","","","","","","","","","","",9.6,1,"","","","","","","","",8,1,8,1,"","","","","","","","","","","","","","","","","","","","","","","","","","","","","","",40,1,"","",61,1,6,1,"","","","","","","","","","","","","","","","","","","","","","","","","","","","","","","","","","","","","","","","","","","","","","","","","","","","","","","","","","","","","","","","","",""
"63263001","PUY-DE-DOME-MN",45.775,2.966667,1461,1965050412,"","","","",32.,1,270,1,"","","","","","","","","","","","","","","","","","","","","","","","","","","","",3.2,1,3.2,1,"","","","","","","","","","","","","","","","","","","","","","","","","","",100,1,"","","","","","","","","","","","",7.7,1,"","","","","","","","",9,1,"","","","","","","","","","","","","","","","","","","","","","","","","","","","","","","","",40,1,"","",45,1,8,1,"","","","","","","","","","","","","","","","","","","","","","","","","","","","","","","","","","","","","","","","","","","","","","","","","","","","","","","","","","","","","","","","","",""
"63263001","PUY-DE-DOME-MN",45.775,2.966667,1461,1965050415,"","","","",28.,1,270,1,"","","","","","","","","","","","","","","","","","","","","","","","","","","","",4.,1,4.,1,"","","","","","","","","","","","","","","","","","","","","","","","","","",100,1,"","","","","","","","","","","","",8.1,1,"","","","","","","","",8,1,8,1,"","","","","","","","","","","","","","","","","","","","","","","","","","","","","","",100,1,"","",41,1,9,1,"","","","","","","","","","","","","","","","","","","","","","","","","","","","","","","","","","","","","","","","","","","","","","","","","","","","","","","","","","","","","","","","","",""
"63263001","PUY-DE-DOME-MN",45.775,2.966667,1461,1965050418,"","","","",28.,1,270,1,"","","","","","","","","","","","","","","","","","","","","","","","","","","","",2.5,1,2.5,1,"","","","","","","","","","","","","","","","","","","","","","","","","","",100,1,"","","","","","","","","","","","",7.3,1,"","","","","","","","",9,1,"","","","","","","","","","","","","","","","","","","","","","","","","","","","","","","","",40,1,"","",45,1,9,1,"","","","","","","","","","","","","","","","","","","","","","","","","","","","","","","","","","","","","","","","","","","","","","","","","","","","","","","","","","","","","","","","","",""
"63263001","PUY-DE-DOME-MN",45.775,2.966667,1461,1965050421,"","","","","","","","","","","","","","","","","","","","","","","","","","","","","","","","","","","","",1.2,1,1.2,1,"","","","","","","","","","","","","","","","","","","","","","","","","","",100,1,"","","","","","","","","","","","",6.6,1,"","","","","","","","","","","","","","","","","","","","","","","","","","","","","","","","","","","","","","","","","","","","","","","","","","","","","","","","","","","","","","","","","","","","","","","","","","","","","","","","","","","","","","","","","","","","","","","","","","","","","","","","","","","","","","","","","","","",""
"63263001","PUY-DE-DOME-MN",45.775,2.966667,1461,1965050500,"","","","","","","","","","","","","","","","","","","","","","","","","","","","","","","","","","","","",0.1,1,0.1,1,"","","","","","","","","","","","","","","","","","","","","","","","","","",100,1,"","","","","","","","","","","","",6.1,1,"","","","","","","","","","","","","","","","","","","","","","","","","","","","","","","","","","","","","","","","","","","","","","","","","","","","","","","","","","","","","","","","","","","","","","","","","","","","","","","","","","","","","","","","","","","","","","","","","","","","","","","","","","","","","","","","","","","",""
"63263001","PUY-DE-DOME-MN",45.775,2.966667,1461,1965050503,"","","","","","","","","","","","","","","","","","","","","","","","","","","","","","","","","","","","",-0.1,1,-0.1,1,"","","","","","","","","","","","","","","","","","","","","","","","","","",100,1,"","","","","","","","","","","","",6.1,1,"","","","","","","","","","","","","","","","","","","","","","","","","","","","","","","","","","","","","","","","","","","","","","","","","","","","","","","","","","","","","","","","","","","","","","","","","","","","","","","","","","","","","","","","","","","","","","","","","","","","","","","","","","","","","","","","","","","",""
"63263001","PUY-DE-DOME-MN",45.775,2.966667,1461,1965050506,"","","","",19.,1,270,1,"","","","","","","","","","","","","","","","","","","","","","","","","","","","",-0.1,1,-0.1,1,"","","","","","","","","","","","","","","","","","","","","","","","","","",100,1,"","","","","","","","","","","","",6.1,1,"","","","","","","","",8,1,8,1,"","","","","","","","","","","","","","","","","","","","","","","","","","","","","","",40,1,"","",85,1,8,1,"","",0,1,"","","","","","","","","","","","","","","","","","","","","","","","","","","","","","","","","","","","","","","","","","","","","","","","","","","","","","","","","","","","","",""
"63263001","PUY-DE-DOME-MN",45.775,2.966667,1461,1965050509,"","","","",25.,1,290,1,"","","","","","","","","","","","","","","","","","","","","","","","","","","","",0.2,1,0.2,1,"","","","","","","","","","","","","","","","","","","","","","","","","","",100,1,"","","","","","","","","","","","",6.2,1,"","","","","","","","",9,1,"","","","","","","","","","","","","","","","","","","","","","","","","","","","","","","","",40,1,"","",45,1,8,1,"","","","","","","","","","","","","","","","","","","","","","","","","","","","","","","","","","","","","","","","","","","","","","","","","","","","","","","","","","","","","","","","","",""
"63263001","PUY-DE-DOME-MN",45.775,2.966667,1461,1965050512,"","","","",20.,1,310,1,"","","","","","","","","","","","","","","","","","","","","","","","","","","","",1.,1,0.4,1,"","","","","","","","","","","","","","","","","","","","","","","","","","",95,1,"","","","","","","","","","","","",6.3,1,"","","","","","","","",7,1,7,1,2,1,"","","","","","","","","","","","","","","","","","","","","","","","","","","","",60000,1,"","",28,1,4,1,"","","","","","","","","","","","","","","","","","","","","","","","","","","","","","","","","","","","","","","","","","","","","","","","","","","","","","","","","","","","","","","","","",""
"63263001","PUY-DE-DOME-MN",45.775,2.966667,1461,1965050515,"","","","",18.,1,310,1,"","","","","","","","","","","","","","","","","","","","","","","","","","","","",2.1,1,-0.5,1,"","","","","","","","","","","","","","","","","","","","","","","","","","",83,1,"","","","","","","","","","","","",5.9,1,"","","","","","","","",7,1,7,1,2,1,"","","","","","","","","","","","","","","","","","","","","","","","","","","","",60000,1,"","",2,1,8,1,"","","","","","","","","","","","","","","","","","","","","","","","","","","","","","","","","","","","","","","","","","","","","","","","","","","","","","","","","","","","","","","","","",""
"63263001","PUY-DE-DOME-MN",45.775,2.966667,1461,1965050518,"","","","",21.,1,290,1,"","","","","","","","","","","","","","","","","","","","","","","","","","","","",2.1,1,1.,1,"","","","","","","","","","","","","","","","","","","","","","","","","","",93,1,"","","","","","","","","","","","",6.6,1,"","","","","","","","",7,1,7,1,2,1,"","","","","","","","","","","","","","","","","","","","","","","","","","","","",50000,1,"","",2,1,8,1,"","","","","","","","","","","","","","","","","","","","","","","","","","","","","","","","","","","","","","","","","","","","","","","","","","","","","","","","","","","","","","","","","",""
"63263001","PUY-DE-DOME-MN",45.775,2.966667,1461,1965050521,"","","","","","","","","","","","","","","","","","","","","","","","","","","","","","","","","","","","",1.2,1,1.2,1,"","","","","","","","","","","","","","","","","","","","","","","","","","",100,1,"","","","","","","","","","","","",6.6,1,"","","","","","","","","","","","","","","","","","","","","","","","","","","","","","","","","","","","","","","","","","","","","","","","","","","","","","","","","","","","","","","","","","","","","","","","","","","","","","","","","","","","","","","","","","","","","","","","","","","","","","","","","","","","","","","","","","","",""
"63263001","PUY-DE-DOME-MN",45.775,2.966667,1461,1965050600,"","","","","","","","","","","","","","","","","","","","","","","","","","","","","","","","","","","","",0.8,1,0.8,1,"","","","","","","","","","","","","","","","","","","","","","","","","","",100,1,"","","","","","","","","","","","",6.5,1,"","","","","","","","","","","","","","","","","","","","","","","","","","","","","","","","","","","","","","","","","","","","","","","","","","","","","","","","","","","","","","","","","","","","","","","","","","","","","","","","","","","","","","","","","","","","","","","","","","","","","","","","","","","","","","","","","","","",""
"63263001","PUY-DE-DOME-MN",45.775,2.966667,1461,1965050603,"","","","","","","","","","","","","","","","","","","","","","","","","","","","","","","","","","","","",0.5,1,0.5,1,"","","","","","","","","","","","","","","","","","","","","","","","","","",100,1,"","","","","","","","","","","","",6.3,1,"","","","","","","","","","","","","","","","","","","","","","","","","","","","","","","","","","","","","","","","","","","","","","","","","","","","","","","","","","","","","","","","","","","","","","","","","","","","","","","","","","","","","","","","","","","","","","","","","","","","","","","","","","","","","","","","","","","",""
"63263001","PUY-DE-DOME-MN",45.775,2.966667,1461,1965050606,"","","","",18.,1,290,1,"","","","","","","","","","","","","","","","","","","","","","","","","","","","",0.7,1,0.7,1,"","","","","","","","","","","","","","","","","","","","","","","","","","",100,1,"","","","","","","","","","","","",6.4,1,"","","","","","","","",9,1,"","","","","","","","","","","","","","","","","","","","","","","","","","","","","","","","",40,1,"","",45,1,8,1,"","",0,1,"","","","","","","","","","","","","","","","","","","","","","","","","","","","","","","","","","","","","","","","","","","","","","","","","","","","","","","","","","","","","",""
"63263001","PUY-DE-DOME-MN",45.775,2.966667,1461,1965050609,"","","","",13.,1,310,1,"","","","","","","","","","","","","","","","","","","","","","","","","","","","",0.9,1,0.9,1,"","","","","","","","","","","","","","","","","","","","","","","","","","",100,1,"","","","","","","","","","","","",6.5,1,"","","","","","","","",9,1,"","","","","","","","","","","","","","","","","","","","","","","","","","","","","","","","",40,1,"","",45,1,8,1,"","","","","","","","","","","","","","","","","","","","","","","","","","","","","","","","","","","","","","","","","","","","","","","","","","","","","","","","","","","","","","","","","",""
"63263001","PUY-DE-DOME-MN",45.775,2.966667,1461,1965050612,"","","","",9.,1,330,1,"","","","","","","","","","","","","","","","","","","","","","","","","","","","",2.1,1,2.1,1,"","","","","","","","","","","","","","","","","","","","","","","","","","",100,1,"","","","","","","","","","","","",7.1,1,"","","","","","","","",8,1,8,1,"","","","","","","","","","","","","","","","","","","","","","","","","","","","","","",100,1,"","",41,1,8,1,"","","","","","","","","","","","","","","","","","","","","","","","","","","","","","","","","","","","","","","","","","","","","","","","","","","","","","","","","","","","","","","","","",""
"63263001","PUY-DE-DOME-MN",45.775,2.966667,1461,1965050615,"","","","",10.,1,310,1,"","","","","","","","","","","","","","","","","","","","","","","","","","","","",4.,1,0.8,1,"","","","","","","","","","","","","","","","","","","","","","","","","","",80,1,"","","","","","","","","","","","",6.5,1,"","","","","","","","",7,1,6,1,2,1,0,1,2,1,"","","","","","","","","","","","","","","","","","","","","","","","",40000,1,"","",2,1,4,1,"","","","","","","","","","","","","","","","","","","","","","","","","","","","","","","","","","","","","","","","","","","","","","","","","","","","","","","","","","","","","","","","","",""
"63263001","PUY-DE-DOME-MN",45.775,2.966667,1461,1965050618,"","","","",8.,1,310,1,"","","","","","","","","","","","","","","","","","","","","","","","","","","","",4.5,1,1.,1,"","","","","","","","","","","","","","","","","","","","","","","","","","",79,1,"","","","","","","","","","","","",6.6,1,"","","","","","","","",4,1,0,1,4,1,0,1,2,1,"","","","","","","","","","","","","","","","","","","","","","","","",40000,1,"","",1,1,4,1,"","","","","","","","","","","","","","","","","","","","","","","","","","","","","","","","","","","","","","","","","","","","","","","","","","","","","","","","","","","","","","","","","",""
"63263001","PUY-DE-DOME-MN",45.775,2.966667,1461,1965050621,"","","","","","","","","","","","","","","","","","","","","","","","","","","","","","","","","","","","",2.,1,1.2,1,"","","","","","","","","","","","","","","","","","","","","","","","","","",95,1,"","","","","","","","","","","","",6.7,1,"","","","","","","","","","","","","","","","","","","","","","","","","","","","","","","","","","","","","","","","","","","","","","","","","","","","","","","","","","","","","","","","","","","","","","","","","","","","","","","","","","","","","","","","","","","","","","","","","","","","","","","","","","","","","","","","","","","",""
"63263001","PUY-DE-DOME-MN",45.775,2.966667,1461,1965050700,"","","","","","","","","","","","","","","","","","","","","","","","","","","","","","","","","","","","",1.9,1,0.4,1,"","","","","","","","","","","","","","","","","","","","","","","","","","",90,1,"","","","","","","","","","","","",6.3,1,"","","","","","","","","","","","","","","","","","","","","","","","","","","","","","","","","","","","","","","","","","","","","","","","","","","","","","","","","","","","","","","","","","","","","","","","","","","","","","","","","","","","","","","","","","","","","","","","","","","","","","","","","","","","","","","","","","","",""
"63263001","PUY-DE-DOME-MN",45.775,2.966667,1461,1965050703,"","","","","","","","","","","","","","","","","","","","","","","","","","","","","","","","","","","","",2.1,1,2.1,1,"","","","","","","","","","","","","","","","","","","","","","","","","","",100,1,"","","","","","","","","","","","",7.1,1,"","","","","","","","","","","","","","","","","","","","","","","","","","","","","","","","","","","","","","","","","","","","","","","","","","","","","","","","","","","","","","","","","","","","","","","","","","","","","","","","","","","","","","","","","","","","","","","","","","","","","","","","","","","","","","","","","","","",""
"63263001","PUY-DE-DOME-MN",45.775,2.966667,1461,1965050706,"","","","",6.,1,350,1,"","","","","","","","","","","","","","","","","","","","","","","","","","","","",4.1,1,3.3,1,"","","","","","","","","","","","","","","","","","","","","","","","","","",95,1,"","","","","","","","","","","","",7.8,1,"","","","","","","","",5,1,5,1,5,1,0,1,0,1,"","","","","","","","","","","","","","","","","","","","","","","","",60000,1,"","",0,1,4,1,"","",0,1,"","","","","","","","","","","","","","","","","","","","","","","","","","","","","","","","","","","","","","","","","","","","","","","","","","","","","","","","","","","","","",""
"63263001","PUY-DE-DOME-MN",45.775,2.966667,1461,1965050709,"","","","",6.,1,330,1,"","","","","","","","","","","","","","","","","","","","","","","","","","","","",5.4,1,5.4,1,"","","","","","","","","","","","","","","","","","","","","","","","","","",100,1,"","","","","","","","","","","","",9.,1,"","","","","","","","",8,1,8,1,"","","","","","","","","","","","","","","","","","","","","","","","","","","","","","",100,1,"","",41,1,4,1,"","","","","","","","","","","","","","","","","","","","","","","","","","","","","","","","","","","","","","","","","","","","","","","","","","","","","","","","","","","","","","","","","",""
"63263001","PUY-DE-DOME-MN",45.775,2.966667,1461,1965050712,"","","","",6.,1,290,1,"","","","","","","","","","","","","","","","","","","","","","","","","","","","",7.9,1,5.,1,"","","","","","","","","","","","","","","","","","","","","","","","","","",82,1,"","","","","","","","","","","","",8.8,1,"","","","","","","","",7,1,7,1,2,1,"","","","","","","","","","","","","","","","","","","","","","","","","","","","",60000,1,"","",28,1,4,1,"","","","","","","","","","","","","","","","","","","","","","","","","","","","","","","","","","","","","","","","","","","","","","","","","","","","","","","","","","","","","","","","","",""
"63263001","PUY-DE-DOME-MN",45.775,2.966667,1461,1965050715,"","","","",10.,1,310,1,"","","","","","","","","","","","","","","","","","","","","","","","","","","","",9.6,1,7.1,1,"","","","","","","","","","","","","","","","","","","","","","","","","","",86,1,"","","","","","","","","","","","",10.2,1,"","","","","","","","",6,1,6,1,3,1,0,1,0,1,"","","","","","","","","","","","","","","","","","","","","","","","",60000,1,"","",25,1,2,1,"","","","","","","","","","","","","","","","","","","","","","","","","","","","","","","","","","","","","","","","","","","","","","","","","","","","","","","","","","","","","","","","","",""
"63263001","PUY-DE-DOME-MN",45.775,2.966667,1461,1965050718,"","","","",10.,1,310,1,"","","","","","","","","","","","","","","","","","","","","","","","","","","","",8.5,1,6.4,1,"","","","","","","","","","","","","","","","","","","","","","","","","","",87,1,"","","","","","","","","","","","",9.7,1,"","","","","","","","",2,1,0,1,2,1,0,1,0,1,"","","","","","","","","","","","","","","","","","","","","","","","",60000,1,"","",1,1,8,1,"","","","","","","","","","","","","","","","","","","","","","","","","","","","","","","","","","","","","","","","","","","","","","","","","","","","","","","","","","","","","","","","","",""
"63263001","PUY-DE-DOME-MN",45.775,2.966667,1461,1965050721,"","","","","","","","","","","","","","","","","","","","","","","","","","","","","","","","","","","","",6.6,1,6.6,1,"","","","","","","","","","","","","","","","","","","","","","","","","","",100,1,"","","","","","","","","","","","",9.7,1,"","","","","","","","","","","","","","","","","","","","","","","","","","","","","","","","","","","","","","","","","","","","","","","","","","","","","","","","","","","","","","","","","","","","","","","","","","","","","","","","","","","","","","","","","","","","","","","","","","","","","","","","","","","","","","","","","","","",""
"63263001","PUY-DE-DOME-MN",45.775,2.966667,1461,1965050800,"","","","","","","","","","","","","","","","","","","","","","","","","","","","","","","","","","","","",6.,1,6.,1,"","","","","","","","","","","","","","","","","","","","","","","","","","",100,1,"","","","","","","","","","","","",9.3,1,"","","","","","","","","","","","","","","","","","","","","","","","","","","","","","","","","","","","","","","","","","","","","","","","","","","","","","","","","","","","","","","","","","","","","","","","","","","","","","","","","","","","","","","","","","","","","","","","","","","","","","","","","","","","","","","","","","","",""
"63263001","PUY-DE-DOME-MN",45.775,2.966667,1461,1965050803,"","","","","","","","","","","","","","","","","","","","","","","","","","","","","","","","","","","","",4.7,1,3.3,1,"","","","","","","","","","","","","","","","","","","","","","","","","","",92,1,"","","","","","","","","","","","",7.8,1,"","","","","","","","","","","","","","","","","","","","","","","","","","","","","","","","","","","","","","","","","","","","","","","","","","","","","","","","","","","","","","","","","","","","","","","","","","","","","","","","","","","","","","","","","","","","","","","","","","","","","","","","","","","","","","","","","","","",""
"63263001","PUY-DE-DOME-MN",45.775,2.966667,1461,1965050806,"","","","",14.,1,290,1,"","","","","","","","","","","","","","","","","","","","","","","","","","","","",3.1,1,1.4,1,"","","","","","","","","","","","","","","","","","","","","","","","","","",89,1,"","","","","","","","","","","","",6.8,1,"","","","","","","","",2,1,0,1,0,1,0,1,1,1,"","","","","","","","","","","","","","","","","","","","","","","","",60000,1,"","",2,1,4,1,"","",0,1,"","","","","","","","","","","","","","","","","","","","","","","","","","","","","","","","","","","","","","","","","","","","","","","","","","","","","","","","","","","","","",""
"63263001","PUY-DE-DOME-MN",45.775,2.966667,1461,1965050809,"","","","",6.,1,310,1,"","","","","","","","","","","","","","","","","","","","","","","","","","","","",7.,1,3.3,1,"","","","","","","","","","","","","","","","","","","","","","","","","","",78,1,"","","","","","","","","","","","",7.8,1,"","","","","","","","",1,1,0,1,0,1,0,1,1,1,"","","","","","","","","","","","","","","","","","","","","","","","",80000,1,"","",2,1,0,1,"","","","","","","","","","","","","","","","","","","","","","","","","","","","","","","","","","","","","","","","","","","","","","","","","","","","","","","","","","","","","","","","","",""
"63263001","PUY-DE-DOME-MN",45.775,2.966667,1461,1965050812,"","","","",7.,1,310,1,"","","","","","","","","","","","","","","","","","","","","","","","","","","","",10.4,1,3.8,1,"","","","","","","","","","","","","","","","","","","","","","","","","","",64,1,"","","","","","","","","","","","",8.1,1,"","","","","","","","",4,1,0,1,1,1,0,1,1,1,"","","","","","","","","","","","","","","","","","","","","","","","",60000,1,"","",3,1,0,1,"","","","","","","","","","","","","","","","","","","","","","","","","","","","","","","","","","","","","","","","","","","","","","","","","","","","","","","","","","","","","","","","","",""
"63263001","PUY-DE-DOME-MN",45.775,2.966667,1461,1965050815,"","","","",10.,1,330,1,"","","","","","","","","","","","","","","","","","","","","","","","","","","","",12.8,1,4.3,1,"","","","","","","","","","","","","","","","","","","","","","","","","","",57,1,"","","","","","","","","","","","",8.4,1,"","","","","","","","",7,1,7,1,1,1,0,1,4,1,"","","","","","","","","","","","","","","","","","","","","","","","",55000,1,"","",3,1,1,1,"","","","","","","","","","","","","","","","","","","","","","","","","","","","","","","","","","","","","","","","","","","","","","","","","","","","","","","","","","","","","","","","","",""
"63263001","PUY-DE-DOME-MN",45.775,2.966667,1461,1965050818,"","","","",4.,1,50,1,"","","","","","","","","","","","","","","","","","","","","","","","","","","","",9.,1,9.,1,"","","","","","","","","","","","","","","","","","","","","","","","","","",100,1,"","","","","","","","","","","","",11.5,1,"","","","","","","","",9,1,"","","","","","","","","","","","","","","","","","","","","","","","","","","","","","","","",40,1,"","",47,1,2,1,"","","","","","","","","","","","","","","","","","","","","","","","","","","","","","","","","","","","","","","","","","","","","","","","","","","","","","","","","","","","","","","","","",""
"63263001","PUY-DE-DOME-MN",45.775,2.966667,1461,1965050821,"","","","","","","","","","","","","","","","","","","","","","","","","","","","","","","","","","","","",7.4,1,7.4,1,"","","","","","","","","","","","","","","","","","","","","","","","","","",100,1,"","","","","","","","","","","","",10.3,1,"","","","","","","","","","","","","","","","","","","","","","","","","","","","","","","","","","","","","","","","","","","","","","","","","","","","","","","","","","","","","","","","","","","","","","","","","","","","","","","","","","","","","","","","","","","","","","","","","","","","","","","","","","","","","","","","","","","",""
"63263001","PUY-DE-DOME-MN",45.775,2.966667,1461,1965050900,"","","","","","","","","","","","","","","","","","","","","","","","","","","","","","","","","","","","",8.8,1,1.8,1,"","","","","","","","","","","","","","","","","","","","","","","","","","",62,1,"","","","","","","","","","","","",7.,1,"","","","","","","","","","","","","","","","","","","","","","","","","","","","","","","","","","","","","","","","","","","","","","","","","","","","","","","","","","","","","","","","","","","","","","","","","","","","","","","","","","","","","","","","","","","","","","","","","","","","","","","","","","","","","","","","","","","",""
"63263001","PUY-DE-DOME-MN",45.775,2.966667,1461,1965050903,"","","","","","","","","","","","","","","","","","","","","","","","","","","","","","","","","","","","",9.2,1,0.8,1,"","","","","","","","","","","","","","","","","","","","","","","","","","",56,1,"","","","","","","","","","","","",6.5,1,"","","","","","","","","","","","","","","","","","","","","","","","","","","","","","","","","","","","","","","","","","","","","","","","","","","","","","","","","","","","","","","","","","","","","","","","","","","","","","","","","","","","","","","","","","","","","","","","","","","","","","","","","","","","","","","","","","","",""
"63263001","PUY-DE-DOME-MN",45.775,2.966667,1461,1965050906,"","","","",11.,1,290,1,"","","","","","","","","","","","","","","","","","","","","","","","","","","","",7.5,1,3.1,1,"","","","","","","","","","","","","","","","","","","","","","","","","","",74,1,"","","","","","","","","","","","",7.7,1,"","","","","","","","",6,1,6,1,0,1,4,1,2,1,"","","","","","","","","","","","","","","","","","","","","","","","",70000,1,"","",3,1,1,1,"","",0,1,"","","","","","","","","","","","","","","","","","","","","","","","","","","","","","","","","","","","","","","","","","","","","","","","","","","","","","","","","","","","","",""
"63263001","PUY-DE-DOME-MN",45.775,2.966667,1461,1965050909,"","","","",12.,1,290,1,"","","","","","","","","","","","","","","","","","","","","","","","","","","","",10.4,1,3.8,1,"","","","","","","","","","","","","","","","","","","","","","","","","","",64,1,"","","","","","","","","","","","",8.1,1,"","","","","","","","","","",7,1,0,1,4,1,"","","","","","","","","","","","","","","","","","","","","","","","","","",70000,1,"","",3,1,2,1,"","","","","","","","","","","","","","","","","","","","","","","","","","","","","","","","","","","","","","","","","","","","","","","","","","","","","","","","","","","","","","","","","",""
"63263001","PUY-DE-DOME-MN",45.775,2.966667,1461,1965050912,"","","","",12.,1,310,1,"","","","","","","","","","","","","","","","","","","","","","","","","","","","",12.8,1,3.5,1,"","","","","","","","","","","","","","","","","","","","","","","","","","",53,1,"","","","","","","","","","","","",7.9,1,"","","","","","","","",8,1,8,1,1,1,4,1,7,1,"","","","","","","","","","","","","","","","","","","","","","","","",65000,1,"","",2,1,2,1,"","","","","","","","","","","","","","","","","","","","","","","","","","","","","","","","","","","","","","","","","","","","","","","","","","","","","","","","","","","","","","","","","",""
"63263001","PUY-DE-DOME-MN",45.775,2.966667,1461,1965050915,"","","","",12.,1,290,1,"","","","","","","","","","","","","","","","","","","","","","","","","","","","",13.4,1,4.5,1,"","","","","","","","","","","","","","","","","","","","","","","","","","",55,1,"","","","","","","","","","","","",8.5,1,"","","","","","","","",8,1,8,1,2,1,4,1,7,1,"","","","","","","","","","","","","","","","","","","","","","","","",55000,1,"","",3,1,2,1,"","","","","","","","","","","","","","","","","","","","","","","","","","","","","","","","","","","","","","","","","","","","","","","","","","","","","","","","","","","","","","","","","",""
"63263001","PUY-DE-DOME-MN",45.775,2.966667,1461,1965050918,"","","","",14.,1,310,1,"","","","","","","","","","","","","","","","","","","","","","","","","","","","",11.,1,5.3,1,"","","","","","","","","","","","","","","","","","","","","","","","","","",69,1,"","","","","","","","","","","","",9.,1,"","","","","","","","",7,1,7,1,4,1,4,1,2,1,"","","","","","","","","","","","","","","","","","","","","","","","",60000,1,"","",1,1,2,1,"","","","","","","","","","","","","","","","","","","","","","","","","","","","","","","","","","","","","","","","","","","","","","","","","","","","","","","","","","","","","","","","","",""
"63263001","PUY-DE-DOME-MN",45.775,2.966667,1461,1965050921,"","","","","","","","","","","","","","","","","","","","","","","","","","","","","","","","","","","","",7.8,1,7.8,1,"","","","","","","","","","","","","","","","","","","","","","","","","","",100,1,"","","","","","","","","","","","",10.6,1,"","","","","","","","","","","","","","","","","","","","","","","","","","","","","","","","","","","","","","","","","","","","","","","","","","","","","","","","","","","","","","","","","","","","","","","","","","","","","","","","","","","","","","","","","","","","","","","","","","","","","","","","","","","","","","","","","","","",""
"63263001","PUY-DE-DOME-MN",45.775,2.966667,1461,1965051000,"","","","","","","","","","","","","","","","","","","","","","","","","","","","","","","","","","","","",6.8,1,6.8,1,"","","","","","","","","","","","","","","","","","","","","","","","","","",100,1,"","","","","","","","","","","","",9.9,1,"","","","","","","","","","","","","","","","","","","","","","","","","","","","","","","","","","","","","","","","","","","","","","","","","","","","","","","","","","","","","","","","","","","","","","","","","","","","","","","","","","","","","","","","","","","","","","","","","","","","","","","","","","","","","","","","","","","",""
"63263001","PUY-DE-DOME-MN",45.775,2.966667,1461,1965051003,"","","","","","","","","","","","","","","","","","","","","","","","","","","","","","","","","","","","",6.1,1,6.1,1,"","","","","","","","","","","","","","","","","","","","","","","","","","",100,1,"","","","","","","","","","","","",9.4,1,"","","","","","","","","","","","","","","","","","","","","","","","","","","","","","","","","","","","","","","","","","","","","","","","","","","","","","","","","","","","","","","","","","","","","","","","","","","","","","","","","","","","","","","","","","","","","","","","","","","","","","","","","","","","","","","","","","","",""
"63263001","PUY-DE-DOME-MN",45.775,2.966667,1461,1965051006,"","","","",14.,1,330,1,"","","","","","","","","","","","","","","","","","","","","","","","","","","","",3.3,1,3.3,1,"","","","","","","","","","","","","","","","","","","","","","","","","","",100,1,"","","","","","","","","","","","",7.7,1,"","","","","","","","",9,1,"","","","","","","","","","","","","","","","","","","","","","","","","","","","","","","","",60,1,"","",45,1,6,1,"","",0,1,"","","","","","","","","","","","","","","","","","","","","","","","","","","","","","","","","","","","","","","","","","","","","","","","","","","","","","","","","","","","","",""
"63263001","PUY-DE-DOME-MN",45.775,2.966667,1461,1965051009,"","","","",10.,1,330,1,"","","","","","","","","","","","","","","","","","","","","","","","","","","","",4.,1,1.4,1,"","","","","","","","","","","","","","","","","","","","","","","","","","",84,1,"","","","","","","","","","","","",6.8,1,"","","","","","","","",2,1,0,1,1,1,0,1,2,1,"","","","","","","","","","","","","","","","","","","","","","","","",80000,1,"","",28,1,4,1,"","","","","","","","","","","","","","","","","","","","","","","","","","","","","","","","","","","","","","","","","","","","","","","","","","","","","","","","","","","","","","","","","",""
"63263001","PUY-DE-DOME-MN",45.775,2.966667,1461,1965051012,"","","","",13.,1,330,1,"","","","","","","","","","","","","","","","","","","","","","","","","","","","",7.4,1,-3.7,1,"","","","","","","","","","","","","","","","","","","","","","","","","","",45,1,"","","","","","","","","","","","",4.6,1,"","","","","","","","",1,1,0,1,4,1,0,1,2,1,"","","","","","","","","","","","","","","","","","","","","","","","",99990,1,"","",1,1,4,1,"","","","","","","","","","","","","","","","","","","","","","","","","","","","","","","","","","","","","","","","","","","","","","","","","","","","","","","","","","","","","","","","","",""
"63263001","PUY-DE-DOME-MN",45.775,2.966667,1461,1965051015,"","","","",13.,1,330,1,"","","","","","","","","","","","","","","","","","","","","","","","","","","","",8.8,1,0.8,1,"","","","","","","","","","","","","","","","","","","","","","","","","","",58,1,"","","","","","","","","","","","",6.5,1,"","","","","","","","",3,1,0,1,4,1,0,1,2,1,"","","","","","","","","","","","","","","","","","","","","","","","",99990,1,"","",2,1,0,1,"","","","","","","","","","","","","","","","","","","","","","","","","","","","","","","","","","","","","","","","","","","","","","","","","","","","","","","","","","","","","","","","","",""
"63263001","PUY-DE-DOME-MN",45.775,2.966667,1461,1965051018,"","","","",10.,1,350,1,"","","","","","","","","","","","","","","","","","","","","","","","","","","","",6.6,1,2.2,1,"","","","","","","","","","","","","","","","","","","","","","","","","","",74,1,"","","","","","","","","","","","",7.2,1,"","","","","","","","",3,1,0,1,4,1,0,1,2,1,"","","","","","","","","","","","","","","","","","","","","","","","",99990,1,"","",1,1,0,1,"","","","","","","","","","","","","","","","","","","","","","","","","","","","","","","","","","","","","","","","","","","","","","","","","","","","","","","","","","","","","","","","","",""
"63263001","PUY-DE-DOME-MN",45.775,2.966667,1461,1965051021,"","","","","","","","","","","","","","","","","","","","","","","","","","","","","","","","","","","","",4.,1,4.,1,"","","","","","","","","","","","","","","","","","","","","","","","","","",100,1,"","","","","","","","","","","","",8.1,1,"","","","","","","","","","","","","","","","","","","","","","","","","","","","","","","","","","","","","","","","","","","","","","","","","","","","","","","","","","","","","","","","","","","","","","","","","","","","","","","","","","","","","","","","","","","","","","","","","","","","","","","","","","","","","","","","","","","",""
"63263001","PUY-DE-DOME-MN",45.775,2.966667,1461,1965051100,"","","","","","","","","","","","","","","","","","","","","","","","","","","","","","","","","","","","",2.3,1,2.3,1,"","","","","","","","","","","","","","","","","","","","","","","","","","",100,1,"","","","","","","","","","","","",7.2,1,"","","","","","","","","","","","","","","","","","","","","","","","","","","","","","","","","","","","","","","","","","","","","","","","","","","","","","","","","","","","","","","","","","","","","","","","","","","","","","","","","","","","","","","","","","","","","","","","","","","","","","","","","","","","","","","","","","","",""
"63263001","PUY-DE-DOME-MN",45.775,2.966667,1461,1965051103,"","","","","","","","","","","","","","","","","","","","","","","","","","","","","","","","","","","","",1.2,1,1.2,1,"","","","","","","","","","","","","","","","","","","","","","","","","","",100,1,"","","","","","","","","","","","",6.6,1,"","","","","","","","","","","","","","","","","","","","","","","","","","","","","","","","","","","","","","","","","","","","","","","","","","","","","","","","","","","","","","","","","","","","","","","","","","","","","","","","","","","","","","","","","","","","","","","","","","","","","","","","","","","","","","","","","","","",""
"63263001","PUY-DE-DOME-MN",45.775,2.966667,1461,1965051106,"","","","",14.,1,70,1,"","","","","","","","","","","","","","","","","","","","","","","","","","","","",1.6,1,0.4,1,"","","","","","","","","","","","","","","","","","","","","","","","","","",93,1,"","","","","","","","","","","","",6.3,1,"","","","","","","","",1,1,0,1,0,1,0,1,2,1,"","","","","","","","","","","","","","","","","","","","","","","","",15000,1,"","",2,1,4,1,"","",0,1,"","","","","","","","","","","","","","","","","","","","","","","","","","","","","","","","","","","","","","","","","","","","","","","","","","","","","","","","","","","","","",""
"63263001","PUY-DE-DOME-MN",45.775,2.966667,1461,1965051109,"","","","",10.,1,70,1,"","","","","","","","","","","","","","","","","","","","","","","","","","","","",4.5,1,0.6,1,"","","","","","","","","","","","","","","","","","","","","","","","","","",76,1,"","","","","","","","","","","","",6.4,1,"","","","","","","","",1,1,0,1,1,1,0,1,2,1,"","","","","","","","","","","","","","","","","","","","","","","","",20000,1,"","",2,1,0,1,"","","","","","","","","","","","","","","","","","","","","","","","","","","","","","","","","","","","","","","","","","","","","","","","","","","","","","","","","","","","","","","","","",""
"63263001","PUY-DE-DOME-MN",45.775,2.966667,1461,1965051112,"","","","",12.,1,70,1,"","","","","","","","","","","","","","","","","","","","","","","","","","","","",7.2,1,-3.2,1,"","","","","","","","","","","","","","","","","","","","","","","","","","",47,1,"","","","","","","","","","","","",4.8,1,"","","","","","","","",1,1,0,1,0,1,0,1,1,1,"","","","","","","","","","","","","","","","","","","","","","","","",60000,1,"","",1,1,0,1,"","","","","","","","","","","","","","","","","","","","","","","","","","","","","","","","","","","","","","","","","","","","","","","","","","","","","","","","","","","","","","","","","",""
"63263001","PUY-DE-DOME-MN",45.775,2.966667,1461,1965051115,"","","","",11.,1,70,1,"","","","","","","","","","","","","","","","","","","","","","","","","","","","",8.,1,0.4,1,"","","","","","","","","","","","","","","","","","","","","","","","","","",59,1,"","","","","","","","","","","","",6.3,1,"","","","","","","","",0,1,"","",0,1,0,1,0,1,"","","","","","","","","","","","","","","","","","","","","","","","",60000,1,"","",2,1,0,1,"","","","","","","","","","","","","","","","","","","","","","","","","","","","","","","","","","","","","","","","","","","","","","","","","","","","","","","","","","","","","","","","","",""
"63263001","PUY-DE-DOME-MN",45.775,2.966667,1461,1965051118,"","","","",11.,1,70,1,"","","","","","","","","","","","","","","","","","","","","","","","","","","","",6.7,1,1.2,1,"","","","","","","","","","","","","","","","","","","","","","","","","","",68,1,"","","","","","","","","","","","",6.7,1,"","","","","","","","",0,1,"","",0,1,0,1,0,1,"","","","","","","","","","","","","","","","","","","","","","","","",40000,1,"","",2,1,0,1,"","","","","","","","","","","","","","","","","","","","","","","","","","","","","","","","","","","","","","","","","","","","","","","","","","","","","","","","","","","","","","","","","",""
"63263001","PUY-DE-DOME-MN",45.775,2.966667,1461,1965051121,"","","","","","","","","","","","","","","","","","","","","","","","","","","","","","","","","","","","",4.5,1,-1.4,1,"","","","","","","","","","","","","","","","","","","","","","","","","","",65,1,"","","","","","","","","","","","",5.5,1,"","","","","","","","","","","","","","","","","","","","","","","","","","","","","","","","","","","","","","","","","","","","","","","","","","","","","","","","","","","","","","","","","","","","","","","","","","","","","","","","","","","","","","","","","","","","","","","","","","","","","","","","","","","","","","","","","","","",""
"63263001","PUY-DE-DOME-MN",45.775,2.966667,1461,1965051200,"","","","","","","","","","","","","","","","","","","","","","","","","","","","","","","","","","","","",3.3,1,-3.5,1,"","","","","","","","","","","","","","","","","","","","","","","","","","",61,1,"","","","","","","","","","","","",4.7,1,"","","","","","","","","","","","","","","","","","","","","","","","","","","","","","","","","","","","","","","","","","","","","","","","","","","","","","","","","","","","","","","","","","","","","","","","","","","","","","","","","","","","","","","","","","","","","","","","","","","","","","","","","","","","","","","","","","","",""
"63263001","PUY-DE-DOME-MN",45.775,2.966667,1461,1965051203,"","","","","","","","","","","","","","","","","","","","","","","","","","","","","","","","","","","","",3.1,1,-5.5,1,"","","","","","","","","","","","","","","","","","","","","","","","","","",53,1,"","","","","","","","","","","","",4.,1,"","","","","","","","","","","","","","","","","","","","","","","","","","","","","","","","","","","","","","","","","","","","","","","","","","","","","","","","","","","","","","","","","","","","","","","","","","","","","","","","","","","","","","","","","","","","","","","","","","","","","","","","","","","","","","","","","","","",""
"63263001","PUY-DE-DOME-MN",45.775,2.966667,1461,1965051206,"","","","",18.,1,70,1,"","","","","","","","","","","","","","","","","","","","","","","","","","","","",5.7,1,-20.,1,"","","","","","","","","","","","","","","","","","","","","","","","","","",13,1,"","","","","","","","","","","","",1.2,1,"","","","","","","","",1,1,0,1,0,1,0,1,1,1,"","","","","","","","","","","","","","","","","","","","","","","","",99990,1,"","",2,1,0,1,"","",0,1,"","","","","","","","","","","","","","","","","","","","","","","","","","","","","","","","","","","","","","","","","","","","","","","","","","","","","","","","","","","","","",""
"63263001","PUY-DE-DOME-MN",45.775,2.966667,1461,1965051209,"","","","",16.,1,70,1,"","","","","","","","","","","","","","","","","","","","","","","","","","","","",7.7,1,-13.5,1,"","","","","","","","","","","","","","","","","","","","","","","","","","",20,1,"","","","","","","","","","","","",2.1,1,"","","","","","","","",0,1,"","",0,1,0,1,0,1,"","","","","","","","","","","","","","","","","","","","","","","","",90000,1,"","",1,1,0,1,"","","","","","","","","","","","","","","","","","","","","","","","","","","","","","","","","","","","","","","","","","","","","","","","","","","","","","","","","","","","","","","","","",""
"63263001","PUY-DE-DOME-MN",45.775,2.966667,1461,1965051212,"","","","",10.,1,90,1,"","","","","","","","","","","","","","","","","","","","","","","","","","","","",10.9,1,-0.2,1,"","","","","","","","","","","","","","","","","","","","","","","","","","",46,1,"","","","","","","","","","","","",6.,1,"","","","","","","","",0,1,"","",0,1,0,1,0,1,"","","","","","","","","","","","","","","","","","","","","","","","",70000,1,"","",2,1,0,1,"","","","","","","","","","","","","","","","","","","","","","","","","","","","","","","","","","","","","","","","","","","","","","","","","","","","","","","","","","","","","","","","","",""
"63263001","PUY-DE-DOME-MN",45.775,2.966667,1461,1965051215,"","","","",9.,1,70,1,"","","","","","","","","","","","","","","","","","","","","","","","","","","","",12.2,1,-0.5,1,"","","","","","","","","","","","","","","","","","","","","","","","","","",42,1,"","","","","","","","","","","","",5.9,1,"","","","","","","","",0,1,"","",0,1,0,1,0,1,"","","","","","","","","","","","","","","","","","","","","","","","",60000,1,"","",2,1,0,1,"","","","","","","","","","","","","","","","","","","","","","","","","","","","","","","","","","","","","","","","","","","","","","","","","","","","","","","","","","","","","","","","","",""
"63263001","PUY-DE-DOME-MN",45.775,2.966667,1461,1965051218,"","","","",11.,1,70,1,"","","","","","","","","","","","","","","","","","","","","","","","","","","","",8.9,1,-2.1,1,"","","","","","","","","","","","","","","","","","","","","","","","","","",46,1,"","","","","","","","","","","","",5.2,1,"","","","","","","","",0,1,"","",0,1,0,1,0,1,"","","","","","","","","","","","","","","","","","","","","","","","",50000,1,"","",2,1,0,1,"","","","","","","","","","","","","","","","","","","","","","","","","","","","","","","","","","","","","","","","","","","","","","","","","","","","","","","","","","","","","","","","","",""
"63263001","PUY-DE-DOME-MN",45.775,2.966667,1461,1965051221,"","","","","","","","","","","","","","","","","","","","","","","","","","","","","","","","","","","","",7.3,1,-1.4,1,"","","","","","","","","","","","","","","","","","","","","","","","","","",54,1,"","","","","","","","","","","","",5.5,1,"","","","","","","","","","","","","","","","","","","","","","","","","","","","","","","","","","","","","","","","","","","","","","","","","","","","","","","","","","","","","","","","","","","","","","","","","","","","","","","","","","","","","","","","","","","","","","","","","","","","","","","","","","","","","","","","","","","",""
"63263001","PUY-DE-DOME-MN",45.775,2.966667,1461,1965051300,"","","","","","","","","","","","","","","","","","","","","","","","","","","","","","","","","","","","",7.6,1,-1.2,1,"","","","","","","","","","","","","","","","","","","","","","","","","","",54,1,"","","","","","","","","","","","",5.6,1,"","","","","","","","","","","","","","","","","","","","","","","","","","","","","","","","","","","","","","","","","","","","","","","","","","","","","","","","","","","","","","","","","","","","","","","","","","","","","","","","","","","","","","","","","","","","","","","","","","","","","","","","","","","","","","","","","","","",""
"63263001","PUY-DE-DOME-MN",45.775,2.966667,1461,1965051303,"","","","","","","","","","","","","","","","","","","","","","","","","","","","","","","","","","","","",8.2,1,-2.1,1,"","","","","","","","","","","","","","","","","","","","","","","","","","",48,1,"","","","","","","","","","","","",5.2,1,"","","","","","","","","","","","","","","","","","","","","","","","","","","","","","","","","","","","","","","","","","","","","","","","","","","","","","","","","","","","","","","","","","","","","","","","","","","","","","","","","","","","","","","","","","","","","","","","","","","","","","","","","","","","","","","","","","","",""
"63263001","PUY-DE-DOME-MN",45.775,2.966667,1461,1965051306,"","","","",7.,1,130,1,"","","","","","","","","","","","","","","","","","","","","","","","","","","","",11.3,1,-19.,1,"","","","","","","","","","","","","","","","","","","","","","","","","","",10,1,"","","","","","","","","","","","",1.3,1,"","","","","","","","",0,1,"","",0,1,0,1,0,1,"","","","","","","","","","","","","","","","","","","","","","","","",90000,1,"","",2,1,0,1,"","",0,1,"","","","","","","","","","","","","","","","","","","","","","","","","","","","","","","","","","","","","","","","","","","","","","","","","","","","","","","","","","","","","",""
"63263001","PUY-DE-DOME-MN",45.775,2.966667,1461,1965051309,"","","","",0.,1,0,1,"","","","","","","","","","","","","","","","","","","","","","","","","","","","",15.3,1,-13.5,1,"","","","","","","","","","","","","","","","","","","","","","","","","","",12,1,"","","","","","","","","","","","",2.1,1,"","","","","","","","",0,1,"","",0,1,0,1,0,1,"","","","","","","","","","","","","","","","","","","","","","","","",90000,1,"","",2,1,0,1,"","","","","","","","","","","","","","","","","","","","","","","","","","","","","","","","","","","","","","","","","","","","","","","","","","","","","","","","","","","","","","","","","",""
"63263001","PUY-DE-DOME-MN",45.775,2.966667,1461,1965051312,"","","","",3.,1,90,1,"","","","","","","","","","","","","","","","","","","","","","","","","","","","",16.2,1,-1.4,1,"","","","","","","","","","","","","","","","","","","","","","","","","","",30,1,"","","","","","","","","","","","",5.5,1,"","","","","","","","",0,1,"","",0,1,0,1,0,1,"","","","","","","","","","","","","","","","","","","","","","","","",80000,1,"","",2,1,0,1,"","","","","","","","","","","","","","","","","","","","","","","","","","","","","","","","","","","","","","","","","","","","","","","","","","","","","","","","","","","","","","","","","",""
"63263001","PUY-DE-DOME-MN",45.775,2.966667,1461,1965051315,"","","","",3.,1,90,1,"","","","","","","","","","","","","","","","","","","","","","","","","","","","",18.,1,0.4,1,"","","","","","","","","","","","","","","","","","","","","","","","","","",31,1,"","","","","","","","","","","","",6.3,1,"","","","","","","","",0,1,"","",0,1,0,1,0,1,"","","","","","","","","","","","","","","","","","","","","","","","",70000,1,"","",2,1,0,1,"","","","","","","","","","","","","","","","","","","","","","","","","","","","","","","","","","","","","","","","","","","","","","","","","","","","","","","","","","","","","","","","","",""
"63263001","PUY-DE-DOME-MN",45.775,2.966667,1461,1965051318,"","","","",4.,1,90,1,"","","","","","","","","","","","","","","","","","","","","","","","","","","","",14.3,1,1.4,1,"","","","","","","","","","","","","","","","","","","","","","","","","","",42,1,"","","","","","","","","","","","",6.8,1,"","","","","","","","",0,1,"","",0,1,0,1,0,1,"","","","","","","","","","","","","","","","","","","","","","","","",70000,1,"","",2,1,0,1,"","","","","","","","","","","","","","","","","","","","","","","","","","","","","","","","","","","","","","","","","","","","","","","","","","","","","","","","","","","","","","","","","",""
"63263001","PUY-DE-DOME-MN",45.775,2.966667,1461,1965051321,"","","","","","","","","","","","","","","","","","","","","","","","","","","","","","","","","","","","",10.9,1,1.8,1,"","","","","","","","","","","","","","","","","","","","","","","","","","",54,1,"","","","","","","","","","","","",7.,1,"","","","","","","","","","","","","","","","","","","","","","","","","","","","","","","","","","","","","","","","","","","","","","","","","","","","","","","","","","","","","","","","","","","","","","","","","","","","","","","","","","","","","","","","","","","","","","","","","","","","","","","","","","","","","","","","","","","",""
"63263001","PUY-DE-DOME-MN",45.775,2.966667,1461,1965051400,"","","","","","","","","","","","","","","","","","","","","","","","","","","","","","","","","","","","",13.9,1,-2.4,1,"","","","","","","","","","","","","","","","","","","","","","","","","","",32,1,"","","","","","","","","","","","",5.1,1,"","","","","","","","","","","","","","","","","","","","","","","","","","","","","","","","","","","","","","","","","","","","","","","","","","","","","","","","","","","","","","","","","","","","","","","","","","","","","","","","","","","","","","","","","","","","","","","","","","","","","","","","","","","","","","","","","","","",""
"63263001","PUY-DE-DOME-MN",45.775,2.966667,1461,1965051403,"","","","","","","","","","","","","","","","","","","","","","","","","","","","","","","","","","","","",14.6,1,-4.6,1,"","","","","","","","","","","","","","","","","","","","","","","","","","",26,1,"","","","","","","","","","","","",4.3,1,"","","","","","","","","","","","","","","","","","","","","","","","","","","","","","","","","","","","","","","","","","","","","","","","","","","","","","","","","","","","","","","","","","","","","","","","","","","","","","","","","","","","","","","","","","","","","","","","","","","","","","","","","","","","","","","","","","","",""
"63263001","PUY-DE-DOME-MN",45.775,2.966667,1461,1965051406,"","","","",0.,1,0,1,"","","","","","","","","","","","","","","","","","","","","","","","","","","","",15.6,1,-2.7,1,"","","","","","","","","","","","","","","","","","","","","","","","","","",28,1,"","","","","","","","","","","","",5.,1,"","","","","","","","",1,1,0,1,0,1,0,1,1,1,"","","","","","","","","","","","","","","","","","","","","","","","",80000,1,"","",2,1,0,1,"","",0,1,"","","","","","","","","","","","","","","","","","","","","","","","","","","","","","","","","","","","","","","","","","","","","","","","","","","","","","","","","","","","","",""
"63263001","PUY-DE-DOME-MN",45.775,2.966667,1461,1965051409,"","","","",0.,1,0,1,"","","","","","","","","","","","","","","","","","","","","","","","","","","","",18.8,1,1.,1,"","","","","","","","","","","","","","","","","","","","","","","","","","",30,1,"","","","","","","","","","","","",6.6,1,"","","","","","","","",1,1,0,1,0,1,0,1,1,1,"","","","","","","","","","","","","","","","","","","","","","","","",80000,1,"","",2,1,0,1,"","","","","","","","","","","","","","","","","","","","","","","","","","","","","","","","","","","","","","","","","","","","","","","","","","","","","","","","","","","","","","","","","",""
"63263001","PUY-DE-DOME-MN",45.775,2.966667,1461,1965051412,"","","","",3.,1,150,1,"","","","","","","","","","","","","","","","","","","","","","","","","","","","",20.9,1,3.1,1,"","","","","","","","","","","","","","","","","","","","","","","","","","",31,1,"","","","","","","","","","","","",7.7,1,"","","","","","","","",1,1,0,1,0,1,0,1,1,1,"","","","","","","","","","","","","","","","","","","","","","","","",80000,1,"","",2,1,0,1,"","","","","","","","","","","","","","","","","","","","","","","","","","","","","","","","","","","","","","","","","","","","","","","","","","","","","","","","","","","","","","","","","",""
"63263001","PUY-DE-DOME-MN",45.775,2.966667,1461,1965051415,"","","","",2.,1,170,1,"","","","","","","","","","","","","","","","","","","","","","","","","","","","",21.2,1,6.1,1,"","","","","","","","","","","","","","","","","","","","","","","","","","",38,1,"","","","","","","","","","","","",9.5,1,"","","","","","","","",1,1,0,1,1,1,0,1,1,1,"","","","","","","","","","","","","","","","","","","","","","","","",80000,1,"","",2,1,0,1,"","","","","","","","","","","","","","","","","","","","","","","","","","","","","","","","","","","","","","","","","","","","","","","","","","","","","","","","","","","","","","","","","",""
"63263001","PUY-DE-DOME-MN",45.775,2.966667,1461,1965051418,"","","","",0.,1,0,1,"","","","","","","","","","","","","","","","","","","","","","","","","","","","",19.2,1,7.5,1,"","","","","","","","","","","","","","","","","","","","","","","","","","",47,1,"","","","","","","","","","","","",10.5,1,"","","","","","","","",1,1,0,1,9,1,0,1,3,1,"","","","","","","","","","","","","","","","","","","","","","","","",70000,1,"","",2,1,0,1,"","","","","","","","","","","","","","","","","","","","","","","","","","","","","","","","","","","","","","","","","","","","","","","","","","","","","","","","","","","","","","","","","",""
"63263001","PUY-DE-DOME-MN",45.775,2.966667,1461,1965051421,"","","","","","","","","","","","","","","","","","","","","","","","","","","","","","","","","","","","",14.,1,10.6,1,"","","","","","","","","","","","","","","","","","","","","","","","","","",81,1,"","","","","","","","","","","","",13.,1,"","","","","","","","","","","","","","","","","","","","","","","","","","","","","","","","","","","","","","","","","","","","","","","","","","","","","","","","","","","","","","","","","","","","","","","","","","","","","","","","","","","","","","","","","","","","","","","","","","","","","","","","","","","","","","","","","","","",""
"63263001","PUY-DE-DOME-MN",45.775,2.966667,1461,1965051500,"","","","","","","","","","","","","","","","","","","","","","","","","","","","","","","","","","","","",15.,1,6.6,1,"","","","","","","","","","","","","","","","","","","","","","","","","","",58,1,"","","","","","","","","","","","",9.9,1,"","","","","","","","","","","","","","","","","","","","","","","","","","","","","","","","","","","","","","","","","","","","","","","","","","","","","","","","","","","","","","","","","","","","","","","","","","","","","","","","","","","","","","","","","","","","","","","","","","","","","","","","","","","","","","","","","","","",""
"63263001","PUY-DE-DOME-MN",45.775,2.966667,1461,1965051503,"","","","","","","","","","","","","","","","","","","","","","","","","","","","","","","","","","","","",13.3,1,5.6,1,"","","","","","","","","","","","","","","","","","","","","","","","","","",60,1,"","","","","","","","","","","","",9.2,1,"","","","","","","","","","","","","","","","","","","","","","","","","","","","","","","","","","","","","","","","","","","","","","","","","","","","","","","","","","","","","","","","","","","","","","","","","","","","","","","","","","","","","","","","","","","","","","","","","","","","","","","","","","","","","","","","","","","",""
"63263001","PUY-DE-DOME-MN",45.775,2.966667,1461,1965051506,"","","","",10.,1,310,1,"","","","","","","","","","","","","","","","","","","","","","","","","","","","",12.2,1,3.,1,"","","","","","","","","","","","","","","","","","","","","","","","","","",54,1,"","","","","","","","","","","","",7.6,1,"","","","","","","","",1,1,0,1,0,1,8,1,2,1,"","","","","","","","","","","","","","","","","","","","","","","","",50000,1,"","",2,1,0,1,"","",0,1,"","","","","","","","","","","","","","","","","","","","","","","","","","","","","","","","","","","","","","","","","","","","","","","","","","","","","","","","","","","","","",""
"63263001","PUY-DE-DOME-MN",45.775,2.966667,1461,1965051509,"","","","",0.,1,0,1,"","","","","","","","","","","","","","","","","","","","","","","","","","","","",15.9,1,-3.2,1,"","","","","","","","","","","","","","","","","","","","","","","","","","",27,1,"","","","","","","","","","","","",4.8,1,"","","","","","","","",4,1,0,1,0,1,8,1,2,1,"","","","","","","","","","","","","","","","","","","","","","","","",70000,1,"","",3,1,0,1,"","","","","","","","","","","","","","","","","","","","","","","","","","","","","","","","","","","","","","","","","","","","","","","","","","","","","","","","","","","","","","","","","",""
"63263001","PUY-DE-DOME-MN",45.775,2.966667,1461,1965051512,"","","","",0.,1,0,1,"","","","","","","","","","","","","","","","","","","","","","","","","","","","",18.9,1,7.7,1,"","","","","","","","","","","","","","","","","","","","","","","","","","",49,1,"","","","","","","","","","","","",10.7,1,"","","","","","","","",7,1,6,1,2,1,9,1,2,1,"","","","","","","","","","","","","","","","","","","","","","","","",70000,1,"","",3,1,1,1,"","","","","","","","","","","","","","","","","","","","","","","","","","","","","","","","","","","","","","","","","","","","","","","","","","","","","","","","","","","","","","","","","",""
"63263001","PUY-DE-DOME-MN",45.775,2.966667,1461,1965051515,"","","","",5.,1,280,1,"","","","","","","","","","","","","","","","","","","","","","","","","","","","",17.8,1,2.,1,"","","","","","","","","","","","","","","","","","","","","","","","","","",35,1,"","","","","","","","","","","","",7.1,1,"","","","","","","","",6,1,0,1,9,1,8,1,2,1,"","","","","","","","","","","","","","","","","","","","","","","","",60000,1,"","",1,1,2,1,"","","","","","","","","","","","","","","","","","","","","","","","","","","","","","","","","","","","","","","","","","","","","","","","","","","","","","","","","","","","","","","","","",""
"63263001","PUY-DE-DOME-MN",45.775,2.966667,1461,1965051518,"","","","",4.,1,320,1,"","","","","","","","","","","","","","","","","","","","","","","","","","","","",15.4,1,0.8,1,"","","","","","","","","","","","","","","","","","","","","","","","","","",38,1,"","","","","","","","","","","","",6.5,1,"","","","","","","","",6,1,0,1,9,1,6,1,3,1,"","","","","","","","","","","","","","","","","","","","","","","","",60000,1,"","",3,1,8,1,"","","","","","","","","","","","","","","","","","","","","","","","","","","","","","","","","","","","","","","","","","","","","","","","","","","","","","","","","","","","","","","","","",""
"63263001","PUY-DE-DOME-MN",45.775,2.966667,1461,1965051521,"","","","","","","","","","","","","","","","","","","","","","","","","","","","","","","","","","","","",13.,1,9.2,1,"","","","","","","","","","","","","","","","","","","","","","","","","","",78,1,"","","","","","","","","","","","",11.8,1,"","","","","","","","","","","","","","","","","","","","","","","","","","","","","","","","","","","","","","","","","","","","","","","","","","","","","","","","","","","","","","","","","","","","","","","","","","","","","","","","","","","","","","","","","","","","","","","","","","","","","","","","","","","","","","","","","","","",""
"63263001","PUY-DE-DOME-MN",45.775,2.966667,1461,1965051600,"","","","","","","","","","","","","","","","","","","","","","","","","","","","","","","","","","","","",10.9,1,8.9,1,"","","","","","","","","","","","","","","","","","","","","","","","","","",90,1,"","","","","","","","","","","","",11.6,1,"","","","","","","","","","","","","","","","","","","","","","","","","","","","","","","","","","","","","","","","","","","","","","","","","","","","","","","","","","","","","","","","","","","","","","","","","","","","","","","","","","","","","","","","","","","","","","","","","","","","","","","","","","","","","","","","","","","",""
"63263001","PUY-DE-DOME-MN",45.775,2.966667,1461,1965051603,"","","","","","","","","","","","","","","","","","","","","","","","","","","","","","","","","","","","",10.9,1,8.4,1,"","","","","","","","","","","","","","","","","","","","","","","","","","",85,1,"","","","","","","","","","","","",11.2,1,"","","","","","","","","","","","","","","","","","","","","","","","","","","","","","","","","","","","","","","","","","","","","","","","","","","","","","","","","","","","","","","","","","","","","","","","","","","","","","","","","","","","","","","","","","","","","","","","","","","","","","","","","","","","","","","","","","","",""
"63263001","PUY-DE-DOME-MN",45.775,2.966667,1461,1965051606,"","","","",4.,1,250,1,"","","","","","","","","","","","","","","","","","","","","","","","","","","","",10.1,1,8.1,1,"","","","","","","","","","","","","","","","","","","","","","","","","","",88,1,"","","","","","","","","","","","",11.,1,"","","","","","","","",6,1,0,1,5,1,4,1,2,1,"","","","","","","","","","","","","","","","","","","","","","","","",15000,1,"","",2,1,8,1,"","",0,1,"","","","","","","","","","","","","","","","","","","","","","","","","","","","","","","","","","","","","","","","","","","","","","","","","","","","","","","","","","","","","",""
"63263001","PUY-DE-DOME-MN",45.775,2.966667,1461,1965051609,"","","","",4.,1,270,1,"","","","","","","","","","","","","","","","","","","","","","","","","","","","",11.4,1,11.4,1,"","","","","","","","","","","","","","","","","","","","","","","","","","",100,1,"","","","","","","","","","","","",13.5,1,"","","","","","","","",8,1,8,1,"","","","","","","","","","","","","","","","","","","","","","","","","","","","","","",100,1,"","",41,1,1,1,"","","","","","","","","","","","","","","","","","","","","","","","","","","","","","","","","","","","","","","","","","","","","","","","","","","","","","","","","","","","","","","","","",""
"63263001","PUY-DE-DOME-MN",45.775,2.966667,1461,1965051612,"","","","",7.,1,270,1,"","","","","","","","","","","","","","","","","","","","","","","","","","","","",14.3,1,8.3,1,"","","","","","","","","","","","","","","","","","","","","","","","","","",68,1,"","","","","","","","","","","","",11.1,1,"","","","","","","","",6,1,5,1,2,1,0,1,4,1,"","","","","","","","","","","","","","","","","","","","","","","","",20000,1,"","",3,1,4,1,"","","","","","","","","","","","","","","","","","","","","","","","","","","","","","","","","","","","","","","","","","","","","","","","","","","","","","","","","","","","","","","","","",""
"63263001","PUY-DE-DOME-MN",45.775,2.966667,1461,1965051615,"","","","",7.,1,270,1,"","","","","","","","","","","","","","","","","","","","","","","","","","","","",15.4,1,8.1,1,"","","","","","","","","","","","","","","","","","","","","","","","","","",62,1,"","","","","","","","","","","","",11.,1,"","","","","","","","",4,1,0,1,2,1,4,1,2,1,"","","","","","","","","","","","","","","","","","","","","","","","",25000,1,"","",1,1,2,1,"","","","","","","","","","","","","","","","","","","","","","","","","","","","","","","","","","","","","","","","","","","","","","","","","","","","","","","","","","","","","","","","","",""
"63263001","PUY-DE-DOME-MN",45.775,2.966667,1461,1965051618,"","","","",4.,1,270,1,"","","","","","","","","","","","","","","","","","","","","","","","","","","","",14.3,1,7.5,1,"","","","","","","","","","","","","","","","","","","","","","","","","","",65,1,"","","","","","","","","","","","",10.5,1,"","","","","","","","",4,1,0,1,2,1,0,1,2,1,"","","","","","","","","","","","","","","","","","","","","","","","",30000,1,"","",3,1,1,1,"","","","","","","","","","","","","","","","","","","","","","","","","","","","","","","","","","","","","","","","","","","","","","","","","","","","","","","","","","","","","","","","","",""
"63263001","PUY-DE-DOME-MN",45.775,2.966667,1461,1965051621,"","","","","","","","","","","","","","","","","","","","","","","","","","","","","","","","","","","","",12.2,1,10.3,1,"","","","","","","","","","","","","","","","","","","","","","","","","","",89,1,"","","","","","","","","","","","",12.8,1,"","","","","","","","","","","","","","","","","","","","","","","","","","","","","","","","","","","","","","","","","","","","","","","","","","","","","","","","","","","","","","","","","","","","","","","","","","","","","","","","","","","","","","","","","","","","","","","","","","","","","","","","","","","","","","","","","","","",""
"63263001","PUY-DE-DOME-MN",45.775,2.966667,1461,1965051700,"","","","","","","","","","","","","","","","","","","","","","","","","","","","","","","","","","","","",10.7,1,6.6,1,"","","","","","","","","","","","","","","","","","","","","","","","","","",77,1,"","","","","","","","","","","","",9.9,1,"","","","","","","","","","","","","","","","","","","","","","","","","","","","","","","","","","","","","","","","","","","","","","","","","","","","","","","","","","","","","","","","","","","","","","","","","","","","","","","","","","","","","","","","","","","","","","","","","","","","","","","","","","","","","","","","","","","",""
"63263001","PUY-DE-DOME-MN",45.775,2.966667,1461,1965051703,"","","","","","","","","","","","","","","","","","","","","","","","","","","","","","","","","","","","",12.1,1,4.8,1,"","","","","","","","","","","","","","","","","","","","","","","","","","",63,1,"","","","","","","","","","","","",8.7,1,"","","","","","","","","","","","","","","","","","","","","","","","","","","","","","","","","","","","","","","","","","","","","","","","","","","","","","","","","","","","","","","","","","","","","","","","","","","","","","","","","","","","","","","","","","","","","","","","","","","","","","","","","","","","","","","","","","","",""
"63263001","PUY-DE-DOME-MN",45.775,2.966667,1461,1965051706,"","","","",12.,1,230,1,"","","","","","","","","","","","","","","","","","","","","","","","","","","","",11.2,1,5.3,1,"","","","","","","","","","","","","","","","","","","","","","","","","","",68,1,"","","","","","","","","","","","",9.,1,"","","","","","","","",6,1,0,1,2,1,0,1,2,1,"","","","","","","","","","","","","","","","","","","","","","","","",40000,1,"","",2,1,2,1,"","",0,1,"","","","","","","","","","","","","","","","","","","","","","","","","","","","","","","","","","","","","","","","","","","","","","","","","","","","","","","","","","","","","",""
"63263001","PUY-DE-DOME-MN",45.775,2.966667,1461,1965051709,"","","","",4.,1,250,1,"","","","","","","","","","","","","","","","","","","","","","","","","","","","",14.6,1,6.6,1,"","","","","","","","","","","","","","","","","","","","","","","","","","",59,1,"","","","","","","","","","","","",9.9,1,"","","","","","","","",5,1,0,1,9,1,0,1,3,1,"","","","","","","","","","","","","","","","","","","","","","","","",40000,1,"","",3,1,8,1,"","","","","","","","","","","","","","","","","","","","","","","","","","","","","","","","","","","","","","","","","","","","","","","","","","","","","","","","","","","","","","","","","",""
"63263001","PUY-DE-DOME-MN",45.775,2.966667,1461,1965051712,"","","","",14.,1,250,1,"","","","","","","","","","","","","","","","","","","","","","","","","","","","",12.2,1,8.3,1,"","","","","","","","","","","","","","","","","","","","","","","","","","",77,1,"","","","","","","","","","","","",11.1,1,"","","","","","","","",7,1,7,1,9,1,"","","","","","","","","","","","","","","","","","","","","","","","","","","","",30000,1,"","",2,1,8,1,"","","","","","","","","","","","","","","","","","","","","","","","","","","","","","","","","","","","","","","","","","","","","","","","","","","","","","","","","","","","","","","","","",""
"63263001","PUY-DE-DOME-MN",45.775,2.966667,1461,1965051715,"","","","",9.,1,310,1,"","","","","","","","","","","","","","","","","","","","","","","","","","","","",7.4,1,7.4,1,"","","","","","","","","","","","","","","","","","","","","","","","","","",100,1,"","","","","","","","","","","","",10.3,1,"","","","","","","","",8,1,8,1,"","","","","","","","","","","","","","","","","","","","","","","","","","","","","","",40,1,"","",95,1,9,1,"","","","","","","","","","","","","","","","","","","","","","","","","","","","","","","","","","","","","","","","","","","","","","","","","","","","","","","","","","","","","","","","","",""
"63263001","PUY-DE-DOME-MN",45.775,2.966667,1461,1965051718,"","","","",7.,1,290,1,"","","","","","","","","","","","","","","","","","","","","","","","","","","","",7.6,1,7.6,1,"","","","","","","","","","","","","","","","","","","","","","","","","","",100,1,"","","","","","","","","","","","",10.4,1,"","","","","","","","",9,1,"","","","","","","","","","","","","","","","","","","","","","","","","","","","","","","","",40,1,"","",45,1,9,1,"","","","","","","","","","","","","","","","","","","","","","","","","","","","","","","","","","","","","","","","","","","","","","","","","","","","","","","","","","","","","","","","","",""
"63263001","PUY-DE-DOME-MN",45.775,2.966667,1461,1965051721,"","","","","","","","","","","","","","","","","","","","","","","","","","","","","","","","","","","","",7.1,1,7.1,1,"","","","","","","","","","","","","","","","","","","","","","","","","","",100,1,"","","","","","","","","","","","",10.1,1,"","","","","","","","","","","","","","","","","","","","","","","","","","","","","","","","","","","","","","","","","","","","","","","","","","","","","","","","","","","","","","","","","","","","","","","","","","","","","","","","","","","","","","","","","","","","","","","","","","","","","","","","","","","","","","","","","","","",""
"63263001","PUY-DE-DOME-MN",45.775,2.966667,1461,1965051800,"","","","","","","","","","","","","","","","","","","","","","","","","","","","","","","","","","","","",7.1,1,7.1,1,"","","","","","","","","","","","","","","","","","","","","","","","","","",100,1,"","","","","","","","","","","","",10.1,1,"","","","","","","","","","","","","","","","","","","","","","","","","","","","","","","","","","","","","","","","","","","","","","","","","","","","","","","","","","","","","","","","","","","","","","","","","","","","","","","","","","","","","","","","","","","","","","","","","","","","","","","","","","","","","","","","","","","",""
"63263001","PUY-DE-DOME-MN",45.775,2.966667,1461,1965051803,"","","","","","","","","","","","","","","","","","","","","","","","","","","","","","","","","","","","",6.1,1,6.1,1,"","","","","","","","","","","","","","","","","","","","","","","","","","",100,1,"","","","","","","","","","","","",9.4,1,"","","","","","","","","","","","","","","","","","","","","","","","","","","","","","","","","","","","","","","","","","","","","","","","","","","","","","","","","","","","","","","","","","","","","","","","","","","","","","","","","","","","","","","","","","","","","","","","","","","","","","","","","","","","","","","","","","","",""
"63263001","PUY-DE-DOME-MN",45.775,2.966667,1461,1965051806,"","","","",0.,1,0,1,"","","","","","","","","","","","","","","","","","","","","","","","","","","","",5.6,1,5.6,1,"","","","","","","","","","","","","","","","","","","","","","","","","","",100,1,"","","","","","","","","","","","",9.1,1,"","","","","","","","",8,1,8,1,"","","","","","","","","","","","","","","","","","","","","","","","","","","","","","",40,1,"","",61,1,6,1,"","",0,1,"","","","","","","","","","","","","","","","","","","","","","","","","","","","","","","","","","","","","","","","","","","","","","","","","","","","","","","","","","","","","",""
"63263001","PUY-DE-DOME-MN",45.775,2.966667,1461,1965051809,"","","","",2.,1,270,1,"","","","","","","","","","","","","","","","","","","","","","","","","","","","",6.,1,6.,1,"","","","","","","","","","","","","","","","","","","","","","","","","","",100,1,"","","","","","","","","","","","",9.3,1,"","","","","","","","",9,1,"","","","","","","","","","","","","","","","","","","","","","","","","","","","","","","","",100,1,"","",43,1,6,1,"","","","","","","","","","","","","","","","","","","","","","","","","","","","","","","","","","","","","","","","","","","","","","","","","","","","","","","","","","","","","","","","","",""
"63263001","PUY-DE-DOME-MN",45.775,2.966667,1461,1965051812,"","","","",0.,1,0,1,"","","","","","","","","","","","","","","","","","","","","","","","","","","","",5.6,1,5.6,1,"","","","","","","","","","","","","","","","","","","","","","","","","","",100,1,"","","","","","","","","","","","",9.1,1,"","","","","","","","",8,1,8,1,"","","","","","","","","","","","","","","","","","","","","","","","","","","","","","",100,1,"","",61,1,6,1,"","","","","","","","","","","","","","","","","","","","","","","","","","","","","","","","","","","","","","","","","","","","","","","","","","","","","","","","","","","","","","","","","",""
"63263001","PUY-DE-DOME-MN",45.775,2.966667,1461,1965051815,"","","","",7.,1,330,1,"","","","","","","","","","","","","","","","","","","","","","","","","","","","",4.2,1,4.2,1,"","","","","","","","","","","","","","","","","","","","","","","","","","",100,1,"","","","","","","","","","","","",8.3,1,"","","","","","","","",8,1,8,1,"","","","","","","","","","","","","","","","","","","","","","","","","","","","","","",100,1,"","",61,1,6,1,"","","","","","","","","","","","","","","","","","","","","","","","","","","","","","","","","","","","","","","","","","","","","","","","","","","","","","","","","","","","","","","","","",""
"63263001","PUY-DE-DOME-MN",45.775,2.966667,1461,1965051818,"","","","",8.,1,50,1,"","","","","","","","","","","","","","","","","","","","","","","","","","","","",4.,1,4.,1,"","","","","","","","","","","","","","","","","","","","","","","","","","",100,1,"","","","","","","","","","","","",8.1,1,"","","","","","","","",8,1,8,1,"","","","","","","","","","","","","","","","","","","","","","","","","","","","","","",100,1,"","",61,1,6,1,"","","","","","","","","","","","","","","","","","","","","","","","","","","","","","","","","","","","","","","","","","","","","","","","","","","","","","","","","","","","","","","","","",""
"63263001","PUY-DE-DOME-MN",45.775,2.966667,1461,1965051821,"","","","","","","","","","","","","","","","","","","","","","","","","","","","","","","","","","","","",2.2,1,2.2,1,"","","","","","","","","","","","","","","","","","","","","","","","","","",100,1,"","","","","","","","","","","","",7.2,1,"","","","","","","","","","","","","","","","","","","","","","","","","","","","","","","","","","","","","","","","","","","","","","","","","","","","","","","","","","","","","","","","","","","","","","","","","","","","","","","","","","","","","","","","","","","","","","","","","","","","","","","","","","","","","","","","","","","",""
"63263001","PUY-DE-DOME-MN",45.775,2.966667,1461,1965051900,"","","","","","","","","","","","","","","","","","","","","","","","","","","","","","","","","","","","",2.1,1,2.1,1,"","","","","","","","","","","","","","","","","","","","","","","","","","",100,1,"","","","","","","","","","","","",7.1,1,"","","","","","","","","","","","","","","","","","","","","","","","","","","","","","","","","","","","","","","","","","","","","","","","","","","","","","","","","","","","","","","","","","","","","","","","","","","","","","","","","","","","","","","","","","","","","","","","","","","","","","","","","","","","","","","","","","","",""
"63263001","PUY-DE-DOME-MN",45.775,2.966667,1461,1965051903,"","","","","","","","","","","","","","","","","","","","","","","","","","","","","","","","","","","","",1.3,1,1.3,1,"","","","","","","","","","","","","","","","","","","","","","","","","","",100,1,"","","","","","","","","","","","",6.7,1,"","","","","","","","","","","","","","","","","","","","","","","","","","","","","","","","","","","","","","","","","","","","","","","","","","","","","","","","","","","","","","","","","","","","","","","","","","","","","","","","","","","","","","","","","","","","","","","","","","","","","","","","","","","","","","","","","","","",""
"63263001","PUY-DE-DOME-MN",45.775,2.966667,1461,1965051906,"","","","",20.,1,310,1,"","","","","","","","","","","","","","","","","","","","","","","","","","","","",2.1,1,2.1,1,"","","","","","","","","","","","","","","","","","","","","","","","","","",100,1,"","","","","","","","","","","","",7.1,1,"","","","","","","","",8,1,8,1,"","","","","","","","","","","","","","","","","","","","","","","","","","","","","","",40,1,"","",61,1,6,1,"","",0,1,"","","","","","","","","","","","","","","","","","","","","","","","","","","","","","","","","","","","","","","","","","","","","","","","","","","","","","","","","","","","","",""
"63263001","PUY-DE-DOME-MN",45.775,2.966667,1461,1965051909,"","","","",17.,1,310,1,"","","","","","","","","","","","","","","","","","","","","","","","","","","","",1.,1,1.,1,"","","","","","","","","","","","","","","","","","","","","","","","","","",100,1,"","","","","","","","","","","","",6.6,1,"","","","","","","","",9,1,"","","","","","","","","","","","","","","","","","","","","","","","","","","","","","","","",40,1,"","",45,1,6,1,"","","","","","","","","","","","","","","","","","","","","","","","","","","","","","","","","","","","","","","","","","","","","","","","","","","","","","","","","","","","","","","","","",""
"63263001","PUY-DE-DOME-MN",45.775,2.966667,1461,1965051912,"","","","",15.,1,350,1,"","","","","","","","","","","","","","","","","","","","","","","","","","","","",-0.8,1,-0.8,1,"","","","","","","","","","","","","","","","","","","","","","","","","","",100,1,"","","","","","","","","","","","",5.8,1,"","","","","","","","",8,1,8,1,"","","","","","","","","","","","","","","","","","","","","","","","","","","","","","",40,1,"","",87,1,6,1,"","","","","","","","","","","","","","","","","","","","","","","","","","","","","","","","","","","","","","","","","","","","","","","","","","","","","","","","","","","","","","","","","",""
"63263001","PUY-DE-DOME-MN",45.775,2.966667,1461,1965051915,"","","","",13.,1,330,1,"","","","","","","","","","","","","","","","","","","","","","","","","","","","",-0.1,1,-0.1,1,"","","","","","","","","","","","","","","","","","","","","","","","","","",100,1,"","","","","","","","","","","","",6.1,1,"","","","","","","","",9,1,"","","","","","","","","","","","","","","","","","","","","","","","","","","","","","","","",40,1,"","",49,1,8,1,"","","","","","","","","","","","","","","","","","","","","","","","","","","","","","","","","","","","","","","","","","","","","","","","","","","","","","","","","","","","","","","","","",""
"63263001","PUY-DE-DOME-MN",45.775,2.966667,1461,1965051918,"","","","",13.,1,330,1,"","","","","","","","","","","","","","","","","","","","","","","","","","","","",-1.,1,-1.,1,"","","","","","","","","","","","","","","","","","","","","","","","","","",100,1,"","","","","","","","","","","","",5.7,1,"","","","","","","","",9,1,"","","","","","","","","","","","","","","","","","","","","","","","","","","","","","","","",40,1,"","",49,1,8,1,"","","","","","","","","","","","","","","","","","","","","","","","","","","","","","","","","","","","","","","","","","","","","","","","","","","","","","","","","","","","","","","","","",""
"63263001","PUY-DE-DOME-MN",45.775,2.966667,1461,1965051921,"","","","","","","","","","","","","","","","","","","","","","","","","","","","","","","","","","","","",-1.,1,-1.,1,"","","","","","","","","","","","","","","","","","","","","","","","","","",100,1,"","","","","","","","","","","","",5.7,1,"","","","","","","","","","","","","","","","","","","","","","","","","","","","","","","","","","","","","","","","","","","","","","","","","","","","","","","","","","","","","","","","","","","","","","","","","","","","","","","","","","","","","","","","","","","","","","","","","","","","","","","","","","","","","","","","","","","",""
"63263001","PUY-DE-DOME-MN",45.775,2.966667,1461,1965052000,"","","","","","","","","","","","","","","","","","","","","","","","","","","","","","","","","","","","",-0.9,1,-0.9,1,"","","","","","","","","","","","","","","","","","","","","","","","","","",100,1,"","","","","","","","","","","","",5.7,1,"","","","","","","","","","","","","","","","","","","","","","","","","","","","","","","","","","","","","","","","","","","","","","","","","","","","","","","","","","","","","","","","","","","","","","","","","","","","","","","","","","","","","","","","","","","","","","","","","","","","","","","","","","","","","","","","","","","",""
"63263001","PUY-DE-DOME-MN",45.775,2.966667,1461,1965052003,"","","","","","","","","","","","","","","","","","","","","","","","","","","","","","","","","","","","",-1.,1,-1.,1,"","","","","","","","","","","","","","","","","","","","","","","","","","",100,1,"","","","","","","","","","","","",5.7,1,"","","","","","","","","","","","","","","","","","","","","","","","","","","","","","","","","","","","","","","","","","","","","","","","","","","","","","","","","","","","","","","","","","","","","","","","","","","","","","","","","","","","","","","","","","","","","","","","","","","","","","","","","","","","","","","","","","","",""
"63263001","PUY-DE-DOME-MN",45.775,2.966667,1461,1965052006,"","","","",0.,1,0,1,"","","","","","","","","","","","","","","","","","","","","","","","","","","","",-0.7,1,-0.7,1,"","","","","","","","","","","","","","","","","","","","","","","","","","",100,1,"","","","","","","","","","","","",5.8,1,"","","","","","","","",9,1,"","","","","","","","","","","","","","","","","","","","","","","","","","","","","","","","",40,1,"","",49,1,4,1,"","",0,1,"","","","","","","","","","","","","","","","","","","","","","","","","","","","","","","","","","","","","","","","","","","","","","","","","","","","","","","","","","","","","",""
"63263001","PUY-DE-DOME-MN",45.775,2.966667,1461,1965052009,"","","","",6.,1,90,1,"","","","","","","","","","","","","","","","","","","","","","","","","","","","",0.,1,-0.7,1,"","","","","","","","","","","","","","","","","","","","","","","","","","",95,1,"","","","","","","","","","","","",5.8,1,"","","","","","","","",7,1,7,1,2,1,0,1,2,1,"","","","","","","","","","","","","","","","","","","","","","","","",20000,1,"","",28,1,4,1,"","","","","","","","","","","","","","","","","","","","","","","","","","","","","","","","","","","","","","","","","","","","","","","","","","","","","","","","","","","","","","","","","",""
"63263001","PUY-DE-DOME-MN",45.775,2.966667,1461,1965052012,"","","","",8.,1,70,1,"","","","","","","","","","","","","","","","","","","","","","","","","","","","",2.,1,-2.4,1,"","","","","","","","","","","","","","","","","","","","","","","","","","",72,1,"","","","","","","","","","","","",5.1,1,"","","","","","","","",7,1,0,1,2,1,0,1,2,1,"","","","","","","","","","","","","","","","","","","","","","","","",30000,1,"","",2,1,4,1,"","","","","","","","","","","","","","","","","","","","","","","","","","","","","","","","","","","","","","","","","","","","","","","","","","","","","","","","","","","","","","","","","",""
"63263001","PUY-DE-DOME-MN",45.775,2.966667,1461,1965052015,"","","","",10.,1,70,1,"","","","","","","","","","","","","","","","","","","","","","","","","","","","",4.,1,-1.6,1,"","","","","","","","","","","","","","","","","","","","","","","","","","",67,1,"","","","","","","","","","","","",5.4,1,"","","","","","","","",5,1,5,1,2,1,0,1,2,1,"","","","","","","","","","","","","","","","","","","","","","","","",30000,1,"","",1,1,2,1,"","","","","","","","","","","","","","","","","","","","","","","","","","","","","","","","","","","","","","","","","","","","","","","","","","","","","","","","","","","","","","","","","",""
"63263001","PUY-DE-DOME-MN",45.775,2.966667,1461,1965052018,"","","","",10.,1,70,1,"","","","","","","","","","","","","","","","","","","","","","","","","","","","",1.6,1,-1.4,1,"","","","","","","","","","","","","","","","","","","","","","","","","","",81,1,"","","","","","","","","","","","",5.5,1,"","","","","","","","",6,1,6,1,5,1,0,1,0,1,"","","","","","","","","","","","","","","","","","","","","","","","",30000,1,"","",1,1,2,1,"","","","","","","","","","","","","","","","","","","","","","","","","","","","","","","","","","","","","","","","","","","","","","","","","","","","","","","","","","","","","","","","","",""
"63263001","PUY-DE-DOME-MN",45.775,2.966667,1461,1965052021,"","","","","","","","","","","","","","","","","","","","","","","","","","","","","","","","","","","","",0.9,1,-2.4,1,"","","","","","","","","","","","","","","","","","","","","","","","","","",79,1,"","","","","","","","","","","","",5.1,1,"","","","","","","","","","","","","","","","","","","","","","","","","","","","","","","","","","","","","","","","","","","","","","","","","","","","","","","","","","","","","","","","","","","","","","","","","","","","","","","","","","","","","","","","","","","","","","","","","","","","","","","","","","","","","","","","","","","",""
"63263001","PUY-DE-DOME-MN",45.775,2.966667,1461,1965052100,"","","","","","","","","","","","","","","","","","","","","","","","","","","","","","","","","","","","",0.2,1,-0.5,1,"","","","","","","","","","","","","","","","","","","","","","","","","","",95,1,"","","","","","","","","","","","",5.9,1,"","","","","","","","","","","","","","","","","","","","","","","","","","","","","","","","","","","","","","","","","","","","","","","","","","","","","","","","","","","","","","","","","","","","","","","","","","","","","","","","","","","","","","","","","","","","","","","","","","","","","","","","","","","","","","","","","","","",""
"63263001","PUY-DE-DOME-MN",45.775,2.966667,1461,1965052103,"","","","","","","","","","","","","","","","","","","","","","","","","","","","","","","","","","","","",-1.,1,-1.6,1,"","","","","","","","","","","","","","","","","","","","","","","","","","",95,1,"","","","","","","","","","","","",5.4,1,"","","","","","","","","","","","","","","","","","","","","","","","","","","","","","","","","","","","","","","","","","","","","","","","","","","","","","","","","","","","","","","","","","","","","","","","","","","","","","","","","","","","","","","","","","","","","","","","","","","","","","","","","","","","","","","","","","","",""
"63263001","PUY-DE-DOME-MN",45.775,2.966667,1461,1965052106,"","","","",17.,1,90,1,"","","","","","","","","","","","","","","","","","","","","","","","","","","","",-0.5,1,-1.2,1,"","","","","","","","","","","","","","","","","","","","","","","","","","",95,1,"","","","","","","","","","","","",5.6,1,"","","","","","","","",0,1,"","",0,1,0,1,0,1,"","","","","","","","","","","","","","","","","","","","","","","","",30000,1,"","",2,1,"","","","",0,1,"","","","","","","","","","","","","","","","","","","","","","","","","","","","","","","","","","","","","","","","","","","","","","","","","","","","","","","","","","","","","",""
"63263001","PUY-DE-DOME-MN",45.775,2.966667,1461,1965052109,"","","","",12.,1,90,1,"","","","","","","","","","","","","","","","","","","","","","","","","","","","",2.3,1,-2.9,1,"","","","","","","","","","","","","","","","","","","","","","","","","","",68,1,"","","","","","","","","","","","",4.9,1,"","","","","","","","",1,1,0,1,0,1,0,1,1,1,"","","","","","","","","","","","","","","","","","","","","","","","",30000,1,"","",3,1,0,1,"","","","","","","","","","","","","","","","","","","","","","","","","","","","","","","","","","","","","","","","","","","","","","","","","","","","","","","","","","","","","","","","","",""
"63263001","PUY-DE-DOME-MN",45.775,2.966667,1461,1965052112,"","","","",10.,1,90,1,"","","","","","","","","","","","","","","","","","","","","","","","","","","","",5.9,1,-1.6,1,"","","","","","","","","","","","","","","","","","","","","","","","","","",58,1,"","","","","","","","","","","","",5.4,1,"","","","","","","","",2,1,0,1,0,1,0,1,2,1,"","","","","","","","","","","","","","","","","","","","","","","","",40000,1,"","",2,1,0,1,"","","","","","","","","","","","","","","","","","","","","","","","","","","","","","","","","","","","","","","","","","","","","","","","","","","","","","","","","","","","","","","","","",""
"63263001","PUY-DE-DOME-MN",45.775,2.966667,1461,1965052115,"","","","",7.,1,90,1,"","","","","","","","","","","","","","","","","","","","","","","","","","","","",7.8,1,-1.9,1,"","","","","","","","","","","","","","","","","","","","","","","","","","",50,1,"","","","","","","","","","","","",5.3,1,"","","","","","","","",5,1,5,1,0,1,0,1,2,1,"","","","","","","","","","","","","","","","","","","","","","","","",40000,1,"","",2,1,1,1,"","","","","","","","","","","","","","","","","","","","","","","","","","","","","","","","","","","","","","","","","","","","","","","","","","","","","","","","","","","","","","","","","",""
"63263001","PUY-DE-DOME-MN",45.775,2.966667,1461,1965052118,"","","","",9.,1,90,1,"","","","","","","","","","","","","","","","","","","","","","","","","","","","",6.5,1,-1.2,1,"","","","","","","","","","","","","","","","","","","","","","","","","","",58,1,"","","","","","","","","","","","",5.6,1,"","","","","","","","",6,1,6,1,0,1,0,1,2,1,"","","","","","","","","","","","","","","","","","","","","","","","",30000,1,"","",2,1,1,1,"","","","","","","","","","","","","","","","","","","","","","","","","","","","","","","","","","","","","","","","","","","","","","","","","","","","","","","","","","","","","","","","","",""
"63263001","PUY-DE-DOME-MN",45.775,2.966667,1461,1965052121,"","","","","","","","","","","","","","","","","","","","","","","","","","","","","","","","","","","","",3.8,1,-2.7,1,"","","","","","","","","","","","","","","","","","","","","","","","","","",62,1,"","","","","","","","","","","","",5.,1,"","","","","","","","","","","","","","","","","","","","","","","","","","","","","","","","","","","","","","","","","","","","","","","","","","","","","","","","","","","","","","","","","","","","","","","","","","","","","","","","","","","","","","","","","","","","","","","","","","","","","","","","","","","","","","","","","","","",""
"63263001","PUY-DE-DOME-MN",45.775,2.966667,1461,1965052200,"","","","","","","","","","","","","","","","","","","","","","","","","","","","","","","","","","","","",7.,1,-17.4,1,"","","","","","","","","","","","","","","","","","","","","","","","","","",15,1,"","","","","","","","","","","","",1.5,1,"","","","","","","","","","","","","","","","","","","","","","","","","","","","","","","","","","","","","","","","","","","","","","","","","","","","","","","","","","","","","","","","","","","","","","","","","","","","","","","","","","","","","","","","","","","","","","","","","","","","","","","","","","","","","","","","","","","",""
"63263001","PUY-DE-DOME-MN",45.775,2.966667,1461,1965052203,"","","","","","","","","","","","","","","","","","","","","","","","","","","","","","","","","","","","",5.9,1,-5.5,1,"","","","","","","","","","","","","","","","","","","","","","","","","","",43,1,"","","","","","","","","","","","",4.,1,"","","","","","","","","","","","","","","","","","","","","","","","","","","","","","","","","","","","","","","","","","","","","","","","","","","","","","","","","","","","","","","","","","","","","","","","","","","","","","","","","","","","","","","","","","","","","","","","","","","","","","","","","","","","","","","","","","","",""
"63263001","PUY-DE-DOME-MN",45.775,2.966667,1461,1965052206,"","","","",11.,1,310,1,"","","","","","","","","","","","","","","","","","","","","","","","","","","","",5.5,1,-3.2,1,"","","","","","","","","","","","","","","","","","","","","","","","","","",53,1,"","","","","","","","","","","","",4.8,1,"","","","","","","","",6,1,6,1,0,1,4,1,2,1,"","","","","","","","","","","","","","","","","","","","","","","","",60000,1,"","",2,1,2,1,"","",0,1,"","","","","","","","","","","","","","","","","","","","","","","","","","","","","","","","","","","","","","","","","","","","","","","","","","","","","","","","","","","","","",""
"63263001","PUY-DE-DOME-MN",45.775,2.966667,1461,1965052209,"","","","",9.,1,310,1,"","","","","","","","","","","","","","","","","","","","","","","","","","","","",7.4,1,-2.9,1,"","","","","","","","","","","","","","","","","","","","","","","","","","",48,1,"","","","","","","","","","","","",4.9,1,"","","","","","","","",4,1,0,1,0,1,4,1,2,1,"","","","","","","","","","","","","","","","","","","","","","","","",60000,1,"","",3,1,1,1,"","","","","","","","","","","","","","","","","","","","","","","","","","","","","","","","","","","","","","","","","","","","","","","","","","","","","","","","","","","","","","","","","",""
"63263001","PUY-DE-DOME-MN",45.775,2.966667,1461,1965052212,"","","","",3.,1,310,1,"","","","","","","","","","","","","","","","","","","","","","","","","","","","",11.8,1,-2.4,1,"","","","","","","","","","","","","","","","","","","","","","","","","","",37,1,"","","","","","","","","","","","",5.1,1,"","","","","","","","",6,1,6,1,0,1,4,1,2,1,"","","","","","","","","","","","","","","","","","","","","","","","",60000,1,"","",3,1,1,1,"","","","","","","","","","","","","","","","","","","","","","","","","","","","","","","","","","","","","","","","","","","","","","","","","","","","","","","","","","","","","","","","","",""
"63263001","PUY-DE-DOME-MN",45.775,2.966667,1461,1965052215,"","","","",3.,1,270,1,"","","","","","","","","","","","","","","","","","","","","","","","","","","","",13.3,1,4.8,1,"","","","","","","","","","","","","","","","","","","","","","","","","","",57,1,"","","","","","","","","","","","",8.7,1,"","","","","","","","",3,1,0,1,2,1,4,1,2,1,"","","","","","","","","","","","","","","","","","","","","","","","",50000,1,"","",3,1,1,1,"","","","","","","","","","","","","","","","","","","","","","","","","","","","","","","","","","","","","","","","","","","","","","","","","","","","","","","","","","","","","","","","","",""
"63263001","PUY-DE-DOME-MN",45.775,2.966667,1461,1965052218,"","","","",0.,1,0,1,"","","","","","","","","","","","","","","","","","","","","","","","","","","","",11.3,1,5.1,1,"","","","","","","","","","","","","","","","","","","","","","","","","","",66,1,"","","","","","","","","","","","",8.9,1,"","","","","","","","",2,1,0,1,4,1,0,1,2,1,"","","","","","","","","","","","","","","","","","","","","","","","",50000,1,"","",1,1,1,1,"","","","","","","","","","","","","","","","","","","","","","","","","","","","","","","","","","","","","","","","","","","","","","","","","","","","","","","","","","","","","","","","","",""
"63263001","PUY-DE-DOME-MN",45.775,2.966667,1461,1965052221,"","","","","","","","","","","","","","","","","","","","","","","","","","","","","","","","","","","","",8.8,1,2.2,1,"","","","","","","","","","","","","","","","","","","","","","","","","","",64,1,"","","","","","","","","","","","",7.2,1,"","","","","","","","","","","","","","","","","","","","","","","","","","","","","","","","","","","","","","","","","","","","","","","","","","","","","","","","","","","","","","","","","","","","","","","","","","","","","","","","","","","","","","","","","","","","","","","","","","","","","","","","","","","","","","","","","","","",""
"63263001","PUY-DE-DOME-MN",45.775,2.966667,1461,1965052300,"","","","","","","","","","","","","","","","","","","","","","","","","","","","","","","","","","","","",8.6,1,3.3,1,"","","","","","","","","","","","","","","","","","","","","","","","","","",70,1,"","","","","","","","","","","","",7.8,1,"","","","","","","","","","","","","","","","","","","","","","","","","","","","","","","","","","","","","","","","","","","","","","","","","","","","","","","","","","","","","","","","","","","","","","","","","","","","","","","","","","","","","","","","","","","","","","","","","","","","","","","","","","","","","","","","","","","",""
"63263001","PUY-DE-DOME-MN",45.775,2.966667,1461,1965052303,"","","","","","","","","","","","","","","","","","","","","","","","","","","","","","","","","","","","",7.9,1,3.,1,"","","","","","","","","","","","","","","","","","","","","","","","","","",71,1,"","","","","","","","","","","","",7.6,1,"","","","","","","","","","","","","","","","","","","","","","","","","","","","","","","","","","","","","","","","","","","","","","","","","","","","","","","","","","","","","","","","","","","","","","","","","","","","","","","","","","","","","","","","","","","","","","","","","","","","","","","","","","","","","","","","","","","",""
"63263001","PUY-DE-DOME-MN",45.775,2.966667,1461,1965052306,"","","","",3.,1,250,1,"","","","","","","","","","","","","","","","","","","","","","","","","","","","",8.1,1,3.1,1,"","","","","","","","","","","","","","","","","","","","","","","","","","",71,1,"","","","","","","","","","","","",7.7,1,"","","","","","","","",7,1,7,1,0,1,8,1,"","","","","","","","","","","","","","","","","","","","","","","","","","",30000,1,"","",0,1,"","","","",0,1,"","","","","","","","","","","","","","","","","","","","","","","","","","","","","","","","","","","","","","","","","","","","","","","","","","","","","","","","","","","","","",""
"63263001","PUY-DE-DOME-MN",45.775,2.966667,1461,1965052309,"","","","",11.,1,270,1,"","","","","","","","","","","","","","","","","","","","","","","","","","","","",5.4,1,5.4,1,"","","","","","","","","","","","","","","","","","","","","","","","","","",100,1,"","","","","","","","","","","","",9.,1,"","","","","","","","",8,1,8,1,"","","","","","","","","","","","","","","","","","","","","","","","","","","","","","",100,1,"","",61,1,6,1,"","","","","","","","","","","","","","","","","","","","","","","","","","","","","","","","","","","","","","","","","","","","","","","","","","","","","","","","","","","","","","","","","",""
"63263001","PUY-DE-DOME-MN",45.775,2.966667,1461,1965052312,"","","","",9.,1,270,1,"","","","","","","","","","","","","","","","","","","","","","","","","","","","",6.,1,6.,1,"","","","","","","","","","","","","","","","","","","","","","","","","","",100,1,"","","","","","","","","","","","",9.3,1,"","","","","","","","",9,1,"","","","","","","","","","","","","","","","","","","","","","","","","","","","","","","","",40,1,"","",47,1,6,1,"","","","","","","","","","","","","","","","","","","","","","","","","","","","","","","","","","","","","","","","","","","","","","","","","","","","","","","","","","","","","","","","","",""
"63263001","PUY-DE-DOME-MN",45.775,2.966667,1461,1965052315,"","","","",10.,1,270,1,"","","","","","","","","","","","","","","","","","","","","","","","","","","","",5.3,1,5.3,1,"","","","","","","","","","","","","","","","","","","","","","","","","","",100,1,"","","","","","","","","","","","",8.9,1,"","","","","","","","",8,1,8,1,"","","","","","","","","","","","","","","","","","","","","","","","","","","","","","",40,1,"","",61,1,6,1,"","","","","","","","","","","","","","","","","","","","","","","","","","","","","","","","","","","","","","","","","","","","","","","","","","","","","","","","","","","","","","","","","",""
"63263001","PUY-DE-DOME-MN",45.775,2.966667,1461,1965052318,"","","","",8.,1,270,1,"","","","","","","","","","","","","","","","","","","","","","","","","","","","",5.5,1,5.5,1,"","","","","","","","","","","","","","","","","","","","","","","","","","",100,1,"","","","","","","","","","","","",9.,1,"","","","","","","","",8,1,8,1,"","","","","","","","","","","","","","","","","","","","","","","","","","","","","","",100,1,"","",41,1,6,1,"","","","","","","","","","","","","","","","","","","","","","","","","","","","","","","","","","","","","","","","","","","","","","","","","","","","","","","","","","","","","","","","","",""
"63263001","PUY-DE-DOME-MN",45.775,2.966667,1461,1965052321,"","","","","","","","","","","","","","","","","","","","","","","","","","","","","","","","","","","","",4.4,1,4.4,1,"","","","","","","","","","","","","","","","","","","","","","","","","","",100,1,"","","","","","","","","","","","",8.4,1,"","","","","","","","","","","","","","","","","","","","","","","","","","","","","","","","","","","","","","","","","","","","","","","","","","","","","","","","","","","","","","","","","","","","","","","","","","","","","","","","","","","","","","","","","","","","","","","","","","","","","","","","","","","","","","","","","","","",""
"63263001","PUY-DE-DOME-MN",45.775,2.966667,1461,1965052400,"","","","","","","","","","","","","","","","","","","","","","","","","","","","","","","","","","","","",4.5,1,4.5,1,"","","","","","","","","","","","","","","","","","","","","","","","","","",100,1,"","","","","","","","","","","","",8.4,1,"","","","","","","","","","","","","","","","","","","","","","","","","","","","","","","","","","","","","","","","","","","","","","","","","","","","","","","","","","","","","","","","","","","","","","","","","","","","","","","","","","","","","","","","","","","","","","","","","","","","","","","","","","","","","","","","","","","",""
"63263001","PUY-DE-DOME-MN",45.775,2.966667,1461,1965052403,"","","","","","","","","","","","","","","","","","","","","","","","","","","","","","","","","","","","",3.7,1,3.7,1,"","","","","","","","","","","","","","","","","","","","","","","","","","",100,1,"","","","","","","","","","","","",8.,1,"","","","","","","","","","","","","","","","","","","","","","","","","","","","","","","","","","","","","","","","","","","","","","","","","","","","","","","","","","","","","","","","","","","","","","","","","","","","","","","","","","","","","","","","","","","","","","","","","","","","","","","","","","","","","","","","","","","",""
"63263001","PUY-DE-DOME-MN",45.775,2.966667,1461,1965052406,"","","","",12.,1,270,1,"","","","","","","","","","","","","","","","","","","","","","","","","","","","",3.6,1,2.2,1,"","","","","","","","","","","","","","","","","","","","","","","","","","",91,1,"","","","","","","","","","","","",7.2,1,"","","","","","","","",1,1,0,1,0,1,4,1,2,1,"","","","","","","","","","","","","","","","","","","","","","","","",80000,1,"","",0,1,4,1,"","",0,1,"","","","","","","","","","","","","","","","","","","","","","","","","","","","","","","","","","","","","","","","","","","","","","","","","","","","","","","","","","","","","",""
"63263001","PUY-DE-DOME-MN",45.775,2.966667,1461,1965052409,"","","","",7.,1,270,1,"","","","","","","","","","","","","","","","","","","","","","","","","","","","",6.3,1,4.,1,"","","","","","","","","","","","","","","","","","","","","","","","","","",86,1,"","","","","","","","","","","","",8.2,1,"","","","","","","","",6,1,5,1,2,1,4,1,2,1,"","","","","","","","","","","","","","","","","","","","","","","","",80000,1,"","",3,1,1,1,"","","","","","","","","","","","","","","","","","","","","","","","","","","","","","","","","","","","","","","","","","","","","","","","","","","","","","","","","","","","","","","","","",""
"63263001","PUY-DE-DOME-MN",45.775,2.966667,1461,1965052412,"","","","",4.,1,270,1,"","","","","","","","","","","","","","","","","","","","","","","","","","","","",7.2,1,3.,1,"","","","","","","","","","","","","","","","","","","","","","","","","","",75,1,"","","","","","","","","","","","",7.6,1,"","","","","","","","",7,1,5,1,2,1,4,1,"","","","","","","","","","","","","","","","","","","","","","","","","","",80000,1,"","",2,1,1,1,"","","","","","","","","","","","","","","","","","","","","","","","","","","","","","","","","","","","","","","","","","","","","","","","","","","","","","","","","","","","","","","","","",""
"63263001","PUY-DE-DOME-MN",45.775,2.966667,1461,1965052415,"","","","",7.,1,270,1,"","","","","","","","","","","","","","","","","","","","","","","","","","","","",8.3,1,3.3,1,"","","","","","","","","","","","","","","","","","","","","","","","","","",71,1,"","","","","","","","","","","","",7.8,1,"","","","","","","","",7,1,7,1,2,1,5,1,"","","","","","","","","","","","","","","","","","","","","","","","","","",70000,1,"","",2,1,2,1,"","","","","","","","","","","","","","","","","","","","","","","","","","","","","","","","","","","","","","","","","","","","","","","","","","","","","","","","","","","","","","","","","",""
"63263001","PUY-DE-DOME-MN",45.775,2.966667,1461,1965052418,"","","","",7.,1,270,1,"","","","","","","","","","","","","","","","","","","","","","","","","","","","",7.4,1,3.8,1,"","","","","","","","","","","","","","","","","","","","","","","","","","",79,1,"","","","","","","","","","","","",8.1,1,"","","","","","","","",7,1,6,1,2,1,4,1,2,1,"","","","","","","","","","","","","","","","","","","","","","","","",70000,1,"","",2,1,2,1,"","","","","","","","","","","","","","","","","","","","","","","","","","","","","","","","","","","","","","","","","","","","","","","","","","","","","","","","","","","","","","","","","",""
"63263001","PUY-DE-DOME-MN",45.775,2.966667,1461,1965052421,"","","","","","","","","","","","","","","","","","","","","","","","","","","","","","","","","","","","",5.2,1,4.5,1,"","","","","","","","","","","","","","","","","","","","","","","","","","",95,1,"","","","","","","","","","","","",8.5,1,"","","","","","","","","","","","","","","","","","","","","","","","","","","","","","","","","","","","","","","","","","","","","","","","","","","","","","","","","","","","","","","","","","","","","","","","","","","","","","","","","","","","","","","","","","","","","","","","","","","","","","","","","","","","","","","","","","","",""
"63263001","PUY-DE-DOME-MN",45.775,2.966667,1461,1965052500,"","","","","","","","","","","","","","","","","","","","","","","","","","","","","","","","","","","","",5.1,1,4.,1,"","","","","","","","","","","","","","","","","","","","","","","","","","",93,1,"","","","","","","","","","","","",8.2,1,"","","","","","","","","","","","","","","","","","","","","","","","","","","","","","","","","","","","","","","","","","","","","","","","","","","","","","","","","","","","","","","","","","","","","","","","","","","","","","","","","","","","","","","","","","","","","","","","","","","","","","","","","","","","","","","","","","","",""
"63263001","PUY-DE-DOME-MN",45.775,2.966667,1461,1965052503,"","","","","","","","","","","","","","","","","","","","","","","","","","","","","","","","","","","","",4.6,1,4.6,1,"","","","","","","","","","","","","","","","","","","","","","","","","","",100,1,"","","","","","","","","","","","",8.5,1,"","","","","","","","","","","","","","","","","","","","","","","","","","","","","","","","","","","","","","","","","","","","","","","","","","","","","","","","","","","","","","","","","","","","","","","","","","","","","","","","","","","","","","","","","","","","","","","","","","","","","","","","","","","","","","","","","","","",""
"63263001","PUY-DE-DOME-MN",45.775,2.966667,1461,1965052506,"","","","",9.,1,290,1,"","","","","","","","","","","","","","","","","","","","","","","","","","","","",3.1,1,3.1,1,"","","","","","","","","","","","","","","","","","","","","","","","","","",100,1,"","","","","","","","","","","","",7.6,1,"","","","","","","","",9,1,"","","","","","","","","","","","","","","","","","","","","","","","","","","","","","","","",40,1,"","",45,1,6,1,"","",0,1,"","","","","","","","","","","","","","","","","","","","","","","","","","","","","","","","","","","","","","","","","","","","","","","","","","","","","","","","","","","","","",""
"63263001","PUY-DE-DOME-MN",45.775,2.966667,1461,1965052509,"","","","",3.,1,310,1,"","","","","","","","","","","","","","","","","","","","","","","","","","","","",3.7,1,3.7,1,"","","","","","","","","","","","","","","","","","","","","","","","","","",100,1,"","","","","","","","","","","","",8.,1,"","","","","","","","",8,1,8,1,"","","","","","","","","","","","","","","","","","","","","","","","","","","","","","",100,1,"","",41,1,4,1,"","","","","","","","","","","","","","","","","","","","","","","","","","","","","","","","","","","","","","","","","","","","","","","","","","","","","","","","","","","","","","","","","",""
"63263001","PUY-DE-DOME-MN",45.775,2.966667,1461,1965052512,"","","","",6.,1,310,1,"","","","","","","","","","","","","","","","","","","","","","","","","","","","",5.1,1,2.,1,"","","","","","","","","","","","","","","","","","","","","","","","","","",81,1,"","","","","","","","","","","","",7.1,1,"","","","","","","","",7,1,7,1,2,1,"","","","","","","","","","","","","","","","","","","","","","","","","","","","",30000,1,"","",28,1,4,1,"","","","","","","","","","","","","","","","","","","","","","","","","","","","","","","","","","","","","","","","","","","","","","","","","","","","","","","","","","","","","","","","","",""
"63263001","PUY-DE-DOME-MN",45.775,2.966667,1461,1965052515,"","","","",6.,1,330,1,"","","","","","","","","","","","","","","","","","","","","","","","","","","","",7.2,1,2.2,1,"","","","","","","","","","","","","","","","","","","","","","","","","","",71,1,"","","","","","","","","","","","",7.2,1,"","","","","","","","",7,1,7,1,2,1,"","","","","","","","","","","","","","","","","","","","","","","","","","","","",40000,1,"","",2,1,2,1,"","","","","","","","","","","","","","","","","","","","","","","","","","","","","","","","","","","","","","","","","","","","","","","","","","","","","","","","","","","","","","","","","",""
"63263001","PUY-DE-DOME-MN",45.775,2.966667,1461,1965052518,"","","","",5.,1,350,1,"","","","","","","","","","","","","","","","","","","","","","","","","","","","",6.8,1,1.,1,"","","","","","","","","","","","","","","","","","","","","","","","","","",67,1,"","","","","","","","","","","","",6.6,1,"","","","","","","","",4,1,0,1,2,1,0,1,1,1,"","","","","","","","","","","","","","","","","","","","","","","","",40000,1,"","",3,1,2,1,"","","","","","","","","","","","","","","","","","","","","","","","","","","","","","","","","","","","","","","","","","","","","","","","","","","","","","","","","","","","","","","","","",""
"63263001","PUY-DE-DOME-MN",45.775,2.966667,1461,1965052521,"","","","","","","","","","","","","","","","","","","","","","","","","","","","","","","","","","","","",3.9,1,2.4,1,"","","","","","","","","","","","","","","","","","","","","","","","","","",90,1,"","","","","","","","","","","","",7.3,1,"","","","","","","","","","","","","","","","","","","","","","","","","","","","","","","","","","","","","","","","","","","","","","","","","","","","","","","","","","","","","","","","","","","","","","","","","","","","","","","","","","","","","","","","","","","","","","","","","","","","","","","","","","","","","","","","","","","",""
"63263001","PUY-DE-DOME-MN",45.775,2.966667,1461,1965052600,"","","","","","","","","","","","","","","","","","","","","","","","","","","","","","","","","","","","",3.4,1,2.,1,"","","","","","","","","","","","","","","","","","","","","","","","","","",91,1,"","","","","","","","","","","","",7.1,1,"","","","","","","","","","","","","","","","","","","","","","","","","","","","","","","","","","","","","","","","","","","","","","","","","","","","","","","","","","","","","","","","","","","","","","","","","","","","","","","","","","","","","","","","","","","","","","","","","","","","","","","","","","","","","","","","","","","",""
"63263001","PUY-DE-DOME-MN",45.775,2.966667,1461,1965052603,"","","","","","","","","","","","","","","","","","","","","","","","","","","","","","","","","","","","",3.6,1,1.8,1,"","","","","","","","","","","","","","","","","","","","","","","","","","",89,1,"","","","","","","","","","","","",7.,1,"","","","","","","","","","","","","","","","","","","","","","","","","","","","","","","","","","","","","","","","","","","","","","","","","","","","","","","","","","","","","","","","","","","","","","","","","","","","","","","","","","","","","","","","","","","","","","","","","","","","","","","","","","","","","","","","","","","",""
"63263001","PUY-DE-DOME-MN",45.775,2.966667,1461,1965052606,"","","","",3.,1,90,1,"","","","","","","","","","","","","","","","","","","","","","","","","","","","",3.9,1,3.3,1,"","","","","","","","","","","","","","","","","","","","","","","","","","",96,1,"","","","","","","","","","","","",7.8,1,"","","","","","","","",3,1,0,1,5,1,3,1,2,1,"","","","","","","","","","","","","","","","","","","","","","","","",15000,1,"","",0,1,"","","","",0,1,"","","","","","","","","","","","","","","","","","","","","","","","","","","","","","","","","","","","","","","","","","","","","","","","","","","","","","","","","","","","","",""
"63263001","PUY-DE-DOME-MN",45.775,2.966667,1461,1965052609,"","","","",0.,1,0,1,"","","","","","","","","","","","","","","","","","","","","","","","","","","","",6.4,1,3.3,1,"","","","","","","","","","","","","","","","","","","","","","","","","","",81,1,"","","","","","","","","","","","",7.8,1,"","","","","","","","",7,1,7,1,2,1,"","","","","","","","","","","","","","","","","","","","","","","","","","","","",50000,1,"","",3,1,2,1,"","","","","","","","","","","","","","","","","","","","","","","","","","","","","","","","","","","","","","","","","","","","","","","","","","","","","","","","","","","","","","","","","",""
"63263001","PUY-DE-DOME-MN",45.775,2.966667,1461,1965052612,"","","","",2.,1,90,1,"","","","","","","","","","","","","","","","","","","","","","","","","","","","",6.6,1,4.,1,"","","","","","","","","","","","","","","","","","","","","","","","","","",85,1,"","","","","","","","","","","","",8.2,1,"","","","","","","","",7,1,7,1,2,1,"","","","","","","","","","","","","","","","","","","","","","","","","","","","",30000,1,"","",2,1,2,1,"","","","","","","","","","","","","","","","","","","","","","","","","","","","","","","","","","","","","","","","","","","","","","","","","","","","","","","","","","","","","","","","","",""
"63263001","PUY-DE-DOME-MN",45.775,2.966667,1461,1965052615,"","","","",0.,1,0,1,"","","","","","","","","","","","","","","","","","","","","","","","","","","","",6.9,1,4.3,1,"","","","","","","","","","","","","","","","","","","","","","","","","","",84,1,"","","","","","","","","","","","",8.4,1,"","","","","","","","",8,1,8,1,8,1,"","","","","","","","","","","","","","","","","","","","","","","","","","","","",35000,1,"","",1,1,2,1,"","","","","","","","","","","","","","","","","","","","","","","","","","","","","","","","","","","","","","","","","","","","","","","","","","","","","","","","","","","","","","","","","",""
"63263001","PUY-DE-DOME-MN",45.775,2.966667,1461,1965052618,"","","","",2.,1,30,1,"","","","","","","","","","","","","","","","","","","","","","","","","","","","",6.,1,4.8,1,"","","","","","","","","","","","","","","","","","","","","","","","","","",94,1,"","","","","","","","","","","","",8.7,1,"","","","","","","","",8,1,5,1,8,1,"","","","","","","","","","","","","","","","","","","","","","","","","","","","",30000,1,"","",3,1,2,1,"","","","","","","","","","","","","","","","","","","","","","","","","","","","","","","","","","","","","","","","","","","","","","","","","","","","","","","","","","","","","","","","","",""
"63263001","PUY-DE-DOME-MN",45.775,2.966667,1461,1965052621,"","","","","","","","","","","","","","","","","","","","","","","","","","","","","","","","","","","","",5.,1,5.,1,"","","","","","","","","","","","","","","","","","","","","","","","","","",100,1,"","","","","","","","","","","","",8.7,1,"","","","","","","","","","","","","","","","","","","","","","","","","","","","","","","","","","","","","","","","","","","","","","","","","","","","","","","","","","","","","","","","","","","","","","","","","","","","","","","","","","","","","","","","","","","","","","","","","","","","","","","","","","","","","","","","","","","",""
"63263001","PUY-DE-DOME-MN",45.775,2.966667,1461,1965052700,"","","","","","","","","","","","","","","","","","","","","","","","","","","","","","","","","","","","",4.9,1,4.9,1,"","","","","","","","","","","","","","","","","","","","","","","","","","",100,1,"","","","","","","","","","","","",8.7,1,"","","","","","","","","","","","","","","","","","","","","","","","","","","","","","","","","","","","","","","","","","","","","","","","","","","","","","","","","","","","","","","","","","","","","","","","","","","","","","","","","","","","","","","","","","","","","","","","","","","","","","","","","","","","","","","","","","","",""
"63263001","PUY-DE-DOME-MN",45.775,2.966667,1461,1965052703,"","","","","","","","","","","","","","","","","","","","","","","","","","","","","","","","","","","","",4.9,1,4.9,1,"","","","","","","","","","","","","","","","","","","","","","","","","","",100,1,"","","","","","","","","","","","",8.7,1,"","","","","","","","","","","","","","","","","","","","","","","","","","","","","","","","","","","","","","","","","","","","","","","","","","","","","","","","","","","","","","","","","","","","","","","","","","","","","","","","","","","","","","","","","","","","","","","","","","","","","","","","","","","","","","","","","","","",""
"63263001","PUY-DE-DOME-MN",45.775,2.966667,1461,1965052706,"","","","",10.,1,310,1,"","","","","","","","","","","","","","","","","","","","","","","","","","","","",4.2,1,4.2,1,"","","","","","","","","","","","","","","","","","","","","","","","","","",100,1,"","","","","","","","","","","","",8.3,1,"","","","","","","","",8,1,8,1,"","","","","","","","","","","","","","","","","","","","","","","","","","","","","","",40,1,"","",61,1,6,1,"","",0,1,"","","","","","","","","","","","","","","","","","","","","","","","","","","","","","","","","","","","","","","","","","","","","","","","","","","","","","","","","","","","","",""
"63263001","PUY-DE-DOME-MN",45.775,2.966667,1461,1965052709,"","","","",17.,1,310,1,"","","","","","","","","","","","","","","","","","","","","","","","","","","","",4.2,1,4.2,1,"","","","","","","","","","","","","","","","","","","","","","","","","","",100,1,"","","","","","","","","","","","",8.3,1,"","","","","","","","",9,1,"","","","","","","","","","","","","","","","","","","","","","","","","","","","","","","","",40,1,"","",45,1,6,1,"","","","","","","","","","","","","","","","","","","","","","","","","","","","","","","","","","","","","","","","","","","","","","","","","","","","","","","","","","","","","","","","","",""
"63263001","PUY-DE-DOME-MN",45.775,2.966667,1461,1965052712,"","","","",16.,1,310,1,"","","","","","","","","","","","","","","","","","","","","","","","","","","","",4.,1,4.,1,"","","","","","","","","","","","","","","","","","","","","","","","","","",100,1,"","","","","","","","","","","","",8.1,1,"","","","","","","","",8,1,8,1,"","","","","","","","","","","","","","","","","","","","","","","","","","","","","","",40,1,"","",61,1,6,1,"","","","","","","","","","","","","","","","","","","","","","","","","","","","","","","","","","","","","","","","","","","","","","","","","","","","","","","","","","","","","","","","","",""
"63263001","PUY-DE-DOME-MN",45.775,2.966667,1461,1965052715,"","","","",18.,1,310,1,"","","","","","","","","","","","","","","","","","","","","","","","","","","","",4.8,1,4.8,1,"","","","","","","","","","","","","","","","","","","","","","","","","","",100,1,"","","","","","","","","","","","",8.6,1,"","","","","","","","",8,1,8,1,"","","","","","","","","","","","","","","","","","","","","","","","","","","","","","",40,1,"","",80,1,6,1,"","","","","","","","","","","","","","","","","","","","","","","","","","","","","","","","","","","","","","","","","","","","","","","","","","","","","","","","","","","","","","","","","",""
"63263001","PUY-DE-DOME-MN",45.775,2.966667,1461,1965052718,"","","","",19.,1,310,1,"","","","","","","","","","","","","","","","","","","","","","","","","","","","",4.4,1,4.4,1,"","","","","","","","","","","","","","","","","","","","","","","","","","",100,1,"","","","","","","","","","","","",8.4,1,"","","","","","","","",8,1,8,1,"","","","","","","","","","","","","","","","","","","","","","","","","","","","","","",40,1,"","",61,1,8,1,"","","","","","","","","","","","","","","","","","","","","","","","","","","","","","","","","","","","","","","","","","","","","","","","","","","","","","","","","","","","","","","","","",""
"63263001","PUY-DE-DOME-MN",45.775,2.966667,1461,1965052721,"","","","","","","","","","","","","","","","","","","","","","","","","","","","","","","","","","","","",2.1,1,2.1,1,"","","","","","","","","","","","","","","","","","","","","","","","","","",100,1,"","","","","","","","","","","","",7.1,1,"","","","","","","","","","","","","","","","","","","","","","","","","","","","","","","","","","","","","","","","","","","","","","","","","","","","","","","","","","","","","","","","","","","","","","","","","","","","","","","","","","","","","","","","","","","","","","","","","","","","","","","","","","","","","","","","","","","",""
"63263001","PUY-DE-DOME-MN",45.775,2.966667,1461,1965052800,"","","","","","","","","","","","","","","","","","","","","","","","","","","","","","","","","","","","",1.8,1,1.8,1,"","","","","","","","","","","","","","","","","","","","","","","","","","",100,1,"","","","","","","","","","","","",6.9,1,"","","","","","","","","","","","","","","","","","","","","","","","","","","","","","","","","","","","","","","","","","","","","","","","","","","","","","","","","","","","","","","","","","","","","","","","","","","","","","","","","","","","","","","","","","","","","","","","","","","","","","","","","","","","","","","","","","","",""
"63263001","PUY-DE-DOME-MN",45.775,2.966667,1461,1965052803,"","","","","","","","","","","","","","","","","","","","","","","","","","","","","","","","","","","","",1.,1,1.,1,"","","","","","","","","","","","","","","","","","","","","","","","","","",100,1,"","","","","","","","","","","","",6.6,1,"","","","","","","","","","","","","","","","","","","","","","","","","","","","","","","","","","","","","","","","","","","","","","","","","","","","","","","","","","","","","","","","","","","","","","","","","","","","","","","","","","","","","","","","","","","","","","","","","","","","","","","","","","","","","","","","","","","",""
"63263001","PUY-DE-DOME-MN",45.775,2.966667,1461,1965052806,"","","","",11.,1,310,1,"","","","","","","","","","","","","","","","","","","","","","","","","","","","",0.,1,0.,1,"","","","","","","","","","","","","","","","","","","","","","","","","","",100,1,"","","","","","","","","","","","",6.1,1,"","","","","","","","",8,1,8,1,"","","","","","","","","","","","","","","","","","","","","","","","","","","","","","",40,1,"","",71,1,6,1,"","",0,1,"","","","","","","","","","","","","","","","","","","","","","","","","","","","","","","","","","","","","","","","","","","","","","","","","","","","","","","","","","","","","",""
"63263001","PUY-DE-DOME-MN",45.775,2.966667,1461,1965052809,"","","","",15.,1,310,1,"","","","","","","","","","","","","","","","","","","","","","","","","","","","",0.5,1,0.5,1,"","","","","","","","","","","","","","","","","","","","","","","","","","",100,1,"","","","","","","","","","","","",6.3,1,"","","","","","","","",9,1,"","","","","","","","","","","","","","","","","","","","","","","","","","","","","","","","",40,1,"","",45,1,4,1,"","","","","","","","","","","","","","","","","","","","","","","","","","","","","","","","","","","","","","","","","","","","","","","","","","","","","","","","","","","","","","","","","",""
"63263001","PUY-DE-DOME-MN",45.775,2.966667,1461,1965052812,"","","","",17.,1,310,1,"","","","","","","","","","","","","","","","","","","","","","","","","","","","",0.6,1,0.6,1,"","","","","","","","","","","","","","","","","","","","","","","","","","",100,1,"","","","","","","","","","","","",6.4,1,"","","","","","","","",8,1,8,1,"","","","","","","","","","","","","","","","","","","","","","","","","","","","","","",40,1,"","",85,1,7,1,"","","","","","","","","","","","","","","","","","","","","","","","","","","","","","","","","","","","","","","","","","","","","","","","","","","","","","","","","","","","","","","","","",""
"63263001","PUY-DE-DOME-MN",45.775,2.966667,1461,1965052815,"","","","",18.,1,310,1,"","","","","","","","","","","","","","","","","","","","","","","","","","","","",0.7,1,0.7,1,"","","","","","","","","","","","","","","","","","","","","","","","","","",100,1,"","","","","","","","","","","","",6.4,1,"","","","","","","","",9,1,"","","","","","","","","","","","","","","","","","","","","","","","","","","","","","","","",40,1,"","",45,1,8,1,"","","","","","","","","","","","","","","","","","","","","","","","","","","","","","","","","","","","","","","","","","","","","","","","","","","","","","","","","","","","","","","","","",""
"63263001","PUY-DE-DOME-MN",45.775,2.966667,1461,1965052818,"","","","",19.,1,290,1,"","","","","","","","","","","","","","","","","","","","","","","","","","","","",0.6,1,0.6,1,"","","","","","","","","","","","","","","","","","","","","","","","","","",100,1,"","","","","","","","","","","","",6.4,1,"","","","","","","","",9,1,"","","","","","","","","","","","","","","","","","","","","","","","","","","","","","","","",40,1,"","",45,1,8,1,"","","","","","","","","","","","","","","","","","","","","","","","","","","","","","","","","","","","","","","","","","","","","","","","","","","","","","","","","","","","","","","","","",""
"63263001","PUY-DE-DOME-MN",45.775,2.966667,1461,1965052821,"","","","","","","","","","","","","","","","","","","","","","","","","","","","","","","","","","","","",0.5,1,0.5,1,"","","","","","","","","","","","","","","","","","","","","","","","","","",100,1,"","","","","","","","","","","","",6.3,1,"","","","","","","","","","","","","","","","","","","","","","","","","","","","","","","","","","","","","","","","","","","","","","","","","","","","","","","","","","","","","","","","","","","","","","","","","","","","","","","","","","","","","","","","","","","","","","","","","","","","","","","","","","","","","","","","","","","",""
"63263001","PUY-DE-DOME-MN",45.775,2.966667,1461,1965052900,"","","","","","","","","","","","","","","","","","","","","","","","","","","","","","","","","","","","",1.3,1,1.3,1,"","","","","","","","","","","","","","","","","","","","","","","","","","",100,1,"","","","","","","","","","","","",6.7,1,"","","","","","","","","","","","","","","","","","","","","","","","","","","","","","","","","","","","","","","","","","","","","","","","","","","","","","","","","","","","","","","","","","","","","","","","","","","","","","","","","","","","","","","","","","","","","","","","","","","","","","","","","","","","","","","","","","","",""
"63263001","PUY-DE-DOME-MN",45.775,2.966667,1461,1965052903,"","","","","","","","","","","","","","","","","","","","","","","","","","","","","","","","","","","","",0.5,1,0.5,1,"","","","","","","","","","","","","","","","","","","","","","","","","","",100,1,"","","","","","","","","","","","",6.3,1,"","","","","","","","","","","","","","","","","","","","","","","","","","","","","","","","","","","","","","","","","","","","","","","","","","","","","","","","","","","","","","","","","","","","","","","","","","","","","","","","","","","","","","","","","","","","","","","","","","","","","","","","","","","","","","","","","","","",""
"63263001","PUY-DE-DOME-MN",45.775,2.966667,1461,1965052906,"","","","",10.,1,350,1,"","","","","","","","","","","","","","","","","","","","","","","","","","","","",1.,1,1.,1,"","","","","","","","","","","","","","","","","","","","","","","","","","",100,1,"","","","","","","","","","","","",6.6,1,"","","","","","","","",9,1,"","","","","","","","","","","","","","","","","","","","","","","","","","","","","","","","",40,1,"","",45,1,9,1,"","",0,1,"","","","","","","","","","","","","","","","","","","","","","","","","","","","","","","","","","","","","","","","","","","","","","","","","","","","","","","","","","","","","",""
"63263001","PUY-DE-DOME-MN",45.775,2.966667,1461,1965052909,"","","","",6.,1,330,1,"","","","","","","","","","","","","","","","","","","","","","","","","","","","",1.5,1,1.5,1,"","","","","","","","","","","","","","","","","","","","","","","","","","",100,1,"","","","","","","","","","","","",6.8,1,"","","","","","","","",9,1,"","","","","","","","","","","","","","","","","","","","","","","","","","","","","","","","",40,1,"","",45,1,4,1,"","","","","","","","","","","","","","","","","","","","","","","","","","","","","","","","","","","","","","","","","","","","","","","","","","","","","","","","","","","","","","","","","",""
"63263001","PUY-DE-DOME-MN",45.775,2.966667,1461,1965052912,"","","","",2.,1,350,1,"","","","","","","","","","","","","","","","","","","","","","","","","","","","",2.8,1,2.8,1,"","","","","","","","","","","","","","","","","","","","","","","","","","",100,1,"","","","","","","","","","","","",7.5,1,"","","","","","","","",9,1,"","","","","","","","","","","","","","","","","","","","","","","","","","","","","","","","",40,1,"","",45,1,8,1,"","","","","","","","","","","","","","","","","","","","","","","","","","","","","","","","","","","","","","","","","","","","","","","","","","","","","","","","","","","","","","","","","",""
"63263001","PUY-DE-DOME-MN",45.775,2.966667,1461,1965052915,"","","","",0.,1,0,1,"","","","","","","","","","","","","","","","","","","","","","","","","","","","",2.1,1,2.1,1,"","","","","","","","","","","","","","","","","","","","","","","","","","",100,1,"","","","","","","","","","","","",7.1,1,"","","","","","","","",8,1,8,1,"","","","","","","","","","","","","","","","","","","","","","","","","","","","","","",100,1,"","",41,1,8,1,"","","","","","","","","","","","","","","","","","","","","","","","","","","","","","","","","","","","","","","","","","","","","","","","","","","","","","","","","","","","","","","","","",""
"63263001","PUY-DE-DOME-MN",45.775,2.966667,1461,1965052918,"","","","",0.,1,0,1,"","","","","","","","","","","","","","","","","","","","","","","","","","","","",2.8,1,2.8,1,"","","","","","","","","","","","","","","","","","","","","","","","","","",100,1,"","","","","","","","","","","","",7.5,1,"","","","","","","","",8,1,8,1,"","","","","","","","","","","","","","","","","","","","","","","","","","","","","","",100,1,"","",41,1,8,1,"","","","","","","","","","","","","","","","","","","","","","","","","","","","","","","","","","","","","","","","","","","","","","","","","","","","","","","","","","","","","","","","","",""
"63263001","PUY-DE-DOME-MN",45.775,2.966667,1461,1965052921,"","","","","","","","","","","","","","","","","","","","","","","","","","","","","","","","","","","","",2.,1,2.,1,"","","","","","","","","","","","","","","","","","","","","","","","","","",100,1,"","","","","","","","","","","","",7.1,1,"","","","","","","","","","","","","","","","","","","","","","","","","","","","","","","","","","","","","","","","","","","","","","","","","","","","","","","","","","","","","","","","","","","","","","","","","","","","","","","","","","","","","","","","","","","","","","","","","","","","","","","","","","","","","","","","","","","",""
"63263001","PUY-DE-DOME-MN",45.775,2.966667,1461,1965053000,"","","","","","","","","","","","","","","","","","","","","","","","","","","","","","","","","","","","",1.5,1,1.5,1,"","","","","","","","","","","","","","","","","","","","","","","","","","",100,1,"","","","","","","","","","","","",6.8,1,"","","","","","","","","","","","","","","","","","","","","","","","","","","","","","","","","","","","","","","","","","","","","","","","","","","","","","","","","","","","","","","","","","","","","","","","","","","","","","","","","","","","","","","","","","","","","","","","","","","","","","","","","","","","","","","","","","","",""
"63263001","PUY-DE-DOME-MN",45.775,2.966667,1461,1965053003,"","","","","","","","","","","","","","","","","","","","","","","","","","","","","","","","","","","","",2.3,1,2.3,1,"","","","","","","","","","","","","","","","","","","","","","","","","","",100,1,"","","","","","","","","","","","",7.2,1,"","","","","","","","","","","","","","","","","","","","","","","","","","","","","","","","","","","","","","","","","","","","","","","","","","","","","","","","","","","","","","","","","","","","","","","","","","","","","","","","","","","","","","","","","","","","","","","","","","","","","","","","","","","","","","","","","","","",""
"63263001","PUY-DE-DOME-MN",45.775,2.966667,1461,1965053006,"","","","",0.,1,0,1,"","","","","","","","","","","","","","","","","","","","","","","","","","","","",1.,1,1.,1,"","","","","","","","","","","","","","","","","","","","","","","","","","",100,1,"","","","","","","","","","","","",6.6,1,"","","","","","","","",9,1,"","","","","","","","","","","","","","","","","","","","","","","","","","","","","","","","",40,1,"","",45,1,6,1,"","",0,1,"","","","","","","","","","","","","","","","","","","","","","","","","","","","","","","","","","","","","","","","","","","","","","","","","","","","","","","","","","","","","",""
"63263001","PUY-DE-DOME-MN",45.775,2.966667,1461,1965053009,"","","","",0.,1,0,1,"","","","","","","","","","","","","","","","","","","","","","","","","","","","",1.5,1,1.5,1,"","","","","","","","","","","","","","","","","","","","","","","","","","",100,1,"","","","","","","","","","","","",6.8,1,"","","","","","","","",8,1,8,1,"","","","","","","","","","","","","","","","","","","","","","","","","","","","","","",40,1,"","",61,1,4,1,"","","","","","","","","","","","","","","","","","","","","","","","","","","","","","","","","","","","","","","","","","","","","","","","","","","","","","","","","","","","","","","","","",""
"63263001","PUY-DE-DOME-MN",45.775,2.966667,1461,1965053012,"","","","",2.,1,30,1,"","","","","","","","","","","","","","","","","","","","","","","","","","","","",2.9,1,2.9,1,"","","","","","","","","","","","","","","","","","","","","","","","","","",100,1,"","","","","","","","","","","","",7.5,1,"","","","","","","","",8,1,8,1,"","","","","","","","","","","","","","","","","","","","","","","","","","","","","","",40,1,"","",61,1,6,1,"","","","","","","","","","","","","","","","","","","","","","","","","","","","","","","","","","","","","","","","","","","","","","","","","","","","","","","","","","","","","","","","","",""
"63263001","PUY-DE-DOME-MN",45.775,2.966667,1461,1965053015,"","","","",5.,1,350,1,"","","","","","","","","","","","","","","","","","","","","","","","","","","","",3.3,1,3.3,1,"","","","","","","","","","","","","","","","","","","","","","","","","","",100,1,"","","","","","","","","","","","",7.7,1,"","","","","","","","",9,1,"","","","","","","","","","","","","","","","","","","","","","","","","","","","","","","","",40,1,"","",45,1,6,1,"","","","","","","","","","","","","","","","","","","","","","","","","","","","","","","","","","","","","","","","","","","","","","","","","","","","","","","","","","","","","","","","","",""
"63263001","PUY-DE-DOME-MN",45.775,2.966667,1461,1965053018,"","","","",8.,1,350,1,"","","","","","","","","","","","","","","","","","","","","","","","","","","","",2.7,1,2.7,1,"","","","","","","","","","","","","","","","","","","","","","","","","","",100,1,"","","","","","","","","","","","",7.4,1,"","","","","","","","",9,1,"","","","","","","","","","","","","","","","","","","","","","","","","","","","","","","","",40,1,"","",45,1,6,1,"","","","","","","","","","","","","","","","","","","","","","","","","","","","","","","","","","","","","","","","","","","","","","","","","","","","","","","","","","","","","","","","","",""
"63263001","PUY-DE-DOME-MN",45.775,2.966667,1461,1965053021,"","","","","","","","","","","","","","","","","","","","","","","","","","","","","","","","","","","","",2.3,1,2.3,1,"","","","","","","","","","","","","","","","","","","","","","","","","","",100,1,"","","","","","","","","","","","",7.2,1,"","","","","","","","","","","","","","","","","","","","","","","","","","","","","","","","","","","","","","","","","","","","","","","","","","","","","","","","","","","","","","","","","","","","","","","","","","","","","","","","","","","","","","","","","","","","","","","","","","","","","","","","","","","","","","","","","","","",""
"63263001","PUY-DE-DOME-MN",45.775,2.966667,1461,1965053100,"","","","","","","","","","","","","","","","","","","","","","","","","","","","","","","","","","","","",2.3,1,2.3,1,"","","","","","","","","","","","","","","","","","","","","","","","","","",100,1,"","","","","","","","","","","","",7.2,1,"","","","","","","","","","","","","","","","","","","","","","","","","","","","","","","","","","","","","","","","","","","","","","","","","","","","","","","","","","","","","","","","","","","","","","","","","","","","","","","","","","","","","","","","","","","","","","","","","","","","","","","","","","","","","","","","","","","",""
"63263001","PUY-DE-DOME-MN",45.775,2.966667,1461,1965053103,"","","","","","","","","","","","","","","","","","","","","","","","","","","","","","","","","","","","",2.,1,2.,1,"","","","","","","","","","","","","","","","","","","","","","","","","","",100,1,"","","","","","","","","","","","",7.1,1,"","","","","","","","","","","","","","","","","","","","","","","","","","","","","","","","","","","","","","","","","","","","","","","","","","","","","","","","","","","","","","","","","","","","","","","","","","","","","","","","","","","","","","","","","","","","","","","","","","","","","","","","","","","","","","","","","","","",""
"63263001","PUY-DE-DOME-MN",45.775,2.966667,1461,1965053106,"","","","",14.,1,330,1,"","","","","","","","","","","","","","","","","","","","","","","","","","","","",1.3,1,1.3,1,"","","","","","","","","","","","","","","","","","","","","","","","","","",100,1,"","","","","","","","","","","","",6.7,1,"","","","","","","","",8,1,8,1,"","","","","","","","","","","","","","","","","","","","","","","","","","","","","","",40,1,"","",61,1,6,1,"","",0,1,"","","","","","","","","","","","","","","","","","","","","","","","","","","","","","","","","","","","","","","","","","","","","","","","","","","","","","","","","","","","","",""
"63263001","PUY-DE-DOME-MN",45.775,2.966667,1461,1965053109,"","","","",12.,1,310,1,"","","","","","","","","","","","","","","","","","","","","","","","","","","","",0.3,1,0.3,1,"","","","","","","","","","","","","","","","","","","","","","","","","","",100,1,"","","","","","","","","","","","",6.2,1,"","","","","","","","",9,1,"","","","","","","","","","","","","","","","","","","","","","","","","","","","","","","","",40,1,"","",45,1,6,1,"","","","","","","","","","","","","","","","","","","","","","","","","","","","","","","","","","","","","","","","","","","","","","","","","","","","","","","","","","","","","","","","","",""
"63263001","PUY-DE-DOME-MN",45.775,2.966667,1461,1965053112,"","","","",10.,1,310,1,"","","","","","","","","","","","","","","","","","","","","","","","","","","","",1.7,1,1.7,1,"","","","","","","","","","","","","","","","","","","","","","","","","","",100,1,"","","","","","","","","","","","",6.9,1,"","","","","","","","",9,1,"","","","","","","","","","","","","","","","","","","","","","","","","","","","","","","","",40,1,"","",45,1,6,1,"","","","","","","","","","","","","","","","","","","","","","","","","","","","","","","","","","","","","","","","","","","","","","","","","","","","","","","","","","","","","","","","","",""
"63263001","PUY-DE-DOME-MN",45.775,2.966667,1461,1965053115,"","","","",9.,1,290,1,"","","","","","","","","","","","","","","","","","","","","","","","","","","","",1.,1,1.,1,"","","","","","","","","","","","","","","","","","","","","","","","","","",100,1,"","","","","","","","","","","","",6.6,1,"","","","","","","","",9,1,"","","","","","","","","","","","","","","","","","","","","","","","","","","","","","","","",40,1,"","",45,1,4,1,"","","","","","","","","","","","","","","","","","","","","","","","","","","","","","","","","","","","","","","","","","","","","","","","","","","","","","","","","","","","","","","","","",""
"63263001","PUY-DE-DOME-MN",45.775,2.966667,1461,1965053118,"","","","",7.,1,310,1,"","","","","","","","","","","","","","","","","","","","","","","","","","","","",0.7,1,0.7,1,"","","","","","","","","","","","","","","","","","","","","","","","","","",100,1,"","","","","","","","","","","","",6.4,1,"","","","","","","","",9,1,"","","","","","","","","","","","","","","","","","","","","","","","","","","","","","","","",40,1,"","",45,1,4,1,"","","","","","","","","","","","","","","","","","","","","","","","","","","","","","","","","","","","","","","","","","","","","","","","","","","","","","","","","","","","","","","","","",""
"63263001","PUY-DE-DOME-MN",45.775,2.966667,1461,1965053121,"","","","","","","","","","","","","","","","","","","","","","","","","","","","","","","","","","","","",-0.1,1,-0.1,1,"","","","","","","","","","","","","","","","","","","","","","","","","","",100,1,"","","","","","","","","","","","",6.1,1,"","","","","","","","","","","","","","","","","","","","","","","","","","","","","","","","","","","","","","","","","","","","","","","","","","","","","","","","","","","","","","","","","","","","","","","","","","","","","","","","","","","","","","","","","","","","","","","","","","","","","","","","","","","","","","","","","","","",""
"63263001","PUY-DE-DOME-MN",45.775,2.966667,1461,1965060100,"","","","","","","","","","","","","","","","","","","","","","","","","","","","","","","","","","","","",-0.1,1,-0.1,1,"","","","","","","","","","","","","","","","","","","","","","","","","","",100,1,"","","","","","","","","","","","",6.1,1,"","","","","","","","","","","","","","","","","","","","","","","","","","","","","","","","","","","","","","","","","","","","","","","","","","","","","","","","","","","","","","","","","","","","","","","","","","","","","","","","","","","","","","","","","","","","","","","","","","","","","","","","","","","","","","","","","","","",""
"63263001","PUY-DE-DOME-MN",45.775,2.966667,1461,1965060103,"","","","","","","","","","","","","","","","","","","","","","","","","","","","","","","","","","","","",-0.3,1,-0.3,1,"","","","","","","","","","","","","","","","","","","","","","","","","","",100,1,"","","","","","","","","","","","",6.,1,"","","","","","","","","","","","","","","","","","","","","","","","","","","","","","","","","","","","","","","","","","","","","","","","","","","","","","","","","","","","","","","","","","","","","","","","","","","","","","","","","","","","","","","","","","","","","","","","","","","","","","","","","","","","","","","","","","","",""
"63263001","PUY-DE-DOME-MN",45.775,2.966667,1461,1965060106,"","","","",0.,1,0,1,"","","","","","","","","","","","","","","","","","","","","","","","","","","","",-0.1,1,-0.1,1,"","","","","","","","","","","","","","","","","","","","","","","","","","",100,1,"","","","","","","","","","","","",6.1,1,"","","","","","","","",9,1,"","","","","","","","","","","","","","","","","","","","","","","","","","","","","","","","",40,1,"","",45,1,4,1,"","",0,1,"","","","","","","","","","","","","","","","","","","","","","","","","","","","","","","","","","","","","","","","","","","","","","","","","","","","","","","","","","","","","",""
"63263001","PUY-DE-DOME-MN",45.775,2.966667,1461,1965060109,"","","","",0.,1,0,1,"","","","","","","","","","","","","","","","","","","","","","","","","","","","",0.8,1,0.8,1,"","","","","","","","","","","","","","","","","","","","","","","","","","",100,1,"","","","","","","","","","","","",6.5,1,"","","","","","","","",9,1,"","","","","","","","","","","","","","","","","","","","","","","","","","","","","","","","",80,1,"","",43,1,4,1,"","","","","","","","","","","","","","","","","","","","","","","","","","","","","","","","","","","","","","","","","","","","","","","","","","","","","","","","","","","","","","","","","",""
"63263001","PUY-DE-DOME-MN",45.775,2.966667,1461,1965060112,"","","","",0.,1,0,1,"","","","","","","","","","","","","","","","","","","","","","","","","","","","",2.3,1,2.3,1,"","","","","","","","","","","","","","","","","","","","","","","","","","",100,1,"","","","","","","","","","","","",7.2,1,"","","","","","","","",8,1,8,1,"","","","","","","","","","","","","","","","","","","","","","","","","","","","","","",100,1,"","",41,1,4,1,"","","","","","","","","","","","","","","","","","","","","","","","","","","","","","","","","","","","","","","","","","","","","","","","","","","","","","","","","","","","","","","","","",""
"63263001","PUY-DE-DOME-MN",45.775,2.966667,1461,1965060115,"","","","",0.,1,0,1,"","","","","","","","","","","","","","","","","","","","","","","","","","","","",3.6,1,1.8,1,"","","","","","","","","","","","","","","","","","","","","","","","","","",89,1,"","","","","","","","","","","","",7.,1,"","","","","","","","",7,1,7,1,8,1,"","","","","","","","","","","","","","","","","","","","","","","","","","","","",20000,1,"","",1,1,4,1,"","","","","","","","","","","","","","","","","","","","","","","","","","","","","","","","","","","","","","","","","","","","","","","","","","","","","","","","","","","","","","","","","",""
"63263001","PUY-DE-DOME-MN",45.775,2.966667,1461,1965060118,"","","","",0.,1,0,1,"","","","","","","","","","","","","","","","","","","","","","","","","","","","",3.9,1,1.8,1,"","","","","","","","","","","","","","","","","","","","","","","","","","",86,1,"","","","","","","","","","","","",7.,1,"","","","","","","","",7,1,6,1,8,1,"","","","","","","","","","","","","","","","","","","","","","","","","","","","",25000,1,"","",2,1,4,1,"","","","","","","","","","","","","","","","","","","","","","","","","","","","","","","","","","","","","","","","","","","","","","","","","","","","","","","","","","","","","","","","","",""
"63263001","PUY-DE-DOME-MN",45.775,2.966667,1461,1965060121,"","","","","","","","","","","","","","","","","","","","","","","","","","","","","","","","","","","","",2.7,1,0.8,1,"","","","","","","","","","","","","","","","","","","","","","","","","","",88,1,"","","","","","","","","","","","",6.5,1,"","","","","","","","","","","","","","","","","","","","","","","","","","","","","","","","","","","","","","","","","","","","","","","","","","","","","","","","","","","","","","","","","","","","","","","","","","","","","","","","","","","","","","","","","","","","","","","","","","","","","","","","","","","","","","","","","","","",""
"63263001","PUY-DE-DOME-MN",45.775,2.966667,1461,1965060200,"","","","","","","","","","","","","","","","","","","","","","","","","","","","","","","","","","","","",2.5,1,-0.5,1,"","","","","","","","","","","","","","","","","","","","","","","","","","",81,1,"","","","","","","","","","","","",5.9,1,"","","","","","","","","","","","","","","","","","","","","","","","","","","","","","","","","","","","","","","","","","","","","","","","","","","","","","","","","","","","","","","","","","","","","","","","","","","","","","","","","","","","","","","","","","","","","","","","","","","","","","","","","","","","","","","","","","","",""
"63263001","PUY-DE-DOME-MN",45.775,2.966667,1461,1965060203,"","","","","","","","","","","","","","","","","","","","","","","","","","","","","","","","","","","","",2.6,1,1.2,1,"","","","","","","","","","","","","","","","","","","","","","","","","","",90,1,"","","","","","","","","","","","",6.7,1,"","","","","","","","","","","","","","","","","","","","","","","","","","","","","","","","","","","","","","","","","","","","","","","","","","","","","","","","","","","","","","","","","","","","","","","","","","","","","","","","","","","","","","","","","","","","","","","","","","","","","","","","","","","","","","","","","","","",""
"63263001","PUY-DE-DOME-MN",45.775,2.966667,1461,1965060206,"","","","",5.,1,130,1,"","","","","","","","","","","","","","","","","","","","","","","","","","","","",2.7,1,2.,1,"","","","","","","","","","","","","","","","","","","","","","","","","","",96,1,"","","","","","","","","","","","",7.1,1,"","","","","","","","",2,1,0,1,0,1,8,1,2,1,"","","","","","","","","","","","","","","","","","","","","","","","",25000,1,"","",0,1,"","","","",0,1,"","","","","","","","","","","","","","","","","","","","","","","","","","","","","","","","","","","","","","","","","","","","","","","","","","","","","","","","","","","","","",""
"63263001","PUY-DE-DOME-MN",45.775,2.966667,1461,1965060209,"","","","",3.,1,150,1,"","","","","","","","","","","","","","","","","","","","","","","","","","","","",4.6,1,4.6,1,"","","","","","","","","","","","","","","","","","","","","","","","","","",100,1,"","","","","","","","","","","","",8.5,1,"","","","","","","","",9,1,"","","","","","","","","","","","","","","","","","","","","","","","","","","","","","","","",40,1,"","",47,1,4,1,"","","","","","","","","","","","","","","","","","","","","","","","","","","","","","","","","","","","","","","","","","","","","","","","","","","","","","","","","","","","","","","","","",""
"63263001","PUY-DE-DOME-MN",45.775,2.966667,1461,1965060212,"","","","",6.,1,130,1,"","","","","","","","","","","","","","","","","","","","","","","","","","","","",5.5,1,5.5,1,"","","","","","","","","","","","","","","","","","","","","","","","","","",100,1,"","","","","","","","","","","","",9.,1,"","","","","","","","",8,1,8,1,"","","","","","","","","","","","","","","","","","","","","","","","","","","","","","",100,1,"","",80,1,4,1,"","","","","","","","","","","","","","","","","","","","","","","","","","","","","","","","","","","","","","","","","","","","","","","","","","","","","","","","","","","","","","","","","",""
"63263001","PUY-DE-DOME-MN",45.775,2.966667,1461,1965060215,"","","","",0.,1,0,1,"","","","","","","","","","","","","","","","","","","","","","","","","","","","",4.4,1,4.4,1,"","","","","","","","","","","","","","","","","","","","","","","","","","",100,1,"","","","","","","","","","","","",8.4,1,"","","","","","","","",8,1,8,1,"","","","","","","","","","","","","","","","","","","","","","","","","","","","","","",100,1,"","",80,1,8,1,"","","","","","","","","","","","","","","","","","","","","","","","","","","","","","","","","","","","","","","","","","","","","","","","","","","","","","","","","","","","","","","","","",""
"63263001","PUY-DE-DOME-MN",45.775,2.966667,1461,1965060218,"","","","",0.,1,0,1,"","","","","","","","","","","","","","","","","","","","","","","","","","","","",4.,1,4.,1,"","","","","","","","","","","","","","","","","","","","","","","","","","",100,1,"","","","","","","","","","","","",8.1,1,"","","","","","","","",8,1,8,1,"","","","","","","","","","","","","","","","","","","","","","","","","","","","","","",100,1,"","",41,1,8,1,"","","","","","","","","","","","","","","","","","","","","","","","","","","","","","","","","","","","","","","","","","","","","","","","","","","","","","","","","","","","","","","","","",""
"63263001","PUY-DE-DOME-MN",45.775,2.966667,1461,1965060221,"","","","","","","","","","","","","","","","","","","","","","","","","","","","","","","","","","","","",2.8,1,2.8,1,"","","","","","","","","","","","","","","","","","","","","","","","","","",100,1,"","","","","","","","","","","","",7.5,1,"","","","","","","","","","","","","","","","","","","","","","","","","","","","","","","","","","","","","","","","","","","","","","","","","","","","","","","","","","","","","","","","","","","","","","","","","","","","","","","","","","","","","","","","","","","","","","","","","","","","","","","","","","","","","","","","","","","",""
"63263001","PUY-DE-DOME-MN",45.775,2.966667,1461,1965060300,"","","","","","","","","","","","","","","","","","","","","","","","","","","","","","","","","","","","",2.1,1,2.1,1,"","","","","","","","","","","","","","","","","","","","","","","","","","",100,1,"","","","","","","","","","","","",7.1,1,"","","","","","","","","","","","","","","","","","","","","","","","","","","","","","","","","","","","","","","","","","","","","","","","","","","","","","","","","","","","","","","","","","","","","","","","","","","","","","","","","","","","","","","","","","","","","","","","","","","","","","","","","","","","","","","","","","","",""
"63263001","PUY-DE-DOME-MN",45.775,2.966667,1461,1965060303,"","","","","","","","","","","","","","","","","","","","","","","","","","","","","","","","","","","","",1.6,1,1.6,1,"","","","","","","","","","","","","","","","","","","","","","","","","","",100,1,"","","","","","","","","","","","",6.8,1,"","","","","","","","","","","","","","","","","","","","","","","","","","","","","","","","","","","","","","","","","","","","","","","","","","","","","","","","","","","","","","","","","","","","","","","","","","","","","","","","","","","","","","","","","","","","","","","","","","","","","","","","","","","","","","","","","","","",""
"63263001","PUY-DE-DOME-MN",45.775,2.966667,1461,1965060306,"","","","",10.,1,350,1,"","","","","","","","","","","","","","","","","","","","","","","","","","","","",2.2,1,2.2,1,"","","","","","","","","","","","","","","","","","","","","","","","","","",100,1,"","","","","","","","","","","","",7.2,1,"","","","","","","","",9,1,"","","","","","","","","","","","","","","","","","","","","","","","","","","","","","","","",40,1,"","",45,1,4,1,"","",0,1,"","","","","","","","","","","","","","","","","","","","","","","","","","","","","","","","","","","","","","","","","","","","","","","","","","","","","","","","","","","","","",""
"63263001","PUY-DE-DOME-MN",45.775,2.966667,1461,1965060309,"","","","",6.,1,350,1,"","","","","","","","","","","","","","","","","","","","","","","","","","","","",3.,1,3.,1,"","","","","","","","","","","","","","","","","","","","","","","","","","",100,1,"","","","","","","","","","","","",7.6,1,"","","","","","","","",9,1,"","","","","","","","","","","","","","","","","","","","","","","","","","","","","","","","",40,1,"","",45,1,4,1,"","","","","","","","","","","","","","","","","","","","","","","","","","","","","","","","","","","","","","","","","","","","","","","","","","","","","","","","","","","","","","","","","",""
"63263001","PUY-DE-DOME-MN",45.775,2.966667,1461,1965060312,"","","","",5.,1,350,1,"","","","","","","","","","","","","","","","","","","","","","","","","","","","",3.4,1,3.4,1,"","","","","","","","","","","","","","","","","","","","","","","","","","",100,1,"","","","","","","","","","","","",7.8,1,"","","","","","","","",8,1,8,1,"","","","","","","","","","","","","","","","","","","","","","","","","","","","","","",100,1,"","",41,1,8,1,"","","","","","","","","","","","","","","","","","","","","","","","","","","","","","","","","","","","","","","","","","","","","","","","","","","","","","","","","","","","","","","","","",""
"63263001","PUY-DE-DOME-MN",45.775,2.966667,1461,1965060315,"","","","",7.,1,350,1,"","","","","","","","","","","","","","","","","","","","","","","","","","","","",4.1,1,4.1,1,"","","","","","","","","","","","","","","","","","","","","","","","","","",100,1,"","","","","","","","","","","","",8.2,1,"","","","","","","","",8,1,8,1,"","","","","","","","","","","","","","","","","","","","","","","","","","","","","","",100,1,"","",41,1,4,1,"","","","","","","","","","","","","","","","","","","","","","","","","","","","","","","","","","","","","","","","","","","","","","","","","","","","","","","","","","","","","","","","","",""
"63263001","PUY-DE-DOME-MN",45.775,2.966667,1461,1965060318,"","","","",8.,1,350,1,"","","","","","","","","","","","","","","","","","","","","","","","","","","","",2.6,1,2.6,1,"","","","","","","","","","","","","","","","","","","","","","","","","","",100,1,"","","","","","","","","","","","",7.4,1,"","","","","","","","",9,1,"","","","","","","","","","","","","","","","","","","","","","","","","","","","","","","","",40,1,"","",45,1,4,1,"","","","","","","","","","","","","","","","","","","","","","","","","","","","","","","","","","","","","","","","","","","","","","","","","","","","","","","","","","","","","","","","","",""
"63263001","PUY-DE-DOME-MN",45.775,2.966667,1461,1965060321,"","","","","","","","","","","","","","","","","","","","","","","","","","","","","","","","","","","","",2.2,1,2.2,1,"","","","","","","","","","","","","","","","","","","","","","","","","","",100,1,"","","","","","","","","","","","",7.2,1,"","","","","","","","","","","","","","","","","","","","","","","","","","","","","","","","","","","","","","","","","","","","","","","","","","","","","","","","","","","","","","","","","","","","","","","","","","","","","","","","","","","","","","","","","","","","","","","","","","","","","","","","","","","","","","","","","","","",""
"63263001","PUY-DE-DOME-MN",45.775,2.966667,1461,1965060400,"","","","","","","","","","","","","","","","","","","","","","","","","","","","","","","","","","","","",2.1,1,2.1,1,"","","","","","","","","","","","","","","","","","","","","","","","","","",100,1,"","","","","","","","","","","","",7.1,1,"","","","","","","","","","","","","","","","","","","","","","","","","","","","","","","","","","","","","","","","","","","","","","","","","","","","","","","","","","","","","","","","","","","","","","","","","","","","","","","","","","","","","","","","","","","","","","","","","","","","","","","","","","","","","","","","","","","",""
"63263001","PUY-DE-DOME-MN",45.775,2.966667,1461,1965060403,"","","","","","","","","","","","","","","","","","","","","","","","","","","","","","","","","","","","",2.,1,2.,1,"","","","","","","","","","","","","","","","","","","","","","","","","","",100,1,"","","","","","","","","","","","",7.1,1,"","","","","","","","","","","","","","","","","","","","","","","","","","","","","","","","","","","","","","","","","","","","","","","","","","","","","","","","","","","","","","","","","","","","","","","","","","","","","","","","","","","","","","","","","","","","","","","","","","","","","","","","","","","","","","","","","","","",""
"63263001","PUY-DE-DOME-MN",45.775,2.966667,1461,1965060406,"","","","",6.,1,330,1,"","","","","","","","","","","","","","","","","","","","","","","","","","","","",2.,1,2.,1,"","","","","","","","","","","","","","","","","","","","","","","","","","",100,1,"","","","","","","","","","","","",7.1,1,"","","","","","","","",8,1,8,1,"","","","","","","","","","","","","","","","","","","","","","","","","","","","","","",40,1,"","",61,1,6,1,"","",0,1,"","","","","","","","","","","","","","","","","","","","","","","","","","","","","","","","","","","","","","","","","","","","","","","","","","","","","","","","","","","","","",""
"63263001","PUY-DE-DOME-MN",45.775,2.966667,1461,1965060409,"","","","",6.,1,50,1,"","","","","","","","","","","","","","","","","","","","","","","","","","","","",3.,1,3.,1,"","","","","","","","","","","","","","","","","","","","","","","","","","",100,1,"","","","","","","","","","","","",7.6,1,"","","","","","","","",9,1,"","","","","","","","","","","","","","","","","","","","","","","","","","","","","","","","",40,1,"","",45,1,6,1,"","","","","","","","","","","","","","","","","","","","","","","","","","","","","","","","","","","","","","","","","","","","","","","","","","","","","","","","","","","","","","","","","",""
"63263001","PUY-DE-DOME-MN",45.775,2.966667,1461,1965060412,"","","","",10.,1,30,1,"","","","","","","","","","","","","","","","","","","","","","","","","","","","",3.9,1,3.9,1,"","","","","","","","","","","","","","","","","","","","","","","","","","",100,1,"","","","","","","","","","","","",8.1,1,"","","","","","","","",8,1,8,1,"","","","","","","","","","","","","","","","","","","","","","","","","","","","","","",40,1,"","",80,1,6,1,"","","","","","","","","","","","","","","","","","","","","","","","","","","","","","","","","","","","","","","","","","","","","","","","","","","","","","","","","","","","","","","","","",""
"63263001","PUY-DE-DOME-MN",45.775,2.966667,1461,1965060415,"","","","",11.,1,350,1,"","","","","","","","","","","","","","","","","","","","","","","","","","","","",2.8,1,2.8,1,"","","","","","","","","","","","","","","","","","","","","","","","","","",100,1,"","","","","","","","","","","","",7.5,1,"","","","","","","","",9,1,"","","","","","","","","","","","","","","","","","","","","","","","","","","","","","","","",40,1,"","",45,1,8,1,"","","","","","","","","","","","","","","","","","","","","","","","","","","","","","","","","","","","","","","","","","","","","","","","","","","","","","","","","","","","","","","","","",""
"63263001","PUY-DE-DOME-MN",45.775,2.966667,1461,1965060418,"","","","",8.,1,350,1,"","","","","","","","","","","","","","","","","","","","","","","","","","","","",3.,1,3.,1,"","","","","","","","","","","","","","","","","","","","","","","","","","",100,1,"","","","","","","","","","","","",7.6,1,"","","","","","","","",8,1,8,1,"","","","","","","","","","","","","","","","","","","","","","","","","","","","","","",40,1,"","",80,1,8,1,"","","","","","","","","","","","","","","","","","","","","","","","","","","","","","","","","","","","","","","","","","","","","","","","","","","","","","","","","","","","","","","","","",""
"63263001","PUY-DE-DOME-MN",45.775,2.966667,1461,1965060421,"","","","","","","","","","","","","","","","","","","","","","","","","","","","","","","","","","","","",3.8,1,3.8,1,"","","","","","","","","","","","","","","","","","","","","","","","","","",100,1,"","","","","","","","","","","","",8.,1,"","","","","","","","","","","","","","","","","","","","","","","","","","","","","","","","","","","","","","","","","","","","","","","","","","","","","","","","","","","","","","","","","","","","","","","","","","","","","","","","","","","","","","","","","","","","","","","","","","","","","","","","","","","","","","","","","","","",""
"63263001","PUY-DE-DOME-MN",45.775,2.966667,1461,1965060500,"","","","","","","","","","","","","","","","","","","","","","","","","","","","","","","","","","","","",4.5,1,4.5,1,"","","","","","","","","","","","","","","","","","","","","","","","","","",100,1,"","","","","","","","","","","","",8.4,1,"","","","","","","","","","","","","","","","","","","","","","","","","","","","","","","","","","","","","","","","","","","","","","","","","","","","","","","","","","","","","","","","","","","","","","","","","","","","","","","","","","","","","","","","","","","","","","","","","","","","","","","","","","","","","","","","","","","",""
"63263001","PUY-DE-DOME-MN",45.775,2.966667,1461,1965060503,"","","","","","","","","","","","","","","","","","","","","","","","","","","","","","","","","","","","",3.5,1,3.5,1,"","","","","","","","","","","","","","","","","","","","","","","","","","",100,1,"","","","","","","","","","","","",7.8,1,"","","","","","","","","","","","","","","","","","","","","","","","","","","","","","","","","","","","","","","","","","","","","","","","","","","","","","","","","","","","","","","","","","","","","","","","","","","","","","","","","","","","","","","","","","","","","","","","","","","","","","","","","","","","","","","","","","","",""
"63263001","PUY-DE-DOME-MN",45.775,2.966667,1461,1965060506,"","","","",12.,1,330,1,"","","","","","","","","","","","","","","","","","","","","","","","","","","","",3.2,1,3.2,1,"","","","","","","","","","","","","","","","","","","","","","","","","","",100,1,"","","","","","","","","","","","",7.7,1,"","","","","","","","",9,1,"","","","","","","","","","","","","","","","","","","","","","","","","","","","","","","","",40,1,"","",45,1,6,1,"","",0,1,"","","","","","","","","","","","","","","","","","","","","","","","","","","","","","","","","","","","","","","","","","","","","","","","","","","","","","","","","","","","","",""
"63263001","PUY-DE-DOME-MN",45.775,2.966667,1461,1965060509,"","","","",12.,1,330,1,"","","","","","","","","","","","","","","","","","","","","","","","","","","","",3.2,1,3.2,1,"","","","","","","","","","","","","","","","","","","","","","","","","","",100,1,"","","","","","","","","","","","",7.7,1,"","","","","","","","",9,1,"","","","","","","","","","","","","","","","","","","","","","","","","","","","","","","","",40,1,"","",45,1,4,1,"","","","","","","","","","","","","","","","","","","","","","","","","","","","","","","","","","","","","","","","","","","","","","","","","","","","","","","","","","","","","","","","","",""
"63263001","PUY-DE-DOME-MN",45.775,2.966667,1461,1965060512,"","","","",15.,1,330,1,"","","","","","","","","","","","","","","","","","","","","","","","","","","","",4.2,1,4.2,1,"","","","","","","","","","","","","","","","","","","","","","","","","","",100,1,"","","","","","","","","","","","",8.3,1,"","","","","","","","",8,1,8,1,"","","","","","","","","","","","","","","","","","","","","","","","","","","","","","",100,1,"","",41,1,4,1,"","","","","","","","","","","","","","","","","","","","","","","","","","","","","","","","","","","","","","","","","","","","","","","","","","","","","","","","","","","","","","","","","",""
"63263001","PUY-DE-DOME-MN",45.775,2.966667,1461,1965060515,"","","","",12.,1,330,1,"","","","","","","","","","","","","","","","","","","","","","","","","","","","",6.2,1,1.8,1,"","","","","","","","","","","","","","","","","","","","","","","","","","",74,1,"","","","","","","","","","","","",7.,1,"","","","","","","","",8,1,8,1,2,1,"","","","","","","","","","","","","","","","","","","","","","","","","","","","",10000,1,"","",1,1,4,1,"","","","","","","","","","","","","","","","","","","","","","","","","","","","","","","","","","","","","","","","","","","","","","","","","","","","","","","","","","","","","","","","","",""
"63263001","PUY-DE-DOME-MN",45.775,2.966667,1461,1965060518,"","","","",10.,1,330,1,"","","","","","","","","","","","","","","","","","","","","","","","","","","","",5.3,1,3.,1,"","","","","","","","","","","","","","","","","","","","","","","","","","",85,1,"","","","","","","","","","","","",7.6,1,"","","","","","","","",8,1,8,1,8,1,"","","","","","","","","","","","","","","","","","","","","","","","","","","","",10000,1,"","",3,1,4,1,"","","","","","","","","","","","","","","","","","","","","","","","","","","","","","","","","","","","","","","","","","","","","","","","","","","","","","","","","","","","","","","","","",""
"63263001","PUY-DE-DOME-MN",45.775,2.966667,1461,1965060521,"","","","","","","","","","","","","","","","","","","","","","","","","","","","","","","","","","","","",4.8,1,2.4,1,"","","","","","","","","","","","","","","","","","","","","","","","","","",85,1,"","","","","","","","","","","","",7.3,1,"","","","","","","","","","","","","","","","","","","","","","","","","","","","","","","","","","","","","","","","","","","","","","","","","","","","","","","","","","","","","","","","","","","","","","","","","","","","","","","","","","","","","","","","","","","","","","","","","","","","","","","","","","","","","","","","","","","",""
"63263001","PUY-DE-DOME-MN",45.775,2.966667,1461,1965060600,"","","","","","","","","","","","","","","","","","","","","","","","","","","","","","","","","","","","",2.8,1,2.8,1,"","","","","","","","","","","","","","","","","","","","","","","","","","",100,1,"","","","","","","","","","","","",7.5,1,"","","","","","","","","","","","","","","","","","","","","","","","","","","","","","","","","","","","","","","","","","","","","","","","","","","","","","","","","","","","","","","","","","","","","","","","","","","","","","","","","","","","","","","","","","","","","","","","","","","","","","","","","","","","","","","","","","","",""
"63263001","PUY-DE-DOME-MN",45.775,2.966667,1461,1965060603,"","","","","","","","","","","","","","","","","","","","","","","","","","","","","","","","","","","","",1.9,1,1.9,1,"","","","","","","","","","","","","","","","","","","","","","","","","","",100,1,"","","","","","","","","","","","",7.,1,"","","","","","","","","","","","","","","","","","","","","","","","","","","","","","","","","","","","","","","","","","","","","","","","","","","","","","","","","","","","","","","","","","","","","","","","","","","","","","","","","","","","","","","","","","","","","","","","","","","","","","","","","","","","","","","","","","","",""
"63263001","PUY-DE-DOME-MN",45.775,2.966667,1461,1965060606,"","","","",8.,1,290,1,"","","","","","","","","","","","","","","","","","","","","","","","","","","","",2.2,1,1.6,1,"","","","","","","","","","","","","","","","","","","","","","","","","","",96,1,"","","","","","","","","","","","",6.9,1,"","","","","","","","",7,1,7,1,5,1,"","","","","","","","","","","","","","","","","","","","","","","","","","","","",8000,1,"","",2,1,4,1,"","",0,1,"","","","","","","","","","","","","","","","","","","","","","","","","","","","","","","","","","","","","","","","","","","","","","","","","","","","","","","","","","","","","",""
"63263001","PUY-DE-DOME-MN",45.775,2.966667,1461,1965060609,"","","","",0.,1,0,1,"","","","","","","","","","","","","","","","","","","","","","","","","","","","",5.1,1,5.1,1,"","","","","","","","","","","","","","","","","","","","","","","","","","",100,1,"","","","","","","","","","","","",8.8,1,"","","","","","","","",9,1,"","","","","","","","","","","","","","","","","","","","","","","","","","","","","","","","",80,1,"","",45,1,2,1,"","","","","","","","","","","","","","","","","","","","","","","","","","","","","","","","","","","","","","","","","","","","","","","","","","","","","","","","","","","","","","","","","",""
"63263001","PUY-DE-DOME-MN",45.775,2.966667,1461,1965060612,"","","","",3.,1,170,1,"","","","","","","","","","","","","","","","","","","","","","","","","","","","",7.3,1,5.3,1,"","","","","","","","","","","","","","","","","","","","","","","","","","",88,1,"","","","","","","","","","","","",9.,1,"","","","","","","","",7,1,7,1,2,1,"","","","","","","","","","","","","","","","","","","","","","","","","","","","",12000,1,"","",3,1,4,1,"","","","","","","","","","","","","","","","","","","","","","","","","","","","","","","","","","","","","","","","","","","","","","","","","","","","","","","","","","","","","","","","","",""
"63263001","PUY-DE-DOME-MN",45.775,2.966667,1461,1965060615,"","","","",0.,1,0,1,"","","","","","","","","","","","","","","","","","","","","","","","","","","","",9.8,1,4.8,1,"","","","","","","","","","","","","","","","","","","","","","","","","","",72,1,"","","","","","","","","","","","",8.7,1,"","","","","","","","",7,1,5,1,2,1,6,1,4,1,"","","","","","","","","","","","","","","","","","","","","","","","",25000,1,"","",1,1,8,1,"","","","","","","","","","","","","","","","","","","","","","","","","","","","","","","","","","","","","","","","","","","","","","","","","","","","","","","","","","","","","","","","","",""
"63263001","PUY-DE-DOME-MN",45.775,2.966667,1461,1965060618,"","","","",2.,1,230,1,"","","","","","","","","","","","","","","","","","","","","","","","","","","","",7.9,1,4.7,1,"","","","","","","","","","","","","","","","","","","","","","","","","","",80,1,"","","","","","","","","","","","",8.6,1,"","","","","","","","",7,1,6,1,2,1,6,1,2,1,"","","","","","","","","","","","","","","","","","","","","","","","",15000,1,"","",15,1,8,1,"","","","","","","","","","","","","","","","","","","","","","","","","","","","","","","","","","","","","","","","","","","","","","","","","","","","","","","","","","","","","","","","","",""
"63263001","PUY-DE-DOME-MN",45.775,2.966667,1461,1965060621,"","","","","","","","","","","","","","","","","","","","","","","","","","","","","","","","","","","","",6.2,1,3.3,1,"","","","","","","","","","","","","","","","","","","","","","","","","","",82,1,"","","","","","","","","","","","",7.8,1,"","","","","","","","","","","","","","","","","","","","","","","","","","","","","","","","","","","","","","","","","","","","","","","","","","","","","","","","","","","","","","","","","","","","","","","","","","","","","","","","","","","","","","","","","","","","","","","","","","","","","","","","","","","","","","","","","","","",""
"63263001","PUY-DE-DOME-MN",45.775,2.966667,1461,1965060700,"","","","","","","","","","","","","","","","","","","","","","","","","","","","","","","","","","","","",5.,1,5.,1,"","","","","","","","","","","","","","","","","","","","","","","","","","",100,1,"","","","","","","","","","","","",8.7,1,"","","","","","","","","","","","","","","","","","","","","","","","","","","","","","","","","","","","","","","","","","","","","","","","","","","","","","","","","","","","","","","","","","","","","","","","","","","","","","","","","","","","","","","","","","","","","","","","","","","","","","","","","","","","","","","","","","","",""
"63263001","PUY-DE-DOME-MN",45.775,2.966667,1461,1965060703,"","","","","","","","","","","","","","","","","","","","","","","","","","","","","","","","","","","","",3.9,1,3.1,1,"","","","","","","","","","","","","","","","","","","","","","","","","","",95,1,"","","","","","","","","","","","",7.7,1,"","","","","","","","","","","","","","","","","","","","","","","","","","","","","","","","","","","","","","","","","","","","","","","","","","","","","","","","","","","","","","","","","","","","","","","","","","","","","","","","","","","","","","","","","","","","","","","","","","","","","","","","","","","","","","","","","","","",""
"63263001","PUY-DE-DOME-MN",45.775,2.966667,1461,1965060706,"","","","",7.,1,230,1,"","","","","","","","","","","","","","","","","","","","","","","","","","","","",3.7,1,3.7,1,"","","","","","","","","","","","","","","","","","","","","","","","","","",100,1,"","","","","","","","","","","","",8.,1,"","","","","","","","",9,1,"","","","","","","","","","","","","","","","","","","","","","","","","","","","","","","","",40,1,"","",45,1,6,1,"","",0,1,"","","","","","","","","","","","","","","","","","","","","","","","","","","","","","","","","","","","","","","","","","","","","","","","","","","","","","","","","","","","","",""
"63263001","PUY-DE-DOME-MN",45.775,2.966667,1461,1965060709,"","","","",7.,1,270,1,"","","","","","","","","","","","","","","","","","","","","","","","","","","","",4.,1,4.,1,"","","","","","","","","","","","","","","","","","","","","","","","","","",100,1,"","","","","","","","","","","","",8.1,1,"","","","","","","","",9,1,"","","","","","","","","","","","","","","","","","","","","","","","","","","","","","","","",40,1,"","",45,1,4,1,"","","","","","","","","","","","","","","","","","","","","","","","","","","","","","","","","","","","","","","","","","","","","","","","","","","","","","","","","","","","","","","","","",""
"63263001","PUY-DE-DOME-MN",45.775,2.966667,1461,1965060712,"","","","",2.,1,270,1,"","","","","","","","","","","","","","","","","","","","","","","","","","","","",6.,1,6.,1,"","","","","","","","","","","","","","","","","","","","","","","","","","",100,1,"","","","","","","","","","","","",9.3,1,"","","","","","","","",9,1,"","","","","","","","","","","","","","","","","","","","","","","","","","","","","","","","",80,1,"","",45,1,4,1,"","","","","","","","","","","","","","","","","","","","","","","","","","","","","","","","","","","","","","","","","","","","","","","","","","","","","","","","","","","","","","","","","",""
"63263001","PUY-DE-DOME-MN",45.775,2.966667,1461,1965060715,"","","","",10.,1,270,1,"","","","","","","","","","","","","","","","","","","","","","","","","","","","",4.,1,4.,1,"","","","","","","","","","","","","","","","","","","","","","","","","","",100,1,"","","","","","","","","","","","",8.1,1,"","","","","","","","",9,1,"","","","","","","","","","","","","","","","","","","","","","","","","","","","","","","","",60,1,"","",45,1,8,1,"","","","","","","","","","","","","","","","","","","","","","","","","","","","","","","","","","","","","","","","","","","","","","","","","","","","","","","","","","","","","","","","","",""
"63263001","PUY-DE-DOME-MN",45.775,2.966667,1461,1965060718,"","","","",12.,1,270,1,"","","","","","","","","","","","","","","","","","","","","","","","","","","","",3.8,1,3.8,1,"","","","","","","","","","","","","","","","","","","","","","","","","","",100,1,"","","","","","","","","","","","",8.,1,"","","","","","","","",8,1,8,1,"","","","","","","","","","","","","","","","","","","","","","","","","","","","","","",60,1,"","",80,1,8,1,"","","","","","","","","","","","","","","","","","","","","","","","","","","","","","","","","","","","","","","","","","","","","","","","","","","","","","","","","","","","","","","","","",""
"63263001","PUY-DE-DOME-MN",45.775,2.966667,1461,1965060721,"","","","","","","","","","","","","","","","","","","","","","","","","","","","","","","","","","","","",2.5,1,2.5,1,"","","","","","","","","","","","","","","","","","","","","","","","","","",100,1,"","","","","","","","","","","","",7.3,1,"","","","","","","","","","","","","","","","","","","","","","","","","","","","","","","","","","","","","","","","","","","","","","","","","","","","","","","","","","","","","","","","","","","","","","","","","","","","","","","","","","","","","","","","","","","","","","","","","","","","","","","","","","","","","","","","","","","",""
"63263001","PUY-DE-DOME-MN",45.775,2.966667,1461,1965060800,"","","","","","","","","","","","","","","","","","","","","","","","","","","","","","","","","","","","",2.,1,2.,1,"","","","","","","","","","","","","","","","","","","","","","","","","","",100,1,"","","","","","","","","","","","",7.1,1,"","","","","","","","","","","","","","","","","","","","","","","","","","","","","","","","","","","","","","","","","","","","","","","","","","","","","","","","","","","","","","","","","","","","","","","","","","","","","","","","","","","","","","","","","","","","","","","","","","","","","","","","","","","","","","","","","","","",""
"63263001","PUY-DE-DOME-MN",45.775,2.966667,1461,1965060803,"","","","","","","","","","","","","","","","","","","","","","","","","","","","","","","","","","","","",1.2,1,1.2,1,"","","","","","","","","","","","","","","","","","","","","","","","","","",100,1,"","","","","","","","","","","","",6.6,1,"","","","","","","","","","","","","","","","","","","","","","","","","","","","","","","","","","","","","","","","","","","","","","","","","","","","","","","","","","","","","","","","","","","","","","","","","","","","","","","","","","","","","","","","","","","","","","","","","","","","","","","","","","","","","","","","","","","",""
"63263001","PUY-DE-DOME-MN",45.775,2.966667,1461,1965060806,"","","","",17.,1,290,1,"","","","","","","","","","","","","","","","","","","","","","","","","","","","",1.,1,1.,1,"","","","","","","","","","","","","","","","","","","","","","","","","","",100,1,"","","","","","","","","","","","",6.6,1,"","","","","","","","",9,1,"","","","","","","","","","","","","","","","","","","","","","","","","","","","","","","","",40,1,"","",45,1,8,1,"","",0,1,"","","","","","","","","","","","","","","","","","","","","","","","","","","","","","","","","","","","","","","","","","","","","","","","","","","","","","","","","","","","","",""
"63263001","PUY-DE-DOME-MN",45.775,2.966667,1461,1965060809,"","","","",9.,1,290,1,"","","","","","","","","","","","","","","","","","","","","","","","","","","","",1.6,1,1.6,1,"","","","","","","","","","","","","","","","","","","","","","","","","","",100,1,"","","","","","","","","","","","",6.8,1,"","","","","","","","",8,1,8,1,"","","","","","","","","","","","","","","","","","","","","","","","","","","","","","",100,1,"","",41,1,4,1,"","","","","","","","","","","","","","","","","","","","","","","","","","","","","","","","","","","","","","","","","","","","","","","","","","","","","","","","","","","","","","","","","",""
"63263001","PUY-DE-DOME-MN",45.775,2.966667,1461,1965060812,"","","","",11.,1,290,1,"","","","","","","","","","","","","","","","","","","","","","","","","","","","",3.8,1,1.4,1,"","","","","","","","","","","","","","","","","","","","","","","","","","",85,1,"","","","","","","","","","","","",6.8,1,"","","","","","","","",6,1,5,1,9,1,0,1,2,1,"","","","","","","","","","","","","","","","","","","","","","","","",30000,1,"","",15,1,4,1,"","","","","","","","","","","","","","","","","","","","","","","","","","","","","","","","","","","","","","","","","","","","","","","","","","","","","","","","","","","","","","","","","",""
"63263001","PUY-DE-DOME-MN",45.775,2.966667,1461,1965060815,"","","","",13.,1,270,1,"","","","","","","","","","","","","","","","","","","","","","","","","","","","",3.6,1,3.6,1,"","","","","","","","","","","","","","","","","","","","","","","","","","",100,1,"","","","","","","","","","","","",7.9,1,"","","","","","","","",8,1,8,1,"","","","","","","","","","","","","","","","","","","","","","","","","","","","","","","","","","",17,1,4,1,"","","","","","","","","","","","","","","","","","","","","","","","","","","","","","","","","","","","","","","","","","","","","","","","","","","","","","","","","","","","","","","","","",""
"63263001","PUY-DE-DOME-MN",45.775,2.966667,1461,1965060818,"","","","",14.,1,290,1,"","","","","","","","","","","","","","","","","","","","","","","","","","","","",2.8,1,2.8,1,"","","","","","","","","","","","","","","","","","","","","","","","","","",100,1,"","","","","","","","","","","","",7.5,1,"","","","","","","","",8,1,8,1,"","","","","","","","","","","","","","","","","","","","","","","","","","","","","","",100,1,"","",41,1,8,1,"","","","","","","","","","","","","","","","","","","","","","","","","","","","","","","","","","","","","","","","","","","","","","","","","","","","","","","","","","","","","","","","","",""
"63263001","PUY-DE-DOME-MN",45.775,2.966667,1461,1965060821,"","","","","","","","","","","","","","","","","","","","","","","","","","","","","","","","","","","","",1.5,1,1.5,1,"","","","","","","","","","","","","","","","","","","","","","","","","","",100,1,"","","","","","","","","","","","",6.8,1,"","","","","","","","","","","","","","","","","","","","","","","","","","","","","","","","","","","","","","","","","","","","","","","","","","","","","","","","","","","","","","","","","","","","","","","","","","","","","","","","","","","","","","","","","","","","","","","","","","","","","","","","","","","","","","","","","","","",""
"63263001","PUY-DE-DOME-MN",45.775,2.966667,1461,1965060900,"","","","","","","","","","","","","","","","","","","","","","","","","","","","","","","","","","","","",1.3,1,1.3,1,"","","","","","","","","","","","","","","","","","","","","","","","","","",100,1,"","","","","","","","","","","","",6.7,1,"","","","","","","","","","","","","","","","","","","","","","","","","","","","","","","","","","","","","","","","","","","","","","","","","","","","","","","","","","","","","","","","","","","","","","","","","","","","","","","","","","","","","","","","","","","","","","","","","","","","","","","","","","","","","","","","","","","",""
"63263001","PUY-DE-DOME-MN",45.775,2.966667,1461,1965060903,"","","","","","","","","","","","","","","","","","","","","","","","","","","","","","","","","","","","",1.1,1,1.1,1,"","","","","","","","","","","","","","","","","","","","","","","","","","",100,1,"","","","","","","","","","","","",6.6,1,"","","","","","","","","","","","","","","","","","","","","","","","","","","","","","","","","","","","","","","","","","","","","","","","","","","","","","","","","","","","","","","","","","","","","","","","","","","","","","","","","","","","","","","","","","","","","","","","","","","","","","","","","","","","","","","","","","","",""
"63263001","PUY-DE-DOME-MN",45.775,2.966667,1461,1965060906,"","","","",14.,1,270,1,"","","","","","","","","","","","","","","","","","","","","","","","","","","","",1.7,1,1.7,1,"","","","","","","","","","","","","","","","","","","","","","","","","","",100,1,"","","","","","","","","","","","",6.9,1,"","","","","","","","",9,1,"","","","","","","","","","","","","","","","","","","","","","","","","","","","","","","","",40,1,"","",45,1,4,1,"","",0,1,"","","","","","","","","","","","","","","","","","","","","","","","","","","","","","","","","","","","","","","","","","","","","","","","","","","","","","","","","","","","","",""
"63263001","PUY-DE-DOME-MN",45.775,2.966667,1461,1965060909,"","","","",8.,1,270,1,"","","","","","","","","","","","","","","","","","","","","","","","","","","","",2.3,1,2.3,1,"","","","","","","","","","","","","","","","","","","","","","","","","","",100,1,"","","","","","","","","","","","",7.2,1,"","","","","","","","",9,1,"","","","","","","","","","","","","","","","","","","","","","","","","","","","","","","","",40,1,"","",45,1,4,1,"","","","","","","","","","","","","","","","","","","","","","","","","","","","","","","","","","","","","","","","","","","","","","","","","","","","","","","","","","","","","","","","","",""
"63263001","PUY-DE-DOME-MN",45.775,2.966667,1461,1965060912,"","","","",11.,1,290,1,"","","","","","","","","","","","","","","","","","","","","","","","","","","","",4.3,1,4.3,1,"","","","","","","","","","","","","","","","","","","","","","","","","","",100,1,"","","","","","","","","","","","",8.3,1,"","","","","","","","",8,1,8,1,"","","","","","","","","","","","","","","","","","","","","","","","","","","","","","",100,1,"","",41,1,8,1,"","","","","","","","","","","","","","","","","","","","","","","","","","","","","","","","","","","","","","","","","","","","","","","","","","","","","","","","","","","","","","","","","",""
"63263001","PUY-DE-DOME-MN",45.775,2.966667,1461,1965060915,"","","","",10.,1,310,1,"","","","","","","","","","","","","","","","","","","","","","","","","","","","",5.,1,3.8,1,"","","","","","","","","","","","","","","","","","","","","","","","","","",93,1,"","","","","","","","","","","","",8.1,1,"","","","","","","","",7,1,7,1,2,1,"","","","","","","","","","","","","","","","","","","","","","","","","","","","",70000,1,"","",28,1,4,1,"","","","","","","","","","","","","","","","","","","","","","","","","","","","","","","","","","","","","","","","","","","","","","","","","","","","","","","","","","","","","","","","","",""
"63263001","PUY-DE-DOME-MN",45.775,2.966667,1461,1965060918,"","","","",8.,1,310,1,"","","","","","","","","","","","","","","","","","","","","","","","","","","","",4.5,1,4.5,1,"","","","","","","","","","","","","","","","","","","","","","","","","","",100,1,"","","","","","","","","","","","",8.4,1,"","","","","","","","",8,1,8,1,"","","","","","","","","","","","","","","","","","","","","","","","","","","","","","",40,1,"","",80,1,4,1,"","","","","","","","","","","","","","","","","","","","","","","","","","","","","","","","","","","","","","","","","","","","","","","","","","","","","","","","","","","","","","","","","",""
"63263001","PUY-DE-DOME-MN",45.775,2.966667,1461,1965060921,"","","","","","","","","","","","","","","","","","","","","","","","","","","","","","","","","","","","",3.4,1,3.4,1,"","","","","","","","","","","","","","","","","","","","","","","","","","",100,1,"","","","","","","","","","","","",7.8,1,"","","","","","","","","","","","","","","","","","","","","","","","","","","","","","","","","","","","","","","","","","","","","","","","","","","","","","","","","","","","","","","","","","","","","","","","","","","","","","","","","","","","","","","","","","","","","","","","","","","","","","","","","","","","","","","","","","","",""
"63263001","PUY-DE-DOME-MN",45.775,2.966667,1461,1965061000,"","","","","","","","","","","","","","","","","","","","","","","","","","","","","","","","","","","","",3.4,1,3.4,1,"","","","","","","","","","","","","","","","","","","","","","","","","","",100,1,"","","","","","","","","","","","",7.8,1,"","","","","","","","","","","","","","","","","","","","","","","","","","","","","","","","","","","","","","","","","","","","","","","","","","","","","","","","","","","","","","","","","","","","","","","","","","","","","","","","","","","","","","","","","","","","","","","","","","","","","","","","","","","","","","","","","","","",""
"63263001","PUY-DE-DOME-MN",45.775,2.966667,1461,1965061003,"","","","","","","","","","","","","","","","","","","","","","","","","","","","","","","","","","","","",3.6,1,3.6,1,"","","","","","","","","","","","","","","","","","","","","","","","","","",100,1,"","","","","","","","","","","","",7.9,1,"","","","","","","","","","","","","","","","","","","","","","","","","","","","","","","","","","","","","","","","","","","","","","","","","","","","","","","","","","","","","","","","","","","","","","","","","","","","","","","","","","","","","","","","","","","","","","","","","","","","","","","","","","","","","","","","","","","",""
"63263001","PUY-DE-DOME-MN",45.775,2.966667,1461,1965061006,"","","","",14.,1,310,1,"","","","","","","","","","","","","","","","","","","","","","","","","","","","",4.,1,4.,1,"","","","","","","","","","","","","","","","","","","","","","","","","","",100,1,"","","","","","","","","","","","",8.1,1,"","","","","","","","",9,1,"","","","","","","","","","","","","","","","","","","","","","","","","","","","","","","","",40,1,"","",45,1,4,1,"","",0,1,"","","","","","","","","","","","","","","","","","","","","","","","","","","","","","","","","","","","","","","","","","","","","","","","","","","","","","","","","","","","","",""
"63263001","PUY-DE-DOME-MN",45.775,2.966667,1461,1965061009,"","","","",14.,1,310,1,"","","","","","","","","","","","","","","","","","","","","","","","","","","","",4.3,1,4.3,1,"","","","","","","","","","","","","","","","","","","","","","","","","","",100,1,"","","","","","","","","","","","",8.3,1,"","","","","","","","",9,1,"","","","","","","","","","","","","","","","","","","","","","","","","","","","","","","","",40,1,"","",45,1,4,1,"","","","","","","","","","","","","","","","","","","","","","","","","","","","","","","","","","","","","","","","","","","","","","","","","","","","","","","","","","","","","","","","","",""
"63263001","PUY-DE-DOME-MN",45.775,2.966667,1461,1965061012,"","","","",15.,1,310,1,"","","","","","","","","","","","","","","","","","","","","","","","","","","","",4.5,1,4.5,1,"","","","","","","","","","","","","","","","","","","","","","","","","","",100,1,"","","","","","","","","","","","",8.4,1,"","","","","","","","",9,1,"","","","","","","","","","","","","","","","","","","","","","","","","","","","","","","","",40,1,"","",45,1,4,1,"","","","","","","","","","","","","","","","","","","","","","","","","","","","","","","","","","","","","","","","","","","","","","","","","","","","","","","","","","","","","","","","","",""
"63263001","PUY-DE-DOME-MN",45.775,2.966667,1461,1965061015,"","","","",15.,1,310,1,"","","","","","","","","","","","","","","","","","","","","","","","","","","","",5.,1,5.,1,"","","","","","","","","","","","","","","","","","","","","","","","","","",100,1,"","","","","","","","","","","","",8.7,1,"","","","","","","","",9,1,"","","","","","","","","","","","","","","","","","","","","","","","","","","","","","","","",40,1,"","",45,1,4,1,"","","","","","","","","","","","","","","","","","","","","","","","","","","","","","","","","","","","","","","","","","","","","","","","","","","","","","","","","","","","","","","","","",""
"63263001","PUY-DE-DOME-MN",45.775,2.966667,1461,1965061018,"","","","",13.,1,310,1,"","","","","","","","","","","","","","","","","","","","","","","","","","","","",5.7,1,5.7,1,"","","","","","","","","","","","","","","","","","","","","","","","","","",100,1,"","","","","","","","","","","","",9.2,1,"","","","","","","","",9,1,"","","","","","","","","","","","","","","","","","","","","","","","","","","","","","","","",40,1,"","",45,1,4,1,"","","","","","","","","","","","","","","","","","","","","","","","","","","","","","","","","","","","","","","","","","","","","","","","","","","","","","","","","","","","","","","","","",""
"63263001","PUY-DE-DOME-MN",45.775,2.966667,1461,1965061021,"","","","","","","","","","","","","","","","","","","","","","","","","","","","","","","","","","","","",5.8,1,5.8,1,"","","","","","","","","","","","","","","","","","","","","","","","","","",100,1,"","","","","","","","","","","","",9.2,1,"","","","","","","","","","","","","","","","","","","","","","","","","","","","","","","","","","","","","","","","","","","","","","","","","","","","","","","","","","","","","","","","","","","","","","","","","","","","","","","","","","","","","","","","","","","","","","","","","","","","","","","","","","","","","","","","","","","",""
"63263001","PUY-DE-DOME-MN",45.775,2.966667,1461,1965061100,"","","","","","","","","","","","","","","","","","","","","","","","","","","","","","","","","","","","",5.3,1,5.3,1,"","","","","","","","","","","","","","","","","","","","","","","","","","",100,1,"","","","","","","","","","","","",8.9,1,"","","","","","","","","","","","","","","","","","","","","","","","","","","","","","","","","","","","","","","","","","","","","","","","","","","","","","","","","","","","","","","","","","","","","","","","","","","","","","","","","","","","","","","","","","","","","","","","","","","","","","","","","","","","","","","","","","","",""
"63263001","PUY-DE-DOME-MN",45.775,2.966667,1461,1965061103,"","","","","","","","","","","","","","","","","","","","","","","","","","","","","","","","","","","","",5.5,1,5.5,1,"","","","","","","","","","","","","","","","","","","","","","","","","","",100,1,"","","","","","","","","","","","",9.,1,"","","","","","","","","","","","","","","","","","","","","","","","","","","","","","","","","","","","","","","","","","","","","","","","","","","","","","","","","","","","","","","","","","","","","","","","","","","","","","","","","","","","","","","","","","","","","","","","","","","","","","","","","","","","","","","","","","","",""
"63263001","PUY-DE-DOME-MN",45.775,2.966667,1461,1965061106,"","","","",8.,1,30,1,"","","","","","","","","","","","","","","","","","","","","","","","","","","","",6.4,1,6.4,1,"","","","","","","","","","","","","","","","","","","","","","","","","","",100,1,"","","","","","","","","","","","",9.6,1,"","","","","","","","",9,1,"","","","","","","","","","","","","","","","","","","","","","","","","","","","","","","","",40,1,"","",45,1,4,1,"","",0,1,"","","","","","","","","","","","","","","","","","","","","","","","","","","","","","","","","","","","","","","","","","","","","","","","","","","","","","","","","","","","","",""
"63263001","PUY-DE-DOME-MN",45.775,2.966667,1461,1965061109,"","","","",9.,1,50,1,"","","","","","","","","","","","","","","","","","","","","","","","","","","","",7.7,1,7.7,1,"","","","","","","","","","","","","","","","","","","","","","","","","","",100,1,"","","","","","","","","","","","",10.5,1,"","","","","","","","",9,1,"","","","","","","","","","","","","","","","","","","","","","","","","","","","","","","","",40,1,"","",45,1,4,1,"","","","","","","","","","","","","","","","","","","","","","","","","","","","","","","","","","","","","","","","","","","","","","","","","","","","","","","","","","","","","","","","","",""
"63263001","PUY-DE-DOME-MN",45.775,2.966667,1461,1965061112,"","","","",7.,1,50,1,"","","","","","","","","","","","","","","","","","","","","","","","","","","","",10.,1,7.9,1,"","","","","","","","","","","","","","","","","","","","","","","","","","",87,1,"","","","","","","","","","","","",10.8,1,"","","","","","","","",7,1,7,1,2,1,"","","","","","","","","","","","","","","","","","","","","","","","","","","","",15000,1,"","",2,1,4,1,"","","","","","","","","","","","","","","","","","","","","","","","","","","","","","","","","","","","","","","","","","","","","","","","","","","","","","","","","","","","","","","","","",""
"63263001","PUY-DE-DOME-MN",45.775,2.966667,1461,1965061115,"","","","",8.,1,50,1,"","","","","","","","","","","","","","","","","","","","","","","","","","","","",11.7,1,7.9,1,"","","","","","","","","","","","","","","","","","","","","","","","","","",79,1,"","","","","","","","","","","","",10.8,1,"","","","","","","","",6,1,5,1,2,1,0,1,2,1,"","","","","","","","","","","","","","","","","","","","","","","","",15000,1,"","",1,1,2,1,"","","","","","","","","","","","","","","","","","","","","","","","","","","","","","","","","","","","","","","","","","","","","","","","","","","","","","","","","","","","","","","","","",""
"63263001","PUY-DE-DOME-MN",45.775,2.966667,1461,1965061118,"","","","",6.,1,50,1,"","","","","","","","","","","","","","","","","","","","","","","","","","","","",10.6,1,5.3,1,"","","","","","","","","","","","","","","","","","","","","","","","","","",70,1,"","","","","","","","","","","","",9.,1,"","","","","","","","",4,1,0,1,2,1,0,1,2,1,"","","","","","","","","","","","","","","","","","","","","","","","",20000,1,"","",1,1,2,1,"","","","","","","","","","","","","","","","","","","","","","","","","","","","","","","","","","","","","","","","","","","","","","","","","","","","","","","","","","","","","","","","","",""
"63263001","PUY-DE-DOME-MN",45.775,2.966667,1461,1965061121,"","","","","","","","","","","","","","","","","","","","","","","","","","","","","","","","","","","","",8.4,1,7.6,1,"","","","","","","","","","","","","","","","","","","","","","","","","","",96,1,"","","","","","","","","","","","",10.6,1,"","","","","","","","","","","","","","","","","","","","","","","","","","","","","","","","","","","","","","","","","","","","","","","","","","","","","","","","","","","","","","","","","","","","","","","","","","","","","","","","","","","","","","","","","","","","","","","","","","","","","","","","","","","","","","","","","","","",""
"63263001","PUY-DE-DOME-MN",45.775,2.966667,1461,1965061200,"","","","","","","","","","","","","","","","","","","","","","","","","","","","","","","","","","","","",7.5,1,5.9,1,"","","","","","","","","","","","","","","","","","","","","","","","","","",90,1,"","","","","","","","","","","","",9.4,1,"","","","","","","","","","","","","","","","","","","","","","","","","","","","","","","","","","","","","","","","","","","","","","","","","","","","","","","","","","","","","","","","","","","","","","","","","","","","","","","","","","","","","","","","","","","","","","","","","","","","","","","","","","","","","","","","","","","",""
"63263001","PUY-DE-DOME-MN",45.775,2.966667,1461,1965061203,"","","","","","","","","","","","","","","","","","","","","","","","","","","","","","","","","","","","",6.8,1,5.5,1,"","","","","","","","","","","","","","","","","","","","","","","","","","",92,1,"","","","","","","","","","","","",9.1,1,"","","","","","","","","","","","","","","","","","","","","","","","","","","","","","","","","","","","","","","","","","","","","","","","","","","","","","","","","","","","","","","","","","","","","","","","","","","","","","","","","","","","","","","","","","","","","","","","","","","","","","","","","","","","","","","","","","","",""
"63263001","PUY-DE-DOME-MN",45.775,2.966667,1461,1965061206,"","","","",12.,1,70,1,"","","","","","","","","","","","","","","","","","","","","","","","","","","","",7.9,1,0.6,1,"","","","","","","","","","","","","","","","","","","","","","","","","","",60,1,"","","","","","","","","","","","",6.4,1,"","","","","","","","",1,1,0,1,0,1,0,1,1,1,"","","","","","","","","","","","","","","","","","","","","","","","",40000,1,"","",2,1,0,1,"","",0,1,"","","","","","","","","","","","","","","","","","","","","","","","","","","","","","","","","","","","","","","","","","","","","","","","","","","","","","","","","","","","","",""
"63263001","PUY-DE-DOME-MN",45.775,2.966667,1461,1965061209,"","","","",7.,1,70,1,"","","","","","","","","","","","","","","","","","","","","","","","","","","","",10.5,1,2.2,1,"","","","","","","","","","","","","","","","","","","","","","","","","","",57,1,"","","","","","","","","","","","",7.2,1,"","","","","","","","",1,1,0,1,1,1,0,1,1,1,"","","","","","","","","","","","","","","","","","","","","","","","",30000,1,"","",3,1,0,1,"","","","","","","","","","","","","","","","","","","","","","","","","","","","","","","","","","","","","","","","","","","","","","","","","","","","","","","","","","","","","","","","","",""
"63263001","PUY-DE-DOME-MN",45.775,2.966667,1461,1965061212,"","","","",6.,1,90,1,"","","","","","","","","","","","","","","","","","","","","","","","","","","","",13.2,1,5.6,1,"","","","","","","","","","","","","","","","","","","","","","","","","","",60,1,"","","","","","","","","","","","",9.2,1,"","","","","","","","",1,1,0,1,1,1,0,1,0,1,"","","","","","","","","","","","","","","","","","","","","","","","",40000,1,"","",2,1,0,1,"","","","","","","","","","","","","","","","","","","","","","","","","","","","","","","","","","","","","","","","","","","","","","","","","","","","","","","","","","","","","","","","","",""
"63263001","PUY-DE-DOME-MN",45.775,2.966667,1461,1965061215,"","","","",3.,1,90,1,"","","","","","","","","","","","","","","","","","","","","","","","","","","","",14.2,1,7.1,1,"","","","","","","","","","","","","","","","","","","","","","","","","","",63,1,"","","","","","","","","","","","",10.2,1,"","","","","","","","",1,1,0,1,1,1,0,1,2,1,"","","","","","","","","","","","","","","","","","","","","","","","",30000,1,"","",2,1,0,1,"","","","","","","","","","","","","","","","","","","","","","","","","","","","","","","","","","","","","","","","","","","","","","","","","","","","","","","","","","","","","","","","","",""
"63263001","PUY-DE-DOME-MN",45.775,2.966667,1461,1965061218,"","","","",5.,1,70,1,"","","","","","","","","","","","","","","","","","","","","","","","","","","","",11.8,1,6.8,1,"","","","","","","","","","","","","","","","","","","","","","","","","","",72,1,"","","","","","","","","","","","",10.,1,"","","","","","","","",3,1,0,1,0,1,0,1,2,1,"","","","","","","","","","","","","","","","","","","","","","","","",30000,1,"","",2,1,0,1,"","","","","","","","","","","","","","","","","","","","","","","","","","","","","","","","","","","","","","","","","","","","","","","","","","","","","","","","","","","","","","","","","",""
"63263001","PUY-DE-DOME-MN",45.775,2.966667,1461,1965061221,"","","","","","","","","","","","","","","","","","","","","","","","","","","","","","","","","","","","",9.4,1,6.9,1,"","","","","","","","","","","","","","","","","","","","","","","","","","",85,1,"","","","","","","","","","","","",10.1,1,"","","","","","","","","","","","","","","","","","","","","","","","","","","","","","","","","","","","","","","","","","","","","","","","","","","","","","","","","","","","","","","","","","","","","","","","","","","","","","","","","","","","","","","","","","","","","","","","","","","","","","","","","","","","","","","","","","","",""
"63263001","PUY-DE-DOME-MN",45.775,2.966667,1461,1965061300,"","","","","","","","","","","","","","","","","","","","","","","","","","","","","","","","","","","","",8.9,1,6.4,1,"","","","","","","","","","","","","","","","","","","","","","","","","","",85,1,"","","","","","","","","","","","",9.7,1,"","","","","","","","","","","","","","","","","","","","","","","","","","","","","","","","","","","","","","","","","","","","","","","","","","","","","","","","","","","","","","","","","","","","","","","","","","","","","","","","","","","","","","","","","","","","","","","","","","","","","","","","","","","","","","","","","","","",""
"63263001","PUY-DE-DOME-MN",45.775,2.966667,1461,1965061303,"","","","","","","","","","","","","","","","","","","","","","","","","","","","","","","","","","","","",9.2,1,5.8,1,"","","","","","","","","","","","","","","","","","","","","","","","","","",80,1,"","","","","","","","","","","","",9.3,1,"","","","","","","","","","","","","","","","","","","","","","","","","","","","","","","","","","","","","","","","","","","","","","","","","","","","","","","","","","","","","","","","","","","","","","","","","","","","","","","","","","","","","","","","","","","","","","","","","","","","","","","","","","","","","","","","","","","",""
"63263001","PUY-DE-DOME-MN",45.775,2.966667,1461,1965061306,"","","","",2.,1,70,1,"","","","","","","","","","","","","","","","","","","","","","","","","","","","",9.7,1,5.6,1,"","","","","","","","","","","","","","","","","","","","","","","","","","",77,1,"","","","","","","","","","","","",9.2,1,"","","","","","","","",6,1,6,1,0,1,0,1,2,1,"","","","","","","","","","","","","","","","","","","","","","","","",20000,1,"","",0,1,"","","","",0,1,"","","","","","","","","","","","","","","","","","","","","","","","","","","","","","","","","","","","","","","","","","","","","","","","","","","","","","","","","","","","","",""
"63263001","PUY-DE-DOME-MN",45.775,2.966667,1461,1965061309,"","","","",4.,1,50,1,"","","","","","","","","","","","","","","","","","","","","","","","","","","","",13.4,1,7.6,1,"","","","","","","","","","","","","","","","","","","","","","","","","","",69,1,"","","","","","","","","","","","",10.6,1,"","","","","","","","",6,1,6,1,0,1,0,1,2,1,"","","","","","","","","","","","","","","","","","","","","","","","",30000,1,"","",2,1,2,1,"","","","","","","","","","","","","","","","","","","","","","","","","","","","","","","","","","","","","","","","","","","","","","","","","","","","","","","","","","","","","","","","","",""
"63263001","PUY-DE-DOME-MN",45.775,2.966667,1461,1965061312,"","","","",0.,1,0,1,"","","","","","","","","","","","","","","","","","","","","","","","","","","","",14.7,1,9.6,1,"","","","","","","","","","","","","","","","","","","","","","","","","","",73,1,"","","","","","","","","","","","",12.2,1,"","","","","","","","",6,1,6,1,2,1,0,1,2,1,"","","","","","","","","","","","","","","","","","","","","","","","",20000,1,"","",2,1,2,1,"","","","","","","","","","","","","","","","","","","","","","","","","","","","","","","","","","","","","","","","","","","","","","","","","","","","","","","","","","","","","","","","","",""
"63263001","PUY-DE-DOME-MN",45.775,2.966667,1461,1965061315,"","","","",0.,1,0,1,"","","","","","","","","","","","","","","","","","","","","","","","","","","","",14.9,1,9.9,1,"","","","","","","","","","","","","","","","","","","","","","","","","","",73,1,"","","","","","","","","","","","",12.4,1,"","","","","","","","",7,1,7,1,2,1,"","","","","","","","","","","","","","","","","","","","","","","","","","","","",20000,1,"","",2,1,2,1,"","","","","","","","","","","","","","","","","","","","","","","","","","","","","","","","","","","","","","","","","","","","","","","","","","","","","","","","","","","","","","","","","",""
"63263001","PUY-DE-DOME-MN",45.775,2.966667,1461,1965061318,"","","","",3.,1,50,1,"","","","","","","","","","","","","","","","","","","","","","","","","","","","",12.2,1,12.2,1,"","","","","","","","","","","","","","","","","","","","","","","","","","",100,1,"","","","","","","","","","","","",14.2,1,"","","","","","","","",8,1,8,1,"","","","","","","","","","","","","","","","","","","","","","","","","","","","","","",100,1,"","",95,1,9,1,"","","","","","","","","","","","","","","","","","","","","","","","","","","","","","","","","","","","","","","","","","","","","","","","","","","","","","","","","","","","","","","","","",""
"63263001","PUY-DE-DOME-MN",45.775,2.966667,1461,1965061321,"","","","","","","","","","","","","","","","","","","","","","","","","","","","","","","","","","","","",11.7,1,7.2,1,"","","","","","","","","","","","","","","","","","","","","","","","","","",75,1,"","","","","","","","","","","","",10.3,1,"","","","","","","","","","","","","","","","","","","","","","","","","","","","","","","","","","","","","","","","","","","","","","","","","","","","","","","","","","","","","","","","","","","","","","","","","","","","","","","","","","","","","","","","","","","","","","","","","","","","","","","","","","","","","","","","","","","",""
"63263001","PUY-DE-DOME-MN",45.775,2.966667,1461,1965061400,"","","","","","","","","","","","","","","","","","","","","","","","","","","","","","","","","","","","",11.,1,8.9,1,"","","","","","","","","","","","","","","","","","","","","","","","","","",88,1,"","","","","","","","","","","","",11.6,1,"","","","","","","","","","","","","","","","","","","","","","","","","","","","","","","","","","","","","","","","","","","","","","","","","","","","","","","","","","","","","","","","","","","","","","","","","","","","","","","","","","","","","","","","","","","","","","","","","","","","","","","","","","","","","","","","","","","",""
"63263001","PUY-DE-DOME-MN",45.775,2.966667,1461,1965061403,"","","","","","","","","","","","","","","","","","","","","","","","","","","","","","","","","","","","",10.6,1,8.7,1,"","","","","","","","","","","","","","","","","","","","","","","","","","",89,1,"","","","","","","","","","","","",11.4,1,"","","","","","","","","","","","","","","","","","","","","","","","","","","","","","","","","","","","","","","","","","","","","","","","","","","","","","","","","","","","","","","","","","","","","","","","","","","","","","","","","","","","","","","","","","","","","","","","","","","","","","","","","","","","","","","","","","","",""
"63263001","PUY-DE-DOME-MN",45.775,2.966667,1461,1965061406,"","","","",0.,1,0,1,"","","","","","","","","","","","","","","","","","","","","","","","","","","","",11.,1,8.9,1,"","","","","","","","","","","","","","","","","","","","","","","","","","",88,1,"","","","","","","","","","","","",11.6,1,"","","","","","","","",3,1,0,1,0,1,8,1,2,1,"","","","","","","","","","","","","","","","","","","","","","","","",15000,1,"","",0,1,"","","","",0,1,"","","","","","","","","","","","","","","","","","","","","","","","","","","","","","","","","","","","","","","","","","","","","","","","","","","","","","","","","","","","","",""
"63263001","PUY-DE-DOME-MN",45.775,2.966667,1461,1965061409,"","","","",2.,1,350,1,"","","","","","","","","","","","","","","","","","","","","","","","","","","","",12.6,1,8.1,1,"","","","","","","","","","","","","","","","","","","","","","","","","","",75,1,"","","","","","","","","","","","",11.,1,"","","","","","","","",4,1,0,1,2,1,0,1,0,1,"","","","","","","","","","","","","","","","","","","","","","","","",15000,1,"","",3,1,1,1,"","","","","","","","","","","","","","","","","","","","","","","","","","","","","","","","","","","","","","","","","","","","","","","","","","","","","","","","","","","","","","","","","",""
"63263001","PUY-DE-DOME-MN",45.775,2.966667,1461,1965061412,"","","","",0.,1,0,1,"","","","","","","","","","","","","","","","","","","","","","","","","","","","",14.8,1,8.1,1,"","","","","","","","","","","","","","","","","","","","","","","","","","",65,1,"","","","","","","","","","","","",11.,1,"","","","","","","","",6,1,5,1,2,1,0,1,2,1,"","","","","","","","","","","","","","","","","","","","","","","","",20000,1,"","",3,1,1,1,"","","","","","","","","","","","","","","","","","","","","","","","","","","","","","","","","","","","","","","","","","","","","","","","","","","","","","","","","","","","","","","","","",""
"63263001","PUY-DE-DOME-MN",45.775,2.966667,1461,1965061415,"","","","",0.,1,0,1,"","","","","","","","","","","","","","","","","","","","","","","","","","","","",15.,1,11.3,1,"","","","","","","","","","","","","","","","","","","","","","","","","","",81,1,"","","","","","","","","","","","",13.7,1,"","","","","","","","",6,1,5,1,2,1,0,1,2,1,"","","","","","","","","","","","","","","","","","","","","","","","",25000,1,"","",3,1,2,1,"","","","","","","","","","","","","","","","","","","","","","","","","","","","","","","","","","","","","","","","","","","","","","","","","","","","","","","","","","","","","","","","","",""
"63263001","PUY-DE-DOME-MN",45.775,2.966667,1461,1965061418,"","","","",3.,1,50,1,"","","","","","","","","","","","","","","","","","","","","","","","","","","","",13.8,1,11.1,1,"","","","","","","","","","","","","","","","","","","","","","","","","","",85,1,"","","","","","","","","","","","",13.5,1,"","","","","","","","",5,1,0,1,2,1,0,1,2,1,"","","","","","","","","","","","","","","","","","","","","","","","",20000,1,"","",2,1,2,1,"","","","","","","","","","","","","","","","","","","","","","","","","","","","","","","","","","","","","","","","","","","","","","","","","","","","","","","","","","","","","","","","","",""
"63263001","PUY-DE-DOME-MN",45.775,2.966667,1461,1965061421,"","","","","","","","","","","","","","","","","","","","","","","","","","","","","","","","","","","","",11.4,1,11.4,1,"","","","","","","","","","","","","","","","","","","","","","","","","","",100,1,"","","","","","","","","","","","",13.5,1,"","","","","","","","","","","","","","","","","","","","","","","","","","","","","","","","","","","","","","","","","","","","","","","","","","","","","","","","","","","","","","","","","","","","","","","","","","","","","","","","","","","","","","","","","","","","","","","","","","","","","","","","","","","","","","","","","","","",""
"63263001","PUY-DE-DOME-MN",45.775,2.966667,1461,1965061500,"","","","","","","","","","","","","","","","","","","","","","","","","","","","","","","","","","","","",11.1,1,10.,1,"","","","","","","","","","","","","","","","","","","","","","","","","","",95,1,"","","","","","","","","","","","",12.5,1,"","","","","","","","","","","","","","","","","","","","","","","","","","","","","","","","","","","","","","","","","","","","","","","","","","","","","","","","","","","","","","","","","","","","","","","","","","","","","","","","","","","","","","","","","","","","","","","","","","","","","","","","","","","","","","","","","","","",""
"63263001","PUY-DE-DOME-MN",45.775,2.966667,1461,1965061503,"","","","","","","","","","","","","","","","","","","","","","","","","","","","","","","","","","","","",10.6,1,9.5,1,"","","","","","","","","","","","","","","","","","","","","","","","","","",95,1,"","","","","","","","","","","","",12.1,1,"","","","","","","","","","","","","","","","","","","","","","","","","","","","","","","","","","","","","","","","","","","","","","","","","","","","","","","","","","","","","","","","","","","","","","","","","","","","","","","","","","","","","","","","","","","","","","","","","","","","","","","","","","","","","","","","","","","",""
"63263001","PUY-DE-DOME-MN",45.775,2.966667,1461,1965061506,"","","","",2.,1,270,1,"","","","","","","","","","","","","","","","","","","","","","","","","","","","",11.1,1,8.7,1,"","","","","","","","","","","","","","","","","","","","","","","","","","",86,1,"","","","","","","","","","","","",11.4,1,"","","","","","","","",5,1,5,1,0,1,0,1,2,1,"","","","","","","","","","","","","","","","","","","","","","","","",15000,1,"","",0,1,"","","","",0,1,"","","","","","","","","","","","","","","","","","","","","","","","","","","","","","","","","","","","","","","","","","","","","","","","","","","","","","","","","","","","","",""
"63263001","PUY-DE-DOME-MN",45.775,2.966667,1461,1965061509,"","","","",6.,1,270,1,"","","","","","","","","","","","","","","","","","","","","","","","","","","","",12.7,1,8.3,1,"","","","","","","","","","","","","","","","","","","","","","","","","","",76,1,"","","","","","","","","","","","",11.1,1,"","","","","","","","",5,1,5,1,2,1,0,1,2,1,"","","","","","","","","","","","","","","","","","","","","","","","",25000,1,"","",2,1,2,1,"","","","","","","","","","","","","","","","","","","","","","","","","","","","","","","","","","","","","","","","","","","","","","","","","","","","","","","","","","","","","","","","","",""
"63263001","PUY-DE-DOME-MN",45.775,2.966667,1461,1965061512,"","","","",4.,1,270,1,"","","","","","","","","","","","","","","","","","","","","","","","","","","","",15.9,1,6.5,1,"","","","","","","","","","","","","","","","","","","","","","","","","","",54,1,"","","","","","","","","","","","",9.8,1,"","","","","","","","",5,1,0,1,2,1,0,1,2,1,"","","","","","","","","","","","","","","","","","","","","","","","",25000,1,"","",3,1,2,1,"","","","","","","","","","","","","","","","","","","","","","","","","","","","","","","","","","","","","","","","","","","","","","","","","","","","","","","","","","","","","","","","","",""
"63263001","PUY-DE-DOME-MN",45.775,2.966667,1461,1965061515,"","","","",7.,1,290,1,"","","","","","","","","","","","","","","","","","","","","","","","","","","","",16.7,1,7.2,1,"","","","","","","","","","","","","","","","","","","","","","","","","","",54,1,"","","","","","","","","","","","",10.3,1,"","","","","","","","",4,1,0,1,2,1,0,1,2,1,"","","","","","","","","","","","","","","","","","","","","","","","",30000,1,"","",2,1,2,1,"","","","","","","","","","","","","","","","","","","","","","","","","","","","","","","","","","","","","","","","","","","","","","","","","","","","","","","","","","","","","","","","","",""
"63263001","PUY-DE-DOME-MN",45.775,2.966667,1461,1965061518,"","","","",3.,1,270,1,"","","","","","","","","","","","","","","","","","","","","","","","","","","","",16.3,1,9.5,1,"","","","","","","","","","","","","","","","","","","","","","","","","","",65,1,"","","","","","","","","","","","",12.1,1,"","","","","","","","",6,1,5,1,2,1,4,1,2,1,"","","","","","","","","","","","","","","","","","","","","","","","",35000,1,"","",3,1,2,1,"","","","","","","","","","","","","","","","","","","","","","","","","","","","","","","","","","","","","","","","","","","","","","","","","","","","","","","","","","","","","","","","","",""
"63263001","PUY-DE-DOME-MN",45.775,2.966667,1461,1965061521,"","","","","","","","","","","","","","","","","","","","","","","","","","","","","","","","","","","","",13.4,1,9.6,1,"","","","","","","","","","","","","","","","","","","","","","","","","","",79,1,"","","","","","","","","","","","",12.2,1,"","","","","","","","","","","","","","","","","","","","","","","","","","","","","","","","","","","","","","","","","","","","","","","","","","","","","","","","","","","","","","","","","","","","","","","","","","","","","","","","","","","","","","","","","","","","","","","","","","","","","","","","","","","","","","","","","","","",""
"63263001","PUY-DE-DOME-MN",45.775,2.966667,1461,1965061600,"","","","","","","","","","","","","","","","","","","","","","","","","","","","","","","","","","","","",12.3,1,11.4,1,"","","","","","","","","","","","","","","","","","","","","","","","","","",97,1,"","","","","","","","","","","","",13.8,1,"","","","","","","","","","","","","","","","","","","","","","","","","","","","","","","","","","","","","","","","","","","","","","","","","","","","","","","","","","","","","","","","","","","","","","","","","","","","","","","","","","","","","","","","","","","","","","","","","","","","","","","","","","","","","","","","","","","",""
"63263001","PUY-DE-DOME-MN",45.775,2.966667,1461,1965061603,"","","","","","","","","","","","","","","","","","","","","","","","","","","","","","","","","","","","",12.1,1,11.3,1,"","","","","","","","","","","","","","","","","","","","","","","","","","",97,1,"","","","","","","","","","","","",13.7,1,"","","","","","","","","","","","","","","","","","","","","","","","","","","","","","","","","","","","","","","","","","","","","","","","","","","","","","","","","","","","","","","","","","","","","","","","","","","","","","","","","","","","","","","","","","","","","","","","","","","","","","","","","","","","","","","","","","","",""
"63263001","PUY-DE-DOME-MN",45.775,2.966667,1461,1965061606,"","","","",12.,1,270,1,"","","","","","","","","","","","","","","","","","","","","","","","","","","","",12.2,1,11.4,1,"","","","","","","","","","","","","","","","","","","","","","","","","","",97,1,"","","","","","","","","","","","",13.8,1,"","","","","","","","",7,1,7,1,5,1,9,1,"","","","","","","","","","","","","","","","","","","","","","","","","","",15000,1,"","",0,1,2,1,"","",0,1,"","","","","","","","","","","","","","","","","","","","","","","","","","","","","","","","","","","","","","","","","","","","","","","","","","","","","","","","","","","","","",""
"63263001","PUY-DE-DOME-MN",45.775,2.966667,1461,1965061609,"","","","",8.,1,250,1,"","","","","","","","","","","","","","","","","","","","","","","","","","","","",13.,1,10.6,1,"","","","","","","","","","","","","","","","","","","","","","","","","","",87,1,"","","","","","","","","","","","",13.,1,"","","","","","","","",8,1,8,1,2,1,9,1,"","","","","","","","","","","","","","","","","","","","","","","","","","",15000,1,"","",2,1,2,1,"","","","","","","","","","","","","","","","","","","","","","","","","","","","","","","","","","","","","","","","","","","","","","","","","","","","","","","","","","","","","","","","","",""
"63263001","PUY-DE-DOME-MN",45.775,2.966667,1461,1965061612,"","","","",13.,1,250,1,"","","","","","","","","","","","","","","","","","","","","","","","","","","","",14.9,1,8.3,1,"","","","","","","","","","","","","","","","","","","","","","","","","","",66,1,"","","","","","","","","","","","",11.1,1,"","","","","","","","",7,1,7,1,2,1,9,1,"","","","","","","","","","","","","","","","","","","","","","","","","","",15000,1,"","",25,1,8,1,"","","","","","","","","","","","","","","","","","","","","","","","","","","","","","","","","","","","","","","","","","","","","","","","","","","","","","","","","","","","","","","","","",""
"63263001","PUY-DE-DOME-MN",45.775,2.966667,1461,1965061615,"","","","",17.,1,250,1,"","","","","","","","","","","","","","","","","","","","","","","","","","","","",16.,1,8.5,1,"","","","","","","","","","","","","","","","","","","","","","","","","","",62,1,"","","","","","","","","","","","",11.3,1,"","","","","","","","",6,1,0,1,2,1,9,1,2,1,"","","","","","","","","","","","","","","","","","","","","","","","",30000,1,"","",1,1,2,1,"","","","","","","","","","","","","","","","","","","","","","","","","","","","","","","","","","","","","","","","","","","","","","","","","","","","","","","","","","","","","","","","","",""
"63263001","PUY-DE-DOME-MN",45.775,2.966667,1461,1965061618,"","","","",25.,1,250,1,"","","","","","","","","","","","","","","","","","","","","","","","","","","","",11.9,1,11.9,1,"","","","","","","","","","","","","","","","","","","","","","","","","","",100,1,"","","","","","","","","","","","",13.9,1,"","","","","","","","",9,1,"","","","","","","","","","","","","","","","","","","","","","","","","","","","","","","","",40,1,"","",47,1,8,1,"","","","","","","","","","","","","","","","","","","","","","","","","","","","","","","","","","","","","","","","","","","","","","","","","","","","","","","","","","","","","","","","","",""
"63263001","PUY-DE-DOME-MN",45.775,2.966667,1461,1965061621,"","","","","","","","","","","","","","","","","","","","","","","","","","","","","","","","","","","","",8.,1,8.,1,"","","","","","","","","","","","","","","","","","","","","","","","","","",100,1,"","","","","","","","","","","","",10.7,1,"","","","","","","","","","","","","","","","","","","","","","","","","","","","","","","","","","","","","","","","","","","","","","","","","","","","","","","","","","","","","","","","","","","","","","","","","","","","","","","","","","","","","","","","","","","","","","","","","","","","","","","","","","","","","","","","","","","",""
"63263001","PUY-DE-DOME-MN",45.775,2.966667,1461,1965061700,"","","","","","","","","","","","","","","","","","","","","","","","","","","","","","","","","","","","",3.2,1,3.2,1,"","","","","","","","","","","","","","","","","","","","","","","","","","",100,1,"","","","","","","","","","","","",7.7,1,"","","","","","","","","","","","","","","","","","","","","","","","","","","","","","","","","","","","","","","","","","","","","","","","","","","","","","","","","","","","","","","","","","","","","","","","","","","","","","","","","","","","","","","","","","","","","","","","","","","","","","","","","","","","","","","","","","","",""
"63263001","PUY-DE-DOME-MN",45.775,2.966667,1461,1965061703,"","","","","","","","","","","","","","","","","","","","","","","","","","","","","","","","","","","","",3.3,1,3.3,1,"","","","","","","","","","","","","","","","","","","","","","","","","","",100,1,"","","","","","","","","","","","",7.7,1,"","","","","","","","","","","","","","","","","","","","","","","","","","","","","","","","","","","","","","","","","","","","","","","","","","","","","","","","","","","","","","","","","","","","","","","","","","","","","","","","","","","","","","","","","","","","","","","","","","","","","","","","","","","","","","","","","","","",""
"63263001","PUY-DE-DOME-MN",45.775,2.966667,1461,1965061706,"","","","",24.,1,310,1,"","","","","","","","","","","","","","","","","","","","","","","","","","","","",3.4,1,3.4,1,"","","","","","","","","","","","","","","","","","","","","","","","","","",100,1,"","","","","","","","","","","","",7.8,1,"","","","","","","","",9,1,"","","","","","","","","","","","","","","","","","","","","","","","","","","","","","","","",40,1,"","",45,1,6,1,"","",0,1,"","","","","","","","","","","","","","","","","","","","","","","","","","","","","","","","","","","","","","","","","","","","","","","","","","","","","","","","","","","","","",""
"63263001","PUY-DE-DOME-MN",45.775,2.966667,1461,1965061709,"","","","",16.,1,290,1,"","","","","","","","","","","","","","","","","","","","","","","","","","","","",4.,1,4.,1,"","","","","","","","","","","","","","","","","","","","","","","","","","",100,1,"","","","","","","","","","","","",8.1,1,"","","","","","","","",8,1,8,1,"","","","","","","","","","","","","","","","","","","","","","","","","","","","","","",100,1,"","",41,1,4,1,"","","","","","","","","","","","","","","","","","","","","","","","","","","","","","","","","","","","","","","","","","","","","","","","","","","","","","","","","","","","","","","","","",""
"63263001","PUY-DE-DOME-MN",45.775,2.966667,1461,1965061712,"","","","",14.,1,310,1,"","","","","","","","","","","","","","","","","","","","","","","","","","","","",7.1,1,2.8,1,"","","","","","","","","","","","","","","","","","","","","","","","","","",74,1,"","","","","","","","","","","","",7.5,1,"","","","","","","","",3,1,0,1,2,1,0,1,0,1,"","","","","","","","","","","","","","","","","","","","","","","","",50000,1,"","",1,1,4,1,"","","","","","","","","","","","","","","","","","","","","","","","","","","","","","","","","","","","","","","","","","","","","","","","","","","","","","","","","","","","","","","","","",""
"63263001","PUY-DE-DOME-MN",45.775,2.966667,1461,1965061715,"","","","",13.,1,310,1,"","","","","","","","","","","","","","","","","","","","","","","","","","","","",8.1,1,4.,1,"","","","","","","","","","","","","","","","","","","","","","","","","","",76,1,"","","","","","","","","","","","",8.2,1,"","","","","","","","",6,1,6,1,2,1,0,1,0,1,"","","","","","","","","","","","","","","","","","","","","","","","",60000,1,"","",2,1,1,1,"","","","","","","","","","","","","","","","","","","","","","","","","","","","","","","","","","","","","","","","","","","","","","","","","","","","","","","","","","","","","","","","","",""
"63263001","PUY-DE-DOME-MN",45.775,2.966667,1461,1965061718,"","","","",11.,1,290,1,"","","","","","","","","","","","","","","","","","","","","","","","","","","","",9.,1,4.2,1,"","","","","","","","","","","","","","","","","","","","","","","","","","",72,1,"","","","","","","","","","","","",8.3,1,"","","","","","","","",1,1,0,1,4,1,0,1,1,1,"","","","","","","","","","","","","","","","","","","","","","","","",60000,1,"","",1,1,1,1,"","","","","","","","","","","","","","","","","","","","","","","","","","","","","","","","","","","","","","","","","","","","","","","","","","","","","","","","","","","","","","","","","",""
"63263001","PUY-DE-DOME-MN",45.775,2.966667,1461,1965061721,"","","","","","","","","","","","","","","","","","","","","","","","","","","","","","","","","","","","",7.2,1,5.6,1,"","","","","","","","","","","","","","","","","","","","","","","","","","",90,1,"","","","","","","","","","","","",9.2,1,"","","","","","","","","","","","","","","","","","","","","","","","","","","","","","","","","","","","","","","","","","","","","","","","","","","","","","","","","","","","","","","","","","","","","","","","","","","","","","","","","","","","","","","","","","","","","","","","","","","","","","","","","","","","","","","","","","","",""
"63263001","PUY-DE-DOME-MN",45.775,2.966667,1461,1965061800,"","","","","","","","","","","","","","","","","","","","","","","","","","","","","","","","","","","","",6.2,1,5.3,1,"","","","","","","","","","","","","","","","","","","","","","","","","","",95,1,"","","","","","","","","","","","",9.,1,"","","","","","","","","","","","","","","","","","","","","","","","","","","","","","","","","","","","","","","","","","","","","","","","","","","","","","","","","","","","","","","","","","","","","","","","","","","","","","","","","","","","","","","","","","","","","","","","","","","","","","","","","","","","","","","","","","","",""
"63263001","PUY-DE-DOME-MN",45.775,2.966667,1461,1965061803,"","","","","","","","","","","","","","","","","","","","","","","","","","","","","","","","","","","","",6.6,1,5.6,1,"","","","","","","","","","","","","","","","","","","","","","","","","","",95,1,"","","","","","","","","","","","",9.2,1,"","","","","","","","","","","","","","","","","","","","","","","","","","","","","","","","","","","","","","","","","","","","","","","","","","","","","","","","","","","","","","","","","","","","","","","","","","","","","","","","","","","","","","","","","","","","","","","","","","","","","","","","","","","","","","","","","","","",""
"63263001","PUY-DE-DOME-MN",45.775,2.966667,1461,1965061806,"","","","",13.,1,270,1,"","","","","","","","","","","","","","","","","","","","","","","","","","","","",7.2,1,7.2,1,"","","","","","","","","","","","","","","","","","","","","","","","","","",100,1,"","","","","","","","","","","","",10.2,1,"","","","","","","","",8,1,8,1,"","","","","","","","","","","","","","","","","","","","","","","","","","","","","","",100,1,"","",41,1,0,1,"","",0,1,"","","","","","","","","","","","","","","","","","","","","","","","","","","","","","","","","","","","","","","","","","","","","","","","","","","","","","","","","","","","","",""
"63263001","PUY-DE-DOME-MN",45.775,2.966667,1461,1965061809,"","","","",7.,1,270,1,"","","","","","","","","","","","","","","","","","","","","","","","","","","","",10.5,1,8.9,1,"","","","","","","","","","","","","","","","","","","","","","","","","","",90,1,"","","","","","","","","","","","",11.6,1,"","","","","","","","",1,1,0,1,5,1,0,1,2,1,"","","","","","","","","","","","","","","","","","","","","","","","",99990,1,"","",2,1,4,1,"","","","","","","","","","","","","","","","","","","","","","","","","","","","","","","","","","","","","","","","","","","","","","","","","","","","","","","","","","","","","","","","","",""
"63263001","PUY-DE-DOME-MN",45.775,2.966667,1461,1965061812,"","","","",8.,1,270,1,"","","","","","","","","","","","","","","","","","","","","","","","","","","","",15.,1,11.4,1,"","","","","","","","","","","","","","","","","","","","","","","","","","",81,1,"","","","","","","","","","","","",13.8,1,"","","","","","","","",2,1,0,1,2,1,0,1,2,1,"","","","","","","","","","","","","","","","","","","","","","","","",99990,1,"","",1,1,4,1,"","","","","","","","","","","","","","","","","","","","","","","","","","","","","","","","","","","","","","","","","","","","","","","","","","","","","","","","","","","","","","","","","",""
"63263001","PUY-DE-DOME-MN",45.775,2.966667,1461,1965061815,"","","","",8.,1,270,1,"","","","","","","","","","","","","","","","","","","","","","","","","","","","",17.4,1,11.,1,"","","","","","","","","","","","","","","","","","","","","","","","","","",68,1,"","","","","","","","","","","","",13.4,1,"","","","","","","","",4,1,0,1,2,1,0,1,2,1,"","","","","","","","","","","","","","","","","","","","","","","","",99990,1,"","",3,1,0,1,"","","","","","","","","","","","","","","","","","","","","","","","","","","","","","","","","","","","","","","","","","","","","","","","","","","","","","","","","","","","","","","","","",""
"63263001","PUY-DE-DOME-MN",45.775,2.966667,1461,1965061818,"","","","",10.,1,270,1,"","","","","","","","","","","","","","","","","","","","","","","","","","","","",16.6,1,11.2,1,"","","","","","","","","","","","","","","","","","","","","","","","","","",72,1,"","","","","","","","","","","","",13.6,1,"","","","","","","","",2,1,0,1,2,1,0,1,0,1,"","","","","","","","","","","","","","","","","","","","","","","","",99990,1,"","",2,1,0,1,"","","","","","","","","","","","","","","","","","","","","","","","","","","","","","","","","","","","","","","","","","","","","","","","","","","","","","","","","","","","","","","","","",""
"63263001","PUY-DE-DOME-MN",45.775,2.966667,1461,1965061821,"","","","","","","","","","","","","","","","","","","","","","","","","","","","","","","","","","","","",14.1,1,10.8,1,"","","","","","","","","","","","","","","","","","","","","","","","","","",82,1,"","","","","","","","","","","","",13.2,1,"","","","","","","","","","","","","","","","","","","","","","","","","","","","","","","","","","","","","","","","","","","","","","","","","","","","","","","","","","","","","","","","","","","","","","","","","","","","","","","","","","","","","","","","","","","","","","","","","","","","","","","","","","","","","","","","","","","",""
"63263001","PUY-DE-DOME-MN",45.775,2.966667,1461,1965061900,"","","","","","","","","","","","","","","","","","","","","","","","","","","","","","","","","","","","",14.1,1,11.9,1,"","","","","","","","","","","","","","","","","","","","","","","","","","",88,1,"","","","","","","","","","","","",14.2,1,"","","","","","","","","","","","","","","","","","","","","","","","","","","","","","","","","","","","","","","","","","","","","","","","","","","","","","","","","","","","","","","","","","","","","","","","","","","","","","","","","","","","","","","","","","","","","","","","","","","","","","","","","","","","","","","","","","","",""
"63263001","PUY-DE-DOME-MN",45.775,2.966667,1461,1965061903,"","","","","","","","","","","","","","","","","","","","","","","","","","","","","","","","","","","","",13.4,1,10.1,1,"","","","","","","","","","","","","","","","","","","","","","","","","","",82,1,"","","","","","","","","","","","",12.6,1,"","","","","","","","","","","","","","","","","","","","","","","","","","","","","","","","","","","","","","","","","","","","","","","","","","","","","","","","","","","","","","","","","","","","","","","","","","","","","","","","","","","","","","","","","","","","","","","","","","","","","","","","","","","","","","","","","","","",""
"63263001","PUY-DE-DOME-MN",45.775,2.966667,1461,1965061906,"","","","",7.,1,270,1,"","","","","","","","","","","","","","","","","","","","","","","","","","","","",14.2,1,9.4,1,"","","","","","","","","","","","","","","","","","","","","","","","","","",74,1,"","","","","","","","","","","","",12.,1,"","","","","","","","",1,1,0,1,0,1,8,1,0,1,"","","","","","","","","","","","","","","","","","","","","","","","",99990,1,"","",2,1,0,1,"","",0,1,"","","","","","","","","","","","","","","","","","","","","","","","","","","","","","","","","","","","","","","","","","","","","","","","","","","","","","","","","","","","","",""
"63263001","PUY-DE-DOME-MN",45.775,2.966667,1461,1965061909,"","","","",4.,1,270,1,"","","","","","","","","","","","","","","","","","","","","","","","","","","","",16.7,1,11.3,1,"","","","","","","","","","","","","","","","","","","","","","","","","","",72,1,"","","","","","","","","","","","",13.7,1,"","","","","","","","",1,1,0,1,2,1,0,1,0,1,"","","","","","","","","","","","","","","","","","","","","","","","",99990,1,"","",1,1,0,1,"","","","","","","","","","","","","","","","","","","","","","","","","","","","","","","","","","","","","","","","","","","","","","","","","","","","","","","","","","","","","","","","","",""
"63263001","PUY-DE-DOME-MN",45.775,2.966667,1461,1965061912,"","","","",5.,1,250,1,"","","","","","","","","","","","","","","","","","","","","","","","","","","","",20.,1,11.7,1,"","","","","","","","","","","","","","","","","","","","","","","","","","",60,1,"","","","","","","","","","","","",14.1,1,"","","","","","","","",2,1,0,1,2,1,0,1,0,1,"","","","","","","","","","","","","","","","","","","","","","","","",99990,1,"","",2,1,0,1,"","","","","","","","","","","","","","","","","","","","","","","","","","","","","","","","","","","","","","","","","","","","","","","","","","","","","","","","","","","","","","","","","",""
"63263001","PUY-DE-DOME-MN",45.775,2.966667,1461,1965061915,"","","","",7.,1,250,1,"","","","","","","","","","","","","","","","","","","","","","","","","","","","",21.,1,12.1,1,"","","","","","","","","","","","","","","","","","","","","","","","","","",58,1,"","","","","","","","","","","","",14.4,1,"","","","","","","","",2,1,0,1,2,1,8,1,0,1,"","","","","","","","","","","","","","","","","","","","","","","","",99990,1,"","",1,1,0,1,"","","","","","","","","","","","","","","","","","","","","","","","","","","","","","","","","","","","","","","","","","","","","","","","","","","","","","","","","","","","","","","","","",""
"63263001","PUY-DE-DOME-MN",45.775,2.966667,1461,1965061918,"","","","",7.,1,250,1,"","","","","","","","","","","","","","","","","","","","","","","","","","","","",20.1,1,11.3,1,"","","","","","","","","","","","","","","","","","","","","","","","","","",58,1,"","","","","","","","","","","","",13.7,1,"","","","","","","","",1,1,0,1,0,1,8,1,0,1,"","","","","","","","","","","","","","","","","","","","","","","","",99990,1,"","",2,1,0,1,"","","","","","","","","","","","","","","","","","","","","","","","","","","","","","","","","","","","","","","","","","","","","","","","","","","","","","","","","","","","","","","","","",""
"63263001","PUY-DE-DOME-MN",45.775,2.966667,1461,1965061921,"","","","","","","","","","","","","","","","","","","","","","","","","","","","","","","","","","","","",18.4,1,11.7,1,"","","","","","","","","","","","","","","","","","","","","","","","","","",67,1,"","","","","","","","","","","","",14.1,1,"","","","","","","","","","","","","","","","","","","","","","","","","","","","","","","","","","","","","","","","","","","","","","","","","","","","","","","","","","","","","","","","","","","","","","","","","","","","","","","","","","","","","","","","","","","","","","","","","","","","","","","","","","","","","","","","","","","",""
"63263001","PUY-DE-DOME-MN",45.775,2.966667,1461,1965062000,"","","","","","","","","","","","","","","","","","","","","","","","","","","","","","","","","","","","",18.3,1,12.4,1,"","","","","","","","","","","","","","","","","","","","","","","","","","",70,1,"","","","","","","","","","","","",14.7,1,"","","","","","","","","","","","","","","","","","","","","","","","","","","","","","","","","","","","","","","","","","","","","","","","","","","","","","","","","","","","","","","","","","","","","","","","","","","","","","","","","","","","","","","","","","","","","","","","","","","","","","","","","","","","","","","","","","","",""
"63263001","PUY-DE-DOME-MN",45.775,2.966667,1461,1965062003,"","","","","","","","","","","","","","","","","","","","","","","","","","","","","","","","","","","","",17.7,1,9.5,1,"","","","","","","","","","","","","","","","","","","","","","","","","","",60,1,"","","","","","","","","","","","",12.1,1,"","","","","","","","","","","","","","","","","","","","","","","","","","","","","","","","","","","","","","","","","","","","","","","","","","","","","","","","","","","","","","","","","","","","","","","","","","","","","","","","","","","","","","","","","","","","","","","","","","","","","","","","","","","","","","","","","","","",""
"63263001","PUY-DE-DOME-MN",45.775,2.966667,1461,1965062006,"","","","",12.,1,290,1,"","","","","","","","","","","","","","","","","","","","","","","","","","","","",14.8,1,10.1,1,"","","","","","","","","","","","","","","","","","","","","","","","","","",75,1,"","","","","","","","","","","","",12.6,1,"","","","","","","","",8,1,8,1,0,1,9,1,"","","","","","","","","","","","","","","","","","","","","","","","","","",90000,1,"","",2,1,"","","","",0,1,"","","","","","","","","","","","","","","","","","","","","","","","","","","","","","","","","","","","","","","","","","","","","","","","","","","","","","","","","","","","","",""
"63263001","PUY-DE-DOME-MN",45.775,2.966667,1461,1965062009,"","","","",6.,1,270,1,"","","","","","","","","","","","","","","","","","","","","","","","","","","","",18.6,1,8.,1,"","","","","","","","","","","","","","","","","","","","","","","","","","",51,1,"","","","","","","","","","","","",10.9,1,"","","","","","","","",7,1,7,1,0,1,9,1,"","","","","","","","","","","","","","","","","","","","","","","","","","",40000,1,"","",15,1,2,1,"","","","","","","","","","","","","","","","","","","","","","","","","","","","","","","","","","","","","","","","","","","","","","","","","","","","","","","","","","","","","","","","","",""
"63263001","PUY-DE-DOME-MN",45.775,2.966667,1461,1965062012,"","","","",5.,1,210,1,"","","","","","","","","","","","","","","","","","","","","","","","","","","","",20.,1,13.,1,"","","","","","","","","","","","","","","","","","","","","","","","","","",65,1,"","","","","","","","","","","","",15.3,1,"","","","","","","","",5,1,5,1,0,1,9,1,0,1,"","","","","","","","","","","","","","","","","","","","","","","","",80000,1,"","",1,1,8,1,"","","","","","","","","","","","","","","","","","","","","","","","","","","","","","","","","","","","","","","","","","","","","","","","","","","","","","","","","","","","","","","","","",""
"63263001","PUY-DE-DOME-MN",45.775,2.966667,1461,1965062015,"","","","",2.,1,70,1,"","","","","","","","","","","","","","","","","","","","","","","","","","","","",18.,1,15.1,1,"","","","","","","","","","","","","","","","","","","","","","","","","","",86,1,"","","","","","","","","","","","",17.7,1,"","","","","","","","",7,1,5,1,2,1,8,1,"","","","","","","","","","","","","","","","","","","","","","","","","","",20000,1,"","",25,1,2,1,"","","","","","","","","","","","","","","","","","","","","","","","","","","","","","","","","","","","","","","","","","","","","","","","","","","","","","","","","","","","","","","","","",""
"63263001","PUY-DE-DOME-MN",45.775,2.966667,1461,1965062018,"","","","",2.,1,90,1,"","","","","","","","","","","","","","","","","","","","","","","","","","","","",19.1,1,15.8,1,"","","","","","","","","","","","","","","","","","","","","","","","","","",84,1,"","","","","","","","","","","","",18.5,1,"","","","","","","","",3,1,0,1,0,1,8,1,2,1,"","","","","","","","","","","","","","","","","","","","","","","","",70000,1,"","",3,1,8,1,"","","","","","","","","","","","","","","","","","","","","","","","","","","","","","","","","","","","","","","","","","","","","","","","","","","","","","","","","","","","","","","","","",""
"63263001","PUY-DE-DOME-MN",45.775,2.966667,1461,1965062021,"","","","","","","","","","","","","","","","","","","","","","","","","","","","","","","","","","","","",16.5,1,14.1,1,"","","","","","","","","","","","","","","","","","","","","","","","","","",88,1,"","","","","","","","","","","","",16.5,1,"","","","","","","","","","","","","","","","","","","","","","","","","","","","","","","","","","","","","","","","","","","","","","","","","","","","","","","","","","","","","","","","","","","","","","","","","","","","","","","","","","","","","","","","","","","","","","","","","","","","","","","","","","","","","","","","","","","",""
"63263001","PUY-DE-DOME-MN",45.775,2.966667,1461,1965062100,"","","","","","","","","","","","","","","","","","","","","","","","","","","","","","","","","","","","",17.,1,13.7,1,"","","","","","","","","","","","","","","","","","","","","","","","","","",83,1,"","","","","","","","","","","","",16.1,1,"","","","","","","","","","","","","","","","","","","","","","","","","","","","","","","","","","","","","","","","","","","","","","","","","","","","","","","","","","","","","","","","","","","","","","","","","","","","","","","","","","","","","","","","","","","","","","","","","","","","","","","","","","","","","","","","","","","",""
"63263001","PUY-DE-DOME-MN",45.775,2.966667,1461,1965062103,"","","","","","","","","","","","","","","","","","","","","","","","","","","","","","","","","","","","",16.4,1,13.1,1,"","","","","","","","","","","","","","","","","","","","","","","","","","",83,1,"","","","","","","","","","","","",15.4,1,"","","","","","","","","","","","","","","","","","","","","","","","","","","","","","","","","","","","","","","","","","","","","","","","","","","","","","","","","","","","","","","","","","","","","","","","","","","","","","","","","","","","","","","","","","","","","","","","","","","","","","","","","","","","","","","","","","","",""
"63263001","PUY-DE-DOME-MN",45.775,2.966667,1461,1965062106,"","","","",10.,1,270,1,"","","","","","","","","","","","","","","","","","","","","","","","","","","","",17.1,1,10.7,1,"","","","","","","","","","","","","","","","","","","","","","","","","","",67,1,"","","","","","","","","","","","",13.1,1,"","","","","","","","",3,1,0,1,0,1,4,1,0,1,"","","","","","","","","","","","","","","","","","","","","","","","",50000,1,"","",0,1,"","","","",0,1,"","","","","","","","","","","","","","","","","","","","","","","","","","","","","","","","","","","","","","","","","","","","","","","","","","","","","","","","","","","","","",""
"63263001","PUY-DE-DOME-MN",45.775,2.966667,1461,1965062109,"","","","",11.,1,270,1,"","","","","","","","","","","","","","","","","","","","","","","","","","","","",18.5,1,7.5,1,"","","","","","","","","","","","","","","","","","","","","","","","","","",49,1,"","","","","","","","","","","","",10.5,1,"","","","","","","","",7,1,6,1,0,1,8,1,2,1,"","","","","","","","","","","","","","","","","","","","","","","","",50000,1,"","",3,1,1,1,"","","","","","","","","","","","","","","","","","","","","","","","","","","","","","","","","","","","","","","","","","","","","","","","","","","","","","","","","","","","","","","","","",""
"63263001","PUY-DE-DOME-MN",45.775,2.966667,1461,1965062112,"","","","",12.,1,270,1,"","","","","","","","","","","","","","","","","","","","","","","","","","","","",18.3,1,12.5,1,"","","","","","","","","","","","","","","","","","","","","","","","","","",70,1,"","","","","","","","","","","","",14.8,1,"","","","","","","","",6,1,6,1,2,1,8,1,2,1,"","","","","","","","","","","","","","","","","","","","","","","","",50000,1,"","",3,1,2,1,"","","","","","","","","","","","","","","","","","","","","","","","","","","","","","","","","","","","","","","","","","","","","","","","","","","","","","","","","","","","","","","","","",""
"63263001","PUY-DE-DOME-MN",45.775,2.966667,1461,1965062115,"","","","",17.,1,250,1,"","","","","","","","","","","","","","","","","","","","","","","","","","","","",19.,1,10.,1,"","","","","","","","","","","","","","","","","","","","","","","","","","",57,1,"","","","","","","","","","","","",12.5,1,"","","","","","","","",6,1,5,1,2,1,8,1,2,1,"","","","","","","","","","","","","","","","","","","","","","","","",50000,1,"","",3,1,1,1,"","","","","","","","","","","","","","","","","","","","","","","","","","","","","","","","","","","","","","","","","","","","","","","","","","","","","","","","","","","","","","","","","",""
"63263001","PUY-DE-DOME-MN",45.775,2.966667,1461,1965062118,"","","","",20.,1,270,1,"","","","","","","","","","","","","","","","","","","","","","","","","","","","",15.,1,15.,1,"","","","","","","","","","","","","","","","","","","","","","","","","","",100,1,"","","","","","","","","","","","",17.,1,"","","","","","","","",9,1,"","","","","","","","","","","","","","","","","","","","","","","","","","","","","","","","",80,1,"","",47,1,1,1,"","","","","","","","","","","","","","","","","","","","","","","","","","","","","","","","","","","","","","","","","","","","","","","","","","","","","","","","","","","","","","","","","",""
"63263001","PUY-DE-DOME-MN",45.775,2.966667,1461,1965062121,"","","","","","","","","","","","","","","","","","","","","","","","","","","","","","","","","","","","",12.2,1,12.2,1,"","","","","","","","","","","","","","","","","","","","","","","","","","",100,1,"","","","","","","","","","","","",14.2,1,"","","","","","","","","","","","","","","","","","","","","","","","","","","","","","","","","","","","","","","","","","","","","","","","","","","","","","","","","","","","","","","","","","","","","","","","","","","","","","","","","","","","","","","","","","","","","","","","","","","","","","","","","","","","","","","","","","","",""
"63263001","PUY-DE-DOME-MN",45.775,2.966667,1461,1965062200,"","","","","","","","","","","","","","","","","","","","","","","","","","","","","","","","","","","","",14.8,1,6.9,1,"","","","","","","","","","","","","","","","","","","","","","","","","","",60,1,"","","","","","","","","","","","",10.1,1,"","","","","","","","","","","","","","","","","","","","","","","","","","","","","","","","","","","","","","","","","","","","","","","","","","","","","","","","","","","","","","","","","","","","","","","","","","","","","","","","","","","","","","","","","","","","","","","","","","","","","","","","","","","","","","","","","","","",""
"63263001","PUY-DE-DOME-MN",45.775,2.966667,1461,1965062203,"","","","","","","","","","","","","","","","","","","","","","","","","","","","","","","","","","","","",11.7,1,11.7,1,"","","","","","","","","","","","","","","","","","","","","","","","","","",100,1,"","","","","","","","","","","","",13.7,1,"","","","","","","","","","","","","","","","","","","","","","","","","","","","","","","","","","","","","","","","","","","","","","","","","","","","","","","","","","","","","","","","","","","","","","","","","","","","","","","","","","","","","","","","","","","","","","","","","","","","","","","","","","","","","","","","","","","",""
"63263001","PUY-DE-DOME-MN",45.775,2.966667,1461,1965062206,"","","","",16.,1,270,1,"","","","","","","","","","","","","","","","","","","","","","","","","","","","",12.5,1,12.5,1,"","","","","","","","","","","","","","","","","","","","","","","","","","",100,1,"","","","","","","","","","","","",14.5,1,"","","","","","","","",9,1,"","","","","","","","","","","","","","","","","","","","","","","","","","","","","","","","",40,1,"","",45,1,4,1,"","",0,1,"","","","","","","","","","","","","","","","","","","","","","","","","","","","","","","","","","","","","","","","","","","","","","","","","","","","","","","","","","","","","",""
"63263001","PUY-DE-DOME-MN",45.775,2.966667,1461,1965062209,"","","","",20.,1,270,1,"","","","","","","","","","","","","","","","","","","","","","","","","","","","",9.2,1,9.2,1,"","","","","","","","","","","","","","","","","","","","","","","","","","",100,1,"","","","","","","","","","","","",11.6,1,"","","","","","","","",8,1,8,1,"","","","","","","","","","","","","","","","","","","","","","","","","","","","","","",40,1,"","",60,1,4,1,"","","","","","","","","","","","","","","","","","","","","","","","","","","","","","","","","","","","","","","","","","","","","","","","","","","","","","","","","","","","","","","","","",""
"63263001","PUY-DE-DOME-MN",45.775,2.966667,1461,1965062212,"","","","",20.,1,270,1,"","","","","","","","","","","","","","","","","","","","","","","","","","","","",10.2,1,10.2,1,"","","","","","","","","","","","","","","","","","","","","","","","","","",100,1,"","","","","","","","","","","","",12.4,1,"","","","","","","","",8,1,8,1,"","","","","","","","","","","","","","","","","","","","","","","","","","","","","","",100,1,"","",41,1,6,1,"","","","","","","","","","","","","","","","","","","","","","","","","","","","","","","","","","","","","","","","","","","","","","","","","","","","","","","","","","","","","","","","","",""
"63263001","PUY-DE-DOME-MN",45.775,2.966667,1461,1965062215,"","","","",17.,1,270,1,"","","","","","","","","","","","","","","","","","","","","","","","","","","","",11.5,1,8.8,1,"","","","","","","","","","","","","","","","","","","","","","","","","","",85,1,"","","","","","","","","","","","",11.5,1,"","","","","","","","",7,1,7,1,2,1,"","","","","","","","","","","","","","","","","","","","","","","","","","","","",60000,1,"","",1,1,4,1,"","","","","","","","","","","","","","","","","","","","","","","","","","","","","","","","","","","","","","","","","","","","","","","","","","","","","","","","","","","","","","","","","",""
"63263001","PUY-DE-DOME-MN",45.775,2.966667,1461,1965062218,"","","","",18.,1,270,1,"","","","","","","","","","","","","","","","","","","","","","","","","","","","",10.4,1,7.3,1,"","","","","","","","","","","","","","","","","","","","","","","","","","",83,1,"","","","","","","","","","","","",10.4,1,"","","","","","","","",7,1,5,1,4,1,0,1,4,1,"","","","","","","","","","","","","","","","","","","","","","","","",80000,1,"","",1,1,4,1,"","","","","","","","","","","","","","","","","","","","","","","","","","","","","","","","","","","","","","","","","","","","","","","","","","","","","","","","","","","","","","","","","",""
"63263001","PUY-DE-DOME-MN",45.775,2.966667,1461,1965062221,"","","","","","","","","","","","","","","","","","","","","","","","","","","","","","","","","","","","",8.,1,8.,1,"","","","","","","","","","","","","","","","","","","","","","","","","","",100,1,"","","","","","","","","","","","",10.7,1,"","","","","","","","","","","","","","","","","","","","","","","","","","","","","","","","","","","","","","","","","","","","","","","","","","","","","","","","","","","","","","","","","","","","","","","","","","","","","","","","","","","","","","","","","","","","","","","","","","","","","","","","","","","","","","","","","","","",""
"63263001","PUY-DE-DOME-MN",45.775,2.966667,1461,1965062300,"","","","","","","","","","","","","","","","","","","","","","","","","","","","","","","","","","","","",7.2,1,7.2,1,"","","","","","","","","","","","","","","","","","","","","","","","","","",100,1,"","","","","","","","","","","","",10.2,1,"","","","","","","","","","","","","","","","","","","","","","","","","","","","","","","","","","","","","","","","","","","","","","","","","","","","","","","","","","","","","","","","","","","","","","","","","","","","","","","","","","","","","","","","","","","","","","","","","","","","","","","","","","","","","","","","","","","",""
"63263001","PUY-DE-DOME-MN",45.775,2.966667,1461,1965062303,"","","","","","","","","","","","","","","","","","","","","","","","","","","","","","","","","","","","",7.,1,7.,1,"","","","","","","","","","","","","","","","","","","","","","","","","","",100,1,"","","","","","","","","","","","",10.,1,"","","","","","","","","","","","","","","","","","","","","","","","","","","","","","","","","","","","","","","","","","","","","","","","","","","","","","","","","","","","","","","","","","","","","","","","","","","","","","","","","","","","","","","","","","","","","","","","","","","","","","","","","","","","","","","","","","","",""
"63263001","PUY-DE-DOME-MN",45.775,2.966667,1461,1965062306,"","","","",1.,1,230,1,"","","","","","","","","","","","","","","","","","","","","","","","","","","","",9.8,1,-0.5,1,"","","","","","","","","","","","","","","","","","","","","","","","","","",49,1,"","","","","","","","","","","","",5.9,1,"","","","","","","","",7,1,7,1,0,1,4,1,4,1,"","","","","","","","","","","","","","","","","","","","","","","","",99990,1,"","",3,1,4,1,"","",0,1,"","","","","","","","","","","","","","","","","","","","","","","","","","","","","","","","","","","","","","","","","","","","","","","","","","","","","","","","","","","","","",""
"63263001","PUY-DE-DOME-MN",45.775,2.966667,1461,1965062309,"","","","",4.,1,250,1,"","","","","","","","","","","","","","","","","","","","","","","","","","","","",11.2,1,6.9,1,"","","","","","","","","","","","","","","","","","","","","","","","","","",76,1,"","","","","","","","","","","","",10.1,1,"","","","","","","","",6,1,6,1,0,1,0,1,4,1,"","","","","","","","","","","","","","","","","","","","","","","","",99990,1,"","",2,1,2,1,"","","","","","","","","","","","","","","","","","","","","","","","","","","","","","","","","","","","","","","","","","","","","","","","","","","","","","","","","","","","","","","","","",""
"63263001","PUY-DE-DOME-MN",45.775,2.966667,1461,1965062312,"","","","",7.,1,250,1,"","","","","","","","","","","","","","","","","","","","","","","","","","","","",15.,1,5.1,1,"","","","","","","","","","","","","","","","","","","","","","","","","","",52,1,"","","","","","","","","","","","",8.9,1,"","","","","","","","",7,1,5,1,2,1,8,1,2,1,"","","","","","","","","","","","","","","","","","","","","","","","",50000,1,"","",3,1,2,1,"","","","","","","","","","","","","","","","","","","","","","","","","","","","","","","","","","","","","","","","","","","","","","","","","","","","","","","","","","","","","","","","","",""
"63263001","PUY-DE-DOME-MN",45.775,2.966667,1461,1965062315,"","","","",14.,1,270,1,"","","","","","","","","","","","","","","","","","","","","","","","","","","","",15.8,1,7.9,1,"","","","","","","","","","","","","","","","","","","","","","","","","","",60,1,"","","","","","","","","","","","",10.8,1,"","","","","","","","",2,1,0,1,2,1,8,1,2,1,"","","","","","","","","","","","","","","","","","","","","","","","",70000,1,"","",1,1,1,1,"","","","","","","","","","","","","","","","","","","","","","","","","","","","","","","","","","","","","","","","","","","","","","","","","","","","","","","","","","","","","","","","","",""
"63263001","PUY-DE-DOME-MN",45.775,2.966667,1461,1965062318,"","","","",11.,1,270,1,"","","","","","","","","","","","","","","","","","","","","","","","","","","","",15.,1,9.2,1,"","","","","","","","","","","","","","","","","","","","","","","","","","",69,1,"","","","","","","","","","","","",11.8,1,"","","","","","","","",4,1,0,1,2,1,8,1,2,1,"","","","","","","","","","","","","","","","","","","","","","","","",70000,1,"","",2,1,1,1,"","","","","","","","","","","","","","","","","","","","","","","","","","","","","","","","","","","","","","","","","","","","","","","","","","","","","","","","","","","","","","","","","",""
"63263001","PUY-DE-DOME-MN",45.775,2.966667,1461,1965062321,"","","","","","","","","","","","","","","","","","","","","","","","","","","","","","","","","","","","",11.3,1,10.2,1,"","","","","","","","","","","","","","","","","","","","","","","","","","",95,1,"","","","","","","","","","","","",12.7,1,"","","","","","","","","","","","","","","","","","","","","","","","","","","","","","","","","","","","","","","","","","","","","","","","","","","","","","","","","","","","","","","","","","","","","","","","","","","","","","","","","","","","","","","","","","","","","","","","","","","","","","","","","","","","","","","","","","","",""
"63263001","PUY-DE-DOME-MN",45.775,2.966667,1461,1965062400,"","","","","","","","","","","","","","","","","","","","","","","","","","","","","","","","","","","","",11.2,1,7.6,1,"","","","","","","","","","","","","","","","","","","","","","","","","","",80,1,"","","","","","","","","","","","",10.6,1,"","","","","","","","","","","","","","","","","","","","","","","","","","","","","","","","","","","","","","","","","","","","","","","","","","","","","","","","","","","","","","","","","","","","","","","","","","","","","","","","","","","","","","","","","","","","","","","","","","","","","","","","","","","","","","","","","","","",""
"63263001","PUY-DE-DOME-MN",45.775,2.966667,1461,1965062403,"","","","","","","","","","","","","","","","","","","","","","","","","","","","","","","","","","","","",10.4,1,6.9,1,"","","","","","","","","","","","","","","","","","","","","","","","","","",80,1,"","","","","","","","","","","","",10.1,1,"","","","","","","","","","","","","","","","","","","","","","","","","","","","","","","","","","","","","","","","","","","","","","","","","","","","","","","","","","","","","","","","","","","","","","","","","","","","","","","","","","","","","","","","","","","","","","","","","","","","","","","","","","","","","","","","","","","",""
"63263001","PUY-DE-DOME-MN",45.775,2.966667,1461,1965062406,"","","","",5.,1,250,1,"","","","","","","","","","","","","","","","","","","","","","","","","","","","",10.7,1,-0.5,1,"","","","","","","","","","","","","","","","","","","","","","","","","","",46,1,"","","","","","","","","","","","",5.9,1,"","","","","","","","",1,1,0,1,0,1,0,1,2,1,"","","","","","","","","","","","","","","","","","","","","","","","",70000,1,"","",2,1,0,1,"","",0,1,"","","","","","","","","","","","","","","","","","","","","","","","","","","","","","","","","","","","","","","","","","","","","","","","","","","","","","","","","","","","","",""
"63263001","PUY-DE-DOME-MN",45.775,2.966667,1461,1965062409,"","","","",5.,1,270,1,"","","","","","","","","","","","","","","","","","","","","","","","","","","","",15.4,1,3.,1,"","","","","","","","","","","","","","","","","","","","","","","","","","",43,1,"","","","","","","","","","","","",7.6,1,"","","","","","","","",1,1,0,1,0,1,4,1,2,1,"","","","","","","","","","","","","","","","","","","","","","","","",70000,1,"","",2,1,0,1,"","","","","","","","","","","","","","","","","","","","","","","","","","","","","","","","","","","","","","","","","","","","","","","","","","","","","","","","","","","","","","","","","",""
"63263001","PUY-DE-DOME-MN",45.775,2.966667,1461,1965062412,"","","","",5.,1,270,1,"","","","","","","","","","","","","","","","","","","","","","","","","","","","",17.6,1,11.5,1,"","","","","","","","","","","","","","","","","","","","","","","","","","",69,1,"","","","","","","","","","","","",13.9,1,"","","","","","","","",1,1,0,1,2,1,4,1,2,1,"","","","","","","","","","","","","","","","","","","","","","","","",50000,1,"","",3,1,0,1,"","","","","","","","","","","","","","","","","","","","","","","","","","","","","","","","","","","","","","","","","","","","","","","","","","","","","","","","","","","","","","","","","",""
"63263001","PUY-DE-DOME-MN",45.775,2.966667,1461,1965062415,"","","","",6.,1,270,1,"","","","","","","","","","","","","","","","","","","","","","","","","","","","",18.8,1,12.6,1,"","","","","","","","","","","","","","","","","","","","","","","","","","",69,1,"","","","","","","","","","","","",14.9,1,"","","","","","","","",2,1,0,1,9,1,0,1,2,1,"","","","","","","","","","","","","","","","","","","","","","","","",40000,1,"","",3,1,0,1,"","","","","","","","","","","","","","","","","","","","","","","","","","","","","","","","","","","","","","","","","","","","","","","","","","","","","","","","","","","","","","","","","",""
"63263001","PUY-DE-DOME-MN",45.775,2.966667,1461,1965062418,"","","","",5.,1,270,1,"","","","","","","","","","","","","","","","","","","","","","","","","","","","",18.2,1,13.2,1,"","","","","","","","","","","","","","","","","","","","","","","","","","",75,1,"","","","","","","","","","","","",15.6,1,"","","","","","","","",2,1,0,1,2,1,0,1,2,1,"","","","","","","","","","","","","","","","","","","","","","","","",30000,1,"","",1,1,0,1,"","","","","","","","","","","","","","","","","","","","","","","","","","","","","","","","","","","","","","","","","","","","","","","","","","","","","","","","","","","","","","","","","",""
"63263001","PUY-DE-DOME-MN",45.775,2.966667,1461,1965062421,"","","","","","","","","","","","","","","","","","","","","","","","","","","","","","","","","","","","",15.3,1,14.1,1,"","","","","","","","","","","","","","","","","","","","","","","","","","",95,1,"","","","","","","","","","","","",16.5,1,"","","","","","","","","","","","","","","","","","","","","","","","","","","","","","","","","","","","","","","","","","","","","","","","","","","","","","","","","","","","","","","","","","","","","","","","","","","","","","","","","","","","","","","","","","","","","","","","","","","","","","","","","","","","","","","","","","","",""
"63263001","PUY-DE-DOME-MN",45.775,2.966667,1461,1965062500,"","","","","","","","","","","","","","","","","","","","","","","","","","","","","","","","","","","","",15.3,1,12.8,1,"","","","","","","","","","","","","","","","","","","","","","","","","","",87,1,"","","","","","","","","","","","",15.1,1,"","","","","","","","","","","","","","","","","","","","","","","","","","","","","","","","","","","","","","","","","","","","","","","","","","","","","","","","","","","","","","","","","","","","","","","","","","","","","","","","","","","","","","","","","","","","","","","","","","","","","","","","","","","","","","","","","","","",""
"63263001","PUY-DE-DOME-MN",45.775,2.966667,1461,1965062503,"","","","","","","","","","","","","","","","","","","","","","","","","","","","","","","","","","","","",16.1,1,12.2,1,"","","","","","","","","","","","","","","","","","","","","","","","","","",79,1,"","","","","","","","","","","","",14.5,1,"","","","","","","","","","","","","","","","","","","","","","","","","","","","","","","","","","","","","","","","","","","","","","","","","","","","","","","","","","","","","","","","","","","","","","","","","","","","","","","","","","","","","","","","","","","","","","","","","","","","","","","","","","","","","","","","","","","",""
"63263001","PUY-DE-DOME-MN",45.775,2.966667,1461,1965062506,"","","","",5.,1,250,1,"","","","","","","","","","","","","","","","","","","","","","","","","","","","",18.5,1,6.2,1,"","","","","","","","","","","","","","","","","","","","","","","","","","",45,1,"","","","","","","","","","","","",9.6,1,"","","","","","","","",0,1,"","",0,1,0,1,0,1,"","","","","","","","","","","","","","","","","","","","","","","","",50000,1,"","",2,1,0,1,"","",0,1,"","","","","","","","","","","","","","","","","","","","","","","","","","","","","","","","","","","","","","","","","","","","","","","","","","","","","","","","","","","","","",""
"63263001","PUY-DE-DOME-MN",45.775,2.966667,1461,1965062509,"","","","",4.,1,250,1,"","","","","","","","","","","","","","","","","","","","","","","","","","","","",21.3,1,9.2,1,"","","","","","","","","","","","","","","","","","","","","","","","","","",47,1,"","","","","","","","","","","","",11.8,1,"","","","","","","","",0,1,"","",0,1,0,1,0,1,"","","","","","","","","","","","","","","","","","","","","","","","",50000,1,"","",2,1,0,1,"","","","","","","","","","","","","","","","","","","","","","","","","","","","","","","","","","","","","","","","","","","","","","","","","","","","","","","","","","","","","","","","","",""
"63263001","PUY-DE-DOME-MN",45.775,2.966667,1461,1965062512,"","","","",4.,1,170,1,"","","","","","","","","","","","","","","","","","","","","","","","","","","","",23.,1,16.2,1,"","","","","","","","","","","","","","","","","","","","","","","","","","",68,1,"","","","","","","","","","","","",19.,1,"","","","","","","","",2,1,0,1,2,1,8,1,0,1,"","","","","","","","","","","","","","","","","","","","","","","","",50000,1,"","",3,1,0,1,"","","","","","","","","","","","","","","","","","","","","","","","","","","","","","","","","","","","","","","","","","","","","","","","","","","","","","","","","","","","","","","","","",""
"63263001","PUY-DE-DOME-MN",45.775,2.966667,1461,1965062515,"","","","",12.,1,270,1,"","","","","","","","","","","","","","","","","","","","","","","","","","","","",22.9,1,13.4,1,"","","","","","","","","","","","","","","","","","","","","","","","","","",57,1,"","","","","","","","","","","","",15.8,1,"","","","","","","","",3,1,0,1,9,1,0,1,0,1,"","","","","","","","","","","","","","","","","","","","","","","","",30000,1,"","",17,1,9,1,"","","","","","","","","","","","","","","","","","","","","","","","","","","","","","","","","","","","","","","","","","","","","","","","","","","","","","","","","","","","","","","","","",""
"63263001","PUY-DE-DOME-MN",45.775,2.966667,1461,1965062518,"","","","",12.,1,270,1,"","","","","","","","","","","","","","","","","","","","","","","","","","","","",21.,1,12.1,1,"","","","","","","","","","","","","","","","","","","","","","","","","","",58,1,"","","","","","","","","","","","",14.4,1,"","","","","","","","",1,1,0,1,2,1,0,1,3,1,"","","","","","","","","","","","","","","","","","","","","","","","",40000,1,"","",1,1,9,1,"","","","","","","","","","","","","","","","","","","","","","","","","","","","","","","","","","","","","","","","","","","","","","","","","","","","","","","","","","","","","","","","","",""
"63263001","PUY-DE-DOME-MN",45.775,2.966667,1461,1965062521,"","","","","","","","","","","","","","","","","","","","","","","","","","","","","","","","","","","","",18.5,1,15.5,1,"","","","","","","","","","","","","","","","","","","","","","","","","","",85,1,"","","","","","","","","","","","",18.1,1,"","","","","","","","","","","","","","","","","","","","","","","","","","","","","","","","","","","","","","","","","","","","","","","","","","","","","","","","","","","","","","","","","","","","","","","","","","","","","","","","","","","","","","","","","","","","","","","","","","","","","","","","","","","","","","","","","","","",""
"63263001","PUY-DE-DOME-MN",45.775,2.966667,1461,1965062600,"","","","","","","","","","","","","","","","","","","","","","","","","","","","","","","","","","","","",16.2,1,14.2,1,"","","","","","","","","","","","","","","","","","","","","","","","","","",90,1,"","","","","","","","","","","","",16.6,1,"","","","","","","","","","","","","","","","","","","","","","","","","","","","","","","","","","","","","","","","","","","","","","","","","","","","","","","","","","","","","","","","","","","","","","","","","","","","","","","","","","","","","","","","","","","","","","","","","","","","","","","","","","","","","","","","","","","",""
"63263001","PUY-DE-DOME-MN",45.775,2.966667,1461,1965062603,"","","","","","","","","","","","","","","","","","","","","","","","","","","","","","","","","","","","",14.3,1,12.7,1,"","","","","","","","","","","","","","","","","","","","","","","","","","",92,1,"","","","","","","","","","","","",15.,1,"","","","","","","","","","","","","","","","","","","","","","","","","","","","","","","","","","","","","","","","","","","","","","","","","","","","","","","","","","","","","","","","","","","","","","","","","","","","","","","","","","","","","","","","","","","","","","","","","","","","","","","","","","","","","","","","","","","",""
"63263001","PUY-DE-DOME-MN",45.775,2.966667,1461,1965062606,"","","","",5.,1,170,1,"","","","","","","","","","","","","","","","","","","","","","","","","","","","",12.7,1,12.7,1,"","","","","","","","","","","","","","","","","","","","","","","","","","",100,1,"","","","","","","","","","","","",14.7,1,"","","","","","","","",9,1,"","","","","","","","","","","","","","","","","","","","","","","","","","","","","","","","",40,1,"","",45,1,4,1,"","",0,1,"","","","","","","","","","","","","","","","","","","","","","","","","","","","","","","","","","","","","","","","","","","","","","","","","","","","","","","","","","","","","",""
"63263001","PUY-DE-DOME-MN",45.775,2.966667,1461,1965062609,"","","","",2.,1,210,1,"","","","","","","","","","","","","","","","","","","","","","","","","","","","",14.1,1,14.1,1,"","","","","","","","","","","","","","","","","","","","","","","","","","",100,1,"","","","","","","","","","","","",16.1,1,"","","","","","","","",9,1,"","","","","","","","","","","","","","","","","","","","","","","","","","","","","","","","",40,1,"","",45,1,4,1,"","","","","","","","","","","","","","","","","","","","","","","","","","","","","","","","","","","","","","","","","","","","","","","","","","","","","","","","","","","","","","","","","",""
"63263001","PUY-DE-DOME-MN",45.775,2.966667,1461,1965062612,"","","","",0.,1,0,1,"","","","","","","","","","","","","","","","","","","","","","","","","","","","",15.1,1,15.1,1,"","","","","","","","","","","","","","","","","","","","","","","","","","",100,1,"","","","","","","","","","","","",17.1,1,"","","","","","","","",9,1,"","","","","","","","","","","","","","","","","","","","","","","","","","","","","","","","",40,1,"","",45,1,4,1,"","","","","","","","","","","","","","","","","","","","","","","","","","","","","","","","","","","","","","","","","","","","","","","","","","","","","","","","","","","","","","","","","",""
"63263001","PUY-DE-DOME-MN",45.775,2.966667,1461,1965062615,"","","","",2.,1,290,1,"","","","","","","","","","","","","","","","","","","","","","","","","","","","",13.4,1,13.4,1,"","","","","","","","","","","","","","","","","","","","","","","","","","",100,1,"","","","","","","","","","","","",15.4,1,"","","","","","","","",9,1,"","","","","","","","","","","","","","","","","","","","","","","","","","","","","","","","",40,1,"","",45,1,4,1,"","","","","","","","","","","","","","","","","","","","","","","","","","","","","","","","","","","","","","","","","","","","","","","","","","","","","","","","","","","","","","","","","",""
"63263001","PUY-DE-DOME-MN",45.775,2.966667,1461,1965062618,"","","","",0.,1,0,1,"","","","","","","","","","","","","","","","","","","","","","","","","","","","",12.6,1,12.6,1,"","","","","","","","","","","","","","","","","","","","","","","","","","",100,1,"","","","","","","","","","","","",14.6,1,"","","","","","","","",9,1,"","","","","","","","","","","","","","","","","","","","","","","","","","","","","","","","",40,1,"","",45,1,4,1,"","","","","","","","","","","","","","","","","","","","","","","","","","","","","","","","","","","","","","","","","","","","","","","","","","","","","","","","","","","","","","","","","",""
"63263001","PUY-DE-DOME-MN",45.775,2.966667,1461,1965062621,"","","","","","","","","","","","","","","","","","","","","","","","","","","","","","","","","","","","",11.5,1,11.5,1,"","","","","","","","","","","","","","","","","","","","","","","","","","",100,1,"","","","","","","","","","","","",13.6,1,"","","","","","","","","","","","","","","","","","","","","","","","","","","","","","","","","","","","","","","","","","","","","","","","","","","","","","","","","","","","","","","","","","","","","","","","","","","","","","","","","","","","","","","","","","","","","","","","","","","","","","","","","","","","","","","","","","","",""
"63263001","PUY-DE-DOME-MN",45.775,2.966667,1461,1965062700,"","","","","","","","","","","","","","","","","","","","","","","","","","","","","","","","","","","","",11.4,1,11.4,1,"","","","","","","","","","","","","","","","","","","","","","","","","","",100,1,"","","","","","","","","","","","",13.5,1,"","","","","","","","","","","","","","","","","","","","","","","","","","","","","","","","","","","","","","","","","","","","","","","","","","","","","","","","","","","","","","","","","","","","","","","","","","","","","","","","","","","","","","","","","","","","","","","","","","","","","","","","","","","","","","","","","","","",""
"63263001","PUY-DE-DOME-MN",45.775,2.966667,1461,1965062703,"","","","","","","","","","","","","","","","","","","","","","","","","","","","","","","","","","","","",10.6,1,10.6,1,"","","","","","","","","","","","","","","","","","","","","","","","","","",100,1,"","","","","","","","","","","","",12.8,1,"","","","","","","","","","","","","","","","","","","","","","","","","","","","","","","","","","","","","","","","","","","","","","","","","","","","","","","","","","","","","","","","","","","","","","","","","","","","","","","","","","","","","","","","","","","","","","","","","","","","","","","","","","","","","","","","","","","",""
"63263001","PUY-DE-DOME-MN",45.775,2.966667,1461,1965062706,"","","","",7.,1,170,1,"","","","","","","","","","","","","","","","","","","","","","","","","","","","",11.,1,11.,1,"","","","","","","","","","","","","","","","","","","","","","","","","","",100,1,"","","","","","","","","","","","",13.1,1,"","","","","","","","",9,1,"","","","","","","","","","","","","","","","","","","","","","","","","","","","","","","","",40,1,"","",45,1,4,1,"","",0,1,"","","","","","","","","","","","","","","","","","","","","","","","","","","","","","","","","","","","","","","","","","","","","","","","","","","","","","","","","","","","","",""
"63263001","PUY-DE-DOME-MN",45.775,2.966667,1461,1965062709,"","","","",6.,1,350,1,"","","","","","","","","","","","","","","","","","","","","","","","","","","","",11.6,1,11.6,1,"","","","","","","","","","","","","","","","","","","","","","","","","","",100,1,"","","","","","","","","","","","",13.6,1,"","","","","","","","",8,1,8,1,"","","","","","","","","","","","","","","","","","","","","","","","","","","","","","",40,1,"","",80,1,4,1,"","","","","","","","","","","","","","","","","","","","","","","","","","","","","","","","","","","","","","","","","","","","","","","","","","","","","","","","","","","","","","","","","",""
"63263001","PUY-DE-DOME-MN",45.775,2.966667,1461,1965062712,"","","","",7.,1,170,1,"","","","","","","","","","","","","","","","","","","","","","","","","","","","",12.,1,12.,1,"","","","","","","","","","","","","","","","","","","","","","","","","","",100,1,"","","","","","","","","","","","",14.,1,"","","","","","","","",9,1,"","","","","","","","","","","","","","","","","","","","","","","","","","","","","","","","",40,1,"","",45,1,8,1,"","","","","","","","","","","","","","","","","","","","","","","","","","","","","","","","","","","","","","","","","","","","","","","","","","","","","","","","","","","","","","","","","",""
"63263001","PUY-DE-DOME-MN",45.775,2.966667,1461,1965062715,"","","","",4.,1,90,1,"","","","","","","","","","","","","","","","","","","","","","","","","","","","",13.2,1,13.2,1,"","","","","","","","","","","","","","","","","","","","","","","","","","",100,1,"","","","","","","","","","","","",15.2,1,"","","","","","","","",8,1,8,1,"","","","","","","","","","","","","","","","","","","","","","","","","","","","","","",100,1,"","",41,1,4,1,"","","","","","","","","","","","","","","","","","","","","","","","","","","","","","","","","","","","","","","","","","","","","","","","","","","","","","","","","","","","","","","","","",""
"63263001","PUY-DE-DOME-MN",45.775,2.966667,1461,1965062718,"","","","",0.,1,0,1,"","","","","","","","","","","","","","","","","","","","","","","","","","","","",13.2,1,13.2,1,"","","","","","","","","","","","","","","","","","","","","","","","","","",100,1,"","","","","","","","","","","","",15.2,1,"","","","","","","","",9,1,"","","","","","","","","","","","","","","","","","","","","","","","","","","","","","","","",40,1,"","",45,1,4,1,"","","","","","","","","","","","","","","","","","","","","","","","","","","","","","","","","","","","","","","","","","","","","","","","","","","","","","","","","","","","","","","","","",""
"63263001","PUY-DE-DOME-MN",45.775,2.966667,1461,1965062721,"","","","","","","","","","","","","","","","","","","","","","","","","","","","","","","","","","","","",11.3,1,11.3,1,"","","","","","","","","","","","","","","","","","","","","","","","","","",99,1,"","","","","","","","","","","","",13.3,1,"","","","","","","","","","","","","","","","","","","","","","","","","","","","","","","","","","","","","","","","","","","","","","","","","","","","","","","","","","","","","","","","","","","","","","","","","","","","","","","","","","","","","","","","","","","","","","","","","","","","","","","","","","","","","","","","","","","",""
"63263001","PUY-DE-DOME-MN",45.775,2.966667,1461,1965062800,"","","","","","","","","","","","","","","","","","","","","","","","","","","","","","","","","","","","",12.2,1,11.2,1,"","","","","","","","","","","","","","","","","","","","","","","","","","",96,1,"","","","","","","","","","","","",13.6,1,"","","","","","","","","","","","","","","","","","","","","","","","","","","","","","","","","","","","","","","","","","","","","","","","","","","","","","","","","","","","","","","","","","","","","","","","","","","","","","","","","","","","","","","","","","","","","","","","","","","","","","","","","","","","","","","","","","","",""
"63263001","PUY-DE-DOME-MN",45.775,2.966667,1461,1965062803,"","","","","","","","","","","","","","","","","","","","","","","","","","","","","","","","","","","","",10.4,1,10.4,1,"","","","","","","","","","","","","","","","","","","","","","","","","","",100,1,"","","","","","","","","","","","",12.6,1,"","","","","","","","","","","","","","","","","","","","","","","","","","","","","","","","","","","","","","","","","","","","","","","","","","","","","","","","","","","","","","","","","","","","","","","","","","","","","","","","","","","","","","","","","","","","","","","","","","","","","","","","","","","","","","","","","","","",""
"63263001","PUY-DE-DOME-MN",45.775,2.966667,1461,1965062806,"","","","",8.,1,150,1,"","","","","","","","","","","","","","","","","","","","","","","","","","","","",11.,1,11.,1,"","","","","","","","","","","","","","","","","","","","","","","","","","",100,1,"","","","","","","","","","","","",13.1,1,"","","","","","","","",9,1,"","","","","","","","","","","","","","","","","","","","","","","","","","","","","","","","",40,1,"","",45,1,6,1,"","",0,1,"","","","","","","","","","","","","","","","","","","","","","","","","","","","","","","","","","","","","","","","","","","","","","","","","","","","","","","","","","","","","",""
"63263001","PUY-DE-DOME-MN",45.775,2.966667,1461,1965062809,"","","","",8.,1,170,1,"","","","","","","","","","","","","","","","","","","","","","","","","","","","",12.2,1,12.2,1,"","","","","","","","","","","","","","","","","","","","","","","","","","",100,1,"","","","","","","","","","","","",14.2,1,"","","","","","","","",8,1,8,1,"","","","","","","","","","","","","","","","","","","","","","","","","","","","","","",100,1,"","",41,1,4,1,"","","","","","","","","","","","","","","","","","","","","","","","","","","","","","","","","","","","","","","","","","","","","","","","","","","","","","","","","","","","","","","","","",""
"63263001","PUY-DE-DOME-MN",45.775,2.966667,1461,1965062812,"","","","",5.,1,170,1,"","","","","","","","","","","","","","","","","","","","","","","","","","","","",14.8,1,14.8,1,"","","","","","","","","","","","","","","","","","","","","","","","","","",100,1,"","","","","","","","","","","","",16.8,1,"","","","","","","","",8,1,8,1,"","","","","","","","","","","","","","","","","","","","","","","","","","","","","","",100,1,"","",41,1,4,1,"","","","","","","","","","","","","","","","","","","","","","","","","","","","","","","","","","","","","","","","","","","","","","","","","","","","","","","","","","","","","","","","","",""
"63263001","PUY-DE-DOME-MN",45.775,2.966667,1461,1965062815,"","","","",5.,1,130,1,"","","","","","","","","","","","","","","","","","","","","","","","","","","","",16.7,1,16.7,1,"","","","","","","","","","","","","","","","","","","","","","","","","","",100,1,"","","","","","","","","","","","",19.,1,"","","","","","","","",8,1,8,1,"","","","","","","","","","","","","","","","","","","","","","","","","","","","","","",100,1,"","",41,1,4,1,"","","","","","","","","","","","","","","","","","","","","","","","","","","","","","","","","","","","","","","","","","","","","","","","","","","","","","","","","","","","","","","","","",""
"63263001","PUY-DE-DOME-MN",45.775,2.966667,1461,1965062818,"","","","",3.,1,230,1,"","","","","","","","","","","","","","","","","","","","","","","","","","","","",16.9,1,12.9,1,"","","","","","","","","","","","","","","","","","","","","","","","","","",79,1,"","","","","","","","","","","","",15.2,1,"","","","","","","","",4,1,0,1,2,1,0,1,2,1,"","","","","","","","","","","","","","","","","","","","","","","","",25000,1,"","",3,1,9,1,"","","","","","","","","","","","","","","","","","","","","","","","","","","","","","","","","","","","","","","","","","","","","","","","","","","","","","","","","","","","","","","","","",""
"63263001","PUY-DE-DOME-MN",45.775,2.966667,1461,1965062821,"","","","","","","","","","","","","","","","","","","","","","","","","","","","","","","","","","","","",15.2,1,13.8,1,"","","","","","","","","","","","","","","","","","","","","","","","","","",94,1,"","","","","","","","","","","","",16.2,1,"","","","","","","","","","","","","","","","","","","","","","","","","","","","","","","","","","","","","","","","","","","","","","","","","","","","","","","","","","","","","","","","","","","","","","","","","","","","","","","","","","","","","","","","","","","","","","","","","","","","","","","","","","","","","","","","","","","",""
"63263001","PUY-DE-DOME-MN",45.775,2.966667,1461,1965062900,"","","","","","","","","","","","","","","","","","","","","","","","","","","","","","","","","","","","",14.6,1,13.8,1,"","","","","","","","","","","","","","","","","","","","","","","","","","",98,1,"","","","","","","","","","","","",16.2,1,"","","","","","","","","","","","","","","","","","","","","","","","","","","","","","","","","","","","","","","","","","","","","","","","","","","","","","","","","","","","","","","","","","","","","","","","","","","","","","","","","","","","","","","","","","","","","","","","","","","","","","","","","","","","","","","","","","","",""
"63263001","PUY-DE-DOME-MN",45.775,2.966667,1461,1965062903,"","","","","","","","","","","","","","","","","","","","","","","","","","","","","","","","","","","","",15.3,1,13.2,1,"","","","","","","","","","","","","","","","","","","","","","","","","","",89,1,"","","","","","","","","","","","",15.5,1,"","","","","","","","","","","","","","","","","","","","","","","","","","","","","","","","","","","","","","","","","","","","","","","","","","","","","","","","","","","","","","","","","","","","","","","","","","","","","","","","","","","","","","","","","","","","","","","","","","","","","","","","","","","","","","","","","","","",""
"63263001","PUY-DE-DOME-MN",45.775,2.966667,1461,1965062906,"","","","",3.,1,230,1,"","","","","","","","","","","","","","","","","","","","","","","","","","","","",14.7,1,11.5,1,"","","","","","","","","","","","","","","","","","","","","","","","","","",83,1,"","","","","","","","","","","","",13.9,1,"","","","","","","","",2,1,0,1,5,1,0,1,2,1,"","","","","","","","","","","","","","","","","","","","","","","","",30000,1,"","",0,1,"","","","",0,1,"","","","","","","","","","","","","","","","","","","","","","","","","","","","","","","","","","","","","","","","","","","","","","","","","","","","","","","","","","","","","",""
"63263001","PUY-DE-DOME-MN",45.775,2.966667,1461,1965062909,"","","","",0.,1,0,1,"","","","","","","","","","","","","","","","","","","","","","","","","","","","",17.5,1,14.,1,"","","","","","","","","","","","","","","","","","","","","","","","","","",82,1,"","","","","","","","","","","","",16.4,1,"","","","","","","","",2,1,0,1,1,1,0,1,2,1,"","","","","","","","","","","","","","","","","","","","","","","","",25000,1,"","",3,1,0,1,"","","","","","","","","","","","","","","","","","","","","","","","","","","","","","","","","","","","","","","","","","","","","","","","","","","","","","","","","","","","","","","","","",""
"63263001","PUY-DE-DOME-MN",45.775,2.966667,1461,1965062912,"","","","",4.,1,170,1,"","","","","","","","","","","","","","","","","","","","","","","","","","","","",18.6,1,14.1,1,"","","","","","","","","","","","","","","","","","","","","","","","","","",77,1,"","","","","","","","","","","","",16.5,1,"","","","","","","","",4,1,0,1,2,1,8,1,0,1,"","","","","","","","","","","","","","","","","","","","","","","","",30000,1,"","",3,1,4,1,"","","","","","","","","","","","","","","","","","","","","","","","","","","","","","","","","","","","","","","","","","","","","","","","","","","","","","","","","","","","","","","","","",""
"63263001","PUY-DE-DOME-MN",45.775,2.966667,1461,1965062915,"","","","",0.,1,0,1,"","","","","","","","","","","","","","","","","","","","","","","","","","","","",21.8,1,13.8,1,"","","","","","","","","","","","","","","","","","","","","","","","","","",62,1,"","","","","","","","","","","","",16.2,1,"","","","","","","","",4,1,0,1,2,1,8,1,3,1,"","","","","","","","","","","","","","","","","","","","","","","","",40000,1,"","",29,1,9,1,"","","","","","","","","","","","","","","","","","","","","","","","","","","","","","","","","","","","","","","","","","","","","","","","","","","","","","","","","","","","","","","","","",""
"63263001","PUY-DE-DOME-MN",45.775,2.966667,1461,1965062918,"","","","",0.,1,0,1,"","","","","","","","","","","","","","","","","","","","","","","","","","","","",20.6,1,13.,1,"","","","","","","","","","","","","","","","","","","","","","","","","","",63,1,"","","","","","","","","","","","",15.3,1,"","","","","","","","",1,1,0,1,2,1,0,1,3,1,"","","","","","","","","","","","","","","","","","","","","","","","",40000,1,"","",1,1,9,1,"","","","","","","","","","","","","","","","","","","","","","","","","","","","","","","","","","","","","","","","","","","","","","","","","","","","","","","","","","","","","","","","","",""
"63263001","PUY-DE-DOME-MN",45.775,2.966667,1461,1965062921,"","","","","","","","","","","","","","","","","","","","","","","","","","","","","","","","","","","","",18.2,1,16.8,1,"","","","","","","","","","","","","","","","","","","","","","","","","","",94,1,"","","","","","","","","","","","",19.7,1,"","","","","","","","","","","","","","","","","","","","","","","","","","","","","","","","","","","","","","","","","","","","","","","","","","","","","","","","","","","","","","","","","","","","","","","","","","","","","","","","","","","","","","","","","","","","","","","","","","","","","","","","","","","","","","","","","","","",""
"63263001","PUY-DE-DOME-MN",45.775,2.966667,1461,1965063000,"","","","","","","","","","","","","","","","","","","","","","","","","","","","","","","","","","","","",18.8,1,8.3,1,"","","","","","","","","","","","","","","","","","","","","","","","","","",51,1,"","","","","","","","","","","","",11.1,1,"","","","","","","","","","","","","","","","","","","","","","","","","","","","","","","","","","","","","","","","","","","","","","","","","","","","","","","","","","","","","","","","","","","","","","","","","","","","","","","","","","","","","","","","","","","","","","","","","","","","","","","","","","","","","","","","","","","",""
"63263001","PUY-DE-DOME-MN",45.775,2.966667,1461,1965063003,"","","","","","","","","","","","","","","","","","","","","","","","","","","","","","","","","","","","",15.2,1,13.5,1,"","","","","","","","","","","","","","","","","","","","","","","","","","",90,1,"","","","","","","","","","","","",15.9,1,"","","","","","","","","","","","","","","","","","","","","","","","","","","","","","","","","","","","","","","","","","","","","","","","","","","","","","","","","","","","","","","","","","","","","","","","","","","","","","","","","","","","","","","","","","","","","","","","","","","","","","","","","","","","","","","","","","","",""
"63263001","PUY-DE-DOME-MN",45.775,2.966667,1461,1965063006,"","","","",7.,1,230,1,"","","","","","","","","","","","","","","","","","","","","","","","","","","","",17.4,1,6.8,1,"","","","","","","","","","","","","","","","","","","","","","","","","","",50,1,"","","","","","","","","","","","",10.,1,"","","","","","","","",4,1,0,1,0,1,8,1,2,1,"","","","","","","","","","","","","","","","","","","","","","","","",25000,1,"","",0,1,"","","","",0,1,"","","","","","","","","","","","","","","","","","","","","","","","","","","","","","","","","","","","","","","","","","","","","","","","","","","","","","","","","","","","","",""
"63263001","PUY-DE-DOME-MN",45.775,2.966667,1461,1965063009,"","","","",0.,1,0,1,"","","","","","","","","","","","","","","","","","","","","","","","","","","","",20.1,1,11.,1,"","","","","","","","","","","","","","","","","","","","","","","","","","",57,1,"","","","","","","","","","","","",13.4,1,"","","","","","","","",2,1,0,1,2,1,8,1,2,1,"","","","","","","","","","","","","","","","","","","","","","","","",40000,1,"","",3,1,0,1,"","","","","","","","","","","","","","","","","","","","","","","","","","","","","","","","","","","","","","","","","","","","","","","","","","","","","","","","","","","","","","","","","",""
"63263001","PUY-DE-DOME-MN",45.775,2.966667,1461,1965063012,"","","","",12.,1,290,1,"","","","","","","","","","","","","","","","","","","","","","","","","","","","",21.4,1,8.4,1,"","","","","","","","","","","","","","","","","","","","","","","","","","",44,1,"","","","","","","","","","","","",11.2,1,"","","","","","","","",5,1,0,1,9,1,0,1,3,1,"","","","","","","","","","","","","","","","","","","","","","","","",40000,1,"","",3,1,0,1,"","","","","","","","","","","","","","","","","","","","","","","","","","","","","","","","","","","","","","","","","","","","","","","","","","","","","","","","","","","","","","","","","",""
"63263001","PUY-DE-DOME-MN",45.775,2.966667,1461,1965063015,"","","","",24.,1,270,1,"","","","","","","","","","","","","","","","","","","","","","","","","","","","",14.1,1,8.4,1,"","","","","","","","","","","","","","","","","","","","","","","","","","",70,1,"","","","","","","","","","","","",11.2,1,"","","","","","","","",7,1,7,1,9,1,"","","","","","","","","","","","","","","","","","","","","","","","","","","","",15000,1,"","",95,1,2,1,"","","","","","","","","","","","","","","","","","","","","","","","","","","","","","","","","","","","","","","","","","","","","","","","","","","","","","","","","","","","","","","","","",""
"63263001","PUY-DE-DOME-MN",45.775,2.966667,1461,1965063018,"","","","",8.,1,250,1,"","","","","","","","","","","","","","","","","","","","","","","","","","","","",17.6,1,9.3,1,"","","","","","","","","","","","","","","","","","","","","","","","","","",59,1,"","","","","","","","","","","","",11.9,1,"","","","","","","","",5,1,0,1,2,1,6,1,3,1,"","","","","","","","","","","","","","","","","","","","","","","","",40000,1,"","",1,1,9,1,"","","","","","","","","","","","","","","","","","","","","","","","","","","","","","","","","","","","","","","","","","","","","","","","","","","","","","","","","","","","","","","","","",""
"63263001","PUY-DE-DOME-MN",45.775,2.966667,1461,1965063021,"","","","","","","","","","","","","","","","","","","","","","","","","","","","","","","","","","","","",15.,1,13.9,1,"","","","","","","","","","","","","","","","","","","","","","","","","","",96,1,"","","","","","","","","","","","",16.3,1,"","","","","","","","","","","","","","","","","","","","","","","","","","","","","","","","","","","","","","","","","","","","","","","","","","","","","","","","","","","","","","","","","","","","","","","","","","","","","","","","","","","","","","","","","","","","","","","","","","","","","","","","","","","","","","","","","","","",""
"63263001","PUY-DE-DOME-MN",45.775,2.966667,1461,1965070100,"","","","","","","","","","","","","","","","","","","","","","","","","","","","","","","","","","","","",14.2,1,13.4,1,"","","","","","","","","","","","","","","","","","","","","","","","","","",98,1,"","","","","","","","","","","","",15.8,1,"","","","","","","","","","","","","","","","","","","","","","","","","","","","","","","","","","","","","","","","","","","","","","","","","","","","","","","","","","","","","","","","","","","","","","","","","","","","","","","","","","","","","","","","","","","","","","","","","","","","","","","","","","","","","","","","","","","",""
"63263001","PUY-DE-DOME-MN",45.775,2.966667,1461,1965070103,"","","","","","","","","","","","","","","","","","","","","","","","","","","","","","","","","","","","",13.5,1,12.8,1,"","","","","","","","","","","","","","","","","","","","","","","","","","",97,1,"","","","","","","","","","","","",15.1,1,"","","","","","","","","","","","","","","","","","","","","","","","","","","","","","","","","","","","","","","","","","","","","","","","","","","","","","","","","","","","","","","","","","","","","","","","","","","","","","","","","","","","","","","","","","","","","","","","","","","","","","","","","","","","","","","","","","","",""
"63263001","PUY-DE-DOME-MN",45.775,2.966667,1461,1965070106,"","","","",7.,1,270,1,"","","","","","","","","","","","","","","","","","","","","","","","","","","","",13.4,1,12.1,1,"","","","","","","","","","","","","","","","","","","","","","","","","","",94,1,"","","","","","","","","","","","",14.4,1,"","","","","","","","",7,1,5,1,0,1,9,1,2,1,"","","","","","","","","","","","","","","","","","","","","","","","",30000,1,"","",0,1,"","","","",0,1,"","","","","","","","","","","","","","","","","","","","","","","","","","","","","","","","","","","","","","","","","","","","","","","","","","","","","","","","","","","","","",""
"63263001","PUY-DE-DOME-MN",45.775,2.966667,1461,1965070109,"","","","",6.,1,270,1,"","","","","","","","","","","","","","","","","","","","","","","","","","","","",16.,1,11.4,1,"","","","","","","","","","","","","","","","","","","","","","","","","","",76,1,"","","","","","","","","","","","",13.8,1,"","","","","","","","",2,1,0,1,2,1,8,1,0,1,"","","","","","","","","","","","","","","","","","","","","","","","",40000,1,"","",3,1,1,1,"","","","","","","","","","","","","","","","","","","","","","","","","","","","","","","","","","","","","","","","","","","","","","","","","","","","","","","","","","","","","","","","","",""
"63263001","PUY-DE-DOME-MN",45.775,2.966667,1461,1965070112,"","","","",5.,1,310,1,"","","","","","","","","","","","","","","","","","","","","","","","","","","","",16.4,1,13.1,1,"","","","","","","","","","","","","","","","","","","","","","","","","","",83,1,"","","","","","","","","","","","",15.4,1,"","","","","","","","",5,1,5,1,9,1,0,1,0,1,"","","","","","","","","","","","","","","","","","","","","","","","",40000,1,"","",17,1,1,1,"","","","","","","","","","","","","","","","","","","","","","","","","","","","","","","","","","","","","","","","","","","","","","","","","","","","","","","","","","","","","","","","","",""
"63263001","PUY-DE-DOME-MN",45.775,2.966667,1461,1965070115,"","","","",3.,1,310,1,"","","","","","","","","","","","","","","","","","","","","","","","","","","","",13.8,1,13.8,1,"","","","","","","","","","","","","","","","","","","","","","","","","","",100,1,"","","","","","","","","","","","",15.8,1,"","","","","","","","",9,1,"","","","","","","","","","","","","","","","","","","","","","","","","","","","","","","","",40,1,"","",45,1,9,1,"","","","","","","","","","","","","","","","","","","","","","","","","","","","","","","","","","","","","","","","","","","","","","","","","","","","","","","","","","","","","","","","","",""
"63263001","PUY-DE-DOME-MN",45.775,2.966667,1461,1965070118,"","","","",0.,1,0,1,"","","","","","","","","","","","","","","","","","","","","","","","","","","","",13.1,1,13.1,1,"","","","","","","","","","","","","","","","","","","","","","","","","","",100,1,"","","","","","","","","","","","",15.1,1,"","","","","","","","",9,1,"","","","","","","","","","","","","","","","","","","","","","","","","","","","","","","","",40,1,"","",45,1,9,1,"","","","","","","","","","","","","","","","","","","","","","","","","","","","","","","","","","","","","","","","","","","","","","","","","","","","","","","","","","","","","","","","","",""
"63263001","PUY-DE-DOME-MN",45.775,2.966667,1461,1965070121,"","","","","","","","","","","","","","","","","","","","","","","","","","","","","","","","","","","","",12.1,1,12.1,1,"","","","","","","","","","","","","","","","","","","","","","","","","","",100,1,"","","","","","","","","","","","",14.1,1,"","","","","","","","","","","","","","","","","","","","","","","","","","","","","","","","","","","","","","","","","","","","","","","","","","","","","","","","","","","","","","","","","","","","","","","","","","","","","","","","","","","","","","","","","","","","","","","","","","","","","","","","","","","","","","","","","","","",""
"63263001","PUY-DE-DOME-MN",45.775,2.966667,1461,1965070200,"","","","","","","","","","","","","","","","","","","","","","","","","","","","","","","","","","","","",11.8,1,11.8,1,"","","","","","","","","","","","","","","","","","","","","","","","","","",100,1,"","","","","","","","","","","","",13.8,1,"","","","","","","","","","","","","","","","","","","","","","","","","","","","","","","","","","","","","","","","","","","","","","","","","","","","","","","","","","","","","","","","","","","","","","","","","","","","","","","","","","","","","","","","","","","","","","","","","","","","","","","","","","","","","","","","","","","",""
"63263001","PUY-DE-DOME-MN",45.775,2.966667,1461,1965070203,"","","","","","","","","","","","","","","","","","","","","","","","","","","","","","","","","","","","",13.4,1,9.,1,"","","","","","","","","","","","","","","","","","","","","","","","","","",76,1,"","","","","","","","","","","","",11.7,1,"","","","","","","","","","","","","","","","","","","","","","","","","","","","","","","","","","","","","","","","","","","","","","","","","","","","","","","","","","","","","","","","","","","","","","","","","","","","","","","","","","","","","","","","","","","","","","","","","","","","","","","","","","","","","","","","","","","",""
"63263001","PUY-DE-DOME-MN",45.775,2.966667,1461,1965070206,"","","","",9.,1,270,1,"","","","","","","","","","","","","","","","","","","","","","","","","","","","",13.2,1,12.4,1,"","","","","","","","","","","","","","","","","","","","","","","","","","",97,1,"","","","","","","","","","","","",14.7,1,"","","","","","","","",2,1,0,1,0,1,8,1,0,1,"","","","","","","","","","","","","","","","","","","","","","","","",15000,1,"","",0,1,8,1,"","",0,1,"","","","","","","","","","","","","","","","","","","","","","","","","","","","","","","","","","","","","","","","","","","","","","","","","","","","","","","","","","","","","",""
"63263001","PUY-DE-DOME-MN",45.775,2.966667,1461,1965070209,"","","","",5.,1,270,1,"","","","","","","","","","","","","","","","","","","","","","","","","","","","",14.7,1,13.2,1,"","","","","","","","","","","","","","","","","","","","","","","","","","",92,1,"","","","","","","","","","","","",15.5,1,"","","","","","","","",1,1,0,1,0,1,8,1,0,1,"","","","","","","","","","","","","","","","","","","","","","","","",25000,1,"","",2,1,0,1,"","","","","","","","","","","","","","","","","","","","","","","","","","","","","","","","","","","","","","","","","","","","","","","","","","","","","","","","","","","","","","","","","",""
"63263001","PUY-DE-DOME-MN",45.775,2.966667,1461,1965070212,"","","","",4.,1,270,1,"","","","","","","","","","","","","","","","","","","","","","","","","","","","",17.8,1,12.2,1,"","","","","","","","","","","","","","","","","","","","","","","","","","",71,1,"","","","","","","","","","","","",14.5,1,"","","","","","","","",1,1,0,1,2,1,8,1,2,1,"","","","","","","","","","","","","","","","","","","","","","","","",25000,1,"","",3,1,0,1,"","","","","","","","","","","","","","","","","","","","","","","","","","","","","","","","","","","","","","","","","","","","","","","","","","","","","","","","","","","","","","","","","",""
"63263001","PUY-DE-DOME-MN",45.775,2.966667,1461,1965070215,"","","","",4.,1,290,1,"","","","","","","","","","","","","","","","","","","","","","","","","","","","",19.1,1,7.3,1,"","","","","","","","","","","","","","","","","","","","","","","","","","",47,1,"","","","","","","","","","","","",10.4,1,"","","","","","","","",3,1,0,1,2,1,0,1,2,1,"","","","","","","","","","","","","","","","","","","","","","","","",25000,1,"","",1,1,0,1,"","","","","","","","","","","","","","","","","","","","","","","","","","","","","","","","","","","","","","","","","","","","","","","","","","","","","","","","","","","","","","","","","",""
"63263001","PUY-DE-DOME-MN",45.775,2.966667,1461,1965070218,"","","","",0.,1,0,1,"","","","","","","","","","","","","","","","","","","","","","","","","","","","",19.1,1,10.8,1,"","","","","","","","","","","","","","","","","","","","","","","","","","",60,1,"","","","","","","","","","","","",13.2,1,"","","","","","","","",1,1,0,1,2,1,0,1,3,1,"","","","","","","","","","","","","","","","","","","","","","","","",25000,1,"","",1,1,0,1,"","","","","","","","","","","","","","","","","","","","","","","","","","","","","","","","","","","","","","","","","","","","","","","","","","","","","","","","","","","","","","","","","",""
"63263001","PUY-DE-DOME-MN",45.775,2.966667,1461,1965070221,"","","","","","","","","","","","","","","","","","","","","","","","","","","","","","","","","","","","",15.3,1,12.,1,"","","","","","","","","","","","","","","","","","","","","","","","","","",82,1,"","","","","","","","","","","","",14.3,1,"","","","","","","","","","","","","","","","","","","","","","","","","","","","","","","","","","","","","","","","","","","","","","","","","","","","","","","","","","","","","","","","","","","","","","","","","","","","","","","","","","","","","","","","","","","","","","","","","","","","","","","","","","","","","","","","","","","",""
"63263001","PUY-DE-DOME-MN",45.775,2.966667,1461,1965070300,"","","","","","","","","","","","","","","","","","","","","","","","","","","","","","","","","","","","",15.6,1,10.4,1,"","","","","","","","","","","","","","","","","","","","","","","","","","",73,1,"","","","","","","","","","","","",12.9,1,"","","","","","","","","","","","","","","","","","","","","","","","","","","","","","","","","","","","","","","","","","","","","","","","","","","","","","","","","","","","","","","","","","","","","","","","","","","","","","","","","","","","","","","","","","","","","","","","","","","","","","","","","","","","","","","","","","","",""
"63263001","PUY-DE-DOME-MN",45.775,2.966667,1461,1965070303,"","","","","","","","","","","","","","","","","","","","","","","","","","","","","","","","","","","","",14.9,1,10.,1,"","","","","","","","","","","","","","","","","","","","","","","","","","",73,1,"","","","","","","","","","","","",12.5,1,"","","","","","","","","","","","","","","","","","","","","","","","","","","","","","","","","","","","","","","","","","","","","","","","","","","","","","","","","","","","","","","","","","","","","","","","","","","","","","","","","","","","","","","","","","","","","","","","","","","","","","","","","","","","","","","","","","","",""
"63263001","PUY-DE-DOME-MN",45.775,2.966667,1461,1965070306,"","","","",10.,1,250,1,"","","","","","","","","","","","","","","","","","","","","","","","","","","","",14.2,1,10.4,1,"","","","","","","","","","","","","","","","","","","","","","","","","","",80,1,"","","","","","","","","","","","",12.9,1,"","","","","","","","",7,1,7,1,0,1,1,1,"","","","","","","","","","","","","","","","","","","","","","","","","","",40000,1,"","",3,1,2,1,"","",0,1,"","","","","","","","","","","","","","","","","","","","","","","","","","","","","","","","","","","","","","","","","","","","","","","","","","","","","","","","","","","","","",""
"63263001","PUY-DE-DOME-MN",45.775,2.966667,1461,1965070309,"","","","",7.,1,270,1,"","","","","","","","","","","","","","","","","","","","","","","","","","","","",15.1,1,10.9,1,"","","","","","","","","","","","","","","","","","","","","","","","","","",78,1,"","","","","","","","","","","","",13.3,1,"","","","","","","","",1,1,0,1,0,1,0,1,2,1,"","","","","","","","","","","","","","","","","","","","","","","","",70000,1,"","",1,1,1,1,"","","","","","","","","","","","","","","","","","","","","","","","","","","","","","","","","","","","","","","","","","","","","","","","","","","","","","","","","","","","","","","","","",""
"63263001","PUY-DE-DOME-MN",45.775,2.966667,1461,1965070312,"","","","",3.,1,310,1,"","","","","","","","","","","","","","","","","","","","","","","","","","","","",17.2,1,14.5,1,"","","","","","","","","","","","","","","","","","","","","","","","","","",87,1,"","","","","","","","","","","","",17.,1,"","","","","","","","",2,1,0,1,2,1,0,1,2,1,"","","","","","","","","","","","","","","","","","","","","","","","",80000,1,"","",3,1,0,1,"","","","","","","","","","","","","","","","","","","","","","","","","","","","","","","","","","","","","","","","","","","","","","","","","","","","","","","","","","","","","","","","","",""
"63263001","PUY-DE-DOME-MN",45.775,2.966667,1461,1965070315,"","","","",0.,1,0,1,"","","","","","","","","","","","","","","","","","","","","","","","","","","","",14.3,1,14.3,1,"","","","","","","","","","","","","","","","","","","","","","","","","","",100,1,"","","","","","","","","","","","",16.3,1,"","","","","","","","",8,1,8,1,"","","","","","","","","","","","","","","","","","","","","","","","","","","","","","",100,1,"","",95,1,9,1,"","","","","","","","","","","","","","","","","","","","","","","","","","","","","","","","","","","","","","","","","","","","","","","","","","","","","","","","","","","","","","","","","",""
"63263001","PUY-DE-DOME-MN",45.775,2.966667,1461,1965070318,"","","","",0.,1,0,1,"","","","","","","","","","","","","","","","","","","","","","","","","","","","",17.2,1,7.9,1,"","","","","","","","","","","","","","","","","","","","","","","","","","",55,1,"","","","","","","","","","","","",10.8,1,"","","","","","","","",1,1,0,1,9,1,0,1,3,1,"","","","","","","","","","","","","","","","","","","","","","","","",40000,1,"","",17,1,9,1,"","","","","","","","","","","","","","","","","","","","","","","","","","","","","","","","","","","","","","","","","","","","","","","","","","","","","","","","","","","","","","","","","",""
"63263001","PUY-DE-DOME-MN",45.775,2.966667,1461,1965070321,"","","","","","","","","","","","","","","","","","","","","","","","","","","","","","","","","","","","",14.3,1,12.,1,"","","","","","","","","","","","","","","","","","","","","","","","","","",88,1,"","","","","","","","","","","","",14.3,1,"","","","","","","","","","","","","","","","","","","","","","","","","","","","","","","","","","","","","","","","","","","","","","","","","","","","","","","","","","","","","","","","","","","","","","","","","","","","","","","","","","","","","","","","","","","","","","","","","","","","","","","","","","","","","","","","","","","",""
"63263001","PUY-DE-DOME-MN",45.775,2.966667,1461,1965070400,"","","","","","","","","","","","","","","","","","","","","","","","","","","","","","","","","","","","",14.1,1,11.3,1,"","","","","","","","","","","","","","","","","","","","","","","","","","",85,1,"","","","","","","","","","","","",13.7,1,"","","","","","","","","","","","","","","","","","","","","","","","","","","","","","","","","","","","","","","","","","","","","","","","","","","","","","","","","","","","","","","","","","","","","","","","","","","","","","","","","","","","","","","","","","","","","","","","","","","","","","","","","","","","","","","","","","","",""
"63263001","PUY-DE-DOME-MN",45.775,2.966667,1461,1965070403,"","","","","","","","","","","","","","","","","","","","","","","","","","","","","","","","","","","","",13.,1,13.,1,"","","","","","","","","","","","","","","","","","","","","","","","","","",100,1,"","","","","","","","","","","","",15.,1,"","","","","","","","","","","","","","","","","","","","","","","","","","","","","","","","","","","","","","","","","","","","","","","","","","","","","","","","","","","","","","","","","","","","","","","","","","","","","","","","","","","","","","","","","","","","","","","","","","","","","","","","","","","","","","","","","","","",""
"63263001","PUY-DE-DOME-MN",45.775,2.966667,1461,1965070406,"","","","",7.,1,310,1,"","","","","","","","","","","","","","","","","","","","","","","","","","","","",10.9,1,10.9,1,"","","","","","","","","","","","","","","","","","","","","","","","","","",100,1,"","","","","","","","","","","","",13.,1,"","","","","","","","",9,1,"","","","","","","","","","","","","","","","","","","","","","","","","","","","","","","","",40,1,"","",45,1,9,1,"","",0,1,"","","","","","","","","","","","","","","","","","","","","","","","","","","","","","","","","","","","","","","","","","","","","","","","","","","","","","","","","","","","","",""
"63263001","PUY-DE-DOME-MN",45.775,2.966667,1461,1965070409,"","","","",12.,1,70,1,"","","","","","","","","","","","","","","","","","","","","","","","","","","","",8.8,1,8.8,1,"","","","","","","","","","","","","","","","","","","","","","","","","","",100,1,"","","","","","","","","","","","",11.3,1,"","","","","","","","",8,1,8,1,"","","","","","","","","","","","","","","","","","","","","","","","","","","","","","",40,1,"","",80,1,4,1,"","","","","","","","","","","","","","","","","","","","","","","","","","","","","","","","","","","","","","","","","","","","","","","","","","","","","","","","","","","","","","","","","",""
"63263001","PUY-DE-DOME-MN",45.775,2.966667,1461,1965070412,"","","","",7.,1,70,1,"","","","","","","","","","","","","","","","","","","","","","","","","","","","",10.,1,10.,1,"","","","","","","","","","","","","","","","","","","","","","","","","","",100,1,"","","","","","","","","","","","",12.3,1,"","","","","","","","",9,1,"","","","","","","","","","","","","","","","","","","","","","","","","","","","","","","","",60,1,"","",45,1,8,1,"","","","","","","","","","","","","","","","","","","","","","","","","","","","","","","","","","","","","","","","","","","","","","","","","","","","","","","","","","","","","","","","","",""
"63263001","PUY-DE-DOME-MN",45.775,2.966667,1461,1965070415,"","","","",4.,1,70,1,"","","","","","","","","","","","","","","","","","","","","","","","","","","","",8.2,1,5.3,1,"","","","","","","","","","","","","","","","","","","","","","","","","","",82,1,"","","","","","","","","","","","",9.,1,"","","","","","","","",8,1,8,1,5,1,"","","","","","","","","","","","","","","","","","","","","","","","","","","","",15000,1,"","",61,1,4,1,"","","","","","","","","","","","","","","","","","","","","","","","","","","","","","","","","","","","","","","","","","","","","","","","","","","","","","","","","","","","","","","","","",""
"63263001","PUY-DE-DOME-MN",45.775,2.966667,1461,1965070418,"","","","",8.,1,70,1,"","","","","","","","","","","","","","","","","","","","","","","","","","","","",8.,1,5.8,1,"","","","","","","","","","","","","","","","","","","","","","","","","","",87,1,"","","","","","","","","","","","",9.3,1,"","","","","","","","",8,1,5,1,5,1,7,1,"","","","","","","","","","","","","","","","","","","","","","","","","","",15000,1,"","",3,1,6,1,"","","","","","","","","","","","","","","","","","","","","","","","","","","","","","","","","","","","","","","","","","","","","","","","","","","","","","","","","","","","","","","","","",""
"63263001","PUY-DE-DOME-MN",45.775,2.966667,1461,1965070421,"","","","","","","","","","","","","","","","","","","","","","","","","","","","","","","","","","","","",6.,1,6.,1,"","","","","","","","","","","","","","","","","","","","","","","","","","",100,1,"","","","","","","","","","","","",9.3,1,"","","","","","","","","","","","","","","","","","","","","","","","","","","","","","","","","","","","","","","","","","","","","","","","","","","","","","","","","","","","","","","","","","","","","","","","","","","","","","","","","","","","","","","","","","","","","","","","","","","","","","","","","","","","","","","","","","","",""
"63263001","PUY-DE-DOME-MN",45.775,2.966667,1461,1965070500,"","","","","","","","","","","","","","","","","","","","","","","","","","","","","","","","","","","","",4.9,1,4.9,1,"","","","","","","","","","","","","","","","","","","","","","","","","","",100,1,"","","","","","","","","","","","",8.7,1,"","","","","","","","","","","","","","","","","","","","","","","","","","","","","","","","","","","","","","","","","","","","","","","","","","","","","","","","","","","","","","","","","","","","","","","","","","","","","","","","","","","","","","","","","","","","","","","","","","","","","","","","","","","","","","","","","","","",""
"63263001","PUY-DE-DOME-MN",45.775,2.966667,1461,1965070503,"","","","","","","","","","","","","","","","","","","","","","","","","","","","","","","","","","","","",3.2,1,3.2,1,"","","","","","","","","","","","","","","","","","","","","","","","","","",100,1,"","","","","","","","","","","","",7.7,1,"","","","","","","","","","","","","","","","","","","","","","","","","","","","","","","","","","","","","","","","","","","","","","","","","","","","","","","","","","","","","","","","","","","","","","","","","","","","","","","","","","","","","","","","","","","","","","","","","","","","","","","","","","","","","","","","","","","",""
"63263001","PUY-DE-DOME-MN",45.775,2.966667,1461,1965070506,"","","","",9.,1,350,1,"","","","","","","","","","","","","","","","","","","","","","","","","","","","",2.8,1,2.8,1,"","","","","","","","","","","","","","","","","","","","","","","","","","",100,1,"","","","","","","","","","","","",7.5,1,"","","","","","","","",9,1,"","","","","","","","","","","","","","","","","","","","","","","","","","","","","","","","",40,1,"","",45,1,6,1,"","",0,1,"","","","","","","","","","","","","","","","","","","","","","","","","","","","","","","","","","","","","","","","","","","","","","","","","","","","","","","","","","","","","",""
"63263001","PUY-DE-DOME-MN",45.775,2.966667,1461,1965070509,"","","","",9.,1,350,1,"","","","","","","","","","","","","","","","","","","","","","","","","","","","",3.8,1,1.4,1,"","","","","","","","","","","","","","","","","","","","","","","","","","",85,1,"","","","","","","","","","","","",6.8,1,"","","","","","","","",3,1,0,1,1,1,0,1,0,1,"","","","","","","","","","","","","","","","","","","","","","","","",50000,1,"","",28,1,4,1,"","","","","","","","","","","","","","","","","","","","","","","","","","","","","","","","","","","","","","","","","","","","","","","","","","","","","","","","","","","","","","","","","",""
"63263001","PUY-DE-DOME-MN",45.775,2.966667,1461,1965070512,"","","","",8.,1,350,1,"","","","","","","","","","","","","","","","","","","","","","","","","","","","",6.3,1,0.8,1,"","","","","","","","","","","","","","","","","","","","","","","","","","",68,1,"","","","","","","","","","","","",6.5,1,"","","","","","","","",5,1,5,1,2,1,0,1,0,1,"","","","","","","","","","","","","","","","","","","","","","","","",50000,1,"","",3,1,4,1,"","","","","","","","","","","","","","","","","","","","","","","","","","","","","","","","","","","","","","","","","","","","","","","","","","","","","","","","","","","","","","","","","",""
"63263001","PUY-DE-DOME-MN",45.775,2.966667,1461,1965070515,"","","","",8.,1,350,1,"","","","","","","","","","","","","","","","","","","","","","","","","","","","",6.8,1,0.2,1,"","","","","","","","","","","","","","","","","","","","","","","","","","",63,1,"","","","","","","","","","","","",6.2,1,"","","","","","","","",6,1,6,1,2,1,0,1,0,1,"","","","","","","","","","","","","","","","","","","","","","","","",50000,1,"","",2,1,2,1,"","","","","","","","","","","","","","","","","","","","","","","","","","","","","","","","","","","","","","","","","","","","","","","","","","","","","","","","","","","","","","","","","",""
"63263001","PUY-DE-DOME-MN",45.775,2.966667,1461,1965070518,"","","","",7.,1,350,1,"","","","","","","","","","","","","","","","","","","","","","","","","","","","",6.4,1,1.6,1,"","","","","","","","","","","","","","","","","","","","","","","","","","",72,1,"","","","","","","","","","","","",6.9,1,"","","","","","","","",6,1,6,1,4,1,0,1,0,1,"","","","","","","","","","","","","","","","","","","","","","","","",35000,1,"","",1,1,2,1,"","","","","","","","","","","","","","","","","","","","","","","","","","","","","","","","","","","","","","","","","","","","","","","","","","","","","","","","","","","","","","","","","",""
"63263001","PUY-DE-DOME-MN",45.775,2.966667,1461,1965070521,"","","","","","","","","","","","","","","","","","","","","","","","","","","","","","","","","","","","",5.4,1,1.8,1,"","","","","","","","","","","","","","","","","","","","","","","","","","",78,1,"","","","","","","","","","","","",7.,1,"","","","","","","","","","","","","","","","","","","","","","","","","","","","","","","","","","","","","","","","","","","","","","","","","","","","","","","","","","","","","","","","","","","","","","","","","","","","","","","","","","","","","","","","","","","","","","","","","","","","","","","","","","","","","","","","","","","",""
"63263001","PUY-DE-DOME-MN",45.775,2.966667,1461,1965070600,"","","","","","","","","","","","","","","","","","","","","","","","","","","","","","","","","","","","",5.3,1,1.2,1,"","","","","","","","","","","","","","","","","","","","","","","","","","",75,1,"","","","","","","","","","","","",6.7,1,"","","","","","","","","","","","","","","","","","","","","","","","","","","","","","","","","","","","","","","","","","","","","","","","","","","","","","","","","","","","","","","","","","","","","","","","","","","","","","","","","","","","","","","","","","","","","","","","","","","","","","","","","","","","","","","","","","","",""
"63263001","PUY-DE-DOME-MN",45.775,2.966667,1461,1965070603,"","","","","","","","","","","","","","","","","","","","","","","","","","","","","","","","","","","","",4.8,1,2.,1,"","","","","","","","","","","","","","","","","","","","","","","","","","",83,1,"","","","","","","","","","","","",7.1,1,"","","","","","","","","","","","","","","","","","","","","","","","","","","","","","","","","","","","","","","","","","","","","","","","","","","","","","","","","","","","","","","","","","","","","","","","","","","","","","","","","","","","","","","","","","","","","","","","","","","","","","","","","","","","","","","","","","","",""
"63263001","PUY-DE-DOME-MN",45.775,2.966667,1461,1965070606,"","","","",0.,1,0,1,"","","","","","","","","","","","","","","","","","","","","","","","","","","","",5.1,1,2.,1,"","","","","","","","","","","","","","","","","","","","","","","","","","",81,1,"","","","","","","","","","","","",7.1,1,"","","","","","","","",1,1,0,1,0,1,0,1,2,1,"","","","","","","","","","","","","","","","","","","","","","","","",25000,1,"","",2,1,0,1,"","",0,1,"","","","","","","","","","","","","","","","","","","","","","","","","","","","","","","","","","","","","","","","","","","","","","","","","","","","","","","","","","","","","",""
"63263001","PUY-DE-DOME-MN",45.775,2.966667,1461,1965070609,"","","","",0.,1,0,1,"","","","","","","","","","","","","","","","","","","","","","","","","","","","",9.2,1,2.,1,"","","","","","","","","","","","","","","","","","","","","","","","","","",61,1,"","","","","","","","","","","","",7.1,1,"","","","","","","","",1,1,0,1,1,1,0,1,2,1,"","","","","","","","","","","","","","","","","","","","","","","","",25000,1,"","",3,1,0,1,"","","","","","","","","","","","","","","","","","","","","","","","","","","","","","","","","","","","","","","","","","","","","","","","","","","","","","","","","","","","","","","","","",""
"63263001","PUY-DE-DOME-MN",45.775,2.966667,1461,1965070612,"","","","",3.,1,290,1,"","","","","","","","","","","","","","","","","","","","","","","","","","","","",11.8,1,2.,1,"","","","","","","","","","","","","","","","","","","","","","","","","","",51,1,"","","","","","","","","","","","",7.1,1,"","","","","","","","",1,1,0,1,1,1,0,1,2,1,"","","","","","","","","","","","","","","","","","","","","","","","",25000,1,"","",2,1,0,1,"","","","","","","","","","","","","","","","","","","","","","","","","","","","","","","","","","","","","","","","","","","","","","","","","","","","","","","","","","","","","","","","","",""
"63263001","PUY-DE-DOME-MN",45.775,2.966667,1461,1965070615,"","","","",3.,1,250,1,"","","","","","","","","","","","","","","","","","","","","","","","","","","","",15.2,1,5.3,1,"","","","","","","","","","","","","","","","","","","","","","","","","","",52,1,"","","","","","","","","","","","",9.,1,"","","","","","","","",1,1,0,1,1,1,0,1,1,1,"","","","","","","","","","","","","","","","","","","","","","","","",30000,1,"","",2,1,0,1,"","","","","","","","","","","","","","","","","","","","","","","","","","","","","","","","","","","","","","","","","","","","","","","","","","","","","","","","","","","","","","","","","",""
"63263001","PUY-DE-DOME-MN",45.775,2.966667,1461,1965070618,"","","","",8.,1,270,1,"","","","","","","","","","","","","","","","","","","","","","","","","","","","",13.3,1,-1.6,1,"","","","","","","","","","","","","","","","","","","","","","","","","","",35,1,"","","","","","","","","","","","",5.4,1,"","","","","","","","",1,1,0,1,4,1,0,1,0,1,"","","","","","","","","","","","","","","","","","","","","","","","",50000,1,"","",1,1,0,1,"","","","","","","","","","","","","","","","","","","","","","","","","","","","","","","","","","","","","","","","","","","","","","","","","","","","","","","","","","","","","","","","","",""
"63263001","PUY-DE-DOME-MN",45.775,2.966667,1461,1965070621,"","","","","","","","","","","","","","","","","","","","","","","","","","","","","","","","","","","","",10.8,1,2.4,1,"","","","","","","","","","","","","","","","","","","","","","","","","","",56,1,"","","","","","","","","","","","",7.3,1,"","","","","","","","","","","","","","","","","","","","","","","","","","","","","","","","","","","","","","","","","","","","","","","","","","","","","","","","","","","","","","","","","","","","","","","","","","","","","","","","","","","","","","","","","","","","","","","","","","","","","","","","","","","","","","","","","","","",""
"63263001","PUY-DE-DOME-MN",45.775,2.966667,1461,1965070700,"","","","","","","","","","","","","","","","","","","","","","","","","","","","","","","","","","","","",10.3,1,6.1,1,"","","","","","","","","","","","","","","","","","","","","","","","","","",76,1,"","","","","","","","","","","","",9.5,1,"","","","","","","","","","","","","","","","","","","","","","","","","","","","","","","","","","","","","","","","","","","","","","","","","","","","","","","","","","","","","","","","","","","","","","","","","","","","","","","","","","","","","","","","","","","","","","","","","","","","","","","","","","","","","","","","","","","",""
"63263001","PUY-DE-DOME-MN",45.775,2.966667,1461,1965070703,"","","","","","","","","","","","","","","","","","","","","","","","","","","","","","","","","","","","",12.,1,3.3,1,"","","","","","","","","","","","","","","","","","","","","","","","","","",56,1,"","","","","","","","","","","","",7.8,1,"","","","","","","","","","","","","","","","","","","","","","","","","","","","","","","","","","","","","","","","","","","","","","","","","","","","","","","","","","","","","","","","","","","","","","","","","","","","","","","","","","","","","","","","","","","","","","","","","","","","","","","","","","","","","","","","","","","",""
"63263001","PUY-DE-DOME-MN",45.775,2.966667,1461,1965070706,"","","","",14.,1,270,1,"","","","","","","","","","","","","","","","","","","","","","","","","","","","",12.7,1,2.8,1,"","","","","","","","","","","","","","","","","","","","","","","","","","",51,1,"","","","","","","","","","","","",7.5,1,"","","","","","","","",6,1,6,1,0,1,8,1,0,1,"","","","","","","","","","","","","","","","","","","","","","","","",70000,1,"","",3,1,1,1,"","",0,1,"","","","","","","","","","","","","","","","","","","","","","","","","","","","","","","","","","","","","","","","","","","","","","","","","","","","","","","","","","","","","",""
"63263001","PUY-DE-DOME-MN",45.775,2.966667,1461,1965070709,"","","","",1.,1,230,1,"","","","","","","","","","","","","","","","","","","","","","","","","","","","",13.1,1,4.8,1,"","","","","","","","","","","","","","","","","","","","","","","","","","",58,1,"","","","","","","","","","","","",8.7,1,"","","","","","","","",7,1,7,1,0,1,8,1,"","","","","","","","","","","","","","","","","","","","","","","","","","",70000,1,"","",25,1,2,1,"","","","","","","","","","","","","","","","","","","","","","","","","","","","","","","","","","","","","","","","","","","","","","","","","","","","","","","","","","","","","","","","","",""
"63263001","PUY-DE-DOME-MN",45.775,2.966667,1461,1965070712,"","","","",6.,1,210,1,"","","","","","","","","","","","","","","","","","","","","","","","","","","","",13.8,1,9.,1,"","","","","","","","","","","","","","","","","","","","","","","","","","",74,1,"","","","","","","","","","","","",11.7,1,"","","","","","","","",7,1,5,1,2,1,8,1,6,1,"","","","","","","","","","","","","","","","","","","","","","","","",50000,1,"","",15,1,8,1,"","","","","","","","","","","","","","","","","","","","","","","","","","","","","","","","","","","","","","","","","","","","","","","","","","","","","","","","","","","","","","","","","",""
"63263001","PUY-DE-DOME-MN",45.775,2.966667,1461,1965070715,"","","","",17.,1,270,1,"","","","","","","","","","","","","","","","","","","","","","","","","","","","",13.2,1,11.5,1,"","","","","","","","","","","","","","","","","","","","","","","","","","",91,1,"","","","","","","","","","","","",13.9,1,"","","","","","","","",8,1,8,1,2,1,"","","","","","","","","","","","","","","","","","","","","","","","","","","","",20000,1,"","",25,1,2,1,"","","","","","","","","","","","","","","","","","","","","","","","","","","","","","","","","","","","","","","","","","","","","","","","","","","","","","","","","","","","","","","","","",""
"63263001","PUY-DE-DOME-MN",45.775,2.966667,1461,1965070718,"","","","",12.,1,270,1,"","","","","","","","","","","","","","","","","","","","","","","","","","","","",12.,1,10.4,1,"","","","","","","","","","","","","","","","","","","","","","","","","","",92,1,"","","","","","","","","","","","",12.9,1,"","","","","","","","",8,1,8,1,2,1,"","","","","","","","","","","","","","","","","","","","","","","","","","","","",15000,1,"","",3,1,8,1,"","","","","","","","","","","","","","","","","","","","","","","","","","","","","","","","","","","","","","","","","","","","","","","","","","","","","","","","","","","","","","","","","",""
"63263001","PUY-DE-DOME-MN",45.775,2.966667,1461,1965070721,"","","","","","","","","","","","","","","","","","","","","","","","","","","","","","","","","","","","",8.8,1,8.8,1,"","","","","","","","","","","","","","","","","","","","","","","","","","",100,1,"","","","","","","","","","","","",11.3,1,"","","","","","","","","","","","","","","","","","","","","","","","","","","","","","","","","","","","","","","","","","","","","","","","","","","","","","","","","","","","","","","","","","","","","","","","","","","","","","","","","","","","","","","","","","","","","","","","","","","","","","","","","","","","","","","","","","","",""
"63263001","PUY-DE-DOME-MN",45.775,2.966667,1461,1965070800,"","","","","","","","","","","","","","","","","","","","","","","","","","","","","","","","","","","","",7.2,1,7.2,1,"","","","","","","","","","","","","","","","","","","","","","","","","","",100,1,"","","","","","","","","","","","",10.2,1,"","","","","","","","","","","","","","","","","","","","","","","","","","","","","","","","","","","","","","","","","","","","","","","","","","","","","","","","","","","","","","","","","","","","","","","","","","","","","","","","","","","","","","","","","","","","","","","","","","","","","","","","","","","","","","","","","","","",""
"63263001","PUY-DE-DOME-MN",45.775,2.966667,1461,1965070803,"","","","","","","","","","","","","","","","","","","","","","","","","","","","","","","","","","","","",6.,1,6.,1,"","","","","","","","","","","","","","","","","","","","","","","","","","",100,1,"","","","","","","","","","","","",9.3,1,"","","","","","","","","","","","","","","","","","","","","","","","","","","","","","","","","","","","","","","","","","","","","","","","","","","","","","","","","","","","","","","","","","","","","","","","","","","","","","","","","","","","","","","","","","","","","","","","","","","","","","","","","","","","","","","","","","","",""
"63263001","PUY-DE-DOME-MN",45.775,2.966667,1461,1965070806,"","","","",22.,1,270,1,"","","","","","","","","","","","","","","","","","","","","","","","","","","","",3.7,1,3.7,1,"","","","","","","","","","","","","","","","","","","","","","","","","","",100,1,"","","","","","","","","","","","",8.,1,"","","","","","","","",9,1,"","","","","","","","","","","","","","","","","","","","","","","","","","","","","","","","",40,1,"","",45,1,8,1,"","",0,1,"","","","","","","","","","","","","","","","","","","","","","","","","","","","","","","","","","","","","","","","","","","","","","","","","","","","","","","","","","","","","",""
"63263001","PUY-DE-DOME-MN",45.775,2.966667,1461,1965070809,"","","","",20.,1,270,1,"","","","","","","","","","","","","","","","","","","","","","","","","","","","",4.2,1,4.2,1,"","","","","","","","","","","","","","","","","","","","","","","","","","",100,1,"","","","","","","","","","","","",8.3,1,"","","","","","","","",9,1,"","","","","","","","","","","","","","","","","","","","","","","","","","","","","","","","",40,1,"","",45,1,4,1,"","","","","","","","","","","","","","","","","","","","","","","","","","","","","","","","","","","","","","","","","","","","","","","","","","","","","","","","","","","","","","","","","",""
"63263001","PUY-DE-DOME-MN",45.775,2.966667,1461,1965070812,"","","","",18.,1,290,1,"","","","","","","","","","","","","","","","","","","","","","","","","","","","",5.4,1,5.4,1,"","","","","","","","","","","","","","","","","","","","","","","","","","",100,1,"","","","","","","","","","","","",9.,1,"","","","","","","","",9,1,"","","","","","","","","","","","","","","","","","","","","","","","","","","","","","","","",40,1,"","",45,1,8,1,"","","","","","","","","","","","","","","","","","","","","","","","","","","","","","","","","","","","","","","","","","","","","","","","","","","","","","","","","","","","","","","","","",""
"63263001","PUY-DE-DOME-MN",45.775,2.966667,1461,1965070815,"","","","",16.,1,310,1,"","","","","","","","","","","","","","","","","","","","","","","","","","","","",6.8,1,6.1,1,"","","","","","","","","","","","","","","","","","","","","","","","","","",96,1,"","","","","","","","","","","","",9.5,1,"","","","","","","","",6,1,6,1,2,1,0,1,0,1,"","","","","","","","","","","","","","","","","","","","","","","","",60000,1,"","",2,1,8,1,"","","","","","","","","","","","","","","","","","","","","","","","","","","","","","","","","","","","","","","","","","","","","","","","","","","","","","","","","","","","","","","","","",""
"63263001","PUY-DE-DOME-MN",45.775,2.966667,1461,1965070818,"","","","",15.,1,310,1,"","","","","","","","","","","","","","","","","","","","","","","","","","","","",6.,1,6.,1,"","","","","","","","","","","","","","","","","","","","","","","","","","",100,1,"","","","","","","","","","","","",9.3,1,"","","","","","","","",9,1,"","","","","","","","","","","","","","","","","","","","","","","","","","","","","","","","",40,1,"","",45,1,8,1,"","","","","","","","","","","","","","","","","","","","","","","","","","","","","","","","","","","","","","","","","","","","","","","","","","","","","","","","","","","","","","","","","",""
"63263001","PUY-DE-DOME-MN",45.775,2.966667,1461,1965070821,"","","","","","","","","","","","","","","","","","","","","","","","","","","","","","","","","","","","",5.2,1,5.2,1,"","","","","","","","","","","","","","","","","","","","","","","","","","",100,1,"","","","","","","","","","","","",8.9,1,"","","","","","","","","","","","","","","","","","","","","","","","","","","","","","","","","","","","","","","","","","","","","","","","","","","","","","","","","","","","","","","","","","","","","","","","","","","","","","","","","","","","","","","","","","","","","","","","","","","","","","","","","","","","","","","","","","","",""
"63263001","PUY-DE-DOME-MN",45.775,2.966667,1461,1965070900,"","","","","","","","","","","","","","","","","","","","","","","","","","","","","","","","","","","","",4.4,1,4.4,1,"","","","","","","","","","","","","","","","","","","","","","","","","","",100,1,"","","","","","","","","","","","",8.4,1,"","","","","","","","","","","","","","","","","","","","","","","","","","","","","","","","","","","","","","","","","","","","","","","","","","","","","","","","","","","","","","","","","","","","","","","","","","","","","","","","","","","","","","","","","","","","","","","","","","","","","","","","","","","","","","","","","","","",""
"63263001","PUY-DE-DOME-MN",45.775,2.966667,1461,1965070903,"","","","","","","","","","","","","","","","","","","","","","","","","","","","","","","","","","","","",3.3,1,3.3,1,"","","","","","","","","","","","","","","","","","","","","","","","","","",100,1,"","","","","","","","","","","","",7.7,1,"","","","","","","","","","","","","","","","","","","","","","","","","","","","","","","","","","","","","","","","","","","","","","","","","","","","","","","","","","","","","","","","","","","","","","","","","","","","","","","","","","","","","","","","","","","","","","","","","","","","","","","","","","","","","","","","","","","",""
"63263001","PUY-DE-DOME-MN",45.775,2.966667,1461,1965070906,"","","","",17.,1,310,1,"","","","","","","","","","","","","","","","","","","","","","","","","","","","",2.4,1,2.4,1,"","","","","","","","","","","","","","","","","","","","","","","","","","",100,1,"","","","","","","","","","","","",7.3,1,"","","","","","","","",9,1,"","","","","","","","","","","","","","","","","","","","","","","","","","","","","","","","",40,1,"","",45,1,6,1,"","",0,1,"","","","","","","","","","","","","","","","","","","","","","","","","","","","","","","","","","","","","","","","","","","","","","","","","","","","","","","","","","","","","",""
"63263001","PUY-DE-DOME-MN",45.775,2.966667,1461,1965070909,"","","","",14.,1,310,1,"","","","","","","","","","","","","","","","","","","","","","","","","","","","",3.6,1,3.1,1,"","","","","","","","","","","","","","","","","","","","","","","","","","",97,1,"","","","","","","","","","","","",7.7,1,"","","","","","","","",4,1,0,1,1,1,0,1,0,1,"","","","","","","","","","","","","","","","","","","","","","","","",60000,1,"","",3,1,4,1,"","","","","","","","","","","","","","","","","","","","","","","","","","","","","","","","","","","","","","","","","","","","","","","","","","","","","","","","","","","","","","","","","",""
"63263001","PUY-DE-DOME-MN",45.775,2.966667,1461,1965070912,"","","","",9.,1,290,1,"","","","","","","","","","","","","","","","","","","","","","","","","","","","",7.1,1,4.2,1,"","","","","","","","","","","","","","","","","","","","","","","","","","",82,1,"","","","","","","","","","","","",8.3,1,"","","","","","","","",4,1,0,1,2,1,0,1,0,1,"","","","","","","","","","","","","","","","","","","","","","","","",60000,1,"","",2,1,4,1,"","","","","","","","","","","","","","","","","","","","","","","","","","","","","","","","","","","","","","","","","","","","","","","","","","","","","","","","","","","","","","","","","",""
"63263001","PUY-DE-DOME-MN",45.775,2.966667,1461,1965070915,"","","","",8.,1,310,1,"","","","","","","","","","","","","","","","","","","","","","","","","","","","",7.4,1,3.1,1,"","","","","","","","","","","","","","","","","","","","","","","","","","",75,1,"","","","","","","","","","","","",7.7,1,"","","","","","","","",5,1,5,1,2,1,0,1,2,1,"","","","","","","","","","","","","","","","","","","","","","","","",60000,1,"","",3,1,0,1,"","","","","","","","","","","","","","","","","","","","","","","","","","","","","","","","","","","","","","","","","","","","","","","","","","","","","","","","","","","","","","","","","",""
"63263001","PUY-DE-DOME-MN",45.775,2.966667,1461,1965070918,"","","","",10.,1,310,1,"","","","","","","","","","","","","","","","","","","","","","","","","","","","",6.9,1,3.7,1,"","","","","","","","","","","","","","","","","","","","","","","","","","",80,1,"","","","","","","","","","","","",8.,1,"","","","","","","","",3,1,0,1,2,1,0,1,2,1,"","","","","","","","","","","","","","","","","","","","","","","","",60000,1,"","",1,1,2,1,"","","","","","","","","","","","","","","","","","","","","","","","","","","","","","","","","","","","","","","","","","","","","","","","","","","","","","","","","","","","","","","","","",""
"63263001","PUY-DE-DOME-MN",45.775,2.966667,1461,1965070921,"","","","","","","","","","","","","","","","","","","","","","","","","","","","","","","","","","","","",5.2,1,3.5,1,"","","","","","","","","","","","","","","","","","","","","","","","","","",89,1,"","","","","","","","","","","","",7.9,1,"","","","","","","","","","","","","","","","","","","","","","","","","","","","","","","","","","","","","","","","","","","","","","","","","","","","","","","","","","","","","","","","","","","","","","","","","","","","","","","","","","","","","","","","","","","","","","","","","","","","","","","","","","","","","","","","","","","",""
"63263001","PUY-DE-DOME-MN",45.775,2.966667,1461,1965071000,"","","","","","","","","","","","","","","","","","","","","","","","","","","","","","","","","","","","",4.5,1,3.5,1,"","","","","","","","","","","","","","","","","","","","","","","","","","",94,1,"","","","","","","","","","","","",7.9,1,"","","","","","","","","","","","","","","","","","","","","","","","","","","","","","","","","","","","","","","","","","","","","","","","","","","","","","","","","","","","","","","","","","","","","","","","","","","","","","","","","","","","","","","","","","","","","","","","","","","","","","","","","","","","","","","","","","","",""
"63263001","PUY-DE-DOME-MN",45.775,2.966667,1461,1965071003,"","","","","","","","","","","","","","","","","","","","","","","","","","","","","","","","","","","","",3.9,1,2.4,1,"","","","","","","","","","","","","","","","","","","","","","","","","","",90,1,"","","","","","","","","","","","",7.3,1,"","","","","","","","","","","","","","","","","","","","","","","","","","","","","","","","","","","","","","","","","","","","","","","","","","","","","","","","","","","","","","","","","","","","","","","","","","","","","","","","","","","","","","","","","","","","","","","","","","","","","","","","","","","","","","","","","","","",""
"63263001","PUY-DE-DOME-MN",45.775,2.966667,1461,1965071006,"","","","",3.,1,330,1,"","","","","","","","","","","","","","","","","","","","","","","","","","","","",4.,1,4.,1,"","","","","","","","","","","","","","","","","","","","","","","","","","",100,1,"","","","","","","","","","","","",8.1,1,"","","","","","","","",9,1,"","","","","","","","","","","","","","","","","","","","","","","","","","","","","","","","",40,1,"","",45,1,4,1,"","",0,1,"","","","","","","","","","","","","","","","","","","","","","","","","","","","","","","","","","","","","","","","","","","","","","","","","","","","","","","","","","","","","",""
"63263001","PUY-DE-DOME-MN",45.775,2.966667,1461,1965071009,"","","","",4.,1,310,1,"","","","","","","","","","","","","","","","","","","","","","","","","","","","",5.3,1,2.6,1,"","","","","","","","","","","","","","","","","","","","","","","","","","",83,1,"","","","","","","","","","","","",7.4,1,"","","","","","","","",6,1,5,1,8,1,0,1,0,1,"","","","","","","","","","","","","","","","","","","","","","","","",30000,1,"","",28,1,4,1,"","","","","","","","","","","","","","","","","","","","","","","","","","","","","","","","","","","","","","","","","","","","","","","","","","","","","","","","","","","","","","","","","",""
"63263001","PUY-DE-DOME-MN",45.775,2.966667,1461,1965071012,"","","","",5.,1,310,1,"","","","","","","","","","","","","","","","","","","","","","","","","","","","",8.,1,2.4,1,"","","","","","","","","","","","","","","","","","","","","","","","","","",68,1,"","","","","","","","","","","","",7.3,1,"","","","","","","","",6,1,6,1,2,1,0,1,0,1,"","","","","","","","","","","","","","","","","","","","","","","","",40000,1,"","",3,1,4,1,"","","","","","","","","","","","","","","","","","","","","","","","","","","","","","","","","","","","","","","","","","","","","","","","","","","","","","","","","","","","","","","","","",""
"63263001","PUY-DE-DOME-MN",45.775,2.966667,1461,1965071015,"","","","",2.,1,310,1,"","","","","","","","","","","","","","","","","","","","","","","","","","","","",9.,1,3.1,1,"","","","","","","","","","","","","","","","","","","","","","","","","","",67,1,"","","","","","","","","","","","",7.7,1,"","","","","","","","",6,1,6,1,2,1,0,1,0,1,"","","","","","","","","","","","","","","","","","","","","","","","",45000,1,"","",2,1,2,1,"","","","","","","","","","","","","","","","","","","","","","","","","","","","","","","","","","","","","","","","","","","","","","","","","","","","","","","","","","","","","","","","","",""
"63263001","PUY-DE-DOME-MN",45.775,2.966667,1461,1965071018,"","","","",4.,1,330,1,"","","","","","","","","","","","","","","","","","","","","","","","","","","","",8.5,1,5.3,1,"","","","","","","","","","","","","","","","","","","","","","","","","","",81,1,"","","","","","","","","","","","",9.,1,"","","","","","","","",5,1,0,1,4,1,0,1,0,1,"","","","","","","","","","","","","","","","","","","","","","","","",45000,1,"","",1,1,2,1,"","","","","","","","","","","","","","","","","","","","","","","","","","","","","","","","","","","","","","","","","","","","","","","","","","","","","","","","","","","","","","","","","",""
"63263001","PUY-DE-DOME-MN",45.775,2.966667,1461,1965071021,"","","","","","","","","","","","","","","","","","","","","","","","","","","","","","","","","","","","",7.1,1,4.7,1,"","","","","","","","","","","","","","","","","","","","","","","","","","",85,1,"","","","","","","","","","","","",8.6,1,"","","","","","","","","","","","","","","","","","","","","","","","","","","","","","","","","","","","","","","","","","","","","","","","","","","","","","","","","","","","","","","","","","","","","","","","","","","","","","","","","","","","","","","","","","","","","","","","","","","","","","","","","","","","","","","","","","","",""
"63263001","PUY-DE-DOME-MN",45.775,2.966667,1461,1965071100,"","","","","","","","","","","","","","","","","","","","","","","","","","","","","","","","","","","","",6.9,1,3.7,1,"","","","","","","","","","","","","","","","","","","","","","","","","","",80,1,"","","","","","","","","","","","",8.,1,"","","","","","","","","","","","","","","","","","","","","","","","","","","","","","","","","","","","","","","","","","","","","","","","","","","","","","","","","","","","","","","","","","","","","","","","","","","","","","","","","","","","","","","","","","","","","","","","","","","","","","","","","","","","","","","","","","","",""
"63263001","PUY-DE-DOME-MN",45.775,2.966667,1461,1965071103,"","","","","","","","","","","","","","","","","","","","","","","","","","","","","","","","","","","","",6.2,1,4.,1,"","","","","","","","","","","","","","","","","","","","","","","","","","",86,1,"","","","","","","","","","","","",8.2,1,"","","","","","","","","","","","","","","","","","","","","","","","","","","","","","","","","","","","","","","","","","","","","","","","","","","","","","","","","","","","","","","","","","","","","","","","","","","","","","","","","","","","","","","","","","","","","","","","","","","","","","","","","","","","","","","","","","","",""
"63263001","PUY-DE-DOME-MN",45.775,2.966667,1461,1965071106,"","","","",0.,1,0,1,"","","","","","","","","","","","","","","","","","","","","","","","","","","","",6.8,1,5.,1,"","","","","","","","","","","","","","","","","","","","","","","","","","",89,1,"","","","","","","","","","","","",8.8,1,"","","","","","","","",3,1,0,1,0,1,4,1,2,1,"","","","","","","","","","","","","","","","","","","","","","","","",80000,1,"","",0,1,"","","","",0,1,"","","","","","","","","","","","","","","","","","","","","","","","","","","","","","","","","","","","","","","","","","","","","","","","","","","","","","","","","","","","","",""
"63263001","PUY-DE-DOME-MN",45.775,2.966667,1461,1965071109,"","","","",0.,1,0,1,"","","","","","","","","","","","","","","","","","","","","","","","","","","","",10.6,1,6.6,1,"","","","","","","","","","","","","","","","","","","","","","","","","","",77,1,"","","","","","","","","","","","",9.9,1,"","","","","","","","",4,1,0,1,1,1,0,1,2,1,"","","","","","","","","","","","","","","","","","","","","","","","",70000,1,"","",3,1,0,1,"","","","","","","","","","","","","","","","","","","","","","","","","","","","","","","","","","","","","","","","","","","","","","","","","","","","","","","","","","","","","","","","","",""
"63263001","PUY-DE-DOME-MN",45.775,2.966667,1461,1965071112,"","","","",0.,1,0,1,"","","","","","","","","","","","","","","","","","","","","","","","","","","","",13.8,1,9.,1,"","","","","","","","","","","","","","","","","","","","","","","","","","",74,1,"","","","","","","","","","","","",11.7,1,"","","","","","","","",3,1,0,1,1,1,0,1,2,1,"","","","","","","","","","","","","","","","","","","","","","","","",70000,1,"","",2,1,0,1,"","","","","","","","","","","","","","","","","","","","","","","","","","","","","","","","","","","","","","","","","","","","","","","","","","","","","","","","","","","","","","","","","",""
"63263001","PUY-DE-DOME-MN",45.775,2.966667,1461,1965071115,"","","","",3.,1,310,1,"","","","","","","","","","","","","","","","","","","","","","","","","","","","",15.1,1,8.1,1,"","","","","","","","","","","","","","","","","","","","","","","","","","",64,1,"","","","","","","","","","","","",11.,1,"","","","","","","","",2,1,0,1,1,1,0,1,2,1,"","","","","","","","","","","","","","","","","","","","","","","","",70000,1,"","",3,1,0,1,"","","","","","","","","","","","","","","","","","","","","","","","","","","","","","","","","","","","","","","","","","","","","","","","","","","","","","","","","","","","","","","","","",""
"63263001","PUY-DE-DOME-MN",45.775,2.966667,1461,1965071118,"","","","",3.,1,310,1,"","","","","","","","","","","","","","","","","","","","","","","","","","","","",14.6,1,8.9,1,"","","","","","","","","","","","","","","","","","","","","","","","","","",70,1,"","","","","","","","","","","","",11.6,1,"","","","","","","","",2,1,0,1,4,1,0,1,2,1,"","","","","","","","","","","","","","","","","","","","","","","","",70000,1,"","",1,1,0,1,"","","","","","","","","","","","","","","","","","","","","","","","","","","","","","","","","","","","","","","","","","","","","","","","","","","","","","","","","","","","","","","","","",""
"63263001","PUY-DE-DOME-MN",45.775,2.966667,1461,1965071121,"","","","","","","","","","","","","","","","","","","","","","","","","","","","","","","","","","","","",11.8,1,8.9,1,"","","","","","","","","","","","","","","","","","","","","","","","","","",84,1,"","","","","","","","","","","","",11.6,1,"","","","","","","","","","","","","","","","","","","","","","","","","","","","","","","","","","","","","","","","","","","","","","","","","","","","","","","","","","","","","","","","","","","","","","","","","","","","","","","","","","","","","","","","","","","","","","","","","","","","","","","","","","","","","","","","","","","",""
"63263001","PUY-DE-DOME-MN",45.775,2.966667,1461,1965071200,"","","","","","","","","","","","","","","","","","","","","","","","","","","","","","","","","","","","",11.6,1,9.2,1,"","","","","","","","","","","","","","","","","","","","","","","","","","",87,1,"","","","","","","","","","","","",11.8,1,"","","","","","","","","","","","","","","","","","","","","","","","","","","","","","","","","","","","","","","","","","","","","","","","","","","","","","","","","","","","","","","","","","","","","","","","","","","","","","","","","","","","","","","","","","","","","","","","","","","","","","","","","","","","","","","","","","","",""
"63263001","PUY-DE-DOME-MN",45.775,2.966667,1461,1965071203,"","","","","","","","","","","","","","","","","","","","","","","","","","","","","","","","","","","","",11.7,1,8.4,1,"","","","","","","","","","","","","","","","","","","","","","","","","","",82,1,"","","","","","","","","","","","",11.2,1,"","","","","","","","","","","","","","","","","","","","","","","","","","","","","","","","","","","","","","","","","","","","","","","","","","","","","","","","","","","","","","","","","","","","","","","","","","","","","","","","","","","","","","","","","","","","","","","","","","","","","","","","","","","","","","","","","","","",""
"63263001","PUY-DE-DOME-MN",45.775,2.966667,1461,1965071206,"","","","",5.,1,310,1,"","","","","","","","","","","","","","","","","","","","","","","","","","","","",12.1,1,3.5,1,"","","","","","","","","","","","","","","","","","","","","","","","","","",56,1,"","","","","","","","","","","","",7.9,1,"","","","","","","","",1,1,0,1,0,1,0,1,2,1,"","","","","","","","","","","","","","","","","","","","","","","","",99990,1,"","",0,1,"","","","",0,1,"","","","","","","","","","","","","","","","","","","","","","","","","","","","","","","","","","","","","","","","","","","","","","","","","","","","","","","","","","","","","",""
"63263001","PUY-DE-DOME-MN",45.775,2.966667,1461,1965071209,"","","","",0.,1,0,1,"","","","","","","","","","","","","","","","","","","","","","","","","","","","",16.,1,8.3,1,"","","","","","","","","","","","","","","","","","","","","","","","","","",61,1,"","","","","","","","","","","","",11.1,1,"","","","","","","","",1,1,0,1,0,1,0,1,2,1,"","","","","","","","","","","","","","","","","","","","","","","","",99990,1,"","",2,1,0,1,"","","","","","","","","","","","","","","","","","","","","","","","","","","","","","","","","","","","","","","","","","","","","","","","","","","","","","","","","","","","","","","","","",""
"63263001","PUY-DE-DOME-MN",45.775,2.966667,1461,1965071212,"","","","",0.,1,0,1,"","","","","","","","","","","","","","","","","","","","","","","","","","","","",17.9,1,10.2,1,"","","","","","","","","","","","","","","","","","","","","","","","","","",62,1,"","","","","","","","","","","","",12.7,1,"","","","","","","","",1,1,0,1,1,1,0,1,2,1,"","","","","","","","","","","","","","","","","","","","","","","","",99990,1,"","",2,1,0,1,"","","","","","","","","","","","","","","","","","","","","","","","","","","","","","","","","","","","","","","","","","","","","","","","","","","","","","","","","","","","","","","","","",""
"63263001","PUY-DE-DOME-MN",45.775,2.966667,1461,1965071215,"","","","",3.,1,270,1,"","","","","","","","","","","","","","","","","","","","","","","","","","","","",20.2,1,6.8,1,"","","","","","","","","","","","","","","","","","","","","","","","","","",43,1,"","","","","","","","","","","","",10.,1,"","","","","","","","",1,1,0,1,1,1,0,1,0,1,"","","","","","","","","","","","","","","","","","","","","","","","",99990,1,"","",2,1,0,1,"","","","","","","","","","","","","","","","","","","","","","","","","","","","","","","","","","","","","","","","","","","","","","","","","","","","","","","","","","","","","","","","","",""
"63263001","PUY-DE-DOME-MN",45.775,2.966667,1461,1965071218,"","","","",3.,1,270,1,"","","","","","","","","","","","","","","","","","","","","","","","","","","","",19.6,1,9.6,1,"","","","","","","","","","","","","","","","","","","","","","","","","","",54,1,"","","","","","","","","","","","",12.2,1,"","","","","","","","",1,1,0,1,1,1,0,1,0,1,"","","","","","","","","","","","","","","","","","","","","","","","",99990,1,"","",2,1,0,1,"","","","","","","","","","","","","","","","","","","","","","","","","","","","","","","","","","","","","","","","","","","","","","","","","","","","","","","","","","","","","","","","","",""
"63263001","PUY-DE-DOME-MN",45.775,2.966667,1461,1965071221,"","","","","","","","","","","","","","","","","","","","","","","","","","","","","","","","","","","","",17.4,1,11.,1,"","","","","","","","","","","","","","","","","","","","","","","","","","",68,1,"","","","","","","","","","","","",13.4,1,"","","","","","","","","","","","","","","","","","","","","","","","","","","","","","","","","","","","","","","","","","","","","","","","","","","","","","","","","","","","","","","","","","","","","","","","","","","","","","","","","","","","","","","","","","","","","","","","","","","","","","","","","","","","","","","","","","","",""
"63263001","PUY-DE-DOME-MN",45.775,2.966667,1461,1965071300,"","","","","","","","","","","","","","","","","","","","","","","","","","","","","","","","","","","","",17.9,1,10.6,1,"","","","","","","","","","","","","","","","","","","","","","","","","","",63,1,"","","","","","","","","","","","",13.,1,"","","","","","","","","","","","","","","","","","","","","","","","","","","","","","","","","","","","","","","","","","","","","","","","","","","","","","","","","","","","","","","","","","","","","","","","","","","","","","","","","","","","","","","","","","","","","","","","","","","","","","","","","","","","","","","","","","","",""
"63263001","PUY-DE-DOME-MN",45.775,2.966667,1461,1965071303,"","","","","","","","","","","","","","","","","","","","","","","","","","","","","","","","","","","","",18.1,1,5.6,1,"","","","","","","","","","","","","","","","","","","","","","","","","","",44,1,"","","","","","","","","","","","",9.2,1,"","","","","","","","","","","","","","","","","","","","","","","","","","","","","","","","","","","","","","","","","","","","","","","","","","","","","","","","","","","","","","","","","","","","","","","","","","","","","","","","","","","","","","","","","","","","","","","","","","","","","","","","","","","","","","","","","","","",""
"63263001","PUY-DE-DOME-MN",45.775,2.966667,1461,1965071306,"","","","",17.,1,270,1,"","","","","","","","","","","","","","","","","","","","","","","","","","","","",13.8,1,5.,1,"","","","","","","","","","","","","","","","","","","","","","","","","","",56,1,"","","","","","","","","","","","",8.8,1,"","","","","","","","",4,1,0,1,0,1,8,1,2,1,"","","","","","","","","","","","","","","","","","","","","","","","",60000,1,"","",0,1,"","","","",0,1,"","","","","","","","","","","","","","","","","","","","","","","","","","","","","","","","","","","","","","","","","","","","","","","","","","","","","","","","","","","","","",""
"63263001","PUY-DE-DOME-MN",45.775,2.966667,1461,1965071309,"","","","",0.,1,0,1,"","","","","","","","","","","","","","","","","","","","","","","","","","","","",17.6,1,12.8,1,"","","","","","","","","","","","","","","","","","","","","","","","","","",75,1,"","","","","","","","","","","","",15.1,1,"","","","","","","","",6,1,5,1,0,1,9,1,2,1,"","","","","","","","","","","","","","","","","","","","","","","","",25000,1,"","",3,1,1,1,"","","","","","","","","","","","","","","","","","","","","","","","","","","","","","","","","","","","","","","","","","","","","","","","","","","","","","","","","","","","","","","","","",""
"63263001","PUY-DE-DOME-MN",45.775,2.966667,1461,1965071312,"","","","",5.,1,170,1,"","","","","","","","","","","","","","","","","","","","","","","","","","","","",19.8,1,11.4,1,"","","","","","","","","","","","","","","","","","","","","","","","","","",60,1,"","","","","","","","","","","","",13.8,1,"","","","","","","","",2,1,0,1,2,1,9,1,0,1,"","","","","","","","","","","","","","","","","","","","","","","","",40000,1,"","",2,1,1,1,"","","","","","","","","","","","","","","","","","","","","","","","","","","","","","","","","","","","","","","","","","","","","","","","","","","","","","","","","","","","","","","","","",""
"63263001","PUY-DE-DOME-MN",45.775,2.966667,1461,1965071315,"","","","",4.,1,270,1,"","","","","","","","","","","","","","","","","","","","","","","","","","","","",21.9,1,8.1,1,"","","","","","","","","","","","","","","","","","","","","","","","","","",42,1,"","","","","","","","","","","","",11.,1,"","","","","","","","",2,1,0,1,2,1,0,1,2,1,"","","","","","","","","","","","","","","","","","","","","","","","",40000,1,"","",1,1,0,1,"","","","","","","","","","","","","","","","","","","","","","","","","","","","","","","","","","","","","","","","","","","","","","","","","","","","","","","","","","","","","","","","","",""
"63263001","PUY-DE-DOME-MN",45.775,2.966667,1461,1965071318,"","","","",5.,1,270,1,"","","","","","","","","","","","","","","","","","","","","","","","","","","","",20.,1,7.6,1,"","","","","","","","","","","","","","","","","","","","","","","","","","",45,1,"","","","","","","","","","","","",10.6,1,"","","","","","","","",1,1,0,1,9,1,8,1,3,1,"","","","","","","","","","","","","","","","","","","","","","","","",40000,1,"","",3,1,0,1,"","","","","","","","","","","","","","","","","","","","","","","","","","","","","","","","","","","","","","","","","","","","","","","","","","","","","","","","","","","","","","","","","",""
"63263001","PUY-DE-DOME-MN",45.775,2.966667,1461,1965071321,"","","","","","","","","","","","","","","","","","","","","","","","","","","","","","","","","","","","",17.3,1,13.8,1,"","","","","","","","","","","","","","","","","","","","","","","","","","",82,1,"","","","","","","","","","","","",16.2,1,"","","","","","","","","","","","","","","","","","","","","","","","","","","","","","","","","","","","","","","","","","","","","","","","","","","","","","","","","","","","","","","","","","","","","","","","","","","","","","","","","","","","","","","","","","","","","","","","","","","","","","","","","","","","","","","","","","","",""
"63263001","PUY-DE-DOME-MN",45.775,2.966667,1461,1965071400,"","","","","","","","","","","","","","","","","","","","","","","","","","","","","","","","","","","","",17.3,1,10.9,1,"","","","","","","","","","","","","","","","","","","","","","","","","","",68,1,"","","","","","","","","","","","",13.3,1,"","","","","","","","","","","","","","","","","","","","","","","","","","","","","","","","","","","","","","","","","","","","","","","","","","","","","","","","","","","","","","","","","","","","","","","","","","","","","","","","","","","","","","","","","","","","","","","","","","","","","","","","","","","","","","","","","","","",""
"63263001","PUY-DE-DOME-MN",45.775,2.966667,1461,1965071403,"","","","","","","","","","","","","","","","","","","","","","","","","","","","","","","","","","","","",15.1,1,3.7,1,"","","","","","","","","","","","","","","","","","","","","","","","","","",47,1,"","","","","","","","","","","","",8.,1,"","","","","","","","","","","","","","","","","","","","","","","","","","","","","","","","","","","","","","","","","","","","","","","","","","","","","","","","","","","","","","","","","","","","","","","","","","","","","","","","","","","","","","","","","","","","","","","","","","","","","","","","","","","","","","","","","","","",""
"63263001","PUY-DE-DOME-MN",45.775,2.966667,1461,1965071406,"","","","",12.,1,290,1,"","","","","","","","","","","","","","","","","","","","","","","","","","","","",12.2,1,5.,1,"","","","","","","","","","","","","","","","","","","","","","","","","","",62,1,"","","","","","","","","","","","",8.8,1,"","","","","","","","",6,1,5,1,0,1,9,1,2,1,"","","","","","","","","","","","","","","","","","","","","","","","",40000,1,"","",0,1,"","","","",0,1,"","","","","","","","","","","","","","","","","","","","","","","","","","","","","","","","","","","","","","","","","","","","","","","","","","","","","","","","","","","","","",""
"63263001","PUY-DE-DOME-MN",45.775,2.966667,1461,1965071409,"","","","",6.,1,170,1,"","","","","","","","","","","","","","","","","","","","","","","","","","","","",13.7,1,8.8,1,"","","","","","","","","","","","","","","","","","","","","","","","","","",73,1,"","","","","","","","","","","","",11.5,1,"","","","","","","","",5,1,0,1,9,1,8,1,3,1,"","","","","","","","","","","","","","","","","","","","","","","","",25000,1,"","",1,1,2,1,"","","","","","","","","","","","","","","","","","","","","","","","","","","","","","","","","","","","","","","","","","","","","","","","","","","","","","","","","","","","","","","","","",""
"63263001","PUY-DE-DOME-MN",45.775,2.966667,1461,1965071412,"","","","",3.,1,170,1,"","","","","","","","","","","","","","","","","","","","","","","","","","","","",19.4,1,9.9,1,"","","","","","","","","","","","","","","","","","","","","","","","","","",55,1,"","","","","","","","","","","","",12.4,1,"","","","","","","","",6,1,0,1,2,1,8,1,2,1,"","","","","","","","","","","","","","","","","","","","","","","","",40000,1,"","",3,1,2,1,"","","","","","","","","","","","","","","","","","","","","","","","","","","","","","","","","","","","","","","","","","","","","","","","","","","","","","","","","","","","","","","","","",""
"63263001","PUY-DE-DOME-MN",45.775,2.966667,1461,1965071415,"","","","",6.,1,290,1,"","","","","","","","","","","","","","","","","","","","","","","","","","","","",18.,1,10.1,1,"","","","","","","","","","","","","","","","","","","","","","","","","","",61,1,"","","","","","","","","","","","",12.6,1,"","","","","","","","",3,1,0,1,2,1,0,1,2,1,"","","","","","","","","","","","","","","","","","","","","","","","",50000,1,"","",1,1,0,1,"","","","","","","","","","","","","","","","","","","","","","","","","","","","","","","","","","","","","","","","","","","","","","","","","","","","","","","","","","","","","","","","","",""
"63263001","PUY-DE-DOME-MN",45.775,2.966667,1461,1965071418,"","","","",8.,1,290,1,"","","","","","","","","","","","","","","","","","","","","","","","","","","","",17.,1,11.9,1,"","","","","","","","","","","","","","","","","","","","","","","","","","",74,1,"","","","","","","","","","","","",14.2,1,"","","","","","","","",4,1,0,1,9,1,8,1,3,1,"","","","","","","","","","","","","","","","","","","","","","","","",50000,1,"","",3,1,0,1,"","","","","","","","","","","","","","","","","","","","","","","","","","","","","","","","","","","","","","","","","","","","","","","","","","","","","","","","","","","","","","","","","",""
"63263001","PUY-DE-DOME-MN",45.775,2.966667,1461,1965071421,"","","","","","","","","","","","","","","","","","","","","","","","","","","","","","","","","","","","",14.,1,11.6,1,"","","","","","","","","","","","","","","","","","","","","","","","","","",88,1,"","","","","","","","","","","","",14.,1,"","","","","","","","","","","","","","","","","","","","","","","","","","","","","","","","","","","","","","","","","","","","","","","","","","","","","","","","","","","","","","","","","","","","","","","","","","","","","","","","","","","","","","","","","","","","","","","","","","","","","","","","","","","","","","","","","","","",""
"63263001","PUY-DE-DOME-MN",45.775,2.966667,1461,1965071500,"","","","","","","","","","","","","","","","","","","","","","","","","","","","","","","","","","","","",13.,1,12.,1,"","","","","","","","","","","","","","","","","","","","","","","","","","",95,1,"","","","","","","","","","","","",14.3,1,"","","","","","","","","","","","","","","","","","","","","","","","","","","","","","","","","","","","","","","","","","","","","","","","","","","","","","","","","","","","","","","","","","","","","","","","","","","","","","","","","","","","","","","","","","","","","","","","","","","","","","","","","","","","","","","","","","","",""
"63263001","PUY-DE-DOME-MN",45.775,2.966667,1461,1965071503,"","","","","","","","","","","","","","","","","","","","","","","","","","","","","","","","","","","","",11.4,1,10.3,1,"","","","","","","","","","","","","","","","","","","","","","","","","","",95,1,"","","","","","","","","","","","",12.8,1,"","","","","","","","","","","","","","","","","","","","","","","","","","","","","","","","","","","","","","","","","","","","","","","","","","","","","","","","","","","","","","","","","","","","","","","","","","","","","","","","","","","","","","","","","","","","","","","","","","","","","","","","","","","","","","","","","","","",""
"63263001","PUY-DE-DOME-MN",45.775,2.966667,1461,1965071506,"","","","",5.,1,90,1,"","","","","","","","","","","","","","","","","","","","","","","","","","","","",10.,1,9.3,1,"","","","","","","","","","","","","","","","","","","","","","","","","","",97,1,"","","","","","","","","","","","",11.9,1,"","","","","","","","",8,1,8,1,9,1,"","","","","","","","","","","","","","","","","","","","","","","","","","","","",15000,1,"","",80,1,9,1,"","",0,1,"","","","","","","","","","","","","","","","","","","","","","","","","","","","","","","","","","","","","","","","","","","","","","","","","","","","","","","","","","","","","",""
"63263001","PUY-DE-DOME-MN",45.775,2.966667,1461,1965071509,"","","","",7.,1,310,1,"","","","","","","","","","","","","","","","","","","","","","","","","","","","",9.3,1,9.3,1,"","","","","","","","","","","","","","","","","","","","","","","","","","",100,1,"","","","","","","","","","","","",11.7,1,"","","","","","","","",8,1,8,1,"","","","","","","","","","","","","","","","","","","","","","","","","","","","","","",40,1,"","",95,1,9,1,"","","","","","","","","","","","","","","","","","","","","","","","","","","","","","","","","","","","","","","","","","","","","","","","","","","","","","","","","","","","","","","","","",""
"63263001","PUY-DE-DOME-MN",45.775,2.966667,1461,1965071512,"","","","",5.,1,150,1,"","","","","","","","","","","","","","","","","","","","","","","","","","","","",10.8,1,10.8,1,"","","","","","","","","","","","","","","","","","","","","","","","","","",100,1,"","","","","","","","","","","","",13.,1,"","","","","","","","",9,1,"","","","","","","","","","","","","","","","","","","","","","","","","","","","","","","","",40,1,"","",47,1,9,1,"","","","","","","","","","","","","","","","","","","","","","","","","","","","","","","","","","","","","","","","","","","","","","","","","","","","","","","","","","","","","","","","","",""
"63263001","PUY-DE-DOME-MN",45.775,2.966667,1461,1965071515,"","","","",0.,1,0,1,"","","","","","","","","","","","","","","","","","","","","","","","","","","","",10.,1,10.,1,"","","","","","","","","","","","","","","","","","","","","","","","","","",100,1,"","","","","","","","","","","","",12.3,1,"","","","","","","","",8,1,8,1,"","","","","","","","","","","","","","","","","","","","","","","","","","","","","","",60,1,"","",95,1,9,1,"","","","","","","","","","","","","","","","","","","","","","","","","","","","","","","","","","","","","","","","","","","","","","","","","","","","","","","","","","","","","","","","","",""
"63263001","PUY-DE-DOME-MN",45.775,2.966667,1461,1965071518,"","","","",4.,1,330,1,"","","","","","","","","","","","","","","","","","","","","","","","","","","","",9.4,1,9.4,1,"","","","","","","","","","","","","","","","","","","","","","","","","","",100,1,"","","","","","","","","","","","",11.8,1,"","","","","","","","",8,1,8,1,"","","","","","","","","","","","","","","","","","","","","","","","","","","","","","",40,1,"","",80,1,9,1,"","","","","","","","","","","","","","","","","","","","","","","","","","","","","","","","","","","","","","","","","","","","","","","","","","","","","","","","","","","","","","","","","",""
"63263001","PUY-DE-DOME-MN",45.775,2.966667,1461,1965071521,"","","","","","","","","","","","","","","","","","","","","","","","","","","","","","","","","","","","",8.8,1,8.8,1,"","","","","","","","","","","","","","","","","","","","","","","","","","",100,1,"","","","","","","","","","","","",11.3,1,"","","","","","","","","","","","","","","","","","","","","","","","","","","","","","","","","","","","","","","","","","","","","","","","","","","","","","","","","","","","","","","","","","","","","","","","","","","","","","","","","","","","","","","","","","","","","","","","","","","","","","","","","","","","","","","","","","","",""
"63263001","PUY-DE-DOME-MN",45.775,2.966667,1461,1965071600,"","","","","","","","","","","","","","","","","","","","","","","","","","","","","","","","","","","","",8.6,1,8.6,1,"","","","","","","","","","","","","","","","","","","","","","","","","","",100,1,"","","","","","","","","","","","",11.2,1,"","","","","","","","","","","","","","","","","","","","","","","","","","","","","","","","","","","","","","","","","","","","","","","","","","","","","","","","","","","","","","","","","","","","","","","","","","","","","","","","","","","","","","","","","","","","","","","","","","","","","","","","","","","","","","","","","","","",""
"63263001","PUY-DE-DOME-MN",45.775,2.966667,1461,1965071603,"","","","","","","","","","","","","","","","","","","","","","","","","","","","","","","","","","","","",8.1,1,8.1,1,"","","","","","","","","","","","","","","","","","","","","","","","","","",100,1,"","","","","","","","","","","","",10.8,1,"","","","","","","","","","","","","","","","","","","","","","","","","","","","","","","","","","","","","","","","","","","","","","","","","","","","","","","","","","","","","","","","","","","","","","","","","","","","","","","","","","","","","","","","","","","","","","","","","","","","","","","","","","","","","","","","","","","",""
"63263001","PUY-DE-DOME-MN",45.775,2.966667,1461,1965071606,"","","","",10.,1,350,1,"","","","","","","","","","","","","","","","","","","","","","","","","","","","",8.,1,8.,1,"","","","","","","","","","","","","","","","","","","","","","","","","","",100,1,"","","","","","","","","","","","",10.7,1,"","","","","","","","",9,1,"","","","","","","","","","","","","","","","","","","","","","","","","","","","","","","","",60,1,"","",45,1,8,1,"","",0,1,"","","","","","","","","","","","","","","","","","","","","","","","","","","","","","","","","","","","","","","","","","","","","","","","","","","","","","","","","","","","","",""
"63263001","PUY-DE-DOME-MN",45.775,2.966667,1461,1965071609,"","","","",0.,1,0,1,"","","","","","","","","","","","","","","","","","","","","","","","","","","","",8.5,1,8.5,1,"","","","","","","","","","","","","","","","","","","","","","","","","","",100,1,"","","","","","","","","","","","",11.1,1,"","","","","","","","",9,1,"","","","","","","","","","","","","","","","","","","","","","","","","","","","","","","","",60,1,"","",45,1,4,1,"","","","","","","","","","","","","","","","","","","","","","","","","","","","","","","","","","","","","","","","","","","","","","","","","","","","","","","","","","","","","","","","","",""
"63263001","PUY-DE-DOME-MN",45.775,2.966667,1461,1965071612,"","","","",5.,1,350,1,"","","","","","","","","","","","","","","","","","","","","","","","","","","","",9.,1,9.,1,"","","","","","","","","","","","","","","","","","","","","","","","","","",100,1,"","","","","","","","","","","","",11.5,1,"","","","","","","","",9,1,"","","","","","","","","","","","","","","","","","","","","","","","","","","","","","","","",60,1,"","",45,1,8,1,"","","","","","","","","","","","","","","","","","","","","","","","","","","","","","","","","","","","","","","","","","","","","","","","","","","","","","","","","","","","","","","","","",""
"63263001","PUY-DE-DOME-MN",45.775,2.966667,1461,1965071615,"","","","",3.,1,50,1,"","","","","","","","","","","","","","","","","","","","","","","","","","","","",11.2,1,11.2,1,"","","","","","","","","","","","","","","","","","","","","","","","","","",100,1,"","","","","","","","","","","","",13.3,1,"","","","","","","","",8,1,8,1,"","","","","","","","","","","","","","","","","","","","","","","","","","","","","","",100,1,"","",41,1,4,1,"","","","","","","","","","","","","","","","","","","","","","","","","","","","","","","","","","","","","","","","","","","","","","","","","","","","","","","","","","","","","","","","","",""
"63263001","PUY-DE-DOME-MN",45.775,2.966667,1461,1965071618,"","","","",6.,1,350,1,"","","","","","","","","","","","","","","","","","","","","","","","","","","","",9.,1,9.,1,"","","","","","","","","","","","","","","","","","","","","","","","","","",100,1,"","","","","","","","","","","","",11.5,1,"","","","","","","","",9,1,"","","","","","","","","","","","","","","","","","","","","","","","","","","","","","","","",40,1,"","",47,1,8,1,"","","","","","","","","","","","","","","","","","","","","","","","","","","","","","","","","","","","","","","","","","","","","","","","","","","","","","","","","","","","","","","","","",""
"63263001","PUY-DE-DOME-MN",45.775,2.966667,1461,1965071621,"","","","","","","","","","","","","","","","","","","","","","","","","","","","","","","","","","","","",7.6,1,7.6,1,"","","","","","","","","","","","","","","","","","","","","","","","","","",100,1,"","","","","","","","","","","","",10.4,1,"","","","","","","","","","","","","","","","","","","","","","","","","","","","","","","","","","","","","","","","","","","","","","","","","","","","","","","","","","","","","","","","","","","","","","","","","","","","","","","","","","","","","","","","","","","","","","","","","","","","","","","","","","","","","","","","","","","",""
"63263001","PUY-DE-DOME-MN",45.775,2.966667,1461,1965071700,"","","","","","","","","","","","","","","","","","","","","","","","","","","","","","","","","","","","",6.8,1,6.8,1,"","","","","","","","","","","","","","","","","","","","","","","","","","",100,1,"","","","","","","","","","","","",9.9,1,"","","","","","","","","","","","","","","","","","","","","","","","","","","","","","","","","","","","","","","","","","","","","","","","","","","","","","","","","","","","","","","","","","","","","","","","","","","","","","","","","","","","","","","","","","","","","","","","","","","","","","","","","","","","","","","","","","","",""
"63263001","PUY-DE-DOME-MN",45.775,2.966667,1461,1965071703,"","","","","","","","","","","","","","","","","","","","","","","","","","","","","","","","","","","","",6.1,1,6.1,1,"","","","","","","","","","","","","","","","","","","","","","","","","","",100,1,"","","","","","","","","","","","",9.4,1,"","","","","","","","","","","","","","","","","","","","","","","","","","","","","","","","","","","","","","","","","","","","","","","","","","","","","","","","","","","","","","","","","","","","","","","","","","","","","","","","","","","","","","","","","","","","","","","","","","","","","","","","","","","","","","","","","","","",""
"63263001","PUY-DE-DOME-MN",45.775,2.966667,1461,1965071706,"","","","",4.,1,30,1,"","","","","","","","","","","","","","","","","","","","","","","","","","","","",6.8,1,6.8,1,"","","","","","","","","","","","","","","","","","","","","","","","","","",100,1,"","","","","","","","","","","","",9.9,1,"","","","","","","","",9,1,"","","","","","","","","","","","","","","","","","","","","","","","","","","","","","","","",40,1,"","",45,1,4,1,"","",0,1,"","","","","","","","","","","","","","","","","","","","","","","","","","","","","","","","","","","","","","","","","","","","","","","","","","","","","","","","","","","","","",""
"63263001","PUY-DE-DOME-MN",45.775,2.966667,1461,1965071709,"","","","",5.,1,30,1,"","","","","","","","","","","","","","","","","","","","","","","","","","","","",7.,1,7.,1,"","","","","","","","","","","","","","","","","","","","","","","","","","",100,1,"","","","","","","","","","","","",10.,1,"","","","","","","","",9,1,"","","","","","","","","","","","","","","","","","","","","","","","","","","","","","","","",40,1,"","",45,1,4,1,"","","","","","","","","","","","","","","","","","","","","","","","","","","","","","","","","","","","","","","","","","","","","","","","","","","","","","","","","","","","","","","","","",""
"63263001","PUY-DE-DOME-MN",45.775,2.966667,1461,1965071712,"","","","",1.,1,50,1,"","","","","","","","","","","","","","","","","","","","","","","","","","","","",9.2,1,9.2,1,"","","","","","","","","","","","","","","","","","","","","","","","","","",100,1,"","","","","","","","","","","","",11.6,1,"","","","","","","","",8,1,8,1,"","","","","","","","","","","","","","","","","","","","","","","","","","","","","","",100,1,"","",41,1,4,1,"","","","","","","","","","","","","","","","","","","","","","","","","","","","","","","","","","","","","","","","","","","","","","","","","","","","","","","","","","","","","","","","","",""
"63263001","PUY-DE-DOME-MN",45.775,2.966667,1461,1965071715,"","","","",5.,1,350,1,"","","","","","","","","","","","","","","","","","","","","","","","","","","","",8.4,1,8.4,1,"","","","","","","","","","","","","","","","","","","","","","","","","","",100,1,"","","","","","","","","","","","",11.,1,"","","","","","","","",9,1,"","","","","","","","","","","","","","","","","","","","","","","","","","","","","","","","",60,1,"","",47,1,2,1,"","","","","","","","","","","","","","","","","","","","","","","","","","","","","","","","","","","","","","","","","","","","","","","","","","","","","","","","","","","","","","","","","",""
"63263001","PUY-DE-DOME-MN",45.775,2.966667,1461,1965071718,"","","","",5.,1,350,1,"","","","","","","","","","","","","","","","","","","","","","","","","","","","",8.1,1,8.1,1,"","","","","","","","","","","","","","","","","","","","","","","","","","",100,1,"","","","","","","","","","","","",10.8,1,"","","","","","","","",9,1,"","","","","","","","","","","","","","","","","","","","","","","","","","","","","","","","",60,1,"","",45,1,4,1,"","","","","","","","","","","","","","","","","","","","","","","","","","","","","","","","","","","","","","","","","","","","","","","","","","","","","","","","","","","","","","","","","",""
"63263001","PUY-DE-DOME-MN",45.775,2.966667,1461,1965071721,"","","","","","","","","","","","","","","","","","","","","","","","","","","","","","","","","","","","",7.4,1,7.4,1,"","","","","","","","","","","","","","","","","","","","","","","","","","",100,1,"","","","","","","","","","","","",10.3,1,"","","","","","","","","","","","","","","","","","","","","","","","","","","","","","","","","","","","","","","","","","","","","","","","","","","","","","","","","","","","","","","","","","","","","","","","","","","","","","","","","","","","","","","","","","","","","","","","","","","","","","","","","","","","","","","","","","","",""
"63263001","PUY-DE-DOME-MN",45.775,2.966667,1461,1965071800,"","","","","","","","","","","","","","","","","","","","","","","","","","","","","","","","","","","","",7.2,1,7.2,1,"","","","","","","","","","","","","","","","","","","","","","","","","","",100,1,"","","","","","","","","","","","",10.2,1,"","","","","","","","","","","","","","","","","","","","","","","","","","","","","","","","","","","","","","","","","","","","","","","","","","","","","","","","","","","","","","","","","","","","","","","","","","","","","","","","","","","","","","","","","","","","","","","","","","","","","","","","","","","","","","","","","","","",""
"63263001","PUY-DE-DOME-MN",45.775,2.966667,1461,1965071803,"","","","","","","","","","","","","","","","","","","","","","","","","","","","","","","","","","","","",8.,1,8.,1,"","","","","","","","","","","","","","","","","","","","","","","","","","",100,1,"","","","","","","","","","","","",10.7,1,"","","","","","","","","","","","","","","","","","","","","","","","","","","","","","","","","","","","","","","","","","","","","","","","","","","","","","","","","","","","","","","","","","","","","","","","","","","","","","","","","","","","","","","","","","","","","","","","","","","","","","","","","","","","","","","","","","","",""
"63263001","PUY-DE-DOME-MN",45.775,2.966667,1461,1965071806,"","","","",5.,1,50,1,"","","","","","","","","","","","","","","","","","","","","","","","","","","","",8.2,1,8.2,1,"","","","","","","","","","","","","","","","","","","","","","","","","","",100,1,"","","","","","","","","","","","",10.9,1,"","","","","","","","",9,1,"","","","","","","","","","","","","","","","","","","","","","","","","","","","","","","","",40,1,"","",45,1,4,1,"","",0,1,"","","","","","","","","","","","","","","","","","","","","","","","","","","","","","","","","","","","","","","","","","","","","","","","","","","","","","","","","","","","","",""
"63263001","PUY-DE-DOME-MN",45.775,2.966667,1461,1965071809,"","","","",4.,1,30,1,"","","","","","","","","","","","","","","","","","","","","","","","","","","","",9.,1,9.,1,"","","","","","","","","","","","","","","","","","","","","","","","","","",100,1,"","","","","","","","","","","","",11.5,1,"","","","","","","","",9,1,"","","","","","","","","","","","","","","","","","","","","","","","","","","","","","","","",80,1,"","",43,1,4,1,"","","","","","","","","","","","","","","","","","","","","","","","","","","","","","","","","","","","","","","","","","","","","","","","","","","","","","","","","","","","","","","","","",""
"63263001","PUY-DE-DOME-MN",45.775,2.966667,1461,1965071812,"","","","",0.,1,0,1,"","","","","","","","","","","","","","","","","","","","","","","","","","","","",11.,1,11.,1,"","","","","","","","","","","","","","","","","","","","","","","","","","",100,1,"","","","","","","","","","","","",13.1,1,"","","","","","","","",9,1,"","","","","","","","","","","","","","","","","","","","","","","","","","","","","","","","",40,1,"","",45,1,4,1,"","","","","","","","","","","","","","","","","","","","","","","","","","","","","","","","","","","","","","","","","","","","","","","","","","","","","","","","","","","","","","","","","",""
"63263001","PUY-DE-DOME-MN",45.775,2.966667,1461,1965071815,"","","","",1.,1,50,1,"","","","","","","","","","","","","","","","","","","","","","","","","","","","",11.6,1,11.6,1,"","","","","","","","","","","","","","","","","","","","","","","","","","",100,1,"","","","","","","","","","","","",13.6,1,"","","","","","","","",8,1,8,1,"","","","","","","","","","","","","","","","","","","","","","","","","","","","","","",100,1,"","",41,1,4,1,"","","","","","","","","","","","","","","","","","","","","","","","","","","","","","","","","","","","","","","","","","","","","","","","","","","","","","","","","","","","","","","","","",""
"63263001","PUY-DE-DOME-MN",45.775,2.966667,1461,1965071818,"","","","",1.,1,70,1,"","","","","","","","","","","","","","","","","","","","","","","","","","","","",10.4,1,10.4,1,"","","","","","","","","","","","","","","","","","","","","","","","","","",100,1,"","","","","","","","","","","","",12.6,1,"","","","","","","","",9,1,"","","","","","","","","","","","","","","","","","","","","","","","","","","","","","","","",40,1,"","",47,1,4,1,"","","","","","","","","","","","","","","","","","","","","","","","","","","","","","","","","","","","","","","","","","","","","","","","","","","","","","","","","","","","","","","","","",""
"63263001","PUY-DE-DOME-MN",45.775,2.966667,1461,1965071821,"","","","","","","","","","","","","","","","","","","","","","","","","","","","","","","","","","","","",9.8,1,9.8,1,"","","","","","","","","","","","","","","","","","","","","","","","","","",100,1,"","","","","","","","","","","","",12.1,1,"","","","","","","","","","","","","","","","","","","","","","","","","","","","","","","","","","","","","","","","","","","","","","","","","","","","","","","","","","","","","","","","","","","","","","","","","","","","","","","","","","","","","","","","","","","","","","","","","","","","","","","","","","","","","","","","","","","",""
"63263001","PUY-DE-DOME-MN",45.775,2.966667,1461,1965071900,"","","","","","","","","","","","","","","","","","","","","","","","","","","","","","","","","","","","",9.2,1,9.2,1,"","","","","","","","","","","","","","","","","","","","","","","","","","",100,1,"","","","","","","","","","","","",11.6,1,"","","","","","","","","","","","","","","","","","","","","","","","","","","","","","","","","","","","","","","","","","","","","","","","","","","","","","","","","","","","","","","","","","","","","","","","","","","","","","","","","","","","","","","","","","","","","","","","","","","","","","","","","","","","","","","","","","","",""
"63263001","PUY-DE-DOME-MN",45.775,2.966667,1461,1965071903,"","","","","","","","","","","","","","","","","","","","","","","","","","","","","","","","","","","","",9.8,1,9.8,1,"","","","","","","","","","","","","","","","","","","","","","","","","","",100,1,"","","","","","","","","","","","",12.1,1,"","","","","","","","","","","","","","","","","","","","","","","","","","","","","","","","","","","","","","","","","","","","","","","","","","","","","","","","","","","","","","","","","","","","","","","","","","","","","","","","","","","","","","","","","","","","","","","","","","","","","","","","","","","","","","","","","","","",""
"63263001","PUY-DE-DOME-MN",45.775,2.966667,1461,1965071906,"","","","",6.,1,290,1,"","","","","","","","","","","","","","","","","","","","","","","","","","","","",8.8,1,7.5,1,"","","","","","","","","","","","","","","","","","","","","","","","","","",93,1,"","","","","","","","","","","","",10.5,1,"","","","","","","","",1,1,0,1,5,1,4,1,2,1,"","","","","","","","","","","","","","","","","","","","","","","","",15000,1,"","",28,1,4,1,"","",0,1,"","","","","","","","","","","","","","","","","","","","","","","","","","","","","","","","","","","","","","","","","","","","","","","","","","","","","","","","","","","","","",""
"63263001","PUY-DE-DOME-MN",45.775,2.966667,1461,1965071909,"","","","",5.,1,270,1,"","","","","","","","","","","","","","","","","","","","","","","","","","","","",10.8,1,7.3,1,"","","","","","","","","","","","","","","","","","","","","","","","","","",80,1,"","","","","","","","","","","","",10.4,1,"","","","","","","","",1,1,0,1,1,1,4,1,2,1,"","","","","","","","","","","","","","","","","","","","","","","","",15000,1,"","",3,1,0,1,"","","","","","","","","","","","","","","","","","","","","","","","","","","","","","","","","","","","","","","","","","","","","","","","","","","","","","","","","","","","","","","","","",""
"63263001","PUY-DE-DOME-MN",45.775,2.966667,1461,1965071912,"","","","",4.,1,270,1,"","","","","","","","","","","","","","","","","","","","","","","","","","","","",13.8,1,8.4,1,"","","","","","","","","","","","","","","","","","","","","","","","","","",71,1,"","","","","","","","","","","","",11.2,1,"","","","","","","","",7,1,7,1,2,1,"","","","","","","","","","","","","","","","","","","","","","","","","","","","",20000,1,"","",3,1,1,1,"","","","","","","","","","","","","","","","","","","","","","","","","","","","","","","","","","","","","","","","","","","","","","","","","","","","","","","","","","","","","","","","","",""
"63263001","PUY-DE-DOME-MN",45.775,2.966667,1461,1965071915,"","","","",7.,1,290,1,"","","","","","","","","","","","","","","","","","","","","","","","","","","","",13.,1,10.2,1,"","","","","","","","","","","","","","","","","","","","","","","","","","",85,1,"","","","","","","","","","","","",12.7,1,"","","","","","","","",7,1,7,1,4,1,"","","","","","","","","","","","","","","","","","","","","","","","","","","","",25000,1,"","",1,1,2,1,"","","","","","","","","","","","","","","","","","","","","","","","","","","","","","","","","","","","","","","","","","","","","","","","","","","","","","","","","","","","","","","","","",""
"63263001","PUY-DE-DOME-MN",45.775,2.966667,1461,1965071918,"","","","",9.,1,270,1,"","","","","","","","","","","","","","","","","","","","","","","","","","","","",11.5,1,10.4,1,"","","","","","","","","","","","","","","","","","","","","","","","","","",95,1,"","","","","","","","","","","","",12.9,1,"","","","","","","","",7,1,7,1,2,1,"","","","","","","","","","","","","","","","","","","","","","","","","","","","",15000,1,"","",3,1,2,1,"","","","","","","","","","","","","","","","","","","","","","","","","","","","","","","","","","","","","","","","","","","","","","","","","","","","","","","","","","","","","","","","","",""
"63263001","PUY-DE-DOME-MN",45.775,2.966667,1461,1965071921,"","","","","","","","","","","","","","","","","","","","","","","","","","","","","","","","","","","","",10.4,1,10.4,1,"","","","","","","","","","","","","","","","","","","","","","","","","","",100,1,"","","","","","","","","","","","",12.6,1,"","","","","","","","","","","","","","","","","","","","","","","","","","","","","","","","","","","","","","","","","","","","","","","","","","","","","","","","","","","","","","","","","","","","","","","","","","","","","","","","","","","","","","","","","","","","","","","","","","","","","","","","","","","","","","","","","","","",""
"63263001","PUY-DE-DOME-MN",45.775,2.966667,1461,1965072000,"","","","","","","","","","","","","","","","","","","","","","","","","","","","","","","","","","","","",10.,1,10.,1,"","","","","","","","","","","","","","","","","","","","","","","","","","",100,1,"","","","","","","","","","","","",12.3,1,"","","","","","","","","","","","","","","","","","","","","","","","","","","","","","","","","","","","","","","","","","","","","","","","","","","","","","","","","","","","","","","","","","","","","","","","","","","","","","","","","","","","","","","","","","","","","","","","","","","","","","","","","","","","","","","","","","","",""
"63263001","PUY-DE-DOME-MN",45.775,2.966667,1461,1965072003,"","","","","","","","","","","","","","","","","","","","","","","","","","","","","","","","","","","","",9.1,1,9.1,1,"","","","","","","","","","","","","","","","","","","","","","","","","","",100,1,"","","","","","","","","","","","",11.5,1,"","","","","","","","","","","","","","","","","","","","","","","","","","","","","","","","","","","","","","","","","","","","","","","","","","","","","","","","","","","","","","","","","","","","","","","","","","","","","","","","","","","","","","","","","","","","","","","","","","","","","","","","","","","","","","","","","","","",""
"63263001","PUY-DE-DOME-MN",45.775,2.966667,1461,1965072006,"","","","",14.,1,270,1,"","","","","","","","","","","","","","","","","","","","","","","","","","","","",8.1,1,8.1,1,"","","","","","","","","","","","","","","","","","","","","","","","","","",100,1,"","","","","","","","","","","","",10.8,1,"","","","","","","","",9,1,"","","","","","","","","","","","","","","","","","","","","","","","","","","","","","","","",40,1,"","",45,1,8,1,"","",0,1,"","","","","","","","","","","","","","","","","","","","","","","","","","","","","","","","","","","","","","","","","","","","","","","","","","","","","","","","","","","","","",""
"63263001","PUY-DE-DOME-MN",45.775,2.966667,1461,1965072009,"","","","",4.,1,250,1,"","","","","","","","","","","","","","","","","","","","","","","","","","","","",8.2,1,8.2,1,"","","","","","","","","","","","","","","","","","","","","","","","","","",100,1,"","","","","","","","","","","","",10.9,1,"","","","","","","","",8,1,8,1,"","","","","","","","","","","","","","","","","","","","","","","","","","","","","","",100,1,"","",41,1,4,1,"","","","","","","","","","","","","","","","","","","","","","","","","","","","","","","","","","","","","","","","","","","","","","","","","","","","","","","","","","","","","","","","","",""
"63263001","PUY-DE-DOME-MN",45.775,2.966667,1461,1965072012,"","","","",15.,1,270,1,"","","","","","","","","","","","","","","","","","","","","","","","","","","","",6.5,1,6.5,1,"","","","","","","","","","","","","","","","","","","","","","","","","","",100,1,"","","","","","","","","","","","",9.7,1,"","","","","","","","",8,1,8,1,"","","","","","","","","","","","","","","","","","","","","","","","","","","","","","","","","","",17,1,8,1,"","","","","","","","","","","","","","","","","","","","","","","","","","","","","","","","","","","","","","","","","","","","","","","","","","","","","","","","","","","","","","","","","",""
"63263001","PUY-DE-DOME-MN",45.775,2.966667,1461,1965072015,"","","","",18.,1,270,1,"","","","","","","","","","","","","","","","","","","","","","","","","","","","",6.5,1,6.5,1,"","","","","","","","","","","","","","","","","","","","","","","","","","",100,1,"","","","","","","","","","","","",9.7,1,"","","","","","","","",8,1,8,1,"","","","","","","","","","","","","","","","","","","","","","","","","","","","","","",100,1,"","",41,1,9,1,"","","","","","","","","","","","","","","","","","","","","","","","","","","","","","","","","","","","","","","","","","","","","","","","","","","","","","","","","","","","","","","","","",""
"63263001","PUY-DE-DOME-MN",45.775,2.966667,1461,1965072018,"","","","",18.,1,270,1,"","","","","","","","","","","","","","","","","","","","","","","","","","","","",7.4,1,6.8,1,"","","","","","","","","","","","","","","","","","","","","","","","","","",97,1,"","","","","","","","","","","","",10.,1,"","","","","","","","",1,1,0,1,2,1,4,1,0,1,"","","","","","","","","","","","","","","","","","","","","","","","",50000,1,"","",28,1,9,1,"","","","","","","","","","","","","","","","","","","","","","","","","","","","","","","","","","","","","","","","","","","","","","","","","","","","","","","","","","","","","","","","","",""
"63263001","PUY-DE-DOME-MN",45.775,2.966667,1461,1965072021,"","","","","","","","","","","","","","","","","","","","","","","","","","","","","","","","","","","","",7.2,1,7.2,1,"","","","","","","","","","","","","","","","","","","","","","","","","","",100,1,"","","","","","","","","","","","",10.2,1,"","","","","","","","","","","","","","","","","","","","","","","","","","","","","","","","","","","","","","","","","","","","","","","","","","","","","","","","","","","","","","","","","","","","","","","","","","","","","","","","","","","","","","","","","","","","","","","","","","","","","","","","","","","","","","","","","","","",""
"63263001","PUY-DE-DOME-MN",45.775,2.966667,1461,1965072100,"","","","","","","","","","","","","","","","","","","","","","","","","","","","","","","","","","","","",6.2,1,6.2,1,"","","","","","","","","","","","","","","","","","","","","","","","","","",100,1,"","","","","","","","","","","","",9.5,1,"","","","","","","","","","","","","","","","","","","","","","","","","","","","","","","","","","","","","","","","","","","","","","","","","","","","","","","","","","","","","","","","","","","","","","","","","","","","","","","","","","","","","","","","","","","","","","","","","","","","","","","","","","","","","","","","","","","",""
"63263001","PUY-DE-DOME-MN",45.775,2.966667,1461,1965072103,"","","","","","","","","","","","","","","","","","","","","","","","","","","","","","","","","","","","",6.6,1,6.6,1,"","","","","","","","","","","","","","","","","","","","","","","","","","",100,1,"","","","","","","","","","","","",9.7,1,"","","","","","","","","","","","","","","","","","","","","","","","","","","","","","","","","","","","","","","","","","","","","","","","","","","","","","","","","","","","","","","","","","","","","","","","","","","","","","","","","","","","","","","","","","","","","","","","","","","","","","","","","","","","","","","","","","","",""
"63263001","PUY-DE-DOME-MN",45.775,2.966667,1461,1965072106,"","","","",14.,1,270,1,"","","","","","","","","","","","","","","","","","","","","","","","","","","","",6.7,1,6.7,1,"","","","","","","","","","","","","","","","","","","","","","","","","","",100,1,"","","","","","","","","","","","",9.8,1,"","","","","","","","",9,1,"","","","","","","","","","","","","","","","","","","","","","","","","","","","","","","","",40,1,"","",45,1,8,1,"","",0,1,"","","","","","","","","","","","","","","","","","","","","","","","","","","","","","","","","","","","","","","","","","","","","","","","","","","","","","","","","","","","","",""
"63263001","PUY-DE-DOME-MN",45.775,2.966667,1461,1965072109,"","","","",12.,1,270,1,"","","","","","","","","","","","","","","","","","","","","","","","","","","","",6.6,1,6.6,1,"","","","","","","","","","","","","","","","","","","","","","","","","","",100,1,"","","","","","","","","","","","",9.7,1,"","","","","","","","",9,1,"","","","","","","","","","","","","","","","","","","","","","","","","","","","","","","","",40,1,"","",45,1,8,1,"","","","","","","","","","","","","","","","","","","","","","","","","","","","","","","","","","","","","","","","","","","","","","","","","","","","","","","","","","","","","","","","","",""
"63263001","PUY-DE-DOME-MN",45.775,2.966667,1461,1965072112,"","","","",13.,1,270,1,"","","","","","","","","","","","","","","","","","","","","","","","","","","","",7.6,1,7.6,1,"","","","","","","","","","","","","","","","","","","","","","","","","","",100,1,"","","","","","","","","","","","",10.4,1,"","","","","","","","",9,1,"","","","","","","","","","","","","","","","","","","","","","","","","","","","","","","","",40,1,"","",45,1,8,1,"","","","","","","","","","","","","","","","","","","","","","","","","","","","","","","","","","","","","","","","","","","","","","","","","","","","","","","","","","","","","","","","","",""
"63263001","PUY-DE-DOME-MN",45.775,2.966667,1461,1965072115,"","","","",12.,1,270,1,"","","","","","","","","","","","","","","","","","","","","","","","","","","","",8.7,1,7.6,1,"","","","","","","","","","","","","","","","","","","","","","","","","","",95,1,"","","","","","","","","","","","",10.6,1,"","","","","","","","",7,1,6,1,8,1,"","","","","","","","","","","","","","","","","","","","","","","","","","","","",80000,1,"","",28,1,4,1,"","","","","","","","","","","","","","","","","","","","","","","","","","","","","","","","","","","","","","","","","","","","","","","","","","","","","","","","","","","","","","","","","",""
"63263001","PUY-DE-DOME-MN",45.775,2.966667,1461,1965072118,"","","","",11.,1,270,1,"","","","","","","","","","","","","","","","","","","","","","","","","","","","",8.3,1,7.2,1,"","","","","","","","","","","","","","","","","","","","","","","","","","",94,1,"","","","","","","","","","","","",10.3,1,"","","","","","","","",7,1,6,1,2,1,5,1,2,1,"","","","","","","","","","","","","","","","","","","","","","","","",80000,1,"","",2,1,4,1,"","","","","","","","","","","","","","","","","","","","","","","","","","","","","","","","","","","","","","","","","","","","","","","","","","","","","","","","","","","","","","","","","",""
"63263001","PUY-DE-DOME-MN",45.775,2.966667,1461,1965072121,"","","","","","","","","","","","","","","","","","","","","","","","","","","","","","","","","","","","",7.4,1,6.5,1,"","","","","","","","","","","","","","","","","","","","","","","","","","",95,1,"","","","","","","","","","","","",9.8,1,"","","","","","","","","","","","","","","","","","","","","","","","","","","","","","","","","","","","","","","","","","","","","","","","","","","","","","","","","","","","","","","","","","","","","","","","","","","","","","","","","","","","","","","","","","","","","","","","","","","","","","","","","","","","","","","","","","","",""
"63263001","PUY-DE-DOME-MN",45.775,2.966667,1461,1965072200,"","","","","","","","","","","","","","","","","","","","","","","","","","","","","","","","","","","","",7.4,1,6.5,1,"","","","","","","","","","","","","","","","","","","","","","","","","","",95,1,"","","","","","","","","","","","",9.8,1,"","","","","","","","","","","","","","","","","","","","","","","","","","","","","","","","","","","","","","","","","","","","","","","","","","","","","","","","","","","","","","","","","","","","","","","","","","","","","","","","","","","","","","","","","","","","","","","","","","","","","","","","","","","","","","","","","","","",""
"63263001","PUY-DE-DOME-MN",45.775,2.966667,1461,1965072203,"","","","","","","","","","","","","","","","","","","","","","","","","","","","","","","","","","","","",7.6,1,6.6,1,"","","","","","","","","","","","","","","","","","","","","","","","","","",95,1,"","","","","","","","","","","","",9.9,1,"","","","","","","","","","","","","","","","","","","","","","","","","","","","","","","","","","","","","","","","","","","","","","","","","","","","","","","","","","","","","","","","","","","","","","","","","","","","","","","","","","","","","","","","","","","","","","","","","","","","","","","","","","","","","","","","","","","",""
"63263001","PUY-DE-DOME-MN",45.775,2.966667,1461,1965072206,"","","","",9.,1,270,1,"","","","","","","","","","","","","","","","","","","","","","","","","","","","",7.6,1,6.9,1,"","","","","","","","","","","","","","","","","","","","","","","","","","",97,1,"","","","","","","","","","","","",10.1,1,"","","","","","","","",8,1,8,1,5,1,2,1,"","","","","","","","","","","","","","","","","","","","","","","","","","",40000,1,"","",2,1,2,1,"","",0,1,"","","","","","","","","","","","","","","","","","","","","","","","","","","","","","","","","","","","","","","","","","","","","","","","","","","","","","","","","","","","","",""
"63263001","PUY-DE-DOME-MN",45.775,2.966667,1461,1965072209,"","","","",10.,1,270,1,"","","","","","","","","","","","","","","","","","","","","","","","","","","","",7.2,1,7.2,1,"","","","","","","","","","","","","","","","","","","","","","","","","","",100,1,"","","","","","","","","","","","",10.2,1,"","","","","","","","",8,1,8,1,"","","","","","","","","","","","","","","","","","","","","","","","","","","","","","",40,1,"","",63,1,6,1,"","","","","","","","","","","","","","","","","","","","","","","","","","","","","","","","","","","","","","","","","","","","","","","","","","","","","","","","","","","","","","","","","",""
"63263001","PUY-DE-DOME-MN",45.775,2.966667,1461,1965072212,"","","","",9.,1,270,1,"","","","","","","","","","","","","","","","","","","","","","","","","","","","",7.5,1,7.5,1,"","","","","","","","","","","","","","","","","","","","","","","","","","",100,1,"","","","","","","","","","","","",10.4,1,"","","","","","","","",9,1,"","","","","","","","","","","","","","","","","","","","","","","","","","","","","","","","",40,1,"","",45,1,6,1,"","","","","","","","","","","","","","","","","","","","","","","","","","","","","","","","","","","","","","","","","","","","","","","","","","","","","","","","","","","","","","","","","",""
"63263001","PUY-DE-DOME-MN",45.775,2.966667,1461,1965072215,"","","","",12.,1,270,1,"","","","","","","","","","","","","","","","","","","","","","","","","","","","",7.8,1,7.8,1,"","","","","","","","","","","","","","","","","","","","","","","","","","",100,1,"","","","","","","","","","","","",10.6,1,"","","","","","","","",8,1,8,1,"","","","","","","","","","","","","","","","","","","","","","","","","","","","","","",100,1,"","",41,1,4,1,"","","","","","","","","","","","","","","","","","","","","","","","","","","","","","","","","","","","","","","","","","","","","","","","","","","","","","","","","","","","","","","","","",""
"63263001","PUY-DE-DOME-MN",45.775,2.966667,1461,1965072218,"","","","",13.,1,270,1,"","","","","","","","","","","","","","","","","","","","","","","","","","","","",7.9,1,7.9,1,"","","","","","","","","","","","","","","","","","","","","","","","","","",100,1,"","","","","","","","","","","","",10.7,1,"","","","","","","","",8,1,8,1,"","","","","","","","","","","","","","","","","","","","","","","","","","","","","","",100,1,"","",41,1,8,1,"","","","","","","","","","","","","","","","","","","","","","","","","","","","","","","","","","","","","","","","","","","","","","","","","","","","","","","","","","","","","","","","","",""
"63263001","PUY-DE-DOME-MN",45.775,2.966667,1461,1965072221,"","","","","","","","","","","","","","","","","","","","","","","","","","","","","","","","","","","","",7.5,1,7.5,1,"","","","","","","","","","","","","","","","","","","","","","","","","","",100,1,"","","","","","","","","","","","",10.4,1,"","","","","","","","","","","","","","","","","","","","","","","","","","","","","","","","","","","","","","","","","","","","","","","","","","","","","","","","","","","","","","","","","","","","","","","","","","","","","","","","","","","","","","","","","","","","","","","","","","","","","","","","","","","","","","","","","","","",""
"63263001","PUY-DE-DOME-MN",45.775,2.966667,1461,1965072300,"","","","","","","","","","","","","","","","","","","","","","","","","","","","","","","","","","","","",7.1,1,7.1,1,"","","","","","","","","","","","","","","","","","","","","","","","","","",100,1,"","","","","","","","","","","","",10.1,1,"","","","","","","","","","","","","","","","","","","","","","","","","","","","","","","","","","","","","","","","","","","","","","","","","","","","","","","","","","","","","","","","","","","","","","","","","","","","","","","","","","","","","","","","","","","","","","","","","","","","","","","","","","","","","","","","","","","",""
"63263001","PUY-DE-DOME-MN",45.775,2.966667,1461,1965072303,"","","","","","","","","","","","","","","","","","","","","","","","","","","","","","","","","","","","",6.6,1,6.6,1,"","","","","","","","","","","","","","","","","","","","","","","","","","",100,1,"","","","","","","","","","","","",9.7,1,"","","","","","","","","","","","","","","","","","","","","","","","","","","","","","","","","","","","","","","","","","","","","","","","","","","","","","","","","","","","","","","","","","","","","","","","","","","","","","","","","","","","","","","","","","","","","","","","","","","","","","","","","","","","","","","","","","","",""
"63263001","PUY-DE-DOME-MN",45.775,2.966667,1461,1965072306,"","","","",14.,1,270,1,"","","","","","","","","","","","","","","","","","","","","","","","","","","","",8.2,1,5.3,1,"","","","","","","","","","","","","","","","","","","","","","","","","","",83,1,"","","","","","","","","","","","",9.,1,"","","","","","","","",7,1,7,1,0,1,7,1,"","","","","","","","","","","","","","","","","","","","","","","","","","",70000,1,"","",0,1,4,1,"","",0,1,"","","","","","","","","","","","","","","","","","","","","","","","","","","","","","","","","","","","","","","","","","","","","","","","","","","","","","","","","","","","","",""
"63263001","PUY-DE-DOME-MN",45.775,2.966667,1461,1965072309,"","","","",10.,1,230,1,"","","","","","","","","","","","","","","","","","","","","","","","","","","","",11.,1,6.4,1,"","","","","","","","","","","","","","","","","","","","","","","","","","",74,1,"","","","","","","","","","","","",9.7,1,"","","","","","","","",5,1,5,1,0,1,4,1,0,1,"","","","","","","","","","","","","","","","","","","","","","","","",70000,1,"","",1,1,2,1,"","","","","","","","","","","","","","","","","","","","","","","","","","","","","","","","","","","","","","","","","","","","","","","","","","","","","","","","","","","","","","","","","",""
"63263001","PUY-DE-DOME-MN",45.775,2.966667,1461,1965072312,"","","","",12.,1,250,1,"","","","","","","","","","","","","","","","","","","","","","","","","","","","",14.8,1,5.8,1,"","","","","","","","","","","","","","","","","","","","","","","","","","",55,1,"","","","","","","","","","","","",9.3,1,"","","","","","","","",5,1,5,1,2,1,4,1,0,1,"","","","","","","","","","","","","","","","","","","","","","","","",70000,1,"","",1,1,2,1,"","","","","","","","","","","","","","","","","","","","","","","","","","","","","","","","","","","","","","","","","","","","","","","","","","","","","","","","","","","","","","","","","",""
"63263001","PUY-DE-DOME-MN",45.775,2.966667,1461,1965072315,"","","","",11.,1,250,1,"","","","","","","","","","","","","","","","","","","","","","","","","","","","",14.,1,8.9,1,"","","","","","","","","","","","","","","","","","","","","","","","","","",73,1,"","","","","","","","","","","","",11.6,1,"","","","","","","","",6,1,5,1,2,1,4,1,0,1,"","","","","","","","","","","","","","","","","","","","","","","","",70000,1,"","",3,1,2,1,"","","","","","","","","","","","","","","","","","","","","","","","","","","","","","","","","","","","","","","","","","","","","","","","","","","","","","","","","","","","","","","","","",""
"63263001","PUY-DE-DOME-MN",45.775,2.966667,1461,1965072318,"","","","",13.,1,270,1,"","","","","","","","","","","","","","","","","","","","","","","","","","","","",13.2,1,9.5,1,"","","","","","","","","","","","","","","","","","","","","","","","","","",80,1,"","","","","","","","","","","","",12.1,1,"","","","","","","","",2,1,0,1,2,1,4,1,0,1,"","","","","","","","","","","","","","","","","","","","","","","","",60000,1,"","",2,1,1,1,"","","","","","","","","","","","","","","","","","","","","","","","","","","","","","","","","","","","","","","","","","","","","","","","","","","","","","","","","","","","","","","","","",""
"63263001","PUY-DE-DOME-MN",45.775,2.966667,1461,1965072321,"","","","","","","","","","","","","","","","","","","","","","","","","","","","","","","","","","","","",11.1,1,11.1,1,"","","","","","","","","","","","","","","","","","","","","","","","","","",100,1,"","","","","","","","","","","","",13.2,1,"","","","","","","","","","","","","","","","","","","","","","","","","","","","","","","","","","","","","","","","","","","","","","","","","","","","","","","","","","","","","","","","","","","","","","","","","","","","","","","","","","","","","","","","","","","","","","","","","","","","","","","","","","","","","","","","","","","",""
"63263001","PUY-DE-DOME-MN",45.775,2.966667,1461,1965072400,"","","","","","","","","","","","","","","","","","","","","","","","","","","","","","","","","","","","",9.7,1,9.7,1,"","","","","","","","","","","","","","","","","","","","","","","","","","",100,1,"","","","","","","","","","","","",12.,1,"","","","","","","","","","","","","","","","","","","","","","","","","","","","","","","","","","","","","","","","","","","","","","","","","","","","","","","","","","","","","","","","","","","","","","","","","","","","","","","","","","","","","","","","","","","","","","","","","","","","","","","","","","","","","","","","","","","",""
"63263001","PUY-DE-DOME-MN",45.775,2.966667,1461,1965072403,"","","","","","","","","","","","","","","","","","","","","","","","","","","","","","","","","","","","",8.8,1,8.8,1,"","","","","","","","","","","","","","","","","","","","","","","","","","",100,1,"","","","","","","","","","","","",11.3,1,"","","","","","","","","","","","","","","","","","","","","","","","","","","","","","","","","","","","","","","","","","","","","","","","","","","","","","","","","","","","","","","","","","","","","","","","","","","","","","","","","","","","","","","","","","","","","","","","","","","","","","","","","","","","","","","","","","","",""
"63263001","PUY-DE-DOME-MN",45.775,2.966667,1461,1965072406,"","","","",8.,1,270,1,"","","","","","","","","","","","","","","","","","","","","","","","","","","","",9.4,1,2.2,1,"","","","","","","","","","","","","","","","","","","","","","","","","","",61,1,"","","","","","","","","","","","",7.2,1,"","","","","","","","",8,1,8,1,5,1,7,1,"","","","","","","","","","","","","","","","","","","","","","","","","","",50000,1,"","",2,1,6,1,"","",0,1,"","","","","","","","","","","","","","","","","","","","","","","","","","","","","","","","","","","","","","","","","","","","","","","","","","","","","","","","","","","","","",""
"63263001","PUY-DE-DOME-MN",45.775,2.966667,1461,1965072409,"","","","",6.,1,250,1,"","","","","","","","","","","","","","","","","","","","","","","","","","","","",10.2,1,6.2,1,"","","","","","","","","","","","","","","","","","","","","","","","","","",77,1,"","","","","","","","","","","","",9.6,1,"","","","","","","","",8,1,8,1,0,1,2,1,"","","","","","","","","","","","","","","","","","","","","","","","","","",60000,1,"","",2,1,2,1,"","","","","","","","","","","","","","","","","","","","","","","","","","","","","","","","","","","","","","","","","","","","","","","","","","","","","","","","","","","","","","","","","",""
"63263001","PUY-DE-DOME-MN",45.775,2.966667,1461,1965072412,"","","","",0.,1,0,1,"","","","","","","","","","","","","","","","","","","","","","","","","","","","",12.7,1,10.8,1,"","","","","","","","","","","","","","","","","","","","","","","","","","",90,1,"","","","","","","","","","","","",13.2,1,"","","","","","","","",8,1,8,1,2,1,"","","","","","","","","","","","","","","","","","","","","","","","","","","","",50000,1,"","",3,1,2,1,"","","","","","","","","","","","","","","","","","","","","","","","","","","","","","","","","","","","","","","","","","","","","","","","","","","","","","","","","","","","","","","","","",""
"63263001","PUY-DE-DOME-MN",45.775,2.966667,1461,1965072415,"","","","",10.,1,270,1,"","","","","","","","","","","","","","","","","","","","","","","","","","","","",14.7,1,10.8,1,"","","","","","","","","","","","","","","","","","","","","","","","","","",79,1,"","","","","","","","","","","","",13.2,1,"","","","","","","","",7,1,7,1,2,1,"","","","","","","","","","","","","","","","","","","","","","","","","","","","",40000,1,"","",1,1,2,1,"","","","","","","","","","","","","","","","","","","","","","","","","","","","","","","","","","","","","","","","","","","","","","","","","","","","","","","","","","","","","","","","","",""
"63263001","PUY-DE-DOME-MN",45.775,2.966667,1461,1965072418,"","","","",12.,1,270,1,"","","","","","","","","","","","","","","","","","","","","","","","","","","","",14.,1,11.6,1,"","","","","","","","","","","","","","","","","","","","","","","","","","",88,1,"","","","","","","","","","","","",14.,1,"","","","","","","","",4,1,0,1,2,1,6,1,0,1,"","","","","","","","","","","","","","","","","","","","","","","","",40000,1,"","",1,1,2,1,"","","","","","","","","","","","","","","","","","","","","","","","","","","","","","","","","","","","","","","","","","","","","","","","","","","","","","","","","","","","","","","","","",""
"63263001","PUY-DE-DOME-MN",45.775,2.966667,1461,1965072421,"","","","","","","","","","","","","","","","","","","","","","","","","","","","","","","","","","","","",10.7,1,10.7,1,"","","","","","","","","","","","","","","","","","","","","","","","","","",100,1,"","","","","","","","","","","","",12.9,1,"","","","","","","","","","","","","","","","","","","","","","","","","","","","","","","","","","","","","","","","","","","","","","","","","","","","","","","","","","","","","","","","","","","","","","","","","","","","","","","","","","","","","","","","","","","","","","","","","","","","","","","","","","","","","","","","","","","",""
"63263001","PUY-DE-DOME-MN",45.775,2.966667,1461,1965072500,"","","","","","","","","","","","","","","","","","","","","","","","","","","","","","","","","","","","",9.5,1,9.5,1,"","","","","","","","","","","","","","","","","","","","","","","","","","",100,1,"","","","","","","","","","","","",11.8,1,"","","","","","","","","","","","","","","","","","","","","","","","","","","","","","","","","","","","","","","","","","","","","","","","","","","","","","","","","","","","","","","","","","","","","","","","","","","","","","","","","","","","","","","","","","","","","","","","","","","","","","","","","","","","","","","","","","","",""
"63263001","PUY-DE-DOME-MN",45.775,2.966667,1461,1965072503,"","","","","","","","","","","","","","","","","","","","","","","","","","","","","","","","","","","","",8.2,1,8.2,1,"","","","","","","","","","","","","","","","","","","","","","","","","","",100,1,"","","","","","","","","","","","",10.9,1,"","","","","","","","","","","","","","","","","","","","","","","","","","","","","","","","","","","","","","","","","","","","","","","","","","","","","","","","","","","","","","","","","","","","","","","","","","","","","","","","","","","","","","","","","","","","","","","","","","","","","","","","","","","","","","","","","","","",""
"63263001","PUY-DE-DOME-MN",45.775,2.966667,1461,1965072506,"","","","",10.,1,270,1,"","","","","","","","","","","","","","","","","","","","","","","","","","","","",6.3,1,6.3,1,"","","","","","","","","","","","","","","","","","","","","","","","","","",100,1,"","","","","","","","","","","","",9.5,1,"","","","","","","","",9,1,"","","","","","","","","","","","","","","","","","","","","","","","","","","","","","","","",60,1,"","",45,1,8,1,"","",0,1,"","","","","","","","","","","","","","","","","","","","","","","","","","","","","","","","","","","","","","","","","","","","","","","","","","","","","","","","","","","","","",""
"63263001","PUY-DE-DOME-MN",45.775,2.966667,1461,1965072509,"","","","",14.,1,270,1,"","","","","","","","","","","","","","","","","","","","","","","","","","","","",7.,1,6.2,1,"","","","","","","","","","","","","","","","","","","","","","","","","","",96,1,"","","","","","","","","","","","",9.6,1,"","","","","","","","",6,1,0,1,2,1,8,1,2,1,"","","","","","","","","","","","","","","","","","","","","","","","",99990,1,"","",28,1,2,1,"","","","","","","","","","","","","","","","","","","","","","","","","","","","","","","","","","","","","","","","","","","","","","","","","","","","","","","","","","","","","","","","","",""
"63263001","PUY-DE-DOME-MN",45.775,2.966667,1461,1965072512,"","","","",13.,1,270,1,"","","","","","","","","","","","","","","","","","","","","","","","","","","","",9.7,1,6.1,1,"","","","","","","","","","","","","","","","","","","","","","","","","","",79,1,"","","","","","","","","","","","",9.5,1,"","","","","","","","",7,1,0,1,2,1,8,1,2,1,"","","","","","","","","","","","","","","","","","","","","","","","",99990,1,"","",3,1,4,1,"","","","","","","","","","","","","","","","","","","","","","","","","","","","","","","","","","","","","","","","","","","","","","","","","","","","","","","","","","","","","","","","","",""
"63263001","PUY-DE-DOME-MN",45.775,2.966667,1461,1965072515,"","","","",10.,1,270,1,"","","","","","","","","","","","","","","","","","","","","","","","","","","","",10.8,1,6.8,1,"","","","","","","","","","","","","","","","","","","","","","","","","","",77,1,"","","","","","","","","","","","",10.,1,"","","","","","","","",5,1,5,1,4,1,0,1,0,1,"","","","","","","","","","","","","","","","","","","","","","","","",80000,1,"","",1,1,2,1,"","","","","","","","","","","","","","","","","","","","","","","","","","","","","","","","","","","","","","","","","","","","","","","","","","","","","","","","","","","","","","","","","",""
"63263001","PUY-DE-DOME-MN",45.775,2.966667,1461,1965072518,"","","","",10.,1,270,1,"","","","","","","","","","","","","","","","","","","","","","","","","","","","",9.,1,6.8,1,"","","","","","","","","","","","","","","","","","","","","","","","","","",87,1,"","","","","","","","","","","","",10.,1,"","","","","","","","",7,1,7,1,4,1,"","","","","","","","","","","","","","","","","","","","","","","","","","","","",55000,1,"","",2,1,2,1,"","","","","","","","","","","","","","","","","","","","","","","","","","","","","","","","","","","","","","","","","","","","","","","","","","","","","","","","","","","","","","","","","",""
"63263001","PUY-DE-DOME-MN",45.775,2.966667,1461,1965072521,"","","","","","","","","","","","","","","","","","","","","","","","","","","","","","","","","","","","",7.2,1,7.2,1,"","","","","","","","","","","","","","","","","","","","","","","","","","",100,1,"","","","","","","","","","","","",10.2,1,"","","","","","","","","","","","","","","","","","","","","","","","","","","","","","","","","","","","","","","","","","","","","","","","","","","","","","","","","","","","","","","","","","","","","","","","","","","","","","","","","","","","","","","","","","","","","","","","","","","","","","","","","","","","","","","","","","","",""
"63263001","PUY-DE-DOME-MN",45.775,2.966667,1461,1965072600,"","","","","","","","","","","","","","","","","","","","","","","","","","","","","","","","","","","","",5.2,1,5.2,1,"","","","","","","","","","","","","","","","","","","","","","","","","","",100,1,"","","","","","","","","","","","",8.9,1,"","","","","","","","","","","","","","","","","","","","","","","","","","","","","","","","","","","","","","","","","","","","","","","","","","","","","","","","","","","","","","","","","","","","","","","","","","","","","","","","","","","","","","","","","","","","","","","","","","","","","","","","","","","","","","","","","","","",""
"63263001","PUY-DE-DOME-MN",45.775,2.966667,1461,1965072603,"","","","","","","","","","","","","","","","","","","","","","","","","","","","","","","","","","","","",4.,1,4.,1,"","","","","","","","","","","","","","","","","","","","","","","","","","",100,1,"","","","","","","","","","","","",8.1,1,"","","","","","","","","","","","","","","","","","","","","","","","","","","","","","","","","","","","","","","","","","","","","","","","","","","","","","","","","","","","","","","","","","","","","","","","","","","","","","","","","","","","","","","","","","","","","","","","","","","","","","","","","","","","","","","","","","","",""
"63263001","PUY-DE-DOME-MN",45.775,2.966667,1461,1965072606,"","","","",10.,1,290,1,"","","","","","","","","","","","","","","","","","","","","","","","","","","","",3.,1,3.,1,"","","","","","","","","","","","","","","","","","","","","","","","","","",100,1,"","","","","","","","","","","","",7.6,1,"","","","","","","","",9,1,"","","","","","","","","","","","","","","","","","","","","","","","","","","","","","","","",40,1,"","",45,1,4,1,"","",0,1,"","","","","","","","","","","","","","","","","","","","","","","","","","","","","","","","","","","","","","","","","","","","","","","","","","","","","","","","","","","","","",""
"63263001","PUY-DE-DOME-MN",45.775,2.966667,1461,1965072609,"","","","",9.,1,290,1,"","","","","","","","","","","","","","","","","","","","","","","","","","","","",4.6,1,4.6,1,"","","","","","","","","","","","","","","","","","","","","","","","","","",100,1,"","","","","","","","","","","","",8.5,1,"","","","","","","","",9,1,"","","","","","","","","","","","","","","","","","","","","","","","","","","","","","","","",80,1,"","",45,1,4,1,"","","","","","","","","","","","","","","","","","","","","","","","","","","","","","","","","","","","","","","","","","","","","","","","","","","","","","","","","","","","","","","","","",""
"63263001","PUY-DE-DOME-MN",45.775,2.966667,1461,1965072612,"","","","",14.,1,290,1,"","","","","","","","","","","","","","","","","","","","","","","","","","","","",7.2,1,5.,1,"","","","","","","","","","","","","","","","","","","","","","","","","","",86,1,"","","","","","","","","","","","",8.8,1,"","","","","","","","",7,1,5,1,2,1,4,1,0,1,"","","","","","","","","","","","","","","","","","","","","","","","",99990,1,"","",1,1,4,1,"","","","","","","","","","","","","","","","","","","","","","","","","","","","","","","","","","","","","","","","","","","","","","","","","","","","","","","","","","","","","","","","","",""
"63263001","PUY-DE-DOME-MN",45.775,2.966667,1461,1965072615,"","","","",15.,1,290,1,"","","","","","","","","","","","","","","","","","","","","","","","","","","","",7.4,1,7.4,1,"","","","","","","","","","","","","","","","","","","","","","","","","","",100,1,"","","","","","","","","","","","",10.3,1,"","","","","","","","",8,1,8,1,"","","","","","","","","","","","","","","","","","","","","","","","","","","","","","",100,1,"","",41,1,8,1,"","","","","","","","","","","","","","","","","","","","","","","","","","","","","","","","","","","","","","","","","","","","","","","","","","","","","","","","","","","","","","","","","",""
"63263001","PUY-DE-DOME-MN",45.775,2.966667,1461,1965072618,"","","","",17.,1,290,1,"","","","","","","","","","","","","","","","","","","","","","","","","","","","",6.6,1,6.6,1,"","","","","","","","","","","","","","","","","","","","","","","","","","",100,1,"","","","","","","","","","","","",9.7,1,"","","","","","","","",9,1,"","","","","","","","","","","","","","","","","","","","","","","","","","","","","","","","",60,1,"","",47,1,8,1,"","","","","","","","","","","","","","","","","","","","","","","","","","","","","","","","","","","","","","","","","","","","","","","","","","","","","","","","","","","","","","","","","",""
"63263001","PUY-DE-DOME-MN",45.775,2.966667,1461,1965072621,"","","","","","","","","","","","","","","","","","","","","","","","","","","","","","","","","","","","",6.9,1,6.9,1,"","","","","","","","","","","","","","","","","","","","","","","","","","",100,1,"","","","","","","","","","","","",10.,1,"","","","","","","","","","","","","","","","","","","","","","","","","","","","","","","","","","","","","","","","","","","","","","","","","","","","","","","","","","","","","","","","","","","","","","","","","","","","","","","","","","","","","","","","","","","","","","","","","","","","","","","","","","","","","","","","","","","",""
"63263001","PUY-DE-DOME-MN",45.775,2.966667,1461,1965072700,"","","","","","","","","","","","","","","","","","","","","","","","","","","","","","","","","","","","",5.2,1,5.2,1,"","","","","","","","","","","","","","","","","","","","","","","","","","",100,1,"","","","","","","","","","","","",8.9,1,"","","","","","","","","","","","","","","","","","","","","","","","","","","","","","","","","","","","","","","","","","","","","","","","","","","","","","","","","","","","","","","","","","","","","","","","","","","","","","","","","","","","","","","","","","","","","","","","","","","","","","","","","","","","","","","","","","","",""
"63263001","PUY-DE-DOME-MN",45.775,2.966667,1461,1965072703,"","","","","","","","","","","","","","","","","","","","","","","","","","","","","","","","","","","","",4.8,1,4.8,1,"","","","","","","","","","","","","","","","","","","","","","","","","","",100,1,"","","","","","","","","","","","",8.6,1,"","","","","","","","","","","","","","","","","","","","","","","","","","","","","","","","","","","","","","","","","","","","","","","","","","","","","","","","","","","","","","","","","","","","","","","","","","","","","","","","","","","","","","","","","","","","","","","","","","","","","","","","","","","","","","","","","","","",""
"63263001","PUY-DE-DOME-MN",45.775,2.966667,1461,1965072706,"","","","",16.,1,290,1,"","","","","","","","","","","","","","","","","","","","","","","","","","","","",4.,1,4.,1,"","","","","","","","","","","","","","","","","","","","","","","","","","",100,1,"","","","","","","","","","","","",8.1,1,"","","","","","","","",9,1,"","","","","","","","","","","","","","","","","","","","","","","","","","","","","","","","",60,1,"","",45,1,8,1,"","",0,1,"","","","","","","","","","","","","","","","","","","","","","","","","","","","","","","","","","","","","","","","","","","","","","","","","","","","","","","","","","","","","",""
"63263001","PUY-DE-DOME-MN",45.775,2.966667,1461,1965072709,"","","","",14.,1,310,1,"","","","","","","","","","","","","","","","","","","","","","","","","","","","",4.7,1,3.,1,"","","","","","","","","","","","","","","","","","","","","","","","","","",90,1,"","","","","","","","","","","","",7.6,1,"","","","","","","","",7,1,7,1,5,1,"","","","","","","","","","","","","","","","","","","","","","","","","","","","",80000,1,"","",2,1,4,1,"","","","","","","","","","","","","","","","","","","","","","","","","","","","","","","","","","","","","","","","","","","","","","","","","","","","","","","","","","","","","","","","","",""
"63263001","PUY-DE-DOME-MN",45.775,2.966667,1461,1965072712,"","","","",8.,1,310,1,"","","","","","","","","","","","","","","","","","","","","","","","","","","","",7.4,1,3.8,1,"","","","","","","","","","","","","","","","","","","","","","","","","","",79,1,"","","","","","","","","","","","",8.1,1,"","","","","","","","",7,1,7,1,5,1,"","","","","","","","","","","","","","","","","","","","","","","","","","","","",80000,1,"","",2,1,4,1,"","","","","","","","","","","","","","","","","","","","","","","","","","","","","","","","","","","","","","","","","","","","","","","","","","","","","","","","","","","","","","","","","",""
"63263001","PUY-DE-DOME-MN",45.775,2.966667,1461,1965072715,"","","","",6.,1,310,1,"","","","","","","","","","","","","","","","","","","","","","","","","","","","",9.1,1,5.3,1,"","","","","","","","","","","","","","","","","","","","","","","","","","",78,1,"","","","","","","","","","","","",9.,1,"","","","","","","","",7,1,7,1,5,1,"","","","","","","","","","","","","","","","","","","","","","","","","","","","",80000,1,"","",3,1,2,1,"","","","","","","","","","","","","","","","","","","","","","","","","","","","","","","","","","","","","","","","","","","","","","","","","","","","","","","","","","","","","","","","","",""
"63263001","PUY-DE-DOME-MN",45.775,2.966667,1461,1965072718,"","","","",6.,1,310,1,"","","","","","","","","","","","","","","","","","","","","","","","","","","","",9.6,1,7.3,1,"","","","","","","","","","","","","","","","","","","","","","","","","","",87,1,"","","","","","","","","","","","",10.4,1,"","","","","","","","",6,1,5,1,2,1,0,1,2,1,"","","","","","","","","","","","","","","","","","","","","","","","",70000,1,"","",3,1,2,1,"","","","","","","","","","","","","","","","","","","","","","","","","","","","","","","","","","","","","","","","","","","","","","","","","","","","","","","","","","","","","","","","","",""
"63263001","PUY-DE-DOME-MN",45.775,2.966667,1461,1965072721,"","","","","","","","","","","","","","","","","","","","","","","","","","","","","","","","","","","","",8.3,1,7.3,1,"","","","","","","","","","","","","","","","","","","","","","","","","","",95,1,"","","","","","","","","","","","",10.4,1,"","","","","","","","","","","","","","","","","","","","","","","","","","","","","","","","","","","","","","","","","","","","","","","","","","","","","","","","","","","","","","","","","","","","","","","","","","","","","","","","","","","","","","","","","","","","","","","","","","","","","","","","","","","","","","","","","","","",""
"63263001","PUY-DE-DOME-MN",45.775,2.966667,1461,1965072800,"","","","","","","","","","","","","","","","","","","","","","","","","","","","","","","","","","","","",7.6,1,6.6,1,"","","","","","","","","","","","","","","","","","","","","","","","","","",95,1,"","","","","","","","","","","","",9.9,1,"","","","","","","","","","","","","","","","","","","","","","","","","","","","","","","","","","","","","","","","","","","","","","","","","","","","","","","","","","","","","","","","","","","","","","","","","","","","","","","","","","","","","","","","","","","","","","","","","","","","","","","","","","","","","","","","","","","",""
"63263001","PUY-DE-DOME-MN",45.775,2.966667,1461,1965072803,"","","","","","","","","","","","","","","","","","","","","","","","","","","","","","","","","","","","",7.4,1,7.4,1,"","","","","","","","","","","","","","","","","","","","","","","","","","",100,1,"","","","","","","","","","","","",10.3,1,"","","","","","","","","","","","","","","","","","","","","","","","","","","","","","","","","","","","","","","","","","","","","","","","","","","","","","","","","","","","","","","","","","","","","","","","","","","","","","","","","","","","","","","","","","","","","","","","","","","","","","","","","","","","","","","","","","","",""
"63263001","PUY-DE-DOME-MN",45.775,2.966667,1461,1965072806,"","","","",13.,1,310,1,"","","","","","","","","","","","","","","","","","","","","","","","","","","","",6.7,1,5.3,1,"","","","","","","","","","","","","","","","","","","","","","","","","","",92,1,"","","","","","","","","","","","",9.,1,"","","","","","","","",1,1,0,1,0,1,0,1,1,1,"","","","","","","","","","","","","","","","","","","","","","","","",90000,1,"","",2,1,4,1,"","",0,1,"","","","","","","","","","","","","","","","","","","","","","","","","","","","","","","","","","","","","","","","","","","","","","","","","","","","","","","","","","","","","",""
"63263001","PUY-DE-DOME-MN",45.775,2.966667,1461,1965072809,"","","","",5.,1,310,1,"","","","","","","","","","","","","","","","","","","","","","","","","","","","",8.5,1,6.5,1,"","","","","","","","","","","","","","","","","","","","","","","","","","",88,1,"","","","","","","","","","","","",9.8,1,"","","","","","","","",7,1,7,1,5,1,"","","","","","","","","","","","","","","","","","","","","","","","","","","","",70000,1,"","",2,1,1,1,"","","","","","","","","","","","","","","","","","","","","","","","","","","","","","","","","","","","","","","","","","","","","","","","","","","","","","","","","","","","","","","","","",""
"63263001","PUY-DE-DOME-MN",45.775,2.966667,1461,1965072812,"","","","",8.,1,270,1,"","","","","","","","","","","","","","","","","","","","","","","","","","","","",11.6,1,5.9,1,"","","","","","","","","","","","","","","","","","","","","","","","","","",69,1,"","","","","","","","","","","","",9.4,1,"","","","","","","","",2,1,0,1,2,1,0,1,0,1,"","","","","","","","","","","","","","","","","","","","","","","","",50000,1,"","",1,1,1,1,"","","","","","","","","","","","","","","","","","","","","","","","","","","","","","","","","","","","","","","","","","","","","","","","","","","","","","","","","","","","","","","","","",""
"63263001","PUY-DE-DOME-MN",45.775,2.966667,1461,1965072815,"","","","",8.,1,270,1,"","","","","","","","","","","","","","","","","","","","","","","","","","","","",13.8,1,6.4,1,"","","","","","","","","","","","","","","","","","","","","","","","","","",61,1,"","","","","","","","","","","","",9.7,1,"","","","","","","","",6,1,0,1,2,1,0,1,2,1,"","","","","","","","","","","","","","","","","","","","","","","","",50000,1,"","",3,1,1,1,"","","","","","","","","","","","","","","","","","","","","","","","","","","","","","","","","","","","","","","","","","","","","","","","","","","","","","","","","","","","","","","","","",""
"63263001","PUY-DE-DOME-MN",45.775,2.966667,1461,1965072818,"","","","",9.,1,290,1,"","","","","","","","","","","","","","","","","","","","","","","","","","","","",12.8,1,4.,1,"","","","","","","","","","","","","","","","","","","","","","","","","","",55,1,"","","","","","","","","","","","",8.2,1,"","","","","","","","",6,1,6,1,4,1,0,1,2,1,"","","","","","","","","","","","","","","","","","","","","","","","",60000,1,"","",2,1,1,1,"","","","","","","","","","","","","","","","","","","","","","","","","","","","","","","","","","","","","","","","","","","","","","","","","","","","","","","","","","","","","","","","","",""
"63263001","PUY-DE-DOME-MN",45.775,2.966667,1461,1965072821,"","","","","","","","","","","","","","","","","","","","","","","","","","","","","","","","","","","","",10.3,1,5.3,1,"","","","","","","","","","","","","","","","","","","","","","","","","","",72,1,"","","","","","","","","","","","",9.,1,"","","","","","","","","","","","","","","","","","","","","","","","","","","","","","","","","","","","","","","","","","","","","","","","","","","","","","","","","","","","","","","","","","","","","","","","","","","","","","","","","","","","","","","","","","","","","","","","","","","","","","","","","","","","","","","","","","","",""
"63263001","PUY-DE-DOME-MN",45.775,2.966667,1461,1965072900,"","","","","","","","","","","","","","","","","","","","","","","","","","","","","","","","","","","","",10.1,1,7.5,1,"","","","","","","","","","","","","","","","","","","","","","","","","","",83,1,"","","","","","","","","","","","",10.5,1,"","","","","","","","","","","","","","","","","","","","","","","","","","","","","","","","","","","","","","","","","","","","","","","","","","","","","","","","","","","","","","","","","","","","","","","","","","","","","","","","","","","","","","","","","","","","","","","","","","","","","","","","","","","","","","","","","","","",""
"63263001","PUY-DE-DOME-MN",45.775,2.966667,1461,1965072903,"","","","","","","","","","","","","","","","","","","","","","","","","","","","","","","","","","","","",9.9,1,8.1,1,"","","","","","","","","","","","","","","","","","","","","","","","","","",90,1,"","","","","","","","","","","","",11.,1,"","","","","","","","","","","","","","","","","","","","","","","","","","","","","","","","","","","","","","","","","","","","","","","","","","","","","","","","","","","","","","","","","","","","","","","","","","","","","","","","","","","","","","","","","","","","","","","","","","","","","","","","","","","","","","","","","","","",""
"63263001","PUY-DE-DOME-MN",45.775,2.966667,1461,1965072906,"","","","",24.,1,270,1,"","","","","","","","","","","","","","","","","","","","","","","","","","","","",7.7,1,6.6,1,"","","","","","","","","","","","","","","","","","","","","","","","","","",94,1,"","","","","","","","","","","","",9.9,1,"","","","","","","","",8,1,8,1,0,1,7,1,"","","","","","","","","","","","","","","","","","","","","","","","","","",60000,1,"","",2,1,2,1,"","",0,1,"","","","","","","","","","","","","","","","","","","","","","","","","","","","","","","","","","","","","","","","","","","","","","","","","","","","","","","","","","","","","",""
"63263001","PUY-DE-DOME-MN",45.775,2.966667,1461,1965072909,"","","","",19.,1,270,1,"","","","","","","","","","","","","","","","","","","","","","","","","","","","",6.6,1,6.6,1,"","","","","","","","","","","","","","","","","","","","","","","","","","",100,1,"","","","","","","","","","","","",9.7,1,"","","","","","","","",9,1,"","","","","","","","","","","","","","","","","","","","","","","","","","","","","","","","",40,1,"","",45,1,4,1,"","","","","","","","","","","","","","","","","","","","","","","","","","","","","","","","","","","","","","","","","","","","","","","","","","","","","","","","","","","","","","","","","",""
"63263001","PUY-DE-DOME-MN",45.775,2.966667,1461,1965072912,"","","","",19.,1,270,1,"","","","","","","","","","","","","","","","","","","","","","","","","","","","",9.,1,9.,1,"","","","","","","","","","","","","","","","","","","","","","","","","","",100,1,"","","","","","","","","","","","",11.5,1,"","","","","","","","",9,1,"","","","","","","","","","","","","","","","","","","","","","","","","","","","","","","","",40,1,"","",45,1,4,1,"","","","","","","","","","","","","","","","","","","","","","","","","","","","","","","","","","","","","","","","","","","","","","","","","","","","","","","","","","","","","","","","","",""
"63263001","PUY-DE-DOME-MN",45.775,2.966667,1461,1965072915,"","","","",20.,1,270,1,"","","","","","","","","","","","","","","","","","","","","","","","","","","","",9.3,1,9.3,1,"","","","","","","","","","","","","","","","","","","","","","","","","","",100,1,"","","","","","","","","","","","",11.7,1,"","","","","","","","",9,1,"","","","","","","","","","","","","","","","","","","","","","","","","","","","","","","","",80,1,"","",43,1,4,1,"","","","","","","","","","","","","","","","","","","","","","","","","","","","","","","","","","","","","","","","","","","","","","","","","","","","","","","","","","","","","","","","","",""
"63263001","PUY-DE-DOME-MN",45.775,2.966667,1461,1965072918,"","","","",23.,1,270,1,"","","","","","","","","","","","","","","","","","","","","","","","","","","","",10.,1,10.,1,"","","","","","","","","","","","","","","","","","","","","","","","","","",100,1,"","","","","","","","","","","","",12.3,1,"","","","","","","","",8,1,8,1,"","","","","","","","","","","","","","","","","","","","","","","","","","","","","","",100,1,"","",41,1,4,1,"","","","","","","","","","","","","","","","","","","","","","","","","","","","","","","","","","","","","","","","","","","","","","","","","","","","","","","","","","","","","","","","","",""
"63263001","PUY-DE-DOME-MN",45.775,2.966667,1461,1965072921,"","","","","","","","","","","","","","","","","","","","","","","","","","","","","","","","","","","","",10.2,1,10.2,1,"","","","","","","","","","","","","","","","","","","","","","","","","","",100,1,"","","","","","","","","","","","",12.4,1,"","","","","","","","","","","","","","","","","","","","","","","","","","","","","","","","","","","","","","","","","","","","","","","","","","","","","","","","","","","","","","","","","","","","","","","","","","","","","","","","","","","","","","","","","","","","","","","","","","","","","","","","","","","","","","","","","","","",""
"63263001","PUY-DE-DOME-MN",45.775,2.966667,1461,1965073000,"","","","","","","","","","","","","","","","","","","","","","","","","","","","","","","","","","","","",9.4,1,9.4,1,"","","","","","","","","","","","","","","","","","","","","","","","","","",100,1,"","","","","","","","","","","","",11.8,1,"","","","","","","","","","","","","","","","","","","","","","","","","","","","","","","","","","","","","","","","","","","","","","","","","","","","","","","","","","","","","","","","","","","","","","","","","","","","","","","","","","","","","","","","","","","","","","","","","","","","","","","","","","","","","","","","","","","",""
"63263001","PUY-DE-DOME-MN",45.775,2.966667,1461,1965073003,"","","","","","","","","","","","","","","","","","","","","","","","","","","","","","","","","","","","",9.1,1,9.1,1,"","","","","","","","","","","","","","","","","","","","","","","","","","",100,1,"","","","","","","","","","","","",11.5,1,"","","","","","","","","","","","","","","","","","","","","","","","","","","","","","","","","","","","","","","","","","","","","","","","","","","","","","","","","","","","","","","","","","","","","","","","","","","","","","","","","","","","","","","","","","","","","","","","","","","","","","","","","","","","","","","","","","","",""
"63263001","PUY-DE-DOME-MN",45.775,2.966667,1461,1965073006,"","","","",14.,1,270,1,"","","","","","","","","","","","","","","","","","","","","","","","","","","","",8.7,1,8.7,1,"","","","","","","","","","","","","","","","","","","","","","","","","","",100,1,"","","","","","","","","","","","",11.2,1,"","","","","","","","",9,1,"","","","","","","","","","","","","","","","","","","","","","","","","","","","","","","","",40,1,"","",45,1,6,1,"","",0,1,"","","","","","","","","","","","","","","","","","","","","","","","","","","","","","","","","","","","","","","","","","","","","","","","","","","","","","","","","","","","","",""
"63263001","PUY-DE-DOME-MN",45.775,2.966667,1461,1965073009,"","","","",11.,1,270,1,"","","","","","","","","","","","","","","","","","","","","","","","","","","","",8.9,1,8.9,1,"","","","","","","","","","","","","","","","","","","","","","","","","","",100,1,"","","","","","","","","","","","",11.4,1,"","","","","","","","",9,1,"","","","","","","","","","","","","","","","","","","","","","","","","","","","","","","","",100,1,"","",45,1,4,1,"","","","","","","","","","","","","","","","","","","","","","","","","","","","","","","","","","","","","","","","","","","","","","","","","","","","","","","","","","","","","","","","","",""
"63263001","PUY-DE-DOME-MN",45.775,2.966667,1461,1965073012,"","","","",9.,1,270,1,"","","","","","","","","","","","","","","","","","","","","","","","","","","","",11.8,1,9.8,1,"","","","","","","","","","","","","","","","","","","","","","","","","","",89,1,"","","","","","","","","","","","",12.3,1,"","","","","","","","",7,1,7,1,5,1,"","","","","","","","","","","","","","","","","","","","","","","","","","","","",60000,1,"","",2,1,4,1,"","","","","","","","","","","","","","","","","","","","","","","","","","","","","","","","","","","","","","","","","","","","","","","","","","","","","","","","","","","","","","","","","",""
"63263001","PUY-DE-DOME-MN",45.775,2.966667,1461,1965073015,"","","","",17.,1,270,1,"","","","","","","","","","","","","","","","","","","","","","","","","","","","",11.7,1,11.7,1,"","","","","","","","","","","","","","","","","","","","","","","","","","",100,1,"","","","","","","","","","","","",13.7,1,"","","","","","","","",9,1,"","","","","","","","","","","","","","","","","","","","","","","","","","","","","","","","",80,1,"","",47,1,2,1,"","","","","","","","","","","","","","","","","","","","","","","","","","","","","","","","","","","","","","","","","","","","","","","","","","","","","","","","","","","","","","","","","",""
"63263001","PUY-DE-DOME-MN",45.775,2.966667,1461,1965073018,"","","","",22.,1,270,1,"","","","","","","","","","","","","","","","","","","","","","","","","","","","",11.7,1,11.7,1,"","","","","","","","","","","","","","","","","","","","","","","","","","",100,1,"","","","","","","","","","","","",13.7,1,"","","","","","","","",8,1,8,1,"","","","","","","","","","","","","","","","","","","","","","","","","","","","","","",100,1,"","",41,1,4,1,"","","","","","","","","","","","","","","","","","","","","","","","","","","","","","","","","","","","","","","","","","","","","","","","","","","","","","","","","","","","","","","","","",""
"63263001","PUY-DE-DOME-MN",45.775,2.966667,1461,1965073021,"","","","","","","","","","","","","","","","","","","","","","","","","","","","","","","","","","","","",10.5,1,10.5,1,"","","","","","","","","","","","","","","","","","","","","","","","","","",100,1,"","","","","","","","","","","","",12.7,1,"","","","","","","","","","","","","","","","","","","","","","","","","","","","","","","","","","","","","","","","","","","","","","","","","","","","","","","","","","","","","","","","","","","","","","","","","","","","","","","","","","","","","","","","","","","","","","","","","","","","","","","","","","","","","","","","","","","",""
"63263001","PUY-DE-DOME-MN",45.775,2.966667,1461,1965073100,"","","","","","","","","","","","","","","","","","","","","","","","","","","","","","","","","","","","",10.1,1,10.1,1,"","","","","","","","","","","","","","","","","","","","","","","","","","",100,1,"","","","","","","","","","","","",12.4,1,"","","","","","","","","","","","","","","","","","","","","","","","","","","","","","","","","","","","","","","","","","","","","","","","","","","","","","","","","","","","","","","","","","","","","","","","","","","","","","","","","","","","","","","","","","","","","","","","","","","","","","","","","","","","","","","","","","","",""
"63263001","PUY-DE-DOME-MN",45.775,2.966667,1461,1965073103,"","","","","","","","","","","","","","","","","","","","","","","","","","","","","","","","","","","","",7.1,1,7.1,1,"","","","","","","","","","","","","","","","","","","","","","","","","","",100,1,"","","","","","","","","","","","",10.1,1,"","","","","","","","","","","","","","","","","","","","","","","","","","","","","","","","","","","","","","","","","","","","","","","","","","","","","","","","","","","","","","","","","","","","","","","","","","","","","","","","","","","","","","","","","","","","","","","","","","","","","","","","","","","","","","","","","","","",""
"63263001","PUY-DE-DOME-MN",45.775,2.966667,1461,1965073106,"","","","",21.,1,290,1,"","","","","","","","","","","","","","","","","","","","","","","","","","","","",4.7,1,4.7,1,"","","","","","","","","","","","","","","","","","","","","","","","","","",100,1,"","","","","","","","","","","","",8.5,1,"","","","","","","","",8,1,8,1,"","","","","","","","","","","","","","","","","","","","","","","","","","","","","","",100,1,"","",41,1,4,1,"","",0,1,"","","","","","","","","","","","","","","","","","","","","","","","","","","","","","","","","","","","","","","","","","","","","","","","","","","","","","","","","","","","","",""
"63263001","PUY-DE-DOME-MN",45.775,2.966667,1461,1965073109,"","","","",12.,1,290,1,"","","","","","","","","","","","","","","","","","","","","","","","","","","","",6.2,1,6.2,1,"","","","","","","","","","","","","","","","","","","","","","","","","","",100,1,"","","","","","","","","","","","",9.5,1,"","","","","","","","",8,1,8,1,"","","","","","","","","","","","","","","","","","","","","","","","","","","","","","",100,1,"","",41,1,4,1,"","","","","","","","","","","","","","","","","","","","","","","","","","","","","","","","","","","","","","","","","","","","","","","","","","","","","","","","","","","","","","","","","",""
"63263001","PUY-DE-DOME-MN",45.775,2.966667,1461,1965073112,"","","","",8.,1,290,1,"","","","","","","","","","","","","","","","","","","","","","","","","","","","",7.8,1,6.8,1,"","","","","","","","","","","","","","","","","","","","","","","","","","",94,1,"","","","","","","","","","","","",10.,1,"","","","","","","","",8,1,8,1,2,1,"","","","","","","","","","","","","","","","","","","","","","","","","","","","",80000,1,"","",1,1,4,1,"","","","","","","","","","","","","","","","","","","","","","","","","","","","","","","","","","","","","","","","","","","","","","","","","","","","","","","","","","","","","","","","","",""
"63263001","PUY-DE-DOME-MN",45.775,2.966667,1461,1965073115,"","","","",12.,1,270,1,"","","","","","","","","","","","","","","","","","","","","","","","","","","","",9.4,1,6.6,1,"","","","","","","","","","","","","","","","","","","","","","","","","","",84,1,"","","","","","","","","","","","",9.9,1,"","","","","","","","",7,1,6,1,2,1,6,1,"","","","","","","","","","","","","","","","","","","","","","","","","","",80000,1,"","",1,1,2,1,"","","","","","","","","","","","","","","","","","","","","","","","","","","","","","","","","","","","","","","","","","","","","","","","","","","","","","","","","","","","","","","","","",""
"63263001","PUY-DE-DOME-MN",45.775,2.966667,1461,1965073118,"","","","",12.,1,290,1,"","","","","","","","","","","","","","","","","","","","","","","","","","","","",7.9,1,7.9,1,"","","","","","","","","","","","","","","","","","","","","","","","","","",100,1,"","","","","","","","","","","","",10.7,1,"","","","","","","","",9,1,"","","","","","","","","","","","","","","","","","","","","","","","","","","","","","","","",60,1,"","",43,1,8,1,"","","","","","","","","","","","","","","","","","","","","","","","","","","","","","","","","","","","","","","","","","","","","","","","","","","","","","","","","","","","","","","","","",""
"63263001","PUY-DE-DOME-MN",45.775,2.966667,1461,1965073121,"","","","","","","","","","","","","","","","","","","","","","","","","","","","","","","","","","","","",7.,1,7.,1,"","","","","","","","","","","","","","","","","","","","","","","","","","",100,1,"","","","","","","","","","","","",10.,1,"","","","","","","","","","","","","","","","","","","","","","","","","","","","","","","","","","","","","","","","","","","","","","","","","","","","","","","","","","","","","","","","","","","","","","","","","","","","","","","","","","","","","","","","","","","","","","","","","","","","","","","","","","","","","","","","","","","",""
"63263001","PUY-DE-DOME-MN",45.775,2.966667,1461,1965080100,"","","","","","","","","","","","","","","","","","","","","","","","","","","","","","","","","","","","",6.8,1,6.8,1,"","","","","","","","","","","","","","","","","","","","","","","","","","",100,1,"","","","","","","","","","","","",9.9,1,"","","","","","","","","","","","","","","","","","","","","","","","","","","","","","","","","","","","","","","","","","","","","","","","","","","","","","","","","","","","","","","","","","","","","","","","","","","","","","","","","","","","","","","","","","","","","","","","","","","","","","","","","","","","","","","","","","","",""
"63263001","PUY-DE-DOME-MN",45.775,2.966667,1461,1965080103,"","","","","","","","","","","","","","","","","","","","","","","","","","","","","","","","","","","","",4.9,1,4.9,1,"","","","","","","","","","","","","","","","","","","","","","","","","","",100,1,"","","","","","","","","","","","",8.7,1,"","","","","","","","","","","","","","","","","","","","","","","","","","","","","","","","","","","","","","","","","","","","","","","","","","","","","","","","","","","","","","","","","","","","","","","","","","","","","","","","","","","","","","","","","","","","","","","","","","","","","","","","","","","","","","","","","","","",""
"63263001","PUY-DE-DOME-MN",45.775,2.966667,1461,1965080106,"","","","",6.,1,310,1,"","","","","","","","","","","","","","","","","","","","","","","","","","","","",3.7,1,3.7,1,"","","","","","","","","","","","","","","","","","","","","","","","","","",100,1,"","","","","","","","","","","","",8.,1,"","","","","","","","",9,1,"","","","","","","","","","","","","","","","","","","","","","","","","","","","","","","","",80,1,"","",45,1,4,1,"","",0,1,"","","","","","","","","","","","","","","","","","","","","","","","","","","","","","","","","","","","","","","","","","","","","","","","","","","","","","","","","","","","","",""
"63263001","PUY-DE-DOME-MN",45.775,2.966667,1461,1965080109,"","","","",8.,1,310,1,"","","","","","","","","","","","","","","","","","","","","","","","","","","","",5.3,1,3.,1,"","","","","","","","","","","","","","","","","","","","","","","","","","",85,1,"","","","","","","","","","","","",7.6,1,"","","","","","","","",5,1,0,1,2,1,0,1,2,1,"","","","","","","","","","","","","","","","","","","","","","","","",90000,1,"","",28,1,4,1,"","","","","","","","","","","","","","","","","","","","","","","","","","","","","","","","","","","","","","","","","","","","","","","","","","","","","","","","","","","","","","","","","",""
"63263001","PUY-DE-DOME-MN",45.775,2.966667,1461,1965080112,"","","","",10.,1,310,1,"","","","","","","","","","","","","","","","","","","","","","","","","","","","",6.8,1,3.8,1,"","","","","","","","","","","","","","","","","","","","","","","","","","",82,1,"","","","","","","","","","","","",8.1,1,"","","","","","","","",6,1,6,1,2,1,6,1,0,1,"","","","","","","","","","","","","","","","","","","","","","","","",99990,1,"","",3,1,4,1,"","","","","","","","","","","","","","","","","","","","","","","","","","","","","","","","","","","","","","","","","","","","","","","","","","","","","","","","","","","","","","","","","",""
"63263001","PUY-DE-DOME-MN",45.775,2.966667,1461,1965080115,"","","","",12.,1,310,1,"","","","","","","","","","","","","","","","","","","","","","","","","","","","",7.7,1,4.,1,"","","","","","","","","","","","","","","","","","","","","","","","","","",78,1,"","","","","","","","","","","","",8.2,1,"","","","","","","","",5,1,0,1,2,1,6,1,0,1,"","","","","","","","","","","","","","","","","","","","","","","","",99990,1,"","",1,1,2,1,"","","","","","","","","","","","","","","","","","","","","","","","","","","","","","","","","","","","","","","","","","","","","","","","","","","","","","","","","","","","","","","","","",""
"63263001","PUY-DE-DOME-MN",45.775,2.966667,1461,1965080118,"","","","",15.,1,310,1,"","","","","","","","","","","","","","","","","","","","","","","","","","","","",6.4,1,3.5,1,"","","","","","","","","","","","","","","","","","","","","","","","","","",82,1,"","","","","","","","","","","","",7.9,1,"","","","","","","","",5,1,0,1,2,1,6,1,2,1,"","","","","","","","","","","","","","","","","","","","","","","","",60000,1,"","",1,1,2,1,"","","","","","","","","","","","","","","","","","","","","","","","","","","","","","","","","","","","","","","","","","","","","","","","","","","","","","","","","","","","","","","","","",""
"63263001","PUY-DE-DOME-MN",45.775,2.966667,1461,1965080121,"","","","","","","","","","","","","","","","","","","","","","","","","","","","","","","","","","","","",4.6,1,1.8,1,"","","","","","","","","","","","","","","","","","","","","","","","","","",82,1,"","","","","","","","","","","","",7.,1,"","","","","","","","","","","","","","","","","","","","","","","","","","","","","","","","","","","","","","","","","","","","","","","","","","","","","","","","","","","","","","","","","","","","","","","","","","","","","","","","","","","","","","","","","","","","","","","","","","","","","","","","","","","","","","","","","","","",""
"63263001","PUY-DE-DOME-MN",45.775,2.966667,1461,1965080200,"","","","","","","","","","","","","","","","","","","","","","","","","","","","","","","","","","","","",3.9,1,3.9,1,"","","","","","","","","","","","","","","","","","","","","","","","","","",100,1,"","","","","","","","","","","","",8.1,1,"","","","","","","","","","","","","","","","","","","","","","","","","","","","","","","","","","","","","","","","","","","","","","","","","","","","","","","","","","","","","","","","","","","","","","","","","","","","","","","","","","","","","","","","","","","","","","","","","","","","","","","","","","","","","","","","","","","",""
"63263001","PUY-DE-DOME-MN",45.775,2.966667,1461,1965080203,"","","","","","","","","","","","","","","","","","","","","","","","","","","","","","","","","","","","",3.8,1,3.8,1,"","","","","","","","","","","","","","","","","","","","","","","","","","",100,1,"","","","","","","","","","","","",8.,1,"","","","","","","","","","","","","","","","","","","","","","","","","","","","","","","","","","","","","","","","","","","","","","","","","","","","","","","","","","","","","","","","","","","","","","","","","","","","","","","","","","","","","","","","","","","","","","","","","","","","","","","","","","","","","","","","","","","",""
"63263001","PUY-DE-DOME-MN",45.775,2.966667,1461,1965080206,"","","","",0.,1,0,1,"","","","","","","","","","","","","","","","","","","","","","","","","","","","",3.5,1,3.5,1,"","","","","","","","","","","","","","","","","","","","","","","","","","",100,1,"","","","","","","","","","","","",7.8,1,"","","","","","","","",9,1,"","","","","","","","","","","","","","","","","","","","","","","","","","","","","","","","",80,1,"","",45,1,4,1,"","",0,1,"","","","","","","","","","","","","","","","","","","","","","","","","","","","","","","","","","","","","","","","","","","","","","","","","","","","","","","","","","","","","",""
"63263001","PUY-DE-DOME-MN",45.775,2.966667,1461,1965080209,"","","","",5.,1,270,1,"","","","","","","","","","","","","","","","","","","","","","","","","","","","",5.4,1,3.,1,"","","","","","","","","","","","","","","","","","","","","","","","","","",84,1,"","","","","","","","","","","","",7.6,1,"","","","","","","","",7,1,7,1,2,1,4,1,4,1,"","","","","","","","","","","","","","","","","","","","","","","","",80000,1,"","",28,1,4,1,"","","","","","","","","","","","","","","","","","","","","","","","","","","","","","","","","","","","","","","","","","","","","","","","","","","","","","","","","","","","","","","","","",""
"63263001","PUY-DE-DOME-MN",45.775,2.966667,1461,1965080212,"","","","",7.,1,250,1,"","","","","","","","","","","","","","","","","","","","","","","","","","","","",7.3,1,2.,1,"","","","","","","","","","","","","","","","","","","","","","","","","","",70,1,"","","","","","","","","","","","",7.1,1,"","","","","","","","",8,1,8,1,2,1,7,1,"","","","","","","","","","","","","","","","","","","","","","","","","","",90000,1,"","",3,1,4,1,"","","","","","","","","","","","","","","","","","","","","","","","","","","","","","","","","","","","","","","","","","","","","","","","","","","","","","","","","","","","","","","","","",""
"63263001","PUY-DE-DOME-MN",45.775,2.966667,1461,1965080215,"","","","",14.,1,250,1,"","","","","","","","","","","","","","","","","","","","","","","","","","","","",7.2,1,5.,1,"","","","","","","","","","","","","","","","","","","","","","","","","","",86,1,"","","","","","","","","","","","",8.8,1,"","","","","","","","",8,1,8,1,4,1,7,1,"","","","","","","","","","","","","","","","","","","","","","","","","","",99990,1,"","",3,1,2,1,"","","","","","","","","","","","","","","","","","","","","","","","","","","","","","","","","","","","","","","","","","","","","","","","","","","","","","","","","","","","","","","","","",""
"63263001","PUY-DE-DOME-MN",45.775,2.966667,1461,1965080218,"","","","",17.,1,270,1,"","","","","","","","","","","","","","","","","","","","","","","","","","","","",6.4,1,5.6,1,"","","","","","","","","","","","","","","","","","","","","","","","","","",96,1,"","","","","","","","","","","","",9.2,1,"","","","","","","","",8,1,8,1,4,1,7,1,"","","","","","","","","","","","","","","","","","","","","","","","","","",60000,1,"","",60,1,6,1,"","","","","","","","","","","","","","","","","","","","","","","","","","","","","","","","","","","","","","","","","","","","","","","","","","","","","","","","","","","","","","","","","",""
"63263001","PUY-DE-DOME-MN",45.775,2.966667,1461,1965080221,"","","","","","","","","","","","","","","","","","","","","","","","","","","","","","","","","","","","",9.1,1,7.3,1,"","","","","","","","","","","","","","","","","","","","","","","","","","",90,1,"","","","","","","","","","","","",10.4,1,"","","","","","","","","","","","","","","","","","","","","","","","","","","","","","","","","","","","","","","","","","","","","","","","","","","","","","","","","","","","","","","","","","","","","","","","","","","","","","","","","","","","","","","","","","","","","","","","","","","","","","","","","","","","","","","","","","","",""
"63263001","PUY-DE-DOME-MN",45.775,2.966667,1461,1965080300,"","","","","","","","","","","","","","","","","","","","","","","","","","","","","","","","","","","","",8.1,1,8.1,1,"","","","","","","","","","","","","","","","","","","","","","","","","","",100,1,"","","","","","","","","","","","",10.8,1,"","","","","","","","","","","","","","","","","","","","","","","","","","","","","","","","","","","","","","","","","","","","","","","","","","","","","","","","","","","","","","","","","","","","","","","","","","","","","","","","","","","","","","","","","","","","","","","","","","","","","","","","","","","","","","","","","","","",""
"63263001","PUY-DE-DOME-MN",45.775,2.966667,1461,1965080303,"","","","","","","","","","","","","","","","","","","","","","","","","","","","","","","","","","","","",8.3,1,8.3,1,"","","","","","","","","","","","","","","","","","","","","","","","","","",100,1,"","","","","","","","","","","","",10.9,1,"","","","","","","","","","","","","","","","","","","","","","","","","","","","","","","","","","","","","","","","","","","","","","","","","","","","","","","","","","","","","","","","","","","","","","","","","","","","","","","","","","","","","","","","","","","","","","","","","","","","","","","","","","","","","","","","","","","",""
"63263001","PUY-DE-DOME-MN",45.775,2.966667,1461,1965080306,"","","","",25.,1,270,1,"","","","","","","","","","","","","","","","","","","","","","","","","","","","",8.,1,8.,1,"","","","","","","","","","","","","","","","","","","","","","","","","","",100,1,"","","","","","","","","","","","",10.7,1,"","","","","","","","",9,1,"","","","","","","","","","","","","","","","","","","","","","","","","","","","","","","","",50,1,"","",45,1,8,1,"","",0,1,"","","","","","","","","","","","","","","","","","","","","","","","","","","","","","","","","","","","","","","","","","","","","","","","","","","","","","","","","","","","","",""
"63263001","PUY-DE-DOME-MN",45.775,2.966667,1461,1965080309,"","","","",18.,1,270,1,"","","","","","","","","","","","","","","","","","","","","","","","","","","","",6.6,1,5.9,1,"","","","","","","","","","","","","","","","","","","","","","","","","","",97,1,"","","","","","","","","","","","",9.4,1,"","","","","","","","",3,1,0,1,5,1,0,1,0,1,"","","","","","","","","","","","","","","","","","","","","","","","",70000,1,"","",28,1,8,1,"","","","","","","","","","","","","","","","","","","","","","","","","","","","","","","","","","","","","","","","","","","","","","","","","","","","","","","","","","","","","","","","","",""
"63263001","PUY-DE-DOME-MN",45.775,2.966667,1461,1965080312,"","","","",15.,1,270,1,"","","","","","","","","","","","","","","","","","","","","","","","","","","","",9.6,1,6.8,1,"","","","","","","","","","","","","","","","","","","","","","","","","","",84,1,"","","","","","","","","","","","",10.,1,"","","","","","","","",5,1,5,1,2,1,0,1,0,1,"","","","","","","","","","","","","","","","","","","","","","","","",70000,1,"","",3,1,8,1,"","","","","","","","","","","","","","","","","","","","","","","","","","","","","","","","","","","","","","","","","","","","","","","","","","","","","","","","","","","","","","","","","",""
"63263001","PUY-DE-DOME-MN",45.775,2.966667,1461,1965080315,"","","","",12.,1,290,1,"","","","","","","","","","","","","","","","","","","","","","","","","","","","",10.8,1,7.3,1,"","","","","","","","","","","","","","","","","","","","","","","","","","",80,1,"","","","","","","","","","","","",10.4,1,"","","","","","","","",5,1,5,1,2,1,0,1,0,1,"","","","","","","","","","","","","","","","","","","","","","","","",70000,1,"","",3,1,1,1,"","","","","","","","","","","","","","","","","","","","","","","","","","","","","","","","","","","","","","","","","","","","","","","","","","","","","","","","","","","","","","","","","",""
"63263001","PUY-DE-DOME-MN",45.775,2.966667,1461,1965080318,"","","","",11.,1,290,1,"","","","","","","","","","","","","","","","","","","","","","","","","","","","",11.4,1,8.,1,"","","","","","","","","","","","","","","","","","","","","","","","","","",81,1,"","","","","","","","","","","","",10.9,1,"","","","","","","","",1,1,0,1,4,1,0,1,0,1,"","","","","","","","","","","","","","","","","","","","","","","","",70000,1,"","",1,1,0,1,"","","","","","","","","","","","","","","","","","","","","","","","","","","","","","","","","","","","","","","","","","","","","","","","","","","","","","","","","","","","","","","","","",""
"63263001","PUY-DE-DOME-MN",45.775,2.966667,1461,1965080321,"","","","","","","","","","","","","","","","","","","","","","","","","","","","","","","","","","","","",9.5,1,8.4,1,"","","","","","","","","","","","","","","","","","","","","","","","","","",95,1,"","","","","","","","","","","","",11.2,1,"","","","","","","","","","","","","","","","","","","","","","","","","","","","","","","","","","","","","","","","","","","","","","","","","","","","","","","","","","","","","","","","","","","","","","","","","","","","","","","","","","","","","","","","","","","","","","","","","","","","","","","","","","","","","","","","","","","",""
"63263001","PUY-DE-DOME-MN",45.775,2.966667,1461,1965080400,"","","","","","","","","","","","","","","","","","","","","","","","","","","","","","","","","","","","",8.8,1,7.7,1,"","","","","","","","","","","","","","","","","","","","","","","","","","",95,1,"","","","","","","","","","","","",10.7,1,"","","","","","","","","","","","","","","","","","","","","","","","","","","","","","","","","","","","","","","","","","","","","","","","","","","","","","","","","","","","","","","","","","","","","","","","","","","","","","","","","","","","","","","","","","","","","","","","","","","","","","","","","","","","","","","","","","","",""
"63263001","PUY-DE-DOME-MN",45.775,2.966667,1461,1965080403,"","","","","","","","","","","","","","","","","","","","","","","","","","","","","","","","","","","","",9.2,1,8.1,1,"","","","","","","","","","","","","","","","","","","","","","","","","","",95,1,"","","","","","","","","","","","",11.,1,"","","","","","","","","","","","","","","","","","","","","","","","","","","","","","","","","","","","","","","","","","","","","","","","","","","","","","","","","","","","","","","","","","","","","","","","","","","","","","","","","","","","","","","","","","","","","","","","","","","","","","","","","","","","","","","","","","","",""
"63263001","PUY-DE-DOME-MN",45.775,2.966667,1461,1965080406,"","","","",6.,1,310,1,"","","","","","","","","","","","","","","","","","","","","","","","","","","","",11.3,1,-4.,1,"","","","","","","","","","","","","","","","","","","","","","","","","","",34,1,"","","","","","","","","","","","",4.5,1,"","","","","","","","",0,1,"","",0,1,0,1,0,1,"","","","","","","","","","","","","","","","","","","","","","","","",50000,1,"","",2,1,0,1,"","",0,1,"","","","","","","","","","","","","","","","","","","","","","","","","","","","","","","","","","","","","","","","","","","","","","","","","","","","","","","","","","","","","",""
"63263001","PUY-DE-DOME-MN",45.775,2.966667,1461,1965080409,"","","","",4.,1,350,1,"","","","","","","","","","","","","","","","","","","","","","","","","","","","",14.4,1,6.8,1,"","","","","","","","","","","","","","","","","","","","","","","","","","",61,1,"","","","","","","","","","","","",10.,1,"","","","","","","","",0,1,"","",0,1,0,1,0,1,"","","","","","","","","","","","","","","","","","","","","","","","",70000,1,"","",2,1,0,1,"","","","","","","","","","","","","","","","","","","","","","","","","","","","","","","","","","","","","","","","","","","","","","","","","","","","","","","","","","","","","","","","","",""
"63263001","PUY-DE-DOME-MN",45.775,2.966667,1461,1965080412,"","","","",0.,1,0,1,"","","","","","","","","","","","","","","","","","","","","","","","","","","","",18.1,1,13.2,1,"","","","","","","","","","","","","","","","","","","","","","","","","","",75,1,"","","","","","","","","","","","",15.5,1,"","","","","","","","",0,1,"","",0,1,0,1,0,1,"","","","","","","","","","","","","","","","","","","","","","","","",99990,1,"","",2,1,0,1,"","","","","","","","","","","","","","","","","","","","","","","","","","","","","","","","","","","","","","","","","","","","","","","","","","","","","","","","","","","","","","","","","",""
"63263001","PUY-DE-DOME-MN",45.775,2.966667,1461,1965080415,"","","","",4.,1,130,1,"","","","","","","","","","","","","","","","","","","","","","","","","","","","",19.4,1,11.3,1,"","","","","","","","","","","","","","","","","","","","","","","","","","",61,1,"","","","","","","","","","","","",13.7,1,"","","","","","","","",0,1,"","",0,1,0,1,0,1,"","","","","","","","","","","","","","","","","","","","","","","","",99990,1,"","",2,1,0,1,"","","","","","","","","","","","","","","","","","","","","","","","","","","","","","","","","","","","","","","","","","","","","","","","","","","","","","","","","","","","","","","","","",""
"63263001","PUY-DE-DOME-MN",45.775,2.966667,1461,1965080418,"","","","",6.,1,170,1,"","","","","","","","","","","","","","","","","","","","","","","","","","","","",17.4,1,8.8,1,"","","","","","","","","","","","","","","","","","","","","","","","","","",58,1,"","","","","","","","","","","","",11.5,1,"","","","","","","","",0,1,"","",0,1,0,1,0,1,"","","","","","","","","","","","","","","","","","","","","","","","",99990,1,"","",2,1,0,1,"","","","","","","","","","","","","","","","","","","","","","","","","","","","","","","","","","","","","","","","","","","","","","","","","","","","","","","","","","","","","","","","","",""
"63263001","PUY-DE-DOME-MN",45.775,2.966667,1461,1965080421,"","","","","","","","","","","","","","","","","","","","","","","","","","","","","","","","","","","","",17.7,1,9.5,1,"","","","","","","","","","","","","","","","","","","","","","","","","","",60,1,"","","","","","","","","","","","",12.1,1,"","","","","","","","","","","","","","","","","","","","","","","","","","","","","","","","","","","","","","","","","","","","","","","","","","","","","","","","","","","","","","","","","","","","","","","","","","","","","","","","","","","","","","","","","","","","","","","","","","","","","","","","","","","","","","","","","","","",""
"63263001","PUY-DE-DOME-MN",45.775,2.966667,1461,1965080500,"","","","","","","","","","","","","","","","","","","","","","","","","","","","","","","","","","","","",19.2,1,8.,1,"","","","","","","","","","","","","","","","","","","","","","","","","","",49,1,"","","","","","","","","","","","",10.9,1,"","","","","","","","","","","","","","","","","","","","","","","","","","","","","","","","","","","","","","","","","","","","","","","","","","","","","","","","","","","","","","","","","","","","","","","","","","","","","","","","","","","","","","","","","","","","","","","","","","","","","","","","","","","","","","","","","","","",""
"63263001","PUY-DE-DOME-MN",45.775,2.966667,1461,1965080503,"","","","","","","","","","","","","","","","","","","","","","","","","","","","","","","","","","","","",19.4,1,7.6,1,"","","","","","","","","","","","","","","","","","","","","","","","","","",47,1,"","","","","","","","","","","","",10.6,1,"","","","","","","","","","","","","","","","","","","","","","","","","","","","","","","","","","","","","","","","","","","","","","","","","","","","","","","","","","","","","","","","","","","","","","","","","","","","","","","","","","","","","","","","","","","","","","","","","","","","","","","","","","","","","","","","","","","",""
"63263001","PUY-DE-DOME-MN",45.775,2.966667,1461,1965080506,"","","","",12.,1,270,1,"","","","","","","","","","","","","","","","","","","","","","","","","","","","",19.3,1,4.3,1,"","","","","","","","","","","","","","","","","","","","","","","","","","",38,1,"","","","","","","","","","","","",8.4,1,"","","","","","","","",7,1,7,1,0,1,9,1,"","","","","","","","","","","","","","","","","","","","","","","","","","",80000,1,"","",3,1,1,1,"","",0,1,"","","","","","","","","","","","","","","","","","","","","","","","","","","","","","","","","","","","","","","","","","","","","","","","","","","","","","","","","","","","","",""
"63263001","PUY-DE-DOME-MN",45.775,2.966667,1461,1965080509,"","","","",12.,1,230,1,"","","","","","","","","","","","","","","","","","","","","","","","","","","","",21.1,1,7.7,1,"","","","","","","","","","","","","","","","","","","","","","","","","","",43,1,"","","","","","","","","","","","",10.7,1,"","","","","","","","",3,1,0,1,0,1,8,1,0,1,"","","","","","","","","","","","","","","","","","","","","","","","",70000,1,"","",1,1,1,1,"","","","","","","","","","","","","","","","","","","","","","","","","","","","","","","","","","","","","","","","","","","","","","","","","","","","","","","","","","","","","","","","","",""
"63263001","PUY-DE-DOME-MN",45.775,2.966667,1461,1965080512,"","","","",9.,1,250,1,"","","","","","","","","","","","","","","","","","","","","","","","","","","","",23.1,1,10.,1,"","","","","","","","","","","","","","","","","","","","","","","","","","",44,1,"","","","","","","","","","","","",12.5,1,"","","","","","","","",1,1,0,1,0,1,8,1,0,1,"","","","","","","","","","","","","","","","","","","","","","","","",50000,1,"","",2,1,1,1,"","","","","","","","","","","","","","","","","","","","","","","","","","","","","","","","","","","","","","","","","","","","","","","","","","","","","","","","","","","","","","","","","",""
"63263001","PUY-DE-DOME-MN",45.775,2.966667,1461,1965080515,"","","","",11.,1,270,1,"","","","","","","","","","","","","","","","","","","","","","","","","","","","",23.1,1,11.5,1,"","","","","","","","","","","","","","","","","","","","","","","","","","",49,1,"","","","","","","","","","","","",13.9,1,"","","","","","","","",1,1,0,1,2,1,0,1,0,1,"","","","","","","","","","","","","","","","","","","","","","","","",50000,1,"","",2,1,0,1,"","","","","","","","","","","","","","","","","","","","","","","","","","","","","","","","","","","","","","","","","","","","","","","","","","","","","","","","","","","","","","","","","",""
"63263001","PUY-DE-DOME-MN",45.775,2.966667,1461,1965080518,"","","","",9.,1,250,1,"","","","","","","","","","","","","","","","","","","","","","","","","","","","",21.,1,11.7,1,"","","","","","","","","","","","","","","","","","","","","","","","","","",57,1,"","","","","","","","","","","","",14.1,1,"","","","","","","","",0,1,"","",0,1,0,1,0,1,"","","","","","","","","","","","","","","","","","","","","","","","",50000,1,"","",2,1,0,1,"","","","","","","","","","","","","","","","","","","","","","","","","","","","","","","","","","","","","","","","","","","","","","","","","","","","","","","","","","","","","","","","","",""
"63263001","PUY-DE-DOME-MN",45.775,2.966667,1461,1965080521,"","","","","","","","","","","","","","","","","","","","","","","","","","","","","","","","","","","","",19.6,1,11.7,1,"","","","","","","","","","","","","","","","","","","","","","","","","","",62,1,"","","","","","","","","","","","",14.1,1,"","","","","","","","","","","","","","","","","","","","","","","","","","","","","","","","","","","","","","","","","","","","","","","","","","","","","","","","","","","","","","","","","","","","","","","","","","","","","","","","","","","","","","","","","","","","","","","","","","","","","","","","","","","","","","","","","","","",""
"63263001","PUY-DE-DOME-MN",45.775,2.966667,1461,1965080600,"","","","","","","","","","","","","","","","","","","","","","","","","","","","","","","","","","","","",20.6,1,9.6,1,"","","","","","","","","","","","","","","","","","","","","","","","","","",50,1,"","","","","","","","","","","","",12.2,1,"","","","","","","","","","","","","","","","","","","","","","","","","","","","","","","","","","","","","","","","","","","","","","","","","","","","","","","","","","","","","","","","","","","","","","","","","","","","","","","","","","","","","","","","","","","","","","","","","","","","","","","","","","","","","","","","","","","",""
"63263001","PUY-DE-DOME-MN",45.775,2.966667,1461,1965080603,"","","","","","","","","","","","","","","","","","","","","","","","","","","","","","","","","","","","",21.,1,7.7,1,"","","","","","","","","","","","","","","","","","","","","","","","","","",43,1,"","","","","","","","","","","","",10.7,1,"","","","","","","","","","","","","","","","","","","","","","","","","","","","","","","","","","","","","","","","","","","","","","","","","","","","","","","","","","","","","","","","","","","","","","","","","","","","","","","","","","","","","","","","","","","","","","","","","","","","","","","","","","","","","","","","","","","",""
"63263001","PUY-DE-DOME-MN",45.775,2.966667,1461,1965080606,"","","","",17.,1,210,1,"","","","","","","","","","","","","","","","","","","","","","","","","","","","",23.,1,6.1,1,"","","","","","","","","","","","","","","","","","","","","","","","","","",34,1,"","","","","","","","","","","","",9.5,1,"","","","","","","","",7,1,7,1,0,1,9,1,"","","","","","","","","","","","","","","","","","","","","","","","","","",60000,1,"","",2,1,1,1,"","",0,1,"","","","","","","","","","","","","","","","","","","","","","","","","","","","","","","","","","","","","","","","","","","","","","","","","","","","","","","","","","","","","",""
"63263001","PUY-DE-DOME-MN",45.775,2.966667,1461,1965080609,"","","","",9.,1,350,1,"","","","","","","","","","","","","","","","","","","","","","","","","","","","",17.2,1,10.3,1,"","","","","","","","","","","","","","","","","","","","","","","","","","",65,1,"","","","","","","","","","","","",12.8,1,"","","","","","","","",7,1,7,1,0,1,9,1,"","","","","","","","","","","","","","","","","","","","","","","","","","",60000,1,"","",2,1,2,1,"","","","","","","","","","","","","","","","","","","","","","","","","","","","","","","","","","","","","","","","","","","","","","","","","","","","","","","","","","","","","","","","","",""
"63263001","PUY-DE-DOME-MN",45.775,2.966667,1461,1965080612,"","","","",5.,1,150,1,"","","","","","","","","","","","","","","","","","","","","","","","","","","","",18.8,1,11.,1,"","","","","","","","","","","","","","","","","","","","","","","","","","",62,1,"","","","","","","","","","","","",13.4,1,"","","","","","","","",8,1,8,1,0,1,9,1,"","","","","","","","","","","","","","","","","","","","","","","","","","",50000,1,"","",2,1,2,1,"","","","","","","","","","","","","","","","","","","","","","","","","","","","","","","","","","","","","","","","","","","","","","","","","","","","","","","","","","","","","","","","","",""
"63263001","PUY-DE-DOME-MN",45.775,2.966667,1461,1965080615,"","","","",10.,1,130,1,"","","","","","","","","","","","","","","","","","","","","","","","","","","","",18.2,1,9.2,1,"","","","","","","","","","","","","","","","","","","","","","","","","","",56,1,"","","","","","","","","","","","",11.8,1,"","","","","","","","",7,1,7,1,0,1,9,1,"","","","","","","","","","","","","","","","","","","","","","","","","","",50000,1,"","",2,1,6,1,"","","","","","","","","","","","","","","","","","","","","","","","","","","","","","","","","","","","","","","","","","","","","","","","","","","","","","","","","","","","","","","","","",""
"63263001","PUY-DE-DOME-MN",45.775,2.966667,1461,1965080618,"","","","",0.,1,0,1,"","","","","","","","","","","","","","","","","","","","","","","","","","","","",18.1,1,10.7,1,"","","","","","","","","","","","","","","","","","","","","","","","","","",63,1,"","","","","","","","","","","","",13.1,1,"","","","","","","","",7,1,7,1,0,1,9,1,"","","","","","","","","","","","","","","","","","","","","","","","","","",50000,1,"","",2,1,6,1,"","","","","","","","","","","","","","","","","","","","","","","","","","","","","","","","","","","","","","","","","","","","","","","","","","","","","","","","","","","","","","","","","",""
"63263001","PUY-DE-DOME-MN",45.775,2.966667,1461,1965080621,"","","","","","","","","","","","","","","","","","","","","","","","","","","","","","","","","","","","",17.4,1,12.9,1,"","","","","","","","","","","","","","","","","","","","","","","","","","",77,1,"","","","","","","","","","","","",15.2,1,"","","","","","","","","","","","","","","","","","","","","","","","","","","","","","","","","","","","","","","","","","","","","","","","","","","","","","","","","","","","","","","","","","","","","","","","","","","","","","","","","","","","","","","","","","","","","","","","","","","","","","","","","","","","","","","","","","","",""
"63263001","PUY-DE-DOME-MN",45.775,2.966667,1461,1965080700,"","","","","","","","","","","","","","","","","","","","","","","","","","","","","","","","","","","","",15.6,1,8.5,1,"","","","","","","","","","","","","","","","","","","","","","","","","","",64,1,"","","","","","","","","","","","",11.3,1,"","","","","","","","","","","","","","","","","","","","","","","","","","","","","","","","","","","","","","","","","","","","","","","","","","","","","","","","","","","","","","","","","","","","","","","","","","","","","","","","","","","","","","","","","","","","","","","","","","","","","","","","","","","","","","","","","","","",""
"63263001","PUY-DE-DOME-MN",45.775,2.966667,1461,1965080703,"","","","","","","","","","","","","","","","","","","","","","","","","","","","","","","","","","","","",14.3,1,9.,1,"","","","","","","","","","","","","","","","","","","","","","","","","","",72,1,"","","","","","","","","","","","",11.7,1,"","","","","","","","","","","","","","","","","","","","","","","","","","","","","","","","","","","","","","","","","","","","","","","","","","","","","","","","","","","","","","","","","","","","","","","","","","","","","","","","","","","","","","","","","","","","","","","","","","","","","","","","","","","","","","","","","","","",""
"63263001","PUY-DE-DOME-MN",45.775,2.966667,1461,1965080706,"","","","",8.,1,210,1,"","","","","","","","","","","","","","","","","","","","","","","","","","","","",15.,1,6.8,1,"","","","","","","","","","","","","","","","","","","","","","","","","","",59,1,"","","","","","","","","","","","",10.,1,"","","","","","","","",3,1,0,1,9,1,0,1,3,1,"","","","","","","","","","","","","","","","","","","","","","","","",80000,1,"","",3,1,0,1,"","",0,1,"","","","","","","","","","","","","","","","","","","","","","","","","","","","","","","","","","","","","","","","","","","","","","","","","","","","","","","","","","","","","",""
"63263001","PUY-DE-DOME-MN",45.775,2.966667,1461,1965080709,"","","","",0.,1,0,1,"","","","","","","","","","","","","","","","","","","","","","","","","","","","",14.8,1,12.,1,"","","","","","","","","","","","","","","","","","","","","","","","","","",85,1,"","","","","","","","","","","","",14.3,1,"","","","","","","","",5,1,0,1,9,1,8,1,3,1,"","","","","","","","","","","","","","","","","","","","","","","","",60000,1,"","",25,1,0,1,"","","","","","","","","","","","","","","","","","","","","","","","","","","","","","","","","","","","","","","","","","","","","","","","","","","","","","","","","","","","","","","","","",""
"63263001","PUY-DE-DOME-MN",45.775,2.966667,1461,1965080712,"","","","",6.,1,270,1,"","","","","","","","","","","","","","","","","","","","","","","","","","","","",15.2,1,10.2,1,"","","","","","","","","","","","","","","","","","","","","","","","","","",73,1,"","","","","","","","","","","","",12.7,1,"","","","","","","","",6,1,0,1,9,1,9,1,3,1,"","","","","","","","","","","","","","","","","","","","","","","","",50000,1,"","",25,1,8,1,"","","","","","","","","","","","","","","","","","","","","","","","","","","","","","","","","","","","","","","","","","","","","","","","","","","","","","","","","","","","","","","","","",""
"63263001","PUY-DE-DOME-MN",45.775,2.966667,1461,1965080715,"","","","",14.,1,230,1,"","","","","","","","","","","","","","","","","","","","","","","","","","","","",14.4,1,9.3,1,"","","","","","","","","","","","","","","","","","","","","","","","","","",73,1,"","","","","","","","","","","","",11.9,1,"","","","","","","","",8,1,8,1,9,1,9,1,"","","","","","","","","","","","","","","","","","","","","","","","","","",20000,1,"","",80,1,8,1,"","","","","","","","","","","","","","","","","","","","","","","","","","","","","","","","","","","","","","","","","","","","","","","","","","","","","","","","","","","","","","","","","",""
"63263001","PUY-DE-DOME-MN",45.775,2.966667,1461,1965080718,"","","","",16.,1,230,1,"","","","","","","","","","","","","","","","","","","","","","","","","","","","",12.8,1,12.8,1,"","","","","","","","","","","","","","","","","","","","","","","","","","",100,1,"","","","","","","","","","","","",14.8,1,"","","","","","","","",8,1,8,1,"","","","","","","","","","","","","","","","","","","","","","","","","","","","","","",40,1,"","",95,1,8,1,"","","","","","","","","","","","","","","","","","","","","","","","","","","","","","","","","","","","","","","","","","","","","","","","","","","","","","","","","","","","","","","","","",""
"63263001","PUY-DE-DOME-MN",45.775,2.966667,1461,1965080721,"","","","","","","","","","","","","","","","","","","","","","","","","","","","","","","","","","","","",6.2,1,6.2,1,"","","","","","","","","","","","","","","","","","","","","","","","","","",100,1,"","","","","","","","","","","","",9.5,1,"","","","","","","","","","","","","","","","","","","","","","","","","","","","","","","","","","","","","","","","","","","","","","","","","","","","","","","","","","","","","","","","","","","","","","","","","","","","","","","","","","","","","","","","","","","","","","","","","","","","","","","","","","","","","","","","","","","",""
"63263001","PUY-DE-DOME-MN",45.775,2.966667,1461,1965080800,"","","","","","","","","","","","","","","","","","","","","","","","","","","","","","","","","","","","",4.8,1,4.8,1,"","","","","","","","","","","","","","","","","","","","","","","","","","",100,1,"","","","","","","","","","","","",8.6,1,"","","","","","","","","","","","","","","","","","","","","","","","","","","","","","","","","","","","","","","","","","","","","","","","","","","","","","","","","","","","","","","","","","","","","","","","","","","","","","","","","","","","","","","","","","","","","","","","","","","","","","","","","","","","","","","","","","","",""
"63263001","PUY-DE-DOME-MN",45.775,2.966667,1461,1965080803,"","","","","","","","","","","","","","","","","","","","","","","","","","","","","","","","","","","","",1.1,1,1.1,1,"","","","","","","","","","","","","","","","","","","","","","","","","","",100,1,"","","","","","","","","","","","",6.6,1,"","","","","","","","","","","","","","","","","","","","","","","","","","","","","","","","","","","","","","","","","","","","","","","","","","","","","","","","","","","","","","","","","","","","","","","","","","","","","","","","","","","","","","","","","","","","","","","","","","","","","","","","","","","","","","","","","","","",""
"63263001","PUY-DE-DOME-MN",45.775,2.966667,1461,1965080806,"","","","",14.,1,330,1,"","","","","","","","","","","","","","","","","","","","","","","","","","","","",3.,1,3.,1,"","","","","","","","","","","","","","","","","","","","","","","","","","",100,1,"","","","","","","","","","","","",7.6,1,"","","","","","","","",8,1,8,1,"","","","","","","","","","","","","","","","","","","","","","","","","","","","","","",100,1,"","",41,1,4,1,"","",0,1,"","","","","","","","","","","","","","","","","","","","","","","","","","","","","","","","","","","","","","","","","","","","","","","","","","","","","","","","","","","","","",""
"63263001","PUY-DE-DOME-MN",45.775,2.966667,1461,1965080809,"","","","",3.,1,350,1,"","","","","","","","","","","","","","","","","","","","","","","","","","","","",5.9,1,5.9,1,"","","","","","","","","","","","","","","","","","","","","","","","","","",100,1,"","","","","","","","","","","","",9.3,1,"","","","","","","","",8,1,8,1,"","","","","","","","","","","","","","","","","","","","","","","","","","","","","","",100,1,"","",41,1,4,1,"","","","","","","","","","","","","","","","","","","","","","","","","","","","","","","","","","","","","","","","","","","","","","","","","","","","","","","","","","","","","","","","","",""
"63263001","PUY-DE-DOME-MN",45.775,2.966667,1461,1965080812,"","","","",0.,1,0,1,"","","","","","","","","","","","","","","","","","","","","","","","","","","","",7.,1,6.4,1,"","","","","","","","","","","","","","","","","","","","","","","","","","",97,1,"","","","","","","","","","","","",9.7,1,"","","","","","","","",7,1,7,1,2,1,"","","","","","","","","","","","","","","","","","","","","","","","","","","","",70000,1,"","",2,1,4,1,"","","","","","","","","","","","","","","","","","","","","","","","","","","","","","","","","","","","","","","","","","","","","","","","","","","","","","","","","","","","","","","","","",""
"63263001","PUY-DE-DOME-MN",45.775,2.966667,1461,1965080815,"","","","",0.,1,0,1,"","","","","","","","","","","","","","","","","","","","","","","","","","","","",10.,1,7.2,1,"","","","","","","","","","","","","","","","","","","","","","","","","","",84,1,"","","","","","","","","","","","",10.3,1,"","","","","","","","",7,1,7,1,2,1,"","","","","","","","","","","","","","","","","","","","","","","","","","","","",80000,1,"","",2,1,2,1,"","","","","","","","","","","","","","","","","","","","","","","","","","","","","","","","","","","","","","","","","","","","","","","","","","","","","","","","","","","","","","","","","",""
"63263001","PUY-DE-DOME-MN",45.775,2.966667,1461,1965080818,"","","","",4.,1,50,1,"","","","","","","","","","","","","","","","","","","","","","","","","","","","",8.,1,6.4,1,"","","","","","","","","","","","","","","","","","","","","","","","","","",91,1,"","","","","","","","","","","","",9.7,1,"","","","","","","","",3,1,0,1,2,1,0,1,2,1,"","","","","","","","","","","","","","","","","","","","","","","","",80000,1,"","",2,1,2,1,"","","","","","","","","","","","","","","","","","","","","","","","","","","","","","","","","","","","","","","","","","","","","","","","","","","","","","","","","","","","","","","","","",""
"63263001","PUY-DE-DOME-MN",45.775,2.966667,1461,1965080821,"","","","","","","","","","","","","","","","","","","","","","","","","","","","","","","","","","","","",6.1,1,6.1,1,"","","","","","","","","","","","","","","","","","","","","","","","","","",100,1,"","","","","","","","","","","","",9.4,1,"","","","","","","","","","","","","","","","","","","","","","","","","","","","","","","","","","","","","","","","","","","","","","","","","","","","","","","","","","","","","","","","","","","","","","","","","","","","","","","","","","","","","","","","","","","","","","","","","","","","","","","","","","","","","","","","","","","",""
"63263001","PUY-DE-DOME-MN",45.775,2.966667,1461,1965080900,"","","","","","","","","","","","","","","","","","","","","","","","","","","","","","","","","","","","",5.,1,2.6,1,"","","","","","","","","","","","","","","","","","","","","","","","","","",85,1,"","","","","","","","","","","","",7.4,1,"","","","","","","","","","","","","","","","","","","","","","","","","","","","","","","","","","","","","","","","","","","","","","","","","","","","","","","","","","","","","","","","","","","","","","","","","","","","","","","","","","","","","","","","","","","","","","","","","","","","","","","","","","","","","","","","","","","",""
"63263001","PUY-DE-DOME-MN",45.775,2.966667,1461,1965080903,"","","","","","","","","","","","","","","","","","","","","","","","","","","","","","","","","","","","",5.,1,5.,1,"","","","","","","","","","","","","","","","","","","","","","","","","","",100,1,"","","","","","","","","","","","",8.7,1,"","","","","","","","","","","","","","","","","","","","","","","","","","","","","","","","","","","","","","","","","","","","","","","","","","","","","","","","","","","","","","","","","","","","","","","","","","","","","","","","","","","","","","","","","","","","","","","","","","","","","","","","","","","","","","","","","","","",""
"63263001","PUY-DE-DOME-MN",45.775,2.966667,1461,1965080906,"","","","",7.,1,130,1,"","","","","","","","","","","","","","","","","","","","","","","","","","","","",5.3,1,5.3,1,"","","","","","","","","","","","","","","","","","","","","","","","","","",100,1,"","","","","","","","","","","","",8.9,1,"","","","","","","","",8,1,8,1,"","","","","","","","","","","","","","","","","","","","","","","","","","","","","","",100,1,"","",41,1,4,1,"","",0,1,"","","","","","","","","","","","","","","","","","","","","","","","","","","","","","","","","","","","","","","","","","","","","","","","","","","","","","","","","","","","","",""
"63263001","PUY-DE-DOME-MN",45.775,2.966667,1461,1965080909,"","","","",7.,1,130,1,"","","","","","","","","","","","","","","","","","","","","","","","","","","","",7.7,1,7.7,1,"","","","","","","","","","","","","","","","","","","","","","","","","","",100,1,"","","","","","","","","","","","",10.5,1,"","","","","","","","",8,1,8,1,"","","","","","","","","","","","","","","","","","","","","","","","","","","","","","",100,1,"","",41,1,4,1,"","","","","","","","","","","","","","","","","","","","","","","","","","","","","","","","","","","","","","","","","","","","","","","","","","","","","","","","","","","","","","","","","",""
"63263001","PUY-DE-DOME-MN",45.775,2.966667,1461,1965080912,"","","","",6.,1,90,1,"","","","","","","","","","","","","","","","","","","","","","","","","","","","",10.3,1,5.6,1,"","","","","","","","","","","","","","","","","","","","","","","","","","",74,1,"","","","","","","","","","","","",9.2,1,"","","","","","","","",5,1,5,1,2,1,0,1,2,1,"","","","","","","","","","","","","","","","","","","","","","","","",50000,1,"","",3,1,4,1,"","","","","","","","","","","","","","","","","","","","","","","","","","","","","","","","","","","","","","","","","","","","","","","","","","","","","","","","","","","","","","","","","",""
"63263001","PUY-DE-DOME-MN",45.775,2.966667,1461,1965080915,"","","","",3.,1,90,1,"","","","","","","","","","","","","","","","","","","","","","","","","","","","",12.7,1,8.3,1,"","","","","","","","","","","","","","","","","","","","","","","","","","",76,1,"","","","","","","","","","","","",11.1,1,"","","","","","","","",6,1,5,1,1,1,4,1,2,1,"","","","","","","","","","","","","","","","","","","","","","","","",50000,1,"","",3,1,2,1,"","","","","","","","","","","","","","","","","","","","","","","","","","","","","","","","","","","","","","","","","","","","","","","","","","","","","","","","","","","","","","","","","",""
"63263001","PUY-DE-DOME-MN",45.775,2.966667,1461,1965080918,"","","","",4.,1,90,1,"","","","","","","","","","","","","","","","","","","","","","","","","","","","",10.6,1,6.6,1,"","","","","","","","","","","","","","","","","","","","","","","","","","",77,1,"","","","","","","","","","","","",9.9,1,"","","","","","","","",4,1,0,1,0,1,4,1,2,1,"","","","","","","","","","","","","","","","","","","","","","","","",40000,1,"","",1,1,2,1,"","","","","","","","","","","","","","","","","","","","","","","","","","","","","","","","","","","","","","","","","","","","","","","","","","","","","","","","","","","","","","","","","",""
"63263001","PUY-DE-DOME-MN",45.775,2.966667,1461,1965080921,"","","","","","","","","","","","","","","","","","","","","","","","","","","","","","","","","","","","",8.3,1,6.6,1,"","","","","","","","","","","","","","","","","","","","","","","","","","",90,1,"","","","","","","","","","","","",9.9,1,"","","","","","","","","","","","","","","","","","","","","","","","","","","","","","","","","","","","","","","","","","","","","","","","","","","","","","","","","","","","","","","","","","","","","","","","","","","","","","","","","","","","","","","","","","","","","","","","","","","","","","","","","","","","","","","","","","","",""
"63263001","PUY-DE-DOME-MN",45.775,2.966667,1461,1965081000,"","","","","","","","","","","","","","","","","","","","","","","","","","","","","","","","","","","","",8.4,1,4.2,1,"","","","","","","","","","","","","","","","","","","","","","","","","","",75,1,"","","","","","","","","","","","",8.3,1,"","","","","","","","","","","","","","","","","","","","","","","","","","","","","","","","","","","","","","","","","","","","","","","","","","","","","","","","","","","","","","","","","","","","","","","","","","","","","","","","","","","","","","","","","","","","","","","","","","","","","","","","","","","","","","","","","","","",""
"63263001","PUY-DE-DOME-MN",45.775,2.966667,1461,1965081003,"","","","","","","","","","","","","","","","","","","","","","","","","","","","","","","","","","","","",9.2,1,6.1,1,"","","","","","","","","","","","","","","","","","","","","","","","","","",82,1,"","","","","","","","","","","","",9.5,1,"","","","","","","","","","","","","","","","","","","","","","","","","","","","","","","","","","","","","","","","","","","","","","","","","","","","","","","","","","","","","","","","","","","","","","","","","","","","","","","","","","","","","","","","","","","","","","","","","","","","","","","","","","","","","","","","","","","",""
"63263001","PUY-DE-DOME-MN",45.775,2.966667,1461,1965081006,"","","","",3.,1,330,1,"","","","","","","","","","","","","","","","","","","","","","","","","","","","",8.3,1,6.1,1,"","","","","","","","","","","","","","","","","","","","","","","","","","",87,1,"","","","","","","","","","","","",9.5,1,"","","","","","","","",4,1,0,1,0,1,8,1,2,1,"","","","","","","","","","","","","","","","","","","","","","","","",40000,1,"","",0,1,"","","","",0,1,"","","","","","","","","","","","","","","","","","","","","","","","","","","","","","","","","","","","","","","","","","","","","","","","","","","","","","","","","","","","","",""
"63263001","PUY-DE-DOME-MN",45.775,2.966667,1461,1965081009,"","","","",0.,1,0,1,"","","","","","","","","","","","","","","","","","","","","","","","","","","","",11.5,1,0.4,1,"","","","","","","","","","","","","","","","","","","","","","","","","","",46,1,"","","","","","","","","","","","",6.3,1,"","","","","","","","",4,1,0,1,1,1,8,1,2,1,"","","","","","","","","","","","","","","","","","","","","","","","",30000,1,"","",3,1,2,1,"","","","","","","","","","","","","","","","","","","","","","","","","","","","","","","","","","","","","","","","","","","","","","","","","","","","","","","","","","","","","","","","","",""
"63263001","PUY-DE-DOME-MN",45.775,2.966667,1461,1965081012,"","","","",5.,1,310,1,"","","","","","","","","","","","","","","","","","","","","","","","","","","","",13.,1,6.2,1,"","","","","","","","","","","","","","","","","","","","","","","","","","",64,1,"","","","","","","","","","","","",9.6,1,"","","","","","","","",5,1,0,1,2,1,0,1,2,1,"","","","","","","","","","","","","","","","","","","","","","","","",40000,1,"","",3,1,1,1,"","","","","","","","","","","","","","","","","","","","","","","","","","","","","","","","","","","","","","","","","","","","","","","","","","","","","","","","","","","","","","","","","",""
"63263001","PUY-DE-DOME-MN",45.775,2.966667,1461,1965081015,"","","","",3.,1,350,1,"","","","","","","","","","","","","","","","","","","","","","","","","","","","",13.1,1,7.5,1,"","","","","","","","","","","","","","","","","","","","","","","","","","",69,1,"","","","","","","","","","","","",10.5,1,"","","","","","","","",6,1,5,1,2,1,0,1,2,1,"","","","","","","","","","","","","","","","","","","","","","","","",50000,1,"","",1,1,2,1,"","","","","","","","","","","","","","","","","","","","","","","","","","","","","","","","","","","","","","","","","","","","","","","","","","","","","","","","","","","","","","","","","",""
"63263001","PUY-DE-DOME-MN",45.775,2.966667,1461,1965081018,"","","","",4.,1,50,1,"","","","","","","","","","","","","","","","","","","","","","","","","","","","",12.6,1,8.5,1,"","","","","","","","","","","","","","","","","","","","","","","","","","",77,1,"","","","","","","","","","","","",11.3,1,"","","","","","","","",5,1,0,1,2,1,0,1,2,1,"","","","","","","","","","","","","","","","","","","","","","","","",50000,1,"","",2,1,2,1,"","","","","","","","","","","","","","","","","","","","","","","","","","","","","","","","","","","","","","","","","","","","","","","","","","","","","","","","","","","","","","","","","",""
"63263001","PUY-DE-DOME-MN",45.775,2.966667,1461,1965081021,"","","","","","","","","","","","","","","","","","","","","","","","","","","","","","","","","","","","",9.7,1,6.8,1,"","","","","","","","","","","","","","","","","","","","","","","","","","",83,1,"","","","","","","","","","","","",10.,1,"","","","","","","","","","","","","","","","","","","","","","","","","","","","","","","","","","","","","","","","","","","","","","","","","","","","","","","","","","","","","","","","","","","","","","","","","","","","","","","","","","","","","","","","","","","","","","","","","","","","","","","","","","","","","","","","","","","",""
"63263001","PUY-DE-DOME-MN",45.775,2.966667,1461,1965081100,"","","","","","","","","","","","","","","","","","","","","","","","","","","","","","","","","","","","",9.8,1,6.5,1,"","","","","","","","","","","","","","","","","","","","","","","","","","",81,1,"","","","","","","","","","","","",9.8,1,"","","","","","","","","","","","","","","","","","","","","","","","","","","","","","","","","","","","","","","","","","","","","","","","","","","","","","","","","","","","","","","","","","","","","","","","","","","","","","","","","","","","","","","","","","","","","","","","","","","","","","","","","","","","","","","","","","","",""
"63263001","PUY-DE-DOME-MN",45.775,2.966667,1461,1965081103,"","","","","","","","","","","","","","","","","","","","","","","","","","","","","","","","","","","","",8.9,1,6.4,1,"","","","","","","","","","","","","","","","","","","","","","","","","","",85,1,"","","","","","","","","","","","",9.7,1,"","","","","","","","","","","","","","","","","","","","","","","","","","","","","","","","","","","","","","","","","","","","","","","","","","","","","","","","","","","","","","","","","","","","","","","","","","","","","","","","","","","","","","","","","","","","","","","","","","","","","","","","","","","","","","","","","","","",""
"63263001","PUY-DE-DOME-MN",45.775,2.966667,1461,1965081106,"","","","",5.,1,90,1,"","","","","","","","","","","","","","","","","","","","","","","","","","","","",9.,1,5.6,1,"","","","","","","","","","","","","","","","","","","","","","","","","","",80,1,"","","","","","","","","","","","",9.2,1,"","","","","","","","",0,1,"","",0,1,0,1,0,1,"","","","","","","","","","","","","","","","","","","","","","","","",30000,1,"","",0,1,"","","","",0,1,"","","","","","","","","","","","","","","","","","","","","","","","","","","","","","","","","","","","","","","","","","","","","","","","","","","","","","","","","","","","","",""
"63263001","PUY-DE-DOME-MN",45.775,2.966667,1461,1965081109,"","","","",4.,1,90,1,"","","","","","","","","","","","","","","","","","","","","","","","","","","","",11.5,1,7.1,1,"","","","","","","","","","","","","","","","","","","","","","","","","","",75,1,"","","","","","","","","","","","",10.2,1,"","","","","","","","",1,1,0,1,1,1,0,1,0,1,"","","","","","","","","","","","","","","","","","","","","","","","",30000,1,"","",3,1,0,1,"","","","","","","","","","","","","","","","","","","","","","","","","","","","","","","","","","","","","","","","","","","","","","","","","","","","","","","","","","","","","","","","","",""
"63263001","PUY-DE-DOME-MN",45.775,2.966667,1461,1965081112,"","","","",3.,1,130,1,"","","","","","","","","","","","","","","","","","","","","","","","","","","","",14.4,1,7.9,1,"","","","","","","","","","","","","","","","","","","","","","","","","","",66,1,"","","","","","","","","","","","",10.8,1,"","","","","","","","",1,1,0,1,1,1,0,1,0,1,"","","","","","","","","","","","","","","","","","","","","","","","",30000,1,"","",2,1,0,1,"","","","","","","","","","","","","","","","","","","","","","","","","","","","","","","","","","","","","","","","","","","","","","","","","","","","","","","","","","","","","","","","","",""
"63263001","PUY-DE-DOME-MN",45.775,2.966667,1461,1965081115,"","","","",5.,1,90,1,"","","","","","","","","","","","","","","","","","","","","","","","","","","","",16.6,1,8.4,1,"","","","","","","","","","","","","","","","","","","","","","","","","","",59,1,"","","","","","","","","","","","",11.2,1,"","","","","","","","",1,1,0,1,1,1,0,1,0,1,"","","","","","","","","","","","","","","","","","","","","","","","",40000,1,"","",2,1,0,1,"","","","","","","","","","","","","","","","","","","","","","","","","","","","","","","","","","","","","","","","","","","","","","","","","","","","","","","","","","","","","","","","","",""
"63263001","PUY-DE-DOME-MN",45.775,2.966667,1461,1965081118,"","","","",6.,1,90,1,"","","","","","","","","","","","","","","","","","","","","","","","","","","","",13.4,1,8.5,1,"","","","","","","","","","","","","","","","","","","","","","","","","","",73,1,"","","","","","","","","","","","",11.3,1,"","","","","","","","",1,1,0,1,0,1,0,1,1,1,"","","","","","","","","","","","","","","","","","","","","","","","",30000,1,"","",2,1,0,1,"","","","","","","","","","","","","","","","","","","","","","","","","","","","","","","","","","","","","","","","","","","","","","","","","","","","","","","","","","","","","","","","","",""
"63263001","PUY-DE-DOME-MN",45.775,2.966667,1461,1965081121,"","","","","","","","","","","","","","","","","","","","","","","","","","","","","","","","","","","","",11.,1,8.5,1,"","","","","","","","","","","","","","","","","","","","","","","","","","",86,1,"","","","","","","","","","","","",11.3,1,"","","","","","","","","","","","","","","","","","","","","","","","","","","","","","","","","","","","","","","","","","","","","","","","","","","","","","","","","","","","","","","","","","","","","","","","","","","","","","","","","","","","","","","","","","","","","","","","","","","","","","","","","","","","","","","","","","","",""
"63263001","PUY-DE-DOME-MN",45.775,2.966667,1461,1965081200,"","","","","","","","","","","","","","","","","","","","","","","","","","","","","","","","","","","","",10.,1,4.3,1,"","","","","","","","","","","","","","","","","","","","","","","","","","",68,1,"","","","","","","","","","","","",8.4,1,"","","","","","","","","","","","","","","","","","","","","","","","","","","","","","","","","","","","","","","","","","","","","","","","","","","","","","","","","","","","","","","","","","","","","","","","","","","","","","","","","","","","","","","","","","","","","","","","","","","","","","","","","","","","","","","","","","","",""
"63263001","PUY-DE-DOME-MN",45.775,2.966667,1461,1965081203,"","","","","","","","","","","","","","","","","","","","","","","","","","","","","","","","","","","","",10.7,1,4.5,1,"","","","","","","","","","","","","","","","","","","","","","","","","","",66,1,"","","","","","","","","","","","",8.5,1,"","","","","","","","","","","","","","","","","","","","","","","","","","","","","","","","","","","","","","","","","","","","","","","","","","","","","","","","","","","","","","","","","","","","","","","","","","","","","","","","","","","","","","","","","","","","","","","","","","","","","","","","","","","","","","","","","","","",""
"63263001","PUY-DE-DOME-MN",45.775,2.966667,1461,1965081206,"","","","",12.,1,170,1,"","","","","","","","","","","","","","","","","","","","","","","","","","","","",10.8,1,7.3,1,"","","","","","","","","","","","","","","","","","","","","","","","","","",80,1,"","","","","","","","","","","","",10.4,1,"","","","","","","","",1,1,0,1,0,1,0,1,1,1,"","","","","","","","","","","","","","","","","","","","","","","","",20000,1,"","",0,1,"","","","",0,1,"","","","","","","","","","","","","","","","","","","","","","","","","","","","","","","","","","","","","","","","","","","","","","","","","","","","","","","","","","","","","",""
"63263001","PUY-DE-DOME-MN",45.775,2.966667,1461,1965081209,"","","","",4.,1,170,1,"","","","","","","","","","","","","","","","","","","","","","","","","","","","",14.6,1,6.2,1,"","","","","","","","","","","","","","","","","","","","","","","","","","",58,1,"","","","","","","","","","","","",9.6,1,"","","","","","","","",1,1,0,1,0,1,0,1,1,1,"","","","","","","","","","","","","","","","","","","","","","","","",25000,1,"","",2,1,0,1,"","","","","","","","","","","","","","","","","","","","","","","","","","","","","","","","","","","","","","","","","","","","","","","","","","","","","","","","","","","","","","","","","",""
"63263001","PUY-DE-DOME-MN",45.775,2.966667,1461,1965081212,"","","","",0.,1,0,1,"","","","","","","","","","","","","","","","","","","","","","","","","","","","",18.,1,9.4,1,"","","","","","","","","","","","","","","","","","","","","","","","","","",59,1,"","","","","","","","","","","","",12.,1,"","","","","","","","",1,1,0,1,0,1,0,1,1,1,"","","","","","","","","","","","","","","","","","","","","","","","",30000,1,"","",2,1,0,1,"","","","","","","","","","","","","","","","","","","","","","","","","","","","","","","","","","","","","","","","","","","","","","","","","","","","","","","","","","","","","","","","","",""
"63263001","PUY-DE-DOME-MN",45.775,2.966667,1461,1965081215,"","","","",4.,1,130,1,"","","","","","","","","","","","","","","","","","","","","","","","","","","","",19.8,1,10.7,1,"","","","","","","","","","","","","","","","","","","","","","","","","","",57,1,"","","","","","","","","","","","",13.1,1,"","","","","","","","",0,1,"","",0,1,0,1,0,1,"","","","","","","","","","","","","","","","","","","","","","","","",40000,1,"","",2,1,0,1,"","","","","","","","","","","","","","","","","","","","","","","","","","","","","","","","","","","","","","","","","","","","","","","","","","","","","","","","","","","","","","","","","",""
"63263001","PUY-DE-DOME-MN",45.775,2.966667,1461,1965081218,"","","","",3.,1,170,1,"","","","","","","","","","","","","","","","","","","","","","","","","","","","",19.1,1,9.3,1,"","","","","","","","","","","","","","","","","","","","","","","","","","",54,1,"","","","","","","","","","","","",11.9,1,"","","","","","","","",0,1,"","",0,1,0,1,0,1,"","","","","","","","","","","","","","","","","","","","","","","","",40000,1,"","",2,1,0,1,"","","","","","","","","","","","","","","","","","","","","","","","","","","","","","","","","","","","","","","","","","","","","","","","","","","","","","","","","","","","","","","","","",""
"63263001","PUY-DE-DOME-MN",45.775,2.966667,1461,1965081221,"","","","","","","","","","","","","","","","","","","","","","","","","","","","","","","","","","","","",17.1,1,10.7,1,"","","","","","","","","","","","","","","","","","","","","","","","","","",67,1,"","","","","","","","","","","","",13.1,1,"","","","","","","","","","","","","","","","","","","","","","","","","","","","","","","","","","","","","","","","","","","","","","","","","","","","","","","","","","","","","","","","","","","","","","","","","","","","","","","","","","","","","","","","","","","","","","","","","","","","","","","","","","","","","","","","","","","",""
"63263001","PUY-DE-DOME-MN",45.775,2.966667,1461,1965081300,"","","","","","","","","","","","","","","","","","","","","","","","","","","","","","","","","","","","",17.8,1,2.,1,"","","","","","","","","","","","","","","","","","","","","","","","","","",35,1,"","","","","","","","","","","","",7.1,1,"","","","","","","","","","","","","","","","","","","","","","","","","","","","","","","","","","","","","","","","","","","","","","","","","","","","","","","","","","","","","","","","","","","","","","","","","","","","","","","","","","","","","","","","","","","","","","","","","","","","","","","","","","","","","","","","","","","",""
"63263001","PUY-DE-DOME-MN",45.775,2.966667,1461,1965081303,"","","","","","","","","","","","","","","","","","","","","","","","","","","","","","","","","","","","",14.8,1,7.3,1,"","","","","","","","","","","","","","","","","","","","","","","","","","",62,1,"","","","","","","","","","","","",10.4,1,"","","","","","","","","","","","","","","","","","","","","","","","","","","","","","","","","","","","","","","","","","","","","","","","","","","","","","","","","","","","","","","","","","","","","","","","","","","","","","","","","","","","","","","","","","","","","","","","","","","","","","","","","","","","","","","","","","","",""
"63263001","PUY-DE-DOME-MN",45.775,2.966667,1461,1965081306,"","","","",0.,1,0,1,"","","","","","","","","","","","","","","","","","","","","","","","","","","","",14.8,1,7.2,1,"","","","","","","","","","","","","","","","","","","","","","","","","","",61,1,"","","","","","","","","","","","",10.3,1,"","","","","","","","",6,1,5,1,2,1,8,1,3,1,"","","","","","","","","","","","","","","","","","","","","","","","",40000,1,"","",0,1,9,1,"","",0,1,"","","","","","","","","","","","","","","","","","","","","","","","","","","","","","","","","","","","","","","","","","","","","","","","","","","","","","","","","","","","","",""
"63263001","PUY-DE-DOME-MN",45.775,2.966667,1461,1965081309,"","","","",0.,1,0,1,"","","","","","","","","","","","","","","","","","","","","","","","","","","","",13.2,1,10.2,1,"","","","","","","","","","","","","","","","","","","","","","","","","","",84,1,"","","","","","","","","","","","",12.7,1,"","","","","","","","",7,1,6,1,9,1,8,1,"","","","","","","","","","","","","","","","","","","","","","","","","","",20000,1,"","",95,1,2,1,"","","","","","","","","","","","","","","","","","","","","","","","","","","","","","","","","","","","","","","","","","","","","","","","","","","","","","","","","","","","","","","","","",""
"63263001","PUY-DE-DOME-MN",45.775,2.966667,1461,1965081312,"","","","",11.,1,130,1,"","","","","","","","","","","","","","","","","","","","","","","","","","","","",14.1,1,10.1,1,"","","","","","","","","","","","","","","","","","","","","","","","","","",78,1,"","","","","","","","","","","","",12.6,1,"","","","","","","","",8,1,8,1,2,1,9,1,"","","","","","","","","","","","","","","","","","","","","","","","","","",25000,1,"","",3,1,9,1,"","","","","","","","","","","","","","","","","","","","","","","","","","","","","","","","","","","","","","","","","","","","","","","","","","","","","","","","","","","","","","","","","",""
"63263001","PUY-DE-DOME-MN",45.775,2.966667,1461,1965081315,"","","","",3.,1,230,1,"","","","","","","","","","","","","","","","","","","","","","","","","","","","",13.7,1,10.2,1,"","","","","","","","","","","","","","","","","","","","","","","","","","",81,1,"","","","","","","","","","","","",12.7,1,"","","","","","","","",8,1,8,1,4,1,9,1,"","","","","","","","","","","","","","","","","","","","","","","","","","",25000,1,"","",2,1,8,1,"","","","","","","","","","","","","","","","","","","","","","","","","","","","","","","","","","","","","","","","","","","","","","","","","","","","","","","","","","","","","","","","","",""
"63263001","PUY-DE-DOME-MN",45.775,2.966667,1461,1965081318,"","","","",12.,1,330,1,"","","","","","","","","","","","","","","","","","","","","","","","","","","","",8.1,1,8.1,1,"","","","","","","","","","","","","","","","","","","","","","","","","","",100,1,"","","","","","","","","","","","",10.8,1,"","","","","","","","",8,1,8,1,"","","","","","","","","","","","","","","","","","","","","","","","","","","","","","",80,1,"","",81,1,8,1,"","","","","","","","","","","","","","","","","","","","","","","","","","","","","","","","","","","","","","","","","","","","","","","","","","","","","","","","","","","","","","","","","",""
"63263001","PUY-DE-DOME-MN",45.775,2.966667,1461,1965081321,"","","","","","","","","","","","","","","","","","","","","","","","","","","","","","","","","","","","",8.,1,7.2,1,"","","","","","","","","","","","","","","","","","","","","","","","","","",98,1,"","","","","","","","","","","","",10.3,1,"","","","","","","","","","","","","","","","","","","","","","","","","","","","","","","","","","","","","","","","","","","","","","","","","","","","","","","","","","","","","","","","","","","","","","","","","","","","","","","","","","","","","","","","","","","","","","","","","","","","","","","","","","","","","","","","","","","",""
"63263001","PUY-DE-DOME-MN",45.775,2.966667,1461,1965081400,"","","","","","","","","","","","","","","","","","","","","","","","","","","","","","","","","","","","",7.,1,3.7,1,"","","","","","","","","","","","","","","","","","","","","","","","","","",80,1,"","","","","","","","","","","","",8.,1,"","","","","","","","","","","","","","","","","","","","","","","","","","","","","","","","","","","","","","","","","","","","","","","","","","","","","","","","","","","","","","","","","","","","","","","","","","","","","","","","","","","","","","","","","","","","","","","","","","","","","","","","","","","","","","","","","","","",""
"63263001","PUY-DE-DOME-MN",45.775,2.966667,1461,1965081403,"","","","","","","","","","","","","","","","","","","","","","","","","","","","","","","","","","","","",6.8,1,4.7,1,"","","","","","","","","","","","","","","","","","","","","","","","","","",87,1,"","","","","","","","","","","","",8.6,1,"","","","","","","","","","","","","","","","","","","","","","","","","","","","","","","","","","","","","","","","","","","","","","","","","","","","","","","","","","","","","","","","","","","","","","","","","","","","","","","","","","","","","","","","","","","","","","","","","","","","","","","","","","","","","","","","","","","",""
"63263001","PUY-DE-DOME-MN",45.775,2.966667,1461,1965081406,"","","","",14.,1,270,1,"","","","","","","","","","","","","","","","","","","","","","","","","","","","",6.2,1,6.2,1,"","","","","","","","","","","","","","","","","","","","","","","","","","",100,1,"","","","","","","","","","","","",9.5,1,"","","","","","","","",9,1,"","","","","","","","","","","","","","","","","","","","","","","","","","","","","","","","",40,1,"","",45,1,6,1,"","",0,1,"","","","","","","","","","","","","","","","","","","","","","","","","","","","","","","","","","","","","","","","","","","","","","","","","","","","","","","","","","","","","",""
"63263001","PUY-DE-DOME-MN",45.775,2.966667,1461,1965081409,"","","","",10.,1,270,1,"","","","","","","","","","","","","","","","","","","","","","","","","","","","",7.1,1,7.1,1,"","","","","","","","","","","","","","","","","","","","","","","","","","",100,1,"","","","","","","","","","","","",10.1,1,"","","","","","","","",9,1,"","","","","","","","","","","","","","","","","","","","","","","","","","","","","","","","",40,1,"","",45,1,4,1,"","","","","","","","","","","","","","","","","","","","","","","","","","","","","","","","","","","","","","","","","","","","","","","","","","","","","","","","","","","","","","","","","",""
"63263001","PUY-DE-DOME-MN",45.775,2.966667,1461,1965081412,"","","","",10.,1,290,1,"","","","","","","","","","","","","","","","","","","","","","","","","","","","",8.8,1,8.8,1,"","","","","","","","","","","","","","","","","","","","","","","","","","",100,1,"","","","","","","","","","","","",11.3,1,"","","","","","","","",8,1,8,1,"","","","","","","","","","","","","","","","","","","","","","","","","","","","","","",100,1,"","",41,1,4,1,"","","","","","","","","","","","","","","","","","","","","","","","","","","","","","","","","","","","","","","","","","","","","","","","","","","","","","","","","","","","","","","","","",""
"63263001","PUY-DE-DOME-MN",45.775,2.966667,1461,1965081415,"","","","",11.,1,310,1,"","","","","","","","","","","","","","","","","","","","","","","","","","","","",8.9,1,8.9,1,"","","","","","","","","","","","","","","","","","","","","","","","","","",100,1,"","","","","","","","","","","","",11.4,1,"","","","","","","","",8,1,8,1,"","","","","","","","","","","","","","","","","","","","","","","","","","","","","","",100,1,"","",41,1,4,1,"","","","","","","","","","","","","","","","","","","","","","","","","","","","","","","","","","","","","","","","","","","","","","","","","","","","","","","","","","","","","","","","","",""
"63263001","PUY-DE-DOME-MN",45.775,2.966667,1461,1965081418,"","","","",13.,1,310,1,"","","","","","","","","","","","","","","","","","","","","","","","","","","","",8.9,1,8.9,1,"","","","","","","","","","","","","","","","","","","","","","","","","","",100,1,"","","","","","","","","","","","",11.4,1,"","","","","","","","",8,1,8,1,"","","","","","","","","","","","","","","","","","","","","","","","","","","","","","",100,1,"","",41,1,4,1,"","","","","","","","","","","","","","","","","","","","","","","","","","","","","","","","","","","","","","","","","","","","","","","","","","","","","","","","","","","","","","","","","",""
"63263001","PUY-DE-DOME-MN",45.775,2.966667,1461,1965081421,"","","","","","","","","","","","","","","","","","","","","","","","","","","","","","","","","","","","",8.9,1,8.9,1,"","","","","","","","","","","","","","","","","","","","","","","","","","",100,1,"","","","","","","","","","","","",11.4,1,"","","","","","","","","","","","","","","","","","","","","","","","","","","","","","","","","","","","","","","","","","","","","","","","","","","","","","","","","","","","","","","","","","","","","","","","","","","","","","","","","","","","","","","","","","","","","","","","","","","","","","","","","","","","","","","","","","","",""
"63263001","PUY-DE-DOME-MN",45.775,2.966667,1461,1965081500,"","","","","","","","","","","","","","","","","","","","","","","","","","","","","","","","","","","","",8.7,1,8.7,1,"","","","","","","","","","","","","","","","","","","","","","","","","","",100,1,"","","","","","","","","","","","",11.2,1,"","","","","","","","","","","","","","","","","","","","","","","","","","","","","","","","","","","","","","","","","","","","","","","","","","","","","","","","","","","","","","","","","","","","","","","","","","","","","","","","","","","","","","","","","","","","","","","","","","","","","","","","","","","","","","","","","","","",""
"63263001","PUY-DE-DOME-MN",45.775,2.966667,1461,1965081503,"","","","","","","","","","","","","","","","","","","","","","","","","","","","","","","","","","","","",7.9,1,7.9,1,"","","","","","","","","","","","","","","","","","","","","","","","","","",100,1,"","","","","","","","","","","","",10.7,1,"","","","","","","","","","","","","","","","","","","","","","","","","","","","","","","","","","","","","","","","","","","","","","","","","","","","","","","","","","","","","","","","","","","","","","","","","","","","","","","","","","","","","","","","","","","","","","","","","","","","","","","","","","","","","","","","","","","",""
"63263001","PUY-DE-DOME-MN",45.775,2.966667,1461,1965081506,"","","","",4.,1,90,1,"","","","","","","","","","","","","","","","","","","","","","","","","","","","",8.5,1,8.5,1,"","","","","","","","","","","","","","","","","","","","","","","","","","",100,1,"","","","","","","","","","","","",11.1,1,"","","","","","","","",8,1,8,1,"","","","","","","","","","","","","","","","","","","","","","","","","","","","","","",100,1,"","",41,1,4,1,"","",0,1,"","","","","","","","","","","","","","","","","","","","","","","","","","","","","","","","","","","","","","","","","","","","","","","","","","","","","","","","","","","","","",""
"63263001","PUY-DE-DOME-MN",45.775,2.966667,1461,1965081509,"","","","",0.,1,0,1,"","","","","","","","","","","","","","","","","","","","","","","","","","","","",10.5,1,10.5,1,"","","","","","","","","","","","","","","","","","","","","","","","","","",100,1,"","","","","","","","","","","","",12.7,1,"","","","","","","","",8,1,8,1,"","","","","","","","","","","","","","","","","","","","","","","","","","","","","","",100,1,"","",41,1,4,1,"","","","","","","","","","","","","","","","","","","","","","","","","","","","","","","","","","","","","","","","","","","","","","","","","","","","","","","","","","","","","","","","","",""
"63263001","PUY-DE-DOME-MN",45.775,2.966667,1461,1965081512,"","","","",2.,1,90,1,"","","","","","","","","","","","","","","","","","","","","","","","","","","","",11.,1,11.,1,"","","","","","","","","","","","","","","","","","","","","","","","","","",100,1,"","","","","","","","","","","","",13.1,1,"","","","","","","","",9,1,"","","","","","","","","","","","","","","","","","","","","","","","","","","","","","","","",80,1,"","",45,1,4,1,"","","","","","","","","","","","","","","","","","","","","","","","","","","","","","","","","","","","","","","","","","","","","","","","","","","","","","","","","","","","","","","","","",""
"63263001","PUY-DE-DOME-MN",45.775,2.966667,1461,1965081515,"","","","",2.,1,90,1,"","","","","","","","","","","","","","","","","","","","","","","","","","","","",12.7,1,12.7,1,"","","","","","","","","","","","","","","","","","","","","","","","","","",100,1,"","","","","","","","","","","","",14.7,1,"","","","","","","","",9,1,"","","","","","","","","","","","","","","","","","","","","","","","","","","","","","","","",80,1,"","",45,1,4,1,"","","","","","","","","","","","","","","","","","","","","","","","","","","","","","","","","","","","","","","","","","","","","","","","","","","","","","","","","","","","","","","","","",""
"63263001","PUY-DE-DOME-MN",45.775,2.966667,1461,1965081518,"","","","",0.,1,0,1,"","","","","","","","","","","","","","","","","","","","","","","","","","","","",11.4,1,10.1,1,"","","","","","","","","","","","","","","","","","","","","","","","","","",93,1,"","","","","","","","","","","","",12.6,1,"","","","","","","","",7,1,7,1,4,1,4,1,"","","","","","","","","","","","","","","","","","","","","","","","","","",25000,1,"","",2,1,4,1,"","","","","","","","","","","","","","","","","","","","","","","","","","","","","","","","","","","","","","","","","","","","","","","","","","","","","","","","","","","","","","","","","",""
"63263001","PUY-DE-DOME-MN",45.775,2.966667,1461,1965081521,"","","","","","","","","","","","","","","","","","","","","","","","","","","","","","","","","","","","",10.9,1,9.9,1,"","","","","","","","","","","","","","","","","","","","","","","","","","",95,1,"","","","","","","","","","","","",12.4,1,"","","","","","","","","","","","","","","","","","","","","","","","","","","","","","","","","","","","","","","","","","","","","","","","","","","","","","","","","","","","","","","","","","","","","","","","","","","","","","","","","","","","","","","","","","","","","","","","","","","","","","","","","","","","","","","","","","","",""
"63263001","PUY-DE-DOME-MN",45.775,2.966667,1461,1965081600,"","","","","","","","","","","","","","","","","","","","","","","","","","","","","","","","","","","","",9.9,1,9.9,1,"","","","","","","","","","","","","","","","","","","","","","","","","","",100,1,"","","","","","","","","","","","",12.2,1,"","","","","","","","","","","","","","","","","","","","","","","","","","","","","","","","","","","","","","","","","","","","","","","","","","","","","","","","","","","","","","","","","","","","","","","","","","","","","","","","","","","","","","","","","","","","","","","","","","","","","","","","","","","","","","","","","","","",""
"63263001","PUY-DE-DOME-MN",45.775,2.966667,1461,1965081603,"","","","","","","","","","","","","","","","","","","","","","","","","","","","","","","","","","","","",9.7,1,9.7,1,"","","","","","","","","","","","","","","","","","","","","","","","","","",100,1,"","","","","","","","","","","","",12.,1,"","","","","","","","","","","","","","","","","","","","","","","","","","","","","","","","","","","","","","","","","","","","","","","","","","","","","","","","","","","","","","","","","","","","","","","","","","","","","","","","","","","","","","","","","","","","","","","","","","","","","","","","","","","","","","","","","","","",""
"63263001","PUY-DE-DOME-MN",45.775,2.966667,1461,1965081606,"","","","",10.,1,270,1,"","","","","","","","","","","","","","","","","","","","","","","","","","","","",10.5,1,10.5,1,"","","","","","","","","","","","","","","","","","","","","","","","","","",100,1,"","","","","","","","","","","","",12.7,1,"","","","","","","","",9,1,"","","","","","","","","","","","","","","","","","","","","","","","","","","","","","","","",40,1,"","",45,1,4,1,"","",0,1,"","","","","","","","","","","","","","","","","","","","","","","","","","","","","","","","","","","","","","","","","","","","","","","","","","","","","","","","","","","","","",""
"63263001","PUY-DE-DOME-MN",45.775,2.966667,1461,1965081609,"","","","",11.,1,270,1,"","","","","","","","","","","","","","","","","","","","","","","","","","","","",11.,1,11.,1,"","","","","","","","","","","","","","","","","","","","","","","","","","",100,1,"","","","","","","","","","","","",13.1,1,"","","","","","","","",9,1,"","","","","","","","","","","","","","","","","","","","","","","","","","","","","","","","",40,1,"","",45,1,4,1,"","","","","","","","","","","","","","","","","","","","","","","","","","","","","","","","","","","","","","","","","","","","","","","","","","","","","","","","","","","","","","","","","",""
"63263001","PUY-DE-DOME-MN",45.775,2.966667,1461,1965081612,"","","","",11.,1,270,1,"","","","","","","","","","","","","","","","","","","","","","","","","","","","",12.,1,9.9,1,"","","","","","","","","","","","","","","","","","","","","","","","","","",89,1,"","","","","","","","","","","","",12.4,1,"","","","","","","","",6,1,5,1,2,1,4,1,2,1,"","","","","","","","","","","","","","","","","","","","","","","","",70000,1,"","",28,1,4,1,"","","","","","","","","","","","","","","","","","","","","","","","","","","","","","","","","","","","","","","","","","","","","","","","","","","","","","","","","","","","","","","","","",""
"63263001","PUY-DE-DOME-MN",45.775,2.966667,1461,1965081615,"","","","",12.,1,270,1,"","","","","","","","","","","","","","","","","","","","","","","","","","","","",13.8,1,11.2,1,"","","","","","","","","","","","","","","","","","","","","","","","","","",86,1,"","","","","","","","","","","","",13.6,1,"","","","","","","","",6,1,5,1,2,1,4,1,0,1,"","","","","","","","","","","","","","","","","","","","","","","","",70000,1,"","",2,1,2,1,"","","","","","","","","","","","","","","","","","","","","","","","","","","","","","","","","","","","","","","","","","","","","","","","","","","","","","","","","","","","","","","","","",""
"63263001","PUY-DE-DOME-MN",45.775,2.966667,1461,1965081618,"","","","",14.,1,270,1,"","","","","","","","","","","","","","","","","","","","","","","","","","","","",12.5,1,9.5,1,"","","","","","","","","","","","","","","","","","","","","","","","","","",83,1,"","","","","","","","","","","","",12.1,1,"","","","","","","","",4,1,0,1,2,1,4,1,0,1,"","","","","","","","","","","","","","","","","","","","","","","","",70000,1,"","",1,1,2,1,"","","","","","","","","","","","","","","","","","","","","","","","","","","","","","","","","","","","","","","","","","","","","","","","","","","","","","","","","","","","","","","","","",""
"63263001","PUY-DE-DOME-MN",45.775,2.966667,1461,1965081621,"","","","","","","","","","","","","","","","","","","","","","","","","","","","","","","","","","","","",10.1,1,9.2,1,"","","","","","","","","","","","","","","","","","","","","","","","","","",95,1,"","","","","","","","","","","","",11.8,1,"","","","","","","","","","","","","","","","","","","","","","","","","","","","","","","","","","","","","","","","","","","","","","","","","","","","","","","","","","","","","","","","","","","","","","","","","","","","","","","","","","","","","","","","","","","","","","","","","","","","","","","","","","","","","","","","","","","",""
"63263001","PUY-DE-DOME-MN",45.775,2.966667,1461,1965081700,"","","","","","","","","","","","","","","","","","","","","","","","","","","","","","","","","","","","",9.8,1,9.8,1,"","","","","","","","","","","","","","","","","","","","","","","","","","",100,1,"","","","","","","","","","","","",12.1,1,"","","","","","","","","","","","","","","","","","","","","","","","","","","","","","","","","","","","","","","","","","","","","","","","","","","","","","","","","","","","","","","","","","","","","","","","","","","","","","","","","","","","","","","","","","","","","","","","","","","","","","","","","","","","","","","","","","","",""
"63263001","PUY-DE-DOME-MN",45.775,2.966667,1461,1965081703,"","","","","","","","","","","","","","","","","","","","","","","","","","","","","","","","","","","","",9.1,1,8.1,1,"","","","","","","","","","","","","","","","","","","","","","","","","","",96,1,"","","","","","","","","","","","",11.,1,"","","","","","","","","","","","","","","","","","","","","","","","","","","","","","","","","","","","","","","","","","","","","","","","","","","","","","","","","","","","","","","","","","","","","","","","","","","","","","","","","","","","","","","","","","","","","","","","","","","","","","","","","","","","","","","","","","","",""
"63263001","PUY-DE-DOME-MN",45.775,2.966667,1461,1965081706,"","","","",5.,1,270,1,"","","","","","","","","","","","","","","","","","","","","","","","","","","","",8.9,1,8.9,1,"","","","","","","","","","","","","","","","","","","","","","","","","","",100,1,"","","","","","","","","","","","",11.4,1,"","","","","","","","",8,1,8,1,"","","","","","","","","","","","","","","","","","","","","","","","","","","","","","",100,1,"","",41,1,4,1,"","",0,1,"","","","","","","","","","","","","","","","","","","","","","","","","","","","","","","","","","","","","","","","","","","","","","","","","","","","","","","","","","","","","",""
"63263001","PUY-DE-DOME-MN",45.775,2.966667,1461,1965081709,"","","","",8.,1,270,1,"","","","","","","","","","","","","","","","","","","","","","","","","","","","",9.2,1,9.2,1,"","","","","","","","","","","","","","","","","","","","","","","","","","",100,1,"","","","","","","","","","","","",11.6,1,"","","","","","","","",8,1,8,1,"","","","","","","","","","","","","","","","","","","","","","","","","","","","","","",100,1,"","",41,1,4,1,"","","","","","","","","","","","","","","","","","","","","","","","","","","","","","","","","","","","","","","","","","","","","","","","","","","","","","","","","","","","","","","","","",""
"63263001","PUY-DE-DOME-MN",45.775,2.966667,1461,1965081712,"","","","",8.,1,290,1,"","","","","","","","","","","","","","","","","","","","","","","","","","","","",12.2,1,7.7,1,"","","","","","","","","","","","","","","","","","","","","","","","","","",75,1,"","","","","","","","","","","","",10.7,1,"","","","","","","","",5,1,5,1,2,1,0,1,1,1,"","","","","","","","","","","","","","","","","","","","","","","","",70000,1,"","",3,1,4,1,"","","","","","","","","","","","","","","","","","","","","","","","","","","","","","","","","","","","","","","","","","","","","","","","","","","","","","","","","","","","","","","","","",""
"63263001","PUY-DE-DOME-MN",45.775,2.966667,1461,1965081715,"","","","",9.,1,290,1,"","","","","","","","","","","","","","","","","","","","","","","","","","","","",12.5,1,8.7,1,"","","","","","","","","","","","","","","","","","","","","","","","","","",79,1,"","","","","","","","","","","","",11.4,1,"","","","","","","","",5,1,0,1,2,1,6,1,0,1,"","","","","","","","","","","","","","","","","","","","","","","","",80000,1,"","",1,1,2,1,"","","","","","","","","","","","","","","","","","","","","","","","","","","","","","","","","","","","","","","","","","","","","","","","","","","","","","","","","","","","","","","","","",""
"63263001","PUY-DE-DOME-MN",45.775,2.966667,1461,1965081718,"","","","",13.,1,310,1,"","","","","","","","","","","","","","","","","","","","","","","","","","","","",11.,1,11.,1,"","","","","","","","","","","","","","","","","","","","","","","","","","",100,1,"","","","","","","","","","","","",13.1,1,"","","","","","","","",8,1,8,1,"","","","","","","","","","","","","","","","","","","","","","","","","","","","","","",100,1,"","",41,1,4,1,"","","","","","","","","","","","","","","","","","","","","","","","","","","","","","","","","","","","","","","","","","","","","","","","","","","","","","","","","","","","","","","","","",""
"63263001","PUY-DE-DOME-MN",45.775,2.966667,1461,1965081721,"","","","","","","","","","","","","","","","","","","","","","","","","","","","","","","","","","","","",10.7,1,10.7,1,"","","","","","","","","","","","","","","","","","","","","","","","","","",100,1,"","","","","","","","","","","","",12.9,1,"","","","","","","","","","","","","","","","","","","","","","","","","","","","","","","","","","","","","","","","","","","","","","","","","","","","","","","","","","","","","","","","","","","","","","","","","","","","","","","","","","","","","","","","","","","","","","","","","","","","","","","","","","","","","","","","","","","",""
"63263001","PUY-DE-DOME-MN",45.775,2.966667,1461,1965081800,"","","","","","","","","","","","","","","","","","","","","","","","","","","","","","","","","","","","",9.9,1,9.9,1,"","","","","","","","","","","","","","","","","","","","","","","","","","",100,1,"","","","","","","","","","","","",12.2,1,"","","","","","","","","","","","","","","","","","","","","","","","","","","","","","","","","","","","","","","","","","","","","","","","","","","","","","","","","","","","","","","","","","","","","","","","","","","","","","","","","","","","","","","","","","","","","","","","","","","","","","","","","","","","","","","","","","","",""
"63263001","PUY-DE-DOME-MN",45.775,2.966667,1461,1965081803,"","","","","","","","","","","","","","","","","","","","","","","","","","","","","","","","","","","","",9.4,1,9.4,1,"","","","","","","","","","","","","","","","","","","","","","","","","","",100,1,"","","","","","","","","","","","",11.8,1,"","","","","","","","","","","","","","","","","","","","","","","","","","","","","","","","","","","","","","","","","","","","","","","","","","","","","","","","","","","","","","","","","","","","","","","","","","","","","","","","","","","","","","","","","","","","","","","","","","","","","","","","","","","","","","","","","","","",""
"63263001","PUY-DE-DOME-MN",45.775,2.966667,1461,1965081806,"","","","",4.,1,330,1,"","","","","","","","","","","","","","","","","","","","","","","","","","","","",9.4,1,9.4,1,"","","","","","","","","","","","","","","","","","","","","","","","","","",100,1,"","","","","","","","","","","","",11.8,1,"","","","","","","","",8,1,8,1,"","","","","","","","","","","","","","","","","","","","","","","","","","","","","","",100,1,"","",41,1,4,1,"","",0,1,"","","","","","","","","","","","","","","","","","","","","","","","","","","","","","","","","","","","","","","","","","","","","","","","","","","","","","","","","","","","","",""
"63263001","PUY-DE-DOME-MN",45.775,2.966667,1461,1965081809,"","","","",7.,1,330,1,"","","","","","","","","","","","","","","","","","","","","","","","","","","","",10.6,1,10.6,1,"","","","","","","","","","","","","","","","","","","","","","","","","","",100,1,"","","","","","","","","","","","",12.8,1,"","","","","","","","",9,1,"","","","","","","","","","","","","","","","","","","","","","","","","","","","","","","","",40,1,"","",45,1,8,1,"","","","","","","","","","","","","","","","","","","","","","","","","","","","","","","","","","","","","","","","","","","","","","","","","","","","","","","","","","","","","","","","","",""
"63263001","PUY-DE-DOME-MN",45.775,2.966667,1461,1965081812,"","","","",4.,1,350,1,"","","","","","","","","","","","","","","","","","","","","","","","","","","","",10.5,1,10.5,1,"","","","","","","","","","","","","","","","","","","","","","","","","","",100,1,"","","","","","","","","","","","",12.7,1,"","","","","","","","",9,1,"","","","","","","","","","","","","","","","","","","","","","","","","","","","","","","","",40,1,"","",45,1,8,1,"","","","","","","","","","","","","","","","","","","","","","","","","","","","","","","","","","","","","","","","","","","","","","","","","","","","","","","","","","","","","","","","","",""
"63263001","PUY-DE-DOME-MN",45.775,2.966667,1461,1965081815,"","","","",8.,1,30,1,"","","","","","","","","","","","","","","","","","","","","","","","","","","","",11.2,1,11.2,1,"","","","","","","","","","","","","","","","","","","","","","","","","","",100,1,"","","","","","","","","","","","",13.3,1,"","","","","","","","",8,1,8,1,"","","","","","","","","","","","","","","","","","","","","","","","","","","","","","",100,1,"","",41,1,4,1,"","","","","","","","","","","","","","","","","","","","","","","","","","","","","","","","","","","","","","","","","","","","","","","","","","","","","","","","","","","","","","","","","",""
"63263001","PUY-DE-DOME-MN",45.775,2.966667,1461,1965081818,"","","","",9.,1,50,1,"","","","","","","","","","","","","","","","","","","","","","","","","","","","",11.7,1,11.7,1,"","","","","","","","","","","","","","","","","","","","","","","","","","",100,1,"","","","","","","","","","","","",13.7,1,"","","","","","","","",9,1,"","","","","","","","","","","","","","","","","","","","","","","","","","","","","","","","",40,1,"","",47,1,4,1,"","","","","","","","","","","","","","","","","","","","","","","","","","","","","","","","","","","","","","","","","","","","","","","","","","","","","","","","","","","","","","","","","",""
"63263001","PUY-DE-DOME-MN",45.775,2.966667,1461,1965081821,"","","","","","","","","","","","","","","","","","","","","","","","","","","","","","","","","","","","",10.8,1,10.8,1,"","","","","","","","","","","","","","","","","","","","","","","","","","",100,1,"","","","","","","","","","","","",13.,1,"","","","","","","","","","","","","","","","","","","","","","","","","","","","","","","","","","","","","","","","","","","","","","","","","","","","","","","","","","","","","","","","","","","","","","","","","","","","","","","","","","","","","","","","","","","","","","","","","","","","","","","","","","","","","","","","","","","",""
"63263001","PUY-DE-DOME-MN",45.775,2.966667,1461,1965081900,"","","","","","","","","","","","","","","","","","","","","","","","","","","","","","","","","","","","",9.3,1,7.1,1,"","","","","","","","","","","","","","","","","","","","","","","","","","",87,1,"","","","","","","","","","","","",10.2,1,"","","","","","","","","","","","","","","","","","","","","","","","","","","","","","","","","","","","","","","","","","","","","","","","","","","","","","","","","","","","","","","","","","","","","","","","","","","","","","","","","","","","","","","","","","","","","","","","","","","","","","","","","","","","","","","","","","","",""
"63263001","PUY-DE-DOME-MN",45.775,2.966667,1461,1965081903,"","","","","","","","","","","","","","","","","","","","","","","","","","","","","","","","","","","","",9.7,1,7.2,1,"","","","","","","","","","","","","","","","","","","","","","","","","","",86,1,"","","","","","","","","","","","",10.3,1,"","","","","","","","","","","","","","","","","","","","","","","","","","","","","","","","","","","","","","","","","","","","","","","","","","","","","","","","","","","","","","","","","","","","","","","","","","","","","","","","","","","","","","","","","","","","","","","","","","","","","","","","","","","","","","","","","","","",""
"63263001","PUY-DE-DOME-MN",45.775,2.966667,1461,1965081906,"","","","",2.,1,130,1,"","","","","","","","","","","","","","","","","","","","","","","","","","","","",10.8,1,8.7,1,"","","","","","","","","","","","","","","","","","","","","","","","","","",88,1,"","","","","","","","","","","","",11.4,1,"","","","","","","","",0,1,"","",0,1,0,1,0,1,"","","","","","","","","","","","","","","","","","","","","","","","",25000,1,"","",2,1,0,1,"","",0,1,"","","","","","","","","","","","","","","","","","","","","","","","","","","","","","","","","","","","","","","","","","","","","","","","","","","","","","","","","","","","","",""
"63263001","PUY-DE-DOME-MN",45.775,2.966667,1461,1965081909,"","","","",0.,1,0,1,"","","","","","","","","","","","","","","","","","","","","","","","","","","","",14.4,1,9.6,1,"","","","","","","","","","","","","","","","","","","","","","","","","","",74,1,"","","","","","","","","","","","",12.2,1,"","","","","","","","",1,1,0,1,1,1,0,1,0,1,"","","","","","","","","","","","","","","","","","","","","","","","",15000,1,"","",3,1,0,1,"","","","","","","","","","","","","","","","","","","","","","","","","","","","","","","","","","","","","","","","","","","","","","","","","","","","","","","","","","","","","","","","","",""
"63263001","PUY-DE-DOME-MN",45.775,2.966667,1461,1965081912,"","","","",3.,1,130,1,"","","","","","","","","","","","","","","","","","","","","","","","","","","","",14.6,1,9.9,1,"","","","","","","","","","","","","","","","","","","","","","","","","","",75,1,"","","","","","","","","","","","",12.4,1,"","","","","","","","",3,1,0,1,2,1,0,1,0,1,"","","","","","","","","","","","","","","","","","","","","","","","",15000,1,"","",2,1,0,1,"","","","","","","","","","","","","","","","","","","","","","","","","","","","","","","","","","","","","","","","","","","","","","","","","","","","","","","","","","","","","","","","","",""
"63263001","PUY-DE-DOME-MN",45.775,2.966667,1461,1965081915,"","","","",3.,1,130,1,"","","","","","","","","","","","","","","","","","","","","","","","","","","","",16.9,1,11.2,1,"","","","","","","","","","","","","","","","","","","","","","","","","","",71,1,"","","","","","","","","","","","",13.6,1,"","","","","","","","",2,1,0,1,2,1,0,1,0,1,"","","","","","","","","","","","","","","","","","","","","","","","",20000,1,"","",2,1,0,1,"","","","","","","","","","","","","","","","","","","","","","","","","","","","","","","","","","","","","","","","","","","","","","","","","","","","","","","","","","","","","","","","","",""
"63263001","PUY-DE-DOME-MN",45.775,2.966667,1461,1965081918,"","","","",0.,1,0,1,"","","","","","","","","","","","","","","","","","","","","","","","","","","","",15.5,1,11.4,1,"","","","","","","","","","","","","","","","","","","","","","","","","","",78,1,"","","","","","","","","","","","",13.8,1,"","","","","","","","",1,1,0,1,2,1,0,1,0,1,"","","","","","","","","","","","","","","","","","","","","","","","",15000,1,"","",1,1,0,1,"","","","","","","","","","","","","","","","","","","","","","","","","","","","","","","","","","","","","","","","","","","","","","","","","","","","","","","","","","","","","","","","","",""
"63263001","PUY-DE-DOME-MN",45.775,2.966667,1461,1965081921,"","","","","","","","","","","","","","","","","","","","","","","","","","","","","","","","","","","","",13.5,1,9.8,1,"","","","","","","","","","","","","","","","","","","","","","","","","","",80,1,"","","","","","","","","","","","",12.3,1,"","","","","","","","","","","","","","","","","","","","","","","","","","","","","","","","","","","","","","","","","","","","","","","","","","","","","","","","","","","","","","","","","","","","","","","","","","","","","","","","","","","","","","","","","","","","","","","","","","","","","","","","","","","","","","","","","","","",""
"63263001","PUY-DE-DOME-MN",45.775,2.966667,1461,1965082000,"","","","","","","","","","","","","","","","","","","","","","","","","","","","","","","","","","","","",12.8,1,10.3,1,"","","","","","","","","","","","","","","","","","","","","","","","","","",86,1,"","","","","","","","","","","","",12.8,1,"","","","","","","","","","","","","","","","","","","","","","","","","","","","","","","","","","","","","","","","","","","","","","","","","","","","","","","","","","","","","","","","","","","","","","","","","","","","","","","","","","","","","","","","","","","","","","","","","","","","","","","","","","","","","","","","","","","",""
"63263001","PUY-DE-DOME-MN",45.775,2.966667,1461,1965082003,"","","","","","","","","","","","","","","","","","","","","","","","","","","","","","","","","","","","",13.,1,10.6,1,"","","","","","","","","","","","","","","","","","","","","","","","","","",87,1,"","","","","","","","","","","","",13.,1,"","","","","","","","","","","","","","","","","","","","","","","","","","","","","","","","","","","","","","","","","","","","","","","","","","","","","","","","","","","","","","","","","","","","","","","","","","","","","","","","","","","","","","","","","","","","","","","","","","","","","","","","","","","","","","","","","","","",""
"63263001","PUY-DE-DOME-MN",45.775,2.966667,1461,1965082006,"","","","",13.,1,310,1,"","","","","","","","","","","","","","","","","","","","","","","","","","","","",11.9,1,10.6,1,"","","","","","","","","","","","","","","","","","","","","","","","","","",94,1,"","","","","","","","","","","","",13.,1,"","","","","","","","",1,1,0,1,2,1,0,1,2,1,"","","","","","","","","","","","","","","","","","","","","","","","",15000,1,"","",0,1,"","","","",0,1,"","","","","","","","","","","","","","","","","","","","","","","","","","","","","","","","","","","","","","","","","","","","","","","","","","","","","","","","","","","","","",""
"63263001","PUY-DE-DOME-MN",45.775,2.966667,1461,1965082009,"","","","",6.,1,290,1,"","","","","","","","","","","","","","","","","","","","","","","","","","","","",13.2,1,10.,1,"","","","","","","","","","","","","","","","","","","","","","","","","","",82,1,"","","","","","","","","","","","",12.5,1,"","","","","","","","",3,1,0,1,2,1,4,1,2,1,"","","","","","","","","","","","","","","","","","","","","","","","",15000,1,"","",3,1,0,1,"","","","","","","","","","","","","","","","","","","","","","","","","","","","","","","","","","","","","","","","","","","","","","","","","","","","","","","","","","","","","","","","","",""
"63263001","PUY-DE-DOME-MN",45.775,2.966667,1461,1965082012,"","","","",6.,1,270,1,"","","","","","","","","","","","","","","","","","","","","","","","","","","","",15.3,1,9.5,1,"","","","","","","","","","","","","","","","","","","","","","","","","","",70,1,"","","","","","","","","","","","",12.1,1,"","","","","","","","",6,1,6,1,2,1,0,1,0,1,"","","","","","","","","","","","","","","","","","","","","","","","",25000,1,"","",3,1,1,1,"","","","","","","","","","","","","","","","","","","","","","","","","","","","","","","","","","","","","","","","","","","","","","","","","","","","","","","","","","","","","","","","","",""
"63263001","PUY-DE-DOME-MN",45.775,2.966667,1461,1965082015,"","","","",7.,1,310,1,"","","","","","","","","","","","","","","","","","","","","","","","","","","","",13.4,1,11.,1,"","","","","","","","","","","","","","","","","","","","","","","","","","",87,1,"","","","","","","","","","","","",13.4,1,"","","","","","","","",7,1,7,1,2,1,"","","","","","","","","","","","","","","","","","","","","","","","","","","","",20000,1,"","",80,1,8,1,"","","","","","","","","","","","","","","","","","","","","","","","","","","","","","","","","","","","","","","","","","","","","","","","","","","","","","","","","","","","","","","","","",""
"63263001","PUY-DE-DOME-MN",45.775,2.966667,1461,1965082018,"","","","",10.,1,310,1,"","","","","","","","","","","","","","","","","","","","","","","","","","","","",12.7,1,12.7,1,"","","","","","","","","","","","","","","","","","","","","","","","","","",100,1,"","","","","","","","","","","","",14.7,1,"","","","","","","","",9,1,"","","","","","","","","","","","","","","","","","","","","","","","","","","","","","","","",40,1,"","",45,1,9,1,"","","","","","","","","","","","","","","","","","","","","","","","","","","","","","","","","","","","","","","","","","","","","","","","","","","","","","","","","","","","","","","","","",""
"63263001","PUY-DE-DOME-MN",45.775,2.966667,1461,1965082021,"","","","","","","","","","","","","","","","","","","","","","","","","","","","","","","","","","","","",11.1,1,11.1,1,"","","","","","","","","","","","","","","","","","","","","","","","","","",100,1,"","","","","","","","","","","","",13.2,1,"","","","","","","","","","","","","","","","","","","","","","","","","","","","","","","","","","","","","","","","","","","","","","","","","","","","","","","","","","","","","","","","","","","","","","","","","","","","","","","","","","","","","","","","","","","","","","","","","","","","","","","","","","","","","","","","","","","",""
"63263001","PUY-DE-DOME-MN",45.775,2.966667,1461,1965082100,"","","","","","","","","","","","","","","","","","","","","","","","","","","","","","","","","","","","",9.5,1,9.5,1,"","","","","","","","","","","","","","","","","","","","","","","","","","",100,1,"","","","","","","","","","","","",11.8,1,"","","","","","","","","","","","","","","","","","","","","","","","","","","","","","","","","","","","","","","","","","","","","","","","","","","","","","","","","","","","","","","","","","","","","","","","","","","","","","","","","","","","","","","","","","","","","","","","","","","","","","","","","","","","","","","","","","","",""
"63263001","PUY-DE-DOME-MN",45.775,2.966667,1461,1965082103,"","","","","","","","","","","","","","","","","","","","","","","","","","","","","","","","","","","","",9.1,1,6.9,1,"","","","","","","","","","","","","","","","","","","","","","","","","","",88,1,"","","","","","","","","","","","",10.1,1,"","","","","","","","","","","","","","","","","","","","","","","","","","","","","","","","","","","","","","","","","","","","","","","","","","","","","","","","","","","","","","","","","","","","","","","","","","","","","","","","","","","","","","","","","","","","","","","","","","","","","","","","","","","","","","","","","","","",""
"63263001","PUY-DE-DOME-MN",45.775,2.966667,1461,1965082106,"","","","",17.,1,270,1,"","","","","","","","","","","","","","","","","","","","","","","","","","","","",8.5,1,8.5,1,"","","","","","","","","","","","","","","","","","","","","","","","","","",100,1,"","","","","","","","","","","","",11.1,1,"","","","","","","","",8,1,8,1,"","","","","","","","","","","","","","","","","","","","","","","","","","","","","","",100,1,"","",41,1,4,1,"","",0,1,"","","","","","","","","","","","","","","","","","","","","","","","","","","","","","","","","","","","","","","","","","","","","","","","","","","","","","","","","","","","","",""
"63263001","PUY-DE-DOME-MN",45.775,2.966667,1461,1965082109,"","","","",12.,1,290,1,"","","","","","","","","","","","","","","","","","","","","","","","","","","","",9.2,1,9.2,1,"","","","","","","","","","","","","","","","","","","","","","","","","","",100,1,"","","","","","","","","","","","",11.6,1,"","","","","","","","",8,1,8,1,"","","","","","","","","","","","","","","","","","","","","","","","","","","","","","",100,1,"","",41,1,4,1,"","","","","","","","","","","","","","","","","","","","","","","","","","","","","","","","","","","","","","","","","","","","","","","","","","","","","","","","","","","","","","","","","",""
"63263001","PUY-DE-DOME-MN",45.775,2.966667,1461,1965082112,"","","","",8.,1,290,1,"","","","","","","","","","","","","","","","","","","","","","","","","","","","",12.2,1,9.5,1,"","","","","","","","","","","","","","","","","","","","","","","","","","",85,1,"","","","","","","","","","","","",12.1,1,"","","","","","","","",5,1,5,1,2,1,0,1,2,1,"","","","","","","","","","","","","","","","","","","","","","","","",30000,1,"","",3,1,4,1,"","","","","","","","","","","","","","","","","","","","","","","","","","","","","","","","","","","","","","","","","","","","","","","","","","","","","","","","","","","","","","","","","",""
"63263001","PUY-DE-DOME-MN",45.775,2.966667,1461,1965082115,"","","","",13.,1,270,1,"","","","","","","","","","","","","","","","","","","","","","","","","","","","",11.,1,9.2,1,"","","","","","","","","","","","","","","","","","","","","","","","","","",90,1,"","","","","","","","","","","","",11.8,1,"","","","","","","","",7,1,5,1,2,1,7,1,4,1,"","","","","","","","","","","","","","","","","","","","","","","","",20000,1,"","",3,1,2,1,"","","","","","","","","","","","","","","","","","","","","","","","","","","","","","","","","","","","","","","","","","","","","","","","","","","","","","","","","","","","","","","","","",""
"63263001","PUY-DE-DOME-MN",45.775,2.966667,1461,1965082118,"","","","",13.,1,290,1,"","","","","","","","","","","","","","","","","","","","","","","","","","","","",9.4,1,9.4,1,"","","","","","","","","","","","","","","","","","","","","","","","","","",100,1,"","","","","","","","","","","","",11.8,1,"","","","","","","","",9,1,"","","","","","","","","","","","","","","","","","","","","","","","","","","","","","","","",40,1,"","",45,1,2,1,"","","","","","","","","","","","","","","","","","","","","","","","","","","","","","","","","","","","","","","","","","","","","","","","","","","","","","","","","","","","","","","","","",""
"63263001","PUY-DE-DOME-MN",45.775,2.966667,1461,1965082121,"","","","","","","","","","","","","","","","","","","","","","","","","","","","","","","","","","","","",9.,1,7.1,1,"","","","","","","","","","","","","","","","","","","","","","","","","","",89,1,"","","","","","","","","","","","",10.2,1,"","","","","","","","","","","","","","","","","","","","","","","","","","","","","","","","","","","","","","","","","","","","","","","","","","","","","","","","","","","","","","","","","","","","","","","","","","","","","","","","","","","","","","","","","","","","","","","","","","","","","","","","","","","","","","","","","","","",""
"63263001","PUY-DE-DOME-MN",45.775,2.966667,1461,1965082200,"","","","","","","","","","","","","","","","","","","","","","","","","","","","","","","","","","","","",9.,1,6.1,1,"","","","","","","","","","","","","","","","","","","","","","","","","","",83,1,"","","","","","","","","","","","",9.5,1,"","","","","","","","","","","","","","","","","","","","","","","","","","","","","","","","","","","","","","","","","","","","","","","","","","","","","","","","","","","","","","","","","","","","","","","","","","","","","","","","","","","","","","","","","","","","","","","","","","","","","","","","","","","","","","","","","","","",""
"63263001","PUY-DE-DOME-MN",45.775,2.966667,1461,1965082203,"","","","","","","","","","","","","","","","","","","","","","","","","","","","","","","","","","","","",7.7,1,7.7,1,"","","","","","","","","","","","","","","","","","","","","","","","","","",100,1,"","","","","","","","","","","","",10.5,1,"","","","","","","","","","","","","","","","","","","","","","","","","","","","","","","","","","","","","","","","","","","","","","","","","","","","","","","","","","","","","","","","","","","","","","","","","","","","","","","","","","","","","","","","","","","","","","","","","","","","","","","","","","","","","","","","","","","",""
"63263001","PUY-DE-DOME-MN",45.775,2.966667,1461,1965082206,"","","","",13.,1,290,1,"","","","","","","","","","","","","","","","","","","","","","","","","","","","",7.5,1,7.5,1,"","","","","","","","","","","","","","","","","","","","","","","","","","",100,1,"","","","","","","","","","","","",10.4,1,"","","","","","","","",8,1,8,1,"","","","","","","","","","","","","","","","","","","","","","","","","","","","","","",40,1,"","",61,1,4,1,"","",0,1,"","","","","","","","","","","","","","","","","","","","","","","","","","","","","","","","","","","","","","","","","","","","","","","","","","","","","","","","","","","","","",""
"63263001","PUY-DE-DOME-MN",45.775,2.966667,1461,1965082209,"","","","",12.,1,310,1,"","","","","","","","","","","","","","","","","","","","","","","","","","","","",6.,1,6.,1,"","","","","","","","","","","","","","","","","","","","","","","","","","",100,1,"","","","","","","","","","","","",9.3,1,"","","","","","","","",8,1,8,1,"","","","","","","","","","","","","","","","","","","","","","","","","","","","","","",40,1,"","",80,1,6,1,"","","","","","","","","","","","","","","","","","","","","","","","","","","","","","","","","","","","","","","","","","","","","","","","","","","","","","","","","","","","","","","","","",""
"63263001","PUY-DE-DOME-MN",45.775,2.966667,1461,1965082212,"","","","",10.,1,310,1,"","","","","","","","","","","","","","","","","","","","","","","","","","","","",8.,1,8.,1,"","","","","","","","","","","","","","","","","","","","","","","","","","",100,1,"","","","","","","","","","","","",10.7,1,"","","","","","","","",9,1,"","","","","","","","","","","","","","","","","","","","","","","","","","","","","","","","",40,1,"","",45,1,8,1,"","","","","","","","","","","","","","","","","","","","","","","","","","","","","","","","","","","","","","","","","","","","","","","","","","","","","","","","","","","","","","","","","",""
"63263001","PUY-DE-DOME-MN",45.775,2.966667,1461,1965082215,"","","","",9.,1,310,1,"","","","","","","","","","","","","","","","","","","","","","","","","","","","",5.,1,5.,1,"","","","","","","","","","","","","","","","","","","","","","","","","","",100,1,"","","","","","","","","","","","",8.7,1,"","","","","","","","",8,1,8,1,"","","","","","","","","","","","","","","","","","","","","","","","","","","","","","",100,1,"","",80,1,4,1,"","","","","","","","","","","","","","","","","","","","","","","","","","","","","","","","","","","","","","","","","","","","","","","","","","","","","","","","","","","","","","","","","",""
"63263001","PUY-DE-DOME-MN",45.775,2.966667,1461,1965082218,"","","","",15.,1,290,1,"","","","","","","","","","","","","","","","","","","","","","","","","","","","",5.1,1,5.1,1,"","","","","","","","","","","","","","","","","","","","","","","","","","",100,1,"","","","","","","","","","","","",8.8,1,"","","","","","","","",8,1,8,1,"","","","","","","","","","","","","","","","","","","","","","","","","","","","","","",100,1,"","",41,1,8,1,"","","","","","","","","","","","","","","","","","","","","","","","","","","","","","","","","","","","","","","","","","","","","","","","","","","","","","","","","","","","","","","","","",""
"63263001","PUY-DE-DOME-MN",45.775,2.966667,1461,1965082221,"","","","","","","","","","","","","","","","","","","","","","","","","","","","","","","","","","","","",3.6,1,3.6,1,"","","","","","","","","","","","","","","","","","","","","","","","","","",100,1,"","","","","","","","","","","","",7.9,1,"","","","","","","","","","","","","","","","","","","","","","","","","","","","","","","","","","","","","","","","","","","","","","","","","","","","","","","","","","","","","","","","","","","","","","","","","","","","","","","","","","","","","","","","","","","","","","","","","","","","","","","","","","","","","","","","","","","",""
"63263001","PUY-DE-DOME-MN",45.775,2.966667,1461,1965082300,"","","","","","","","","","","","","","","","","","","","","","","","","","","","","","","","","","","","",3.9,1,3.9,1,"","","","","","","","","","","","","","","","","","","","","","","","","","",100,1,"","","","","","","","","","","","",8.1,1,"","","","","","","","","","","","","","","","","","","","","","","","","","","","","","","","","","","","","","","","","","","","","","","","","","","","","","","","","","","","","","","","","","","","","","","","","","","","","","","","","","","","","","","","","","","","","","","","","","","","","","","","","","","","","","","","","","","",""
"63263001","PUY-DE-DOME-MN",45.775,2.966667,1461,1965082303,"","","","","","","","","","","","","","","","","","","","","","","","","","","","","","","","","","","","",3.4,1,3.4,1,"","","","","","","","","","","","","","","","","","","","","","","","","","",100,1,"","","","","","","","","","","","",7.8,1,"","","","","","","","","","","","","","","","","","","","","","","","","","","","","","","","","","","","","","","","","","","","","","","","","","","","","","","","","","","","","","","","","","","","","","","","","","","","","","","","","","","","","","","","","","","","","","","","","","","","","","","","","","","","","","","","","","","",""
"63263001","PUY-DE-DOME-MN",45.775,2.966667,1461,1965082306,"","","","",10.,1,250,1,"","","","","","","","","","","","","","","","","","","","","","","","","","","","",3.9,1,3.9,1,"","","","","","","","","","","","","","","","","","","","","","","","","","",100,1,"","","","","","","","","","","","",8.1,1,"","","","","","","","",9,1,"","","","","","","","","","","","","","","","","","","","","","","","","","","","","","","","",40,1,"","",45,1,4,1,"","",0,1,"","","","","","","","","","","","","","","","","","","","","","","","","","","","","","","","","","","","","","","","","","","","","","","","","","","","","","","","","","","","","",""
"63263001","PUY-DE-DOME-MN",45.775,2.966667,1461,1965082309,"","","","",5.,1,250,1,"","","","","","","","","","","","","","","","","","","","","","","","","","","","",4.9,1,4.9,1,"","","","","","","","","","","","","","","","","","","","","","","","","","",100,1,"","","","","","","","","","","","",8.7,1,"","","","","","","","",8,1,8,1,"","","","","","","","","","","","","","","","","","","","","","","","","","","","","","",100,1,"","",41,1,4,1,"","","","","","","","","","","","","","","","","","","","","","","","","","","","","","","","","","","","","","","","","","","","","","","","","","","","","","","","","","","","","","","","","",""
"63263001","PUY-DE-DOME-MN",45.775,2.966667,1461,1965082312,"","","","",0.,1,0,1,"","","","","","","","","","","","","","","","","","","","","","","","","","","","",5.8,1,5.8,1,"","","","","","","","","","","","","","","","","","","","","","","","","","",100,1,"","","","","","","","","","","","",9.2,1,"","","","","","","","",8,1,8,1,"","","","","","","","","","","","","","","","","","","","","","","","","","","","","","",40,1,"","",61,1,6,1,"","","","","","","","","","","","","","","","","","","","","","","","","","","","","","","","","","","","","","","","","","","","","","","","","","","","","","","","","","","","","","","","","",""
"63263001","PUY-DE-DOME-MN",45.775,2.966667,1461,1965082315,"","","","",5.,1,270,1,"","","","","","","","","","","","","","","","","","","","","","","","","","","","",5.1,1,5.1,1,"","","","","","","","","","","","","","","","","","","","","","","","","","",100,1,"","","","","","","","","","","","",8.8,1,"","","","","","","","",9,1,"","","","","","","","","","","","","","","","","","","","","","","","","","","","","","","","",40,1,"","",45,1,6,1,"","","","","","","","","","","","","","","","","","","","","","","","","","","","","","","","","","","","","","","","","","","","","","","","","","","","","","","","","","","","","","","","","",""
"63263001","PUY-DE-DOME-MN",45.775,2.966667,1461,1965082318,"","","","",7.,1,290,1,"","","","","","","","","","","","","","","","","","","","","","","","","","","","",5.6,1,5.6,1,"","","","","","","","","","","","","","","","","","","","","","","","","","",100,1,"","","","","","","","","","","","",9.1,1,"","","","","","","","",8,1,8,1,"","","","","","","","","","","","","","","","","","","","","","","","","","","","","","",100,1,"","",41,1,6,1,"","","","","","","","","","","","","","","","","","","","","","","","","","","","","","","","","","","","","","","","","","","","","","","","","","","","","","","","","","","","","","","","","",""
"63263001","PUY-DE-DOME-MN",45.775,2.966667,1461,1965082321,"","","","","","","","","","","","","","","","","","","","","","","","","","","","","","","","","","","","",4.3,1,4.3,1,"","","","","","","","","","","","","","","","","","","","","","","","","","",100,1,"","","","","","","","","","","","",8.3,1,"","","","","","","","","","","","","","","","","","","","","","","","","","","","","","","","","","","","","","","","","","","","","","","","","","","","","","","","","","","","","","","","","","","","","","","","","","","","","","","","","","","","","","","","","","","","","","","","","","","","","","","","","","","","","","","","","","","",""
"63263001","PUY-DE-DOME-MN",45.775,2.966667,1461,1965082400,"","","","","","","","","","","","","","","","","","","","","","","","","","","","","","","","","","","","",4.4,1,4.4,1,"","","","","","","","","","","","","","","","","","","","","","","","","","",100,1,"","","","","","","","","","","","",8.4,1,"","","","","","","","","","","","","","","","","","","","","","","","","","","","","","","","","","","","","","","","","","","","","","","","","","","","","","","","","","","","","","","","","","","","","","","","","","","","","","","","","","","","","","","","","","","","","","","","","","","","","","","","","","","","","","","","","","","",""
"63263001","PUY-DE-DOME-MN",45.775,2.966667,1461,1965082403,"","","","","","","","","","","","","","","","","","","","","","","","","","","","","","","","","","","","",5.1,1,5.1,1,"","","","","","","","","","","","","","","","","","","","","","","","","","",100,1,"","","","","","","","","","","","",8.8,1,"","","","","","","","","","","","","","","","","","","","","","","","","","","","","","","","","","","","","","","","","","","","","","","","","","","","","","","","","","","","","","","","","","","","","","","","","","","","","","","","","","","","","","","","","","","","","","","","","","","","","","","","","","","","","","","","","","","",""
"63263001","PUY-DE-DOME-MN",45.775,2.966667,1461,1965082406,"","","","",11.,1,310,1,"","","","","","","","","","","","","","","","","","","","","","","","","","","","",5.1,1,5.1,1,"","","","","","","","","","","","","","","","","","","","","","","","","","",100,1,"","","","","","","","","","","","",8.8,1,"","","","","","","","",9,1,"","","","","","","","","","","","","","","","","","","","","","","","","","","","","","","","",40,1,"","",45,1,6,1,"","",0,1,"","","","","","","","","","","","","","","","","","","","","","","","","","","","","","","","","","","","","","","","","","","","","","","","","","","","","","","","","","","","","",""
"63263001","PUY-DE-DOME-MN",45.775,2.966667,1461,1965082409,"","","","",8.,1,350,1,"","","","","","","","","","","","","","","","","","","","","","","","","","","","",6.1,1,6.1,1,"","","","","","","","","","","","","","","","","","","","","","","","","","",100,1,"","","","","","","","","","","","",9.4,1,"","","","","","","","",9,1,"","","","","","","","","","","","","","","","","","","","","","","","","","","","","","","","",40,1,"","",45,1,6,1,"","","","","","","","","","","","","","","","","","","","","","","","","","","","","","","","","","","","","","","","","","","","","","","","","","","","","","","","","","","","","","","","","",""
"63263001","PUY-DE-DOME-MN",45.775,2.966667,1461,1965082412,"","","","",13.,1,330,1,"","","","","","","","","","","","","","","","","","","","","","","","","","","","",5.9,1,5.9,1,"","","","","","","","","","","","","","","","","","","","","","","","","","",100,1,"","","","","","","","","","","","",9.3,1,"","","","","","","","",9,1,"","","","","","","","","","","","","","","","","","","","","","","","","","","","","","","","",40,1,"","",45,1,6,1,"","","","","","","","","","","","","","","","","","","","","","","","","","","","","","","","","","","","","","","","","","","","","","","","","","","","","","","","","","","","","","","","","",""
"63263001","PUY-DE-DOME-MN",45.775,2.966667,1461,1965082415,"","","","",11.,1,310,1,"","","","","","","","","","","","","","","","","","","","","","","","","","","","",6.6,1,5.6,1,"","","","","","","","","","","","","","","","","","","","","","","","","","",95,1,"","","","","","","","","","","","",9.2,1,"","","","","","","","",4,1,0,1,2,1,0,1,0,1,"","","","","","","","","","","","","","","","","","","","","","","","",30000,1,"","",28,1,4,1,"","","","","","","","","","","","","","","","","","","","","","","","","","","","","","","","","","","","","","","","","","","","","","","","","","","","","","","","","","","","","","","","","",""
"63263001","PUY-DE-DOME-MN",45.775,2.966667,1461,1965082418,"","","","",11.,1,310,1,"","","","","","","","","","","","","","","","","","","","","","","","","","","","",6.3,1,5.1,1,"","","","","","","","","","","","","","","","","","","","","","","","","","",94,1,"","","","","","","","","","","","",8.9,1,"","","","","","","","",4,1,0,1,8,1,0,1,0,1,"","","","","","","","","","","","","","","","","","","","","","","","",40000,1,"","",2,1,4,1,"","","","","","","","","","","","","","","","","","","","","","","","","","","","","","","","","","","","","","","","","","","","","","","","","","","","","","","","","","","","","","","","","",""
"63263001","PUY-DE-DOME-MN",45.775,2.966667,1461,1965082421,"","","","","","","","","","","","","","","","","","","","","","","","","","","","","","","","","","","","",6.2,1,6.2,1,"","","","","","","","","","","","","","","","","","","","","","","","","","",100,1,"","","","","","","","","","","","",9.5,1,"","","","","","","","","","","","","","","","","","","","","","","","","","","","","","","","","","","","","","","","","","","","","","","","","","","","","","","","","","","","","","","","","","","","","","","","","","","","","","","","","","","","","","","","","","","","","","","","","","","","","","","","","","","","","","","","","","","",""
"63263001","PUY-DE-DOME-MN",45.775,2.966667,1461,1965082500,"","","","","","","","","","","","","","","","","","","","","","","","","","","","","","","","","","","","",6.3,1,6.3,1,"","","","","","","","","","","","","","","","","","","","","","","","","","",100,1,"","","","","","","","","","","","",9.5,1,"","","","","","","","","","","","","","","","","","","","","","","","","","","","","","","","","","","","","","","","","","","","","","","","","","","","","","","","","","","","","","","","","","","","","","","","","","","","","","","","","","","","","","","","","","","","","","","","","","","","","","","","","","","","","","","","","","","",""
"63263001","PUY-DE-DOME-MN",45.775,2.966667,1461,1965082503,"","","","","","","","","","","","","","","","","","","","","","","","","","","","","","","","","","","","",7.1,1,7.1,1,"","","","","","","","","","","","","","","","","","","","","","","","","","",100,1,"","","","","","","","","","","","",10.1,1,"","","","","","","","","","","","","","","","","","","","","","","","","","","","","","","","","","","","","","","","","","","","","","","","","","","","","","","","","","","","","","","","","","","","","","","","","","","","","","","","","","","","","","","","","","","","","","","","","","","","","","","","","","","","","","","","","","","",""
"63263001","PUY-DE-DOME-MN",45.775,2.966667,1461,1965082506,"","","","",17.,1,310,1,"","","","","","","","","","","","","","","","","","","","","","","","","","","","",8.,1,8.,1,"","","","","","","","","","","","","","","","","","","","","","","","","","",100,1,"","","","","","","","","","","","",10.7,1,"","","","","","","","",8,1,8,1,"","","","","","","","","","","","","","","","","","","","","","","","","","","","","","",40,1,"","",61,1,6,1,"","",0,1,"","","","","","","","","","","","","","","","","","","","","","","","","","","","","","","","","","","","","","","","","","","","","","","","","","","","","","","","","","","","","",""
"63263001","PUY-DE-DOME-MN",45.775,2.966667,1461,1965082509,"","","","",18.,1,330,1,"","","","","","","","","","","","","","","","","","","","","","","","","","","","",7.,1,7.,1,"","","","","","","","","","","","","","","","","","","","","","","","","","",100,1,"","","","","","","","","","","","",10.,1,"","","","","","","","",9,1,"","","","","","","","","","","","","","","","","","","","","","","","","","","","","","","","",40,1,"","",45,1,6,1,"","","","","","","","","","","","","","","","","","","","","","","","","","","","","","","","","","","","","","","","","","","","","","","","","","","","","","","","","","","","","","","","","",""
"63263001","PUY-DE-DOME-MN",45.775,2.966667,1461,1965082512,"","","","",8.,1,330,1,"","","","","","","","","","","","","","","","","","","","","","","","","","","","",8.6,1,5.8,1,"","","","","","","","","","","","","","","","","","","","","","","","","","",83,1,"","","","","","","","","","","","",9.3,1,"","","","","","","","",6,1,0,1,2,1,0,1,2,1,"","","","","","","","","","","","","","","","","","","","","","","","",40000,1,"","",2,1,6,1,"","","","","","","","","","","","","","","","","","","","","","","","","","","","","","","","","","","","","","","","","","","","","","","","","","","","","","","","","","","","","","","","","",""
"63263001","PUY-DE-DOME-MN",45.775,2.966667,1461,1965082515,"","","","",8.,1,330,1,"","","","","","","","","","","","","","","","","","","","","","","","","","","","",8.9,1,4.2,1,"","","","","","","","","","","","","","","","","","","","","","","","","","",73,1,"","","","","","","","","","","","",8.3,1,"","","","","","","","",7,1,6,1,1,1,0,1,4,1,"","","","","","","","","","","","","","","","","","","","","","","","",60000,1,"","",1,1,2,1,"","","","","","","","","","","","","","","","","","","","","","","","","","","","","","","","","","","","","","","","","","","","","","","","","","","","","","","","","","","","","","","","","",""
"63263001","PUY-DE-DOME-MN",45.775,2.966667,1461,1965082518,"","","","",10.,1,350,1,"","","","","","","","","","","","","","","","","","","","","","","","","","","","",6.2,1,4.5,1,"","","","","","","","","","","","","","","","","","","","","","","","","","",90,1,"","","","","","","","","","","","",8.5,1,"","","","","","","","",7,1,6,1,1,1,0,1,4,1,"","","","","","","","","","","","","","","","","","","","","","","","",60000,1,"","",2,1,2,1,"","","","","","","","","","","","","","","","","","","","","","","","","","","","","","","","","","","","","","","","","","","","","","","","","","","","","","","","","","","","","","","","","",""
"63263001","PUY-DE-DOME-MN",45.775,2.966667,1461,1965082521,"","","","","","","","","","","","","","","","","","","","","","","","","","","","","","","","","","","","",4.9,1,4.9,1,"","","","","","","","","","","","","","","","","","","","","","","","","","",100,1,"","","","","","","","","","","","",8.7,1,"","","","","","","","","","","","","","","","","","","","","","","","","","","","","","","","","","","","","","","","","","","","","","","","","","","","","","","","","","","","","","","","","","","","","","","","","","","","","","","","","","","","","","","","","","","","","","","","","","","","","","","","","","","","","","","","","","","",""
"63263001","PUY-DE-DOME-MN",45.775,2.966667,1461,1965082600,"","","","","","","","","","","","","","","","","","","","","","","","","","","","","","","","","","","","",4.,1,4.,1,"","","","","","","","","","","","","","","","","","","","","","","","","","",100,1,"","","","","","","","","","","","",8.1,1,"","","","","","","","","","","","","","","","","","","","","","","","","","","","","","","","","","","","","","","","","","","","","","","","","","","","","","","","","","","","","","","","","","","","","","","","","","","","","","","","","","","","","","","","","","","","","","","","","","","","","","","","","","","","","","","","","","","",""
"63263001","PUY-DE-DOME-MN",45.775,2.966667,1461,1965082603,"","","","","","","","","","","","","","","","","","","","","","","","","","","","","","","","","","","","",5.7,1,3.3,1,"","","","","","","","","","","","","","","","","","","","","","","","","","",85,1,"","","","","","","","","","","","",7.8,1,"","","","","","","","","","","","","","","","","","","","","","","","","","","","","","","","","","","","","","","","","","","","","","","","","","","","","","","","","","","","","","","","","","","","","","","","","","","","","","","","","","","","","","","","","","","","","","","","","","","","","","","","","","","","","","","","","","","",""
"63263001","PUY-DE-DOME-MN",45.775,2.966667,1461,1965082606,"","","","",6.,1,50,1,"","","","","","","","","","","","","","","","","","","","","","","","","","","","",3.7,1,3.7,1,"","","","","","","","","","","","","","","","","","","","","","","","","","",100,1,"","","","","","","","","","","","",8.,1,"","","","","","","","",8,1,8,1,"","","","","","","","","","","","","","","","","","","","","","","","","","","","","","",100,1,"","",41,1,4,1,"","",0,1,"","","","","","","","","","","","","","","","","","","","","","","","","","","","","","","","","","","","","","","","","","","","","","","","","","","","","","","","","","","","","",""
"63263001","PUY-DE-DOME-MN",45.775,2.966667,1461,1965082609,"","","","",0.,1,0,1,"","","","","","","","","","","","","","","","","","","","","","","","","","","","",6.9,1,3.3,1,"","","","","","","","","","","","","","","","","","","","","","","","","","",78,1,"","","","","","","","","","","","",7.8,1,"","","","","","","","",6,1,0,1,1,1,3,1,2,1,"","","","","","","","","","","","","","","","","","","","","","","","",40000,1,"","",3,1,4,1,"","","","","","","","","","","","","","","","","","","","","","","","","","","","","","","","","","","","","","","","","","","","","","","","","","","","","","","","","","","","","","","","","",""
"63263001","PUY-DE-DOME-MN",45.775,2.966667,1461,1965082612,"","","","",2.,1,310,1,"","","","","","","","","","","","","","","","","","","","","","","","","","","","",8.2,1,3.3,1,"","","","","","","","","","","","","","","","","","","","","","","","","","",72,1,"","","","","","","","","","","","",7.8,1,"","","","","","","","",6,1,0,1,1,1,4,1,2,1,"","","","","","","","","","","","","","","","","","","","","","","","",50000,1,"","",2,1,4,1,"","","","","","","","","","","","","","","","","","","","","","","","","","","","","","","","","","","","","","","","","","","","","","","","","","","","","","","","","","","","","","","","","",""
"63263001","PUY-DE-DOME-MN",45.775,2.966667,1461,1965082615,"","","","",8.,1,330,1,"","","","","","","","","","","","","","","","","","","","","","","","","","","","",10.2,1,2.6,1,"","","","","","","","","","","","","","","","","","","","","","","","","","",60,1,"","","","","","","","","","","","",7.4,1,"","","","","","","","",6,1,6,1,1,1,3,1,0,1,"","","","","","","","","","","","","","","","","","","","","","","","",60000,1,"","",3,1,2,1,"","","","","","","","","","","","","","","","","","","","","","","","","","","","","","","","","","","","","","","","","","","","","","","","","","","","","","","","","","","","","","","","","",""
"63263001","PUY-DE-DOME-MN",45.775,2.966667,1461,1965082618,"","","","",8.,1,330,1,"","","","","","","","","","","","","","","","","","","","","","","","","","","","",7.9,1,3.7,1,"","","","","","","","","","","","","","","","","","","","","","","","","","",75,1,"","","","","","","","","","","","",8.,1,"","","","","","","","",6,1,0,1,4,1,4,1,2,1,"","","","","","","","","","","","","","","","","","","","","","","","",60000,1,"","",1,1,2,1,"","","","","","","","","","","","","","","","","","","","","","","","","","","","","","","","","","","","","","","","","","","","","","","","","","","","","","","","","","","","","","","","","",""
"63263001","PUY-DE-DOME-MN",45.775,2.966667,1461,1965082621,"","","","","","","","","","","","","","","","","","","","","","","","","","","","","","","","","","","","",6.6,1,6.6,1,"","","","","","","","","","","","","","","","","","","","","","","","","","",100,1,"","","","","","","","","","","","",9.7,1,"","","","","","","","","","","","","","","","","","","","","","","","","","","","","","","","","","","","","","","","","","","","","","","","","","","","","","","","","","","","","","","","","","","","","","","","","","","","","","","","","","","","","","","","","","","","","","","","","","","","","","","","","","","","","","","","","","","",""
"63263001","PUY-DE-DOME-MN",45.775,2.966667,1461,1965082700,"","","","","","","","","","","","","","","","","","","","","","","","","","","","","","","","","","","","",6.4,1,6.4,1,"","","","","","","","","","","","","","","","","","","","","","","","","","",100,1,"","","","","","","","","","","","",9.6,1,"","","","","","","","","","","","","","","","","","","","","","","","","","","","","","","","","","","","","","","","","","","","","","","","","","","","","","","","","","","","","","","","","","","","","","","","","","","","","","","","","","","","","","","","","","","","","","","","","","","","","","","","","","","","","","","","","","","",""
"63263001","PUY-DE-DOME-MN",45.775,2.966667,1461,1965082703,"","","","","","","","","","","","","","","","","","","","","","","","","","","","","","","","","","","","",6.2,1,3.5,1,"","","","","","","","","","","","","","","","","","","","","","","","","","",83,1,"","","","","","","","","","","","",7.9,1,"","","","","","","","","","","","","","","","","","","","","","","","","","","","","","","","","","","","","","","","","","","","","","","","","","","","","","","","","","","","","","","","","","","","","","","","","","","","","","","","","","","","","","","","","","","","","","","","","","","","","","","","","","","","","","","","","","","",""
"63263001","PUY-DE-DOME-MN",45.775,2.966667,1461,1965082706,"","","","",18.,1,290,1,"","","","","","","","","","","","","","","","","","","","","","","","","","","","",5.4,1,5.4,1,"","","","","","","","","","","","","","","","","","","","","","","","","","",100,1,"","","","","","","","","","","","",9.,1,"","","","","","","","",8,1,8,1,"","","","","","","","","","","","","","","","","","","","","","","","","","","","","","",100,1,"","",41,1,6,1,"","",0,1,"","","","","","","","","","","","","","","","","","","","","","","","","","","","","","","","","","","","","","","","","","","","","","","","","","","","","","","","","","","","","",""
"63263001","PUY-DE-DOME-MN",45.775,2.966667,1461,1965082709,"","","","",17.,1,290,1,"","","","","","","","","","","","","","","","","","","","","","","","","","","","",7.3,1,7.3,1,"","","","","","","","","","","","","","","","","","","","","","","","","","",100,1,"","","","","","","","","","","","",10.2,1,"","","","","","","","",8,1,8,1,"","","","","","","","","","","","","","","","","","","","","","","","","","","","","","",40,1,"","",60,1,6,1,"","","","","","","","","","","","","","","","","","","","","","","","","","","","","","","","","","","","","","","","","","","","","","","","","","","","","","","","","","","","","","","","","",""
"63263001","PUY-DE-DOME-MN",45.775,2.966667,1461,1965082712,"","","","",18.,1,270,1,"","","","","","","","","","","","","","","","","","","","","","","","","","","","",8.7,1,8.7,1,"","","","","","","","","","","","","","","","","","","","","","","","","","",100,1,"","","","","","","","","","","","",11.2,1,"","","","","","","","",9,1,"","","","","","","","","","","","","","","","","","","","","","","","","","","","","","","","",40,1,"","",45,1,6,1,"","","","","","","","","","","","","","","","","","","","","","","","","","","","","","","","","","","","","","","","","","","","","","","","","","","","","","","","","","","","","","","","","",""
"63263001","PUY-DE-DOME-MN",45.775,2.966667,1461,1965082715,"","","","",17.,1,270,1,"","","","","","","","","","","","","","","","","","","","","","","","","","","","",9.2,1,9.2,1,"","","","","","","","","","","","","","","","","","","","","","","","","","",100,1,"","","","","","","","","","","","",11.6,1,"","","","","","","","",9,1,"","","","","","","","","","","","","","","","","","","","","","","","","","","","","","","","",40,1,"","",45,1,4,1,"","","","","","","","","","","","","","","","","","","","","","","","","","","","","","","","","","","","","","","","","","","","","","","","","","","","","","","","","","","","","","","","","",""
"63263001","PUY-DE-DOME-MN",45.775,2.966667,1461,1965082718,"","","","",12.,1,290,1,"","","","","","","","","","","","","","","","","","","","","","","","","","","","",9.8,1,9.8,1,"","","","","","","","","","","","","","","","","","","","","","","","","","",100,1,"","","","","","","","","","","","",12.1,1,"","","","","","","","",8,1,8,1,"","","","","","","","","","","","","","","","","","","","","","","","","","","","","","",40,1,"","",61,1,6,1,"","","","","","","","","","","","","","","","","","","","","","","","","","","","","","","","","","","","","","","","","","","","","","","","","","","","","","","","","","","","","","","","","",""
"63263001","PUY-DE-DOME-MN",45.775,2.966667,1461,1965082721,"","","","","","","","","","","","","","","","","","","","","","","","","","","","","","","","","","","","",9.1,1,9.1,1,"","","","","","","","","","","","","","","","","","","","","","","","","","",100,1,"","","","","","","","","","","","",11.5,1,"","","","","","","","","","","","","","","","","","","","","","","","","","","","","","","","","","","","","","","","","","","","","","","","","","","","","","","","","","","","","","","","","","","","","","","","","","","","","","","","","","","","","","","","","","","","","","","","","","","","","","","","","","","","","","","","","","","",""
"63263001","PUY-DE-DOME-MN",45.775,2.966667,1461,1965082800,"","","","","","","","","","","","","","","","","","","","","","","","","","","","","","","","","","","","",9.7,1,9.7,1,"","","","","","","","","","","","","","","","","","","","","","","","","","",100,1,"","","","","","","","","","","","",12.,1,"","","","","","","","","","","","","","","","","","","","","","","","","","","","","","","","","","","","","","","","","","","","","","","","","","","","","","","","","","","","","","","","","","","","","","","","","","","","","","","","","","","","","","","","","","","","","","","","","","","","","","","","","","","","","","","","","","","",""
"63263001","PUY-DE-DOME-MN",45.775,2.966667,1461,1965082803,"","","","","","","","","","","","","","","","","","","","","","","","","","","","","","","","","","","","",9.7,1,9.7,1,"","","","","","","","","","","","","","","","","","","","","","","","","","",100,1,"","","","","","","","","","","","",12.,1,"","","","","","","","","","","","","","","","","","","","","","","","","","","","","","","","","","","","","","","","","","","","","","","","","","","","","","","","","","","","","","","","","","","","","","","","","","","","","","","","","","","","","","","","","","","","","","","","","","","","","","","","","","","","","","","","","","","",""
"63263001","PUY-DE-DOME-MN",45.775,2.966667,1461,1965082806,"","","","",10.,1,330,1,"","","","","","","","","","","","","","","","","","","","","","","","","","","","",9.3,1,9.3,1,"","","","","","","","","","","","","","","","","","","","","","","","","","",100,1,"","","","","","","","","","","","",11.7,1,"","","","","","","","",9,1,"","","","","","","","","","","","","","","","","","","","","","","","","","","","","","","","",40,1,"","",45,1,6,1,"","",0,1,"","","","","","","","","","","","","","","","","","","","","","","","","","","","","","","","","","","","","","","","","","","","","","","","","","","","","","","","","","","","","",""
"63263001","PUY-DE-DOME-MN",45.775,2.966667,1461,1965082809,"","","","",8.,1,330,1,"","","","","","","","","","","","","","","","","","","","","","","","","","","","",9.1,1,9.1,1,"","","","","","","","","","","","","","","","","","","","","","","","","","",100,1,"","","","","","","","","","","","",11.5,1,"","","","","","","","",9,1,"","","","","","","","","","","","","","","","","","","","","","","","","","","","","","","","",40,1,"","",45,1,4,1,"","","","","","","","","","","","","","","","","","","","","","","","","","","","","","","","","","","","","","","","","","","","","","","","","","","","","","","","","","","","","","","","","",""
"63263001","PUY-DE-DOME-MN",45.775,2.966667,1461,1965082812,"","","","",6.,1,350,1,"","","","","","","","","","","","","","","","","","","","","","","","","","","","",10.2,1,10.2,1,"","","","","","","","","","","","","","","","","","","","","","","","","","",100,1,"","","","","","","","","","","","",12.4,1,"","","","","","","","",8,1,8,1,"","","","","","","","","","","","","","","","","","","","","","","","","","","","","","",100,1,"","",41,1,4,1,"","","","","","","","","","","","","","","","","","","","","","","","","","","","","","","","","","","","","","","","","","","","","","","","","","","","","","","","","","","","","","","","","",""
"63263001","PUY-DE-DOME-MN",45.775,2.966667,1461,1965082815,"","","","",6.,1,350,1,"","","","","","","","","","","","","","","","","","","","","","","","","","","","",12.4,1,11.,1,"","","","","","","","","","","","","","","","","","","","","","","","","","",93,1,"","","","","","","","","","","","",13.4,1,"","","","","","","","",4,1,0,1,2,1,0,1,0,1,"","","","","","","","","","","","","","","","","","","","","","","","",40000,1,"","",1,1,4,1,"","","","","","","","","","","","","","","","","","","","","","","","","","","","","","","","","","","","","","","","","","","","","","","","","","","","","","","","","","","","","","","","","",""
"63263001","PUY-DE-DOME-MN",45.775,2.966667,1461,1965082818,"","","","",3.,1,50,1,"","","","","","","","","","","","","","","","","","","","","","","","","","","","",11.2,1,9.5,1,"","","","","","","","","","","","","","","","","","","","","","","","","","",91,1,"","","","","","","","","","","","",12.1,1,"","","","","","","","",6,1,5,1,2,1,0,1,2,1,"","","","","","","","","","","","","","","","","","","","","","","","",40000,1,"","",3,1,4,1,"","","","","","","","","","","","","","","","","","","","","","","","","","","","","","","","","","","","","","","","","","","","","","","","","","","","","","","","","","","","","","","","","",""
"63263001","PUY-DE-DOME-MN",45.775,2.966667,1461,1965082821,"","","","","","","","","","","","","","","","","","","","","","","","","","","","","","","","","","","","",9.9,1,9.9,1,"","","","","","","","","","","","","","","","","","","","","","","","","","",100,1,"","","","","","","","","","","","",12.2,1,"","","","","","","","","","","","","","","","","","","","","","","","","","","","","","","","","","","","","","","","","","","","","","","","","","","","","","","","","","","","","","","","","","","","","","","","","","","","","","","","","","","","","","","","","","","","","","","","","","","","","","","","","","","","","","","","","","","",""
"63263001","PUY-DE-DOME-MN",45.775,2.966667,1461,1965082900,"","","","","","","","","","","","","","","","","","","","","","","","","","","","","","","","","","","","",8.7,1,8.7,1,"","","","","","","","","","","","","","","","","","","","","","","","","","",100,1,"","","","","","","","","","","","",11.2,1,"","","","","","","","","","","","","","","","","","","","","","","","","","","","","","","","","","","","","","","","","","","","","","","","","","","","","","","","","","","","","","","","","","","","","","","","","","","","","","","","","","","","","","","","","","","","","","","","","","","","","","","","","","","","","","","","","","","",""
"63263001","PUY-DE-DOME-MN",45.775,2.966667,1461,1965082903,"","","","","","","","","","","","","","","","","","","","","","","","","","","","","","","","","","","","",7.9,1,7.9,1,"","","","","","","","","","","","","","","","","","","","","","","","","","",100,1,"","","","","","","","","","","","",10.7,1,"","","","","","","","","","","","","","","","","","","","","","","","","","","","","","","","","","","","","","","","","","","","","","","","","","","","","","","","","","","","","","","","","","","","","","","","","","","","","","","","","","","","","","","","","","","","","","","","","","","","","","","","","","","","","","","","","","","",""
"63263001","PUY-DE-DOME-MN",45.775,2.966667,1461,1965082906,"","","","",0.,1,0,1,"","","","","","","","","","","","","","","","","","","","","","","","","","","","",8.1,1,7.5,1,"","","","","","","","","","","","","","","","","","","","","","","","","","",97,1,"","","","","","","","","","","","",10.5,1,"","","","","","","","",2,1,0,1,0,1,0,1,2,1,"","","","","","","","","","","","","","","","","","","","","","","","",90000,1,"","",2,1,4,1,"","",0,1,"","","","","","","","","","","","","","","","","","","","","","","","","","","","","","","","","","","","","","","","","","","","","","","","","","","","","","","","","","","","","",""
"63263001","PUY-DE-DOME-MN",45.775,2.966667,1461,1965082909,"","","","",0.,1,0,1,"","","","","","","","","","","","","","","","","","","","","","","","","","","","",14.7,1,6.1,1,"","","","","","","","","","","","","","","","","","","","","","","","","","",57,1,"","","","","","","","","","","","",9.5,1,"","","","","","","","",5,1,5,1,0,1,0,1,2,1,"","","","","","","","","","","","","","","","","","","","","","","","",90000,1,"","",2,1,1,1,"","","","","","","","","","","","","","","","","","","","","","","","","","","","","","","","","","","","","","","","","","","","","","","","","","","","","","","","","","","","","","","","","",""
"63263001","PUY-DE-DOME-MN",45.775,2.966667,1461,1965082912,"","","","",2.,1,310,1,"","","","","","","","","","","","","","","","","","","","","","","","","","","","",13.4,1,13.4,1,"","","","","","","","","","","","","","","","","","","","","","","","","","",100,1,"","","","","","","","","","","","",15.4,1,"","","","","","","","",8,1,8,1,"","","","","","","","","","","","","","","","","","","","","","","","","","","","","","",100,1,"","",41,1,4,1,"","","","","","","","","","","","","","","","","","","","","","","","","","","","","","","","","","","","","","","","","","","","","","","","","","","","","","","","","","","","","","","","","",""
"63263001","PUY-DE-DOME-MN",45.775,2.966667,1461,1965082915,"","","","",3.,1,50,1,"","","","","","","","","","","","","","","","","","","","","","","","","","","","",14.1,1,12.1,1,"","","","","","","","","","","","","","","","","","","","","","","","","","",89,1,"","","","","","","","","","","","",14.4,1,"","","","","","","","",3,1,0,1,2,1,0,1,2,1,"","","","","","","","","","","","","","","","","","","","","","","","",40000,1,"","",2,1,4,1,"","","","","","","","","","","","","","","","","","","","","","","","","","","","","","","","","","","","","","","","","","","","","","","","","","","","","","","","","","","","","","","","","",""
"63263001","PUY-DE-DOME-MN",45.775,2.966667,1461,1965082918,"","","","",2.,1,50,1,"","","","","","","","","","","","","","","","","","","","","","","","","","","","",11.3,1,11.3,1,"","","","","","","","","","","","","","","","","","","","","","","","","","",100,1,"","","","","","","","","","","","",13.4,1,"","","","","","","","",9,1,"","","","","","","","","","","","","","","","","","","","","","","","","","","","","","","","",80,1,"","",47,1,4,1,"","","","","","","","","","","","","","","","","","","","","","","","","","","","","","","","","","","","","","","","","","","","","","","","","","","","","","","","","","","","","","","","","",""
"63263001","PUY-DE-DOME-MN",45.775,2.966667,1461,1965082921,"","","","","","","","","","","","","","","","","","","","","","","","","","","","","","","","","","","","",10.2,1,10.2,1,"","","","","","","","","","","","","","","","","","","","","","","","","","",100,1,"","","","","","","","","","","","",12.4,1,"","","","","","","","","","","","","","","","","","","","","","","","","","","","","","","","","","","","","","","","","","","","","","","","","","","","","","","","","","","","","","","","","","","","","","","","","","","","","","","","","","","","","","","","","","","","","","","","","","","","","","","","","","","","","","","","","","","",""
"63263001","PUY-DE-DOME-MN",45.775,2.966667,1461,1965083000,"","","","","","","","","","","","","","","","","","","","","","","","","","","","","","","","","","","","",9.8,1,9.8,1,"","","","","","","","","","","","","","","","","","","","","","","","","","",100,1,"","","","","","","","","","","","",12.1,1,"","","","","","","","","","","","","","","","","","","","","","","","","","","","","","","","","","","","","","","","","","","","","","","","","","","","","","","","","","","","","","","","","","","","","","","","","","","","","","","","","","","","","","","","","","","","","","","","","","","","","","","","","","","","","","","","","","","",""
"63263001","PUY-DE-DOME-MN",45.775,2.966667,1461,1965083003,"","","","","","","","","","","","","","","","","","","","","","","","","","","","","","","","","","","","",9.5,1,9.5,1,"","","","","","","","","","","","","","","","","","","","","","","","","","",100,1,"","","","","","","","","","","","",11.8,1,"","","","","","","","","","","","","","","","","","","","","","","","","","","","","","","","","","","","","","","","","","","","","","","","","","","","","","","","","","","","","","","","","","","","","","","","","","","","","","","","","","","","","","","","","","","","","","","","","","","","","","","","","","","","","","","","","","","",""
"63263001","PUY-DE-DOME-MN",45.775,2.966667,1461,1965083006,"","","","",0.,1,0,1,"","","","","","","","","","","","","","","","","","","","","","","","","","","","",9.,1,9.,1,"","","","","","","","","","","","","","","","","","","","","","","","","","",100,1,"","","","","","","","","","","","",11.5,1,"","","","","","","","",9,1,"","","","","","","","","","","","","","","","","","","","","","","","","","","","","","","","",40,1,"","",45,1,4,1,"","",0,1,"","","","","","","","","","","","","","","","","","","","","","","","","","","","","","","","","","","","","","","","","","","","","","","","","","","","","","","","","","","","","",""
"63263001","PUY-DE-DOME-MN",45.775,2.966667,1461,1965083009,"","","","",0.,1,0,1,"","","","","","","","","","","","","","","","","","","","","","","","","","","","",8.8,1,8.8,1,"","","","","","","","","","","","","","","","","","","","","","","","","","",100,1,"","","","","","","","","","","","",11.3,1,"","","","","","","","",9,1,"","","","","","","","","","","","","","","","","","","","","","","","","","","","","","","","",40,1,"","",45,1,4,1,"","","","","","","","","","","","","","","","","","","","","","","","","","","","","","","","","","","","","","","","","","","","","","","","","","","","","","","","","","","","","","","","","",""
"63263001","PUY-DE-DOME-MN",45.775,2.966667,1461,1965083012,"","","","",0.,1,0,1,"","","","","","","","","","","","","","","","","","","","","","","","","","","","",11.4,1,11.4,1,"","","","","","","","","","","","","","","","","","","","","","","","","","",100,1,"","","","","","","","","","","","",13.5,1,"","","","","","","","",8,1,8,1,"","","","","","","","","","","","","","","","","","","","","","","","","","","","","","",100,1,"","",41,1,4,1,"","","","","","","","","","","","","","","","","","","","","","","","","","","","","","","","","","","","","","","","","","","","","","","","","","","","","","","","","","","","","","","","","",""
"63263001","PUY-DE-DOME-MN",45.775,2.966667,1461,1965083015,"","","","",0.,1,0,1,"","","","","","","","","","","","","","","","","","","","","","","","","","","","",12.9,1,10.,1,"","","","","","","","","","","","","","","","","","","","","","","","","","",84,1,"","","","","","","","","","","","",12.5,1,"","","","","","","","",5,1,0,1,2,1,0,1,2,1,"","","","","","","","","","","","","","","","","","","","","","","","",20000,1,"","",3,1,4,1,"","","","","","","","","","","","","","","","","","","","","","","","","","","","","","","","","","","","","","","","","","","","","","","","","","","","","","","","","","","","","","","","","",""
"63263001","PUY-DE-DOME-MN",45.775,2.966667,1461,1965083018,"","","","",4.,1,90,1,"","","","","","","","","","","","","","","","","","","","","","","","","","","","",9.4,1,8.3,1,"","","","","","","","","","","","","","","","","","","","","","","","","","",94,1,"","","","","","","","","","","","",11.1,1,"","","","","","","","",5,1,0,1,2,1,3,1,0,1,"","","","","","","","","","","","","","","","","","","","","","","","",30000,1,"","",1,1,4,1,"","","","","","","","","","","","","","","","","","","","","","","","","","","","","","","","","","","","","","","","","","","","","","","","","","","","","","","","","","","","","","","","","",""
"63263001","PUY-DE-DOME-MN",45.775,2.966667,1461,1965083021,"","","","","","","","","","","","","","","","","","","","","","","","","","","","","","","","","","","","",8.1,1,6.9,1,"","","","","","","","","","","","","","","","","","","","","","","","","","",94,1,"","","","","","","","","","","","",10.1,1,"","","","","","","","","","","","","","","","","","","","","","","","","","","","","","","","","","","","","","","","","","","","","","","","","","","","","","","","","","","","","","","","","","","","","","","","","","","","","","","","","","","","","","","","","","","","","","","","","","","","","","","","","","","","","","","","","","","",""
"63263001","PUY-DE-DOME-MN",45.775,2.966667,1461,1965083100,"","","","","","","","","","","","","","","","","","","","","","","","","","","","","","","","","","","","",7.9,1,6.5,1,"","","","","","","","","","","","","","","","","","","","","","","","","","",92,1,"","","","","","","","","","","","",9.8,1,"","","","","","","","","","","","","","","","","","","","","","","","","","","","","","","","","","","","","","","","","","","","","","","","","","","","","","","","","","","","","","","","","","","","","","","","","","","","","","","","","","","","","","","","","","","","","","","","","","","","","","","","","","","","","","","","","","","",""
"63263001","PUY-DE-DOME-MN",45.775,2.966667,1461,1965083103,"","","","","","","","","","","","","","","","","","","","","","","","","","","","","","","","","","","","",7.4,1,6.4,1,"","","","","","","","","","","","","","","","","","","","","","","","","","",95,1,"","","","","","","","","","","","",9.7,1,"","","","","","","","","","","","","","","","","","","","","","","","","","","","","","","","","","","","","","","","","","","","","","","","","","","","","","","","","","","","","","","","","","","","","","","","","","","","","","","","","","","","","","","","","","","","","","","","","","","","","","","","","","","","","","","","","","","",""
"63263001","PUY-DE-DOME-MN",45.775,2.966667,1461,1965083106,"","","","",9.,1,290,1,"","","","","","","","","","","","","","","","","","","","","","","","","","","","",7.,1,7.,1,"","","","","","","","","","","","","","","","","","","","","","","","","","",100,1,"","","","","","","","","","","","",10.,1,"","","","","","","","",8,1,8,1,"","","","","","","","","","","","","","","","","","","","","","","","","","","","","","",100,1,"","",41,1,"","","","",0,1,"","","","","","","","","","","","","","","","","","","","","","","","","","","","","","","","","","","","","","","","","","","","","","","","","","","","","","","","","","","","","",""
"63263001","PUY-DE-DOME-MN",45.775,2.966667,1461,1965083109,"","","","",11.,1,310,1,"","","","","","","","","","","","","","","","","","","","","","","","","","","","",7.,1,7.,1,"","","","","","","","","","","","","","","","","","","","","","","","","","",100,1,"","","","","","","","","","","","",10.,1,"","","","","","","","",9,1,"","","","","","","","","","","","","","","","","","","","","","","","","","","","","","","","",40,1,"","",45,1,4,1,"","","","","","","","","","","","","","","","","","","","","","","","","","","","","","","","","","","","","","","","","","","","","","","","","","","","","","","","","","","","","","","","","",""
"63263001","PUY-DE-DOME-MN",45.775,2.966667,1461,1965083112,"","","","",5.,1,310,1,"","","","","","","","","","","","","","","","","","","","","","","","","","","","",8.5,1,6.5,1,"","","","","","","","","","","","","","","","","","","","","","","","","","",88,1,"","","","","","","","","","","","",9.8,1,"","","","","","","","",7,1,0,1,2,1,3,1,2,1,"","","","","","","","","","","","","","","","","","","","","","","","",40000,1,"","",3,1,4,1,"","","","","","","","","","","","","","","","","","","","","","","","","","","","","","","","","","","","","","","","","","","","","","","","","","","","","","","","","","","","","","","","","",""
"63263001","PUY-DE-DOME-MN",45.775,2.966667,1461,1965083115,"","","","",2.,1,310,1,"","","","","","","","","","","","","","","","","","","","","","","","","","","","",9.,1,6.8,1,"","","","","","","","","","","","","","","","","","","","","","","","","","",87,1,"","","","","","","","","","","","",10.,1,"","","","","","","","",7,1,7,1,2,1,7,1,"","","","","","","","","","","","","","","","","","","","","","","","","","",25000,1,"","",3,1,2,1,"","","","","","","","","","","","","","","","","","","","","","","","","","","","","","","","","","","","","","","","","","","","","","","","","","","","","","","","","","","","","","","","","",""
"63263001","PUY-DE-DOME-MN",45.775,2.966667,1461,1965083118,"","","","",11.,1,310,1,"","","","","","","","","","","","","","","","","","","","","","","","","","","","",6.,1,6.,1,"","","","","","","","","","","","","","","","","","","","","","","","","","",100,1,"","","","","","","","","","","","",9.3,1,"","","","","","","","",9,1,"","","","","","","","","","","","","","","","","","","","","","","","","","","","","","","","",40,1,"","",45,1,8,1,"","","","","","","","","","","","","","","","","","","","","","","","","","","","","","","","","","","","","","","","","","","","","","","","","","","","","","","","","","","","","","","","","",""
"63263001","PUY-DE-DOME-MN",45.775,2.966667,1461,1965083121,"","","","","","","","","","","","","","","","","","","","","","","","","","","","","","","","","","","","",6.,1,6.,1,"","","","","","","","","","","","","","","","","","","","","","","","","","",100,1,"","","","","","","","","","","","",9.3,1,"","","","","","","","","","","","","","","","","","","","","","","","","","","","","","","","","","","","","","","","","","","","","","","","","","","","","","","","","","","","","","","","","","","","","","","","","","","","","","","","","","","","","","","","","","","","","","","","","","","","","","","","","","","","","","","","","","","",""
"63263001","PUY-DE-DOME-MN",45.775,2.966667,1461,1965090100,"","","","","","","","","","","","","","","","","","","","","","","","","","","","","","","","","","","","",6.,1,6.,1,"","","","","","","","","","","","","","","","","","","","","","","","","","",100,1,"","","","","","","","","","","","",9.3,1,"","","","","","","","","","","","","","","","","","","","","","","","","","","","","","","","","","","","","","","","","","","","","","","","","","","","","","","","","","","","","","","","","","","","","","","","","","","","","","","","","","","","","","","","","","","","","","","","","","","","","","","","","","","","","","","","","","","",""
"63263001","PUY-DE-DOME-MN",45.775,2.966667,1461,1965090103,"","","","","","","","","","","","","","","","","","","","","","","","","","","","","","","","","","","","",5.6,1,5.6,1,"","","","","","","","","","","","","","","","","","","","","","","","","","",100,1,"","","","","","","","","","","","",9.1,1,"","","","","","","","","","","","","","","","","","","","","","","","","","","","","","","","","","","","","","","","","","","","","","","","","","","","","","","","","","","","","","","","","","","","","","","","","","","","","","","","","","","","","","","","","","","","","","","","","","","","","","","","","","","","","","","","","","","",""
"63263001","PUY-DE-DOME-MN",45.775,2.966667,1461,1965090106,"","","","",12.,1,50,1,"","","","","","","","","","","","","","","","","","","","","","","","","","","","",2.1,1,2.1,1,"","","","","","","","","","","","","","","","","","","","","","","","","","",100,1,"","","","","","","","","","","","",7.1,1,"","","","","","","","",8,1,8,1,"","","","","","","","","","","","","","","","","","","","","","","","","","","","","","",40,1,"","",61,1,6,1,"","",0,1,"","","","","","","","","","","","","","","","","","","","","","","","","","","","","","","","","","","","","","","","","","","","","","","","","","","","","","","","","","","","","",""
"63263001","PUY-DE-DOME-MN",45.775,2.966667,1461,1965090109,"","","","",7.,1,50,1,"","","","","","","","","","","","","","","","","","","","","","","","","","","","",2.8,1,2.8,1,"","","","","","","","","","","","","","","","","","","","","","","","","","",100,1,"","","","","","","","","","","","",7.5,1,"","","","","","","","",8,1,8,1,"","","","","","","","","","","","","","","","","","","","","","","","","","","","","","",40,1,"","",61,1,6,1,"","","","","","","","","","","","","","","","","","","","","","","","","","","","","","","","","","","","","","","","","","","","","","","","","","","","","","","","","","","","","","","","","",""
"63263001","PUY-DE-DOME-MN",45.775,2.966667,1461,1965090112,"","","","",9.,1,30,1,"","","","","","","","","","","","","","","","","","","","","","","","","","","","",2.4,1,2.4,1,"","","","","","","","","","","","","","","","","","","","","","","","","","",100,1,"","","","","","","","","","","","",7.3,1,"","","","","","","","",8,1,8,1,"","","","","","","","","","","","","","","","","","","","","","","","","","","","","","",40,1,"","",61,1,6,1,"","","","","","","","","","","","","","","","","","","","","","","","","","","","","","","","","","","","","","","","","","","","","","","","","","","","","","","","","","","","","","","","","",""
"63263001","PUY-DE-DOME-MN",45.775,2.966667,1461,1965090115,"","","","",11.,1,350,1,"","","","","","","","","","","","","","","","","","","","","","","","","","","","",2.8,1,2.8,1,"","","","","","","","","","","","","","","","","","","","","","","","","","",100,1,"","","","","","","","","","","","",7.5,1,"","","","","","","","",9,1,"","","","","","","","","","","","","","","","","","","","","","","","","","","","","","","","",40,1,"","",45,1,6,1,"","","","","","","","","","","","","","","","","","","","","","","","","","","","","","","","","","","","","","","","","","","","","","","","","","","","","","","","","","","","","","","","","",""
"63263001","PUY-DE-DOME-MN",45.775,2.966667,1461,1965090118,"","","","",13.,1,30,1,"","","","","","","","","","","","","","","","","","","","","","","","","","","","",1.3,1,1.3,1,"","","","","","","","","","","","","","","","","","","","","","","","","","",100,1,"","","","","","","","","","","","",6.7,1,"","","","","","","","",9,1,"","","","","","","","","","","","","","","","","","","","","","","","","","","","","","","","",40,1,"","",45,1,8,1,"","","","","","","","","","","","","","","","","","","","","","","","","","","","","","","","","","","","","","","","","","","","","","","","","","","","","","","","","","","","","","","","","",""
"63263001","PUY-DE-DOME-MN",45.775,2.966667,1461,1965090121,"","","","","","","","","","","","","","","","","","","","","","","","","","","","","","","","","","","","",1.6,1,1.6,1,"","","","","","","","","","","","","","","","","","","","","","","","","","",100,1,"","","","","","","","","","","","",6.8,1,"","","","","","","","","","","","","","","","","","","","","","","","","","","","","","","","","","","","","","","","","","","","","","","","","","","","","","","","","","","","","","","","","","","","","","","","","","","","","","","","","","","","","","","","","","","","","","","","","","","","","","","","","","","","","","","","","","","",""
"63263001","PUY-DE-DOME-MN",45.775,2.966667,1461,1965090200,"","","","","","","","","","","","","","","","","","","","","","","","","","","","","","","","","","","","",1.2,1,1.2,1,"","","","","","","","","","","","","","","","","","","","","","","","","","",100,1,"","","","","","","","","","","","",6.6,1,"","","","","","","","","","","","","","","","","","","","","","","","","","","","","","","","","","","","","","","","","","","","","","","","","","","","","","","","","","","","","","","","","","","","","","","","","","","","","","","","","","","","","","","","","","","","","","","","","","","","","","","","","","","","","","","","","","","",""
"63263001","PUY-DE-DOME-MN",45.775,2.966667,1461,1965090203,"","","","","","","","","","","","","","","","","","","","","","","","","","","","","","","","","","","","",1.9,1,1.9,1,"","","","","","","","","","","","","","","","","","","","","","","","","","",100,1,"","","","","","","","","","","","",7.,1,"","","","","","","","","","","","","","","","","","","","","","","","","","","","","","","","","","","","","","","","","","","","","","","","","","","","","","","","","","","","","","","","","","","","","","","","","","","","","","","","","","","","","","","","","","","","","","","","","","","","","","","","","","","","","","","","","","","",""
"63263001","PUY-DE-DOME-MN",45.775,2.966667,1461,1965090206,"","","","",14.,1,50,1,"","","","","","","","","","","","","","","","","","","","","","","","","","","","",3.,1,3.,1,"","","","","","","","","","","","","","","","","","","","","","","","","","",100,1,"","","","","","","","","","","","",7.6,1,"","","","","","","","",8,1,8,1,"","","","","","","","","","","","","","","","","","","","","","","","","","","","","","",40,1,"","",61,1,6,1,"","",0,1,"","","","","","","","","","","","","","","","","","","","","","","","","","","","","","","","","","","","","","","","","","","","","","","","","","","","","","","","","","","","","",""
"63263001","PUY-DE-DOME-MN",45.775,2.966667,1461,1965090209,"","","","",13.,1,50,1,"","","","","","","","","","","","","","","","","","","","","","","","","","","","",3.2,1,3.2,1,"","","","","","","","","","","","","","","","","","","","","","","","","","",100,1,"","","","","","","","","","","","",7.7,1,"","","","","","","","",8,1,8,1,"","","","","","","","","","","","","","","","","","","","","","","","","","","","","","",40,1,"","",61,1,6,1,"","","","","","","","","","","","","","","","","","","","","","","","","","","","","","","","","","","","","","","","","","","","","","","","","","","","","","","","","","","","","","","","","",""
"63263001","PUY-DE-DOME-MN",45.775,2.966667,1461,1965090212,"","","","",9.,1,50,1,"","","","","","","","","","","","","","","","","","","","","","","","","","","","",3.5,1,3.5,1,"","","","","","","","","","","","","","","","","","","","","","","","","","",100,1,"","","","","","","","","","","","",7.8,1,"","","","","","","","",8,1,8,1,"","","","","","","","","","","","","","","","","","","","","","","","","","","","","","",40,1,"","",61,1,6,1,"","","","","","","","","","","","","","","","","","","","","","","","","","","","","","","","","","","","","","","","","","","","","","","","","","","","","","","","","","","","","","","","","",""
"63263001","PUY-DE-DOME-MN",45.775,2.966667,1461,1965090215,"","","","",0.,1,0,1,"","","","","","","","","","","","","","","","","","","","","","","","","","","","",4.7,1,4.7,1,"","","","","","","","","","","","","","","","","","","","","","","","","","",100,1,"","","","","","","","","","","","",8.5,1,"","","","","","","","",9,1,"","","","","","","","","","","","","","","","","","","","","","","","","","","","","","","","",40,1,"","",45,1,6,1,"","","","","","","","","","","","","","","","","","","","","","","","","","","","","","","","","","","","","","","","","","","","","","","","","","","","","","","","","","","","","","","","","",""
"63263001","PUY-DE-DOME-MN",45.775,2.966667,1461,1965090218,"","","","",8.,1,230,1,"","","","","","","","","","","","","","","","","","","","","","","","","","","","",3.8,1,3.8,1,"","","","","","","","","","","","","","","","","","","","","","","","","","",100,1,"","","","","","","","","","","","",8.,1,"","","","","","","","",9,1,"","","","","","","","","","","","","","","","","","","","","","","","","","","","","","","","",40,1,"","",45,1,6,1,"","","","","","","","","","","","","","","","","","","","","","","","","","","","","","","","","","","","","","","","","","","","","","","","","","","","","","","","","","","","","","","","","",""
"63263001","PUY-DE-DOME-MN",45.775,2.966667,1461,1965090221,"","","","","","","","","","","","","","","","","","","","","","","","","","","","","","","","","","","","",3.1,1,3.1,1,"","","","","","","","","","","","","","","","","","","","","","","","","","",100,1,"","","","","","","","","","","","",7.6,1,"","","","","","","","","","","","","","","","","","","","","","","","","","","","","","","","","","","","","","","","","","","","","","","","","","","","","","","","","","","","","","","","","","","","","","","","","","","","","","","","","","","","","","","","","","","","","","","","","","","","","","","","","","","","","","","","","","","",""
"63263001","PUY-DE-DOME-MN",45.775,2.966667,1461,1965090300,"","","","","","","","","","","","","","","","","","","","","","","","","","","","","","","","","","","","",2.7,1,2.7,1,"","","","","","","","","","","","","","","","","","","","","","","","","","",100,1,"","","","","","","","","","","","",7.4,1,"","","","","","","","","","","","","","","","","","","","","","","","","","","","","","","","","","","","","","","","","","","","","","","","","","","","","","","","","","","","","","","","","","","","","","","","","","","","","","","","","","","","","","","","","","","","","","","","","","","","","","","","","","","","","","","","","","","",""
"63263001","PUY-DE-DOME-MN",45.775,2.966667,1461,1965090303,"","","","","","","","","","","","","","","","","","","","","","","","","","","","","","","","","","","","",2.,1,2.,1,"","","","","","","","","","","","","","","","","","","","","","","","","","",100,1,"","","","","","","","","","","","",7.1,1,"","","","","","","","","","","","","","","","","","","","","","","","","","","","","","","","","","","","","","","","","","","","","","","","","","","","","","","","","","","","","","","","","","","","","","","","","","","","","","","","","","","","","","","","","","","","","","","","","","","","","","","","","","","","","","","","","","","",""
"63263001","PUY-DE-DOME-MN",45.775,2.966667,1461,1965090306,"","","","",22.,1,270,1,"","","","","","","","","","","","","","","","","","","","","","","","","","","","",2.5,1,2.5,1,"","","","","","","","","","","","","","","","","","","","","","","","","","",100,1,"","","","","","","","","","","","",7.3,1,"","","","","","","","",9,1,"","","","","","","","","","","","","","","","","","","","","","","","","","","","","","","","",40,1,"","",45,1,6,1,"","",0,1,"","","","","","","","","","","","","","","","","","","","","","","","","","","","","","","","","","","","","","","","","","","","","","","","","","","","","","","","","","","","","",""
"63263001","PUY-DE-DOME-MN",45.775,2.966667,1461,1965090309,"","","","",26.,1,270,1,"","","","","","","","","","","","","","","","","","","","","","","","","","","","",3.1,1,3.1,1,"","","","","","","","","","","","","","","","","","","","","","","","","","",100,1,"","","","","","","","","","","","",7.6,1,"","","","","","","","",9,1,"","","","","","","","","","","","","","","","","","","","","","","","","","","","","","","","",40,1,"","",45,1,4,1,"","","","","","","","","","","","","","","","","","","","","","","","","","","","","","","","","","","","","","","","","","","","","","","","","","","","","","","","","","","","","","","","","",""
"63263001","PUY-DE-DOME-MN",45.775,2.966667,1461,1965090312,"","","","",19.,1,250,1,"","","","","","","","","","","","","","","","","","","","","","","","","","","","",3.7,1,3.7,1,"","","","","","","","","","","","","","","","","","","","","","","","","","",100,1,"","","","","","","","","","","","",8.,1,"","","","","","","","",8,1,8,1,"","","","","","","","","","","","","","","","","","","","","","","","","","","","","","",40,1,"","",61,1,4,1,"","","","","","","","","","","","","","","","","","","","","","","","","","","","","","","","","","","","","","","","","","","","","","","","","","","","","","","","","","","","","","","","","",""
"63263001","PUY-DE-DOME-MN",45.775,2.966667,1461,1965090315,"","","","",20.,1,270,1,"","","","","","","","","","","","","","","","","","","","","","","","","","","","",3.8,1,3.8,1,"","","","","","","","","","","","","","","","","","","","","","","","","","",100,1,"","","","","","","","","","","","",8.,1,"","","","","","","","",9,1,"","","","","","","","","","","","","","","","","","","","","","","","","","","","","","","","",40,1,"","",45,1,6,1,"","","","","","","","","","","","","","","","","","","","","","","","","","","","","","","","","","","","","","","","","","","","","","","","","","","","","","","","","","","","","","","","","",""
"63263001","PUY-DE-DOME-MN",45.775,2.966667,1461,1965090318,"","","","",20.,1,270,1,"","","","","","","","","","","","","","","","","","","","","","","","","","","","",3.8,1,3.8,1,"","","","","","","","","","","","","","","","","","","","","","","","","","",100,1,"","","","","","","","","","","","",8.,1,"","","","","","","","",9,1,"","","","","","","","","","","","","","","","","","","","","","","","","","","","","","","","",40,1,"","",45,1,6,1,"","","","","","","","","","","","","","","","","","","","","","","","","","","","","","","","","","","","","","","","","","","","","","","","","","","","","","","","","","","","","","","","","",""
"63263001","PUY-DE-DOME-MN",45.775,2.966667,1461,1965090321,"","","","","","","","","","","","","","","","","","","","","","","","","","","","","","","","","","","","",4.3,1,4.3,1,"","","","","","","","","","","","","","","","","","","","","","","","","","",100,1,"","","","","","","","","","","","",8.3,1,"","","","","","","","","","","","","","","","","","","","","","","","","","","","","","","","","","","","","","","","","","","","","","","","","","","","","","","","","","","","","","","","","","","","","","","","","","","","","","","","","","","","","","","","","","","","","","","","","","","","","","","","","","","","","","","","","","","",""
"63263001","PUY-DE-DOME-MN",45.775,2.966667,1461,1965090400,"","","","","","","","","","","","","","","","","","","","","","","","","","","","","","","","","","","","",4.9,1,4.9,1,"","","","","","","","","","","","","","","","","","","","","","","","","","",100,1,"","","","","","","","","","","","",8.7,1,"","","","","","","","","","","","","","","","","","","","","","","","","","","","","","","","","","","","","","","","","","","","","","","","","","","","","","","","","","","","","","","","","","","","","","","","","","","","","","","","","","","","","","","","","","","","","","","","","","","","","","","","","","","","","","","","","","","",""
"63263001","PUY-DE-DOME-MN",45.775,2.966667,1461,1965090403,"","","","","","","","","","","","","","","","","","","","","","","","","","","","","","","","","","","","",5.,1,5.,1,"","","","","","","","","","","","","","","","","","","","","","","","","","",100,1,"","","","","","","","","","","","",8.7,1,"","","","","","","","","","","","","","","","","","","","","","","","","","","","","","","","","","","","","","","","","","","","","","","","","","","","","","","","","","","","","","","","","","","","","","","","","","","","","","","","","","","","","","","","","","","","","","","","","","","","","","","","","","","","","","","","","","","",""
"63263001","PUY-DE-DOME-MN",45.775,2.966667,1461,1965090406,"","","","",15.,1,270,1,"","","","","","","","","","","","","","","","","","","","","","","","","","","","",5.,1,5.,1,"","","","","","","","","","","","","","","","","","","","","","","","","","",100,1,"","","","","","","","","","","","",8.7,1,"","","","","","","","",9,1,"","","","","","","","","","","","","","","","","","","","","","","","","","","","","","","","",40,1,"","",45,1,4,1,"","",0,1,"","","","","","","","","","","","","","","","","","","","","","","","","","","","","","","","","","","","","","","","","","","","","","","","","","","","","","","","","","","","","",""
"63263001","PUY-DE-DOME-MN",45.775,2.966667,1461,1965090409,"","","","",17.,1,270,1,"","","","","","","","","","","","","","","","","","","","","","","","","","","","",5.5,1,5.5,1,"","","","","","","","","","","","","","","","","","","","","","","","","","",100,1,"","","","","","","","","","","","",9.,1,"","","","","","","","",9,1,"","","","","","","","","","","","","","","","","","","","","","","","","","","","","","","","",40,1,"","",45,1,4,1,"","","","","","","","","","","","","","","","","","","","","","","","","","","","","","","","","","","","","","","","","","","","","","","","","","","","","","","","","","","","","","","","","",""
"63263001","PUY-DE-DOME-MN",45.775,2.966667,1461,1965090412,"","","","",15.,1,250,1,"","","","","","","","","","","","","","","","","","","","","","","","","","","","",6.9,1,6.9,1,"","","","","","","","","","","","","","","","","","","","","","","","","","",100,1,"","","","","","","","","","","","",10.,1,"","","","","","","","",9,1,"","","","","","","","","","","","","","","","","","","","","","","","","","","","","","","","",60,1,"","",45,1,4,1,"","","","","","","","","","","","","","","","","","","","","","","","","","","","","","","","","","","","","","","","","","","","","","","","","","","","","","","","","","","","","","","","","",""
"63263001","PUY-DE-DOME-MN",45.775,2.966667,1461,1965090415,"","","","",12.,1,250,1,"","","","","","","","","","","","","","","","","","","","","","","","","","","","",7.1,1,7.1,1,"","","","","","","","","","","","","","","","","","","","","","","","","","",100,1,"","","","","","","","","","","","",10.1,1,"","","","","","","","",8,1,8,1,"","","","","","","","","","","","","","","","","","","","","","","","","","","","","","",100,1,"","",80,1,4,1,"","","","","","","","","","","","","","","","","","","","","","","","","","","","","","","","","","","","","","","","","","","","","","","","","","","","","","","","","","","","","","","","","",""
"63263001","PUY-DE-DOME-MN",45.775,2.966667,1461,1965090418,"","","","",15.,1,250,1,"","","","","","","","","","","","","","","","","","","","","","","","","","","","",6.6,1,6.6,1,"","","","","","","","","","","","","","","","","","","","","","","","","","",100,1,"","","","","","","","","","","","",9.7,1,"","","","","","","","",9,1,"","","","","","","","","","","","","","","","","","","","","","","","","","","","","","","","",40,1,"","",43,1,8,1,"","","","","","","","","","","","","","","","","","","","","","","","","","","","","","","","","","","","","","","","","","","","","","","","","","","","","","","","","","","","","","","","","",""
"63263001","PUY-DE-DOME-MN",45.775,2.966667,1461,1965090421,"","","","","","","","","","","","","","","","","","","","","","","","","","","","","","","","","","","","",4.,1,4.,1,"","","","","","","","","","","","","","","","","","","","","","","","","","",100,1,"","","","","","","","","","","","",8.1,1,"","","","","","","","","","","","","","","","","","","","","","","","","","","","","","","","","","","","","","","","","","","","","","","","","","","","","","","","","","","","","","","","","","","","","","","","","","","","","","","","","","","","","","","","","","","","","","","","","","","","","","","","","","","","","","","","","","","",""
"63263001","PUY-DE-DOME-MN",45.775,2.966667,1461,1965090500,"","","","","","","","","","","","","","","","","","","","","","","","","","","","","","","","","","","","",2.6,1,2.6,1,"","","","","","","","","","","","","","","","","","","","","","","","","","",100,1,"","","","","","","","","","","","",7.4,1,"","","","","","","","","","","","","","","","","","","","","","","","","","","","","","","","","","","","","","","","","","","","","","","","","","","","","","","","","","","","","","","","","","","","","","","","","","","","","","","","","","","","","","","","","","","","","","","","","","","","","","","","","","","","","","","","","","","",""
"63263001","PUY-DE-DOME-MN",45.775,2.966667,1461,1965090503,"","","","","","","","","","","","","","","","","","","","","","","","","","","","","","","","","","","","",2.9,1,2.9,1,"","","","","","","","","","","","","","","","","","","","","","","","","","",100,1,"","","","","","","","","","","","",7.5,1,"","","","","","","","","","","","","","","","","","","","","","","","","","","","","","","","","","","","","","","","","","","","","","","","","","","","","","","","","","","","","","","","","","","","","","","","","","","","","","","","","","","","","","","","","","","","","","","","","","","","","","","","","","","","","","","","","","","",""
"63263001","PUY-DE-DOME-MN",45.775,2.966667,1461,1965090506,"","","","",16.,1,290,1,"","","","","","","","","","","","","","","","","","","","","","","","","","","","",2.8,1,2.8,1,"","","","","","","","","","","","","","","","","","","","","","","","","","",100,1,"","","","","","","","","","","","",7.5,1,"","","","","","","","",9,1,"","","","","","","","","","","","","","","","","","","","","","","","","","","","","","","","",40,1,"","",45,1,6,1,"","",0,1,"","","","","","","","","","","","","","","","","","","","","","","","","","","","","","","","","","","","","","","","","","","","","","","","","","","","","","","","","","","","","",""
"63263001","PUY-DE-DOME-MN",45.775,2.966667,1461,1965090509,"","","","",12.,1,270,1,"","","","","","","","","","","","","","","","","","","","","","","","","","","","",3.2,1,3.2,1,"","","","","","","","","","","","","","","","","","","","","","","","","","",100,1,"","","","","","","","","","","","",7.7,1,"","","","","","","","",9,1,"","","","","","","","","","","","","","","","","","","","","","","","","","","","","","","","",40,1,"","",45,1,4,1,"","","","","","","","","","","","","","","","","","","","","","","","","","","","","","","","","","","","","","","","","","","","","","","","","","","","","","","","","","","","","","","","","",""
"63263001","PUY-DE-DOME-MN",45.775,2.966667,1461,1965090512,"","","","",17.,1,270,1,"","","","","","","","","","","","","","","","","","","","","","","","","","","","",4.,1,3.,1,"","","","","","","","","","","","","","","","","","","","","","","","","","",94,1,"","","","","","","","","","","","",7.6,1,"","","","","","","","",6,1,6,1,2,1,0,1,2,1,"","","","","","","","","","","","","","","","","","","","","","","","",99990,1,"","",1,1,4,1,"","","","","","","","","","","","","","","","","","","","","","","","","","","","","","","","","","","","","","","","","","","","","","","","","","","","","","","","","","","","","","","","","",""
"63263001","PUY-DE-DOME-MN",45.775,2.966667,1461,1965090515,"","","","",19.,1,270,1,"","","","","","","","","","","","","","","","","","","","","","","","","","","","",5.7,1,3.3,1,"","","","","","","","","","","","","","","","","","","","","","","","","","",85,1,"","","","","","","","","","","","",7.8,1,"","","","","","","","",7,1,5,1,2,1,6,1,4,1,"","","","","","","","","","","","","","","","","","","","","","","","",99990,1,"","",1,1,2,1,"","","","","","","","","","","","","","","","","","","","","","","","","","","","","","","","","","","","","","","","","","","","","","","","","","","","","","","","","","","","","","","","","",""
"63263001","PUY-DE-DOME-MN",45.775,2.966667,1461,1965090518,"","","","",18.,1,270,1,"","","","","","","","","","","","","","","","","","","","","","","","","","","","",4.7,1,4.7,1,"","","","","","","","","","","","","","","","","","","","","","","","","","",100,1,"","","","","","","","","","","","",8.5,1,"","","","","","","","",9,1,"","","","","","","","","","","","","","","","","","","","","","","","","","","","","","","","",40,1,"","",45,1,8,1,"","","","","","","","","","","","","","","","","","","","","","","","","","","","","","","","","","","","","","","","","","","","","","","","","","","","","","","","","","","","","","","","","",""
"63263001","PUY-DE-DOME-MN",45.775,2.966667,1461,1965090521,"","","","","","","","","","","","","","","","","","","","","","","","","","","","","","","","","","","","",4.7,1,4.7,1,"","","","","","","","","","","","","","","","","","","","","","","","","","",100,1,"","","","","","","","","","","","",8.5,1,"","","","","","","","","","","","","","","","","","","","","","","","","","","","","","","","","","","","","","","","","","","","","","","","","","","","","","","","","","","","","","","","","","","","","","","","","","","","","","","","","","","","","","","","","","","","","","","","","","","","","","","","","","","","","","","","","","","",""
"63263001","PUY-DE-DOME-MN",45.775,2.966667,1461,1965090600,"","","","","","","","","","","","","","","","","","","","","","","","","","","","","","","","","","","","",4.4,1,4.4,1,"","","","","","","","","","","","","","","","","","","","","","","","","","",100,1,"","","","","","","","","","","","",8.4,1,"","","","","","","","","","","","","","","","","","","","","","","","","","","","","","","","","","","","","","","","","","","","","","","","","","","","","","","","","","","","","","","","","","","","","","","","","","","","","","","","","","","","","","","","","","","","","","","","","","","","","","","","","","","","","","","","","","","",""
"63263001","PUY-DE-DOME-MN",45.775,2.966667,1461,1965090603,"","","","","","","","","","","","","","","","","","","","","","","","","","","","","","","","","","","","",4.5,1,4.5,1,"","","","","","","","","","","","","","","","","","","","","","","","","","",100,1,"","","","","","","","","","","","",8.4,1,"","","","","","","","","","","","","","","","","","","","","","","","","","","","","","","","","","","","","","","","","","","","","","","","","","","","","","","","","","","","","","","","","","","","","","","","","","","","","","","","","","","","","","","","","","","","","","","","","","","","","","","","","","","","","","","","","","","",""
"63263001","PUY-DE-DOME-MN",45.775,2.966667,1461,1965090606,"","","","",20.,1,290,1,"","","","","","","","","","","","","","","","","","","","","","","","","","","","",3.8,1,3.8,1,"","","","","","","","","","","","","","","","","","","","","","","","","","",100,1,"","","","","","","","","","","","",8.,1,"","","","","","","","",9,1,"","","","","","","","","","","","","","","","","","","","","","","","","","","","","","","","",40,1,"","",45,1,6,1,"","",0,1,"","","","","","","","","","","","","","","","","","","","","","","","","","","","","","","","","","","","","","","","","","","","","","","","","","","","","","","","","","","","","",""
"63263001","PUY-DE-DOME-MN",45.775,2.966667,1461,1965090609,"","","","",20.,1,290,1,"","","","","","","","","","","","","","","","","","","","","","","","","","","","",3.4,1,3.4,1,"","","","","","","","","","","","","","","","","","","","","","","","","","",100,1,"","","","","","","","","","","","",7.8,1,"","","","","","","","",9,1,"","","","","","","","","","","","","","","","","","","","","","","","","","","","","","","","",40,1,"","",45,1,4,1,"","","","","","","","","","","","","","","","","","","","","","","","","","","","","","","","","","","","","","","","","","","","","","","","","","","","","","","","","","","","","","","","","",""
"63263001","PUY-DE-DOME-MN",45.775,2.966667,1461,1965090612,"","","","",15.,1,290,1,"","","","","","","","","","","","","","","","","","","","","","","","","","","","",5.,1,5.,1,"","","","","","","","","","","","","","","","","","","","","","","","","","",100,1,"","","","","","","","","","","","",8.7,1,"","","","","","","","",9,1,"","","","","","","","","","","","","","","","","","","","","","","","","","","","","","","","",40,1,"","",45,1,8,1,"","","","","","","","","","","","","","","","","","","","","","","","","","","","","","","","","","","","","","","","","","","","","","","","","","","","","","","","","","","","","","","","","",""
"63263001","PUY-DE-DOME-MN",45.775,2.966667,1461,1965090615,"","","","",12.,1,290,1,"","","","","","","","","","","","","","","","","","","","","","","","","","","","",5.2,1,5.2,1,"","","","","","","","","","","","","","","","","","","","","","","","","","",100,1,"","","","","","","","","","","","",8.9,1,"","","","","","","","",8,1,8,1,"","","","","","","","","","","","","","","","","","","","","","","","","","","","","","",40,1,"","",80,1,8,1,"","","","","","","","","","","","","","","","","","","","","","","","","","","","","","","","","","","","","","","","","","","","","","","","","","","","","","","","","","","","","","","","","",""
"63263001","PUY-DE-DOME-MN",45.775,2.966667,1461,1965090618,"","","","",20.,1,270,1,"","","","","","","","","","","","","","","","","","","","","","","","","","","","",4.8,1,4.8,1,"","","","","","","","","","","","","","","","","","","","","","","","","","",100,1,"","","","","","","","","","","","",8.6,1,"","","","","","","","",8,1,8,1,"","","","","","","","","","","","","","","","","","","","","","","","","","","","","","",40,1,"","",60,1,8,1,"","","","","","","","","","","","","","","","","","","","","","","","","","","","","","","","","","","","","","","","","","","","","","","","","","","","","","","","","","","","","","","","","",""
"63263001","PUY-DE-DOME-MN",45.775,2.966667,1461,1965090621,"","","","","","","","","","","","","","","","","","","","","","","","","","","","","","","","","","","","",5.2,1,5.2,1,"","","","","","","","","","","","","","","","","","","","","","","","","","",100,1,"","","","","","","","","","","","",8.9,1,"","","","","","","","","","","","","","","","","","","","","","","","","","","","","","","","","","","","","","","","","","","","","","","","","","","","","","","","","","","","","","","","","","","","","","","","","","","","","","","","","","","","","","","","","","","","","","","","","","","","","","","","","","","","","","","","","","","",""
"63263001","PUY-DE-DOME-MN",45.775,2.966667,1461,1965090700,"","","","","","","","","","","","","","","","","","","","","","","","","","","","","","","","","","","","",6.,1,6.,1,"","","","","","","","","","","","","","","","","","","","","","","","","","",100,1,"","","","","","","","","","","","",9.3,1,"","","","","","","","","","","","","","","","","","","","","","","","","","","","","","","","","","","","","","","","","","","","","","","","","","","","","","","","","","","","","","","","","","","","","","","","","","","","","","","","","","","","","","","","","","","","","","","","","","","","","","","","","","","","","","","","","","","",""
"63263001","PUY-DE-DOME-MN",45.775,2.966667,1461,1965090703,"","","","","","","","","","","","","","","","","","","","","","","","","","","","","","","","","","","","",6.1,1,6.1,1,"","","","","","","","","","","","","","","","","","","","","","","","","","",100,1,"","","","","","","","","","","","",9.4,1,"","","","","","","","","","","","","","","","","","","","","","","","","","","","","","","","","","","","","","","","","","","","","","","","","","","","","","","","","","","","","","","","","","","","","","","","","","","","","","","","","","","","","","","","","","","","","","","","","","","","","","","","","","","","","","","","","","","",""
"63263001","PUY-DE-DOME-MN",45.775,2.966667,1461,1965090706,"","","","",22.,1,270,1,"","","","","","","","","","","","","","","","","","","","","","","","","","","","",4.,1,4.,1,"","","","","","","","","","","","","","","","","","","","","","","","","","",100,1,"","","","","","","","","","","","",8.1,1,"","","","","","","","",9,1,"","","","","","","","","","","","","","","","","","","","","","","","","","","","","","","","",40,1,"","",45,1,6,1,"","",0,1,"","","","","","","","","","","","","","","","","","","","","","","","","","","","","","","","","","","","","","","","","","","","","","","","","","","","","","","","","","","","","",""
"63263001","PUY-DE-DOME-MN",45.775,2.966667,1461,1965090709,"","","","",21.,1,270,1,"","","","","","","","","","","","","","","","","","","","","","","","","","","","",4.6,1,4.6,1,"","","","","","","","","","","","","","","","","","","","","","","","","","",100,1,"","","","","","","","","","","","",8.5,1,"","","","","","","","",9,1,"","","","","","","","","","","","","","","","","","","","","","","","","","","","","","","","",40,1,"","",45,1,4,1,"","","","","","","","","","","","","","","","","","","","","","","","","","","","","","","","","","","","","","","","","","","","","","","","","","","","","","","","","","","","","","","","","",""
"63263001","PUY-DE-DOME-MN",45.775,2.966667,1461,1965090712,"","","","",19.,1,270,1,"","","","","","","","","","","","","","","","","","","","","","","","","","","","",5.6,1,5.6,1,"","","","","","","","","","","","","","","","","","","","","","","","","","",100,1,"","","","","","","","","","","","",9.1,1,"","","","","","","","",9,1,"","","","","","","","","","","","","","","","","","","","","","","","","","","","","","","","",40,1,"","",45,1,4,1,"","","","","","","","","","","","","","","","","","","","","","","","","","","","","","","","","","","","","","","","","","","","","","","","","","","","","","","","","","","","","","","","","",""
"63263001","PUY-DE-DOME-MN",45.775,2.966667,1461,1965090715,"","","","",17.,1,270,1,"","","","","","","","","","","","","","","","","","","","","","","","","","","","",7.7,1,6.6,1,"","","","","","","","","","","","","","","","","","","","","","","","","","",94,1,"","","","","","","","","","","","",9.9,1,"","","","","","","","",3,1,0,1,5,1,0,1,0,1,"","","","","","","","","","","","","","","","","","","","","","","","",40000,1,"","",28,1,4,1,"","","","","","","","","","","","","","","","","","","","","","","","","","","","","","","","","","","","","","","","","","","","","","","","","","","","","","","","","","","","","","","","","",""
"63263001","PUY-DE-DOME-MN",45.775,2.966667,1461,1965090718,"","","","",18.,1,270,1,"","","","","","","","","","","","","","","","","","","","","","","","","","","","",6.9,1,6.2,1,"","","","","","","","","","","","","","","","","","","","","","","","","","",96,1,"","","","","","","","","","","","",9.6,1,"","","","","","","","",5,1,0,1,5,1,4,1,0,1,"","","","","","","","","","","","","","","","","","","","","","","","",25000,1,"","",2,1,4,1,"","","","","","","","","","","","","","","","","","","","","","","","","","","","","","","","","","","","","","","","","","","","","","","","","","","","","","","","","","","","","","","","","",""
"63263001","PUY-DE-DOME-MN",45.775,2.966667,1461,1965090721,"","","","","","","","","","","","","","","","","","","","","","","","","","","","","","","","","","","","",8.,1,6.4,1,"","","","","","","","","","","","","","","","","","","","","","","","","","",91,1,"","","","","","","","","","","","",9.7,1,"","","","","","","","","","","","","","","","","","","","","","","","","","","","","","","","","","","","","","","","","","","","","","","","","","","","","","","","","","","","","","","","","","","","","","","","","","","","","","","","","","","","","","","","","","","","","","","","","","","","","","","","","","","","","","","","","","","",""
"63263001","PUY-DE-DOME-MN",45.775,2.966667,1461,1965090800,"","","","","","","","","","","","","","","","","","","","","","","","","","","","","","","","","","","","",9.,1,9.,1,"","","","","","","","","","","","","","","","","","","","","","","","","","",100,1,"","","","","","","","","","","","",11.5,1,"","","","","","","","","","","","","","","","","","","","","","","","","","","","","","","","","","","","","","","","","","","","","","","","","","","","","","","","","","","","","","","","","","","","","","","","","","","","","","","","","","","","","","","","","","","","","","","","","","","","","","","","","","","","","","","","","","","",""
"63263001","PUY-DE-DOME-MN",45.775,2.966667,1461,1965090803,"","","","","","","","","","","","","","","","","","","","","","","","","","","","","","","","","","","","",8.,1,8.,1,"","","","","","","","","","","","","","","","","","","","","","","","","","",100,1,"","","","","","","","","","","","",10.7,1,"","","","","","","","","","","","","","","","","","","","","","","","","","","","","","","","","","","","","","","","","","","","","","","","","","","","","","","","","","","","","","","","","","","","","","","","","","","","","","","","","","","","","","","","","","","","","","","","","","","","","","","","","","","","","","","","","","","",""
"63263001","PUY-DE-DOME-MN",45.775,2.966667,1461,1965090806,"","","","",18.,1,270,1,"","","","","","","","","","","","","","","","","","","","","","","","","","","","",7.5,1,7.5,1,"","","","","","","","","","","","","","","","","","","","","","","","","","",100,1,"","","","","","","","","","","","",10.4,1,"","","","","","","","",8,1,8,1,"","","","","","","","","","","","","","","","","","","","","","","","","","","","","","",100,1,"","",41,1,4,1,"","",0,1,"","","","","","","","","","","","","","","","","","","","","","","","","","","","","","","","","","","","","","","","","","","","","","","","","","","","","","","","","","","","","",""
"63263001","PUY-DE-DOME-MN",45.775,2.966667,1461,1965090809,"","","","",7.,1,230,1,"","","","","","","","","","","","","","","","","","","","","","","","","","","","",12.3,1,9.5,1,"","","","","","","","","","","","","","","","","","","","","","","","","","",85,1,"","","","","","","","","","","","",12.1,1,"","","","","","","","",3,1,0,1,0,1,4,1,0,1,"","","","","","","","","","","","","","","","","","","","","","","","",99990,1,"","",3,1,4,1,"","","","","","","","","","","","","","","","","","","","","","","","","","","","","","","","","","","","","","","","","","","","","","","","","","","","","","","","","","","","","","","","","",""
"63263001","PUY-DE-DOME-MN",45.775,2.966667,1461,1965090812,"","","","",9.,1,250,1,"","","","","","","","","","","","","","","","","","","","","","","","","","","","",16.,1,10.6,1,"","","","","","","","","","","","","","","","","","","","","","","","","","",71,1,"","","","","","","","","","","","",13.,1,"","","","","","","","",4,1,0,1,2,1,4,1,2,1,"","","","","","","","","","","","","","","","","","","","","","","","",99990,1,"","",1,1,4,1,"","","","","","","","","","","","","","","","","","","","","","","","","","","","","","","","","","","","","","","","","","","","","","","","","","","","","","","","","","","","","","","","","",""
"63263001","PUY-DE-DOME-MN",45.775,2.966667,1461,1965090815,"","","","",13.,1,250,1,"","","","","","","","","","","","","","","","","","","","","","","","","","","","",16.1,1,12.,1,"","","","","","","","","","","","","","","","","","","","","","","","","","",78,1,"","","","","","","","","","","","",14.3,1,"","","","","","","","",5,1,0,1,2,1,4,1,2,1,"","","","","","","","","","","","","","","","","","","","","","","","",99990,1,"","",3,1,1,1,"","","","","","","","","","","","","","","","","","","","","","","","","","","","","","","","","","","","","","","","","","","","","","","","","","","","","","","","","","","","","","","","","",""
"63263001","PUY-DE-DOME-MN",45.775,2.966667,1461,1965090818,"","","","",13.,1,230,1,"","","","","","","","","","","","","","","","","","","","","","","","","","","","",14.7,1,8.5,1,"","","","","","","","","","","","","","","","","","","","","","","","","","",68,1,"","","","","","","","","","","","",11.3,1,"","","","","","","","",7,1,5,1,9,1,0,1,2,1,"","","","","","","","","","","","","","","","","","","","","","","","",20000,1,"","",95,1,1,1,"","","","","","","","","","","","","","","","","","","","","","","","","","","","","","","","","","","","","","","","","","","","","","","","","","","","","","","","","","","","","","","","","",""
"63263001","PUY-DE-DOME-MN",45.775,2.966667,1461,1965090821,"","","","","","","","","","","","","","","","","","","","","","","","","","","","","","","","","","","","",9.,1,9.,1,"","","","","","","","","","","","","","","","","","","","","","","","","","",100,1,"","","","","","","","","","","","",11.5,1,"","","","","","","","","","","","","","","","","","","","","","","","","","","","","","","","","","","","","","","","","","","","","","","","","","","","","","","","","","","","","","","","","","","","","","","","","","","","","","","","","","","","","","","","","","","","","","","","","","","","","","","","","","","","","","","","","","","",""
"63263001","PUY-DE-DOME-MN",45.775,2.966667,1461,1965090900,"","","","","","","","","","","","","","","","","","","","","","","","","","","","","","","","","","","","",6.4,1,6.4,1,"","","","","","","","","","","","","","","","","","","","","","","","","","",100,1,"","","","","","","","","","","","",9.6,1,"","","","","","","","","","","","","","","","","","","","","","","","","","","","","","","","","","","","","","","","","","","","","","","","","","","","","","","","","","","","","","","","","","","","","","","","","","","","","","","","","","","","","","","","","","","","","","","","","","","","","","","","","","","","","","","","","","","",""
"63263001","PUY-DE-DOME-MN",45.775,2.966667,1461,1965090903,"","","","","","","","","","","","","","","","","","","","","","","","","","","","","","","","","","","","",6.5,1,6.5,1,"","","","","","","","","","","","","","","","","","","","","","","","","","",100,1,"","","","","","","","","","","","",9.7,1,"","","","","","","","","","","","","","","","","","","","","","","","","","","","","","","","","","","","","","","","","","","","","","","","","","","","","","","","","","","","","","","","","","","","","","","","","","","","","","","","","","","","","","","","","","","","","","","","","","","","","","","","","","","","","","","","","","","",""
"63263001","PUY-DE-DOME-MN",45.775,2.966667,1461,1965090906,"","","","",14.,1,270,1,"","","","","","","","","","","","","","","","","","","","","","","","","","","","",5.8,1,5.8,1,"","","","","","","","","","","","","","","","","","","","","","","","","","",100,1,"","","","","","","","","","","","",9.2,1,"","","","","","","","",8,1,8,1,"","","","","","","","","","","","","","","","","","","","","","","","","","","","","","",100,1,"","",41,1,8,1,"","",0,1,"","","","","","","","","","","","","","","","","","","","","","","","","","","","","","","","","","","","","","","","","","","","","","","","","","","","","","","","","","","","","",""
"63263001","PUY-DE-DOME-MN",45.775,2.966667,1461,1965090909,"","","","",8.,1,270,1,"","","","","","","","","","","","","","","","","","","","","","","","","","","","",5.8,1,5.8,1,"","","","","","","","","","","","","","","","","","","","","","","","","","",100,1,"","","","","","","","","","","","",9.2,1,"","","","","","","","",8,1,8,1,"","","","","","","","","","","","","","","","","","","","","","","","","","","","","","",100,1,"","",41,1,4,1,"","","","","","","","","","","","","","","","","","","","","","","","","","","","","","","","","","","","","","","","","","","","","","","","","","","","","","","","","","","","","","","","","",""
"63263001","PUY-DE-DOME-MN",45.775,2.966667,1461,1965090912,"","","","",13.,1,290,1,"","","","","","","","","","","","","","","","","","","","","","","","","","","","",4.9,1,4.9,1,"","","","","","","","","","","","","","","","","","","","","","","","","","",100,1,"","","","","","","","","","","","",8.7,1,"","","","","","","","",8,1,8,1,"","","","","","","","","","","","","","","","","","","","","","","","","","","","","","",40,1,"","",80,1,8,1,"","","","","","","","","","","","","","","","","","","","","","","","","","","","","","","","","","","","","","","","","","","","","","","","","","","","","","","","","","","","","","","","","",""
"63263001","PUY-DE-DOME-MN",45.775,2.966667,1461,1965090915,"","","","",11.,1,290,1,"","","","","","","","","","","","","","","","","","","","","","","","","","","","",4.,1,4.,1,"","","","","","","","","","","","","","","","","","","","","","","","","","",100,1,"","","","","","","","","","","","",8.1,1,"","","","","","","","",8,1,8,1,"","","","","","","","","","","","","","","","","","","","","","","","","","","","","","",40,1,"","",61,1,8,1,"","","","","","","","","","","","","","","","","","","","","","","","","","","","","","","","","","","","","","","","","","","","","","","","","","","","","","","","","","","","","","","","","",""
"63263001","PUY-DE-DOME-MN",45.775,2.966667,1461,1965090918,"","","","",12.,1,270,1,"","","","","","","","","","","","","","","","","","","","","","","","","","","","",4.,1,4.,1,"","","","","","","","","","","","","","","","","","","","","","","","","","",100,1,"","","","","","","","","","","","",8.1,1,"","","","","","","","",9,1,"","","","","","","","","","","","","","","","","","","","","","","","","","","","","","","","",40,1,"","",45,1,8,1,"","","","","","","","","","","","","","","","","","","","","","","","","","","","","","","","","","","","","","","","","","","","","","","","","","","","","","","","","","","","","","","","","",""
"63263001","PUY-DE-DOME-MN",45.775,2.966667,1461,1965090921,"","","","","","","","","","","","","","","","","","","","","","","","","","","","","","","","","","","","",3.4,1,3.4,1,"","","","","","","","","","","","","","","","","","","","","","","","","","",100,1,"","","","","","","","","","","","",7.8,1,"","","","","","","","","","","","","","","","","","","","","","","","","","","","","","","","","","","","","","","","","","","","","","","","","","","","","","","","","","","","","","","","","","","","","","","","","","","","","","","","","","","","","","","","","","","","","","","","","","","","","","","","","","","","","","","","","","","",""
"63263001","PUY-DE-DOME-MN",45.775,2.966667,1461,1965091000,"","","","","","","","","","","","","","","","","","","","","","","","","","","","","","","","","","","","",2.9,1,2.9,1,"","","","","","","","","","","","","","","","","","","","","","","","","","",100,1,"","","","","","","","","","","","",7.5,1,"","","","","","","","","","","","","","","","","","","","","","","","","","","","","","","","","","","","","","","","","","","","","","","","","","","","","","","","","","","","","","","","","","","","","","","","","","","","","","","","","","","","","","","","","","","","","","","","","","","","","","","","","","","","","","","","","","","",""
"63263001","PUY-DE-DOME-MN",45.775,2.966667,1461,1965091003,"","","","","","","","","","","","","","","","","","","","","","","","","","","","","","","","","","","","",2.1,1,2.1,1,"","","","","","","","","","","","","","","","","","","","","","","","","","",100,1,"","","","","","","","","","","","",7.1,1,"","","","","","","","","","","","","","","","","","","","","","","","","","","","","","","","","","","","","","","","","","","","","","","","","","","","","","","","","","","","","","","","","","","","","","","","","","","","","","","","","","","","","","","","","","","","","","","","","","","","","","","","","","","","","","","","","","","",""
"63263001","PUY-DE-DOME-MN",45.775,2.966667,1461,1965091006,"","","","",6.,1,270,1,"","","","","","","","","","","","","","","","","","","","","","","","","","","","",2.3,1,2.3,1,"","","","","","","","","","","","","","","","","","","","","","","","","","",100,1,"","","","","","","","","","","","",7.2,1,"","","","","","","","",9,1,"","","","","","","","","","","","","","","","","","","","","","","","","","","","","","","","",40,1,"","",45,1,4,1,"","",0,1,"","","","","","","","","","","","","","","","","","","","","","","","","","","","","","","","","","","","","","","","","","","","","","","","","","","","","","","","","","","","","",""
"63263001","PUY-DE-DOME-MN",45.775,2.966667,1461,1965091009,"","","","",8.,1,270,1,"","","","","","","","","","","","","","","","","","","","","","","","","","","","",3.1,1,3.1,1,"","","","","","","","","","","","","","","","","","","","","","","","","","",100,1,"","","","","","","","","","","","",7.6,1,"","","","","","","","",8,1,8,1,"","","","","","","","","","","","","","","","","","","","","","","","","","","","","","",100,1,"","",41,1,4,1,"","","","","","","","","","","","","","","","","","","","","","","","","","","","","","","","","","","","","","","","","","","","","","","","","","","","","","","","","","","","","","","","","",""
"63263001","PUY-DE-DOME-MN",45.775,2.966667,1461,1965091012,"","","","",4.,1,310,1,"","","","","","","","","","","","","","","","","","","","","","","","","","","","",4.3,1,4.3,1,"","","","","","","","","","","","","","","","","","","","","","","","","","",100,1,"","","","","","","","","","","","",8.3,1,"","","","","","","","",8,1,8,1,"","","","","","","","","","","","","","","","","","","","","","","","","","","","","","",100,1,"","",41,1,4,1,"","","","","","","","","","","","","","","","","","","","","","","","","","","","","","","","","","","","","","","","","","","","","","","","","","","","","","","","","","","","","","","","","",""
"63263001","PUY-DE-DOME-MN",45.775,2.966667,1461,1965091015,"","","","",8.,1,270,1,"","","","","","","","","","","","","","","","","","","","","","","","","","","","",3.4,1,3.4,1,"","","","","","","","","","","","","","","","","","","","","","","","","","",100,1,"","","","","","","","","","","","",7.8,1,"","","","","","","","",9,1,"","","","","","","","","","","","","","","","","","","","","","","","","","","","","","","","",40,1,"","",45,1,8,1,"","","","","","","","","","","","","","","","","","","","","","","","","","","","","","","","","","","","","","","","","","","","","","","","","","","","","","","","","","","","","","","","","",""
"63263001","PUY-DE-DOME-MN",45.775,2.966667,1461,1965091018,"","","","",11.,1,310,1,"","","","","","","","","","","","","","","","","","","","","","","","","","","","",2.3,1,2.3,1,"","","","","","","","","","","","","","","","","","","","","","","","","","",100,1,"","","","","","","","","","","","",7.2,1,"","","","","","","","",8,1,8,1,"","","","","","","","","","","","","","","","","","","","","","","","","","","","","","",100,1,"","",41,1,8,1,"","","","","","","","","","","","","","","","","","","","","","","","","","","","","","","","","","","","","","","","","","","","","","","","","","","","","","","","","","","","","","","","","",""
"63263001","PUY-DE-DOME-MN",45.775,2.966667,1461,1965091021,"","","","","","","","","","","","","","","","","","","","","","","","","","","","","","","","","","","","",2.8,1,2.8,1,"","","","","","","","","","","","","","","","","","","","","","","","","","",100,1,"","","","","","","","","","","","",7.5,1,"","","","","","","","","","","","","","","","","","","","","","","","","","","","","","","","","","","","","","","","","","","","","","","","","","","","","","","","","","","","","","","","","","","","","","","","","","","","","","","","","","","","","","","","","","","","","","","","","","","","","","","","","","","","","","","","","","","",""
"63263001","PUY-DE-DOME-MN",45.775,2.966667,1461,1965091100,"","","","","","","","","","","","","","","","","","","","","","","","","","","","","","","","","","","","",2.,1,2.,1,"","","","","","","","","","","","","","","","","","","","","","","","","","",100,1,"","","","","","","","","","","","",7.1,1,"","","","","","","","","","","","","","","","","","","","","","","","","","","","","","","","","","","","","","","","","","","","","","","","","","","","","","","","","","","","","","","","","","","","","","","","","","","","","","","","","","","","","","","","","","","","","","","","","","","","","","","","","","","","","","","","","","","",""
"63263001","PUY-DE-DOME-MN",45.775,2.966667,1461,1965091103,"","","","","","","","","","","","","","","","","","","","","","","","","","","","","","","","","","","","",1.,1,1.,1,"","","","","","","","","","","","","","","","","","","","","","","","","","",100,1,"","","","","","","","","","","","",6.6,1,"","","","","","","","","","","","","","","","","","","","","","","","","","","","","","","","","","","","","","","","","","","","","","","","","","","","","","","","","","","","","","","","","","","","","","","","","","","","","","","","","","","","","","","","","","","","","","","","","","","","","","","","","","","","","","","","","","","",""
"63263001","PUY-DE-DOME-MN",45.775,2.966667,1461,1965091106,"","","","",17.,1,270,1,"","","","","","","","","","","","","","","","","","","","","","","","","","","","",0.,1,0.,1,"","","","","","","","","","","","","","","","","","","","","","","","","","",100,1,"","","","","","","","","","","","",6.1,1,"","","","","","","","",9,1,"","","","","","","","","","","","","","","","","","","","","","","","","","","","","","","","",60,1,"","",45,1,4,1,"","",0,1,"","","","","","","","","","","","","","","","","","","","","","","","","","","","","","","","","","","","","","","","","","","","","","","","","","","","","","","","","","","","","",""
"63263001","PUY-DE-DOME-MN",45.775,2.966667,1461,1965091109,"","","","",15.,1,270,1,"","","","","","","","","","","","","","","","","","","","","","","","","","","","",0.9,1,0.9,1,"","","","","","","","","","","","","","","","","","","","","","","","","","",100,1,"","","","","","","","","","","","",6.5,1,"","","","","","","","",9,1,"","","","","","","","","","","","","","","","","","","","","","","","","","","","","","","","",60,1,"","",45,1,4,1,"","","","","","","","","","","","","","","","","","","","","","","","","","","","","","","","","","","","","","","","","","","","","","","","","","","","","","","","","","","","","","","","","",""
"63263001","PUY-DE-DOME-MN",45.775,2.966667,1461,1965091112,"","","","",18.,1,270,1,"","","","","","","","","","","","","","","","","","","","","","","","","","","","",2.8,1,2.8,1,"","","","","","","","","","","","","","","","","","","","","","","","","","",100,1,"","","","","","","","","","","","",7.5,1,"","","","","","","","",8,1,8,1,"","","","","","","","","","","","","","","","","","","","","","","","","","","","","","",100,1,"","",41,1,4,1,"","","","","","","","","","","","","","","","","","","","","","","","","","","","","","","","","","","","","","","","","","","","","","","","","","","","","","","","","","","","","","","","","",""
"63263001","PUY-DE-DOME-MN",45.775,2.966667,1461,1965091115,"","","","",22.,1,270,1,"","","","","","","","","","","","","","","","","","","","","","","","","","","","",3.8,1,3.8,1,"","","","","","","","","","","","","","","","","","","","","","","","","","",100,1,"","","","","","","","","","","","",8.,1,"","","","","","","","",9,1,"","","","","","","","","","","","","","","","","","","","","","","","","","","","","","","","",60,1,"","",47,1,4,1,"","","","","","","","","","","","","","","","","","","","","","","","","","","","","","","","","","","","","","","","","","","","","","","","","","","","","","","","","","","","","","","","","",""
"63263001","PUY-DE-DOME-MN",45.775,2.966667,1461,1965091118,"","","","",20.,1,270,1,"","","","","","","","","","","","","","","","","","","","","","","","","","","","",3.4,1,3.4,1,"","","","","","","","","","","","","","","","","","","","","","","","","","",100,1,"","","","","","","","","","","","",7.8,1,"","","","","","","","",8,1,8,1,"","","","","","","","","","","","","","","","","","","","","","","","","","","","","","",40,1,"","",61,1,6,1,"","","","","","","","","","","","","","","","","","","","","","","","","","","","","","","","","","","","","","","","","","","","","","","","","","","","","","","","","","","","","","","","","",""
"63263001","PUY-DE-DOME-MN",45.775,2.966667,1461,1965091121,"","","","","","","","","","","","","","","","","","","","","","","","","","","","","","","","","","","","",2.,1,2.,1,"","","","","","","","","","","","","","","","","","","","","","","","","","",100,1,"","","","","","","","","","","","",7.1,1,"","","","","","","","","","","","","","","","","","","","","","","","","","","","","","","","","","","","","","","","","","","","","","","","","","","","","","","","","","","","","","","","","","","","","","","","","","","","","","","","","","","","","","","","","","","","","","","","","","","","","","","","","","","","","","","","","","","",""
"63263001","PUY-DE-DOME-MN",45.775,2.966667,1461,1965091200,"","","","","","","","","","","","","","","","","","","","","","","","","","","","","","","","","","","","",2.,1,2.,1,"","","","","","","","","","","","","","","","","","","","","","","","","","",100,1,"","","","","","","","","","","","",7.1,1,"","","","","","","","","","","","","","","","","","","","","","","","","","","","","","","","","","","","","","","","","","","","","","","","","","","","","","","","","","","","","","","","","","","","","","","","","","","","","","","","","","","","","","","","","","","","","","","","","","","","","","","","","","","","","","","","","","","",""
"63263001","PUY-DE-DOME-MN",45.775,2.966667,1461,1965091203,"","","","","","","","","","","","","","","","","","","","","","","","","","","","","","","","","","","","",2.3,1,2.3,1,"","","","","","","","","","","","","","","","","","","","","","","","","","",100,1,"","","","","","","","","","","","",7.2,1,"","","","","","","","","","","","","","","","","","","","","","","","","","","","","","","","","","","","","","","","","","","","","","","","","","","","","","","","","","","","","","","","","","","","","","","","","","","","","","","","","","","","","","","","","","","","","","","","","","","","","","","","","","","","","","","","","","","",""
"63263001","PUY-DE-DOME-MN",45.775,2.966667,1461,1965091206,"","","","",12.,1,290,1,"","","","","","","","","","","","","","","","","","","","","","","","","","","","",2.5,1,2.5,1,"","","","","","","","","","","","","","","","","","","","","","","","","","",100,1,"","","","","","","","","","","","",7.3,1,"","","","","","","","",9,1,"","","","","","","","","","","","","","","","","","","","","","","","","","","","","","","","",40,1,"","",45,1,6,1,"","",0,1,"","","","","","","","","","","","","","","","","","","","","","","","","","","","","","","","","","","","","","","","","","","","","","","","","","","","","","","","","","","","","",""
"63263001","PUY-DE-DOME-MN",45.775,2.966667,1461,1965091209,"","","","",15.,1,310,1,"","","","","","","","","","","","","","","","","","","","","","","","","","","","",3.,1,3.,1,"","","","","","","","","","","","","","","","","","","","","","","","","","",100,1,"","","","","","","","","","","","",7.6,1,"","","","","","","","",9,1,"","","","","","","","","","","","","","","","","","","","","","","","","","","","","","","","",40,1,"","",45,1,4,1,"","","","","","","","","","","","","","","","","","","","","","","","","","","","","","","","","","","","","","","","","","","","","","","","","","","","","","","","","","","","","","","","","",""
"63263001","PUY-DE-DOME-MN",45.775,2.966667,1461,1965091212,"","","","",12.,1,310,1,"","","","","","","","","","","","","","","","","","","","","","","","","","","","",3.,1,3.,1,"","","","","","","","","","","","","","","","","","","","","","","","","","",100,1,"","","","","","","","","","","","",7.6,1,"","","","","","","","",9,1,"","","","","","","","","","","","","","","","","","","","","","","","","","","","","","","","",40,1,"","",45,1,8,1,"","","","","","","","","","","","","","","","","","","","","","","","","","","","","","","","","","","","","","","","","","","","","","","","","","","","","","","","","","","","","","","","","",""
"63263001","PUY-DE-DOME-MN",45.775,2.966667,1461,1965091215,"","","","",15.,1,310,1,"","","","","","","","","","","","","","","","","","","","","","","","","","","","",3.1,1,3.1,1,"","","","","","","","","","","","","","","","","","","","","","","","","","",100,1,"","","","","","","","","","","","",7.6,1,"","","","","","","","",9,1,"","","","","","","","","","","","","","","","","","","","","","","","","","","","","","","","",40,1,"","",47,1,8,1,"","","","","","","","","","","","","","","","","","","","","","","","","","","","","","","","","","","","","","","","","","","","","","","","","","","","","","","","","","","","","","","","","",""
"63263001","PUY-DE-DOME-MN",45.775,2.966667,1461,1965091218,"","","","",12.,1,310,1,"","","","","","","","","","","","","","","","","","","","","","","","","","","","",3.6,1,3.6,1,"","","","","","","","","","","","","","","","","","","","","","","","","","",100,1,"","","","","","","","","","","","",7.9,1,"","","","","","","","",9,1,"","","","","","","","","","","","","","","","","","","","","","","","","","","","","","","","",40,1,"","",45,1,8,1,"","","","","","","","","","","","","","","","","","","","","","","","","","","","","","","","","","","","","","","","","","","","","","","","","","","","","","","","","","","","","","","","","",""
"63263001","PUY-DE-DOME-MN",45.775,2.966667,1461,1965091221,"","","","","","","","","","","","","","","","","","","","","","","","","","","","","","","","","","","","",3.7,1,3.7,1,"","","","","","","","","","","","","","","","","","","","","","","","","","",100,1,"","","","","","","","","","","","",8.,1,"","","","","","","","","","","","","","","","","","","","","","","","","","","","","","","","","","","","","","","","","","","","","","","","","","","","","","","","","","","","","","","","","","","","","","","","","","","","","","","","","","","","","","","","","","","","","","","","","","","","","","","","","","","","","","","","","","","",""
"63263001","PUY-DE-DOME-MN",45.775,2.966667,1461,1965091300,"","","","","","","","","","","","","","","","","","","","","","","","","","","","","","","","","","","","",3.7,1,3.7,1,"","","","","","","","","","","","","","","","","","","","","","","","","","",100,1,"","","","","","","","","","","","",8.,1,"","","","","","","","","","","","","","","","","","","","","","","","","","","","","","","","","","","","","","","","","","","","","","","","","","","","","","","","","","","","","","","","","","","","","","","","","","","","","","","","","","","","","","","","","","","","","","","","","","","","","","","","","","","","","","","","","","","",""
"63263001","PUY-DE-DOME-MN",45.775,2.966667,1461,1965091303,"","","","","","","","","","","","","","","","","","","","","","","","","","","","","","","","","","","","",3.2,1,3.2,1,"","","","","","","","","","","","","","","","","","","","","","","","","","",100,1,"","","","","","","","","","","","",7.7,1,"","","","","","","","","","","","","","","","","","","","","","","","","","","","","","","","","","","","","","","","","","","","","","","","","","","","","","","","","","","","","","","","","","","","","","","","","","","","","","","","","","","","","","","","","","","","","","","","","","","","","","","","","","","","","","","","","","","",""
"63263001","PUY-DE-DOME-MN",45.775,2.966667,1461,1965091306,"","","","",21.,1,270,1,"","","","","","","","","","","","","","","","","","","","","","","","","","","","",3.8,1,3.8,1,"","","","","","","","","","","","","","","","","","","","","","","","","","",100,1,"","","","","","","","","","","","",8.,1,"","","","","","","","",8,1,8,1,"","","","","","","","","","","","","","","","","","","","","","","","","","","","","","",40,1,"","",61,1,6,1,"","",0,1,"","","","","","","","","","","","","","","","","","","","","","","","","","","","","","","","","","","","","","","","","","","","","","","","","","","","","","","","","","","","","",""
"63263001","PUY-DE-DOME-MN",45.775,2.966667,1461,1965091309,"","","","",20.,1,270,1,"","","","","","","","","","","","","","","","","","","","","","","","","","","","",4.4,1,4.4,1,"","","","","","","","","","","","","","","","","","","","","","","","","","",100,1,"","","","","","","","","","","","",8.4,1,"","","","","","","","",9,1,"","","","","","","","","","","","","","","","","","","","","","","","","","","","","","","","",40,1,"","",45,1,6,1,"","","","","","","","","","","","","","","","","","","","","","","","","","","","","","","","","","","","","","","","","","","","","","","","","","","","","","","","","","","","","","","","","",""
"63263001","PUY-DE-DOME-MN",45.775,2.966667,1461,1965091312,"","","","",22.,1,270,1,"","","","","","","","","","","","","","","","","","","","","","","","","","","","",5.3,1,5.3,1,"","","","","","","","","","","","","","","","","","","","","","","","","","",100,1,"","","","","","","","","","","","",8.9,1,"","","","","","","","",8,1,8,1,"","","","","","","","","","","","","","","","","","","","","","","","","","","","","","",40,1,"","",61,1,6,1,"","","","","","","","","","","","","","","","","","","","","","","","","","","","","","","","","","","","","","","","","","","","","","","","","","","","","","","","","","","","","","","","","",""
"63263001","PUY-DE-DOME-MN",45.775,2.966667,1461,1965091315,"","","","",20.,1,270,1,"","","","","","","","","","","","","","","","","","","","","","","","","","","","",6.6,1,6.6,1,"","","","","","","","","","","","","","","","","","","","","","","","","","",100,1,"","","","","","","","","","","","",9.7,1,"","","","","","","","",8,1,8,1,"","","","","","","","","","","","","","","","","","","","","","","","","","","","","","",40,1,"","",60,1,6,1,"","","","","","","","","","","","","","","","","","","","","","","","","","","","","","","","","","","","","","","","","","","","","","","","","","","","","","","","","","","","","","","","","",""
"63263001","PUY-DE-DOME-MN",45.775,2.966667,1461,1965091318,"","","","",22.,1,270,1,"","","","","","","","","","","","","","","","","","","","","","","","","","","","",7.2,1,7.2,1,"","","","","","","","","","","","","","","","","","","","","","","","","","",100,1,"","","","","","","","","","","","",10.2,1,"","","","","","","","",8,1,8,1,"","","","","","","","","","","","","","","","","","","","","","","","","","","","","","",40,1,"","",60,1,6,1,"","","","","","","","","","","","","","","","","","","","","","","","","","","","","","","","","","","","","","","","","","","","","","","","","","","","","","","","","","","","","","","","","",""
"63263001","PUY-DE-DOME-MN",45.775,2.966667,1461,1965091321,"","","","","","","","","","","","","","","","","","","","","","","","","","","","","","","","","","","","",7.9,1,7.9,1,"","","","","","","","","","","","","","","","","","","","","","","","","","",100,1,"","","","","","","","","","","","",10.7,1,"","","","","","","","","","","","","","","","","","","","","","","","","","","","","","","","","","","","","","","","","","","","","","","","","","","","","","","","","","","","","","","","","","","","","","","","","","","","","","","","","","","","","","","","","","","","","","","","","","","","","","","","","","","","","","","","","","","",""
"63263001","PUY-DE-DOME-MN",45.775,2.966667,1461,1965091400,"","","","","","","","","","","","","","","","","","","","","","","","","","","","","","","","","","","","",8.7,1,8.7,1,"","","","","","","","","","","","","","","","","","","","","","","","","","",100,1,"","","","","","","","","","","","",11.2,1,"","","","","","","","","","","","","","","","","","","","","","","","","","","","","","","","","","","","","","","","","","","","","","","","","","","","","","","","","","","","","","","","","","","","","","","","","","","","","","","","","","","","","","","","","","","","","","","","","","","","","","","","","","","","","","","","","","","",""
"63263001","PUY-DE-DOME-MN",45.775,2.966667,1461,1965091403,"","","","","","","","","","","","","","","","","","","","","","","","","","","","","","","","","","","","",9.,1,9.,1,"","","","","","","","","","","","","","","","","","","","","","","","","","",100,1,"","","","","","","","","","","","",11.5,1,"","","","","","","","","","","","","","","","","","","","","","","","","","","","","","","","","","","","","","","","","","","","","","","","","","","","","","","","","","","","","","","","","","","","","","","","","","","","","","","","","","","","","","","","","","","","","","","","","","","","","","","","","","","","","","","","","","","",""
"63263001","PUY-DE-DOME-MN",45.775,2.966667,1461,1965091406,"","","","",12.,1,270,1,"","","","","","","","","","","","","","","","","","","","","","","","","","","","",9.2,1,9.2,1,"","","","","","","","","","","","","","","","","","","","","","","","","","",100,1,"","","","","","","","","","","","",11.6,1,"","","","","","","","",8,1,8,1,"","","","","","","","","","","","","","","","","","","","","","","","","","","","","","",40,1,"","",61,1,6,1,"","",0,1,"","","","","","","","","","","","","","","","","","","","","","","","","","","","","","","","","","","","","","","","","","","","","","","","","","","","","","","","","","","","","",""
"63263001","PUY-DE-DOME-MN",45.775,2.966667,1461,1965091409,"","","","",12.,1,270,1,"","","","","","","","","","","","","","","","","","","","","","","","","","","","",9.7,1,9.7,1,"","","","","","","","","","","","","","","","","","","","","","","","","","",100,1,"","","","","","","","","","","","",12.,1,"","","","","","","","",9,1,"","","","","","","","","","","","","","","","","","","","","","","","","","","","","","","","",40,1,"","",45,1,6,1,"","","","","","","","","","","","","","","","","","","","","","","","","","","","","","","","","","","","","","","","","","","","","","","","","","","","","","","","","","","","","","","","","",""
"63263001","PUY-DE-DOME-MN",45.775,2.966667,1461,1965091412,"","","","",14.,1,270,1,"","","","","","","","","","","","","","","","","","","","","","","","","","","","",9.5,1,9.5,1,"","","","","","","","","","","","","","","","","","","","","","","","","","",100,1,"","","","","","","","","","","","",11.8,1,"","","","","","","","",8,1,8,1,"","","","","","","","","","","","","","","","","","","","","","","","","","","","","","",100,1,"","",41,1,6,1,"","","","","","","","","","","","","","","","","","","","","","","","","","","","","","","","","","","","","","","","","","","","","","","","","","","","","","","","","","","","","","","","","",""
"63263001","PUY-DE-DOME-MN",45.775,2.966667,1461,1965091415,"","","","",8.,1,270,1,"","","","","","","","","","","","","","","","","","","","","","","","","","","","",10.8,1,9.8,1,"","","","","","","","","","","","","","","","","","","","","","","","","","",95,1,"","","","","","","","","","","","",12.3,1,"","","","","","","","",4,1,0,1,2,1,0,1,0,1,"","","","","","","","","","","","","","","","","","","","","","","","",90000,1,"","",2,1,4,1,"","","","","","","","","","","","","","","","","","","","","","","","","","","","","","","","","","","","","","","","","","","","","","","","","","","","","","","","","","","","","","","","","",""
"63263001","PUY-DE-DOME-MN",45.775,2.966667,1461,1965091418,"","","","",11.,1,270,1,"","","","","","","","","","","","","","","","","","","","","","","","","","","","",9.7,1,9.7,1,"","","","","","","","","","","","","","","","","","","","","","","","","","",100,1,"","","","","","","","","","","","",12.,1,"","","","","","","","",9,1,"","","","","","","","","","","","","","","","","","","","","","","","","","","","","","","","",60,1,"","",47,1,4,1,"","","","","","","","","","","","","","","","","","","","","","","","","","","","","","","","","","","","","","","","","","","","","","","","","","","","","","","","","","","","","","","","","",""
"63263001","PUY-DE-DOME-MN",45.775,2.966667,1461,1965091421,"","","","","","","","","","","","","","","","","","","","","","","","","","","","","","","","","","","","",9.1,1,9.1,1,"","","","","","","","","","","","","","","","","","","","","","","","","","",100,1,"","","","","","","","","","","","",11.5,1,"","","","","","","","","","","","","","","","","","","","","","","","","","","","","","","","","","","","","","","","","","","","","","","","","","","","","","","","","","","","","","","","","","","","","","","","","","","","","","","","","","","","","","","","","","","","","","","","","","","","","","","","","","","","","","","","","","","",""
"63263001","PUY-DE-DOME-MN",45.775,2.966667,1461,1965091500,"","","","","","","","","","","","","","","","","","","","","","","","","","","","","","","","","","","","",8.4,1,8.4,1,"","","","","","","","","","","","","","","","","","","","","","","","","","",100,1,"","","","","","","","","","","","",11.,1,"","","","","","","","","","","","","","","","","","","","","","","","","","","","","","","","","","","","","","","","","","","","","","","","","","","","","","","","","","","","","","","","","","","","","","","","","","","","","","","","","","","","","","","","","","","","","","","","","","","","","","","","","","","","","","","","","","","",""
"63263001","PUY-DE-DOME-MN",45.775,2.966667,1461,1965091503,"","","","","","","","","","","","","","","","","","","","","","","","","","","","","","","","","","","","",8.3,1,8.3,1,"","","","","","","","","","","","","","","","","","","","","","","","","","",100,1,"","","","","","","","","","","","",10.9,1,"","","","","","","","","","","","","","","","","","","","","","","","","","","","","","","","","","","","","","","","","","","","","","","","","","","","","","","","","","","","","","","","","","","","","","","","","","","","","","","","","","","","","","","","","","","","","","","","","","","","","","","","","","","","","","","","","","","",""
"63263001","PUY-DE-DOME-MN",45.775,2.966667,1461,1965091506,"","","","",10.,1,270,1,"","","","","","","","","","","","","","","","","","","","","","","","","","","","",8.1,1,7.6,1,"","","","","","","","","","","","","","","","","","","","","","","","","","",98,1,"","","","","","","","","","","","",10.6,1,"","","","","","","","",0,1,"","",0,1,0,1,0,1,"","","","","","","","","","","","","","","","","","","","","","","","",90000,1,"","",2,1,4,1,"","",0,1,"","","","","","","","","","","","","","","","","","","","","","","","","","","","","","","","","","","","","","","","","","","","","","","","","","","","","","","","","","","","","",""
"63263001","PUY-DE-DOME-MN",45.775,2.966667,1461,1965091509,"","","","",0.,1,0,1,"","","","","","","","","","","","","","","","","","","","","","","","","","","","",10.5,1,6.5,1,"","","","","","","","","","","","","","","","","","","","","","","","","","",77,1,"","","","","","","","","","","","",9.8,1,"","","","","","","","",1,1,0,1,5,1,0,1,0,1,"","","","","","","","","","","","","","","","","","","","","","","","",90000,1,"","",3,1,0,1,"","","","","","","","","","","","","","","","","","","","","","","","","","","","","","","","","","","","","","","","","","","","","","","","","","","","","","","","","","","","","","","","","",""
"63263001","PUY-DE-DOME-MN",45.775,2.966667,1461,1965091512,"","","","",5.,1,270,1,"","","","","","","","","","","","","","","","","","","","","","","","","","","","",13.,1,9.2,1,"","","","","","","","","","","","","","","","","","","","","","","","","","",79,1,"","","","","","","","","","","","",11.8,1,"","","","","","","","",1,1,0,1,1,1,0,1,0,1,"","","","","","","","","","","","","","","","","","","","","","","","",90000,1,"","",2,1,0,1,"","","","","","","","","","","","","","","","","","","","","","","","","","","","","","","","","","","","","","","","","","","","","","","","","","","","","","","","","","","","","","","","","",""
"63263001","PUY-DE-DOME-MN",45.775,2.966667,1461,1965091515,"","","","",6.,1,270,1,"","","","","","","","","","","","","","","","","","","","","","","","","","","","",14.8,1,10.6,1,"","","","","","","","","","","","","","","","","","","","","","","","","","",77,1,"","","","","","","","","","","","",13.,1,"","","","","","","","",2,1,0,1,2,1,0,1,0,1,"","","","","","","","","","","","","","","","","","","","","","","","",80000,1,"","",3,1,0,1,"","","","","","","","","","","","","","","","","","","","","","","","","","","","","","","","","","","","","","","","","","","","","","","","","","","","","","","","","","","","","","","","","",""
"63263001","PUY-DE-DOME-MN",45.775,2.966667,1461,1965091518,"","","","",9.,1,250,1,"","","","","","","","","","","","","","","","","","","","","","","","","","","","",12.8,1,10.2,1,"","","","","","","","","","","","","","","","","","","","","","","","","","",86,1,"","","","","","","","","","","","",12.7,1,"","","","","","","","",1,1,0,1,4,1,0,1,0,1,"","","","","","","","","","","","","","","","","","","","","","","","",80000,1,"","",1,1,0,1,"","","","","","","","","","","","","","","","","","","","","","","","","","","","","","","","","","","","","","","","","","","","","","","","","","","","","","","","","","","","","","","","","",""
"63263001","PUY-DE-DOME-MN",45.775,2.966667,1461,1965091521,"","","","","","","","","","","","","","","","","","","","","","","","","","","","","","","","","","","","",12.8,1,10.6,1,"","","","","","","","","","","","","","","","","","","","","","","","","","",88,1,"","","","","","","","","","","","",13.,1,"","","","","","","","","","","","","","","","","","","","","","","","","","","","","","","","","","","","","","","","","","","","","","","","","","","","","","","","","","","","","","","","","","","","","","","","","","","","","","","","","","","","","","","","","","","","","","","","","","","","","","","","","","","","","","","","","","","",""
"63263001","PUY-DE-DOME-MN",45.775,2.966667,1461,1965091600,"","","","","","","","","","","","","","","","","","","","","","","","","","","","","","","","","","","","",12.4,1,10.6,1,"","","","","","","","","","","","","","","","","","","","","","","","","","",90,1,"","","","","","","","","","","","",13.,1,"","","","","","","","","","","","","","","","","","","","","","","","","","","","","","","","","","","","","","","","","","","","","","","","","","","","","","","","","","","","","","","","","","","","","","","","","","","","","","","","","","","","","","","","","","","","","","","","","","","","","","","","","","","","","","","","","","","",""
"63263001","PUY-DE-DOME-MN",45.775,2.966667,1461,1965091603,"","","","","","","","","","","","","","","","","","","","","","","","","","","","","","","","","","","","",12.1,1,10.2,1,"","","","","","","","","","","","","","","","","","","","","","","","","","",90,1,"","","","","","","","","","","","",12.7,1,"","","","","","","","","","","","","","","","","","","","","","","","","","","","","","","","","","","","","","","","","","","","","","","","","","","","","","","","","","","","","","","","","","","","","","","","","","","","","","","","","","","","","","","","","","","","","","","","","","","","","","","","","","","","","","","","","","","",""
"63263001","PUY-DE-DOME-MN",45.775,2.966667,1461,1965091606,"","","","",10.,1,270,1,"","","","","","","","","","","","","","","","","","","","","","","","","","","","",11.8,1,8.5,1,"","","","","","","","","","","","","","","","","","","","","","","","","","",82,1,"","","","","","","","","","","","",11.3,1,"","","","","","","","",0,1,"","",0,1,0,1,0,1,"","","","","","","","","","","","","","","","","","","","","","","","",80000,1,"","",2,1,0,1,"","",0,1,"","","","","","","","","","","","","","","","","","","","","","","","","","","","","","","","","","","","","","","","","","","","","","","","","","","","","","","","","","","","","",""
"63263001","PUY-DE-DOME-MN",45.775,2.966667,1461,1965091609,"","","","",4.,1,270,1,"","","","","","","","","","","","","","","","","","","","","","","","","","","","",14.3,1,6.5,1,"","","","","","","","","","","","","","","","","","","","","","","","","","",60,1,"","","","","","","","","","","","",9.8,1,"","","","","","","","",0,1,"","",0,1,0,1,0,1,"","","","","","","","","","","","","","","","","","","","","","","","",80000,1,"","",2,1,0,1,"","","","","","","","","","","","","","","","","","","","","","","","","","","","","","","","","","","","","","","","","","","","","","","","","","","","","","","","","","","","","","","","","",""
"63263001","PUY-DE-DOME-MN",45.775,2.966667,1461,1965091612,"","","","",3.,1,250,1,"","","","","","","","","","","","","","","","","","","","","","","","","","","","",16.5,1,7.6,1,"","","","","","","","","","","","","","","","","","","","","","","","","","",57,1,"","","","","","","","","","","","",10.6,1,"","","","","","","","",1,1,0,1,2,1,0,1,0,1,"","","","","","","","","","","","","","","","","","","","","","","","",80000,1,"","",2,1,0,1,"","","","","","","","","","","","","","","","","","","","","","","","","","","","","","","","","","","","","","","","","","","","","","","","","","","","","","","","","","","","","","","","","",""
"63263001","PUY-DE-DOME-MN",45.775,2.966667,1461,1965091615,"","","","",5.,1,270,1,"","","","","","","","","","","","","","","","","","","","","","","","","","","","",17.3,1,7.6,1,"","","","","","","","","","","","","","","","","","","","","","","","","","",54,1,"","","","","","","","","","","","",10.6,1,"","","","","","","","",1,1,0,1,2,1,0,1,0,1,"","","","","","","","","","","","","","","","","","","","","","","","",60000,1,"","",2,1,0,1,"","","","","","","","","","","","","","","","","","","","","","","","","","","","","","","","","","","","","","","","","","","","","","","","","","","","","","","","","","","","","","","","","",""
"63263001","PUY-DE-DOME-MN",45.775,2.966667,1461,1965091618,"","","","",8.,1,270,1,"","","","","","","","","","","","","","","","","","","","","","","","","","","","",13.5,1,11.1,1,"","","","","","","","","","","","","","","","","","","","","","","","","","",87,1,"","","","","","","","","","","","",13.5,1,"","","","","","","","",2,1,0,1,0,1,8,1,0,1,"","","","","","","","","","","","","","","","","","","","","","","","",60000,1,"","",2,1,0,1,"","","","","","","","","","","","","","","","","","","","","","","","","","","","","","","","","","","","","","","","","","","","","","","","","","","","","","","","","","","","","","","","","",""
"63263001","PUY-DE-DOME-MN",45.775,2.966667,1461,1965091621,"","","","","","","","","","","","","","","","","","","","","","","","","","","","","","","","","","","","",14.2,1,5.1,1,"","","","","","","","","","","","","","","","","","","","","","","","","","",55,1,"","","","","","","","","","","","",8.9,1,"","","","","","","","","","","","","","","","","","","","","","","","","","","","","","","","","","","","","","","","","","","","","","","","","","","","","","","","","","","","","","","","","","","","","","","","","","","","","","","","","","","","","","","","","","","","","","","","","","","","","","","","","","","","","","","","","","","",""
"63263001","PUY-DE-DOME-MN",45.775,2.966667,1461,1965091700,"","","","","","","","","","","","","","","","","","","","","","","","","","","","","","","","","","","","",13.7,1,7.7,1,"","","","","","","","","","","","","","","","","","","","","","","","","","",68,1,"","","","","","","","","","","","",10.7,1,"","","","","","","","","","","","","","","","","","","","","","","","","","","","","","","","","","","","","","","","","","","","","","","","","","","","","","","","","","","","","","","","","","","","","","","","","","","","","","","","","","","","","","","","","","","","","","","","","","","","","","","","","","","","","","","","","","","",""
"63263001","PUY-DE-DOME-MN",45.775,2.966667,1461,1965091703,"","","","","","","","","","","","","","","","","","","","","","","","","","","","","","","","","","","","",13.7,1,6.6,1,"","","","","","","","","","","","","","","","","","","","","","","","","","",63,1,"","","","","","","","","","","","",9.9,1,"","","","","","","","","","","","","","","","","","","","","","","","","","","","","","","","","","","","","","","","","","","","","","","","","","","","","","","","","","","","","","","","","","","","","","","","","","","","","","","","","","","","","","","","","","","","","","","","","","","","","","","","","","","","","","","","","","","",""
"63263001","PUY-DE-DOME-MN",45.775,2.966667,1461,1965091706,"","","","",5.,1,230,1,"","","","","","","","","","","","","","","","","","","","","","","","","","","","",13.1,1,7.1,1,"","","","","","","","","","","","","","","","","","","","","","","","","","",68,1,"","","","","","","","","","","","",10.2,1,"","","","","","","","",6,1,6,1,0,1,0,1,2,1,"","","","","","","","","","","","","","","","","","","","","","","","",60000,1,"","",2,1,1,1,"","",0,1,"","","","","","","","","","","","","","","","","","","","","","","","","","","","","","","","","","","","","","","","","","","","","","","","","","","","","","","","","","","","","",""
"63263001","PUY-DE-DOME-MN",45.775,2.966667,1461,1965091709,"","","","",8.,1,210,1,"","","","","","","","","","","","","","","","","","","","","","","","","","","","",17.,1,5.1,1,"","","","","","","","","","","","","","","","","","","","","","","","","","",46,1,"","","","","","","","","","","","",8.9,1,"","","","","","","","",5,1,5,1,0,1,0,1,2,1,"","","","","","","","","","","","","","","","","","","","","","","","",60000,1,"","",1,1,2,1,"","","","","","","","","","","","","","","","","","","","","","","","","","","","","","","","","","","","","","","","","","","","","","","","","","","","","","","","","","","","","","","","","",""
"63263001","PUY-DE-DOME-MN",45.775,2.966667,1461,1965091712,"","","","",7.,1,270,1,"","","","","","","","","","","","","","","","","","","","","","","","","","","","",16.3,1,6.8,1,"","","","","","","","","","","","","","","","","","","","","","","","","","",55,1,"","","","","","","","","","","","",10.,1,"","","","","","","","",7,1,6,1,0,1,8,1,2,1,"","","","","","","","","","","","","","","","","","","","","","","","",60000,1,"","",2,1,2,1,"","","","","","","","","","","","","","","","","","","","","","","","","","","","","","","","","","","","","","","","","","","","","","","","","","","","","","","","","","","","","","","","","",""
"63263001","PUY-DE-DOME-MN",45.775,2.966667,1461,1965091715,"","","","",9.,1,250,1,"","","","","","","","","","","","","","","","","","","","","","","","","","","","",16.,1,6.2,1,"","","","","","","","","","","","","","","","","","","","","","","","","","",53,1,"","","","","","","","","","","","",9.6,1,"","","","","","","","",7,1,7,1,0,1,8,1,"","","","","","","","","","","","","","","","","","","","","","","","","","",60000,1,"","",2,1,2,1,"","","","","","","","","","","","","","","","","","","","","","","","","","","","","","","","","","","","","","","","","","","","","","","","","","","","","","","","","","","","","","","","","",""
"63263001","PUY-DE-DOME-MN",45.775,2.966667,1461,1965091718,"","","","",13.,1,250,1,"","","","","","","","","","","","","","","","","","","","","","","","","","","","",12.8,1,11.1,1,"","","","","","","","","","","","","","","","","","","","","","","","","","",91,1,"","","","","","","","","","","","",13.5,1,"","","","","","","","",7,1,7,1,0,1,8,1,2,1,"","","","","","","","","","","","","","","","","","","","","","","","",50000,1,"","",1,1,2,1,"","","","","","","","","","","","","","","","","","","","","","","","","","","","","","","","","","","","","","","","","","","","","","","","","","","","","","","","","","","","","","","","","",""
"63263001","PUY-DE-DOME-MN",45.775,2.966667,1461,1965091721,"","","","","","","","","","","","","","","","","","","","","","","","","","","","","","","","","","","","",13.3,1,5.1,1,"","","","","","","","","","","","","","","","","","","","","","","","","","",58,1,"","","","","","","","","","","","",8.9,1,"","","","","","","","","","","","","","","","","","","","","","","","","","","","","","","","","","","","","","","","","","","","","","","","","","","","","","","","","","","","","","","","","","","","","","","","","","","","","","","","","","","","","","","","","","","","","","","","","","","","","","","","","","","","","","","","","","","",""
"63263001","PUY-DE-DOME-MN",45.775,2.966667,1461,1965091800,"","","","","","","","","","","","","","","","","","","","","","","","","","","","","","","","","","","","",12.7,1,5.5,1,"","","","","","","","","","","","","","","","","","","","","","","","","","",62,1,"","","","","","","","","","","","",9.1,1,"","","","","","","","","","","","","","","","","","","","","","","","","","","","","","","","","","","","","","","","","","","","","","","","","","","","","","","","","","","","","","","","","","","","","","","","","","","","","","","","","","","","","","","","","","","","","","","","","","","","","","","","","","","","","","","","","","","",""
"63263001","PUY-DE-DOME-MN",45.775,2.966667,1461,1965091803,"","","","","","","","","","","","","","","","","","","","","","","","","","","","","","","","","","","","",11.7,1,8.9,1,"","","","","","","","","","","","","","","","","","","","","","","","","","",85,1,"","","","","","","","","","","","",11.6,1,"","","","","","","","","","","","","","","","","","","","","","","","","","","","","","","","","","","","","","","","","","","","","","","","","","","","","","","","","","","","","","","","","","","","","","","","","","","","","","","","","","","","","","","","","","","","","","","","","","","","","","","","","","","","","","","","","","","",""
"63263001","PUY-DE-DOME-MN",45.775,2.966667,1461,1965091806,"","","","",14.,1,250,1,"","","","","","","","","","","","","","","","","","","","","","","","","","","","",10.7,1,8.5,1,"","","","","","","","","","","","","","","","","","","","","","","","","","",88,1,"","","","","","","","","","","","",11.3,1,"","","","","","","","",7,1,7,1,0,1,7,1,"","","","","","","","","","","","","","","","","","","","","","","","","","",40000,1,"","",2,1,2,1,"","",0,1,"","","","","","","","","","","","","","","","","","","","","","","","","","","","","","","","","","","","","","","","","","","","","","","","","","","","","","","","","","","","","",""
"63263001","PUY-DE-DOME-MN",45.775,2.966667,1461,1965091809,"","","","",14.,1,270,1,"","","","","","","","","","","","","","","","","","","","","","","","","","","","",10.2,1,10.2,1,"","","","","","","","","","","","","","","","","","","","","","","","","","",100,1,"","","","","","","","","","","","",12.4,1,"","","","","","","","",9,1,"","","","","","","","","","","","","","","","","","","","","","","","","","","","","","","","",40,1,"","",45,1,6,1,"","","","","","","","","","","","","","","","","","","","","","","","","","","","","","","","","","","","","","","","","","","","","","","","","","","","","","","","","","","","","","","","","",""
"63263001","PUY-DE-DOME-MN",45.775,2.966667,1461,1965091812,"","","","",8.,1,290,1,"","","","","","","","","","","","","","","","","","","","","","","","","","","","",8.4,1,8.4,1,"","","","","","","","","","","","","","","","","","","","","","","","","","",100,1,"","","","","","","","","","","","",11.,1,"","","","","","","","",8,1,8,1,"","","","","","","","","","","","","","","","","","","","","","","","","","","","","","",40,1,"","",61,1,6,1,"","","","","","","","","","","","","","","","","","","","","","","","","","","","","","","","","","","","","","","","","","","","","","","","","","","","","","","","","","","","","","","","","",""
"63263001","PUY-DE-DOME-MN",45.775,2.966667,1461,1965091815,"","","","",11.,1,310,1,"","","","","","","","","","","","","","","","","","","","","","","","","","","","",3.5,1,3.5,1,"","","","","","","","","","","","","","","","","","","","","","","","","","",100,1,"","","","","","","","","","","","",7.8,1,"","","","","","","","",8,1,8,1,"","","","","","","","","","","","","","","","","","","","","","","","","","","","","","",40,1,"","",61,1,6,1,"","","","","","","","","","","","","","","","","","","","","","","","","","","","","","","","","","","","","","","","","","","","","","","","","","","","","","","","","","","","","","","","","",""
"63263001","PUY-DE-DOME-MN",45.775,2.966667,1461,1965091818,"","","","",11.,1,330,1,"","","","","","","","","","","","","","","","","","","","","","","","","","","","",4.7,1,4.7,1,"","","","","","","","","","","","","","","","","","","","","","","","","","",100,1,"","","","","","","","","","","","",8.5,1,"","","","","","","","",8,1,8,1,"","","","","","","","","","","","","","","","","","","","","","","","","","","","","","",100,1,"","",41,1,6,1,"","","","","","","","","","","","","","","","","","","","","","","","","","","","","","","","","","","","","","","","","","","","","","","","","","","","","","","","","","","","","","","","","",""
"63263001","PUY-DE-DOME-MN",45.775,2.966667,1461,1965091821,"","","","","","","","","","","","","","","","","","","","","","","","","","","","","","","","","","","","",4.5,1,4.5,1,"","","","","","","","","","","","","","","","","","","","","","","","","","",100,1,"","","","","","","","","","","","",8.4,1,"","","","","","","","","","","","","","","","","","","","","","","","","","","","","","","","","","","","","","","","","","","","","","","","","","","","","","","","","","","","","","","","","","","","","","","","","","","","","","","","","","","","","","","","","","","","","","","","","","","","","","","","","","","","","","","","","","","",""
"63263001","PUY-DE-DOME-MN",45.775,2.966667,1461,1965091900,"","","","","","","","","","","","","","","","","","","","","","","","","","","","","","","","","","","","",4.,1,4.,1,"","","","","","","","","","","","","","","","","","","","","","","","","","",100,1,"","","","","","","","","","","","",8.1,1,"","","","","","","","","","","","","","","","","","","","","","","","","","","","","","","","","","","","","","","","","","","","","","","","","","","","","","","","","","","","","","","","","","","","","","","","","","","","","","","","","","","","","","","","","","","","","","","","","","","","","","","","","","","","","","","","","","","",""
"63263001","PUY-DE-DOME-MN",45.775,2.966667,1461,1965091903,"","","","","","","","","","","","","","","","","","","","","","","","","","","","","","","","","","","","",3.5,1,3.5,1,"","","","","","","","","","","","","","","","","","","","","","","","","","",100,1,"","","","","","","","","","","","",7.8,1,"","","","","","","","","","","","","","","","","","","","","","","","","","","","","","","","","","","","","","","","","","","","","","","","","","","","","","","","","","","","","","","","","","","","","","","","","","","","","","","","","","","","","","","","","","","","","","","","","","","","","","","","","","","","","","","","","","","",""
"63263001","PUY-DE-DOME-MN",45.775,2.966667,1461,1965091906,"","","","",8.,1,90,1,"","","","","","","","","","","","","","","","","","","","","","","","","","","","",3.9,1,3.9,1,"","","","","","","","","","","","","","","","","","","","","","","","","","",100,1,"","","","","","","","","","","","",8.1,1,"","","","","","","","",9,1,"","","","","","","","","","","","","","","","","","","","","","","","","","","","","","","","",40,1,"","",45,1,4,1,"","",0,1,"","","","","","","","","","","","","","","","","","","","","","","","","","","","","","","","","","","","","","","","","","","","","","","","","","","","","","","","","","","","","",""
"63263001","PUY-DE-DOME-MN",45.775,2.966667,1461,1965091909,"","","","",7.,1,90,1,"","","","","","","","","","","","","","","","","","","","","","","","","","","","",4.6,1,4.6,1,"","","","","","","","","","","","","","","","","","","","","","","","","","",100,1,"","","","","","","","","","","","",8.5,1,"","","","","","","","",9,1,"","","","","","","","","","","","","","","","","","","","","","","","","","","","","","","","",40,1,"","",45,1,4,1,"","","","","","","","","","","","","","","","","","","","","","","","","","","","","","","","","","","","","","","","","","","","","","","","","","","","","","","","","","","","","","","","","",""
"63263001","PUY-DE-DOME-MN",45.775,2.966667,1461,1965091912,"","","","",8.,1,90,1,"","","","","","","","","","","","","","","","","","","","","","","","","","","","",5.4,1,5.4,1,"","","","","","","","","","","","","","","","","","","","","","","","","","",100,1,"","","","","","","","","","","","",9.,1,"","","","","","","","",8,1,8,1,"","","","","","","","","","","","","","","","","","","","","","","","","","","","","","",100,1,"","",41,1,4,1,"","","","","","","","","","","","","","","","","","","","","","","","","","","","","","","","","","","","","","","","","","","","","","","","","","","","","","","","","","","","","","","","","",""
"63263001","PUY-DE-DOME-MN",45.775,2.966667,1461,1965091915,"","","","",6.,1,90,1,"","","","","","","","","","","","","","","","","","","","","","","","","","","","",6.3,1,4.,1,"","","","","","","","","","","","","","","","","","","","","","","","","","",86,1,"","","","","","","","","","","","",8.2,1,"","","","","","","","",4,1,0,1,2,1,0,1,2,1,"","","","","","","","","","","","","","","","","","","","","","","","",40000,1,"","",1,1,4,1,"","","","","","","","","","","","","","","","","","","","","","","","","","","","","","","","","","","","","","","","","","","","","","","","","","","","","","","","","","","","","","","","","",""
"63263001","PUY-DE-DOME-MN",45.775,2.966667,1461,1965091918,"","","","",8.,1,90,1,"","","","","","","","","","","","","","","","","","","","","","","","","","","","",4.6,1,3.7,1,"","","","","","","","","","","","","","","","","","","","","","","","","","",94,1,"","","","","","","","","","","","",8.,1,"","","","","","","","",2,1,0,1,1,1,0,1,2,1,"","","","","","","","","","","","","","","","","","","","","","","","",30000,1,"","",2,1,4,1,"","","","","","","","","","","","","","","","","","","","","","","","","","","","","","","","","","","","","","","","","","","","","","","","","","","","","","","","","","","","","","","","","",""
"63263001","PUY-DE-DOME-MN",45.775,2.966667,1461,1965091921,"","","","","","","","","","","","","","","","","","","","","","","","","","","","","","","","","","","","",4.2,1,4.2,1,"","","","","","","","","","","","","","","","","","","","","","","","","","",100,1,"","","","","","","","","","","","",8.3,1,"","","","","","","","","","","","","","","","","","","","","","","","","","","","","","","","","","","","","","","","","","","","","","","","","","","","","","","","","","","","","","","","","","","","","","","","","","","","","","","","","","","","","","","","","","","","","","","","","","","","","","","","","","","","","","","","","","","",""
"63263001","PUY-DE-DOME-MN",45.775,2.966667,1461,1965092000,"","","","","","","","","","","","","","","","","","","","","","","","","","","","","","","","","","","","",3.5,1,2.8,1,"","","","","","","","","","","","","","","","","","","","","","","","","","",96,1,"","","","","","","","","","","","",7.5,1,"","","","","","","","","","","","","","","","","","","","","","","","","","","","","","","","","","","","","","","","","","","","","","","","","","","","","","","","","","","","","","","","","","","","","","","","","","","","","","","","","","","","","","","","","","","","","","","","","","","","","","","","","","","","","","","","","","","",""
"63263001","PUY-DE-DOME-MN",45.775,2.966667,1461,1965092003,"","","","","","","","","","","","","","","","","","","","","","","","","","","","","","","","","","","","",4.4,1,0.8,1,"","","","","","","","","","","","","","","","","","","","","","","","","","",77,1,"","","","","","","","","","","","",6.5,1,"","","","","","","","","","","","","","","","","","","","","","","","","","","","","","","","","","","","","","","","","","","","","","","","","","","","","","","","","","","","","","","","","","","","","","","","","","","","","","","","","","","","","","","","","","","","","","","","","","","","","","","","","","","","","","","","","","","",""
"63263001","PUY-DE-DOME-MN",45.775,2.966667,1461,1965092006,"","","","",18.,1,130,1,"","","","","","","","","","","","","","","","","","","","","","","","","","","","",4.3,1,0.4,1,"","","","","","","","","","","","","","","","","","","","","","","","","","",76,1,"","","","","","","","","","","","",6.3,1,"","","","","","","","",0,1,"","",0,1,0,1,0,1,"","","","","","","","","","","","","","","","","","","","","","","","",80000,1,"","",0,1,"","","","",0,1,"","","","","","","","","","","","","","","","","","","","","","","","","","","","","","","","","","","","","","","","","","","","","","","","","","","","","","","","","","","","","",""
"63263001","PUY-DE-DOME-MN",45.775,2.966667,1461,1965092009,"","","","",16.,1,110,1,"","","","","","","","","","","","","","","","","","","","","","","","","","","","",6.4,1,-2.4,1,"","","","","","","","","","","","","","","","","","","","","","","","","","",53,1,"","","","","","","","","","","","",5.1,1,"","","","","","","","",1,1,0,1,0,1,0,1,1,1,"","","","","","","","","","","","","","","","","","","","","","","","",80000,1,"","",3,1,0,1,"","","","","","","","","","","","","","","","","","","","","","","","","","","","","","","","","","","","","","","","","","","","","","","","","","","","","","","","","","","","","","","","","",""
"63263001","PUY-DE-DOME-MN",45.775,2.966667,1461,1965092012,"","","","",8.,1,110,1,"","","","","","","","","","","","","","","","","","","","","","","","","","","","",8.3,1,4.,1,"","","","","","","","","","","","","","","","","","","","","","","","","","",76,1,"","","","","","","","","","","","",8.2,1,"","","","","","","","",0,1,"","",0,1,0,1,0,1,"","","","","","","","","","","","","","","","","","","","","","","","",60000,1,"","",1,1,0,1,"","","","","","","","","","","","","","","","","","","","","","","","","","","","","","","","","","","","","","","","","","","","","","","","","","","","","","","","","","","","","","","","","",""
"63263001","PUY-DE-DOME-MN",45.775,2.966667,1461,1965092015,"","","","",8.,1,90,1,"","","","","","","","","","","","","","","","","","","","","","","","","","","","",8.2,1,4.,1,"","","","","","","","","","","","","","","","","","","","","","","","","","",76,1,"","","","","","","","","","","","",8.2,1,"","","","","","","","",0,1,"","",0,1,0,1,0,1,"","","","","","","","","","","","","","","","","","","","","","","","",20000,1,"","",1,1,0,1,"","","","","","","","","","","","","","","","","","","","","","","","","","","","","","","","","","","","","","","","","","","","","","","","","","","","","","","","","","","","","","","","","",""
"63263001","PUY-DE-DOME-MN",45.775,2.966667,1461,1965092018,"","","","",10.,1,110,1,"","","","","","","","","","","","","","","","","","","","","","","","","","","","",6.3,1,1.8,1,"","","","","","","","","","","","","","","","","","","","","","","","","","",74,1,"","","","","","","","","","","","",7.,1,"","","","","","","","",1,1,0,1,0,1,0,1,1,1,"","","","","","","","","","","","","","","","","","","","","","","","",30000,1,"","",2,1,0,1,"","","","","","","","","","","","","","","","","","","","","","","","","","","","","","","","","","","","","","","","","","","","","","","","","","","","","","","","","","","","","","","","","",""
"63263001","PUY-DE-DOME-MN",45.775,2.966667,1461,1965092021,"","","","","","","","","","","","","","","","","","","","","","","","","","","","","","","","","","","","",5.4,1,2.2,1,"","","","","","","","","","","","","","","","","","","","","","","","","","",80,1,"","","","","","","","","","","","",7.2,1,"","","","","","","","","","","","","","","","","","","","","","","","","","","","","","","","","","","","","","","","","","","","","","","","","","","","","","","","","","","","","","","","","","","","","","","","","","","","","","","","","","","","","","","","","","","","","","","","","","","","","","","","","","","","","","","","","","","",""
"63263001","PUY-DE-DOME-MN",45.775,2.966667,1461,1965092100,"","","","","","","","","","","","","","","","","","","","","","","","","","","","","","","","","","","","",4.2,1,4.2,1,"","","","","","","","","","","","","","","","","","","","","","","","","","",100,1,"","","","","","","","","","","","",8.3,1,"","","","","","","","","","","","","","","","","","","","","","","","","","","","","","","","","","","","","","","","","","","","","","","","","","","","","","","","","","","","","","","","","","","","","","","","","","","","","","","","","","","","","","","","","","","","","","","","","","","","","","","","","","","","","","","","","","","",""
"63263001","PUY-DE-DOME-MN",45.775,2.966667,1461,1965092103,"","","","","","","","","","","","","","","","","","","","","","","","","","","","","","","","","","","","",6.8,1,2.4,1,"","","","","","","","","","","","","","","","","","","","","","","","","","",74,1,"","","","","","","","","","","","",7.3,1,"","","","","","","","","","","","","","","","","","","","","","","","","","","","","","","","","","","","","","","","","","","","","","","","","","","","","","","","","","","","","","","","","","","","","","","","","","","","","","","","","","","","","","","","","","","","","","","","","","","","","","","","","","","","","","","","","","","",""
"63263001","PUY-DE-DOME-MN",45.775,2.966667,1461,1965092106,"","","","",14.,1,110,1,"","","","","","","","","","","","","","","","","","","","","","","","","","","","",11.,1,-15.3,1,"","","","","","","","","","","","","","","","","","","","","","","","","","",14,1,"","","","","","","","","","","","",1.8,1,"","","","","","","","",1,1,0,1,0,1,0,1,1,1,"","","","","","","","","","","","","","","","","","","","","","","","",20000,1,"","",0,1,"","","","",0,1,"","","","","","","","","","","","","","","","","","","","","","","","","","","","","","","","","","","","","","","","","","","","","","","","","","","","","","","","","","","","","",""
"63263001","PUY-DE-DOME-MN",45.775,2.966667,1461,1965092109,"","","","",13.,1,110,1,"","","","","","","","","","","","","","","","","","","","","","","","","","","","",13.4,1,-11.9,1,"","","","","","","","","","","","","","","","","","","","","","","","","","",16,1,"","","","","","","","","","","","",2.4,1,"","","","","","","","",1,1,0,1,0,1,0,1,1,1,"","","","","","","","","","","","","","","","","","","","","","","","",20000,1,"","",2,1,0,1,"","","","","","","","","","","","","","","","","","","","","","","","","","","","","","","","","","","","","","","","","","","","","","","","","","","","","","","","","","","","","","","","","",""
"63263001","PUY-DE-DOME-MN",45.775,2.966667,1461,1965092112,"","","","",8.,1,110,1,"","","","","","","","","","","","","","","","","","","","","","","","","","","","",16.,1,-9.2,1,"","","","","","","","","","","","","","","","","","","","","","","","","","",16,1,"","","","","","","","","","","","",3.,1,"","","","","","","","",1,1,0,1,0,1,0,1,1,1,"","","","","","","","","","","","","","","","","","","","","","","","",25000,1,"","",2,1,0,1,"","","","","","","","","","","","","","","","","","","","","","","","","","","","","","","","","","","","","","","","","","","","","","","","","","","","","","","","","","","","","","","","","",""
"63263001","PUY-DE-DOME-MN",45.775,2.966667,1461,1965092115,"","","","",0.,1,0,1,"","","","","","","","","","","","","","","","","","","","","","","","","","","","",16.8,1,-1.6,1,"","","","","","","","","","","","","","","","","","","","","","","","","","",28,1,"","","","","","","","","","","","",5.4,1,"","","","","","","","",4,1,0,1,0,1,0,1,2,1,"","","","","","","","","","","","","","","","","","","","","","","","",30000,1,"","",3,1,0,1,"","","","","","","","","","","","","","","","","","","","","","","","","","","","","","","","","","","","","","","","","","","","","","","","","","","","","","","","","","","","","","","","","",""
"63263001","PUY-DE-DOME-MN",45.775,2.966667,1461,1965092118,"","","","",0.,1,0,1,"","","","","","","","","","","","","","","","","","","","","","","","","","","","",13.,1,-1.6,1,"","","","","","","","","","","","","","","","","","","","","","","","","","",36,1,"","","","","","","","","","","","",5.4,1,"","","","","","","","",6,1,6,1,0,1,0,1,4,1,"","","","","","","","","","","","","","","","","","","","","","","","",25000,1,"","",3,1,1,1,"","","","","","","","","","","","","","","","","","","","","","","","","","","","","","","","","","","","","","","","","","","","","","","","","","","","","","","","","","","","","","","","","",""
"63263001","PUY-DE-DOME-MN",45.775,2.966667,1461,1965092121,"","","","","","","","","","","","","","","","","","","","","","","","","","","","","","","","","","","","",13.,1,-0.2,1,"","","","","","","","","","","","","","","","","","","","","","","","","","",40,1,"","","","","","","","","","","","",6.,1,"","","","","","","","","","","","","","","","","","","","","","","","","","","","","","","","","","","","","","","","","","","","","","","","","","","","","","","","","","","","","","","","","","","","","","","","","","","","","","","","","","","","","","","","","","","","","","","","","","","","","","","","","","","","","","","","","","","",""
"63263001","PUY-DE-DOME-MN",45.775,2.966667,1461,1965092200,"","","","","","","","","","","","","","","","","","","","","","","","","","","","","","","","","","","","",11.9,1,3.8,1,"","","","","","","","","","","","","","","","","","","","","","","","","","",58,1,"","","","","","","","","","","","",8.1,1,"","","","","","","","","","","","","","","","","","","","","","","","","","","","","","","","","","","","","","","","","","","","","","","","","","","","","","","","","","","","","","","","","","","","","","","","","","","","","","","","","","","","","","","","","","","","","","","","","","","","","","","","","","","","","","","","","","","",""
"63263001","PUY-DE-DOME-MN",45.775,2.966667,1461,1965092203,"","","","","","","","","","","","","","","","","","","","","","","","","","","","","","","","","","","","",10.,1,4.7,1,"","","","","","","","","","","","","","","","","","","","","","","","","","",70,1,"","","","","","","","","","","","",8.6,1,"","","","","","","","","","","","","","","","","","","","","","","","","","","","","","","","","","","","","","","","","","","","","","","","","","","","","","","","","","","","","","","","","","","","","","","","","","","","","","","","","","","","","","","","","","","","","","","","","","","","","","","","","","","","","","","","","","","",""
"63263001","PUY-DE-DOME-MN",45.775,2.966667,1461,1965092206,"","","","",2.,1,310,1,"","","","","","","","","","","","","","","","","","","","","","","","","","","","",10.,1,-1.9,1,"","","","","","","","","","","","","","","","","","","","","","","","","","",43,1,"","","","","","","","","","","","",5.3,1,"","","","","","","","",3,1,0,1,0,1,0,1,2,1,"","","","","","","","","","","","","","","","","","","","","","","","",80000,1,"","",0,1,"","","","",0,1,"","","","","","","","","","","","","","","","","","","","","","","","","","","","","","","","","","","","","","","","","","","","","","","","","","","","","","","","","","","","","",""
"63263001","PUY-DE-DOME-MN",45.775,2.966667,1461,1965092209,"","","","",0.,1,0,1,"","","","","","","","","","","","","","","","","","","","","","","","","","","","",13.4,1,5.6,1,"","","","","","","","","","","","","","","","","","","","","","","","","","",60,1,"","","","","","","","","","","","",9.2,1,"","","","","","","","",2,1,0,1,0,1,0,1,2,1,"","","","","","","","","","","","","","","","","","","","","","","","",80000,1,"","",3,1,0,1,"","","","","","","","","","","","","","","","","","","","","","","","","","","","","","","","","","","","","","","","","","","","","","","","","","","","","","","","","","","","","","","","","",""
"63263001","PUY-DE-DOME-MN",45.775,2.966667,1461,1965092212,"","","","",0.,1,0,1,"","","","","","","","","","","","","","","","","","","","","","","","","","","","",14.5,1,7.1,1,"","","","","","","","","","","","","","","","","","","","","","","","","","",62,1,"","","","","","","","","","","","",10.2,1,"","","","","","","","",2,1,0,1,0,1,0,1,2,1,"","","","","","","","","","","","","","","","","","","","","","","","",50000,1,"","",1,1,0,1,"","","","","","","","","","","","","","","","","","","","","","","","","","","","","","","","","","","","","","","","","","","","","","","","","","","","","","","","","","","","","","","","","",""
"63263001","PUY-DE-DOME-MN",45.775,2.966667,1461,1965092215,"","","","",0.,1,0,1,"","","","","","","","","","","","","","","","","","","","","","","","","","","","",15.4,1,7.5,1,"","","","","","","","","","","","","","","","","","","","","","","","","","",60,1,"","","","","","","","","","","","",10.5,1,"","","","","","","","",2,1,0,1,1,1,0,1,2,1,"","","","","","","","","","","","","","","","","","","","","","","","",50000,1,"","",3,1,0,1,"","","","","","","","","","","","","","","","","","","","","","","","","","","","","","","","","","","","","","","","","","","","","","","","","","","","","","","","","","","","","","","","","",""
"63263001","PUY-DE-DOME-MN",45.775,2.966667,1461,1965092218,"","","","",0.,1,0,1,"","","","","","","","","","","","","","","","","","","","","","","","","","","","",12.4,1,4.8,1,"","","","","","","","","","","","","","","","","","","","","","","","","","",60,1,"","","","","","","","","","","","",8.7,1,"","","","","","","","",1,1,0,1,0,1,0,1,2,1,"","","","","","","","","","","","","","","","","","","","","","","","",50000,1,"","",2,1,0,1,"","","","","","","","","","","","","","","","","","","","","","","","","","","","","","","","","","","","","","","","","","","","","","","","","","","","","","","","","","","","","","","","","",""
"63263001","PUY-DE-DOME-MN",45.775,2.966667,1461,1965092221,"","","","","","","","","","","","","","","","","","","","","","","","","","","","","","","","","","","","",12.1,1,-0.5,1,"","","","","","","","","","","","","","","","","","","","","","","","","","",41,1,"","","","","","","","","","","","",5.9,1,"","","","","","","","","","","","","","","","","","","","","","","","","","","","","","","","","","","","","","","","","","","","","","","","","","","","","","","","","","","","","","","","","","","","","","","","","","","","","","","","","","","","","","","","","","","","","","","","","","","","","","","","","","","","","","","","","","","",""
"63263001","PUY-DE-DOME-MN",45.775,2.966667,1461,1965092300,"","","","","","","","","","","","","","","","","","","","","","","","","","","","","","","","","","","","",12.7,1,-4.,1,"","","","","","","","","","","","","","","","","","","","","","","","","","",30,1,"","","","","","","","","","","","",4.5,1,"","","","","","","","","","","","","","","","","","","","","","","","","","","","","","","","","","","","","","","","","","","","","","","","","","","","","","","","","","","","","","","","","","","","","","","","","","","","","","","","","","","","","","","","","","","","","","","","","","","","","","","","","","","","","","","","","","","",""
"63263001","PUY-DE-DOME-MN",45.775,2.966667,1461,1965092303,"","","","","","","","","","","","","","","","","","","","","","","","","","","","","","","","","","","","",12.2,1,-4.3,1,"","","","","","","","","","","","","","","","","","","","","","","","","","",31,1,"","","","","","","","","","","","",4.4,1,"","","","","","","","","","","","","","","","","","","","","","","","","","","","","","","","","","","","","","","","","","","","","","","","","","","","","","","","","","","","","","","","","","","","","","","","","","","","","","","","","","","","","","","","","","","","","","","","","","","","","","","","","","","","","","","","","","","",""
"63263001","PUY-DE-DOME-MN",45.775,2.966667,1461,1965092306,"","","","",12.,1,230,1,"","","","","","","","","","","","","","","","","","","","","","","","","","","","",10.3,1,-1.9,1,"","","","","","","","","","","","","","","","","","","","","","","","","","",42,1,"","","","","","","","","","","","",5.3,1,"","","","","","","","",1,1,0,1,0,1,0,1,1,1,"","","","","","","","","","","","","","","","","","","","","","","","",40000,1,"","",0,1,"","","","",0,1,"","","","","","","","","","","","","","","","","","","","","","","","","","","","","","","","","","","","","","","","","","","","","","","","","","","","","","","","","","","","","",""
"63263001","PUY-DE-DOME-MN",45.775,2.966667,1461,1965092309,"","","","",14.,1,210,1,"","","","","","","","","","","","","","","","","","","","","","","","","","","","",10.4,1,3.1,1,"","","","","","","","","","","","","","","","","","","","","","","","","","",61,1,"","","","","","","","","","","","",7.7,1,"","","","","","","","",1,1,0,1,0,1,0,1,1,1,"","","","","","","","","","","","","","","","","","","","","","","","",40000,1,"","",3,1,0,1,"","","","","","","","","","","","","","","","","","","","","","","","","","","","","","","","","","","","","","","","","","","","","","","","","","","","","","","","","","","","","","","","","",""
"63263001","PUY-DE-DOME-MN",45.775,2.966667,1461,1965092312,"","","","",12.,1,170,1,"","","","","","","","","","","","","","","","","","","","","","","","","","","","",13.6,1,5.,1,"","","","","","","","","","","","","","","","","","","","","","","","","","",56,1,"","","","","","","","","","","","",8.8,1,"","","","","","","","",1,1,0,1,0,1,0,1,1,1,"","","","","","","","","","","","","","","","","","","","","","","","",40000,1,"","",2,1,0,1,"","","","","","","","","","","","","","","","","","","","","","","","","","","","","","","","","","","","","","","","","","","","","","","","","","","","","","","","","","","","","","","","","",""
"63263001","PUY-DE-DOME-MN",45.775,2.966667,1461,1965092315,"","","","",9.,1,210,1,"","","","","","","","","","","","","","","","","","","","","","","","","","","","",14.4,1,5.3,1,"","","","","","","","","","","","","","","","","","","","","","","","","","",55,1,"","","","","","","","","","","","",9.,1,"","","","","","","","",2,1,0,1,1,1,0,1,2,1,"","","","","","","","","","","","","","","","","","","","","","","","",40000,1,"","",3,1,0,1,"","","","","","","","","","","","","","","","","","","","","","","","","","","","","","","","","","","","","","","","","","","","","","","","","","","","","","","","","","","","","","","","","",""
"63263001","PUY-DE-DOME-MN",45.775,2.966667,1461,1965092318,"","","","",13.,1,210,1,"","","","","","","","","","","","","","","","","","","","","","","","","","","","",10.4,1,6.4,1,"","","","","","","","","","","","","","","","","","","","","","","","","","",77,1,"","","","","","","","","","","","",9.7,1,"","","","","","","","",3,1,0,1,1,1,0,1,2,1,"","","","","","","","","","","","","","","","","","","","","","","","",20000,1,"","",2,1,0,1,"","","","","","","","","","","","","","","","","","","","","","","","","","","","","","","","","","","","","","","","","","","","","","","","","","","","","","","","","","","","","","","","","",""
"63263001","PUY-DE-DOME-MN",45.775,2.966667,1461,1965092321,"","","","","","","","","","","","","","","","","","","","","","","","","","","","","","","","","","","","",8.5,1,4.3,1,"","","","","","","","","","","","","","","","","","","","","","","","","","",76,1,"","","","","","","","","","","","",8.4,1,"","","","","","","","","","","","","","","","","","","","","","","","","","","","","","","","","","","","","","","","","","","","","","","","","","","","","","","","","","","","","","","","","","","","","","","","","","","","","","","","","","","","","","","","","","","","","","","","","","","","","","","","","","","","","","","","","","","",""
"63263001","PUY-DE-DOME-MN",45.775,2.966667,1461,1965092400,"","","","","","","","","","","","","","","","","","","","","","","","","","","","","","","","","","","","",8.8,1,5.,1,"","","","","","","","","","","","","","","","","","","","","","","","","","",78,1,"","","","","","","","","","","","",8.8,1,"","","","","","","","","","","","","","","","","","","","","","","","","","","","","","","","","","","","","","","","","","","","","","","","","","","","","","","","","","","","","","","","","","","","","","","","","","","","","","","","","","","","","","","","","","","","","","","","","","","","","","","","","","","","","","","","","","","",""
"63263001","PUY-DE-DOME-MN",45.775,2.966667,1461,1965092403,"","","","","","","","","","","","","","","","","","","","","","","","","","","","","","","","","","","","",10.5,1,3.,1,"","","","","","","","","","","","","","","","","","","","","","","","","","",59,1,"","","","","","","","","","","","",7.6,1,"","","","","","","","","","","","","","","","","","","","","","","","","","","","","","","","","","","","","","","","","","","","","","","","","","","","","","","","","","","","","","","","","","","","","","","","","","","","","","","","","","","","","","","","","","","","","","","","","","","","","","","","","","","","","","","","","","","",""
"63263001","PUY-DE-DOME-MN",45.775,2.966667,1461,1965092406,"","","","",12.,1,270,1,"","","","","","","","","","","","","","","","","","","","","","","","","","","","",11.,1,3.1,1,"","","","","","","","","","","","","","","","","","","","","","","","","","",59,1,"","","","","","","","","","","","",7.7,1,"","","","","","","","",1,1,0,1,5,1,0,1,2,1,"","","","","","","","","","","","","","","","","","","","","","","","",25000,1,"","",0,1,"","","","",0,1,"","","","","","","","","","","","","","","","","","","","","","","","","","","","","","","","","","","","","","","","","","","","","","","","","","","","","","","","","","","","","",""
"63263001","PUY-DE-DOME-MN",45.775,2.966667,1461,1965092409,"","","","",8.,1,230,1,"","","","","","","","","","","","","","","","","","","","","","","","","","","","",11.,1,7.9,1,"","","","","","","","","","","","","","","","","","","","","","","","","","",82,1,"","","","","","","","","","","","",10.8,1,"","","","","","","","",4,1,0,1,2,1,8,1,2,1,"","","","","","","","","","","","","","","","","","","","","","","","",25000,1,"","",3,1,0,1,"","","","","","","","","","","","","","","","","","","","","","","","","","","","","","","","","","","","","","","","","","","","","","","","","","","","","","","","","","","","","","","","","",""
"63263001","PUY-DE-DOME-MN",45.775,2.966667,1461,1965092412,"","","","",13.,1,210,1,"","","","","","","","","","","","","","","","","","","","","","","","","","","","",13.7,1,8.5,1,"","","","","","","","","","","","","","","","","","","","","","","","","","",72,1,"","","","","","","","","","","","",11.3,1,"","","","","","","","",2,1,0,1,2,1,0,1,2,1,"","","","","","","","","","","","","","","","","","","","","","","","",25000,1,"","",1,1,0,1,"","","","","","","","","","","","","","","","","","","","","","","","","","","","","","","","","","","","","","","","","","","","","","","","","","","","","","","","","","","","","","","","","",""
"63263001","PUY-DE-DOME-MN",45.775,2.966667,1461,1965092415,"","","","",16.,1,170,1,"","","","","","","","","","","","","","","","","","","","","","","","","","","","",13.7,1,8.,1,"","","","","","","","","","","","","","","","","","","","","","","","","","",69,1,"","","","","","","","","","","","",10.9,1,"","","","","","","","",1,1,0,1,2,1,0,1,2,1,"","","","","","","","","","","","","","","","","","","","","","","","",30000,1,"","",2,1,0,1,"","","","","","","","","","","","","","","","","","","","","","","","","","","","","","","","","","","","","","","","","","","","","","","","","","","","","","","","","","","","","","","","","",""
"63263001","PUY-DE-DOME-MN",45.775,2.966667,1461,1965092418,"","","","",21.,1,210,1,"","","","","","","","","","","","","","","","","","","","","","","","","","","","",9.7,1,8.5,1,"","","","","","","","","","","","","","","","","","","","","","","","","","",94,1,"","","","","","","","","","","","",11.3,1,"","","","","","","","",5,1,5,1,4,1,0,1,2,1,"","","","","","","","","","","","","","","","","","","","","","","","",30000,1,"","",2,1,1,1,"","","","","","","","","","","","","","","","","","","","","","","","","","","","","","","","","","","","","","","","","","","","","","","","","","","","","","","","","","","","","","","","","",""
"63263001","PUY-DE-DOME-MN",45.775,2.966667,1461,1965092421,"","","","","","","","","","","","","","","","","","","","","","","","","","","","","","","","","","","","",9.6,1,8.3,1,"","","","","","","","","","","","","","","","","","","","","","","","","","",93,1,"","","","","","","","","","","","",11.1,1,"","","","","","","","","","","","","","","","","","","","","","","","","","","","","","","","","","","","","","","","","","","","","","","","","","","","","","","","","","","","","","","","","","","","","","","","","","","","","","","","","","","","","","","","","","","","","","","","","","","","","","","","","","","","","","","","","","","",""
"63263001","PUY-DE-DOME-MN",45.775,2.966667,1461,1965092500,"","","","","","","","","","","","","","","","","","","","","","","","","","","","","","","","","","","","",9.9,1,8.3,1,"","","","","","","","","","","","","","","","","","","","","","","","","","",91,1,"","","","","","","","","","","","",11.1,1,"","","","","","","","","","","","","","","","","","","","","","","","","","","","","","","","","","","","","","","","","","","","","","","","","","","","","","","","","","","","","","","","","","","","","","","","","","","","","","","","","","","","","","","","","","","","","","","","","","","","","","","","","","","","","","","","","","","",""
"63263001","PUY-DE-DOME-MN",45.775,2.966667,1461,1965092503,"","","","","","","","","","","","","","","","","","","","","","","","","","","","","","","","","","","","",9.8,1,7.5,1,"","","","","","","","","","","","","","","","","","","","","","","","","","",87,1,"","","","","","","","","","","","",10.5,1,"","","","","","","","","","","","","","","","","","","","","","","","","","","","","","","","","","","","","","","","","","","","","","","","","","","","","","","","","","","","","","","","","","","","","","","","","","","","","","","","","","","","","","","","","","","","","","","","","","","","","","","","","","","","","","","","","","","",""
"63263001","PUY-DE-DOME-MN",45.775,2.966667,1461,1965092506,"","","","",33.,1,170,1,"","","","","","","","","","","","","","","","","","","","","","","","","","","","",9.1,1,7.7,1,"","","","","","","","","","","","","","","","","","","","","","","","","","",93,1,"","","","","","","","","","","","",10.7,1,"","","","","","","","",7,1,5,1,5,1,4,1,2,1,"","","","","","","","","","","","","","","","","","","","","","","","",25000,1,"","",0,1,"","","","",0,1,"","","","","","","","","","","","","","","","","","","","","","","","","","","","","","","","","","","","","","","","","","","","","","","","","","","","","","","","","","","","","",""
"63263001","PUY-DE-DOME-MN",45.775,2.966667,1461,1965092509,"","","","",33.,1,170,1,"","","","","","","","","","","","","","","","","","","","","","","","","","","","",10.,1,7.5,1,"","","","","","","","","","","","","","","","","","","","","","","","","","",85,1,"","","","","","","","","","","","",10.5,1,"","","","","","","","",7,1,5,1,5,1,4,1,2,1,"","","","","","","","","","","","","","","","","","","","","","","","",30000,1,"","",2,1,2,1,"","","","","","","","","","","","","","","","","","","","","","","","","","","","","","","","","","","","","","","","","","","","","","","","","","","","","","","","","","","","","","","","","",""
"63263001","PUY-DE-DOME-MN",45.775,2.966667,1461,1965092512,"","","","",23.,1,150,1,"","","","","","","","","","","","","","","","","","","","","","","","","","","","",9.8,1,8.7,1,"","","","","","","","","","","","","","","","","","","","","","","","","","",94,1,"","","","","","","","","","","","",11.4,1,"","","","","","","","",8,1,8,1,2,1,"","","","","","","","","","","","","","","","","","","","","","","","","","","","",25000,1,"","",3,1,2,1,"","","","","","","","","","","","","","","","","","","","","","","","","","","","","","","","","","","","","","","","","","","","","","","","","","","","","","","","","","","","","","","","","",""
"63263001","PUY-DE-DOME-MN",45.775,2.966667,1461,1965092515,"","","","",33.,1,170,1,"","","","","","","","","","","","","","","","","","","","","","","","","","","","",9.8,1,9.8,1,"","","","","","","","","","","","","","","","","","","","","","","","","","",100,1,"","","","","","","","","","","","",12.1,1,"","","","","","","","",9,1,"","","","","","","","","","","","","","","","","","","","","","","","","","","","","","","","",60,1,"","",45,1,8,1,"","","","","","","","","","","","","","","","","","","","","","","","","","","","","","","","","","","","","","","","","","","","","","","","","","","","","","","","","","","","","","","","","",""
"63263001","PUY-DE-DOME-MN",45.775,2.966667,1461,1965092518,"","","","",37.,1,170,1,"","","","","","","","","","","","","","","","","","","","","","","","","","","","",9.,1,9.,1,"","","","","","","","","","","","","","","","","","","","","","","","","","",100,1,"","","","","","","","","","","","",11.5,1,"","","","","","","","",9,1,"","","","","","","","","","","","","","","","","","","","","","","","","","","","","","","","",40,1,"","",45,1,8,1,"","","","","","","","","","","","","","","","","","","","","","","","","","","","","","","","","","","","","","","","","","","","","","","","","","","","","","","","","","","","","","","","","",""
"63263001","PUY-DE-DOME-MN",45.775,2.966667,1461,1965092521,"","","","","","","","","","","","","","","","","","","","","","","","","","","","","","","","","","","","",3.5,1,3.5,1,"","","","","","","","","","","","","","","","","","","","","","","","","","",100,1,"","","","","","","","","","","","",7.8,1,"","","","","","","","","","","","","","","","","","","","","","","","","","","","","","","","","","","","","","","","","","","","","","","","","","","","","","","","","","","","","","","","","","","","","","","","","","","","","","","","","","","","","","","","","","","","","","","","","","","","","","","","","","","","","","","","","","","",""
"63263001","PUY-DE-DOME-MN",45.775,2.966667,1461,1965092600,"","","","","","","","","","","","","","","","","","","","","","","","","","","","","","","","","","","","",2.4,1,2.4,1,"","","","","","","","","","","","","","","","","","","","","","","","","","",100,1,"","","","","","","","","","","","",7.3,1,"","","","","","","","","","","","","","","","","","","","","","","","","","","","","","","","","","","","","","","","","","","","","","","","","","","","","","","","","","","","","","","","","","","","","","","","","","","","","","","","","","","","","","","","","","","","","","","","","","","","","","","","","","","","","","","","","","","",""
"63263001","PUY-DE-DOME-MN",45.775,2.966667,1461,1965092603,"","","","","","","","","","","","","","","","","","","","","","","","","","","","","","","","","","","","",2.,1,2.,1,"","","","","","","","","","","","","","","","","","","","","","","","","","",100,1,"","","","","","","","","","","","",7.1,1,"","","","","","","","","","","","","","","","","","","","","","","","","","","","","","","","","","","","","","","","","","","","","","","","","","","","","","","","","","","","","","","","","","","","","","","","","","","","","","","","","","","","","","","","","","","","","","","","","","","","","","","","","","","","","","","","","","","",""
"63263001","PUY-DE-DOME-MN",45.775,2.966667,1461,1965092606,"","","","",16.,1,270,1,"","","","","","","","","","","","","","","","","","","","","","","","","","","","",1.7,1,1.2,1,"","","","","","","","","","","","","","","","","","","","","","","","","","",97,1,"","","","","","","","","","","","",6.7,1,"","","","","","","","",1,1,0,1,0,1,4,1,2,1,"","","","","","","","","","","","","","","","","","","","","","","","",90000,1,"","",2,1,6,1,"","",0,1,"","","","","","","","","","","","","","","","","","","","","","","","","","","","","","","","","","","","","","","","","","","","","","","","","","","","","","","","","","","","","",""
"63263001","PUY-DE-DOME-MN",45.775,2.966667,1461,1965092609,"","","","",8.,1,250,1,"","","","","","","","","","","","","","","","","","","","","","","","","","","","",4.6,1,-1.6,1,"","","","","","","","","","","","","","","","","","","","","","","","","","",64,1,"","","","","","","","","","","","",5.4,1,"","","","","","","","",1,1,0,1,2,1,0,1,2,1,"","","","","","","","","","","","","","","","","","","","","","","","",90000,1,"","",3,1,0,1,"","","","","","","","","","","","","","","","","","","","","","","","","","","","","","","","","","","","","","","","","","","","","","","","","","","","","","","","","","","","","","","","","",""
"63263001","PUY-DE-DOME-MN",45.775,2.966667,1461,1965092612,"","","","",14.,1,270,1,"","","","","","","","","","","","","","","","","","","","","","","","","","","","",5.3,1,0.,1,"","","","","","","","","","","","","","","","","","","","","","","","","","",69,1,"","","","","","","","","","","","",6.1,1,"","","","","","","","",6,1,5,1,2,1,0,1,2,1,"","","","","","","","","","","","","","","","","","","","","","","","",90000,1,"","",3,1,1,1,"","","","","","","","","","","","","","","","","","","","","","","","","","","","","","","","","","","","","","","","","","","","","","","","","","","","","","","","","","","","","","","","","",""
"63263001","PUY-DE-DOME-MN",45.775,2.966667,1461,1965092615,"","","","",8.,1,250,1,"","","","","","","","","","","","","","","","","","","","","","","","","","","","",7.,1,0.6,1,"","","","","","","","","","","","","","","","","","","","","","","","","","",64,1,"","","","","","","","","","","","",6.4,1,"","","","","","","","",4,1,0,1,9,1,0,1,2,1,"","","","","","","","","","","","","","","","","","","","","","","","",90000,1,"","",3,1,1,1,"","","","","","","","","","","","","","","","","","","","","","","","","","","","","","","","","","","","","","","","","","","","","","","","","","","","","","","","","","","","","","","","","",""
"63263001","PUY-DE-DOME-MN",45.775,2.966667,1461,1965092618,"","","","",7.,1,90,1,"","","","","","","","","","","","","","","","","","","","","","","","","","","","",6.5,1,0.2,1,"","","","","","","","","","","","","","","","","","","","","","","","","","",64,1,"","","","","","","","","","","","",6.2,1,"","","","","","","","",5,1,5,1,9,1,0,1,2,1,"","","","","","","","","","","","","","","","","","","","","","","","",15000,1,"","",17,1,1,1,"","","","","","","","","","","","","","","","","","","","","","","","","","","","","","","","","","","","","","","","","","","","","","","","","","","","","","","","","","","","","","","","","",""
"63263001","PUY-DE-DOME-MN",45.775,2.966667,1461,1965092621,"","","","","","","","","","","","","","","","","","","","","","","","","","","","","","","","","","","","",4.7,1,0.8,1,"","","","","","","","","","","","","","","","","","","","","","","","","","",77,1,"","","","","","","","","","","","",6.5,1,"","","","","","","","","","","","","","","","","","","","","","","","","","","","","","","","","","","","","","","","","","","","","","","","","","","","","","","","","","","","","","","","","","","","","","","","","","","","","","","","","","","","","","","","","","","","","","","","","","","","","","","","","","","","","","","","","","","",""
"63263001","PUY-DE-DOME-MN",45.775,2.966667,1461,1965092700,"","","","","","","","","","","","","","","","","","","","","","","","","","","","","","","","","","","","",4.8,1,-0.2,1,"","","","","","","","","","","","","","","","","","","","","","","","","","",70,1,"","","","","","","","","","","","",6.,1,"","","","","","","","","","","","","","","","","","","","","","","","","","","","","","","","","","","","","","","","","","","","","","","","","","","","","","","","","","","","","","","","","","","","","","","","","","","","","","","","","","","","","","","","","","","","","","","","","","","","","","","","","","","","","","","","","","","",""
"63263001","PUY-DE-DOME-MN",45.775,2.966667,1461,1965092703,"","","","","","","","","","","","","","","","","","","","","","","","","","","","","","","","","","","","",5.1,1,-0.5,1,"","","","","","","","","","","","","","","","","","","","","","","","","","",67,1,"","","","","","","","","","","","",5.9,1,"","","","","","","","","","","","","","","","","","","","","","","","","","","","","","","","","","","","","","","","","","","","","","","","","","","","","","","","","","","","","","","","","","","","","","","","","","","","","","","","","","","","","","","","","","","","","","","","","","","","","","","","","","","","","","","","","","","",""
"63263001","PUY-DE-DOME-MN",45.775,2.966667,1461,1965092706,"","","","",0.,1,0,1,"","","","","","","","","","","","","","","","","","","","","","","","","","","","",4.8,1,-0.9,1,"","","","","","","","","","","","","","","","","","","","","","","","","","",66,1,"","","","","","","","","","","","",5.7,1,"","","","","","","","",7,1,7,1,0,1,4,1,2,1,"","","","","","","","","","","","","","","","","","","","","","","","",80000,1,"","",2,1,"","","","",0,1,"","","","","","","","","","","","","","","","","","","","","","","","","","","","","","","","","","","","","","","","","","","","","","","","","","","","","","","","","","","","","",""
"63263001","PUY-DE-DOME-MN",45.775,2.966667,1461,1965092709,"","","","",12.,1,290,1,"","","","","","","","","","","","","","","","","","","","","","","","","","","","",4.2,1,1.8,1,"","","","","","","","","","","","","","","","","","","","","","","","","","",84,1,"","","","","","","","","","","","",7.,1,"","","","","","","","",7,1,7,1,2,1,4,1,2,1,"","","","","","","","","","","","","","","","","","","","","","","","",80000,1,"","",2,1,2,1,"","","","","","","","","","","","","","","","","","","","","","","","","","","","","","","","","","","","","","","","","","","","","","","","","","","","","","","","","","","","","","","","","",""
"63263001","PUY-DE-DOME-MN",45.775,2.966667,1461,1965092712,"","","","",10.,1,270,1,"","","","","","","","","","","","","","","","","","","","","","","","","","","","",3.7,1,3.7,1,"","","","","","","","","","","","","","","","","","","","","","","","","","",100,1,"","","","","","","","","","","","",8.,1,"","","","","","","","",8,1,8,1,"","","","","","","","","","","","","","","","","","","","","","","","","","","","","","",100,1,"","",61,1,4,1,"","","","","","","","","","","","","","","","","","","","","","","","","","","","","","","","","","","","","","","","","","","","","","","","","","","","","","","","","","","","","","","","","",""
"63263001","PUY-DE-DOME-MN",45.775,2.966667,1461,1965092715,"","","","",15.,1,270,1,"","","","","","","","","","","","","","","","","","","","","","","","","","","","",4.1,1,2.2,1,"","","","","","","","","","","","","","","","","","","","","","","","","","",88,1,"","","","","","","","","","","","",7.2,1,"","","","","","","","",7,1,0,1,9,1,4,1,3,1,"","","","","","","","","","","","","","","","","","","","","","","","",30000,1,"","",15,1,6,1,"","","","","","","","","","","","","","","","","","","","","","","","","","","","","","","","","","","","","","","","","","","","","","","","","","","","","","","","","","","","","","","","","",""
"63263001","PUY-DE-DOME-MN",45.775,2.966667,1461,1965092718,"","","","",22.,1,270,1,"","","","","","","","","","","","","","","","","","","","","","","","","","","","",2.6,1,2.6,1,"","","","","","","","","","","","","","","","","","","","","","","","","","",100,1,"","","","","","","","","","","","",7.4,1,"","","","","","","","",9,1,"","","","","","","","","","","","","","","","","","","","","","","","","","","","","","","","",40,1,"","",45,1,8,1,"","","","","","","","","","","","","","","","","","","","","","","","","","","","","","","","","","","","","","","","","","","","","","","","","","","","","","","","","","","","","","","","","",""
"63263001","PUY-DE-DOME-MN",45.775,2.966667,1461,1965092721,"","","","","","","","","","","","","","","","","","","","","","","","","","","","","","","","","","","","",2.,1,2.,1,"","","","","","","","","","","","","","","","","","","","","","","","","","",100,1,"","","","","","","","","","","","",7.1,1,"","","","","","","","","","","","","","","","","","","","","","","","","","","","","","","","","","","","","","","","","","","","","","","","","","","","","","","","","","","","","","","","","","","","","","","","","","","","","","","","","","","","","","","","","","","","","","","","","","","","","","","","","","","","","","","","","","","",""
"63263001","PUY-DE-DOME-MN",45.775,2.966667,1461,1965092800,"","","","","","","","","","","","","","","","","","","","","","","","","","","","","","","","","","","","",1.9,1,1.9,1,"","","","","","","","","","","","","","","","","","","","","","","","","","",100,1,"","","","","","","","","","","","",7.,1,"","","","","","","","","","","","","","","","","","","","","","","","","","","","","","","","","","","","","","","","","","","","","","","","","","","","","","","","","","","","","","","","","","","","","","","","","","","","","","","","","","","","","","","","","","","","","","","","","","","","","","","","","","","","","","","","","","","",""
"63263001","PUY-DE-DOME-MN",45.775,2.966667,1461,1965092803,"","","","","","","","","","","","","","","","","","","","","","","","","","","","","","","","","","","","",1.9,1,1.9,1,"","","","","","","","","","","","","","","","","","","","","","","","","","",100,1,"","","","","","","","","","","","",7.,1,"","","","","","","","","","","","","","","","","","","","","","","","","","","","","","","","","","","","","","","","","","","","","","","","","","","","","","","","","","","","","","","","","","","","","","","","","","","","","","","","","","","","","","","","","","","","","","","","","","","","","","","","","","","","","","","","","","","",""
"63263001","PUY-DE-DOME-MN",45.775,2.966667,1461,1965092806,"","","","",21.,1,270,1,"","","","","","","","","","","","","","","","","","","","","","","","","","","","",2.,1,2.,1,"","","","","","","","","","","","","","","","","","","","","","","","","","",100,1,"","","","","","","","","","","","",7.1,1,"","","","","","","","",9,1,"","","","","","","","","","","","","","","","","","","","","","","","","","","","","","","","",40,1,"","",45,1,4,1,"","",0,1,"","","","","","","","","","","","","","","","","","","","","","","","","","","","","","","","","","","","","","","","","","","","","","","","","","","","","","","","","","","","","",""
"63263001","PUY-DE-DOME-MN",45.775,2.966667,1461,1965092809,"","","","",15.,1,270,1,"","","","","","","","","","","","","","","","","","","","","","","","","","","","",2.1,1,2.1,1,"","","","","","","","","","","","","","","","","","","","","","","","","","",100,1,"","","","","","","","","","","","",7.1,1,"","","","","","","","",9,1,"","","","","","","","","","","","","","","","","","","","","","","","","","","","","","","","",40,1,"","",45,1,4,1,"","","","","","","","","","","","","","","","","","","","","","","","","","","","","","","","","","","","","","","","","","","","","","","","","","","","","","","","","","","","","","","","","",""
"63263001","PUY-DE-DOME-MN",45.775,2.966667,1461,1965092812,"","","","",15.,1,270,1,"","","","","","","","","","","","","","","","","","","","","","","","","","","","",3.,1,3.,1,"","","","","","","","","","","","","","","","","","","","","","","","","","",100,1,"","","","","","","","","","","","",7.6,1,"","","","","","","","",9,1,"","","","","","","","","","","","","","","","","","","","","","","","","","","","","","","","",80,1,"","",43,1,4,1,"","","","","","","","","","","","","","","","","","","","","","","","","","","","","","","","","","","","","","","","","","","","","","","","","","","","","","","","","","","","","","","","","",""
"63263001","PUY-DE-DOME-MN",45.775,2.966667,1461,1965092815,"","","","",15.,1,270,1,"","","","","","","","","","","","","","","","","","","","","","","","","","","","",3.1,1,3.1,1,"","","","","","","","","","","","","","","","","","","","","","","","","","",100,1,"","","","","","","","","","","","",7.6,1,"","","","","","","","",8,1,8,1,"","","","","","","","","","","","","","","","","","","","","","","","","","","","","","",100,1,"","",41,1,4,1,"","","","","","","","","","","","","","","","","","","","","","","","","","","","","","","","","","","","","","","","","","","","","","","","","","","","","","","","","","","","","","","","","",""
"63263001","PUY-DE-DOME-MN",45.775,2.966667,1461,1965092818,"","","","",16.,1,270,1,"","","","","","","","","","","","","","","","","","","","","","","","","","","","",2.8,1,2.8,1,"","","","","","","","","","","","","","","","","","","","","","","","","","",100,1,"","","","","","","","","","","","",7.5,1,"","","","","","","","",9,1,"","","","","","","","","","","","","","","","","","","","","","","","","","","","","","","","",40,1,"","",47,1,8,1,"","","","","","","","","","","","","","","","","","","","","","","","","","","","","","","","","","","","","","","","","","","","","","","","","","","","","","","","","","","","","","","","","",""
"63263001","PUY-DE-DOME-MN",45.775,2.966667,1461,1965092821,"","","","","","","","","","","","","","","","","","","","","","","","","","","","","","","","","","","","",1.8,1,1.8,1,"","","","","","","","","","","","","","","","","","","","","","","","","","",100,1,"","","","","","","","","","","","",6.9,1,"","","","","","","","","","","","","","","","","","","","","","","","","","","","","","","","","","","","","","","","","","","","","","","","","","","","","","","","","","","","","","","","","","","","","","","","","","","","","","","","","","","","","","","","","","","","","","","","","","","","","","","","","","","","","","","","","","","",""
"63263001","PUY-DE-DOME-MN",45.775,2.966667,1461,1965092900,"","","","","","","","","","","","","","","","","","","","","","","","","","","","","","","","","","","","",1.8,1,1.,1,"","","","","","","","","","","","","","","","","","","","","","","","","","",95,1,"","","","","","","","","","","","",6.6,1,"","","","","","","","","","","","","","","","","","","","","","","","","","","","","","","","","","","","","","","","","","","","","","","","","","","","","","","","","","","","","","","","","","","","","","","","","","","","","","","","","","","","","","","","","","","","","","","","","","","","","","","","","","","","","","","","","","","",""
"63263001","PUY-DE-DOME-MN",45.775,2.966667,1461,1965092903,"","","","","","","","","","","","","","","","","","","","","","","","","","","","","","","","","","","","",4.,1,-3.2,1,"","","","","","","","","","","","","","","","","","","","","","","","","","",60,1,"","","","","","","","","","","","",4.8,1,"","","","","","","","","","","","","","","","","","","","","","","","","","","","","","","","","","","","","","","","","","","","","","","","","","","","","","","","","","","","","","","","","","","","","","","","","","","","","","","","","","","","","","","","","","","","","","","","","","","","","","","","","","","","","","","","","","","",""
"63263001","PUY-DE-DOME-MN",45.775,2.966667,1461,1965092906,"","","","",20.,1,210,1,"","","","","","","","","","","","","","","","","","","","","","","","","","","","",3.2,1,0.,1,"","","","","","","","","","","","","","","","","","","","","","","","","","",79,1,"","","","","","","","","","","","",6.1,1,"","","","","","","","",8,1,8,1,0,1,2,1,"","","","","","","","","","","","","","","","","","","","","","","","","","",70000,1,"","",2,1,"","","","",0,1,"","","","","","","","","","","","","","","","","","","","","","","","","","","","","","","","","","","","","","","","","","","","","","","","","","","","","","","","","","","","","",""
"63263001","PUY-DE-DOME-MN",45.775,2.966667,1461,1965092909,"","","","",14.,1,230,1,"","","","","","","","","","","","","","","","","","","","","","","","","","","","",4.8,1,3.5,1,"","","","","","","","","","","","","","","","","","","","","","","","","","",92,1,"","","","","","","","","","","","",7.9,1,"","","","","","","","",8,1,8,1,5,1,7,1,"","","","","","","","","","","","","","","","","","","","","","","","","","",60000,1,"","",2,1,6,1,"","","","","","","","","","","","","","","","","","","","","","","","","","","","","","","","","","","","","","","","","","","","","","","","","","","","","","","","","","","","","","","","","",""
"63263001","PUY-DE-DOME-MN",45.775,2.966667,1461,1965092912,"","","","",14.,1,230,1,"","","","","","","","","","","","","","","","","","","","","","","","","","","","",6.7,1,5.6,1,"","","","","","","","","","","","","","","","","","","","","","","","","","",94,1,"","","","","","","","","","","","",9.2,1,"","","","","","","","",8,1,8,1,5,1,2,1,"","","","","","","","","","","","","","","","","","","","","","","","","","",30000,1,"","",61,1,6,1,"","","","","","","","","","","","","","","","","","","","","","","","","","","","","","","","","","","","","","","","","","","","","","","","","","","","","","","","","","","","","","","","","",""
"63263001","PUY-DE-DOME-MN",45.775,2.966667,1461,1965092915,"","","","",17.,1,230,1,"","","","","","","","","","","","","","","","","","","","","","","","","","","","",8.6,1,6.1,1,"","","","","","","","","","","","","","","","","","","","","","","","","","",85,1,"","","","","","","","","","","","",9.5,1,"","","","","","","","",7,1,7,1,5,1,7,1,"","","","","","","","","","","","","","","","","","","","","","","","","","",60000,1,"","",28,1,6,1,"","","","","","","","","","","","","","","","","","","","","","","","","","","","","","","","","","","","","","","","","","","","","","","","","","","","","","","","","","","","","","","","","",""
"63263001","PUY-DE-DOME-MN",45.775,2.966667,1461,1965092918,"","","","",17.,1,230,1,"","","","","","","","","","","","","","","","","","","","","","","","","","","","",8.7,1,5.8,1,"","","","","","","","","","","","","","","","","","","","","","","","","","",83,1,"","","","","","","","","","","","",9.3,1,"","","","","","","","",7,1,7,1,5,1,7,1,"","","","","","","","","","","","","","","","","","","","","","","","","","",40000,1,"","",2,1,6,1,"","","","","","","","","","","","","","","","","","","","","","","","","","","","","","","","","","","","","","","","","","","","","","","","","","","","","","","","","","","","","","","","","",""
"63263001","PUY-DE-DOME-MN",45.775,2.966667,1461,1965092921,"","","","","","","","","","","","","","","","","","","","","","","","","","","","","","","","","","","","",8.,1,7.1,1,"","","","","","","","","","","","","","","","","","","","","","","","","","",95,1,"","","","","","","","","","","","",10.2,1,"","","","","","","","","","","","","","","","","","","","","","","","","","","","","","","","","","","","","","","","","","","","","","","","","","","","","","","","","","","","","","","","","","","","","","","","","","","","","","","","","","","","","","","","","","","","","","","","","","","","","","","","","","","","","","","","","","","",""
"63263001","PUY-DE-DOME-MN",45.775,2.966667,1461,1965093000,"","","","","","","","","","","","","","","","","","","","","","","","","","","","","","","","","","","","",9.,1,5.6,1,"","","","","","","","","","","","","","","","","","","","","","","","","","",80,1,"","","","","","","","","","","","",9.2,1,"","","","","","","","","","","","","","","","","","","","","","","","","","","","","","","","","","","","","","","","","","","","","","","","","","","","","","","","","","","","","","","","","","","","","","","","","","","","","","","","","","","","","","","","","","","","","","","","","","","","","","","","","","","","","","","","","","","",""
"63263001","PUY-DE-DOME-MN",45.775,2.966667,1461,1965093003,"","","","","","","","","","","","","","","","","","","","","","","","","","","","","","","","","","","","",10.1,1,4.8,1,"","","","","","","","","","","","","","","","","","","","","","","","","","",70,1,"","","","","","","","","","","","",8.7,1,"","","","","","","","","","","","","","","","","","","","","","","","","","","","","","","","","","","","","","","","","","","","","","","","","","","","","","","","","","","","","","","","","","","","","","","","","","","","","","","","","","","","","","","","","","","","","","","","","","","","","","","","","","","","","","","","","","","",""
"63263001","PUY-DE-DOME-MN",45.775,2.966667,1461,1965093006,"","","","",18.,1,230,1,"","","","","","","","","","","","","","","","","","","","","","","","","","","","",8.,1,7.3,1,"","","","","","","","","","","","","","","","","","","","","","","","","","",97,1,"","","","","","","","","","","","",10.4,1,"","","","","","","","",7,1,7,1,5,1,7,1,"","","","","","","","","","","","","","","","","","","","","","","","","","",50000,1,"","",2,1,"","","","",0,1,"","","","","","","","","","","","","","","","","","","","","","","","","","","","","","","","","","","","","","","","","","","","","","","","","","","","","","","","","","","","","",""
"63263001","PUY-DE-DOME-MN",45.775,2.966667,1461,1965093009,"","","","",15.,1,230,1,"","","","","","","","","","","","","","","","","","","","","","","","","","","","",9.2,1,7.9,1,"","","","","","","","","","","","","","","","","","","","","","","","","","",93,1,"","","","","","","","","","","","",10.8,1,"","","","","","","","",8,1,8,1,5,1,7,1,"","","","","","","","","","","","","","","","","","","","","","","","","","",40000,1,"","",61,1,2,1,"","","","","","","","","","","","","","","","","","","","","","","","","","","","","","","","","","","","","","","","","","","","","","","","","","","","","","","","","","","","","","","","","",""
"63263001","PUY-DE-DOME-MN",45.775,2.966667,1461,1965093012,"","","","",18.,1,230,1,"","","","","","","","","","","","","","","","","","","","","","","","","","","","",8.4,1,8.4,1,"","","","","","","","","","","","","","","","","","","","","","","","","","",100,1,"","","","","","","","","","","","",11.,1,"","","","","","","","",8,1,8,1,"","","","","","","","","","","","","","","","","","","","","","","","","","","","","","",100,1,"","",61,1,6,1,"","","","","","","","","","","","","","","","","","","","","","","","","","","","","","","","","","","","","","","","","","","","","","","","","","","","","","","","","","","","","","","","","",""
"63263001","PUY-DE-DOME-MN",45.775,2.966667,1461,1965093015,"","","","",13.,1,250,1,"","","","","","","","","","","","","","","","","","","","","","","","","","","","",8.5,1,6.9,1,"","","","","","","","","","","","","","","","","","","","","","","","","","",91,1,"","","","","","","","","","","","",10.1,1,"","","","","","","","",8,1,8,1,2,1,7,1,"","","","","","","","","","","","","","","","","","","","","","","","","","",30000,1,"","",28,1,6,1,"","","","","","","","","","","","","","","","","","","","","","","","","","","","","","","","","","","","","","","","","","","","","","","","","","","","","","","","","","","","","","","","","",""
"63263001","PUY-DE-DOME-MN",45.775,2.966667,1461,1965093018,"","","","",22.,1,310,1,"","","","","","","","","","","","","","","","","","","","","","","","","","","","",6.,1,6.,1,"","","","","","","","","","","","","","","","","","","","","","","","","","",100,1,"","","","","","","","","","","","",9.3,1,"","","","","","","","",8,1,8,1,"","","","","","","","","","","","","","","","","","","","","","","","","","","","","","",40,1,"","",95,1,6,1,"","","","","","","","","","","","","","","","","","","","","","","","","","","","","","","","","","","","","","","","","","","","","","","","","","","","","","","","","","","","","","","","","",""
"63263001","PUY-DE-DOME-MN",45.775,2.966667,1461,1965093021,"","","","","","","","","","","","","","","","","","","","","","","","","","","","","","","","","","","","",4.,1,4.,1,"","","","","","","","","","","","","","","","","","","","","","","","","","",100,1,"","","","","","","","","","","","",8.1,1,"","","","","","","","","","","","","","","","","","","","","","","","","","","","","","","","","","","","","","","","","","","","","","","","","","","","","","","","","","","","","","","","","","","","","","","","","","","","","","","","","","","","","","","","","","","","","","","","","","","","","","","","","","","","","","","","","","","",""
"63263001","PUY-DE-DOME-MN",45.775,2.966667,1461,1965100100,"","","","","","","","","","","","","","","","","","","","","","","","","","","","","","","","","","","","",2.5,1,2.5,1,"","","","","","","","","","","","","","","","","","","","","","","","","","",100,1,"","","","","","","","","","","","",7.3,1,"","","","","","","","","","","","","","","","","","","","","","","","","","","","","","","","","","","","","","","","","","","","","","","","","","","","","","","","","","","","","","","","","","","","","","","","","","","","","","","","","","","","","","","","","","","","","","","","","","","","","","","","","","","","","","","","","","","",""
"63263001","PUY-DE-DOME-MN",45.775,2.966667,1461,1965100103,"","","","","","","","","","","","","","","","","","","","","","","","","","","","","","","","","","","","",2.7,1,1.,1,"","","","","","","","","","","","","","","","","","","","","","","","","","",89,1,"","","","","","","","","","","","",6.6,1,"","","","","","","","","","","","","","","","","","","","","","","","","","","","","","","","","","","","","","","","","","","","","","","","","","","","","","","","","","","","","","","","","","","","","","","","","","","","","","","","","","","","","","","","","","","","","","","","","","","","","","","","","","","","","","","","","","","",""
"63263001","PUY-DE-DOME-MN",45.775,2.966667,1461,1965100106,"","","","",12.,1,250,1,"","","","","","","","","","","","","","","","","","","","","","","","","","","","",3.6,1,3.6,1,"","","","","","","","","","","","","","","","","","","","","","","","","","",100,1,"","","","","","","","","","","","",7.9,1,"","","","","","","","",8,1,8,1,"","","","","","","","","","","","","","","","","","","","","","","","","","","","","","",100,1,"","",41,1,4,1,"","",0,1,"","","","","","","","","","","","","","","","","","","","","","","","","","","","","","","","","","","","","","","","","","","","","","","","","","","","","","","","","","","","","",""
"63263001","PUY-DE-DOME-MN",45.775,2.966667,1461,1965100109,"","","","",17.,1,270,1,"","","","","","","","","","","","","","","","","","","","","","","","","","","","",4.6,1,4.6,1,"","","","","","","","","","","","","","","","","","","","","","","","","","",100,1,"","","","","","","","","","","","",8.5,1,"","","","","","","","",8,1,8,1,"","","","","","","","","","","","","","","","","","","","","","","","","","","","","","",100,1,"","",41,1,4,1,"","","","","","","","","","","","","","","","","","","","","","","","","","","","","","","","","","","","","","","","","","","","","","","","","","","","","","","","","","","","","","","","","",""
"63263001","PUY-DE-DOME-MN",45.775,2.966667,1461,1965100112,"","","","",11.,1,270,1,"","","","","","","","","","","","","","","","","","","","","","","","","","","","",6.3,1,3.3,1,"","","","","","","","","","","","","","","","","","","","","","","","","","",82,1,"","","","","","","","","","","","",7.8,1,"","","","","","","","",4,1,0,1,2,1,0,1,0,1,"","","","","","","","","","","","","","","","","","","","","","","","",50000,1,"","",2,1,4,1,"","","","","","","","","","","","","","","","","","","","","","","","","","","","","","","","","","","","","","","","","","","","","","","","","","","","","","","","","","","","","","","","","",""
"63263001","PUY-DE-DOME-MN",45.775,2.966667,1461,1965100115,"","","","",13.,1,270,1,"","","","","","","","","","","","","","","","","","","","","","","","","","","","",7.2,1,2.2,1,"","","","","","","","","","","","","","","","","","","","","","","","","","",70,1,"","","","","","","","","","","","",7.2,1,"","","","","","","","",5,1,0,1,2,1,0,1,2,1,"","","","","","","","","","","","","","","","","","","","","","","","",75000,1,"","",3,1,2,1,"","","","","","","","","","","","","","","","","","","","","","","","","","","","","","","","","","","","","","","","","","","","","","","","","","","","","","","","","","","","","","","","","",""
"63263001","PUY-DE-DOME-MN",45.775,2.966667,1461,1965100118,"","","","",13.,1,270,1,"","","","","","","","","","","","","","","","","","","","","","","","","","","","",5.,1,4.3,1,"","","","","","","","","","","","","","","","","","","","","","","","","","",97,1,"","","","","","","","","","","","",8.4,1,"","","","","","","","",6,1,5,1,2,1,0,1,2,1,"","","","","","","","","","","","","","","","","","","","","","","","",60000,1,"","",80,1,2,1,"","","","","","","","","","","","","","","","","","","","","","","","","","","","","","","","","","","","","","","","","","","","","","","","","","","","","","","","","","","","","","","","","",""
"63263001","PUY-DE-DOME-MN",45.775,2.966667,1461,1965100121,"","","","","","","","","","","","","","","","","","","","","","","","","","","","","","","","","","","","",3.6,1,3.6,1,"","","","","","","","","","","","","","","","","","","","","","","","","","",100,1,"","","","","","","","","","","","",7.9,1,"","","","","","","","","","","","","","","","","","","","","","","","","","","","","","","","","","","","","","","","","","","","","","","","","","","","","","","","","","","","","","","","","","","","","","","","","","","","","","","","","","","","","","","","","","","","","","","","","","","","","","","","","","","","","","","","","","","",""
"63263001","PUY-DE-DOME-MN",45.775,2.966667,1461,1965100200,"","","","","","","","","","","","","","","","","","","","","","","","","","","","","","","","","","","","",4.,1,2.2,1,"","","","","","","","","","","","","","","","","","","","","","","","","","",90,1,"","","","","","","","","","","","",7.2,1,"","","","","","","","","","","","","","","","","","","","","","","","","","","","","","","","","","","","","","","","","","","","","","","","","","","","","","","","","","","","","","","","","","","","","","","","","","","","","","","","","","","","","","","","","","","","","","","","","","","","","","","","","","","","","","","","","","","",""
"63263001","PUY-DE-DOME-MN",45.775,2.966667,1461,1965100203,"","","","","","","","","","","","","","","","","","","","","","","","","","","","","","","","","","","","",3.8,1,3.8,1,"","","","","","","","","","","","","","","","","","","","","","","","","","",100,1,"","","","","","","","","","","","",8.,1,"","","","","","","","","","","","","","","","","","","","","","","","","","","","","","","","","","","","","","","","","","","","","","","","","","","","","","","","","","","","","","","","","","","","","","","","","","","","","","","","","","","","","","","","","","","","","","","","","","","","","","","","","","","","","","","","","","","",""
"63263001","PUY-DE-DOME-MN",45.775,2.966667,1461,1965100206,"","","","",17.,1,270,1,"","","","","","","","","","","","","","","","","","","","","","","","","","","","",4.,1,4.,1,"","","","","","","","","","","","","","","","","","","","","","","","","","",100,1,"","","","","","","","","","","","",8.1,1,"","","","","","","","",9,1,"","","","","","","","","","","","","","","","","","","","","","","","","","","","","","","","",40,1,"","",45,1,4,1,"","",0,1,"","","","","","","","","","","","","","","","","","","","","","","","","","","","","","","","","","","","","","","","","","","","","","","","","","","","","","","","","","","","","",""
"63263001","PUY-DE-DOME-MN",45.775,2.966667,1461,1965100209,"","","","",15.,1,270,1,"","","","","","","","","","","","","","","","","","","","","","","","","","","","",4.5,1,4.5,1,"","","","","","","","","","","","","","","","","","","","","","","","","","",100,1,"","","","","","","","","","","","",8.4,1,"","","","","","","","",9,1,"","","","","","","","","","","","","","","","","","","","","","","","","","","","","","","","",40,1,"","",45,1,4,1,"","","","","","","","","","","","","","","","","","","","","","","","","","","","","","","","","","","","","","","","","","","","","","","","","","","","","","","","","","","","","","","","","",""
"63263001","PUY-DE-DOME-MN",45.775,2.966667,1461,1965100212,"","","","",8.,1,270,1,"","","","","","","","","","","","","","","","","","","","","","","","","","","","",6.,1,6.,1,"","","","","","","","","","","","","","","","","","","","","","","","","","",100,1,"","","","","","","","","","","","",9.3,1,"","","","","","","","",8,1,8,1,"","","","","","","","","","","","","","","","","","","","","","","","","","","","","","",100,1,"","",41,1,4,1,"","","","","","","","","","","","","","","","","","","","","","","","","","","","","","","","","","","","","","","","","","","","","","","","","","","","","","","","","","","","","","","","","",""
"63263001","PUY-DE-DOME-MN",45.775,2.966667,1461,1965100215,"","","","",6.,1,270,1,"","","","","","","","","","","","","","","","","","","","","","","","","","","","",8.,1,3.7,1,"","","","","","","","","","","","","","","","","","","","","","","","","","",75,1,"","","","","","","","","","","","",8.,1,"","","","","","","","",5,1,0,1,8,1,0,1,0,1,"","","","","","","","","","","","","","","","","","","","","","","","",20000,1,"","",3,1,4,1,"","","","","","","","","","","","","","","","","","","","","","","","","","","","","","","","","","","","","","","","","","","","","","","","","","","","","","","","","","","","","","","","","",""
"63263001","PUY-DE-DOME-MN",45.775,2.966667,1461,1965100218,"","","","",3.,1,270,1,"","","","","","","","","","","","","","","","","","","","","","","","","","","","",6.3,1,4.,1,"","","","","","","","","","","","","","","","","","","","","","","","","","",86,1,"","","","","","","","","","","","",8.2,1,"","","","","","","","",3,1,0,1,8,1,4,1,0,1,"","","","","","","","","","","","","","","","","","","","","","","","",25000,1,"","",1,1,4,1,"","","","","","","","","","","","","","","","","","","","","","","","","","","","","","","","","","","","","","","","","","","","","","","","","","","","","","","","","","","","","","","","","",""
"63263001","PUY-DE-DOME-MN",45.775,2.966667,1461,1965100221,"","","","","","","","","","","","","","","","","","","","","","","","","","","","","","","","","","","","",6.,1,4.8,1,"","","","","","","","","","","","","","","","","","","","","","","","","","",94,1,"","","","","","","","","","","","",8.7,1,"","","","","","","","","","","","","","","","","","","","","","","","","","","","","","","","","","","","","","","","","","","","","","","","","","","","","","","","","","","","","","","","","","","","","","","","","","","","","","","","","","","","","","","","","","","","","","","","","","","","","","","","","","","","","","","","","","","",""
"63263001","PUY-DE-DOME-MN",45.775,2.966667,1461,1965100300,"","","","","","","","","","","","","","","","","","","","","","","","","","","","","","","","","","","","",6.,1,4.,1,"","","","","","","","","","","","","","","","","","","","","","","","","","",88,1,"","","","","","","","","","","","",8.2,1,"","","","","","","","","","","","","","","","","","","","","","","","","","","","","","","","","","","","","","","","","","","","","","","","","","","","","","","","","","","","","","","","","","","","","","","","","","","","","","","","","","","","","","","","","","","","","","","","","","","","","","","","","","","","","","","","","","","",""
"63263001","PUY-DE-DOME-MN",45.775,2.966667,1461,1965100303,"","","","","","","","","","","","","","","","","","","","","","","","","","","","","","","","","","","","",6.8,1,1.4,1,"","","","","","","","","","","","","","","","","","","","","","","","","","",68,1,"","","","","","","","","","","","",6.8,1,"","","","","","","","","","","","","","","","","","","","","","","","","","","","","","","","","","","","","","","","","","","","","","","","","","","","","","","","","","","","","","","","","","","","","","","","","","","","","","","","","","","","","","","","","","","","","","","","","","","","","","","","","","","","","","","","","","","",""
"63263001","PUY-DE-DOME-MN",45.775,2.966667,1461,1965100306,"","","","",0.,1,0,1,"","","","","","","","","","","","","","","","","","","","","","","","","","","","",6.5,1,1.,1,"","","","","","","","","","","","","","","","","","","","","","","","","","",68,1,"","","","","","","","","","","","",6.6,1,"","","","","","","","",1,1,0,1,0,1,0,1,2,1,"","","","","","","","","","","","","","","","","","","","","","","","",80000,1,"","",0,1,"","","","",0,1,"","","","","","","","","","","","","","","","","","","","","","","","","","","","","","","","","","","","","","","","","","","","","","","","","","","","","","","","","","","","","",""
"63263001","PUY-DE-DOME-MN",45.775,2.966667,1461,1965100309,"","","","",4.,1,210,1,"","","","","","","","","","","","","","","","","","","","","","","","","","","","",9.,1,2.2,1,"","","","","","","","","","","","","","","","","","","","","","","","","","",63,1,"","","","","","","","","","","","",7.2,1,"","","","","","","","",2,1,0,1,0,1,0,1,2,1,"","","","","","","","","","","","","","","","","","","","","","","","",80000,1,"","",3,1,0,1,"","","","","","","","","","","","","","","","","","","","","","","","","","","","","","","","","","","","","","","","","","","","","","","","","","","","","","","","","","","","","","","","","",""
"63263001","PUY-DE-DOME-MN",45.775,2.966667,1461,1965100312,"","","","",6.,1,170,1,"","","","","","","","","","","","","","","","","","","","","","","","","","","","",10.6,1,6.1,1,"","","","","","","","","","","","","","","","","","","","","","","","","","",74,1,"","","","","","","","","","","","",9.5,1,"","","","","","","","",3,1,0,1,0,1,4,1,2,1,"","","","","","","","","","","","","","","","","","","","","","","","",80000,1,"","",3,1,0,1,"","","","","","","","","","","","","","","","","","","","","","","","","","","","","","","","","","","","","","","","","","","","","","","","","","","","","","","","","","","","","","","","","",""
"63263001","PUY-DE-DOME-MN",45.775,2.966667,1461,1965100315,"","","","",6.,1,150,1,"","","","","","","","","","","","","","","","","","","","","","","","","","","","",11.6,1,5.1,1,"","","","","","","","","","","","","","","","","","","","","","","","","","",65,1,"","","","","","","","","","","","",8.9,1,"","","","","","","","",4,1,0,1,0,1,4,1,2,1,"","","","","","","","","","","","","","","","","","","","","","","","",80000,1,"","",1,1,2,1,"","","","","","","","","","","","","","","","","","","","","","","","","","","","","","","","","","","","","","","","","","","","","","","","","","","","","","","","","","","","","","","","","",""
"63263001","PUY-DE-DOME-MN",45.775,2.966667,1461,1965100318,"","","","",8.,1,170,1,"","","","","","","","","","","","","","","","","","","","","","","","","","","","",10.6,1,4.7,1,"","","","","","","","","","","","","","","","","","","","","","","","","","",67,1,"","","","","","","","","","","","",8.6,1,"","","","","","","","",4,1,0,1,0,1,4,1,2,1,"","","","","","","","","","","","","","","","","","","","","","","","",60000,1,"","",1,1,2,1,"","","","","","","","","","","","","","","","","","","","","","","","","","","","","","","","","","","","","","","","","","","","","","","","","","","","","","","","","","","","","","","","","",""
"63263001","PUY-DE-DOME-MN",45.775,2.966667,1461,1965100321,"","","","","","","","","","","","","","","","","","","","","","","","","","","","","","","","","","","","",12.,1,0.2,1,"","","","","","","","","","","","","","","","","","","","","","","","","","",44,1,"","","","","","","","","","","","",6.2,1,"","","","","","","","","","","","","","","","","","","","","","","","","","","","","","","","","","","","","","","","","","","","","","","","","","","","","","","","","","","","","","","","","","","","","","","","","","","","","","","","","","","","","","","","","","","","","","","","","","","","","","","","","","","","","","","","","","","",""
"63263001","PUY-DE-DOME-MN",45.775,2.966667,1461,1965100400,"","","","","","","","","","","","","","","","","","","","","","","","","","","","","","","","","","","","",13.3,1,-4.9,1,"","","","","","","","","","","","","","","","","","","","","","","","","","",27,1,"","","","","","","","","","","","",4.2,1,"","","","","","","","","","","","","","","","","","","","","","","","","","","","","","","","","","","","","","","","","","","","","","","","","","","","","","","","","","","","","","","","","","","","","","","","","","","","","","","","","","","","","","","","","","","","","","","","","","","","","","","","","","","","","","","","","","","",""
"63263001","PUY-DE-DOME-MN",45.775,2.966667,1461,1965100403,"","","","","","","","","","","","","","","","","","","","","","","","","","","","","","","","","","","","",14.2,1,-5.2,1,"","","","","","","","","","","","","","","","","","","","","","","","","","",25,1,"","","","","","","","","","","","",4.1,1,"","","","","","","","","","","","","","","","","","","","","","","","","","","","","","","","","","","","","","","","","","","","","","","","","","","","","","","","","","","","","","","","","","","","","","","","","","","","","","","","","","","","","","","","","","","","","","","","","","","","","","","","","","","","","","","","","","","",""
"63263001","PUY-DE-DOME-MN",45.775,2.966667,1461,1965100406,"","","","",7.,1,210,1,"","","","","","","","","","","","","","","","","","","","","","","","","","","","",14.5,1,-2.7,1,"","","","","","","","","","","","","","","","","","","","","","","","","","",30,1,"","","","","","","","","","","","",5.,1,"","","","","","","","",2,1,0,1,0,1,0,1,2,1,"","","","","","","","","","","","","","","","","","","","","","","","",99990,1,"","",0,1,"","","","",0,1,"","","","","","","","","","","","","","","","","","","","","","","","","","","","","","","","","","","","","","","","","","","","","","","","","","","","","","","","","","","","","",""
"63263001","PUY-DE-DOME-MN",45.775,2.966667,1461,1965100409,"","","","",11.,1,170,1,"","","","","","","","","","","","","","","","","","","","","","","","","","","","",13.7,1,0.8,1,"","","","","","","","","","","","","","","","","","","","","","","","","","",41,1,"","","","","","","","","","","","",6.5,1,"","","","","","","","",2,1,0,1,0,1,0,1,2,1,"","","","","","","","","","","","","","","","","","","","","","","","",99990,1,"","",2,1,0,1,"","","","","","","","","","","","","","","","","","","","","","","","","","","","","","","","","","","","","","","","","","","","","","","","","","","","","","","","","","","","","","","","","",""
"63263001","PUY-DE-DOME-MN",45.775,2.966667,1461,1965100412,"","","","",8.,1,170,1,"","","","","","","","","","","","","","","","","","","","","","","","","","","","",13.5,1,6.2,1,"","","","","","","","","","","","","","","","","","","","","","","","","","",62,1,"","","","","","","","","","","","",9.6,1,"","","","","","","","",4,1,0,1,0,1,0,1,2,1,"","","","","","","","","","","","","","","","","","","","","","","","",99990,1,"","",3,1,0,1,"","","","","","","","","","","","","","","","","","","","","","","","","","","","","","","","","","","","","","","","","","","","","","","","","","","","","","","","","","","","","","","","","",""
"63263001","PUY-DE-DOME-MN",45.775,2.966667,1461,1965100415,"","","","",8.,1,170,1,"","","","","","","","","","","","","","","","","","","","","","","","","","","","",13.8,1,6.9,1,"","","","","","","","","","","","","","","","","","","","","","","","","","",64,1,"","","","","","","","","","","","",10.1,1,"","","","","","","","",3,1,0,1,0,1,0,1,2,1,"","","","","","","","","","","","","","","","","","","","","","","","",99990,1,"","",1,1,0,1,"","","","","","","","","","","","","","","","","","","","","","","","","","","","","","","","","","","","","","","","","","","","","","","","","","","","","","","","","","","","","","","","","",""
"63263001","PUY-DE-DOME-MN",45.775,2.966667,1461,1965100418,"","","","",6.,1,170,1,"","","","","","","","","","","","","","","","","","","","","","","","","","","","",12.4,1,7.7,1,"","","","","","","","","","","","","","","","","","","","","","","","","","",74,1,"","","","","","","","","","","","",10.7,1,"","","","","","","","",2,1,0,1,0,1,0,1,2,1,"","","","","","","","","","","","","","","","","","","","","","","","",99990,1,"","",2,1,0,1,"","","","","","","","","","","","","","","","","","","","","","","","","","","","","","","","","","","","","","","","","","","","","","","","","","","","","","","","","","","","","","","","","",""
"63263001","PUY-DE-DOME-MN",45.775,2.966667,1461,1965100421,"","","","","","","","","","","","","","","","","","","","","","","","","","","","","","","","","","","","",15.1,1,3.3,1,"","","","","","","","","","","","","","","","","","","","","","","","","","",46,1,"","","","","","","","","","","","",7.8,1,"","","","","","","","","","","","","","","","","","","","","","","","","","","","","","","","","","","","","","","","","","","","","","","","","","","","","","","","","","","","","","","","","","","","","","","","","","","","","","","","","","","","","","","","","","","","","","","","","","","","","","","","","","","","","","","","","","","",""
"63263001","PUY-DE-DOME-MN",45.775,2.966667,1461,1965100500,"","","","","","","","","","","","","","","","","","","","","","","","","","","","","","","","","","","","",15.8,1,5.8,1,"","","","","","","","","","","","","","","","","","","","","","","","","","",52,1,"","","","","","","","","","","","",9.3,1,"","","","","","","","","","","","","","","","","","","","","","","","","","","","","","","","","","","","","","","","","","","","","","","","","","","","","","","","","","","","","","","","","","","","","","","","","","","","","","","","","","","","","","","","","","","","","","","","","","","","","","","","","","","","","","","","","","","",""
"63263001","PUY-DE-DOME-MN",45.775,2.966667,1461,1965100503,"","","","","","","","","","","","","","","","","","","","","","","","","","","","","","","","","","","","",12.9,1,5.1,1,"","","","","","","","","","","","","","","","","","","","","","","","","","",60,1,"","","","","","","","","","","","",8.9,1,"","","","","","","","","","","","","","","","","","","","","","","","","","","","","","","","","","","","","","","","","","","","","","","","","","","","","","","","","","","","","","","","","","","","","","","","","","","","","","","","","","","","","","","","","","","","","","","","","","","","","","","","","","","","","","","","","","","",""
"63263001","PUY-DE-DOME-MN",45.775,2.966667,1461,1965100506,"","","","",17.,1,230,1,"","","","","","","","","","","","","","","","","","","","","","","","","","","","",13.3,1,2.8,1,"","","","","","","","","","","","","","","","","","","","","","","","","","",50,1,"","","","","","","","","","","","",7.5,1,"","","","","","","","",1,1,0,1,0,1,0,1,2,1,"","","","","","","","","","","","","","","","","","","","","","","","",99990,1,"","",0,1,"","","","",0,1,"","","","","","","","","","","","","","","","","","","","","","","","","","","","","","","","","","","","","","","","","","","","","","","","","","","","","","","","","","","","","",""
"63263001","PUY-DE-DOME-MN",45.775,2.966667,1461,1965100509,"","","","",11.,1,230,1,"","","","","","","","","","","","","","","","","","","","","","","","","","","","",14.,1,8.3,1,"","","","","","","","","","","","","","","","","","","","","","","","","","",69,1,"","","","","","","","","","","","",11.1,1,"","","","","","","","",2,1,0,1,0,1,3,1,2,1,"","","","","","","","","","","","","","","","","","","","","","","","",80000,1,"","",2,1,0,1,"","","","","","","","","","","","","","","","","","","","","","","","","","","","","","","","","","","","","","","","","","","","","","","","","","","","","","","","","","","","","","","","","",""
"63263001","PUY-DE-DOME-MN",45.775,2.966667,1461,1965100512,"","","","",11.,1,230,1,"","","","","","","","","","","","","","","","","","","","","","","","","","","","",16.8,1,8.,1,"","","","","","","","","","","","","","","","","","","","","","","","","","",57,1,"","","","","","","","","","","","",10.9,1,"","","","","","","","",1,1,0,1,0,1,0,1,2,1,"","","","","","","","","","","","","","","","","","","","","","","","",80000,1,"","",1,1,0,1,"","","","","","","","","","","","","","","","","","","","","","","","","","","","","","","","","","","","","","","","","","","","","","","","","","","","","","","","","","","","","","","","","",""
"63263001","PUY-DE-DOME-MN",45.775,2.966667,1461,1965100515,"","","","",13.,1,230,1,"","","","","","","","","","","","","","","","","","","","","","","","","","","","",16.,1,6.6,1,"","","","","","","","","","","","","","","","","","","","","","","","","","",54,1,"","","","","","","","","","","","",9.9,1,"","","","","","","","",0,1,"","",0,1,0,1,0,1,"","","","","","","","","","","","","","","","","","","","","","","","",80000,1,"","",1,1,0,1,"","","","","","","","","","","","","","","","","","","","","","","","","","","","","","","","","","","","","","","","","","","","","","","","","","","","","","","","","","","","","","","","","",""
"63263001","PUY-DE-DOME-MN",45.775,2.966667,1461,1965100518,"","","","",14.,1,230,1,"","","","","","","","","","","","","","","","","","","","","","","","","","","","",13.1,1,5.9,1,"","","","","","","","","","","","","","","","","","","","","","","","","","",63,1,"","","","","","","","","","","","",9.4,1,"","","","","","","","",1,1,0,1,0,1,8,1,0,1,"","","","","","","","","","","","","","","","","","","","","","","","",80000,1,"","",2,1,0,1,"","","","","","","","","","","","","","","","","","","","","","","","","","","","","","","","","","","","","","","","","","","","","","","","","","","","","","","","","","","","","","","","","",""
"63263001","PUY-DE-DOME-MN",45.775,2.966667,1461,1965100521,"","","","","","","","","","","","","","","","","","","","","","","","","","","","","","","","","","","","",12.1,1,5.,1,"","","","","","","","","","","","","","","","","","","","","","","","","","",62,1,"","","","","","","","","","","","",8.8,1,"","","","","","","","","","","","","","","","","","","","","","","","","","","","","","","","","","","","","","","","","","","","","","","","","","","","","","","","","","","","","","","","","","","","","","","","","","","","","","","","","","","","","","","","","","","","","","","","","","","","","","","","","","","","","","","","","","","",""
"63263001","PUY-DE-DOME-MN",45.775,2.966667,1461,1965100600,"","","","","","","","","","","","","","","","","","","","","","","","","","","","","","","","","","","","",11.,1,5.9,1,"","","","","","","","","","","","","","","","","","","","","","","","","","",72,1,"","","","","","","","","","","","",9.4,1,"","","","","","","","","","","","","","","","","","","","","","","","","","","","","","","","","","","","","","","","","","","","","","","","","","","","","","","","","","","","","","","","","","","","","","","","","","","","","","","","","","","","","","","","","","","","","","","","","","","","","","","","","","","","","","","","","","","",""
"63263001","PUY-DE-DOME-MN",45.775,2.966667,1461,1965100603,"","","","","","","","","","","","","","","","","","","","","","","","","","","","","","","","","","","","",10.1,1,6.6,1,"","","","","","","","","","","","","","","","","","","","","","","","","","",80,1,"","","","","","","","","","","","",9.9,1,"","","","","","","","","","","","","","","","","","","","","","","","","","","","","","","","","","","","","","","","","","","","","","","","","","","","","","","","","","","","","","","","","","","","","","","","","","","","","","","","","","","","","","","","","","","","","","","","","","","","","","","","","","","","","","","","","","","",""
"63263001","PUY-DE-DOME-MN",45.775,2.966667,1461,1965100606,"","","","",20.,1,210,1,"","","","","","","","","","","","","","","","","","","","","","","","","","","","",10.1,1,7.1,1,"","","","","","","","","","","","","","","","","","","","","","","","","","",82,1,"","","","","","","","","","","","",10.2,1,"","","","","","","","",5,1,5,1,0,1,8,1,0,1,"","","","","","","","","","","","","","","","","","","","","","","","",30000,1,"","",0,1,"","","","",0,1,"","","","","","","","","","","","","","","","","","","","","","","","","","","","","","","","","","","","","","","","","","","","","","","","","","","","","","","","","","","","","",""
"63263001","PUY-DE-DOME-MN",45.775,2.966667,1461,1965100609,"","","","",16.,1,210,1,"","","","","","","","","","","","","","","","","","","","","","","","","","","","",11.,1,7.7,1,"","","","","","","","","","","","","","","","","","","","","","","","","","",82,1,"","","","","","","","","","","","",10.7,1,"","","","","","","","",5,1,5,1,0,1,8,1,0,1,"","","","","","","","","","","","","","","","","","","","","","","","",40000,1,"","",2,1,2,1,"","","","","","","","","","","","","","","","","","","","","","","","","","","","","","","","","","","","","","","","","","","","","","","","","","","","","","","","","","","","","","","","","",""
"63263001","PUY-DE-DOME-MN",45.775,2.966667,1461,1965100612,"","","","",11.,1,170,1,"","","","","","","","","","","","","","","","","","","","","","","","","","","","",14.6,1,8.9,1,"","","","","","","","","","","","","","","","","","","","","","","","","","",70,1,"","","","","","","","","","","","",11.6,1,"","","","","","","","",4,1,0,1,0,1,8,1,2,1,"","","","","","","","","","","","","","","","","","","","","","","","",40000,1,"","",1,1,2,1,"","","","","","","","","","","","","","","","","","","","","","","","","","","","","","","","","","","","","","","","","","","","","","","","","","","","","","","","","","","","","","","","","",""
"63263001","PUY-DE-DOME-MN",45.775,2.966667,1461,1965100615,"","","","",9.,1,170,1,"","","","","","","","","","","","","","","","","","","","","","","","","","","","",15.3,1,7.7,1,"","","","","","","","","","","","","","","","","","","","","","","","","","",61,1,"","","","","","","","","","","","",10.7,1,"","","","","","","","",3,1,0,1,2,1,4,1,2,1,"","","","","","","","","","","","","","","","","","","","","","","","",60000,1,"","",3,1,0,1,"","","","","","","","","","","","","","","","","","","","","","","","","","","","","","","","","","","","","","","","","","","","","","","","","","","","","","","","","","","","","","","","","",""
"63263001","PUY-DE-DOME-MN",45.775,2.966667,1461,1965100618,"","","","",12.,1,170,1,"","","","","","","","","","","","","","","","","","","","","","","","","","","","",12.6,1,6.6,1,"","","","","","","","","","","","","","","","","","","","","","","","","","",68,1,"","","","","","","","","","","","",9.9,1,"","","","","","","","",2,1,0,1,0,1,4,1,2,1,"","","","","","","","","","","","","","","","","","","","","","","","",60000,1,"","",2,1,0,1,"","","","","","","","","","","","","","","","","","","","","","","","","","","","","","","","","","","","","","","","","","","","","","","","","","","","","","","","","","","","","","","","","",""
"63263001","PUY-DE-DOME-MN",45.775,2.966667,1461,1965100621,"","","","","","","","","","","","","","","","","","","","","","","","","","","","","","","","","","","","",10.8,1,8.5,1,"","","","","","","","","","","","","","","","","","","","","","","","","","",87,1,"","","","","","","","","","","","",11.3,1,"","","","","","","","","","","","","","","","","","","","","","","","","","","","","","","","","","","","","","","","","","","","","","","","","","","","","","","","","","","","","","","","","","","","","","","","","","","","","","","","","","","","","","","","","","","","","","","","","","","","","","","","","","","","","","","","","","","",""
"63263001","PUY-DE-DOME-MN",45.775,2.966667,1461,1965100700,"","","","","","","","","","","","","","","","","","","","","","","","","","","","","","","","","","","","",10.,1,7.6,1,"","","","","","","","","","","","","","","","","","","","","","","","","","",86,1,"","","","","","","","","","","","",10.6,1,"","","","","","","","","","","","","","","","","","","","","","","","","","","","","","","","","","","","","","","","","","","","","","","","","","","","","","","","","","","","","","","","","","","","","","","","","","","","","","","","","","","","","","","","","","","","","","","","","","","","","","","","","","","","","","","","","","","",""
"63263001","PUY-DE-DOME-MN",45.775,2.966667,1461,1965100703,"","","","","","","","","","","","","","","","","","","","","","","","","","","","","","","","","","","","",10.4,1,4.8,1,"","","","","","","","","","","","","","","","","","","","","","","","","","",69,1,"","","","","","","","","","","","",8.7,1,"","","","","","","","","","","","","","","","","","","","","","","","","","","","","","","","","","","","","","","","","","","","","","","","","","","","","","","","","","","","","","","","","","","","","","","","","","","","","","","","","","","","","","","","","","","","","","","","","","","","","","","","","","","","","","","","","","","",""
"63263001","PUY-DE-DOME-MN",45.775,2.966667,1461,1965100706,"","","","",16.,1,210,1,"","","","","","","","","","","","","","","","","","","","","","","","","","","","",10.4,1,5.5,1,"","","","","","","","","","","","","","","","","","","","","","","","","","",72,1,"","","","","","","","","","","","",9.1,1,"","","","","","","","",1,1,0,1,0,1,4,1,0,1,"","","","","","","","","","","","","","","","","","","","","","","","",99990,1,"","",0,1,"","","","",0,1,"","","","","","","","","","","","","","","","","","","","","","","","","","","","","","","","","","","","","","","","","","","","","","","","","","","","","","","","","","","","","",""
"63263001","PUY-DE-DOME-MN",45.775,2.966667,1461,1965100709,"","","","",13.,1,210,1,"","","","","","","","","","","","","","","","","","","","","","","","","","","","",11.9,1,6.2,1,"","","","","","","","","","","","","","","","","","","","","","","","","","",69,1,"","","","","","","","","","","","",9.6,1,"","","","","","","","",0,1,"","",0,1,0,1,0,1,"","","","","","","","","","","","","","","","","","","","","","","","",99990,1,"","",1,1,0,1,"","","","","","","","","","","","","","","","","","","","","","","","","","","","","","","","","","","","","","","","","","","","","","","","","","","","","","","","","","","","","","","","","",""
"63263001","PUY-DE-DOME-MN",45.775,2.966667,1461,1965100712,"","","","",15.,1,170,1,"","","","","","","","","","","","","","","","","","","","","","","","","","","","",14.3,1,4.,1,"","","","","","","","","","","","","","","","","","","","","","","","","","",50,1,"","","","","","","","","","","","",8.2,1,"","","","","","","","",1,1,0,1,2,1,0,1,0,1,"","","","","","","","","","","","","","","","","","","","","","","","",80000,1,"","",2,1,0,1,"","","","","","","","","","","","","","","","","","","","","","","","","","","","","","","","","","","","","","","","","","","","","","","","","","","","","","","","","","","","","","","","","",""
"63263001","PUY-DE-DOME-MN",45.775,2.966667,1461,1965100715,"","","","",11.,1,170,1,"","","","","","","","","","","","","","","","","","","","","","","","","","","","",14.,1,6.5,1,"","","","","","","","","","","","","","","","","","","","","","","","","","",61,1,"","","","","","","","","","","","",9.8,1,"","","","","","","","",1,1,0,1,2,1,0,1,0,1,"","","","","","","","","","","","","","","","","","","","","","","","",80000,1,"","",2,1,0,1,"","","","","","","","","","","","","","","","","","","","","","","","","","","","","","","","","","","","","","","","","","","","","","","","","","","","","","","","","","","","","","","","","",""
"63263001","PUY-DE-DOME-MN",45.775,2.966667,1461,1965100718,"","","","",12.,1,170,1,"","","","","","","","","","","","","","","","","","","","","","","","","","","","",11.9,1,6.2,1,"","","","","","","","","","","","","","","","","","","","","","","","","","",69,1,"","","","","","","","","","","","",9.6,1,"","","","","","","","",1,1,0,1,4,1,0,1,2,1,"","","","","","","","","","","","","","","","","","","","","","","","",80000,1,"","",3,1,0,1,"","","","","","","","","","","","","","","","","","","","","","","","","","","","","","","","","","","","","","","","","","","","","","","","","","","","","","","","","","","","","","","","","",""
"63263001","PUY-DE-DOME-MN",45.775,2.966667,1461,1965100721,"","","","","","","","","","","","","","","","","","","","","","","","","","","","","","","","","","","","",10.7,1,7.9,1,"","","","","","","","","","","","","","","","","","","","","","","","","","",84,1,"","","","","","","","","","","","",10.8,1,"","","","","","","","","","","","","","","","","","","","","","","","","","","","","","","","","","","","","","","","","","","","","","","","","","","","","","","","","","","","","","","","","","","","","","","","","","","","","","","","","","","","","","","","","","","","","","","","","","","","","","","","","","","","","","","","","","","",""
"63263001","PUY-DE-DOME-MN",45.775,2.966667,1461,1965100800,"","","","","","","","","","","","","","","","","","","","","","","","","","","","","","","","","","","","",8.9,1,8.9,1,"","","","","","","","","","","","","","","","","","","","","","","","","","",100,1,"","","","","","","","","","","","",11.4,1,"","","","","","","","","","","","","","","","","","","","","","","","","","","","","","","","","","","","","","","","","","","","","","","","","","","","","","","","","","","","","","","","","","","","","","","","","","","","","","","","","","","","","","","","","","","","","","","","","","","","","","","","","","","","","","","","","","","",""
"63263001","PUY-DE-DOME-MN",45.775,2.966667,1461,1965100803,"","","","","","","","","","","","","","","","","","","","","","","","","","","","","","","","","","","","",7.9,1,7.9,1,"","","","","","","","","","","","","","","","","","","","","","","","","","",100,1,"","","","","","","","","","","","",10.7,1,"","","","","","","","","","","","","","","","","","","","","","","","","","","","","","","","","","","","","","","","","","","","","","","","","","","","","","","","","","","","","","","","","","","","","","","","","","","","","","","","","","","","","","","","","","","","","","","","","","","","","","","","","","","","","","","","","","","",""
"63263001","PUY-DE-DOME-MN",45.775,2.966667,1461,1965100806,"","","","",18.,1,170,1,"","","","","","","","","","","","","","","","","","","","","","","","","","","","",7.6,1,6.6,1,"","","","","","","","","","","","","","","","","","","","","","","","","","",95,1,"","","","","","","","","","","","",9.9,1,"","","","","","","","",7,1,5,1,5,1,9,1,2,1,"","","","","","","","","","","","","","","","","","","","","","","","",30000,1,"","",0,1,8,1,"","",0,1,"","","","","","","","","","","","","","","","","","","","","","","","","","","","","","","","","","","","","","","","","","","","","","","","","","","","","","","","","","","","","",""
"63263001","PUY-DE-DOME-MN",45.775,2.966667,1461,1965100809,"","","","",12.,1,210,1,"","","","","","","","","","","","","","","","","","","","","","","","","","","","",9.8,1,7.1,1,"","","","","","","","","","","","","","","","","","","","","","","","","","",84,1,"","","","","","","","","","","","",10.2,1,"","","","","","","","",7,1,7,1,5,1,9,1,"","","","","","","","","","","","","","","","","","","","","","","","","","",30000,1,"","",21,1,6,1,"","","","","","","","","","","","","","","","","","","","","","","","","","","","","","","","","","","","","","","","","","","","","","","","","","","","","","","","","","","","","","","","","",""
"63263001","PUY-DE-DOME-MN",45.775,2.966667,1461,1965100812,"","","","",8.,1,170,1,"","","","","","","","","","","","","","","","","","","","","","","","","","","","",10.8,1,9.4,1,"","","","","","","","","","","","","","","","","","","","","","","","","","",92,1,"","","","","","","","","","","","",12.,1,"","","","","","","","",6,1,6,1,2,1,9,1,1,1,"","","","","","","","","","","","","","","","","","","","","","","","",40000,1,"","",3,1,8,1,"","","","","","","","","","","","","","","","","","","","","","","","","","","","","","","","","","","","","","","","","","","","","","","","","","","","","","","","","","","","","","","","","",""
"63263001","PUY-DE-DOME-MN",45.775,2.966667,1461,1965100815,"","","","",8.,1,170,1,"","","","","","","","","","","","","","","","","","","","","","","","","","","","",12.4,1,9.,1,"","","","","","","","","","","","","","","","","","","","","","","","","","",81,1,"","","","","","","","","","","","",11.7,1,"","","","","","","","",7,1,5,1,2,1,8,1,4,1,"","","","","","","","","","","","","","","","","","","","","","","","",40000,1,"","",3,1,2,1,"","","","","","","","","","","","","","","","","","","","","","","","","","","","","","","","","","","","","","","","","","","","","","","","","","","","","","","","","","","","","","","","","",""
"63263001","PUY-DE-DOME-MN",45.775,2.966667,1461,1965100818,"","","","",10.,1,150,1,"","","","","","","","","","","","","","","","","","","","","","","","","","","","",11.8,1,10.2,1,"","","","","","","","","","","","","","","","","","","","","","","","","","",92,1,"","","","","","","","","","","","",12.7,1,"","","","","","","","",7,1,7,1,4,1,4,1,4,1,"","","","","","","","","","","","","","","","","","","","","","","","",30000,1,"","",1,1,2,1,"","","","","","","","","","","","","","","","","","","","","","","","","","","","","","","","","","","","","","","","","","","","","","","","","","","","","","","","","","","","","","","","","",""
"63263001","PUY-DE-DOME-MN",45.775,2.966667,1461,1965100821,"","","","","","","","","","","","","","","","","","","","","","","","","","","","","","","","","","","","",11.2,1,9.6,1,"","","","","","","","","","","","","","","","","","","","","","","","","","",92,1,"","","","","","","","","","","","",12.2,1,"","","","","","","","","","","","","","","","","","","","","","","","","","","","","","","","","","","","","","","","","","","","","","","","","","","","","","","","","","","","","","","","","","","","","","","","","","","","","","","","","","","","","","","","","","","","","","","","","","","","","","","","","","","","","","","","","","","",""
"63263001","PUY-DE-DOME-MN",45.775,2.966667,1461,1965100900,"","","","","","","","","","","","","","","","","","","","","","","","","","","","","","","","","","","","",10.8,1,9.9,1,"","","","","","","","","","","","","","","","","","","","","","","","","","",95,1,"","","","","","","","","","","","",12.4,1,"","","","","","","","","","","","","","","","","","","","","","","","","","","","","","","","","","","","","","","","","","","","","","","","","","","","","","","","","","","","","","","","","","","","","","","","","","","","","","","","","","","","","","","","","","","","","","","","","","","","","","","","","","","","","","","","","","","",""
"63263001","PUY-DE-DOME-MN",45.775,2.966667,1461,1965100903,"","","","","","","","","","","","","","","","","","","","","","","","","","","","","","","","","","","","",10.,1,10.,1,"","","","","","","","","","","","","","","","","","","","","","","","","","",100,1,"","","","","","","","","","","","",12.3,1,"","","","","","","","","","","","","","","","","","","","","","","","","","","","","","","","","","","","","","","","","","","","","","","","","","","","","","","","","","","","","","","","","","","","","","","","","","","","","","","","","","","","","","","","","","","","","","","","","","","","","","","","","","","","","","","","","","","",""
"63263001","PUY-DE-DOME-MN",45.775,2.966667,1461,1965100906,"","","","",16.,1,150,1,"","","","","","","","","","","","","","","","","","","","","","","","","","","","",9.7,1,9.7,1,"","","","","","","","","","","","","","","","","","","","","","","","","","",100,1,"","","","","","","","","","","","",12.,1,"","","","","","","","",8,1,8,1,"","","","","","","","","","","","","","","","","","","","","","","","","","","","","","",100,1,"","",41,1,4,1,"","",0,1,"","","","","","","","","","","","","","","","","","","","","","","","","","","","","","","","","","","","","","","","","","","","","","","","","","","","","","","","","","","","","",""
"63263001","PUY-DE-DOME-MN",45.775,2.966667,1461,1965100909,"","","","",13.,1,130,1,"","","","","","","","","","","","","","","","","","","","","","","","","","","","",10.,1,10.,1,"","","","","","","","","","","","","","","","","","","","","","","","","","",100,1,"","","","","","","","","","","","",12.3,1,"","","","","","","","",9,1,"","","","","","","","","","","","","","","","","","","","","","","","","","","","","","","","",60,1,"","",45,1,4,1,"","","","","","","","","","","","","","","","","","","","","","","","","","","","","","","","","","","","","","","","","","","","","","","","","","","","","","","","","","","","","","","","","",""
"63263001","PUY-DE-DOME-MN",45.775,2.966667,1461,1965100912,"","","","",10.,1,110,1,"","","","","","","","","","","","","","","","","","","","","","","","","","","","",13.,1,9.2,1,"","","","","","","","","","","","","","","","","","","","","","","","","","",79,1,"","","","","","","","","","","","",11.8,1,"","","","","","","","",6,1,6,1,1,1,4,1,2,1,"","","","","","","","","","","","","","","","","","","","","","","","",40000,1,"","",2,1,4,1,"","","","","","","","","","","","","","","","","","","","","","","","","","","","","","","","","","","","","","","","","","","","","","","","","","","","","","","","","","","","","","","","","",""
"63263001","PUY-DE-DOME-MN",45.775,2.966667,1461,1965100915,"","","","",7.,1,70,1,"","","","","","","","","","","","","","","","","","","","","","","","","","","","",12.,1,8.4,1,"","","","","","","","","","","","","","","","","","","","","","","","","","",80,1,"","","","","","","","","","","","",11.2,1,"","","","","","","","",6,1,5,1,1,1,4,1,2,1,"","","","","","","","","","","","","","","","","","","","","","","","",40000,1,"","",1,1,2,1,"","","","","","","","","","","","","","","","","","","","","","","","","","","","","","","","","","","","","","","","","","","","","","","","","","","","","","","","","","","","","","","","","",""
"63263001","PUY-DE-DOME-MN",45.775,2.966667,1461,1965100918,"","","","",7.,1,70,1,"","","","","","","","","","","","","","","","","","","","","","","","","","","","",9.3,1,3.8,1,"","","","","","","","","","","","","","","","","","","","","","","","","","",69,1,"","","","","","","","","","","","",8.1,1,"","","","","","","","",4,1,0,1,0,1,4,1,2,1,"","","","","","","","","","","","","","","","","","","","","","","","",40000,1,"","",2,1,1,1,"","","","","","","","","","","","","","","","","","","","","","","","","","","","","","","","","","","","","","","","","","","","","","","","","","","","","","","","","","","","","","","","","",""
"63263001","PUY-DE-DOME-MN",45.775,2.966667,1461,1965100921,"","","","","","","","","","","","","","","","","","","","","","","","","","","","","","","","","","","","",8.2,1,-3.7,1,"","","","","","","","","","","","","","","","","","","","","","","","","","",42,1,"","","","","","","","","","","","",4.6,1,"","","","","","","","","","","","","","","","","","","","","","","","","","","","","","","","","","","","","","","","","","","","","","","","","","","","","","","","","","","","","","","","","","","","","","","","","","","","","","","","","","","","","","","","","","","","","","","","","","","","","","","","","","","","","","","","","","","",""
"63263001","PUY-DE-DOME-MN",45.775,2.966667,1461,1965101000,"","","","","","","","","","","","","","","","","","","","","","","","","","","","","","","","","","","","",9.7,1,3.7,1,"","","","","","","","","","","","","","","","","","","","","","","","","","",67,1,"","","","","","","","","","","","",8.,1,"","","","","","","","","","","","","","","","","","","","","","","","","","","","","","","","","","","","","","","","","","","","","","","","","","","","","","","","","","","","","","","","","","","","","","","","","","","","","","","","","","","","","","","","","","","","","","","","","","","","","","","","","","","","","","","","","","","",""
"63263001","PUY-DE-DOME-MN",45.775,2.966667,1461,1965101003,"","","","","","","","","","","","","","","","","","","","","","","","","","","","","","","","","","","","",9.1,1,0.,1,"","","","","","","","","","","","","","","","","","","","","","","","","","",53,1,"","","","","","","","","","","","",6.1,1,"","","","","","","","","","","","","","","","","","","","","","","","","","","","","","","","","","","","","","","","","","","","","","","","","","","","","","","","","","","","","","","","","","","","","","","","","","","","","","","","","","","","","","","","","","","","","","","","","","","","","","","","","","","","","","","","","","","",""
"63263001","PUY-DE-DOME-MN",45.775,2.966667,1461,1965101006,"","","","",4.,1,230,1,"","","","","","","","","","","","","","","","","","","","","","","","","","","","",10.2,1,-1.4,1,"","","","","","","","","","","","","","","","","","","","","","","","","","",44,1,"","","","","","","","","","","","",5.5,1,"","","","","","","","",1,1,0,1,1,1,4,1,2,1,"","","","","","","","","","","","","","","","","","","","","","","","",50000,1,"","",2,1,0,1,"","",0,1,"","","","","","","","","","","","","","","","","","","","","","","","","","","","","","","","","","","","","","","","","","","","","","","","","","","","","","","","","","","","","",""
"63263001","PUY-DE-DOME-MN",45.775,2.966667,1461,1965101009,"","","","",10.,1,270,1,"","","","","","","","","","","","","","","","","","","","","","","","","","","","",9.5,1,6.6,1,"","","","","","","","","","","","","","","","","","","","","","","","","","",84,1,"","","","","","","","","","","","",9.9,1,"","","","","","","","",1,1,0,1,0,1,4,1,2,1,"","","","","","","","","","","","","","","","","","","","","","","","",50000,1,"","",1,1,0,1,"","","","","","","","","","","","","","","","","","","","","","","","","","","","","","","","","","","","","","","","","","","","","","","","","","","","","","","","","","","","","","","","","",""
"63263001","PUY-DE-DOME-MN",45.775,2.966667,1461,1965101012,"","","","",5.,1,270,1,"","","","","","","","","","","","","","","","","","","","","","","","","","","","",12.3,1,7.9,1,"","","","","","","","","","","","","","","","","","","","","","","","","","",76,1,"","","","","","","","","","","","",10.8,1,"","","","","","","","",1,1,0,1,2,1,0,1,2,1,"","","","","","","","","","","","","","","","","","","","","","","","",50000,1,"","",3,1,0,1,"","","","","","","","","","","","","","","","","","","","","","","","","","","","","","","","","","","","","","","","","","","","","","","","","","","","","","","","","","","","","","","","","",""
"63263001","PUY-DE-DOME-MN",45.775,2.966667,1461,1965101015,"","","","",4.,1,150,1,"","","","","","","","","","","","","","","","","","","","","","","","","","","","",11.9,1,6.9,1,"","","","","","","","","","","","","","","","","","","","","","","","","","",73,1,"","","","","","","","","","","","",10.1,1,"","","","","","","","",1,1,0,1,2,1,8,1,2,1,"","","","","","","","","","","","","","","","","","","","","","","","",40000,1,"","",3,1,0,1,"","","","","","","","","","","","","","","","","","","","","","","","","","","","","","","","","","","","","","","","","","","","","","","","","","","","","","","","","","","","","","","","","",""
"63263001","PUY-DE-DOME-MN",45.775,2.966667,1461,1965101018,"","","","",3.,1,130,1,"","","","","","","","","","","","","","","","","","","","","","","","","","","","",9.1,1,7.3,1,"","","","","","","","","","","","","","","","","","","","","","","","","","",90,1,"","","","","","","","","","","","",10.4,1,"","","","","","","","",1,1,0,1,4,1,0,1,2,1,"","","","","","","","","","","","","","","","","","","","","","","","",25000,1,"","",1,1,0,1,"","","","","","","","","","","","","","","","","","","","","","","","","","","","","","","","","","","","","","","","","","","","","","","","","","","","","","","","","","","","","","","","","",""
"63263001","PUY-DE-DOME-MN",45.775,2.966667,1461,1965101021,"","","","","","","","","","","","","","","","","","","","","","","","","","","","","","","","","","","","",9.,1,6.9,1,"","","","","","","","","","","","","","","","","","","","","","","","","","",88,1,"","","","","","","","","","","","",10.1,1,"","","","","","","","","","","","","","","","","","","","","","","","","","","","","","","","","","","","","","","","","","","","","","","","","","","","","","","","","","","","","","","","","","","","","","","","","","","","","","","","","","","","","","","","","","","","","","","","","","","","","","","","","","","","","","","","","","","",""
"63263001","PUY-DE-DOME-MN",45.775,2.966667,1461,1965101100,"","","","","","","","","","","","","","","","","","","","","","","","","","","","","","","","","","","","",9.2,1,6.6,1,"","","","","","","","","","","","","","","","","","","","","","","","","","",85,1,"","","","","","","","","","","","",9.9,1,"","","","","","","","","","","","","","","","","","","","","","","","","","","","","","","","","","","","","","","","","","","","","","","","","","","","","","","","","","","","","","","","","","","","","","","","","","","","","","","","","","","","","","","","","","","","","","","","","","","","","","","","","","","","","","","","","","","",""
"63263001","PUY-DE-DOME-MN",45.775,2.966667,1461,1965101103,"","","","","","","","","","","","","","","","","","","","","","","","","","","","","","","","","","","","",8.6,1,5.3,1,"","","","","","","","","","","","","","","","","","","","","","","","","","",80,1,"","","","","","","","","","","","",9.,1,"","","","","","","","","","","","","","","","","","","","","","","","","","","","","","","","","","","","","","","","","","","","","","","","","","","","","","","","","","","","","","","","","","","","","","","","","","","","","","","","","","","","","","","","","","","","","","","","","","","","","","","","","","","","","","","","","","","",""
"63263001","PUY-DE-DOME-MN",45.775,2.966667,1461,1965101106,"","","","",12.,1,170,1,"","","","","","","","","","","","","","","","","","","","","","","","","","","","",9.,1,4.8,1,"","","","","","","","","","","","","","","","","","","","","","","","","","",76,1,"","","","","","","","","","","","",8.7,1,"","","","","","","","",7,1,7,1,5,1,"","","","","","","","","","","","","","","","","","","","","","","","","","","","",30000,1,"","",3,1,1,1,"","",0,1,"","","","","","","","","","","","","","","","","","","","","","","","","","","","","","","","","","","","","","","","","","","","","","","","","","","","","","","","","","","","","",""
"63263001","PUY-DE-DOME-MN",45.775,2.966667,1461,1965101109,"","","","",13.,1,170,1,"","","","","","","","","","","","","","","","","","","","","","","","","","","","",8.,1,5.8,1,"","","","","","","","","","","","","","","","","","","","","","","","","","",87,1,"","","","","","","","","","","","",9.3,1,"","","","","","","","",6,1,6,1,5,1,3,1,0,1,"","","","","","","","","","","","","","","","","","","","","","","","",30000,1,"","",3,1,2,1,"","","","","","","","","","","","","","","","","","","","","","","","","","","","","","","","","","","","","","","","","","","","","","","","","","","","","","","","","","","","","","","","","",""
"63263001","PUY-DE-DOME-MN",45.775,2.966667,1461,1965101112,"","","","",4.,1,210,1,"","","","","","","","","","","","","","","","","","","","","","","","","","","","",9.9,1,7.2,1,"","","","","","","","","","","","","","","","","","","","","","","","","","",84,1,"","","","","","","","","","","","",10.3,1,"","","","","","","","",7,1,7,1,5,1,3,1,"","","","","","","","","","","","","","","","","","","","","","","","","","",25000,1,"","",3,1,2,1,"","","","","","","","","","","","","","","","","","","","","","","","","","","","","","","","","","","","","","","","","","","","","","","","","","","","","","","","","","","","","","","","","",""
"63263001","PUY-DE-DOME-MN",45.775,2.966667,1461,1965101115,"","","","",4.,1,210,1,"","","","","","","","","","","","","","","","","","","","","","","","","","","","",9.6,1,8.5,1,"","","","","","","","","","","","","","","","","","","","","","","","","","",95,1,"","","","","","","","","","","","",11.3,1,"","","","","","","","",7,1,7,1,2,1,3,1,"","","","","","","","","","","","","","","","","","","","","","","","","","",20000,1,"","",3,1,2,1,"","","","","","","","","","","","","","","","","","","","","","","","","","","","","","","","","","","","","","","","","","","","","","","","","","","","","","","","","","","","","","","","","",""
"63263001","PUY-DE-DOME-MN",45.775,2.966667,1461,1965101118,"","","","",0.,1,0,1,"","","","","","","","","","","","","","","","","","","","","","","","","","","","",9.8,1,6.1,1,"","","","","","","","","","","","","","","","","","","","","","","","","","",79,1,"","","","","","","","","","","","",9.5,1,"","","","","","","","",3,1,0,1,2,1,8,1,0,1,"","","","","","","","","","","","","","","","","","","","","","","","",20000,1,"","",1,1,2,1,"","","","","","","","","","","","","","","","","","","","","","","","","","","","","","","","","","","","","","","","","","","","","","","","","","","","","","","","","","","","","","","","","",""
"63263001","PUY-DE-DOME-MN",45.775,2.966667,1461,1965101121,"","","","","","","","","","","","","","","","","","","","","","","","","","","","","","","","","","","","",9.,1,5.6,1,"","","","","","","","","","","","","","","","","","","","","","","","","","",80,1,"","","","","","","","","","","","",9.2,1,"","","","","","","","","","","","","","","","","","","","","","","","","","","","","","","","","","","","","","","","","","","","","","","","","","","","","","","","","","","","","","","","","","","","","","","","","","","","","","","","","","","","","","","","","","","","","","","","","","","","","","","","","","","","","","","","","","","",""
"63263001","PUY-DE-DOME-MN",45.775,2.966667,1461,1965101200,"","","","","","","","","","","","","","","","","","","","","","","","","","","","","","","","","","","","",9.,1,8.,1,"","","","","","","","","","","","","","","","","","","","","","","","","","",95,1,"","","","","","","","","","","","",10.9,1,"","","","","","","","","","","","","","","","","","","","","","","","","","","","","","","","","","","","","","","","","","","","","","","","","","","","","","","","","","","","","","","","","","","","","","","","","","","","","","","","","","","","","","","","","","","","","","","","","","","","","","","","","","","","","","","","","","","",""
"63263001","PUY-DE-DOME-MN",45.775,2.966667,1461,1965101203,"","","","","","","","","","","","","","","","","","","","","","","","","","","","","","","","","","","","",7.6,1,7.6,1,"","","","","","","","","","","","","","","","","","","","","","","","","","",100,1,"","","","","","","","","","","","",10.4,1,"","","","","","","","","","","","","","","","","","","","","","","","","","","","","","","","","","","","","","","","","","","","","","","","","","","","","","","","","","","","","","","","","","","","","","","","","","","","","","","","","","","","","","","","","","","","","","","","","","","","","","","","","","","","","","","","","","","",""
"63263001","PUY-DE-DOME-MN",45.775,2.966667,1461,1965101206,"","","","",8.,1,350,1,"","","","","","","","","","","","","","","","","","","","","","","","","","","","",7.8,1,4.8,1,"","","","","","","","","","","","","","","","","","","","","","","","","","",82,1,"","","","","","","","","","","","",8.7,1,"","","","","","","","",1,1,0,1,5,1,0,1,0,1,"","","","","","","","","","","","","","","","","","","","","","","","",20000,1,"","",28,1,4,1,"","",0,1,"","","","","","","","","","","","","","","","","","","","","","","","","","","","","","","","","","","","","","","","","","","","","","","","","","","","","","","","","","","","","",""
"63263001","PUY-DE-DOME-MN",45.775,2.966667,1461,1965101209,"","","","",8.,1,350,1,"","","","","","","","","","","","","","","","","","","","","","","","","","","","",10.,1,5.9,1,"","","","","","","","","","","","","","","","","","","","","","","","","","",76,1,"","","","","","","","","","","","",9.4,1,"","","","","","","","",1,1,0,1,1,1,0,1,0,1,"","","","","","","","","","","","","","","","","","","","","","","","",20000,1,"","",3,1,0,1,"","","","","","","","","","","","","","","","","","","","","","","","","","","","","","","","","","","","","","","","","","","","","","","","","","","","","","","","","","","","","","","","","",""
"63263001","PUY-DE-DOME-MN",45.775,2.966667,1461,1965101212,"","","","",6.,1,30,1,"","","","","","","","","","","","","","","","","","","","","","","","","","","","",11.2,1,6.1,1,"","","","","","","","","","","","","","","","","","","","","","","","","","",71,1,"","","","","","","","","","","","",9.5,1,"","","","","","","","",1,1,0,1,1,1,0,1,0,1,"","","","","","","","","","","","","","","","","","","","","","","","",20000,1,"","",2,1,0,1,"","","","","","","","","","","","","","","","","","","","","","","","","","","","","","","","","","","","","","","","","","","","","","","","","","","","","","","","","","","","","","","","","",""
"63263001","PUY-DE-DOME-MN",45.775,2.966667,1461,1965101215,"","","","",5.,1,30,1,"","","","","","","","","","","","","","","","","","","","","","","","","","","","",11.6,1,7.2,1,"","","","","","","","","","","","","","","","","","","","","","","","","","",76,1,"","","","","","","","","","","","",10.3,1,"","","","","","","","",1,1,0,1,1,1,0,1,0,1,"","","","","","","","","","","","","","","","","","","","","","","","",20000,1,"","",2,1,0,1,"","","","","","","","","","","","","","","","","","","","","","","","","","","","","","","","","","","","","","","","","","","","","","","","","","","","","","","","","","","","","","","","","",""
"63263001","PUY-DE-DOME-MN",45.775,2.966667,1461,1965101218,"","","","",0.,1,0,1,"","","","","","","","","","","","","","","","","","","","","","","","","","","","",10.,1,-5.2,1,"","","","","","","","","","","","","","","","","","","","","","","","","","",33,1,"","","","","","","","","","","","",4.1,1,"","","","","","","","",0,1,"","",0,1,0,1,0,1,"","","","","","","","","","","","","","","","","","","","","","","","",15000,1,"","",2,1,0,1,"","","","","","","","","","","","","","","","","","","","","","","","","","","","","","","","","","","","","","","","","","","","","","","","","","","","","","","","","","","","","","","","","",""
"63263001","PUY-DE-DOME-MN",45.775,2.966667,1461,1965101221,"","","","","","","","","","","","","","","","","","","","","","","","","","","","","","","","","","","","",10.,1,-1.9,1,"","","","","","","","","","","","","","","","","","","","","","","","","","",43,1,"","","","","","","","","","","","",5.3,1,"","","","","","","","","","","","","","","","","","","","","","","","","","","","","","","","","","","","","","","","","","","","","","","","","","","","","","","","","","","","","","","","","","","","","","","","","","","","","","","","","","","","","","","","","","","","","","","","","","","","","","","","","","","","","","","","","","","",""
"63263001","PUY-DE-DOME-MN",45.775,2.966667,1461,1965101300,"","","","","","","","","","","","","","","","","","","","","","","","","","","","","","","","","","","","",10.2,1,-8.7,1,"","","","","","","","","","","","","","","","","","","","","","","","","","",25,1,"","","","","","","","","","","","",3.1,1,"","","","","","","","","","","","","","","","","","","","","","","","","","","","","","","","","","","","","","","","","","","","","","","","","","","","","","","","","","","","","","","","","","","","","","","","","","","","","","","","","","","","","","","","","","","","","","","","","","","","","","","","","","","","","","","","","","","",""
"63263001","PUY-DE-DOME-MN",45.775,2.966667,1461,1965101303,"","","","","","","","","","","","","","","","","","","","","","","","","","","","","","","","","","","","",10.,1,-9.2,1,"","","","","","","","","","","","","","","","","","","","","","","","","","",24,1,"","","","","","","","","","","","",3.,1,"","","","","","","","","","","","","","","","","","","","","","","","","","","","","","","","","","","","","","","","","","","","","","","","","","","","","","","","","","","","","","","","","","","","","","","","","","","","","","","","","","","","","","","","","","","","","","","","","","","","","","","","","","","","","","","","","","","",""
"63263001","PUY-DE-DOME-MN",45.775,2.966667,1461,1965101306,"","","","",8.,1,270,1,"","","","","","","","","","","","","","","","","","","","","","","","","","","","",8.8,1,0.8,1,"","","","","","","","","","","","","","","","","","","","","","","","","","",58,1,"","","","","","","","","","","","",6.5,1,"","","","","","","","",0,1,"","",0,1,0,1,0,1,"","","","","","","","","","","","","","","","","","","","","","","","",80000,1,"","",2,1,0,1,"","",0,1,"","","","","","","","","","","","","","","","","","","","","","","","","","","","","","","","","","","","","","","","","","","","","","","","","","","","","","","","","","","","","",""
"63263001","PUY-DE-DOME-MN",45.775,2.966667,1461,1965101309,"","","","",3.,1,270,1,"","","","","","","","","","","","","","","","","","","","","","","","","","","","",9.6,1,2.2,1,"","","","","","","","","","","","","","","","","","","","","","","","","","",61,1,"","","","","","","","","","","","",7.2,1,"","","","","","","","",0,1,"","",0,1,0,1,0,1,"","","","","","","","","","","","","","","","","","","","","","","","",80000,1,"","",2,1,0,1,"","","","","","","","","","","","","","","","","","","","","","","","","","","","","","","","","","","","","","","","","","","","","","","","","","","","","","","","","","","","","","","","","",""
"63263001","PUY-DE-DOME-MN",45.775,2.966667,1461,1965101312,"","","","",0.,1,0,1,"","","","","","","","","","","","","","","","","","","","","","","","","","","","",13.4,1,6.8,1,"","","","","","","","","","","","","","","","","","","","","","","","","","",65,1,"","","","","","","","","","","","",10.,1,"","","","","","","","",1,1,0,1,0,1,0,1,2,1,"","","","","","","","","","","","","","","","","","","","","","","","",80000,1,"","",2,1,0,1,"","","","","","","","","","","","","","","","","","","","","","","","","","","","","","","","","","","","","","","","","","","","","","","","","","","","","","","","","","","","","","","","","",""
"63263001","PUY-DE-DOME-MN",45.775,2.966667,1461,1965101315,"","","","",0.,1,0,1,"","","","","","","","","","","","","","","","","","","","","","","","","","","","",14.,1,5.5,1,"","","","","","","","","","","","","","","","","","","","","","","","","","",57,1,"","","","","","","","","","","","",9.1,1,"","","","","","","","",1,1,0,1,2,1,0,1,2,1,"","","","","","","","","","","","","","","","","","","","","","","","",80000,1,"","",2,1,0,1,"","","","","","","","","","","","","","","","","","","","","","","","","","","","","","","","","","","","","","","","","","","","","","","","","","","","","","","","","","","","","","","","","",""
"63263001","PUY-DE-DOME-MN",45.775,2.966667,1461,1965101318,"","","","",5.,1,210,1,"","","","","","","","","","","","","","","","","","","","","","","","","","","","",10.9,1,2.6,1,"","","","","","","","","","","","","","","","","","","","","","","","","","",57,1,"","","","","","","","","","","","",7.4,1,"","","","","","","","",3,1,0,1,0,1,0,1,2,1,"","","","","","","","","","","","","","","","","","","","","","","","",80000,1,"","",3,1,0,1,"","","","","","","","","","","","","","","","","","","","","","","","","","","","","","","","","","","","","","","","","","","","","","","","","","","","","","","","","","","","","","","","","",""
"63263001","PUY-DE-DOME-MN",45.775,2.966667,1461,1965101321,"","","","","","","","","","","","","","","","","","","","","","","","","","","","","","","","","","","","",9.8,1,8.1,1,"","","","","","","","","","","","","","","","","","","","","","","","","","",91,1,"","","","","","","","","","","","",11.,1,"","","","","","","","","","","","","","","","","","","","","","","","","","","","","","","","","","","","","","","","","","","","","","","","","","","","","","","","","","","","","","","","","","","","","","","","","","","","","","","","","","","","","","","","","","","","","","","","","","","","","","","","","","","","","","","","","","","",""
"63263001","PUY-DE-DOME-MN",45.775,2.966667,1461,1965101400,"","","","","","","","","","","","","","","","","","","","","","","","","","","","","","","","","","","","",9.1,1,2.2,1,"","","","","","","","","","","","","","","","","","","","","","","","","","",63,1,"","","","","","","","","","","","",7.2,1,"","","","","","","","","","","","","","","","","","","","","","","","","","","","","","","","","","","","","","","","","","","","","","","","","","","","","","","","","","","","","","","","","","","","","","","","","","","","","","","","","","","","","","","","","","","","","","","","","","","","","","","","","","","","","","","","","","","",""
"63263001","PUY-DE-DOME-MN",45.775,2.966667,1461,1965101403,"","","","","","","","","","","","","","","","","","","","","","","","","","","","","","","","","","","","",9.2,1,-2.9,1,"","","","","","","","","","","","","","","","","","","","","","","","","","",42,1,"","","","","","","","","","","","",4.9,1,"","","","","","","","","","","","","","","","","","","","","","","","","","","","","","","","","","","","","","","","","","","","","","","","","","","","","","","","","","","","","","","","","","","","","","","","","","","","","","","","","","","","","","","","","","","","","","","","","","","","","","","","","","","","","","","","","","","",""
"63263001","PUY-DE-DOME-MN",45.775,2.966667,1461,1965101406,"","","","",8.,1,270,1,"","","","","","","","","","","","","","","","","","","","","","","","","","","","",9.9,1,-7.6,1,"","","","","","","","","","","","","","","","","","","","","","","","","","",28,1,"","","","","","","","","","","","",3.4,1,"","","","","","","","",6,1,6,1,0,1,0,1,2,1,"","","","","","","","","","","","","","","","","","","","","","","","",60000,1,"","",0,1,"","","","",0,1,"","","","","","","","","","","","","","","","","","","","","","","","","","","","","","","","","","","","","","","","","","","","","","","","","","","","","","","","","","","","","",""
"63263001","PUY-DE-DOME-MN",45.775,2.966667,1461,1965101409,"","","","",6.,1,230,1,"","","","","","","","","","","","","","","","","","","","","","","","","","","","",9.9,1,-5.2,1,"","","","","","","","","","","","","","","","","","","","","","","","","","",34,1,"","","","","","","","","","","","",4.1,1,"","","","","","","","",6,1,6,1,0,1,4,1,2,1,"","","","","","","","","","","","","","","","","","","","","","","","",70000,1,"","",1,1,2,1,"","","","","","","","","","","","","","","","","","","","","","","","","","","","","","","","","","","","","","","","","","","","","","","","","","","","","","","","","","","","","","","","","",""
"63263001","PUY-DE-DOME-MN",45.775,2.966667,1461,1965101412,"","","","",0.,1,0,1,"","","","","","","","","","","","","","","","","","","","","","","","","","","","",11.4,1,-2.1,1,"","","","","","","","","","","","","","","","","","","","","","","","","","",39,1,"","","","","","","","","","","","",5.2,1,"","","","","","","","",6,1,6,1,0,1,5,1,2,1,"","","","","","","","","","","","","","","","","","","","","","","","",70000,1,"","",3,1,2,1,"","","","","","","","","","","","","","","","","","","","","","","","","","","","","","","","","","","","","","","","","","","","","","","","","","","","","","","","","","","","","","","","","",""
"63263001","PUY-DE-DOME-MN",45.775,2.966667,1461,1965101415,"","","","",4.,1,270,1,"","","","","","","","","","","","","","","","","","","","","","","","","","","","",9.8,1,3.1,1,"","","","","","","","","","","","","","","","","","","","","","","","","","",64,1,"","","","","","","","","","","","",7.7,1,"","","","","","","","",7,1,7,1,0,1,7,1,"","","","","","","","","","","","","","","","","","","","","","","","","","",40000,1,"","",3,1,2,1,"","","","","","","","","","","","","","","","","","","","","","","","","","","","","","","","","","","","","","","","","","","","","","","","","","","","","","","","","","","","","","","","","",""
"63263001","PUY-DE-DOME-MN",45.775,2.966667,1461,1965101418,"","","","",7.,1,230,1,"","","","","","","","","","","","","","","","","","","","","","","","","","","","",8.2,1,5.6,1,"","","","","","","","","","","","","","","","","","","","","","","","","","",84,1,"","","","","","","","","","","","",9.2,1,"","","","","","","","",6,1,0,1,0,1,4,1,2,1,"","","","","","","","","","","","","","","","","","","","","","","","",40000,1,"","",1,1,2,1,"","","","","","","","","","","","","","","","","","","","","","","","","","","","","","","","","","","","","","","","","","","","","","","","","","","","","","","","","","","","","","","","","",""
"63263001","PUY-DE-DOME-MN",45.775,2.966667,1461,1965101421,"","","","","","","","","","","","","","","","","","","","","","","","","","","","","","","","","","","","",8.,1,4.2,1,"","","","","","","","","","","","","","","","","","","","","","","","","","",78,1,"","","","","","","","","","","","",8.3,1,"","","","","","","","","","","","","","","","","","","","","","","","","","","","","","","","","","","","","","","","","","","","","","","","","","","","","","","","","","","","","","","","","","","","","","","","","","","","","","","","","","","","","","","","","","","","","","","","","","","","","","","","","","","","","","","","","","","",""
"63263001","PUY-DE-DOME-MN",45.775,2.966667,1461,1965101500,"","","","","","","","","","","","","","","","","","","","","","","","","","","","","","","","","","","","",8.3,1,5.1,1,"","","","","","","","","","","","","","","","","","","","","","","","","","",80,1,"","","","","","","","","","","","",8.9,1,"","","","","","","","","","","","","","","","","","","","","","","","","","","","","","","","","","","","","","","","","","","","","","","","","","","","","","","","","","","","","","","","","","","","","","","","","","","","","","","","","","","","","","","","","","","","","","","","","","","","","","","","","","","","","","","","","","","",""
"63263001","PUY-DE-DOME-MN",45.775,2.966667,1461,1965101503,"","","","","","","","","","","","","","","","","","","","","","","","","","","","","","","","","","","","",7.5,1,4.2,1,"","","","","","","","","","","","","","","","","","","","","","","","","","",80,1,"","","","","","","","","","","","",8.3,1,"","","","","","","","","","","","","","","","","","","","","","","","","","","","","","","","","","","","","","","","","","","","","","","","","","","","","","","","","","","","","","","","","","","","","","","","","","","","","","","","","","","","","","","","","","","","","","","","","","","","","","","","","","","","","","","","","","","",""
"63263001","PUY-DE-DOME-MN",45.775,2.966667,1461,1965101506,"","","","",13.,1,230,1,"","","","","","","","","","","","","","","","","","","","","","","","","","","","",7.3,1,6.5,1,"","","","","","","","","","","","","","","","","","","","","","","","","","",96,1,"","","","","","","","","","","","",9.8,1,"","","","","","","","",6,1,5,1,5,1,4,1,2,1,"","","","","","","","","","","","","","","","","","","","","","","","",25000,1,"","",0,1,"","","","",0,1,"","","","","","","","","","","","","","","","","","","","","","","","","","","","","","","","","","","","","","","","","","","","","","","","","","","","","","","","","","","","","",""
"63263001","PUY-DE-DOME-MN",45.775,2.966667,1461,1965101509,"","","","",9.,1,230,1,"","","","","","","","","","","","","","","","","","","","","","","","","","","","",9.,1,7.3,1,"","","","","","","","","","","","","","","","","","","","","","","","","","",90,1,"","","","","","","","","","","","",10.4,1,"","","","","","","","",6,1,0,1,2,1,4,1,2,1,"","","","","","","","","","","","","","","","","","","","","","","","",20000,1,"","",3,1,2,1,"","","","","","","","","","","","","","","","","","","","","","","","","","","","","","","","","","","","","","","","","","","","","","","","","","","","","","","","","","","","","","","","","",""
"63263001","PUY-DE-DOME-MN",45.775,2.966667,1461,1965101512,"","","","",5.,1,250,1,"","","","","","","","","","","","","","","","","","","","","","","","","","","","",10.1,1,7.9,1,"","","","","","","","","","","","","","","","","","","","","","","","","","",87,1,"","","","","","","","","","","","",10.8,1,"","","","","","","","",7,1,5,1,2,1,4,1,"","","","","","","","","","","","","","","","","","","","","","","","","","",25000,1,"","",3,1,2,1,"","","","","","","","","","","","","","","","","","","","","","","","","","","","","","","","","","","","","","","","","","","","","","","","","","","","","","","","","","","","","","","","","",""
"63263001","PUY-DE-DOME-MN",45.775,2.966667,1461,1965101515,"","","","",9.,1,270,1,"","","","","","","","","","","","","","","","","","","","","","","","","","","","",10.,1,7.9,1,"","","","","","","","","","","","","","","","","","","","","","","","","","",88,1,"","","","","","","","","","","","",10.8,1,"","","","","","","","",7,1,6,1,2,1,4,1,2,1,"","","","","","","","","","","","","","","","","","","","","","","","",20000,1,"","",3,1,2,1,"","","","","","","","","","","","","","","","","","","","","","","","","","","","","","","","","","","","","","","","","","","","","","","","","","","","","","","","","","","","","","","","","",""
"63263001","PUY-DE-DOME-MN",45.775,2.966667,1461,1965101518,"","","","",8.,1,250,1,"","","","","","","","","","","","","","","","","","","","","","","","","","","","",8.9,1,6.9,1,"","","","","","","","","","","","","","","","","","","","","","","","","","",89,1,"","","","","","","","","","","","",10.1,1,"","","","","","","","",7,1,7,1,4,1,4,1,4,1,"","","","","","","","","","","","","","","","","","","","","","","","",20000,1,"","",2,1,2,1,"","","","","","","","","","","","","","","","","","","","","","","","","","","","","","","","","","","","","","","","","","","","","","","","","","","","","","","","","","","","","","","","","",""
"63263001","PUY-DE-DOME-MN",45.775,2.966667,1461,1965101521,"","","","","","","","","","","","","","","","","","","","","","","","","","","","","","","","","","","","",9.2,1,6.1,1,"","","","","","","","","","","","","","","","","","","","","","","","","","",82,1,"","","","","","","","","","","","",9.5,1,"","","","","","","","","","","","","","","","","","","","","","","","","","","","","","","","","","","","","","","","","","","","","","","","","","","","","","","","","","","","","","","","","","","","","","","","","","","","","","","","","","","","","","","","","","","","","","","","","","","","","","","","","","","","","","","","","","","",""
"63263001","PUY-DE-DOME-MN",45.775,2.966667,1461,1965101600,"","","","","","","","","","","","","","","","","","","","","","","","","","","","","","","","","","","","",7.,1,7.,1,"","","","","","","","","","","","","","","","","","","","","","","","","","",100,1,"","","","","","","","","","","","",10.,1,"","","","","","","","","","","","","","","","","","","","","","","","","","","","","","","","","","","","","","","","","","","","","","","","","","","","","","","","","","","","","","","","","","","","","","","","","","","","","","","","","","","","","","","","","","","","","","","","","","","","","","","","","","","","","","","","","","","",""
"63263001","PUY-DE-DOME-MN",45.775,2.966667,1461,1965101603,"","","","","","","","","","","","","","","","","","","","","","","","","","","","","","","","","","","","",6.,1,6.,1,"","","","","","","","","","","","","","","","","","","","","","","","","","",100,1,"","","","","","","","","","","","",9.3,1,"","","","","","","","","","","","","","","","","","","","","","","","","","","","","","","","","","","","","","","","","","","","","","","","","","","","","","","","","","","","","","","","","","","","","","","","","","","","","","","","","","","","","","","","","","","","","","","","","","","","","","","","","","","","","","","","","","","",""
"63263001","PUY-DE-DOME-MN",45.775,2.966667,1461,1965101606,"","","","",9.,1,90,1,"","","","","","","","","","","","","","","","","","","","","","","","","","","","",5.8,1,5.8,1,"","","","","","","","","","","","","","","","","","","","","","","","","","",100,1,"","","","","","","","","","","","",9.2,1,"","","","","","","","",8,1,8,1,"","","","","","","","","","","","","","","","","","","","","","","","","","","","","","",40,1,"","",61,1,6,1,"","",0,1,"","","","","","","","","","","","","","","","","","","","","","","","","","","","","","","","","","","","","","","","","","","","","","","","","","","","","","","","","","","","","",""
"63263001","PUY-DE-DOME-MN",45.775,2.966667,1461,1965101609,"","","","",11.,1,90,1,"","","","","","","","","","","","","","","","","","","","","","","","","","","","",6.,1,6.,1,"","","","","","","","","","","","","","","","","","","","","","","","","","",100,1,"","","","","","","","","","","","",9.3,1,"","","","","","","","",8,1,8,1,"","","","","","","","","","","","","","","","","","","","","","","","","","","","","","",40,1,"","",61,1,6,1,"","","","","","","","","","","","","","","","","","","","","","","","","","","","","","","","","","","","","","","","","","","","","","","","","","","","","","","","","","","","","","","","","",""
"63263001","PUY-DE-DOME-MN",45.775,2.966667,1461,1965101612,"","","","",13.,1,90,1,"","","","","","","","","","","","","","","","","","","","","","","","","","","","",5.4,1,5.4,1,"","","","","","","","","","","","","","","","","","","","","","","","","","",100,1,"","","","","","","","","","","","",9.,1,"","","","","","","","",8,1,8,1,"","","","","","","","","","","","","","","","","","","","","","","","","","","","","","",40,1,"","",61,1,6,1,"","","","","","","","","","","","","","","","","","","","","","","","","","","","","","","","","","","","","","","","","","","","","","","","","","","","","","","","","","","","","","","","","",""
"63263001","PUY-DE-DOME-MN",45.775,2.966667,1461,1965101615,"","","","",17.,1,90,1,"","","","","","","","","","","","","","","","","","","","","","","","","","","","",4.7,1,4.7,1,"","","","","","","","","","","","","","","","","","","","","","","","","","",100,1,"","","","","","","","","","","","",8.5,1,"","","","","","","","",8,1,8,1,"","","","","","","","","","","","","","","","","","","","","","","","","","","","","","",40,1,"","",61,1,6,1,"","","","","","","","","","","","","","","","","","","","","","","","","","","","","","","","","","","","","","","","","","","","","","","","","","","","","","","","","","","","","","","","","",""
"63263001","PUY-DE-DOME-MN",45.775,2.966667,1461,1965101618,"","","","",19.,1,70,1,"","","","","","","","","","","","","","","","","","","","","","","","","","","","",3.1,1,3.1,1,"","","","","","","","","","","","","","","","","","","","","","","","","","",100,1,"","","","","","","","","","","","",7.6,1,"","","","","","","","",8,1,8,1,"","","","","","","","","","","","","","","","","","","","","","","","","","","","","","",40,1,"","",61,1,6,1,"","","","","","","","","","","","","","","","","","","","","","","","","","","","","","","","","","","","","","","","","","","","","","","","","","","","","","","","","","","","","","","","","",""
"63263001","PUY-DE-DOME-MN",45.775,2.966667,1461,1965101621,"","","","","","","","","","","","","","","","","","","","","","","","","","","","","","","","","","","","",3.1,1,3.1,1,"","","","","","","","","","","","","","","","","","","","","","","","","","",100,1,"","","","","","","","","","","","",7.6,1,"","","","","","","","","","","","","","","","","","","","","","","","","","","","","","","","","","","","","","","","","","","","","","","","","","","","","","","","","","","","","","","","","","","","","","","","","","","","","","","","","","","","","","","","","","","","","","","","","","","","","","","","","","","","","","","","","","","",""
"63263001","PUY-DE-DOME-MN",45.775,2.966667,1461,1965101700,"","","","","","","","","","","","","","","","","","","","","","","","","","","","","","","","","","","","",2.6,1,2.6,1,"","","","","","","","","","","","","","","","","","","","","","","","","","",100,1,"","","","","","","","","","","","",7.4,1,"","","","","","","","","","","","","","","","","","","","","","","","","","","","","","","","","","","","","","","","","","","","","","","","","","","","","","","","","","","","","","","","","","","","","","","","","","","","","","","","","","","","","","","","","","","","","","","","","","","","","","","","","","","","","","","","","","","",""
"63263001","PUY-DE-DOME-MN",45.775,2.966667,1461,1965101703,"","","","","","","","","","","","","","","","","","","","","","","","","","","","","","","","","","","","",4.7,1,4.7,1,"","","","","","","","","","","","","","","","","","","","","","","","","","",100,1,"","","","","","","","","","","","",8.5,1,"","","","","","","","","","","","","","","","","","","","","","","","","","","","","","","","","","","","","","","","","","","","","","","","","","","","","","","","","","","","","","","","","","","","","","","","","","","","","","","","","","","","","","","","","","","","","","","","","","","","","","","","","","","","","","","","","","","",""
"63263001","PUY-DE-DOME-MN",45.775,2.966667,1461,1965101706,"","","","",10.,1,90,1,"","","","","","","","","","","","","","","","","","","","","","","","","","","","",4.9,1,4.9,1,"","","","","","","","","","","","","","","","","","","","","","","","","","",100,1,"","","","","","","","","","","","",8.7,1,"","","","","","","","",8,1,8,1,"","","","","","","","","","","","","","","","","","","","","","","","","","","","","","",100,1,"","",41,1,4,1,"","",0,1,"","","","","","","","","","","","","","","","","","","","","","","","","","","","","","","","","","","","","","","","","","","","","","","","","","","","","","","","","","","","","",""
"63263001","PUY-DE-DOME-MN",45.775,2.966667,1461,1965101709,"","","","",11.,1,110,1,"","","","","","","","","","","","","","","","","","","","","","","","","","","","",7.,1,5.9,1,"","","","","","","","","","","","","","","","","","","","","","","","","","",94,1,"","","","","","","","","","","","",9.4,1,"","","","","","","","",5,1,0,1,0,1,4,1,2,1,"","","","","","","","","","","","","","","","","","","","","","","","",50000,1,"","",28,1,4,1,"","","","","","","","","","","","","","","","","","","","","","","","","","","","","","","","","","","","","","","","","","","","","","","","","","","","","","","","","","","","","","","","","",""
"63263001","PUY-DE-DOME-MN",45.775,2.966667,1461,1965101712,"","","","",10.,1,130,1,"","","","","","","","","","","","","","","","","","","","","","","","","","","","",5.4,1,4.8,1,"","","","","","","","","","","","","","","","","","","","","","","","","","",97,1,"","","","","","","","","","","","",8.7,1,"","","","","","","","",2,1,0,1,0,1,4,1,2,1,"","","","","","","","","","","","","","","","","","","","","","","","",50000,1,"","",1,1,4,1,"","","","","","","","","","","","","","","","","","","","","","","","","","","","","","","","","","","","","","","","","","","","","","","","","","","","","","","","","","","","","","","","","",""
"63263001","PUY-DE-DOME-MN",45.775,2.966667,1461,1965101715,"","","","",12.,1,170,1,"","","","","","","","","","","","","","","","","","","","","","","","","","","","",6.1,1,6.1,1,"","","","","","","","","","","","","","","","","","","","","","","","","","",100,1,"","","","","","","","","","","","",9.4,1,"","","","","","","","",9,1,"","","","","","","","","","","","","","","","","","","","","","","","","","","","","","","","",80,1,"","",47,1,4,1,"","","","","","","","","","","","","","","","","","","","","","","","","","","","","","","","","","","","","","","","","","","","","","","","","","","","","","","","","","","","","","","","","",""
"63263001","PUY-DE-DOME-MN",45.775,2.966667,1461,1965101718,"","","","",14.,1,170,1,"","","","","","","","","","","","","","","","","","","","","","","","","","","","",7.,1,7.,1,"","","","","","","","","","","","","","","","","","","","","","","","","","",100,1,"","","","","","","","","","","","",10.,1,"","","","","","","","",9,1,"","","","","","","","","","","","","","","","","","","","","","","","","","","","","","","","",40,1,"","",45,1,4,1,"","","","","","","","","","","","","","","","","","","","","","","","","","","","","","","","","","","","","","","","","","","","","","","","","","","","","","","","","","","","","","","","","",""
"63263001","PUY-DE-DOME-MN",45.775,2.966667,1461,1965101721,"","","","","","","","","","","","","","","","","","","","","","","","","","","","","","","","","","","","",7.2,1,7.2,1,"","","","","","","","","","","","","","","","","","","","","","","","","","",100,1,"","","","","","","","","","","","",10.2,1,"","","","","","","","","","","","","","","","","","","","","","","","","","","","","","","","","","","","","","","","","","","","","","","","","","","","","","","","","","","","","","","","","","","","","","","","","","","","","","","","","","","","","","","","","","","","","","","","","","","","","","","","","","","","","","","","","","","",""
"63263001","PUY-DE-DOME-MN",45.775,2.966667,1461,1965101800,"","","","","","","","","","","","","","","","","","","","","","","","","","","","","","","","","","","","",8.1,1,4.,1,"","","","","","","","","","","","","","","","","","","","","","","","","","",76,1,"","","","","","","","","","","","",8.2,1,"","","","","","","","","","","","","","","","","","","","","","","","","","","","","","","","","","","","","","","","","","","","","","","","","","","","","","","","","","","","","","","","","","","","","","","","","","","","","","","","","","","","","","","","","","","","","","","","","","","","","","","","","","","","","","","","","","","",""
"63263001","PUY-DE-DOME-MN",45.775,2.966667,1461,1965101803,"","","","","","","","","","","","","","","","","","","","","","","","","","","","","","","","","","","","",7.9,1,1.4,1,"","","","","","","","","","","","","","","","","","","","","","","","","","",64,1,"","","","","","","","","","","","",6.8,1,"","","","","","","","","","","","","","","","","","","","","","","","","","","","","","","","","","","","","","","","","","","","","","","","","","","","","","","","","","","","","","","","","","","","","","","","","","","","","","","","","","","","","","","","","","","","","","","","","","","","","","","","","","","","","","","","","","","",""
"63263001","PUY-DE-DOME-MN",45.775,2.966667,1461,1965101806,"","","","",13.,1,170,1,"","","","","","","","","","","","","","","","","","","","","","","","","","","","",7.4,1,0.8,1,"","","","","","","","","","","","","","","","","","","","","","","","","","",63,1,"","","","","","","","","","","","",6.5,1,"","","","","","","","",2,1,0,1,0,1,4,1,2,1,"","","","","","","","","","","","","","","","","","","","","","","","",40000,1,"","",2,1,"","","","",0,1,"","","","","","","","","","","","","","","","","","","","","","","","","","","","","","","","","","","","","","","","","","","","","","","","","","","","","","","","","","","","","",""
"63263001","PUY-DE-DOME-MN",45.775,2.966667,1461,1965101809,"","","","",7.,1,130,1,"","","","","","","","","","","","","","","","","","","","","","","","","","","","",9.8,1,3.5,1,"","","","","","","","","","","","","","","","","","","","","","","","","","",65,1,"","","","","","","","","","","","",7.9,1,"","","","","","","","",3,1,0,1,0,1,4,1,2,1,"","","","","","","","","","","","","","","","","","","","","","","","",70000,1,"","",1,1,1,1,"","","","","","","","","","","","","","","","","","","","","","","","","","","","","","","","","","","","","","","","","","","","","","","","","","","","","","","","","","","","","","","","","",""
"63263001","PUY-DE-DOME-MN",45.775,2.966667,1461,1965101812,"","","","",3.,1,130,1,"","","","","","","","","","","","","","","","","","","","","","","","","","","","",10.,1,6.4,1,"","","","","","","","","","","","","","","","","","","","","","","","","","",79,1,"","","","","","","","","","","","",9.7,1,"","","","","","","","",7,1,6,1,2,1,4,1,4,1,"","","","","","","","","","","","","","","","","","","","","","","","",80000,1,"","",3,1,1,1,"","","","","","","","","","","","","","","","","","","","","","","","","","","","","","","","","","","","","","","","","","","","","","","","","","","","","","","","","","","","","","","","","",""
"63263001","PUY-DE-DOME-MN",45.775,2.966667,1461,1965101815,"","","","",7.,1,110,1,"","","","","","","","","","","","","","","","","","","","","","","","","","","","",10.8,1,8.7,1,"","","","","","","","","","","","","","","","","","","","","","","","","","",88,1,"","","","","","","","","","","","",11.4,1,"","","","","","","","",7,1,6,1,2,1,4,1,2,1,"","","","","","","","","","","","","","","","","","","","","","","","",80000,1,"","",2,1,2,1,"","","","","","","","","","","","","","","","","","","","","","","","","","","","","","","","","","","","","","","","","","","","","","","","","","","","","","","","","","","","","","","","","",""
"63263001","PUY-DE-DOME-MN",45.775,2.966667,1461,1965101818,"","","","",5.,1,110,1,"","","","","","","","","","","","","","","","","","","","","","","","","","","","",7.6,1,7.6,1,"","","","","","","","","","","","","","","","","","","","","","","","","","",100,1,"","","","","","","","","","","","",10.4,1,"","","","","","","","",9,1,"","","","","","","","","","","","","","","","","","","","","","","","","","","","","","","","",60,1,"","",47,1,2,1,"","","","","","","","","","","","","","","","","","","","","","","","","","","","","","","","","","","","","","","","","","","","","","","","","","","","","","","","","","","","","","","","","",""
"63263001","PUY-DE-DOME-MN",45.775,2.966667,1461,1965101821,"","","","","","","","","","","","","","","","","","","","","","","","","","","","","","","","","","","","",6.9,1,5.6,1,"","","","","","","","","","","","","","","","","","","","","","","","","","",92,1,"","","","","","","","","","","","",9.2,1,"","","","","","","","","","","","","","","","","","","","","","","","","","","","","","","","","","","","","","","","","","","","","","","","","","","","","","","","","","","","","","","","","","","","","","","","","","","","","","","","","","","","","","","","","","","","","","","","","","","","","","","","","","","","","","","","","","","",""
"63263001","PUY-DE-DOME-MN",45.775,2.966667,1461,1965101900,"","","","","","","","","","","","","","","","","","","","","","","","","","","","","","","","","","","","",6.8,1,3.,1,"","","","","","","","","","","","","","","","","","","","","","","","","","",77,1,"","","","","","","","","","","","",7.6,1,"","","","","","","","","","","","","","","","","","","","","","","","","","","","","","","","","","","","","","","","","","","","","","","","","","","","","","","","","","","","","","","","","","","","","","","","","","","","","","","","","","","","","","","","","","","","","","","","","","","","","","","","","","","","","","","","","","","",""
"63263001","PUY-DE-DOME-MN",45.775,2.966667,1461,1965101903,"","","","","","","","","","","","","","","","","","","","","","","","","","","","","","","","","","","","",7.4,1,1.8,1,"","","","","","","","","","","","","","","","","","","","","","","","","","",65,1,"","","","","","","","","","","","",7.,1,"","","","","","","","","","","","","","","","","","","","","","","","","","","","","","","","","","","","","","","","","","","","","","","","","","","","","","","","","","","","","","","","","","","","","","","","","","","","","","","","","","","","","","","","","","","","","","","","","","","","","","","","","","","","","","","","","","","",""
"63263001","PUY-DE-DOME-MN",45.775,2.966667,1461,1965101906,"","","","",8.,1,90,1,"","","","","","","","","","","","","","","","","","","","","","","","","","","","",7.8,1,1.4,1,"","","","","","","","","","","","","","","","","","","","","","","","","","",64,1,"","","","","","","","","","","","",6.8,1,"","","","","","","","",1,1,0,1,5,1,4,1,2,1,"","","","","","","","","","","","","","","","","","","","","","","","",80000,1,"","",2,1,0,1,"","",0,1,"","","","","","","","","","","","","","","","","","","","","","","","","","","","","","","","","","","","","","","","","","","","","","","","","","","","","","","","","","","","","",""
"63263001","PUY-DE-DOME-MN",45.775,2.966667,1461,1965101909,"","","","",12.,1,90,1,"","","","","","","","","","","","","","","","","","","","","","","","","","","","",10.2,1,3.5,1,"","","","","","","","","","","","","","","","","","","","","","","","","","",64,1,"","","","","","","","","","","","",7.9,1,"","","","","","","","",1,1,0,1,5,1,4,1,2,1,"","","","","","","","","","","","","","","","","","","","","","","","",80000,1,"","",2,1,0,1,"","","","","","","","","","","","","","","","","","","","","","","","","","","","","","","","","","","","","","","","","","","","","","","","","","","","","","","","","","","","","","","","","",""
"63263001","PUY-DE-DOME-MN",45.775,2.966667,1461,1965101912,"","","","",7.,1,170,1,"","","","","","","","","","","","","","","","","","","","","","","","","","","","",12.1,1,4.8,1,"","","","","","","","","","","","","","","","","","","","","","","","","","",62,1,"","","","","","","","","","","","",8.7,1,"","","","","","","","",1,1,0,1,1,1,0,1,2,1,"","","","","","","","","","","","","","","","","","","","","","","","",80000,1,"","",3,1,0,1,"","","","","","","","","","","","","","","","","","","","","","","","","","","","","","","","","","","","","","","","","","","","","","","","","","","","","","","","","","","","","","","","","",""
"63263001","PUY-DE-DOME-MN",45.775,2.966667,1461,1965101915,"","","","",7.,1,210,1,"","","","","","","","","","","","","","","","","","","","","","","","","","","","",11.4,1,6.6,1,"","","","","","","","","","","","","","","","","","","","","","","","","","",73,1,"","","","","","","","","","","","",9.9,1,"","","","","","","","",2,1,0,1,2,1,0,1,2,1,"","","","","","","","","","","","","","","","","","","","","","","","",80000,1,"","",3,1,0,1,"","","","","","","","","","","","","","","","","","","","","","","","","","","","","","","","","","","","","","","","","","","","","","","","","","","","","","","","","","","","","","","","","",""
"63263001","PUY-DE-DOME-MN",45.775,2.966667,1461,1965101918,"","","","",10.,1,210,1,"","","","","","","","","","","","","","","","","","","","","","","","","","","","",9.8,1,2.,1,"","","","","","","","","","","","","","","","","","","","","","","","","","",59,1,"","","","","","","","","","","","",7.1,1,"","","","","","","","",4,1,0,1,4,1,0,1,2,1,"","","","","","","","","","","","","","","","","","","","","","","","",70000,1,"","",2,1,0,1,"","","","","","","","","","","","","","","","","","","","","","","","","","","","","","","","","","","","","","","","","","","","","","","","","","","","","","","","","","","","","","","","","",""
"63263001","PUY-DE-DOME-MN",45.775,2.966667,1461,1965101921,"","","","","","","","","","","","","","","","","","","","","","","","","","","","","","","","","","","","",8.9,1,-0.9,1,"","","","","","","","","","","","","","","","","","","","","","","","","","",50,1,"","","","","","","","","","","","",5.7,1,"","","","","","","","","","","","","","","","","","","","","","","","","","","","","","","","","","","","","","","","","","","","","","","","","","","","","","","","","","","","","","","","","","","","","","","","","","","","","","","","","","","","","","","","","","","","","","","","","","","","","","","","","","","","","","","","","","","",""
"63263001","PUY-DE-DOME-MN",45.775,2.966667,1461,1965102000,"","","","","","","","","","","","","","","","","","","","","","","","","","","","","","","","","","","","",7.7,1,1.,1,"","","","","","","","","","","","","","","","","","","","","","","","","","",63,1,"","","","","","","","","","","","",6.6,1,"","","","","","","","","","","","","","","","","","","","","","","","","","","","","","","","","","","","","","","","","","","","","","","","","","","","","","","","","","","","","","","","","","","","","","","","","","","","","","","","","","","","","","","","","","","","","","","","","","","","","","","","","","","","","","","","","","","",""
"63263001","PUY-DE-DOME-MN",45.775,2.966667,1461,1965102003,"","","","","","","","","","","","","","","","","","","","","","","","","","","","","","","","","","","","",6.1,1,2.,1,"","","","","","","","","","","","","","","","","","","","","","","","","","",75,1,"","","","","","","","","","","","",7.1,1,"","","","","","","","","","","","","","","","","","","","","","","","","","","","","","","","","","","","","","","","","","","","","","","","","","","","","","","","","","","","","","","","","","","","","","","","","","","","","","","","","","","","","","","","","","","","","","","","","","","","","","","","","","","","","","","","","","","",""
"63263001","PUY-DE-DOME-MN",45.775,2.966667,1461,1965102006,"","","","",5.,1,170,1,"","","","","","","","","","","","","","","","","","","","","","","","","","","","",6.2,1,2.6,1,"","","","","","","","","","","","","","","","","","","","","","","","","","",78,1,"","","","","","","","","","","","",7.4,1,"","","","","","","","",3,1,0,1,0,1,4,1,2,1,"","","","","","","","","","","","","","","","","","","","","","","","",40000,1,"","",3,1,0,1,"","",0,1,"","","","","","","","","","","","","","","","","","","","","","","","","","","","","","","","","","","","","","","","","","","","","","","","","","","","","","","","","","","","","",""
"63263001","PUY-DE-DOME-MN",45.775,2.966667,1461,1965102009,"","","","",0.,1,0,1,"","","","","","","","","","","","","","","","","","","","","","","","","","","","",10.,1,3.7,1,"","","","","","","","","","","","","","","","","","","","","","","","","","",65,1,"","","","","","","","","","","","",8.,1,"","","","","","","","",5,1,5,1,0,1,4,1,4,1,"","","","","","","","","","","","","","","","","","","","","","","","",50000,1,"","",1,1,1,1,"","","","","","","","","","","","","","","","","","","","","","","","","","","","","","","","","","","","","","","","","","","","","","","","","","","","","","","","","","","","","","","","","",""
"63263001","PUY-DE-DOME-MN",45.775,2.966667,1461,1965102012,"","","","",0.,1,0,1,"","","","","","","","","","","","","","","","","","","","","","","","","","","","",10.7,1,7.3,1,"","","","","","","","","","","","","","","","","","","","","","","","","","",81,1,"","","","","","","","","","","","",10.4,1,"","","","","","","","",5,1,0,1,2,1,4,1,1,1,"","","","","","","","","","","","","","","","","","","","","","","","",25000,1,"","",2,1,1,1,"","","","","","","","","","","","","","","","","","","","","","","","","","","","","","","","","","","","","","","","","","","","","","","","","","","","","","","","","","","","","","","","","",""
"63263001","PUY-DE-DOME-MN",45.775,2.966667,1461,1965102015,"","","","",0.,1,0,1,"","","","","","","","","","","","","","","","","","","","","","","","","","","","",8.9,1,6.6,1,"","","","","","","","","","","","","","","","","","","","","","","","","","",87,1,"","","","","","","","","","","","",9.9,1,"","","","","","","","",7,1,7,1,2,1,"","","","","","","","","","","","","","","","","","","","","","","","","","","","",15000,1,"","",15,1,2,1,"","","","","","","","","","","","","","","","","","","","","","","","","","","","","","","","","","","","","","","","","","","","","","","","","","","","","","","","","","","","","","","","","",""
"63263001","PUY-DE-DOME-MN",45.775,2.966667,1461,1965102018,"","","","",2.,1,130,1,"","","","","","","","","","","","","","","","","","","","","","","","","","","","",8.1,1,6.4,1,"","","","","","","","","","","","","","","","","","","","","","","","","","",90,1,"","","","","","","","","","","","",9.7,1,"","","","","","","","",6,1,5,1,0,1,6,1,2,1,"","","","","","","","","","","","","","","","","","","","","","","","",25000,1,"","",3,1,2,1,"","","","","","","","","","","","","","","","","","","","","","","","","","","","","","","","","","","","","","","","","","","","","","","","","","","","","","","","","","","","","","","","","",""
"63263001","PUY-DE-DOME-MN",45.775,2.966667,1461,1965102021,"","","","","","","","","","","","","","","","","","","","","","","","","","","","","","","","","","","","",8.8,1,5.9,1,"","","","","","","","","","","","","","","","","","","","","","","","","","",83,1,"","","","","","","","","","","","",9.4,1,"","","","","","","","","","","","","","","","","","","","","","","","","","","","","","","","","","","","","","","","","","","","","","","","","","","","","","","","","","","","","","","","","","","","","","","","","","","","","","","","","","","","","","","","","","","","","","","","","","","","","","","","","","","","","","","","","","","",""
"63263001","PUY-DE-DOME-MN",45.775,2.966667,1461,1965102100,"","","","","","","","","","","","","","","","","","","","","","","","","","","","","","","","","","","","",8.8,1,5.9,1,"","","","","","","","","","","","","","","","","","","","","","","","","","",83,1,"","","","","","","","","","","","",9.4,1,"","","","","","","","","","","","","","","","","","","","","","","","","","","","","","","","","","","","","","","","","","","","","","","","","","","","","","","","","","","","","","","","","","","","","","","","","","","","","","","","","","","","","","","","","","","","","","","","","","","","","","","","","","","","","","","","","","","",""
"63263001","PUY-DE-DOME-MN",45.775,2.966667,1461,1965102103,"","","","","","","","","","","","","","","","","","","","","","","","","","","","","","","","","","","","",7.3,1,7.3,1,"","","","","","","","","","","","","","","","","","","","","","","","","","",100,1,"","","","","","","","","","","","",10.2,1,"","","","","","","","","","","","","","","","","","","","","","","","","","","","","","","","","","","","","","","","","","","","","","","","","","","","","","","","","","","","","","","","","","","","","","","","","","","","","","","","","","","","","","","","","","","","","","","","","","","","","","","","","","","","","","","","","","","",""
"63263001","PUY-DE-DOME-MN",45.775,2.966667,1461,1965102106,"","","","",5.,1,50,1,"","","","","","","","","","","","","","","","","","","","","","","","","","","","",7.2,1,7.2,1,"","","","","","","","","","","","","","","","","","","","","","","","","","",100,1,"","","","","","","","","","","","",10.2,1,"","","","","","","","",9,1,"","","","","","","","","","","","","","","","","","","","","","","","","","","","","","","","",40,1,"","",45,1,4,1,"","",0,1,"","","","","","","","","","","","","","","","","","","","","","","","","","","","","","","","","","","","","","","","","","","","","","","","","","","","","","","","","","","","","",""
"63263001","PUY-DE-DOME-MN",45.775,2.966667,1461,1965102109,"","","","",0.,1,0,1,"","","","","","","","","","","","","","","","","","","","","","","","","","","","",9.3,1,6.5,1,"","","","","","","","","","","","","","","","","","","","","","","","","","",84,1,"","","","","","","","","","","","",9.8,1,"","","","","","","","",1,1,0,1,0,1,4,1,2,1,"","","","","","","","","","","","","","","","","","","","","","","","",80000,1,"","",28,1,4,1,"","","","","","","","","","","","","","","","","","","","","","","","","","","","","","","","","","","","","","","","","","","","","","","","","","","","","","","","","","","","","","","","","",""
"63263001","PUY-DE-DOME-MN",45.775,2.966667,1461,1965102112,"","","","",0.,1,0,1,"","","","","","","","","","","","","","","","","","","","","","","","","","","","",10.1,1,6.2,1,"","","","","","","","","","","","","","","","","","","","","","","","","","",77,1,"","","","","","","","","","","","",9.6,1,"","","","","","","","",2,1,0,1,2,1,0,1,2,1,"","","","","","","","","","","","","","","","","","","","","","","","",20000,1,"","",2,1,4,1,"","","","","","","","","","","","","","","","","","","","","","","","","","","","","","","","","","","","","","","","","","","","","","","","","","","","","","","","","","","","","","","","","",""
"63263001","PUY-DE-DOME-MN",45.775,2.966667,1461,1965102115,"","","","",0.,1,0,1,"","","","","","","","","","","","","","","","","","","","","","","","","","","","",10.8,1,5.9,1,"","","","","","","","","","","","","","","","","","","","","","","","","","",72,1,"","","","","","","","","","","","",9.4,1,"","","","","","","","",1,1,0,1,2,1,0,1,2,1,"","","","","","","","","","","","","","","","","","","","","","","","",30000,1,"","",2,1,0,1,"","","","","","","","","","","","","","","","","","","","","","","","","","","","","","","","","","","","","","","","","","","","","","","","","","","","","","","","","","","","","","","","","",""
"63263001","PUY-DE-DOME-MN",45.775,2.966667,1461,1965102118,"","","","",6.,1,50,1,"","","","","","","","","","","","","","","","","","","","","","","","","","","","",7.8,1,7.1,1,"","","","","","","","","","","","","","","","","","","","","","","","","","",96,1,"","","","","","","","","","","","",10.2,1,"","","","","","","","",1,1,0,1,0,1,0,1,2,1,"","","","","","","","","","","","","","","","","","","","","","","","",40000,1,"","",2,1,0,1,"","","","","","","","","","","","","","","","","","","","","","","","","","","","","","","","","","","","","","","","","","","","","","","","","","","","","","","","","","","","","","","","","",""
"63263001","PUY-DE-DOME-MN",45.775,2.966667,1461,1965102121,"","","","","","","","","","","","","","","","","","","","","","","","","","","","","","","","","","","","",7.1,1,7.1,1,"","","","","","","","","","","","","","","","","","","","","","","","","","",100,1,"","","","","","","","","","","","",10.1,1,"","","","","","","","","","","","","","","","","","","","","","","","","","","","","","","","","","","","","","","","","","","","","","","","","","","","","","","","","","","","","","","","","","","","","","","","","","","","","","","","","","","","","","","","","","","","","","","","","","","","","","","","","","","","","","","","","","","",""
"63263001","PUY-DE-DOME-MN",45.775,2.966667,1461,1965102200,"","","","","","","","","","","","","","","","","","","","","","","","","","","","","","","","","","","","",6.8,1,4.3,1,"","","","","","","","","","","","","","","","","","","","","","","","","","",85,1,"","","","","","","","","","","","",8.4,1,"","","","","","","","","","","","","","","","","","","","","","","","","","","","","","","","","","","","","","","","","","","","","","","","","","","","","","","","","","","","","","","","","","","","","","","","","","","","","","","","","","","","","","","","","","","","","","","","","","","","","","","","","","","","","","","","","","","",""
"63263001","PUY-DE-DOME-MN",45.775,2.966667,1461,1965102203,"","","","","","","","","","","","","","","","","","","","","","","","","","","","","","","","","","","","",6.1,1,5.1,1,"","","","","","","","","","","","","","","","","","","","","","","","","","",95,1,"","","","","","","","","","","","",8.9,1,"","","","","","","","","","","","","","","","","","","","","","","","","","","","","","","","","","","","","","","","","","","","","","","","","","","","","","","","","","","","","","","","","","","","","","","","","","","","","","","","","","","","","","","","","","","","","","","","","","","","","","","","","","","","","","","","","","","",""
"63263001","PUY-DE-DOME-MN",45.775,2.966667,1461,1965102206,"","","","",13.,1,30,1,"","","","","","","","","","","","","","","","","","","","","","","","","","","","",5.3,1,4.5,1,"","","","","","","","","","","","","","","","","","","","","","","","","","",96,1,"","","","","","","","","","","","",8.5,1,"","","","","","","","",3,1,0,1,0,1,0,1,2,1,"","","","","","","","","","","","","","","","","","","","","","","","",25000,1,"","",0,1,"","","","",0,1,"","","","","","","","","","","","","","","","","","","","","","","","","","","","","","","","","","","","","","","","","","","","","","","","","","","","","","","","","","","","","",""
"63263001","PUY-DE-DOME-MN",45.775,2.966667,1461,1965102209,"","","","",11.,1,330,1,"","","","","","","","","","","","","","","","","","","","","","","","","","","","",5.4,1,4.8,1,"","","","","","","","","","","","","","","","","","","","","","","","","","",97,1,"","","","","","","","","","","","",8.7,1,"","","","","","","","",7,1,7,1,0,1,4,1,2,1,"","","","","","","","","","","","","","","","","","","","","","","","",25000,1,"","",2,1,2,1,"","","","","","","","","","","","","","","","","","","","","","","","","","","","","","","","","","","","","","","","","","","","","","","","","","","","","","","","","","","","","","","","","",""
"63263001","PUY-DE-DOME-MN",45.775,2.966667,1461,1965102212,"","","","",9.,1,290,1,"","","","","","","","","","","","","","","","","","","","","","","","","","","","",6.3,1,6.3,1,"","","","","","","","","","","","","","","","","","","","","","","","","","",100,1,"","","","","","","","","","","","",9.5,1,"","","","","","","","",8,1,8,1,"","","","","","","","","","","","","","","","","","","","","","","","","","","","","","",100,1,"","",41,1,2,1,"","","","","","","","","","","","","","","","","","","","","","","","","","","","","","","","","","","","","","","","","","","","","","","","","","","","","","","","","","","","","","","","","",""
"63263001","PUY-DE-DOME-MN",45.775,2.966667,1461,1965102215,"","","","",5.,1,290,1,"","","","","","","","","","","","","","","","","","","","","","","","","","","","",7.3,1,1.6,1,"","","","","","","","","","","","","","","","","","","","","","","","","","",68,1,"","","","","","","","","","","","",6.9,1,"","","","","","","","",4,1,0,1,2,1,0,1,2,1,"","","","","","","","","","","","","","","","","","","","","","","","",25000,1,"","",1,1,4,1,"","","","","","","","","","","","","","","","","","","","","","","","","","","","","","","","","","","","","","","","","","","","","","","","","","","","","","","","","","","","","","","","","",""
"63263001","PUY-DE-DOME-MN",45.775,2.966667,1461,1965102218,"","","","",7.,1,270,1,"","","","","","","","","","","","","","","","","","","","","","","","","","","","",4.7,1,-7.6,1,"","","","","","","","","","","","","","","","","","","","","","","","","","",40,1,"","","","","","","","","","","","",3.4,1,"","","","","","","","",2,1,0,1,0,1,0,1,2,1,"","","","","","","","","","","","","","","","","","","","","","","","",25000,1,"","",2,1,4,1,"","","","","","","","","","","","","","","","","","","","","","","","","","","","","","","","","","","","","","","","","","","","","","","","","","","","","","","","","","","","","","","","","",""
"63263001","PUY-DE-DOME-MN",45.775,2.966667,1461,1965102221,"","","","","","","","","","","","","","","","","","","","","","","","","","","","","","","","","","","","",4.2,1,3.5,1,"","","","","","","","","","","","","","","","","","","","","","","","","","",95,1,"","","","","","","","","","","","",7.9,1,"","","","","","","","","","","","","","","","","","","","","","","","","","","","","","","","","","","","","","","","","","","","","","","","","","","","","","","","","","","","","","","","","","","","","","","","","","","","","","","","","","","","","","","","","","","","","","","","","","","","","","","","","","","","","","","","","","","",""
"63263001","PUY-DE-DOME-MN",45.775,2.966667,1461,1965102300,"","","","","","","","","","","","","","","","","","","","","","","","","","","","","","","","","","","","",5.1,1,3.5,1,"","","","","","","","","","","","","","","","","","","","","","","","","","",90,1,"","","","","","","","","","","","",7.9,1,"","","","","","","","","","","","","","","","","","","","","","","","","","","","","","","","","","","","","","","","","","","","","","","","","","","","","","","","","","","","","","","","","","","","","","","","","","","","","","","","","","","","","","","","","","","","","","","","","","","","","","","","","","","","","","","","","","","",""
"63263001","PUY-DE-DOME-MN",45.775,2.966667,1461,1965102303,"","","","","","","","","","","","","","","","","","","","","","","","","","","","","","","","","","","","",5.,1,4.2,1,"","","","","","","","","","","","","","","","","","","","","","","","","","",95,1,"","","","","","","","","","","","",8.3,1,"","","","","","","","","","","","","","","","","","","","","","","","","","","","","","","","","","","","","","","","","","","","","","","","","","","","","","","","","","","","","","","","","","","","","","","","","","","","","","","","","","","","","","","","","","","","","","","","","","","","","","","","","","","","","","","","","","","",""
"63263001","PUY-DE-DOME-MN",45.775,2.966667,1461,1965102306,"","","","",13.,1,250,1,"","","","","","","","","","","","","","","","","","","","","","","","","","","","",4.8,1,3.8,1,"","","","","","","","","","","","","","","","","","","","","","","","","","",94,1,"","","","","","","","","","","","",8.1,1,"","","","","","","","",1,1,0,1,5,1,0,1,0,1,"","","","","","","","","","","","","","","","","","","","","","","","",25000,1,"","",2,1,"","","","",0,1,"","","","","","","","","","","","","","","","","","","","","","","","","","","","","","","","","","","","","","","","","","","","","","","","","","","","","","","","","","","","","",""
"63263001","PUY-DE-DOME-MN",45.775,2.966667,1461,1965102309,"","","","",7.,1,230,1,"","","","","","","","","","","","","","","","","","","","","","","","","","","","",5.9,1,5.9,1,"","","","","","","","","","","","","","","","","","","","","","","","","","",100,1,"","","","","","","","","","","","",9.3,1,"","","","","","","","",8,1,8,1,"","","","","","","","","","","","","","","","","","","","","","","","","","","","","","",100,1,"","",41,1,4,1,"","","","","","","","","","","","","","","","","","","","","","","","","","","","","","","","","","","","","","","","","","","","","","","","","","","","","","","","","","","","","","","","","",""
"63263001","PUY-DE-DOME-MN",45.775,2.966667,1461,1965102312,"","","","",0.,1,0,1,"","","","","","","","","","","","","","","","","","","","","","","","","","","","",7.2,1,6.2,1,"","","","","","","","","","","","","","","","","","","","","","","","","","",94,1,"","","","","","","","","","","","",9.6,1,"","","","","","","","",4,1,0,1,2,1,0,1,0,1,"","","","","","","","","","","","","","","","","","","","","","","","",30000,1,"","",28,1,4,1,"","","","","","","","","","","","","","","","","","","","","","","","","","","","","","","","","","","","","","","","","","","","","","","","","","","","","","","","","","","","","","","","","",""
"63263001","PUY-DE-DOME-MN",45.775,2.966667,1461,1965102315,"","","","",6.,1,150,1,"","","","","","","","","","","","","","","","","","","","","","","","","","","","",6.1,1,4.5,1,"","","","","","","","","","","","","","","","","","","","","","","","","","",90,1,"","","","","","","","","","","","",8.5,1,"","","","","","","","",6,1,6,1,2,1,0,1,0,1,"","","","","","","","","","","","","","","","","","","","","","","","",30000,1,"","",2,1,2,1,"","","","","","","","","","","","","","","","","","","","","","","","","","","","","","","","","","","","","","","","","","","","","","","","","","","","","","","","","","","","","","","","","",""
"63263001","PUY-DE-DOME-MN",45.775,2.966667,1461,1965102318,"","","","",8.,1,170,1,"","","","","","","","","","","","","","","","","","","","","","","","","","","","",6.,1,2.4,1,"","","","","","","","","","","","","","","","","","","","","","","","","","",78,1,"","","","","","","","","","","","",7.3,1,"","","","","","","","",3,1,0,1,4,1,0,1,0,1,"","","","","","","","","","","","","","","","","","","","","","","","",25000,1,"","",2,1,2,1,"","","","","","","","","","","","","","","","","","","","","","","","","","","","","","","","","","","","","","","","","","","","","","","","","","","","","","","","","","","","","","","","","",""
"63263001","PUY-DE-DOME-MN",45.775,2.966667,1461,1965102321,"","","","","","","","","","","","","","","","","","","","","","","","","","","","","","","","","","","","",5.1,1,1.2,1,"","","","","","","","","","","","","","","","","","","","","","","","","","",76,1,"","","","","","","","","","","","",6.7,1,"","","","","","","","","","","","","","","","","","","","","","","","","","","","","","","","","","","","","","","","","","","","","","","","","","","","","","","","","","","","","","","","","","","","","","","","","","","","","","","","","","","","","","","","","","","","","","","","","","","","","","","","","","","","","","","","","","","",""
"63263001","PUY-DE-DOME-MN",45.775,2.966667,1461,1965102400,"","","","","","","","","","","","","","","","","","","","","","","","","","","","","","","","","","","","",5.7,1,-3.5,1,"","","","","","","","","","","","","","","","","","","","","","","","","","",51,1,"","","","","","","","","","","","",4.7,1,"","","","","","","","","","","","","","","","","","","","","","","","","","","","","","","","","","","","","","","","","","","","","","","","","","","","","","","","","","","","","","","","","","","","","","","","","","","","","","","","","","","","","","","","","","","","","","","","","","","","","","","","","","","","","","","","","","","",""
"63263001","PUY-DE-DOME-MN",45.775,2.966667,1461,1965102403,"","","","","","","","","","","","","","","","","","","","","","","","","","","","","","","","","","","","",6.,1,-0.7,1,"","","","","","","","","","","","","","","","","","","","","","","","","","",62,1,"","","","","","","","","","","","",5.8,1,"","","","","","","","","","","","","","","","","","","","","","","","","","","","","","","","","","","","","","","","","","","","","","","","","","","","","","","","","","","","","","","","","","","","","","","","","","","","","","","","","","","","","","","","","","","","","","","","","","","","","","","","","","","","","","","","","","","",""
"63263001","PUY-DE-DOME-MN",45.775,2.966667,1461,1965102406,"","","","",0.,1,0,1,"","","","","","","","","","","","","","","","","","","","","","","","","","","","",6.4,1,-0.2,1,"","","","","","","","","","","","","","","","","","","","","","","","","","",63,1,"","","","","","","","","","","","",6.,1,"","","","","","","","",1,1,0,1,0,1,0,1,2,1,"","","","","","","","","","","","","","","","","","","","","","","","",50000,1,"","",0,1,"","","","",0,1,"","","","","","","","","","","","","","","","","","","","","","","","","","","","","","","","","","","","","","","","","","","","","","","","","","","","","","","","","","","","","",""
"63263001","PUY-DE-DOME-MN",45.775,2.966667,1461,1965102409,"","","","",3.,1,170,1,"","","","","","","","","","","","","","","","","","","","","","","","","","","","",9.,1,-0.2,1,"","","","","","","","","","","","","","","","","","","","","","","","","","",57,1,"","","","","","","","","","","","",6.,1,"","","","","","","","",1,1,0,1,0,1,0,1,2,1,"","","","","","","","","","","","","","","","","","","","","","","","",80000,1,"","",2,1,0,1,"","","","","","","","","","","","","","","","","","","","","","","","","","","","","","","","","","","","","","","","","","","","","","","","","","","","","","","","","","","","","","","","","",""
"63263001","PUY-DE-DOME-MN",45.775,2.966667,1461,1965102412,"","","","",0.,1,0,1,"","","","","","","","","","","","","","","","","","","","","","","","","","","","",11.1,1,3.,1,"","","","","","","","","","","","","","","","","","","","","","","","","","",58,1,"","","","","","","","","","","","",7.6,1,"","","","","","","","",1,1,0,1,2,1,0,1,2,1,"","","","","","","","","","","","","","","","","","","","","","","","",80000,1,"","",2,1,0,1,"","","","","","","","","","","","","","","","","","","","","","","","","","","","","","","","","","","","","","","","","","","","","","","","","","","","","","","","","","","","","","","","","",""
"63263001","PUY-DE-DOME-MN",45.775,2.966667,1461,1965102415,"","","","",3.,1,210,1,"","","","","","","","","","","","","","","","","","","","","","","","","","","","",9.2,1,6.6,1,"","","","","","","","","","","","","","","","","","","","","","","","","","",85,1,"","","","","","","","","","","","",9.9,1,"","","","","","","","",1,1,0,1,2,1,0,1,2,1,"","","","","","","","","","","","","","","","","","","","","","","","",80000,1,"","",2,1,0,1,"","","","","","","","","","","","","","","","","","","","","","","","","","","","","","","","","","","","","","","","","","","","","","","","","","","","","","","","","","","","","","","","","",""
"63263001","PUY-DE-DOME-MN",45.775,2.966667,1461,1965102418,"","","","",10.,1,170,1,"","","","","","","","","","","","","","","","","","","","","","","","","","","","",7.,1,5.9,1,"","","","","","","","","","","","","","","","","","","","","","","","","","",94,1,"","","","","","","","","","","","",9.4,1,"","","","","","","","",1,1,0,1,2,1,0,1,2,1,"","","","","","","","","","","","","","","","","","","","","","","","",80000,1,"","",2,1,0,1,"","","","","","","","","","","","","","","","","","","","","","","","","","","","","","","","","","","","","","","","","","","","","","","","","","","","","","","","","","","","","","","","","",""
"63263001","PUY-DE-DOME-MN",45.775,2.966667,1461,1965102421,"","","","","","","","","","","","","","","","","","","","","","","","","","","","","","","","","","","","",5.5,1,3.1,1,"","","","","","","","","","","","","","","","","","","","","","","","","","",86,1,"","","","","","","","","","","","",7.7,1,"","","","","","","","","","","","","","","","","","","","","","","","","","","","","","","","","","","","","","","","","","","","","","","","","","","","","","","","","","","","","","","","","","","","","","","","","","","","","","","","","","","","","","","","","","","","","","","","","","","","","","","","","","","","","","","","","","","",""
"63263001","PUY-DE-DOME-MN",45.775,2.966667,1461,1965102500,"","","","","","","","","","","","","","","","","","","","","","","","","","","","","","","","","","","","",4.8,1,3.5,1,"","","","","","","","","","","","","","","","","","","","","","","","","","",92,1,"","","","","","","","","","","","",7.9,1,"","","","","","","","","","","","","","","","","","","","","","","","","","","","","","","","","","","","","","","","","","","","","","","","","","","","","","","","","","","","","","","","","","","","","","","","","","","","","","","","","","","","","","","","","","","","","","","","","","","","","","","","","","","","","","","","","","","",""
"63263001","PUY-DE-DOME-MN",45.775,2.966667,1461,1965102503,"","","","","","","","","","","","","","","","","","","","","","","","","","","","","","","","","","","","",4.5,1,2.8,1,"","","","","","","","","","","","","","","","","","","","","","","","","","",89,1,"","","","","","","","","","","","",7.5,1,"","","","","","","","","","","","","","","","","","","","","","","","","","","","","","","","","","","","","","","","","","","","","","","","","","","","","","","","","","","","","","","","","","","","","","","","","","","","","","","","","","","","","","","","","","","","","","","","","","","","","","","","","","","","","","","","","","","",""
"63263001","PUY-DE-DOME-MN",45.775,2.966667,1461,1965102506,"","","","",20.,1,210,1,"","","","","","","","","","","","","","","","","","","","","","","","","","","","",5.,1,2.2,1,"","","","","","","","","","","","","","","","","","","","","","","","","","",83,1,"","","","","","","","","","","","",7.2,1,"","","","","","","","",1,1,0,1,0,1,0,1,2,1,"","","","","","","","","","","","","","","","","","","","","","","","",40000,1,"","",0,1,"","","","",0,1,"","","","","","","","","","","","","","","","","","","","","","","","","","","","","","","","","","","","","","","","","","","","","","","","","","","","","","","","","","","","","",""
"63263001","PUY-DE-DOME-MN",45.775,2.966667,1461,1965102509,"","","","",19.,1,210,1,"","","","","","","","","","","","","","","","","","","","","","","","","","","","",6.3,1,2.6,1,"","","","","","","","","","","","","","","","","","","","","","","","","","",78,1,"","","","","","","","","","","","",7.4,1,"","","","","","","","",2,1,0,1,8,1,0,1,2,1,"","","","","","","","","","","","","","","","","","","","","","","","",40000,1,"","",1,1,0,1,"","","","","","","","","","","","","","","","","","","","","","","","","","","","","","","","","","","","","","","","","","","","","","","","","","","","","","","","","","","","","","","","","",""
"63263001","PUY-DE-DOME-MN",45.775,2.966667,1461,1965102512,"","","","",18.,1,210,1,"","","","","","","","","","","","","","","","","","","","","","","","","","","","",7.6,1,4.,1,"","","","","","","","","","","","","","","","","","","","","","","","","","",79,1,"","","","","","","","","","","","",8.2,1,"","","","","","","","",3,1,0,1,8,1,0,1,2,1,"","","","","","","","","","","","","","","","","","","","","","","","",40000,1,"","",3,1,0,1,"","","","","","","","","","","","","","","","","","","","","","","","","","","","","","","","","","","","","","","","","","","","","","","","","","","","","","","","","","","","","","","","","",""
"63263001","PUY-DE-DOME-MN",45.775,2.966667,1461,1965102515,"","","","",15.,1,170,1,"","","","","","","","","","","","","","","","","","","","","","","","","","","","",6.8,1,2.8,1,"","","","","","","","","","","","","","","","","","","","","","","","","","",76,1,"","","","","","","","","","","","",7.5,1,"","","","","","","","",5,1,0,1,8,1,0,1,2,1,"","","","","","","","","","","","","","","","","","","","","","","","",30000,1,"","",2,1,0,1,"","","","","","","","","","","","","","","","","","","","","","","","","","","","","","","","","","","","","","","","","","","","","","","","","","","","","","","","","","","","","","","","","",""
"63263001","PUY-DE-DOME-MN",45.775,2.966667,1461,1965102518,"","","","",18.,1,170,1,"","","","","","","","","","","","","","","","","","","","","","","","","","","","",5.5,1,4.3,1,"","","","","","","","","","","","","","","","","","","","","","","","","","",93,1,"","","","","","","","","","","","",8.4,1,"","","","","","","","",5,1,0,1,8,1,0,1,4,1,"","","","","","","","","","","","","","","","","","","","","","","","",20000,1,"","",2,1,1,1,"","","","","","","","","","","","","","","","","","","","","","","","","","","","","","","","","","","","","","","","","","","","","","","","","","","","","","","","","","","","","","","","","",""
"63263001","PUY-DE-DOME-MN",45.775,2.966667,1461,1965102521,"","","","","","","","","","","","","","","","","","","","","","","","","","","","","","","","","","","","",5.,1,4.3,1,"","","","","","","","","","","","","","","","","","","","","","","","","","",97,1,"","","","","","","","","","","","",8.4,1,"","","","","","","","","","","","","","","","","","","","","","","","","","","","","","","","","","","","","","","","","","","","","","","","","","","","","","","","","","","","","","","","","","","","","","","","","","","","","","","","","","","","","","","","","","","","","","","","","","","","","","","","","","","","","","","","","","","",""
"63263001","PUY-DE-DOME-MN",45.775,2.966667,1461,1965102600,"","","","","","","","","","","","","","","","","","","","","","","","","","","","","","","","","","","","",5.,1,-0.5,1,"","","","","","","","","","","","","","","","","","","","","","","","","","",68,1,"","","","","","","","","","","","",5.9,1,"","","","","","","","","","","","","","","","","","","","","","","","","","","","","","","","","","","","","","","","","","","","","","","","","","","","","","","","","","","","","","","","","","","","","","","","","","","","","","","","","","","","","","","","","","","","","","","","","","","","","","","","","","","","","","","","","","","",""
"63263001","PUY-DE-DOME-MN",45.775,2.966667,1461,1965102603,"","","","","","","","","","","","","","","","","","","","","","","","","","","","","","","","","","","","",5.3,1,1.4,1,"","","","","","","","","","","","","","","","","","","","","","","","","","",76,1,"","","","","","","","","","","","",6.8,1,"","","","","","","","","","","","","","","","","","","","","","","","","","","","","","","","","","","","","","","","","","","","","","","","","","","","","","","","","","","","","","","","","","","","","","","","","","","","","","","","","","","","","","","","","","","","","","","","","","","","","","","","","","","","","","","","","","","",""
"63263001","PUY-DE-DOME-MN",45.775,2.966667,1461,1965102606,"","","","",20.,1,170,1,"","","","","","","","","","","","","","","","","","","","","","","","","","","","",4.2,1,4.2,1,"","","","","","","","","","","","","","","","","","","","","","","","","","",100,1,"","","","","","","","","","","","",8.3,1,"","","","","","","","",9,1,"","","","","","","","","","","","","","","","","","","","","","","","","","","","","","","","",40,1,"","",45,1,"","","","",0,1,"","","","","","","","","","","","","","","","","","","","","","","","","","","","","","","","","","","","","","","","","","","","","","","","","","","","","","","","","","","","","",""
"63263001","PUY-DE-DOME-MN",45.775,2.966667,1461,1965102609,"","","","",25.,1,170,1,"","","","","","","","","","","","","","","","","","","","","","","","","","","","",5.,1,5.,1,"","","","","","","","","","","","","","","","","","","","","","","","","","",100,1,"","","","","","","","","","","","",8.7,1,"","","","","","","","",8,1,8,1,"","","","","","","","","","","","","","","","","","","","","","","","","","","","","","",40,1,"","",60,1,6,1,"","","","","","","","","","","","","","","","","","","","","","","","","","","","","","","","","","","","","","","","","","","","","","","","","","","","","","","","","","","","","","","","","",""
"63263001","PUY-DE-DOME-MN",45.775,2.966667,1461,1965102612,"","","","",18.,1,170,1,"","","","","","","","","","","","","","","","","","","","","","","","","","","","",5.6,1,5.6,1,"","","","","","","","","","","","","","","","","","","","","","","","","","",100,1,"","","","","","","","","","","","",9.1,1,"","","","","","","","",9,1,"","","","","","","","","","","","","","","","","","","","","","","","","","","","","","","","",40,1,"","",45,1,6,1,"","","","","","","","","","","","","","","","","","","","","","","","","","","","","","","","","","","","","","","","","","","","","","","","","","","","","","","","","","","","","","","","","",""
"63263001","PUY-DE-DOME-MN",45.775,2.966667,1461,1965102615,"","","","",13.,1,250,1,"","","","","","","","","","","","","","","","","","","","","","","","","","","","",7.8,1,7.8,1,"","","","","","","","","","","","","","","","","","","","","","","","","","",100,1,"","","","","","","","","","","","",10.6,1,"","","","","","","","",9,1,"","","","","","","","","","","","","","","","","","","","","","","","","","","","","","","","",40,1,"","",45,1,6,1,"","","","","","","","","","","","","","","","","","","","","","","","","","","","","","","","","","","","","","","","","","","","","","","","","","","","","","","","","","","","","","","","","",""
"63263001","PUY-DE-DOME-MN",45.775,2.966667,1461,1965102618,"","","","",13.,1,250,1,"","","","","","","","","","","","","","","","","","","","","","","","","","","","",7.8,1,5.9,1,"","","","","","","","","","","","","","","","","","","","","","","","","","",89,1,"","","","","","","","","","","","",9.4,1,"","","","","","","","",1,1,0,1,2,1,0,1,2,1,"","","","","","","","","","","","","","","","","","","","","","","","",60000,1,"","",2,1,6,1,"","","","","","","","","","","","","","","","","","","","","","","","","","","","","","","","","","","","","","","","","","","","","","","","","","","","","","","","","","","","","","","","","",""
"63263001","PUY-DE-DOME-MN",45.775,2.966667,1461,1965102621,"","","","","","","","","","","","","","","","","","","","","","","","","","","","","","","","","","","","",8.,1,5.5,1,"","","","","","","","","","","","","","","","","","","","","","","","","","",85,1,"","","","","","","","","","","","",9.1,1,"","","","","","","","","","","","","","","","","","","","","","","","","","","","","","","","","","","","","","","","","","","","","","","","","","","","","","","","","","","","","","","","","","","","","","","","","","","","","","","","","","","","","","","","","","","","","","","","","","","","","","","","","","","","","","","","","","","",""
"63263001","PUY-DE-DOME-MN",45.775,2.966667,1461,1965102700,"","","","","","","","","","","","","","","","","","","","","","","","","","","","","","","","","","","","",8.,1,5.5,1,"","","","","","","","","","","","","","","","","","","","","","","","","","",85,1,"","","","","","","","","","","","",9.1,1,"","","","","","","","","","","","","","","","","","","","","","","","","","","","","","","","","","","","","","","","","","","","","","","","","","","","","","","","","","","","","","","","","","","","","","","","","","","","","","","","","","","","","","","","","","","","","","","","","","","","","","","","","","","","","","","","","","","",""
"63263001","PUY-DE-DOME-MN",45.775,2.966667,1461,1965102703,"","","","","","","","","","","","","","","","","","","","","","","","","","","","","","","","","","","","",7.7,1,5.3,1,"","","","","","","","","","","","","","","","","","","","","","","","","","",86,1,"","","","","","","","","","","","",9.,1,"","","","","","","","","","","","","","","","","","","","","","","","","","","","","","","","","","","","","","","","","","","","","","","","","","","","","","","","","","","","","","","","","","","","","","","","","","","","","","","","","","","","","","","","","","","","","","","","","","","","","","","","","","","","","","","","","","","",""
"63263001","PUY-DE-DOME-MN",45.775,2.966667,1461,1965102706,"","","","",8.,1,290,1,"","","","","","","","","","","","","","","","","","","","","","","","","","","","",7.6,1,6.2,1,"","","","","","","","","","","","","","","","","","","","","","","","","","",92,1,"","","","","","","","","","","","",9.6,1,"","","","","","","","",6,1,6,1,0,1,0,1,4,1,"","","","","","","","","","","","","","","","","","","","","","","","",50000,1,"","",0,1,"","","","",0,1,"","","","","","","","","","","","","","","","","","","","","","","","","","","","","","","","","","","","","","","","","","","","","","","","","","","","","","","","","","","","","",""
"63263001","PUY-DE-DOME-MN",45.775,2.966667,1461,1965102709,"","","","",0.,1,0,1,"","","","","","","","","","","","","","","","","","","","","","","","","","","","",9.2,1,5.5,1,"","","","","","","","","","","","","","","","","","","","","","","","","","",78,1,"","","","","","","","","","","","",9.1,1,"","","","","","","","",6,1,5,1,2,1,4,1,2,1,"","","","","","","","","","","","","","","","","","","","","","","","",80000,1,"","",3,1,2,1,"","","","","","","","","","","","","","","","","","","","","","","","","","","","","","","","","","","","","","","","","","","","","","","","","","","","","","","","","","","","","","","","","",""
"63263001","PUY-DE-DOME-MN",45.775,2.966667,1461,1965102712,"","","","",0.,1,0,1,"","","","","","","","","","","","","","","","","","","","","","","","","","","","",10.6,1,6.9,1,"","","","","","","","","","","","","","","","","","","","","","","","","","",79,1,"","","","","","","","","","","","",10.1,1,"","","","","","","","",5,1,0,1,2,1,0,1,2,1,"","","","","","","","","","","","","","","","","","","","","","","","",80000,1,"","",3,1,2,1,"","","","","","","","","","","","","","","","","","","","","","","","","","","","","","","","","","","","","","","","","","","","","","","","","","","","","","","","","","","","","","","","","",""
"63263001","PUY-DE-DOME-MN",45.775,2.966667,1461,1965102715,"","","","",0.,1,0,1,"","","","","","","","","","","","","","","","","","","","","","","","","","","","",10.1,1,10.1,1,"","","","","","","","","","","","","","","","","","","","","","","","","","",100,1,"","","","","","","","","","","","",12.4,1,"","","","","","","","",8,1,8,1,"","","","","","","","","","","","","","","","","","","","","","","","","","","","","","",100,1,"","",41,1,1,1,"","","","","","","","","","","","","","","","","","","","","","","","","","","","","","","","","","","","","","","","","","","","","","","","","","","","","","","","","","","","","","","","","",""
"63263001","PUY-DE-DOME-MN",45.775,2.966667,1461,1965102718,"","","","",5.,1,270,1,"","","","","","","","","","","","","","","","","","","","","","","","","","","","",9.3,1,7.3,1,"","","","","","","","","","","","","","","","","","","","","","","","","","",89,1,"","","","","","","","","","","","",10.4,1,"","","","","","","","",1,1,0,1,2,1,0,1,2,1,"","","","","","","","","","","","","","","","","","","","","","","","",50000,1,"","",2,1,4,1,"","","","","","","","","","","","","","","","","","","","","","","","","","","","","","","","","","","","","","","","","","","","","","","","","","","","","","","","","","","","","","","","","",""
"63263001","PUY-DE-DOME-MN",45.775,2.966667,1461,1965102721,"","","","","","","","","","","","","","","","","","","","","","","","","","","","","","","","","","","","",9.1,1,3.7,1,"","","","","","","","","","","","","","","","","","","","","","","","","","",70,1,"","","","","","","","","","","","",8.,1,"","","","","","","","","","","","","","","","","","","","","","","","","","","","","","","","","","","","","","","","","","","","","","","","","","","","","","","","","","","","","","","","","","","","","","","","","","","","","","","","","","","","","","","","","","","","","","","","","","","","","","","","","","","","","","","","","","","",""
"63263001","PUY-DE-DOME-MN",45.775,2.966667,1461,1965102800,"","","","","","","","","","","","","","","","","","","","","","","","","","","","","","","","","","","","",9.,1,3.7,1,"","","","","","","","","","","","","","","","","","","","","","","","","","",70,1,"","","","","","","","","","","","",8.,1,"","","","","","","","","","","","","","","","","","","","","","","","","","","","","","","","","","","","","","","","","","","","","","","","","","","","","","","","","","","","","","","","","","","","","","","","","","","","","","","","","","","","","","","","","","","","","","","","","","","","","","","","","","","","","","","","","","","",""
"63263001","PUY-DE-DOME-MN",45.775,2.966667,1461,1965102803,"","","","","","","","","","","","","","","","","","","","","","","","","","","","","","","","","","","","",9.,1,2.4,1,"","","","","","","","","","","","","","","","","","","","","","","","","","",63,1,"","","","","","","","","","","","",7.3,1,"","","","","","","","","","","","","","","","","","","","","","","","","","","","","","","","","","","","","","","","","","","","","","","","","","","","","","","","","","","","","","","","","","","","","","","","","","","","","","","","","","","","","","","","","","","","","","","","","","","","","","","","","","","","","","","","","","","",""
"63263001","PUY-DE-DOME-MN",45.775,2.966667,1461,1965102806,"","","","",9.,1,270,1,"","","","","","","","","","","","","","","","","","","","","","","","","","","","",9.4,1,1.6,1,"","","","","","","","","","","","","","","","","","","","","","","","","","",58,1,"","","","","","","","","","","","",6.9,1,"","","","","","","","",2,1,0,1,0,1,3,1,2,1,"","","","","","","","","","","","","","","","","","","","","","","","",80000,1,"","",0,1,"","","","",0,1,"","","","","","","","","","","","","","","","","","","","","","","","","","","","","","","","","","","","","","","","","","","","","","","","","","","","","","","","","","","","","",""
"63263001","PUY-DE-DOME-MN",45.775,2.966667,1461,1965102809,"","","","",8.,1,270,1,"","","","","","","","","","","","","","","","","","","","","","","","","","","","",10.3,1,2.8,1,"","","","","","","","","","","","","","","","","","","","","","","","","","",60,1,"","","","","","","","","","","","",7.5,1,"","","","","","","","",2,1,0,1,2,1,0,1,2,1,"","","","","","","","","","","","","","","","","","","","","","","","",90000,1,"","",2,1,0,1,"","","","","","","","","","","","","","","","","","","","","","","","","","","","","","","","","","","","","","","","","","","","","","","","","","","","","","","","","","","","","","","","","",""
"63263001","PUY-DE-DOME-MN",45.775,2.966667,1461,1965102812,"","","","",0.,1,0,1,"","","","","","","","","","","","","","","","","","","","","","","","","","","","",13.,1,9.2,1,"","","","","","","","","","","","","","","","","","","","","","","","","","",79,1,"","","","","","","","","","","","",11.8,1,"","","","","","","","",1,1,0,1,2,1,0,1,2,1,"","","","","","","","","","","","","","","","","","","","","","","","",70000,1,"","",2,1,0,1,"","","","","","","","","","","","","","","","","","","","","","","","","","","","","","","","","","","","","","","","","","","","","","","","","","","","","","","","","","","","","","","","","",""
"63263001","PUY-DE-DOME-MN",45.775,2.966667,1461,1965102815,"","","","",10.,1,270,1,"","","","","","","","","","","","","","","","","","","","","","","","","","","","",11.9,1,8.5,1,"","","","","","","","","","","","","","","","","","","","","","","","","","",81,1,"","","","","","","","","","","","",11.3,1,"","","","","","","","",2,1,0,1,2,1,0,1,0,1,"","","","","","","","","","","","","","","","","","","","","","","","",60000,1,"","",1,1,1,1,"","","","","","","","","","","","","","","","","","","","","","","","","","","","","","","","","","","","","","","","","","","","","","","","","","","","","","","","","","","","","","","","","",""
"63263001","PUY-DE-DOME-MN",45.775,2.966667,1461,1965102818,"","","","",14.,1,250,1,"","","","","","","","","","","","","","","","","","","","","","","","","","","","",9.9,1,7.3,1,"","","","","","","","","","","","","","","","","","","","","","","","","","",85,1,"","","","","","","","","","","","",10.4,1,"","","","","","","","",1,1,0,1,4,1,0,1,0,1,"","","","","","","","","","","","","","","","","","","","","","","","",60000,1,"","",2,1,1,1,"","","","","","","","","","","","","","","","","","","","","","","","","","","","","","","","","","","","","","","","","","","","","","","","","","","","","","","","","","","","","","","","","",""
"63263001","PUY-DE-DOME-MN",45.775,2.966667,1461,1965102821,"","","","","","","","","","","","","","","","","","","","","","","","","","","","","","","","","","","","",9.9,1,8.4,1,"","","","","","","","","","","","","","","","","","","","","","","","","","",92,1,"","","","","","","","","","","","",11.2,1,"","","","","","","","","","","","","","","","","","","","","","","","","","","","","","","","","","","","","","","","","","","","","","","","","","","","","","","","","","","","","","","","","","","","","","","","","","","","","","","","","","","","","","","","","","","","","","","","","","","","","","","","","","","","","","","","","","","",""
"63263001","PUY-DE-DOME-MN",45.775,2.966667,1461,1965102900,"","","","","","","","","","","","","","","","","","","","","","","","","","","","","","","","","","","","",9.9,1,7.7,1,"","","","","","","","","","","","","","","","","","","","","","","","","","",88,1,"","","","","","","","","","","","",10.7,1,"","","","","","","","","","","","","","","","","","","","","","","","","","","","","","","","","","","","","","","","","","","","","","","","","","","","","","","","","","","","","","","","","","","","","","","","","","","","","","","","","","","","","","","","","","","","","","","","","","","","","","","","","","","","","","","","","","","",""
"63263001","PUY-DE-DOME-MN",45.775,2.966667,1461,1965102903,"","","","","","","","","","","","","","","","","","","","","","","","","","","","","","","","","","","","",8.7,1,8.7,1,"","","","","","","","","","","","","","","","","","","","","","","","","","",100,1,"","","","","","","","","","","","",11.2,1,"","","","","","","","","","","","","","","","","","","","","","","","","","","","","","","","","","","","","","","","","","","","","","","","","","","","","","","","","","","","","","","","","","","","","","","","","","","","","","","","","","","","","","","","","","","","","","","","","","","","","","","","","","","","","","","","","","","",""
"63263001","PUY-DE-DOME-MN",45.775,2.966667,1461,1965102906,"","","","",17.,1,270,1,"","","","","","","","","","","","","","","","","","","","","","","","","","","","",8.7,1,8.7,1,"","","","","","","","","","","","","","","","","","","","","","","","","","",100,1,"","","","","","","","","","","","",11.2,1,"","","","","","","","",9,1,"","","","","","","","","","","","","","","","","","","","","","","","","","","","","","","","",40,1,"","",45,1,6,1,"","",0,1,"","","","","","","","","","","","","","","","","","","","","","","","","","","","","","","","","","","","","","","","","","","","","","","","","","","","","","","","","","","","","",""
"63263001","PUY-DE-DOME-MN",45.775,2.966667,1461,1965102909,"","","","",12.,1,310,1,"","","","","","","","","","","","","","","","","","","","","","","","","","","","",7.2,1,7.2,1,"","","","","","","","","","","","","","","","","","","","","","","","","","",100,1,"","","","","","","","","","","","",10.2,1,"","","","","","","","",8,1,8,1,"","","","","","","","","","","","","","","","","","","","","","","","","","","","","","",100,1,"","",41,1,8,1,"","","","","","","","","","","","","","","","","","","","","","","","","","","","","","","","","","","","","","","","","","","","","","","","","","","","","","","","","","","","","","","","","",""
"63263001","PUY-DE-DOME-MN",45.775,2.966667,1461,1965102912,"","","","",0.,1,0,1,"","","","","","","","","","","","","","","","","","","","","","","","","","","","",8.,1,8.,1,"","","","","","","","","","","","","","","","","","","","","","","","","","",100,1,"","","","","","","","","","","","",10.7,1,"","","","","","","","",9,1,"","","","","","","","","","","","","","","","","","","","","","","","","","","","","","","","",40,1,"","",45,1,8,1,"","","","","","","","","","","","","","","","","","","","","","","","","","","","","","","","","","","","","","","","","","","","","","","","","","","","","","","","","","","","","","","","","",""
"63263001","PUY-DE-DOME-MN",45.775,2.966667,1461,1965102915,"","","","",2.,1,90,1,"","","","","","","","","","","","","","","","","","","","","","","","","","","","",5.3,1,5.3,1,"","","","","","","","","","","","","","","","","","","","","","","","","","",100,1,"","","","","","","","","","","","",8.9,1,"","","","","","","","",9,1,"","","","","","","","","","","","","","","","","","","","","","","","","","","","","","","","",40,1,"","",45,1,4,1,"","","","","","","","","","","","","","","","","","","","","","","","","","","","","","","","","","","","","","","","","","","","","","","","","","","","","","","","","","","","","","","","","",""
"63263001","PUY-DE-DOME-MN",45.775,2.966667,1461,1965102918,"","","","",3.,1,210,1,"","","","","","","","","","","","","","","","","","","","","","","","","","","","",4.3,1,4.3,1,"","","","","","","","","","","","","","","","","","","","","","","","","","",100,1,"","","","","","","","","","","","",8.3,1,"","","","","","","","",9,1,"","","","","","","","","","","","","","","","","","","","","","","","","","","","","","","","",40,1,"","",45,1,4,1,"","","","","","","","","","","","","","","","","","","","","","","","","","","","","","","","","","","","","","","","","","","","","","","","","","","","","","","","","","","","","","","","","",""
"63263001","PUY-DE-DOME-MN",45.775,2.966667,1461,1965102921,"","","","","","","","","","","","","","","","","","","","","","","","","","","","","","","","","","","","",5.9,1,3.5,1,"","","","","","","","","","","","","","","","","","","","","","","","","","",85,1,"","","","","","","","","","","","",7.9,1,"","","","","","","","","","","","","","","","","","","","","","","","","","","","","","","","","","","","","","","","","","","","","","","","","","","","","","","","","","","","","","","","","","","","","","","","","","","","","","","","","","","","","","","","","","","","","","","","","","","","","","","","","","","","","","","","","","","",""
"63263001","PUY-DE-DOME-MN",45.775,2.966667,1461,1965103000,"","","","","","","","","","","","","","","","","","","","","","","","","","","","","","","","","","","","",6.9,1,1.8,1,"","","","","","","","","","","","","","","","","","","","","","","","","","",70,1,"","","","","","","","","","","","",7.,1,"","","","","","","","","","","","","","","","","","","","","","","","","","","","","","","","","","","","","","","","","","","","","","","","","","","","","","","","","","","","","","","","","","","","","","","","","","","","","","","","","","","","","","","","","","","","","","","","","","","","","","","","","","","","","","","","","","","",""
"63263001","PUY-DE-DOME-MN",45.775,2.966667,1461,1965103003,"","","","","","","","","","","","","","","","","","","","","","","","","","","","","","","","","","","","",7.7,1,-0.2,1,"","","","","","","","","","","","","","","","","","","","","","","","","","",57,1,"","","","","","","","","","","","",6.,1,"","","","","","","","","","","","","","","","","","","","","","","","","","","","","","","","","","","","","","","","","","","","","","","","","","","","","","","","","","","","","","","","","","","","","","","","","","","","","","","","","","","","","","","","","","","","","","","","","","","","","","","","","","","","","","","","","","","",""
"63263001","PUY-DE-DOME-MN",45.775,2.966667,1461,1965103006,"","","","",4.,1,290,1,"","","","","","","","","","","","","","","","","","","","","","","","","","","","",7.5,1,-0.9,1,"","","","","","","","","","","","","","","","","","","","","","","","","","",55,1,"","","","","","","","","","","","",5.7,1,"","","","","","","","",1,1,0,1,0,1,0,1,2,1,"","","","","","","","","","","","","","","","","","","","","","","","",90000,1,"","",2,1,0,1,"","",0,1,"","","","","","","","","","","","","","","","","","","","","","","","","","","","","","","","","","","","","","","","","","","","","","","","","","","","","","","","","","","","","",""
"63263001","PUY-DE-DOME-MN",45.775,2.966667,1461,1965103009,"","","","",5.,1,290,1,"","","","","","","","","","","","","","","","","","","","","","","","","","","","",7.1,1,-0.2,1,"","","","","","","","","","","","","","","","","","","","","","","","","","",59,1,"","","","","","","","","","","","",6.,1,"","","","","","","","",1,1,0,1,0,1,0,1,2,1,"","","","","","","","","","","","","","","","","","","","","","","","",90000,1,"","",2,1,0,1,"","","","","","","","","","","","","","","","","","","","","","","","","","","","","","","","","","","","","","","","","","","","","","","","","","","","","","","","","","","","","","","","","",""
"63263001","PUY-DE-DOME-MN",45.775,2.966667,1461,1965103012,"","","","",4.,1,230,1,"","","","","","","","","","","","","","","","","","","","","","","","","","","","",10.6,1,3.,1,"","","","","","","","","","","","","","","","","","","","","","","","","","",59,1,"","","","","","","","","","","","",7.6,1,"","","","","","","","",1,1,0,1,0,1,0,1,2,1,"","","","","","","","","","","","","","","","","","","","","","","","",99990,1,"","",2,1,0,1,"","","","","","","","","","","","","","","","","","","","","","","","","","","","","","","","","","","","","","","","","","","","","","","","","","","","","","","","","","","","","","","","","",""
"63263001","PUY-DE-DOME-MN",45.775,2.966667,1461,1965103015,"","","","",9.,1,270,1,"","","","","","","","","","","","","","","","","","","","","","","","","","","","",9.6,1,-1.6,1,"","","","","","","","","","","","","","","","","","","","","","","","","","",45,1,"","","","","","","","","","","","",5.4,1,"","","","","","","","",1,1,0,1,0,1,0,1,2,1,"","","","","","","","","","","","","","","","","","","","","","","","",99990,1,"","",2,1,0,1,"","","","","","","","","","","","","","","","","","","","","","","","","","","","","","","","","","","","","","","","","","","","","","","","","","","","","","","","","","","","","","","","","",""
"63263001","PUY-DE-DOME-MN",45.775,2.966667,1461,1965103018,"","","","",11.,1,270,1,"","","","","","","","","","","","","","","","","","","","","","","","","","","","",7.1,1,3.5,1,"","","","","","","","","","","","","","","","","","","","","","","","","","",78,1,"","","","","","","","","","","","",7.9,1,"","","","","","","","",2,1,0,1,0,1,0,1,4,1,"","","","","","","","","","","","","","","","","","","","","","","","",99990,1,"","",3,1,0,1,"","","","","","","","","","","","","","","","","","","","","","","","","","","","","","","","","","","","","","","","","","","","","","","","","","","","","","","","","","","","","","","","","",""
"63263001","PUY-DE-DOME-MN",45.775,2.966667,1461,1965103021,"","","","","","","","","","","","","","","","","","","","","","","","","","","","","","","","","","","","",8.8,1,-14.7,1,"","","","","","","","","","","","","","","","","","","","","","","","","","",17,1,"","","","","","","","","","","","",1.9,1,"","","","","","","","","","","","","","","","","","","","","","","","","","","","","","","","","","","","","","","","","","","","","","","","","","","","","","","","","","","","","","","","","","","","","","","","","","","","","","","","","","","","","","","","","","","","","","","","","","","","","","","","","","","","","","","","","","","",""
"63263001","PUY-DE-DOME-MN",45.775,2.966667,1461,1965103100,"","","","","","","","","","","","","","","","","","","","","","","","","","","","","","","","","","","","",5.,1,0.6,1,"","","","","","","","","","","","","","","","","","","","","","","","","","",73,1,"","","","","","","","","","","","",6.4,1,"","","","","","","","","","","","","","","","","","","","","","","","","","","","","","","","","","","","","","","","","","","","","","","","","","","","","","","","","","","","","","","","","","","","","","","","","","","","","","","","","","","","","","","","","","","","","","","","","","","","","","","","","","","","","","","","","","","",""
"63263001","PUY-DE-DOME-MN",45.775,2.966667,1461,1965103103,"","","","","","","","","","","","","","","","","","","","","","","","","","","","","","","","","","","","",4.1,1,2.,1,"","","","","","","","","","","","","","","","","","","","","","","","","","",86,1,"","","","","","","","","","","","",7.1,1,"","","","","","","","","","","","","","","","","","","","","","","","","","","","","","","","","","","","","","","","","","","","","","","","","","","","","","","","","","","","","","","","","","","","","","","","","","","","","","","","","","","","","","","","","","","","","","","","","","","","","","","","","","","","","","","","","","","",""
"63263001","PUY-DE-DOME-MN",45.775,2.966667,1461,1965103106,"","","","",11.,1,270,1,"","","","","","","","","","","","","","","","","","","","","","","","","","","","",3.9,1,2.8,1,"","","","","","","","","","","","","","","","","","","","","","","","","","",93,1,"","","","","","","","","","","","",7.5,1,"","","","","","","","",2,1,0,1,0,1,0,1,2,1,"","","","","","","","","","","","","","","","","","","","","","","","",99990,1,"","",2,1,0,1,"","",0,1,"","","","","","","","","","","","","","","","","","","","","","","","","","","","","","","","","","","","","","","","","","","","","","","","","","","","","","","","","","","","","",""
"63263001","PUY-DE-DOME-MN",45.775,2.966667,1461,1965103109,"","","","",15.,1,270,1,"","","","","","","","","","","","","","","","","","","","","","","","","","","","",4.8,1,2.4,1,"","","","","","","","","","","","","","","","","","","","","","","","","","",85,1,"","","","","","","","","","","","",7.3,1,"","","","","","","","",7,1,7,1,0,1,4,1,4,1,"","","","","","","","","","","","","","","","","","","","","","","","",99990,1,"","",3,1,1,1,"","","","","","","","","","","","","","","","","","","","","","","","","","","","","","","","","","","","","","","","","","","","","","","","","","","","","","","","","","","","","","","","","",""
"63263001","PUY-DE-DOME-MN",45.775,2.966667,1461,1965103112,"","","","",13.,1,270,1,"","","","","","","","","","","","","","","","","","","","","","","","","","","","",5.7,1,4.7,1,"","","","","","","","","","","","","","","","","","","","","","","","","","",93,1,"","","","","","","","","","","","",8.6,1,"","","","","","","","",7,1,7,1,1,1,4,1,4,1,"","","","","","","","","","","","","","","","","","","","","","","","",99990,1,"","",3,1,1,1,"","","","","","","","","","","","","","","","","","","","","","","","","","","","","","","","","","","","","","","","","","","","","","","","","","","","","","","","","","","","","","","","","",""
"63263001","PUY-DE-DOME-MN",45.775,2.966667,1461,1965103115,"","","","",12.,1,270,1,"","","","","","","","","","","","","","","","","","","","","","","","","","","","",6.6,1,4.,1,"","","","","","","","","","","","","","","","","","","","","","","","","","",85,1,"","","","","","","","","","","","",8.2,1,"","","","","","","","",7,1,7,1,1,1,4,1,2,1,"","","","","","","","","","","","","","","","","","","","","","","","",99990,1,"","",1,1,2,1,"","","","","","","","","","","","","","","","","","","","","","","","","","","","","","","","","","","","","","","","","","","","","","","","","","","","","","","","","","","","","","","","","",""
"63263001","PUY-DE-DOME-MN",45.775,2.966667,1461,1965103118,"","","","",14.,1,270,1,"","","","","","","","","","","","","","","","","","","","","","","","","","","","",4.6,1,4.6,1,"","","","","","","","","","","","","","","","","","","","","","","","","","",100,1,"","","","","","","","","","","","",8.5,1,"","","","","","","","",9,1,"","","","","","","","","","","","","","","","","","","","","","","","","","","","","","","","",80,1,"","",47,1,2,1,"","","","","","","","","","","","","","","","","","","","","","","","","","","","","","","","","","","","","","","","","","","","","","","","","","","","","","","","","","","","","","","","","",""
"63263001","PUY-DE-DOME-MN",45.775,2.966667,1461,1965103121,"","","","","","","","","","","","","","","","","","","","","","","","","","","","","","","","","","","","",7.2,1,-2.4,1,"","","","","","","","","","","","","","","","","","","","","","","","","","",50,1,"","","","","","","","","","","","",5.1,1,"","","","","","","","","","","","","","","","","","","","","","","","","","","","","","","","","","","","","","","","","","","","","","","","","","","","","","","","","","","","","","","","","","","","","","","","","","","","","","","","","","","","","","","","","","","","","","","","","","","","","","","","","","","","","","","","","","","",""
"63263001","PUY-DE-DOME-MN",45.775,2.966667,1461,1965110100,"","","","","","","","","","","","","","","","","","","","","","","","","","","","","","","","","","","","",7.,1,-1.4,1,"","","","","","","","","","","","","","","","","","","","","","","","","","",55,1,"","","","","","","","","","","","",5.5,1,"","","","","","","","","","","","","","","","","","","","","","","","","","","","","","","","","","","","","","","","","","","","","","","","","","","","","","","","","","","","","","","","","","","","","","","","","","","","","","","","","","","","","","","","","","","","","","","","","","","","","","","","","","","","","","","","","","","",""
"63263001","PUY-DE-DOME-MN",45.775,2.966667,1461,1965110103,"","","","","","","","","","","","","","","","","","","","","","","","","","","","","","","","","","","","",9.,1,-5.5,1,"","","","","","","","","","","","","","","","","","","","","","","","","","",35,1,"","","","","","","","","","","","",4.,1,"","","","","","","","","","","","","","","","","","","","","","","","","","","","","","","","","","","","","","","","","","","","","","","","","","","","","","","","","","","","","","","","","","","","","","","","","","","","","","","","","","","","","","","","","","","","","","","","","","","","","","","","","","","","","","","","","","","",""
"63263001","PUY-DE-DOME-MN",45.775,2.966667,1461,1965110106,"","","","",23.,1,270,1,"","","","","","","","","","","","","","","","","","","","","","","","","","","","",5.8,1,1.6,1,"","","","","","","","","","","","","","","","","","","","","","","","","","",75,1,"","","","","","","","","","","","",6.9,1,"","","","","","","","",1,1,0,1,5,1,4,1,2,1,"","","","","","","","","","","","","","","","","","","","","","","","",99990,1,"","",2,1,0,1,"","",0,1,"","","","","","","","","","","","","","","","","","","","","","","","","","","","","","","","","","","","","","","","","","","","","","","","","","","","","","","","","","","","","",""
"63263001","PUY-DE-DOME-MN",45.775,2.966667,1461,1965110109,"","","","",25.,1,270,1,"","","","","","","","","","","","","","","","","","","","","","","","","","","","",6.2,1,1.,1,"","","","","","","","","","","","","","","","","","","","","","","","","","",69,1,"","","","","","","","","","","","",6.6,1,"","","","","","","","",1,1,0,1,5,1,4,1,2,1,"","","","","","","","","","","","","","","","","","","","","","","","",99990,1,"","",2,1,0,1,"","","","","","","","","","","","","","","","","","","","","","","","","","","","","","","","","","","","","","","","","","","","","","","","","","","","","","","","","","","","","","","","","",""
"63263001","PUY-DE-DOME-MN",45.775,2.966667,1461,1965110112,"","","","",30.,1,270,1,"","","","","","","","","","","","","","","","","","","","","","","","","","","","",5.2,1,5.2,1,"","","","","","","","","","","","","","","","","","","","","","","","","","",100,1,"","","","","","","","","","","","",8.9,1,"","","","","","","","",9,1,"","","","","","","","","","","","","","","","","","","","","","","","","","","","","","","","",40,1,"","",47,1,0,1,"","","","","","","","","","","","","","","","","","","","","","","","","","","","","","","","","","","","","","","","","","","","","","","","","","","","","","","","","","","","","","","","","",""
"63263001","PUY-DE-DOME-MN",45.775,2.966667,1461,1965110115,"","","","",25.,1,270,1,"","","","","","","","","","","","","","","","","","","","","","","","","","","","",6.4,1,6.4,1,"","","","","","","","","","","","","","","","","","","","","","","","","","",100,1,"","","","","","","","","","","","",9.6,1,"","","","","","","","",8,1,8,1,"","","","","","","","","","","","","","","","","","","","","","","","","","","","","","",40,1,"","",51,1,5,1,"","","","","","","","","","","","","","","","","","","","","","","","","","","","","","","","","","","","","","","","","","","","","","","","","","","","","","","","","","","","","","","","","",""
"63263001","PUY-DE-DOME-MN",45.775,2.966667,1461,1965110118,"","","","",27.,1,270,1,"","","","","","","","","","","","","","","","","","","","","","","","","","","","",7.1,1,7.1,1,"","","","","","","","","","","","","","","","","","","","","","","","","","",100,1,"","","","","","","","","","","","",10.1,1,"","","","","","","","",8,1,8,1,"","","","","","","","","","","","","","","","","","","","","","","","","","","","","","",40,1,"","",51,1,5,1,"","","","","","","","","","","","","","","","","","","","","","","","","","","","","","","","","","","","","","","","","","","","","","","","","","","","","","","","","","","","","","","","","",""
"63263001","PUY-DE-DOME-MN",45.775,2.966667,1461,1965110121,"","","","","","","","","","","","","","","","","","","","","","","","","","","","","","","","","","","","",4.4,1,4.4,1,"","","","","","","","","","","","","","","","","","","","","","","","","","",100,1,"","","","","","","","","","","","",8.4,1,"","","","","","","","","","","","","","","","","","","","","","","","","","","","","","","","","","","","","","","","","","","","","","","","","","","","","","","","","","","","","","","","","","","","","","","","","","","","","","","","","","","","","","","","","","","","","","","","","","","","","","","","","","","","","","","","","","","",""
"63263001","PUY-DE-DOME-MN",45.775,2.966667,1461,1965110200,"","","","","","","","","","","","","","","","","","","","","","","","","","","","","","","","","","","","",3.,1,3.,1,"","","","","","","","","","","","","","","","","","","","","","","","","","",100,1,"","","","","","","","","","","","",7.6,1,"","","","","","","","","","","","","","","","","","","","","","","","","","","","","","","","","","","","","","","","","","","","","","","","","","","","","","","","","","","","","","","","","","","","","","","","","","","","","","","","","","","","","","","","","","","","","","","","","","","","","","","","","","","","","","","","","","","",""
"63263001","PUY-DE-DOME-MN",45.775,2.966667,1461,1965110203,"","","","","","","","","","","","","","","","","","","","","","","","","","","","","","","","","","","","",3.1,1,3.1,1,"","","","","","","","","","","","","","","","","","","","","","","","","","",100,1,"","","","","","","","","","","","",7.6,1,"","","","","","","","","","","","","","","","","","","","","","","","","","","","","","","","","","","","","","","","","","","","","","","","","","","","","","","","","","","","","","","","","","","","","","","","","","","","","","","","","","","","","","","","","","","","","","","","","","","","","","","","","","","","","","","","","","","",""
"63263001","PUY-DE-DOME-MN",45.775,2.966667,1461,1965110206,"","","","",24.,1,270,1,"","","","","","","","","","","","","","","","","","","","","","","","","","","","",3.,1,3.,1,"","","","","","","","","","","","","","","","","","","","","","","","","","",100,1,"","","","","","","","","","","","",7.6,1,"","","","","","","","",9,1,"","","","","","","","","","","","","","","","","","","","","","","","","","","","","","","","",40,1,"","",45,1,5,1,"","",0,1,"","","","","","","","","","","","","","","","","","","","","","","","","","","","","","","","","","","","","","","","","","","","","","","","","","","","","","","","","","","","","",""
"63263001","PUY-DE-DOME-MN",45.775,2.966667,1461,1965110209,"","","","",20.,1,270,1,"","","","","","","","","","","","","","","","","","","","","","","","","","","","",3.3,1,3.3,1,"","","","","","","","","","","","","","","","","","","","","","","","","","",100,1,"","","","","","","","","","","","",7.7,1,"","","","","","","","",8,1,8,1,"","","","","","","","","","","","","","","","","","","","","","","","","","","","","","",40,1,"","",80,1,4,1,"","","","","","","","","","","","","","","","","","","","","","","","","","","","","","","","","","","","","","","","","","","","","","","","","","","","","","","","","","","","","","","","","",""
"63263001","PUY-DE-DOME-MN",45.775,2.966667,1461,1965110212,"","","","",17.,1,290,1,"","","","","","","","","","","","","","","","","","","","","","","","","","","","",4.,1,4.,1,"","","","","","","","","","","","","","","","","","","","","","","","","","",100,1,"","","","","","","","","","","","",8.1,1,"","","","","","","","",8,1,8,1,"","","","","","","","","","","","","","","","","","","","","","","","","","","","","","",40,1,"","",61,1,8,1,"","","","","","","","","","","","","","","","","","","","","","","","","","","","","","","","","","","","","","","","","","","","","","","","","","","","","","","","","","","","","","","","","",""
"63263001","PUY-DE-DOME-MN",45.775,2.966667,1461,1965110215,"","","","",12.,1,310,1,"","","","","","","","","","","","","","","","","","","","","","","","","","","","",3.6,1,3.6,1,"","","","","","","","","","","","","","","","","","","","","","","","","","",100,1,"","","","","","","","","","","","",7.9,1,"","","","","","","","",8,1,8,1,"","","","","","","","","","","","","","","","","","","","","","","","","","","","","","",100,1,"","",41,1,6,1,"","","","","","","","","","","","","","","","","","","","","","","","","","","","","","","","","","","","","","","","","","","","","","","","","","","","","","","","","","","","","","","","","",""
"63263001","PUY-DE-DOME-MN",45.775,2.966667,1461,1965110218,"","","","",14.,1,270,1,"","","","","","","","","","","","","","","","","","","","","","","","","","","","",2.6,1,2.6,1,"","","","","","","","","","","","","","","","","","","","","","","","","","",100,1,"","","","","","","","","","","","",7.4,1,"","","","","","","","",9,1,"","","","","","","","","","","","","","","","","","","","","","","","","","","","","","","","",40,1,"","",45,1,6,1,"","","","","","","","","","","","","","","","","","","","","","","","","","","","","","","","","","","","","","","","","","","","","","","","","","","","","","","","","","","","","","","","","",""
"63263001","PUY-DE-DOME-MN",45.775,2.966667,1461,1965110221,"","","","","","","","","","","","","","","","","","","","","","","","","","","","","","","","","","","","",3.2,1,3.2,1,"","","","","","","","","","","","","","","","","","","","","","","","","","",100,1,"","","","","","","","","","","","",7.7,1,"","","","","","","","","","","","","","","","","","","","","","","","","","","","","","","","","","","","","","","","","","","","","","","","","","","","","","","","","","","","","","","","","","","","","","","","","","","","","","","","","","","","","","","","","","","","","","","","","","","","","","","","","","","","","","","","","","","",""
"63263001","PUY-DE-DOME-MN",45.775,2.966667,1461,1965110300,"","","","","","","","","","","","","","","","","","","","","","","","","","","","","","","","","","","","",3.1,1,3.1,1,"","","","","","","","","","","","","","","","","","","","","","","","","","",100,1,"","","","","","","","","","","","",7.6,1,"","","","","","","","","","","","","","","","","","","","","","","","","","","","","","","","","","","","","","","","","","","","","","","","","","","","","","","","","","","","","","","","","","","","","","","","","","","","","","","","","","","","","","","","","","","","","","","","","","","","","","","","","","","","","","","","","","","",""
"63263001","PUY-DE-DOME-MN",45.775,2.966667,1461,1965110303,"","","","","","","","","","","","","","","","","","","","","","","","","","","","","","","","","","","","",3.1,1,3.1,1,"","","","","","","","","","","","","","","","","","","","","","","","","","",100,1,"","","","","","","","","","","","",7.6,1,"","","","","","","","","","","","","","","","","","","","","","","","","","","","","","","","","","","","","","","","","","","","","","","","","","","","","","","","","","","","","","","","","","","","","","","","","","","","","","","","","","","","","","","","","","","","","","","","","","","","","","","","","","","","","","","","","","","",""
"63263001","PUY-DE-DOME-MN",45.775,2.966667,1461,1965110306,"","","","",20.,1,290,1,"","","","","","","","","","","","","","","","","","","","","","","","","","","","",2.3,1,2.3,1,"","","","","","","","","","","","","","","","","","","","","","","","","","",100,1,"","","","","","","","","","","","",7.1,1,"","","","","","","","",9,1,"","","","","","","","","","","","","","","","","","","","","","","","","","","","","","","","",40,1,"","",45,1,4,1,"","",0,1,"","","","","","","","","","","","","","","","","","","","","","","","","","","","","","","","","","","","","","","","","","","","","","","","","","","","","","","","","","","","","",""
"63263001","PUY-DE-DOME-MN",45.775,2.966667,1461,1965110309,"","","","",15.,1,270,1,"","","","","","","","","","","","","","","","","","","","","","","","","","","","",1.8,1,1.8,1,"","","","","","","","","","","","","","","","","","","","","","","","","","",100,1,"","","","","","","","","","","","",6.9,1,"","","","","","","","",9,1,"","","","","","","","","","","","","","","","","","","","","","","","","","","","","","","","",40,1,"","",45,1,8,1,"","","","","","","","","","","","","","","","","","","","","","","","","","","","","","","","","","","","","","","","","","","","","","","","","","","","","","","","","","","","","","","","","",""
"63263001","PUY-DE-DOME-MN",45.775,2.966667,1461,1965110312,"","","","",15.,1,270,1,"","","","","","","","","","","","","","","","","","","","","","","","","","","","",2.2,1,2.2,1,"","","","","","","","","","","","","","","","","","","","","","","","","","",100,1,"","","","","","","","","","","","",7.2,1,"","","","","","","","",9,1,"","","","","","","","","","","","","","","","","","","","","","","","","","","","","","","","",40,1,"","",45,1,8,1,"","","","","","","","","","","","","","","","","","","","","","","","","","","","","","","","","","","","","","","","","","","","","","","","","","","","","","","","","","","","","","","","","",""
"63263001","PUY-DE-DOME-MN",45.775,2.966667,1461,1965110315,"","","","",16.,1,310,1,"","","","","","","","","","","","","","","","","","","","","","","","","","","","",0.1,1,0.1,1,"","","","","","","","","","","","","","","","","","","","","","","","","","",100,1,"","","","","","","","","","","","",6.1,1,"","","","","","","","",8,1,8,1,"","","","","","","","","","","","","","","","","","","","","","","","","","","","","","",40,1,"","",87,1,4,1,"","","","","","","","","","","","","","","","","","","","","","","","","","","","","","","","","","","","","","","","","","","","","","","","","","","","","","","","","","","","","","","","","",""
"63263001","PUY-DE-DOME-MN",45.775,2.966667,1461,1965110318,"","","","",11.,1,350,1,"","","","","","","","","","","","","","","","","","","","","","","","","","","","",0.4,1,0.4,1,"","","","","","","","","","","","","","","","","","","","","","","","","","",100,1,"","","","","","","","","","","","",6.3,1,"","","","","","","","",9,1,"","","","","","","","","","","","","","","","","","","","","","","","","","","","","","","","",40,1,"","",45,1,7,1,"","","","","","","","","","","","","","","","","","","","","","","","","","","","","","","","","","","","","","","","","","","","","","","","","","","","","","","","","","","","","","","","","",""
"63263001","PUY-DE-DOME-MN",45.775,2.966667,1461,1965110321,"","","","","","","","","","","","","","","","","","","","","","","","","","","","","","","","","","","","",-1.4,1,-1.4,1,"","","","","","","","","","","","","","","","","","","","","","","","","","",100,1,"","","","","","","","","","","","",5.5,1,"","","","","","","","","","","","","","","","","","","","","","","","","","","","","","","","","","","","","","","","","","","","","","","","","","","","","","","","","","","","","","","","","","","","","","","","","","","","","","","","","","","","","","","","","","","","","","","","","","","","","","","","","","","","","","","","","","","",""
"63263001","PUY-DE-DOME-MN",45.775,2.966667,1461,1965110400,"","","","","","","","","","","","","","","","","","","","","","","","","","","","","","","","","","","","",-2.,1,-2.,1,"","","","","","","","","","","","","","","","","","","","","","","","","","",100,1,"","","","","","","","","","","","",5.3,1,"","","","","","","","","","","","","","","","","","","","","","","","","","","","","","","","","","","","","","","","","","","","","","","","","","","","","","","","","","","","","","","","","","","","","","","","","","","","","","","","","","","","","","","","","","","","","","","","","","","","","","","","","","","","","","","","","","","",""
"63263001","PUY-DE-DOME-MN",45.775,2.966667,1461,1965110403,"","","","","","","","","","","","","","","","","","","","","","","","","","","","","","","","","","","","",-2.6,1,-2.6,1,"","","","","","","","","","","","","","","","","","","","","","","","","","",100,1,"","","","","","","","","","","","",5.,1,"","","","","","","","","","","","","","","","","","","","","","","","","","","","","","","","","","","","","","","","","","","","","","","","","","","","","","","","","","","","","","","","","","","","","","","","","","","","","","","","","","","","","","","","","","","","","","","","","","","","","","","","","","","","","","","","","","","",""
"63263001","PUY-DE-DOME-MN",45.775,2.966667,1461,1965110406,"","","","",6.,1,50,1,"","","","","","","","","","","","","","","","","","","","","","","","","","","","",-3.4,1,-3.4,1,"","","","","","","","","","","","","","","","","","","","","","","","","","",100,1,"","","","","","","","","","","","",4.7,1,"","","","","","","","",9,1,"","","","","","","","","","","","","","","","","","","","","","","","","","","","","","","","",40,1,"","",49,1,4,1,"","",0,1,"","","","","","","","","","","","","","","","","","","","","","","","","","","","","","","","","","","","","","","","","","","","","","","","","","","","","","","","","","","","","",""
"63263001","PUY-DE-DOME-MN",45.775,2.966667,1461,1965110409,"","","","",11.,1,90,1,"","","","","","","","","","","","","","","","","","","","","","","","","","","","",-3.2,1,-3.2,1,"","","","","","","","","","","","","","","","","","","","","","","","","","",100,1,"","","","","","","","","","","","",4.8,1,"","","","","","","","",9,1,"","","","","","","","","","","","","","","","","","","","","","","","","","","","","","","","",40,1,"","",49,1,4,1,"","","","","","","","","","","","","","","","","","","","","","","","","","","","","","","","","","","","","","","","","","","","","","","","","","","","","","","","","","","","","","","","","",""
"63263001","PUY-DE-DOME-MN",45.775,2.966667,1461,1965110412,"","","","",9.,1,90,1,"","","","","","","","","","","","","","","","","","","","","","","","","","","","",-2.9,1,-2.9,1,"","","","","","","","","","","","","","","","","","","","","","","","","","",100,1,"","","","","","","","","","","","",4.9,1,"","","","","","","","",9,1,"","","","","","","","","","","","","","","","","","","","","","","","","","","","","","","","",40,1,"","",49,1,4,1,"","","","","","","","","","","","","","","","","","","","","","","","","","","","","","","","","","","","","","","","","","","","","","","","","","","","","","","","","","","","","","","","","",""
"63263001","PUY-DE-DOME-MN",45.775,2.966667,1461,1965110415,"","","","",9.,1,90,1,"","","","","","","","","","","","","","","","","","","","","","","","","","","","",-3.,1,-3.,1,"","","","","","","","","","","","","","","","","","","","","","","","","","",100,1,"","","","","","","","","","","","",4.9,1,"","","","","","","","",9,1,"","","","","","","","","","","","","","","","","","","","","","","","","","","","","","","","",40,1,"","",49,1,4,1,"","","","","","","","","","","","","","","","","","","","","","","","","","","","","","","","","","","","","","","","","","","","","","","","","","","","","","","","","","","","","","","","","",""
"63263001","PUY-DE-DOME-MN",45.775,2.966667,1461,1965110418,"","","","",9.,1,90,1,"","","","","","","","","","","","","","","","","","","","","","","","","","","","",-2.4,1,-2.4,1,"","","","","","","","","","","","","","","","","","","","","","","","","","",100,1,"","","","","","","","","","","","",5.1,1,"","","","","","","","",9,1,"","","","","","","","","","","","","","","","","","","","","","","","","","","","","","","","",40,1,"","",49,1,4,1,"","","","","","","","","","","","","","","","","","","","","","","","","","","","","","","","","","","","","","","","","","","","","","","","","","","","","","","","","","","","","","","","","",""
"63263001","PUY-DE-DOME-MN",45.775,2.966667,1461,1965110421,"","","","","","","","","","","","","","","","","","","","","","","","","","","","","","","","","","","","",-2.2,1,-2.2,1,"","","","","","","","","","","","","","","","","","","","","","","","","","",100,1,"","","","","","","","","","","","",5.2,1,"","","","","","","","","","","","","","","","","","","","","","","","","","","","","","","","","","","","","","","","","","","","","","","","","","","","","","","","","","","","","","","","","","","","","","","","","","","","","","","","","","","","","","","","","","","","","","","","","","","","","","","","","","","","","","","","","","","",""
"63263001","PUY-DE-DOME-MN",45.775,2.966667,1461,1965110500,"","","","","","","","","","","","","","","","","","","","","","","","","","","","","","","","","","","","",-2.1,1,-2.1,1,"","","","","","","","","","","","","","","","","","","","","","","","","","",100,1,"","","","","","","","","","","","",5.2,1,"","","","","","","","","","","","","","","","","","","","","","","","","","","","","","","","","","","","","","","","","","","","","","","","","","","","","","","","","","","","","","","","","","","","","","","","","","","","","","","","","","","","","","","","","","","","","","","","","","","","","","","","","","","","","","","","","","","",""
"63263001","PUY-DE-DOME-MN",45.775,2.966667,1461,1965110503,"","","","","","","","","","","","","","","","","","","","","","","","","","","","","","","","","","","","",-1.7,1,-1.7,1,"","","","","","","","","","","","","","","","","","","","","","","","","","",100,1,"","","","","","","","","","","","",5.4,1,"","","","","","","","","","","","","","","","","","","","","","","","","","","","","","","","","","","","","","","","","","","","","","","","","","","","","","","","","","","","","","","","","","","","","","","","","","","","","","","","","","","","","","","","","","","","","","","","","","","","","","","","","","","","","","","","","","","",""
"63263001","PUY-DE-DOME-MN",45.775,2.966667,1461,1965110506,"","","","",9.,1,90,1,"","","","","","","","","","","","","","","","","","","","","","","","","","","","",0.,1,0.,1,"","","","","","","","","","","","","","","","","","","","","","","","","","",100,1,"","","","","","","","","","","","",6.1,1,"","","","","","","","",9,1,"","","","","","","","","","","","","","","","","","","","","","","","","","","","","","","","",40,1,"","",49,1,4,1,"","",0,1,"","","","","","","","","","","","","","","","","","","","","","","","","","","","","","","","","","","","","","","","","","","","","","","","","","","","","","","","","","","","","",""
"63263001","PUY-DE-DOME-MN",45.775,2.966667,1461,1965110509,"","","","",17.,1,110,1,"","","","","","","","","","","","","","","","","","","","","","","","","","","","",0.2,1,0.2,1,"","","","","","","","","","","","","","","","","","","","","","","","","","",100,1,"","","","","","","","","","","","",6.2,1,"","","","","","","","",8,1,8,1,"","","","","","","","","","","","","","","","","","","","","","","","","","","","","","",100,1,"","",41,1,4,1,"","","","","","","","","","","","","","","","","","","","","","","","","","","","","","","","","","","","","","","","","","","","","","","","","","","","","","","","","","","","","","","","","",""
"63263001","PUY-DE-DOME-MN",45.775,2.966667,1461,1965110512,"","","","",20.,1,110,1,"","","","","","","","","","","","","","","","","","","","","","","","","","","","",2.7,1,2.7,1,"","","","","","","","","","","","","","","","","","","","","","","","","","",100,1,"","","","","","","","","","","","",7.4,1,"","","","","","","","",8,1,8,1,"","","","","","","","","","","","","","","","","","","","","","","","","","","","","","",100,1,"","",41,1,6,1,"","","","","","","","","","","","","","","","","","","","","","","","","","","","","","","","","","","","","","","","","","","","","","","","","","","","","","","","","","","","","","","","","",""
"63263001","PUY-DE-DOME-MN",45.775,2.966667,1461,1965110515,"","","","",22.,1,130,1,"","","","","","","","","","","","","","","","","","","","","","","","","","","","",3.6,1,3.6,1,"","","","","","","","","","","","","","","","","","","","","","","","","","",100,1,"","","","","","","","","","","","",7.9,1,"","","","","","","","",8,1,8,1,"","","","","","","","","","","","","","","","","","","","","","","","","","","","","","",100,1,"","",41,1,4,1,"","","","","","","","","","","","","","","","","","","","","","","","","","","","","","","","","","","","","","","","","","","","","","","","","","","","","","","","","","","","","","","","","",""
"63263001","PUY-DE-DOME-MN",45.775,2.966667,1461,1965110518,"","","","",21.,1,130,1,"","","","","","","","","","","","","","","","","","","","","","","","","","","","",4.,1,4.,1,"","","","","","","","","","","","","","","","","","","","","","","","","","",100,1,"","","","","","","","","","","","",8.1,1,"","","","","","","","",9,1,"","","","","","","","","","","","","","","","","","","","","","","","","","","","","","","","",40,1,"","",45,1,4,1,"","","","","","","","","","","","","","","","","","","","","","","","","","","","","","","","","","","","","","","","","","","","","","","","","","","","","","","","","","","","","","","","","",""
"63263001","PUY-DE-DOME-MN",45.775,2.966667,1461,1965110521,"","","","","","","","","","","","","","","","","","","","","","","","","","","","","","","","","","","","",5.2,1,5.2,1,"","","","","","","","","","","","","","","","","","","","","","","","","","",100,1,"","","","","","","","","","","","",8.9,1,"","","","","","","","","","","","","","","","","","","","","","","","","","","","","","","","","","","","","","","","","","","","","","","","","","","","","","","","","","","","","","","","","","","","","","","","","","","","","","","","","","","","","","","","","","","","","","","","","","","","","","","","","","","","","","","","","","","",""
"63263001","PUY-DE-DOME-MN",45.775,2.966667,1461,1965110600,"","","","","","","","","","","","","","","","","","","","","","","","","","","","","","","","","","","","",7.5,1,7.5,1,"","","","","","","","","","","","","","","","","","","","","","","","","","",100,1,"","","","","","","","","","","","",10.4,1,"","","","","","","","","","","","","","","","","","","","","","","","","","","","","","","","","","","","","","","","","","","","","","","","","","","","","","","","","","","","","","","","","","","","","","","","","","","","","","","","","","","","","","","","","","","","","","","","","","","","","","","","","","","","","","","","","","","",""
"63263001","PUY-DE-DOME-MN",45.775,2.966667,1461,1965110603,"","","","","","","","","","","","","","","","","","","","","","","","","","","","","","","","","","","","",7.5,1,7.5,1,"","","","","","","","","","","","","","","","","","","","","","","","","","",100,1,"","","","","","","","","","","","",10.4,1,"","","","","","","","","","","","","","","","","","","","","","","","","","","","","","","","","","","","","","","","","","","","","","","","","","","","","","","","","","","","","","","","","","","","","","","","","","","","","","","","","","","","","","","","","","","","","","","","","","","","","","","","","","","","","","","","","","","",""
"63263001","PUY-DE-DOME-MN",45.775,2.966667,1461,1965110606,"","","","",24.,1,170,1,"","","","","","","","","","","","","","","","","","","","","","","","","","","","",8.,1,8.,1,"","","","","","","","","","","","","","","","","","","","","","","","","","",100,1,"","","","","","","","","","","","",10.7,1,"","","","","","","","",8,1,8,1,"","","","","","","","","","","","","","","","","","","","","","","","","","","","","","",100,1,"","",41,1,6,1,"","",0,1,"","","","","","","","","","","","","","","","","","","","","","","","","","","","","","","","","","","","","","","","","","","","","","","","","","","","","","","","","","","","","",""
"63263001","PUY-DE-DOME-MN",45.775,2.966667,1461,1965110609,"","","","",23.,1,170,1,"","","","","","","","","","","","","","","","","","","","","","","","","","","","",8.2,1,8.2,1,"","","","","","","","","","","","","","","","","","","","","","","","","","",100,1,"","","","","","","","","","","","",10.9,1,"","","","","","","","",8,1,8,1,"","","","","","","","","","","","","","","","","","","","","","","","","","","","","","",100,1,"","",41,1,4,1,"","","","","","","","","","","","","","","","","","","","","","","","","","","","","","","","","","","","","","","","","","","","","","","","","","","","","","","","","","","","","","","","","",""
"63263001","PUY-DE-DOME-MN",45.775,2.966667,1461,1965110612,"","","","",22.,1,210,1,"","","","","","","","","","","","","","","","","","","","","","","","","","","","",11.8,1,7.2,1,"","","","","","","","","","","","","","","","","","","","","","","","","","",75,1,"","","","","","","","","","","","",10.3,1,"","","","","","","","",7,1,7,1,0,1,7,1,"","","","","","","","","","","","","","","","","","","","","","","","","","",40000,1,"","",2,1,4,1,"","","","","","","","","","","","","","","","","","","","","","","","","","","","","","","","","","","","","","","","","","","","","","","","","","","","","","","","","","","","","","","","","",""
"63263001","PUY-DE-DOME-MN",45.775,2.966667,1461,1965110615,"","","","",30.,1,210,1,"","","","","","","","","","","","","","","","","","","","","","","","","","","","",10.9,1,8.,1,"","","","","","","","","","","","","","","","","","","","","","","","","","",84,1,"","","","","","","","","","","","",10.9,1,"","","","","","","","",7,1,6,1,5,1,4,1,2,1,"","","","","","","","","","","","","","","","","","","","","","","","",30000,1,"","",2,1,2,1,"","","","","","","","","","","","","","","","","","","","","","","","","","","","","","","","","","","","","","","","","","","","","","","","","","","","","","","","","","","","","","","","","",""
"63263001","PUY-DE-DOME-MN",45.775,2.966667,1461,1965110618,"","","","",26.,1,170,1,"","","","","","","","","","","","","","","","","","","","","","","","","","","","",9.7,1,8.,1,"","","","","","","","","","","","","","","","","","","","","","","","","","",91,1,"","","","","","","","","","","","",10.9,1,"","","","","","","","",4,1,0,1,5,1,4,1,2,1,"","","","","","","","","","","","","","","","","","","","","","","","",40000,1,"","",2,1,1,1,"","","","","","","","","","","","","","","","","","","","","","","","","","","","","","","","","","","","","","","","","","","","","","","","","","","","","","","","","","","","","","","","","",""
"63263001","PUY-DE-DOME-MN",45.775,2.966667,1461,1965110621,"","","","","","","","","","","","","","","","","","","","","","","","","","","","","","","","","","","","",9.7,1,6.5,1,"","","","","","","","","","","","","","","","","","","","","","","","","","",82,1,"","","","","","","","","","","","",9.8,1,"","","","","","","","","","","","","","","","","","","","","","","","","","","","","","","","","","","","","","","","","","","","","","","","","","","","","","","","","","","","","","","","","","","","","","","","","","","","","","","","","","","","","","","","","","","","","","","","","","","","","","","","","","","","","","","","","","","",""
"63263001","PUY-DE-DOME-MN",45.775,2.966667,1461,1965110700,"","","","","","","","","","","","","","","","","","","","","","","","","","","","","","","","","","","","",8.5,1,6.5,1,"","","","","","","","","","","","","","","","","","","","","","","","","","",88,1,"","","","","","","","","","","","",9.8,1,"","","","","","","","","","","","","","","","","","","","","","","","","","","","","","","","","","","","","","","","","","","","","","","","","","","","","","","","","","","","","","","","","","","","","","","","","","","","","","","","","","","","","","","","","","","","","","","","","","","","","","","","","","","","","","","","","","","",""
"63263001","PUY-DE-DOME-MN",45.775,2.966667,1461,1965110703,"","","","","","","","","","","","","","","","","","","","","","","","","","","","","","","","","","","","",8.2,1,6.1,1,"","","","","","","","","","","","","","","","","","","","","","","","","","",87,1,"","","","","","","","","","","","",9.5,1,"","","","","","","","","","","","","","","","","","","","","","","","","","","","","","","","","","","","","","","","","","","","","","","","","","","","","","","","","","","","","","","","","","","","","","","","","","","","","","","","","","","","","","","","","","","","","","","","","","","","","","","","","","","","","","","","","","","",""
"63263001","PUY-DE-DOME-MN",45.775,2.966667,1461,1965110706,"","","","",14.,1,230,1,"","","","","","","","","","","","","","","","","","","","","","","","","","","","",7.,1,5.3,1,"","","","","","","","","","","","","","","","","","","","","","","","","","",90,1,"","","","","","","","","","","","",9.,1,"","","","","","","","",2,1,0,1,2,1,0,1,0,1,"","","","","","","","","","","","","","","","","","","","","","","","",40000,1,"","",0,1,"","","","",0,1,"","","","","","","","","","","","","","","","","","","","","","","","","","","","","","","","","","","","","","","","","","","","","","","","","","","","","","","","","","","","","",""
"63263001","PUY-DE-DOME-MN",45.775,2.966667,1461,1965110709,"","","","",5.,1,250,1,"","","","","","","","","","","","","","","","","","","","","","","","","","","","",5.3,1,3.3,1,"","","","","","","","","","","","","","","","","","","","","","","","","","",88,1,"","","","","","","","","","","","",7.8,1,"","","","","","","","",7,1,7,1,2,1,"","","","","","","","","","","","","","","","","","","","","","","","","","","","",40000,1,"","",3,1,1,1,"","","","","","","","","","","","","","","","","","","","","","","","","","","","","","","","","","","","","","","","","","","","","","","","","","","","","","","","","","","","","","","","","",""
"63263001","PUY-DE-DOME-MN",45.775,2.966667,1461,1965110712,"","","","",6.,1,270,1,"","","","","","","","","","","","","","","","","","","","","","","","","","","","",5.,1,3.,1,"","","","","","","","","","","","","","","","","","","","","","","","","","",87,1,"","","","","","","","","","","","",7.6,1,"","","","","","","","",7,1,7,1,9,1,"","","","","","","","","","","","","","","","","","","","","","","","","","","","",20000,1,"","",15,1,1,1,"","","","","","","","","","","","","","","","","","","","","","","","","","","","","","","","","","","","","","","","","","","","","","","","","","","","","","","","","","","","","","","","","",""
"63263001","PUY-DE-DOME-MN",45.775,2.966667,1461,1965110715,"","","","",13.,1,270,1,"","","","","","","","","","","","","","","","","","","","","","","","","","","","",5.1,1,1.2,1,"","","","","","","","","","","","","","","","","","","","","","","","","","",76,1,"","","","","","","","","","","","",6.7,1,"","","","","","","","",8,1,8,1,9,1,"","","","","","","","","","","","","","","","","","","","","","","","","","","","",20000,1,"","",25,1,8,1,"","","","","","","","","","","","","","","","","","","","","","","","","","","","","","","","","","","","","","","","","","","","","","","","","","","","","","","","","","","","","","","","","",""
"63263001","PUY-DE-DOME-MN",45.775,2.966667,1461,1965110718,"","","","",10.,1,270,1,"","","","","","","","","","","","","","","","","","","","","","","","","","","","",5.3,1,2.4,1,"","","","","","","","","","","","","","","","","","","","","","","","","","",82,1,"","","","","","","","","","","","",7.3,1,"","","","","","","","",3,1,0,1,2,1,0,1,0,1,"","","","","","","","","","","","","","","","","","","","","","","","",70000,1,"","",1,1,8,1,"","","","","","","","","","","","","","","","","","","","","","","","","","","","","","","","","","","","","","","","","","","","","","","","","","","","","","","","","","","","","","","","","",""
"63263001","PUY-DE-DOME-MN",45.775,2.966667,1461,1965110721,"","","","","","","","","","","","","","","","","","","","","","","","","","","","","","","","","","","","",5.,1,1.4,1,"","","","","","","","","","","","","","","","","","","","","","","","","","",78,1,"","","","","","","","","","","","",6.8,1,"","","","","","","","","","","","","","","","","","","","","","","","","","","","","","","","","","","","","","","","","","","","","","","","","","","","","","","","","","","","","","","","","","","","","","","","","","","","","","","","","","","","","","","","","","","","","","","","","","","","","","","","","","","","","","","","","","","",""
"63263001","PUY-DE-DOME-MN",45.775,2.966667,1461,1965110800,"","","","","","","","","","","","","","","","","","","","","","","","","","","","","","","","","","","","",3.9,1,1.8,1,"","","","","","","","","","","","","","","","","","","","","","","","","","",87,1,"","","","","","","","","","","","",7.,1,"","","","","","","","","","","","","","","","","","","","","","","","","","","","","","","","","","","","","","","","","","","","","","","","","","","","","","","","","","","","","","","","","","","","","","","","","","","","","","","","","","","","","","","","","","","","","","","","","","","","","","","","","","","","","","","","","","","",""
"63263001","PUY-DE-DOME-MN",45.775,2.966667,1461,1965110803,"","","","","","","","","","","","","","","","","","","","","","","","","","","","","","","","","","","","",3.6,1,2.,1,"","","","","","","","","","","","","","","","","","","","","","","","","","",90,1,"","","","","","","","","","","","",7.1,1,"","","","","","","","","","","","","","","","","","","","","","","","","","","","","","","","","","","","","","","","","","","","","","","","","","","","","","","","","","","","","","","","","","","","","","","","","","","","","","","","","","","","","","","","","","","","","","","","","","","","","","","","","","","","","","","","","","","",""
"63263001","PUY-DE-DOME-MN",45.775,2.966667,1461,1965110806,"","","","",3.,1,230,1,"","","","","","","","","","","","","","","","","","","","","","","","","","","","",4.,1,0.8,1,"","","","","","","","","","","","","","","","","","","","","","","","","","",80,1,"","","","","","","","","","","","",6.5,1,"","","","","","","","",1,1,0,1,5,1,0,1,0,1,"","","","","","","","","","","","","","","","","","","","","","","","",99990,1,"","",2,1,"","","","",0,1,"","","","","","","","","","","","","","","","","","","","","","","","","","","","","","","","","","","","","","","","","","","","","","","","","","","","","","","","","","","","","",""
"63263001","PUY-DE-DOME-MN",45.775,2.966667,1461,1965110809,"","","","",9.,1,210,1,"","","","","","","","","","","","","","","","","","","","","","","","","","","","",6.5,1,0.2,1,"","","","","","","","","","","","","","","","","","","","","","","","","","",64,1,"","","","","","","","","","","","",6.2,1,"","","","","","","","",1,1,0,1,0,1,0,1,1,1,"","","","","","","","","","","","","","","","","","","","","","","","",99990,1,"","",3,1,0,1,"","","","","","","","","","","","","","","","","","","","","","","","","","","","","","","","","","","","","","","","","","","","","","","","","","","","","","","","","","","","","","","","","",""
"63263001","PUY-DE-DOME-MN",45.775,2.966667,1461,1965110812,"","","","",5.,1,210,1,"","","","","","","","","","","","","","","","","","","","","","","","","","","","",8.8,1,0.,1,"","","","","","","","","","","","","","","","","","","","","","","","","","",54,1,"","","","","","","","","","","","",6.1,1,"","","","","","","","",2,1,0,1,1,1,0,1,2,1,"","","","","","","","","","","","","","","","","","","","","","","","",99990,1,"","",3,1,0,1,"","","","","","","","","","","","","","","","","","","","","","","","","","","","","","","","","","","","","","","","","","","","","","","","","","","","","","","","","","","","","","","","","",""
"63263001","PUY-DE-DOME-MN",45.775,2.966667,1461,1965110815,"","","","",8.,1,150,1,"","","","","","","","","","","","","","","","","","","","","","","","","","","","",6.8,1,0.2,1,"","","","","","","","","","","","","","","","","","","","","","","","","","",63,1,"","","","","","","","","","","","",6.2,1,"","","","","","","","",3,1,0,1,4,1,4,1,2,1,"","","","","","","","","","","","","","","","","","","","","","","","",90000,1,"","",3,1,0,1,"","","","","","","","","","","","","","","","","","","","","","","","","","","","","","","","","","","","","","","","","","","","","","","","","","","","","","","","","","","","","","","","","",""
"63263001","PUY-DE-DOME-MN",45.775,2.966667,1461,1965110818,"","","","",10.,1,130,1,"","","","","","","","","","","","","","","","","","","","","","","","","","","","",5.4,1,3.7,1,"","","","","","","","","","","","","","","","","","","","","","","","","","",89,1,"","","","","","","","","","","","",8.,1,"","","","","","","","",7,1,7,1,5,1,4,1,2,1,"","","","","","","","","","","","","","","","","","","","","","","","",80000,1,"","",3,1,1,1,"","","","","","","","","","","","","","","","","","","","","","","","","","","","","","","","","","","","","","","","","","","","","","","","","","","","","","","","","","","","","","","","","",""
"63263001","PUY-DE-DOME-MN",45.775,2.966667,1461,1965110821,"","","","","","","","","","","","","","","","","","","","","","","","","","","","","","","","","","","","",4.6,1,2.6,1,"","","","","","","","","","","","","","","","","","","","","","","","","","",87,1,"","","","","","","","","","","","",7.4,1,"","","","","","","","","","","","","","","","","","","","","","","","","","","","","","","","","","","","","","","","","","","","","","","","","","","","","","","","","","","","","","","","","","","","","","","","","","","","","","","","","","","","","","","","","","","","","","","","","","","","","","","","","","","","","","","","","","","",""
"63263001","PUY-DE-DOME-MN",45.775,2.966667,1461,1965110900,"","","","","","","","","","","","","","","","","","","","","","","","","","","","","","","","","","","","",6.4,1,-3.7,1,"","","","","","","","","","","","","","","","","","","","","","","","","","",48,1,"","","","","","","","","","","","",4.6,1,"","","","","","","","","","","","","","","","","","","","","","","","","","","","","","","","","","","","","","","","","","","","","","","","","","","","","","","","","","","","","","","","","","","","","","","","","","","","","","","","","","","","","","","","","","","","","","","","","","","","","","","","","","","","","","","","","","","",""
"63263001","PUY-DE-DOME-MN",45.775,2.966667,1461,1965110903,"","","","","","","","","","","","","","","","","","","","","","","","","","","","","","","","","","","","",5.3,1,1.2,1,"","","","","","","","","","","","","","","","","","","","","","","","","","",75,1,"","","","","","","","","","","","",6.7,1,"","","","","","","","","","","","","","","","","","","","","","","","","","","","","","","","","","","","","","","","","","","","","","","","","","","","","","","","","","","","","","","","","","","","","","","","","","","","","","","","","","","","","","","","","","","","","","","","","","","","","","","","","","","","","","","","","","","",""
"63263001","PUY-DE-DOME-MN",45.775,2.966667,1461,1965110906,"","","","",22.,1,270,1,"","","","","","","","","","","","","","","","","","","","","","","","","","","","",1.7,1,1.7,1,"","","","","","","","","","","","","","","","","","","","","","","","","","",100,1,"","","","","","","","","","","","",6.9,1,"","","","","","","","",9,1,"","","","","","","","","","","","","","","","","","","","","","","","","","","","","","","","",40,1,"","",45,1,4,1,"","",0,1,"","","","","","","","","","","","","","","","","","","","","","","","","","","","","","","","","","","","","","","","","","","","","","","","","","","","","","","","","","","","","",""
"63263001","PUY-DE-DOME-MN",45.775,2.966667,1461,1965110909,"","","","",18.,1,270,1,"","","","","","","","","","","","","","","","","","","","","","","","","","","","",0.3,1,0.3,1,"","","","","","","","","","","","","","","","","","","","","","","","","","",100,1,"","","","","","","","","","","","",6.2,1,"","","","","","","","",8,1,8,1,"","","","","","","","","","","","","","","","","","","","","","","","","","","","","","",40,1,"","",71,1,4,1,"","","","","","","","","","","","","","","","","","","","","","","","","","","","","","","","","","","","","","","","","","","","","","","","","","","","","","","","","","","","","","","","","",""
"63263001","PUY-DE-DOME-MN",45.775,2.966667,1461,1965110912,"","","","",19.,1,270,1,"","","","","","","","","","","","","","","","","","","","","","","","","","","","",1.2,1,1.2,1,"","","","","","","","","","","","","","","","","","","","","","","","","","",100,1,"","","","","","","","","","","","",6.6,1,"","","","","","","","",9,1,"","","","","","","","","","","","","","","","","","","","","","","","","","","","","","","","",40,1,"","",45,1,4,1,"","","","","","","","","","","","","","","","","","","","","","","","","","","","","","","","","","","","","","","","","","","","","","","","","","","","","","","","","","","","","","","","","",""
"63263001","PUY-DE-DOME-MN",45.775,2.966667,1461,1965110915,"","","","",17.,1,270,1,"","","","","","","","","","","","","","","","","","","","","","","","","","","","",1.4,1,1.4,1,"","","","","","","","","","","","","","","","","","","","","","","","","","",100,1,"","","","","","","","","","","","",6.7,1,"","","","","","","","",9,1,"","","","","","","","","","","","","","","","","","","","","","","","","","","","","","","","",40,1,"","",45,1,4,1,"","","","","","","","","","","","","","","","","","","","","","","","","","","","","","","","","","","","","","","","","","","","","","","","","","","","","","","","","","","","","","","","","",""
"63263001","PUY-DE-DOME-MN",45.775,2.966667,1461,1965110918,"","","","",17.,1,270,1,"","","","","","","","","","","","","","","","","","","","","","","","","","","","",1.8,1,1.8,1,"","","","","","","","","","","","","","","","","","","","","","","","","","",100,1,"","","","","","","","","","","","",6.9,1,"","","","","","","","",8,1,8,1,"","","","","","","","","","","","","","","","","","","","","","","","","","","","","","",40,1,"","",51,1,5,1,"","","","","","","","","","","","","","","","","","","","","","","","","","","","","","","","","","","","","","","","","","","","","","","","","","","","","","","","","","","","","","","","","",""
"63263001","PUY-DE-DOME-MN",45.775,2.966667,1461,1965110921,"","","","","","","","","","","","","","","","","","","","","","","","","","","","","","","","","","","","",0.2,1,0.2,1,"","","","","","","","","","","","","","","","","","","","","","","","","","",100,1,"","","","","","","","","","","","",6.2,1,"","","","","","","","","","","","","","","","","","","","","","","","","","","","","","","","","","","","","","","","","","","","","","","","","","","","","","","","","","","","","","","","","","","","","","","","","","","","","","","","","","","","","","","","","","","","","","","","","","","","","","","","","","","","","","","","","","","",""
"63263001","PUY-DE-DOME-MN",45.775,2.966667,1461,1965111000,"","","","","","","","","","","","","","","","","","","","","","","","","","","","","","","","","","","","",1.3,1,1.3,1,"","","","","","","","","","","","","","","","","","","","","","","","","","",100,1,"","","","","","","","","","","","",6.7,1,"","","","","","","","","","","","","","","","","","","","","","","","","","","","","","","","","","","","","","","","","","","","","","","","","","","","","","","","","","","","","","","","","","","","","","","","","","","","","","","","","","","","","","","","","","","","","","","","","","","","","","","","","","","","","","","","","","","",""
"63263001","PUY-DE-DOME-MN",45.775,2.966667,1461,1965111003,"","","","","","","","","","","","","","","","","","","","","","","","","","","","","","","","","","","","",0.3,1,0.3,1,"","","","","","","","","","","","","","","","","","","","","","","","","","",100,1,"","","","","","","","","","","","",6.2,1,"","","","","","","","","","","","","","","","","","","","","","","","","","","","","","","","","","","","","","","","","","","","","","","","","","","","","","","","","","","","","","","","","","","","","","","","","","","","","","","","","","","","","","","","","","","","","","","","","","","","","","","","","","","","","","","","","","","",""
"63263001","PUY-DE-DOME-MN",45.775,2.966667,1461,1965111006,"","","","",17.,1,290,1,"","","","","","","","","","","","","","","","","","","","","","","","","","","","",0.3,1,0.3,1,"","","","","","","","","","","","","","","","","","","","","","","","","","",100,1,"","","","","","","","","","","","",6.2,1,"","","","","","","","",9,1,"","","","","","","","","","","","","","","","","","","","","","","","","","","","","","","","",40,1,"","",45,1,8,1,"","",0,1,"","","","","","","","","","","","","","","","","","","","","","","","","","","","","","","","","","","","","","","","","","","","","","","","","","","","","","","","","","","","","",""
"63263001","PUY-DE-DOME-MN",45.775,2.966667,1461,1965111009,"","","","",18.,1,290,1,"","","","","","","","","","","","","","","","","","","","","","","","","","","","",0.1,1,0.1,1,"","","","","","","","","","","","","","","","","","","","","","","","","","",100,1,"","","","","","","","","","","","",6.1,1,"","","","","","","","",9,1,"","","","","","","","","","","","","","","","","","","","","","","","","","","","","","","","",40,1,"","",45,1,4,1,"","","","","","","","","","","","","","","","","","","","","","","","","","","","","","","","","","","","","","","","","","","","","","","","","","","","","","","","","","","","","","","","","",""
"63263001","PUY-DE-DOME-MN",45.775,2.966667,1461,1965111012,"","","","",14.,1,290,1,"","","","","","","","","","","","","","","","","","","","","","","","","","","","",0.,1,0.,1,"","","","","","","","","","","","","","","","","","","","","","","","","","",100,1,"","","","","","","","","","","","",6.1,1,"","","","","","","","",8,1,8,1,"","","","","","","","","","","","","","","","","","","","","","","","","","","","","","",40,1,"","",85,1,4,1,"","","","","","","","","","","","","","","","","","","","","","","","","","","","","","","","","","","","","","","","","","","","","","","","","","","","","","","","","","","","","","","","","",""
"63263001","PUY-DE-DOME-MN",45.775,2.966667,1461,1965111015,"","","","",15.,1,290,1,"","","","","","","","","","","","","","","","","","","","","","","","","","","","",-0.1,1,-0.1,1,"","","","","","","","","","","","","","","","","","","","","","","","","","",100,1,"","","","","","","","","","","","",6.1,1,"","","","","","","","",9,1,"","","","","","","","","","","","","","","","","","","","","","","","","","","","","","","","",40,1,"","",49,1,8,1,"","","","","","","","","","","","","","","","","","","","","","","","","","","","","","","","","","","","","","","","","","","","","","","","","","","","","","","","","","","","","","","","","",""
"63263001","PUY-DE-DOME-MN",45.775,2.966667,1461,1965111018,"","","","",17.,1,290,1,"","","","","","","","","","","","","","","","","","","","","","","","","","","","",0.,1,0.,1,"","","","","","","","","","","","","","","","","","","","","","","","","","",100,1,"","","","","","","","","","","","",6.1,1,"","","","","","","","",9,1,"","","","","","","","","","","","","","","","","","","","","","","","","","","","","","","","",40,1,"","",45,1,8,1,"","","","","","","","","","","","","","","","","","","","","","","","","","","","","","","","","","","","","","","","","","","","","","","","","","","","","","","","","","","","","","","","","",""
"63263001","PUY-DE-DOME-MN",45.775,2.966667,1461,1965111021,"","","","","","","","","","","","","","","","","","","","","","","","","","","","","","","","","","","","",1.,1,1.,1,"","","","","","","","","","","","","","","","","","","","","","","","","","",100,1,"","","","","","","","","","","","",6.6,1,"","","","","","","","","","","","","","","","","","","","","","","","","","","","","","","","","","","","","","","","","","","","","","","","","","","","","","","","","","","","","","","","","","","","","","","","","","","","","","","","","","","","","","","","","","","","","","","","","","","","","","","","","","","","","","","","","","","",""
"63263001","PUY-DE-DOME-MN",45.775,2.966667,1461,1965111100,"","","","","","","","","","","","","","","","","","","","","","","","","","","","","","","","","","","","",0.4,1,0.4,1,"","","","","","","","","","","","","","","","","","","","","","","","","","",100,1,"","","","","","","","","","","","",6.3,1,"","","","","","","","","","","","","","","","","","","","","","","","","","","","","","","","","","","","","","","","","","","","","","","","","","","","","","","","","","","","","","","","","","","","","","","","","","","","","","","","","","","","","","","","","","","","","","","","","","","","","","","","","","","","","","","","","","","",""
"63263001","PUY-DE-DOME-MN",45.775,2.966667,1461,1965111103,"","","","","","","","","","","","","","","","","","","","","","","","","","","","","","","","","","","","",0.,1,0.,1,"","","","","","","","","","","","","","","","","","","","","","","","","","",100,1,"","","","","","","","","","","","",6.1,1,"","","","","","","","","","","","","","","","","","","","","","","","","","","","","","","","","","","","","","","","","","","","","","","","","","","","","","","","","","","","","","","","","","","","","","","","","","","","","","","","","","","","","","","","","","","","","","","","","","","","","","","","","","","","","","","","","","","",""
"63263001","PUY-DE-DOME-MN",45.775,2.966667,1461,1965111106,"","","","",7.,1,290,1,"","","","","","","","","","","","","","","","","","","","","","","","","","","","",0.,1,0.,1,"","","","","","","","","","","","","","","","","","","","","","","","","","",100,1,"","","","","","","","","","","","",6.1,1,"","","","","","","","",9,1,"","","","","","","","","","","","","","","","","","","","","","","","","","","","","","","","",80,1,"","",45,1,7,1,"","",0,1,"","","","","","","","","","","","","","","","","","","","","","","","","","","","","","","","","","","","","","","","","","","","","","","","","","","","","","","","","","","","","",""
"63263001","PUY-DE-DOME-MN",45.775,2.966667,1461,1965111109,"","","","",2.,1,290,1,"","","","","","","","","","","","","","","","","","","","","","","","","","","","",-0.8,1,-1.4,1,"","","","","","","","","","","","","","","","","","","","","","","","","","",95,1,"","","","","","","","","","","","",5.5,1,"","","","","","","","",8,1,8,1,5,1,"","","","","","","","","","","","","","","","","","","","","","","","","","","","",60000,1,"","",28,1,4,1,"","","","","","","","","","","","","","","","","","","","","","","","","","","","","","","","","","","","","","","","","","","","","","","","","","","","","","","","","","","","","","","","","",""
"63263001","PUY-DE-DOME-MN",45.775,2.966667,1461,1965111112,"","","","",3.,1,290,1,"","","","","","","","","","","","","","","","","","","","","","","","","","","","",0.,1,0.,1,"","","","","","","","","","","","","","","","","","","","","","","","","","",100,1,"","","","","","","","","","","","",6.1,1,"","","","","","","","",9,1,"","","","","","","","","","","","","","","","","","","","","","","","","","","","","","","","",80,1,"","",45,1,2,1,"","","","","","","","","","","","","","","","","","","","","","","","","","","","","","","","","","","","","","","","","","","","","","","","","","","","","","","","","","","","","","","","","",""
"63263001","PUY-DE-DOME-MN",45.775,2.966667,1461,1965111115,"","","","",8.,1,290,1,"","","","","","","","","","","","","","","","","","","","","","","","","","","","",-0.2,1,-0.2,1,"","","","","","","","","","","","","","","","","","","","","","","","","","",100,1,"","","","","","","","","","","","",6.,1,"","","","","","","","",9,1,"","","","","","","","","","","","","","","","","","","","","","","","","","","","","","","","",100,1,"","",49,1,7,1,"","","","","","","","","","","","","","","","","","","","","","","","","","","","","","","","","","","","","","","","","","","","","","","","","","","","","","","","","","","","","","","","","",""
"63263001","PUY-DE-DOME-MN",45.775,2.966667,1461,1965111118,"","","","",5.,1,270,1,"","","","","","","","","","","","","","","","","","","","","","","","","","","","",-0.8,1,-0.8,1,"","","","","","","","","","","","","","","","","","","","","","","","","","",100,1,"","","","","","","","","","","","",5.8,1,"","","","","","","","",8,1,8,1,"","","","","","","","","","","","","","","","","","","","","","","","","","","","","","",60,1,"","",71,1,7,1,"","","","","","","","","","","","","","","","","","","","","","","","","","","","","","","","","","","","","","","","","","","","","","","","","","","","","","","","","","","","","","","","","",""
"63263001","PUY-DE-DOME-MN",45.775,2.966667,1461,1965111121,"","","","","","","","","","","","","","","","","","","","","","","","","","","","","","","","","","","","",-0.8,1,-0.8,1,"","","","","","","","","","","","","","","","","","","","","","","","","","",100,1,"","","","","","","","","","","","",5.8,1,"","","","","","","","","","","","","","","","","","","","","","","","","","","","","","","","","","","","","","","","","","","","","","","","","","","","","","","","","","","","","","","","","","","","","","","","","","","","","","","","","","","","","","","","","","","","","","","","","","","","","","","","","","","","","","","","","","","",""
"63263001","PUY-DE-DOME-MN",45.775,2.966667,1461,1965111200,"","","","","","","","","","","","","","","","","","","","","","","","","","","","","","","","","","","","",-0.8,1,-0.8,1,"","","","","","","","","","","","","","","","","","","","","","","","","","",100,1,"","","","","","","","","","","","",5.8,1,"","","","","","","","","","","","","","","","","","","","","","","","","","","","","","","","","","","","","","","","","","","","","","","","","","","","","","","","","","","","","","","","","","","","","","","","","","","","","","","","","","","","","","","","","","","","","","","","","","","","","","","","","","","","","","","","","","","",""
"63263001","PUY-DE-DOME-MN",45.775,2.966667,1461,1965111203,"","","","","","","","","","","","","","","","","","","","","","","","","","","","","","","","","","","","",-0.5,1,-0.5,1,"","","","","","","","","","","","","","","","","","","","","","","","","","",100,1,"","","","","","","","","","","","",5.9,1,"","","","","","","","","","","","","","","","","","","","","","","","","","","","","","","","","","","","","","","","","","","","","","","","","","","","","","","","","","","","","","","","","","","","","","","","","","","","","","","","","","","","","","","","","","","","","","","","","","","","","","","","","","","","","","","","","","","",""
"63263001","PUY-DE-DOME-MN",45.775,2.966667,1461,1965111206,"","","","",10.,1,270,1,"","","","","","","","","","","","","","","","","","","","","","","","","","","","",-0.4,1,-0.4,1,"","","","","","","","","","","","","","","","","","","","","","","","","","",100,1,"","","","","","","","","","","","",5.9,1,"","","","","","","","",8,1,8,1,"","","","","","","","","","","","","","","","","","","","","","","","","","","","","","",40,1,"","",71,1,7,1,"","",0,1,"","","","","","","","","","","","","","","","","","","","","","","","","","","","","","","","","","","","","","","","","","","","","","","","","","","","","","","","","","","","","",""
"63263001","PUY-DE-DOME-MN",45.775,2.966667,1461,1965111209,"","","","",4.,1,270,1,"","","","","","","","","","","","","","","","","","","","","","","","","","","","",-0.2,1,-0.2,1,"","","","","","","","","","","","","","","","","","","","","","","","","","",100,1,"","","","","","","","","","","","",6.,1,"","","","","","","","",8,1,8,1,"","","","","","","","","","","","","","","","","","","","","","","","","","","","","","",40,1,"","",71,1,7,1,"","","","","","","","","","","","","","","","","","","","","","","","","","","","","","","","","","","","","","","","","","","","","","","","","","","","","","","","","","","","","","","","","",""
"63263001","PUY-DE-DOME-MN",45.775,2.966667,1461,1965111212,"","","","",4.,1,310,1,"","","","","","","","","","","","","","","","","","","","","","","","","","","","",0.,1,0.,1,"","","","","","","","","","","","","","","","","","","","","","","","","","",100,1,"","","","","","","","","","","","",6.1,1,"","","","","","","","",8,1,8,1,"","","","","","","","","","","","","","","","","","","","","","","","","","","","","","",40,1,"","",71,1,7,1,"","","","","","","","","","","","","","","","","","","","","","","","","","","","","","","","","","","","","","","","","","","","","","","","","","","","","","","","","","","","","","","","","",""
"63263001","PUY-DE-DOME-MN",45.775,2.966667,1461,1965111215,"","","","",5.,1,30,1,"","","","","","","","","","","","","","","","","","","","","","","","","","","","",-0.2,1,-0.2,1,"","","","","","","","","","","","","","","","","","","","","","","","","","",100,1,"","","","","","","","","","","","",6.,1,"","","","","","","","",8,1,8,1,"","","","","","","","","","","","","","","","","","","","","","","","","","","","","","",40,1,"","",71,1,7,1,"","","","","","","","","","","","","","","","","","","","","","","","","","","","","","","","","","","","","","","","","","","","","","","","","","","","","","","","","","","","","","","","","",""
"63263001","PUY-DE-DOME-MN",45.775,2.966667,1461,1965111218,"","","","",6.,1,50,1,"","","","","","","","","","","","","","","","","","","","","","","","","","","","",-1.2,1,-1.2,1,"","","","","","","","","","","","","","","","","","","","","","","","","","",100,1,"","","","","","","","","","","","",5.6,1,"","","","","","","","",8,1,8,1,"","","","","","","","","","","","","","","","","","","","","","","","","","","","","","",40,1,"","",71,1,7,1,"","","","","","","","","","","","","","","","","","","","","","","","","","","","","","","","","","","","","","","","","","","","","","","","","","","","","","","","","","","","","","","","","",""
"63263001","PUY-DE-DOME-MN",45.775,2.966667,1461,1965111221,"","","","","","","","","","","","","","","","","","","","","","","","","","","","","","","","","","","","",-2.3,1,-2.3,1,"","","","","","","","","","","","","","","","","","","","","","","","","","",100,1,"","","","","","","","","","","","",5.1,1,"","","","","","","","","","","","","","","","","","","","","","","","","","","","","","","","","","","","","","","","","","","","","","","","","","","","","","","","","","","","","","","","","","","","","","","","","","","","","","","","","","","","","","","","","","","","","","","","","","","","","","","","","","","","","","","","","","","",""
"63263001","PUY-DE-DOME-MN",45.775,2.966667,1461,1965111300,"","","","","","","","","","","","","","","","","","","","","","","","","","","","","","","","","","","","",-3.3,1,-3.3,1,"","","","","","","","","","","","","","","","","","","","","","","","","","",100,1,"","","","","","","","","","","","",4.8,1,"","","","","","","","","","","","","","","","","","","","","","","","","","","","","","","","","","","","","","","","","","","","","","","","","","","","","","","","","","","","","","","","","","","","","","","","","","","","","","","","","","","","","","","","","","","","","","","","","","","","","","","","","","","","","","","","","","","",""
"63263001","PUY-DE-DOME-MN",45.775,2.966667,1461,1965111303,"","","","","","","","","","","","","","","","","","","","","","","","","","","","","","","","","","","","",-6.,1,-6.,1,"","","","","","","","","","","","","","","","","","","","","","","","","","",100,1,"","","","","","","","","","","","",3.9,1,"","","","","","","","","","","","","","","","","","","","","","","","","","","","","","","","","","","","","","","","","","","","","","","","","","","","","","","","","","","","","","","","","","","","","","","","","","","","","","","","","","","","","","","","","","","","","","","","","","","","","","","","","","","","","","","","","","","",""
"63263001","PUY-DE-DOME-MN",45.775,2.966667,1461,1965111306,"","","","",10.,1,50,1,"","","","","","","","","","","","","","","","","","","","","","","","","","","","",-6.6,1,-8.,1,"","","","","","","","","","","","","","","","","","","","","","","","","","",89,1,"","","","","","","","","","","","",3.3,1,"","","","","","","","",7,1,7,1,5,1,"","","","","","","","","","","","","","","","","","","","","","","","","","","","",20000,1,"","",0,1,4,1,"","",0,1,"","","","","","","","","","","","","","","","","","","","","","","","","","","","","","","","","","","","","","","","","","","","","","","","","","","","","","","","","","","","","",""
"63263001","PUY-DE-DOME-MN",45.775,2.966667,1461,1965111309,"","","","",11.,1,50,1,"","","","","","","","","","","","","","","","","","","","","","","","","","","","",-6.2,1,-6.2,1,"","","","","","","","","","","","","","","","","","","","","","","","","","",100,1,"","","","","","","","","","","","",3.8,1,"","","","","","","","",8,1,8,1,"","","","","","","","","","","","","","","","","","","","","","","","","","","","","","",40,1,"","",71,1,7,1,"","","","","","","","","","","","","","","","","","","","","","","","","","","","","","","","","","","","","","","","","","","","","","","","","","","","","","","","","","","","","","","","","",""
"63263001","PUY-DE-DOME-MN",45.775,2.966667,1461,1965111312,"","","","",11.,1,350,1,"","","","","","","","","","","","","","","","","","","","","","","","","","","","",-5.4,1,-5.4,1,"","","","","","","","","","","","","","","","","","","","","","","","","","",100,1,"","","","","","","","","","","","",4.1,1,"","","","","","","","",8,1,8,1,"","","","","","","","","","","","","","","","","","","","","","","","","","","","","","",40,1,"","",87,1,7,1,"","","","","","","","","","","","","","","","","","","","","","","","","","","","","","","","","","","","","","","","","","","","","","","","","","","","","","","","","","","","","","","","","",""
"63263001","PUY-DE-DOME-MN",45.775,2.966667,1461,1965111315,"","","","",14.,1,350,1,"","","","","","","","","","","","","","","","","","","","","","","","","","","","",-5.4,1,-5.4,1,"","","","","","","","","","","","","","","","","","","","","","","","","","",100,1,"","","","","","","","","","","","",4.1,1,"","","","","","","","",9,1,"","","","","","","","","","","","","","","","","","","","","","","","","","","","","","","","",40,1,"","",49,1,8,1,"","","","","","","","","","","","","","","","","","","","","","","","","","","","","","","","","","","","","","","","","","","","","","","","","","","","","","","","","","","","","","","","","",""
"63263001","PUY-DE-DOME-MN",45.775,2.966667,1461,1965111318,"","","","",15.,1,350,1,"","","","","","","","","","","","","","","","","","","","","","","","","","","","",-6.,1,-6.,1,"","","","","","","","","","","","","","","","","","","","","","","","","","",100,1,"","","","","","","","","","","","",3.9,1,"","","","","","","","",9,1,"","","","","","","","","","","","","","","","","","","","","","","","","","","","","","","","",40,1,"","",49,1,8,1,"","","","","","","","","","","","","","","","","","","","","","","","","","","","","","","","","","","","","","","","","","","","","","","","","","","","","","","","","","","","","","","","","",""
"63263001","PUY-DE-DOME-MN",45.775,2.966667,1461,1965111321,"","","","","","","","","","","","","","","","","","","","","","","","","","","","","","","","","","","","",-7.6,1,-7.6,1,"","","","","","","","","","","","","","","","","","","","","","","","","","",100,1,"","","","","","","","","","","","",3.4,1,"","","","","","","","","","","","","","","","","","","","","","","","","","","","","","","","","","","","","","","","","","","","","","","","","","","","","","","","","","","","","","","","","","","","","","","","","","","","","","","","","","","","","","","","","","","","","","","","","","","","","","","","","","","","","","","","","","","",""
"63263001","PUY-DE-DOME-MN",45.775,2.966667,1461,1965111400,"","","","","","","","","","","","","","","","","","","","","","","","","","","","","","","","","","","","",-8.8,1,-8.8,1,"","","","","","","","","","","","","","","","","","","","","","","","","","",100,1,"","","","","","","","","","","","",3.1,1,"","","","","","","","","","","","","","","","","","","","","","","","","","","","","","","","","","","","","","","","","","","","","","","","","","","","","","","","","","","","","","","","","","","","","","","","","","","","","","","","","","","","","","","","","","","","","","","","","","","","","","","","","","","","","","","","","","","",""
"63263001","PUY-DE-DOME-MN",45.775,2.966667,1461,1965111403,"","","","","","","","","","","","","","","","","","","","","","","","","","","","","","","","","","","","",-9.4,1,-11.4,1,"","","","","","","","","","","","","","","","","","","","","","","","","","",83,1,"","","","","","","","","","","","",2.5,1,"","","","","","","","","","","","","","","","","","","","","","","","","","","","","","","","","","","","","","","","","","","","","","","","","","","","","","","","","","","","","","","","","","","","","","","","","","","","","","","","","","","","","","","","","","","","","","","","","","","","","","","","","","","","","","","","","","","",""
"63263001","PUY-DE-DOME-MN",45.775,2.966667,1461,1965111406,"","","","",11.,1,310,1,"","","","","","","","","","","","","","","","","","","","","","","","","","","","",-9.2,1,-15.3,1,"","","","","","","","","","","","","","","","","","","","","","","","","","",60,1,"","","","","","","","","","","","",1.8,1,"","","","","","","","",3,1,0,1,0,1,4,1,2,1,"","","","","","","","","","","","","","","","","","","","","","","","",80000,1,"","",0,1,"","","","",0,1,"","","","","","","","","","","","","","","","","","","","","","","","","","","","","","","","","","","","","","","","","","","","","","","","","","","","","","","","","","","","","",""
"63263001","PUY-DE-DOME-MN",45.775,2.966667,1461,1965111409,"","","","",13.,1,310,1,"","","","","","","","","","","","","","","","","","","","","","","","","","","","",-6.,1,-15.3,1,"","","","","","","","","","","","","","","","","","","","","","","","","","",46,1,"","","","","","","","","","","","",1.8,1,"","","","","","","","",5,1,0,1,5,1,4,1,2,1,"","","","","","","","","","","","","","","","","","","","","","","","",80000,1,"","",3,1,0,1,"","","","","","","","","","","","","","","","","","","","","","","","","","","","","","","","","","","","","","","","","","","","","","","","","","","","","","","","","","","","","","","","","",""
"63263001","PUY-DE-DOME-MN",45.775,2.966667,1461,1965111412,"","","","",9.,1,270,1,"","","","","","","","","","","","","","","","","","","","","","","","","","","","",-3.8,1,-13.5,1,"","","","","","","","","","","","","","","","","","","","","","","","","","",46,1,"","","","","","","","","","","","",2.1,1,"","","","","","","","",7,1,7,1,5,1,7,1,"","","","","","","","","","","","","","","","","","","","","","","","","","",60000,1,"","",2,1,1,1,"","","","","","","","","","","","","","","","","","","","","","","","","","","","","","","","","","","","","","","","","","","","","","","","","","","","","","","","","","","","","","","","","",""
"63263001","PUY-DE-DOME-MN",45.775,2.966667,1461,1965111415,"","","","",12.,1,270,1,"","","","","","","","","","","","","","","","","","","","","","","","","","","","",-2.2,1,-2.2,1,"","","","","","","","","","","","","","","","","","","","","","","","","","",100,1,"","","","","","","","","","","","",5.2,1,"","","","","","","","",8,1,8,1,"","","","","","","","","","","","","","","","","","","","","","","","","","","","","","",40,1,"","",71,1,2,1,"","","","","","","","","","","","","","","","","","","","","","","","","","","","","","","","","","","","","","","","","","","","","","","","","","","","","","","","","","","","","","","","","",""
"63263001","PUY-DE-DOME-MN",45.775,2.966667,1461,1965111418,"","","","",16.,1,270,1,"","","","","","","","","","","","","","","","","","","","","","","","","","","","",-1.4,1,-1.4,1,"","","","","","","","","","","","","","","","","","","","","","","","","","",100,1,"","","","","","","","","","","","",5.5,1,"","","","","","","","",8,1,8,1,"","","","","","","","","","","","","","","","","","","","","","","","","","","","","","",40,1,"","",71,1,7,1,"","","","","","","","","","","","","","","","","","","","","","","","","","","","","","","","","","","","","","","","","","","","","","","","","","","","","","","","","","","","","","","","","",""
"63263001","PUY-DE-DOME-MN",45.775,2.966667,1461,1965111421,"","","","","","","","","","","","","","","","","","","","","","","","","","","","","","","","","","","","",-2.3,1,-2.3,1,"","","","","","","","","","","","","","","","","","","","","","","","","","",100,1,"","","","","","","","","","","","",5.1,1,"","","","","","","","","","","","","","","","","","","","","","","","","","","","","","","","","","","","","","","","","","","","","","","","","","","","","","","","","","","","","","","","","","","","","","","","","","","","","","","","","","","","","","","","","","","","","","","","","","","","","","","","","","","","","","","","","","","",""
"63263001","PUY-DE-DOME-MN",45.775,2.966667,1461,1965111500,"","","","","","","","","","","","","","","","","","","","","","","","","","","","","","","","","","","","",-2.8,1,-2.8,1,"","","","","","","","","","","","","","","","","","","","","","","","","","",100,1,"","","","","","","","","","","","",4.9,1,"","","","","","","","","","","","","","","","","","","","","","","","","","","","","","","","","","","","","","","","","","","","","","","","","","","","","","","","","","","","","","","","","","","","","","","","","","","","","","","","","","","","","","","","","","","","","","","","","","","","","","","","","","","","","","","","","","","",""
"63263001","PUY-DE-DOME-MN",45.775,2.966667,1461,1965111503,"","","","","","","","","","","","","","","","","","","","","","","","","","","","","","","","","","","","",-2.7,1,-2.7,1,"","","","","","","","","","","","","","","","","","","","","","","","","","",100,1,"","","","","","","","","","","","",5.,1,"","","","","","","","","","","","","","","","","","","","","","","","","","","","","","","","","","","","","","","","","","","","","","","","","","","","","","","","","","","","","","","","","","","","","","","","","","","","","","","","","","","","","","","","","","","","","","","","","","","","","","","","","","","","","","","","","","","",""
"63263001","PUY-DE-DOME-MN",45.775,2.966667,1461,1965111506,"","","","",16.,1,270,1,"","","","","","","","","","","","","","","","","","","","","","","","","","","","",-2.3,1,-2.3,1,"","","","","","","","","","","","","","","","","","","","","","","","","","",100,1,"","","","","","","","","","","","",5.1,1,"","","","","","","","",9,1,"","","","","","","","","","","","","","","","","","","","","","","","","","","","","","","","",40,1,"","",49,1,4,1,"","",0,1,"","","","","","","","","","","","","","","","","","","","","","","","","","","","","","","","","","","","","","","","","","","","","","","","","","","","","","","","","","","","","",""
"63263001","PUY-DE-DOME-MN",45.775,2.966667,1461,1965111509,"","","","",14.,1,270,1,"","","","","","","","","","","","","","","","","","","","","","","","","","","","",-1.6,1,-1.6,1,"","","","","","","","","","","","","","","","","","","","","","","","","","",100,1,"","","","","","","","","","","","",5.4,1,"","","","","","","","",9,1,"","","","","","","","","","","","","","","","","","","","","","","","","","","","","","","","",40,1,"","",49,1,4,1,"","","","","","","","","","","","","","","","","","","","","","","","","","","","","","","","","","","","","","","","","","","","","","","","","","","","","","","","","","","","","","","","","",""
"63263001","PUY-DE-DOME-MN",45.775,2.966667,1461,1965111512,"","","","",12.,1,270,1,"","","","","","","","","","","","","","","","","","","","","","","","","","","","",-0.8,1,-0.8,1,"","","","","","","","","","","","","","","","","","","","","","","","","","",100,1,"","","","","","","","","","","","",5.8,1,"","","","","","","","",9,1,"","","","","","","","","","","","","","","","","","","","","","","","","","","","","","","","",40,1,"","",49,1,7,1,"","","","","","","","","","","","","","","","","","","","","","","","","","","","","","","","","","","","","","","","","","","","","","","","","","","","","","","","","","","","","","","","","",""
"63263001","PUY-DE-DOME-MN",45.775,2.966667,1461,1965111515,"","","","",11.,1,270,1,"","","","","","","","","","","","","","","","","","","","","","","","","","","","",-0.6,1,-0.6,1,"","","","","","","","","","","","","","","","","","","","","","","","","","",100,1,"","","","","","","","","","","","",5.8,1,"","","","","","","","",8,1,8,1,"","","","","","","","","","","","","","","","","","","","","","","","","","","","","","",40,1,"","",71,1,4,1,"","","","","","","","","","","","","","","","","","","","","","","","","","","","","","","","","","","","","","","","","","","","","","","","","","","","","","","","","","","","","","","","","",""
"63263001","PUY-DE-DOME-MN",45.775,2.966667,1461,1965111518,"","","","",7.,1,270,1,"","","","","","","","","","","","","","","","","","","","","","","","","","","","",-0.4,1,-0.4,1,"","","","","","","","","","","","","","","","","","","","","","","","","","",100,1,"","","","","","","","","","","","",5.9,1,"","","","","","","","",8,1,8,1,"","","","","","","","","","","","","","","","","","","","","","","","","","","","","","",40,1,"","",71,1,7,1,"","","","","","","","","","","","","","","","","","","","","","","","","","","","","","","","","","","","","","","","","","","","","","","","","","","","","","","","","","","","","","","","","",""
"63263001","PUY-DE-DOME-MN",45.775,2.966667,1461,1965111521,"","","","","","","","","","","","","","","","","","","","","","","","","","","","","","","","","","","","",-0.8,1,-0.8,1,"","","","","","","","","","","","","","","","","","","","","","","","","","",100,1,"","","","","","","","","","","","",5.8,1,"","","","","","","","","","","","","","","","","","","","","","","","","","","","","","","","","","","","","","","","","","","","","","","","","","","","","","","","","","","","","","","","","","","","","","","","","","","","","","","","","","","","","","","","","","","","","","","","","","","","","","","","","","","","","","","","","","","",""
"63263001","PUY-DE-DOME-MN",45.775,2.966667,1461,1965111600,"","","","","","","","","","","","","","","","","","","","","","","","","","","","","","","","","","","","",-0.8,1,-0.8,1,"","","","","","","","","","","","","","","","","","","","","","","","","","",100,1,"","","","","","","","","","","","",5.8,1,"","","","","","","","","","","","","","","","","","","","","","","","","","","","","","","","","","","","","","","","","","","","","","","","","","","","","","","","","","","","","","","","","","","","","","","","","","","","","","","","","","","","","","","","","","","","","","","","","","","","","","","","","","","","","","","","","","","",""
"63263001","PUY-DE-DOME-MN",45.775,2.966667,1461,1965111603,"","","","","","","","","","","","","","","","","","","","","","","","","","","","","","","","","","","","",-1.1,1,-1.1,1,"","","","","","","","","","","","","","","","","","","","","","","","","","",100,1,"","","","","","","","","","","","",5.6,1,"","","","","","","","","","","","","","","","","","","","","","","","","","","","","","","","","","","","","","","","","","","","","","","","","","","","","","","","","","","","","","","","","","","","","","","","","","","","","","","","","","","","","","","","","","","","","","","","","","","","","","","","","","","","","","","","","","","",""
"63263001","PUY-DE-DOME-MN",45.775,2.966667,1461,1965111606,"","","","",8.,1,230,1,"","","","","","","","","","","","","","","","","","","","","","","","","","","","",2.6,1,-4.6,1,"","","","","","","","","","","","","","","","","","","","","","","","","","",58,1,"","","","","","","","","","","","",4.3,1,"","","","","","","","",3,1,0,1,0,1,4,1,2,1,"","","","","","","","","","","","","","","","","","","","","","","","",99990,1,"","",0,1,"","","","",0,1,"","","","","","","","","","","","","","","","","","","","","","","","","","","","","","","","","","","","","","","","","","","","","","","","","","","","","","","","","","","","","",""
"63263001","PUY-DE-DOME-MN",45.775,2.966667,1461,1965111609,"","","","",5.,1,250,1,"","","","","","","","","","","","","","","","","","","","","","","","","","","","",7.,1,-9.6,1,"","","","","","","","","","","","","","","","","","","","","","","","","","",29,1,"","","","","","","","","","","","",2.9,1,"","","","","","","","",7,1,5,1,0,1,7,1,2,1,"","","","","","","","","","","","","","","","","","","","","","","","",99990,1,"","",3,1,2,1,"","","","","","","","","","","","","","","","","","","","","","","","","","","","","","","","","","","","","","","","","","","","","","","","","","","","","","","","","","","","","","","","","",""
"63263001","PUY-DE-DOME-MN",45.775,2.966667,1461,1965111612,"","","","",11.,1,270,1,"","","","","","","","","","","","","","","","","","","","","","","","","","","","",7.6,1,-16.,1,"","","","","","","","","","","","","","","","","","","","","","","","","","",16,1,"","","","","","","","","","","","",1.7,1,"","","","","","","","",7,1,6,1,0,1,7,1,2,1,"","","","","","","","","","","","","","","","","","","","","","","","",99990,1,"","",1,1,2,1,"","","","","","","","","","","","","","","","","","","","","","","","","","","","","","","","","","","","","","","","","","","","","","","","","","","","","","","","","","","","","","","","","",""
"63263001","PUY-DE-DOME-MN",45.775,2.966667,1461,1965111615,"","","","",7.,1,270,1,"","","","","","","","","","","","","","","","","","","","","","","","","","","","",7.,1,1.2,1,"","","","","","","","","","","","","","","","","","","","","","","","","","",67,1,"","","","","","","","","","","","",6.7,1,"","","","","","","","",5,1,5,1,2,1,3,1,0,1,"","","","","","","","","","","","","","","","","","","","","","","","",90000,1,"","",3,1,2,1,"","","","","","","","","","","","","","","","","","","","","","","","","","","","","","","","","","","","","","","","","","","","","","","","","","","","","","","","","","","","","","","","","",""
"63263001","PUY-DE-DOME-MN",45.775,2.966667,1461,1965111618,"","","","",12.,1,230,1,"","","","","","","","","","","","","","","","","","","","","","","","","","","","",4.4,1,2.,1,"","","","","","","","","","","","","","","","","","","","","","","","","","",84,1,"","","","","","","","","","","","",7.1,1,"","","","","","","","",3,1,0,1,0,1,3,1,0,1,"","","","","","","","","","","","","","","","","","","","","","","","",80000,1,"","",2,1,1,1,"","","","","","","","","","","","","","","","","","","","","","","","","","","","","","","","","","","","","","","","","","","","","","","","","","","","","","","","","","","","","","","","","",""
"63263001","PUY-DE-DOME-MN",45.775,2.966667,1461,1965111621,"","","","","","","","","","","","","","","","","","","","","","","","","","","","","","","","","","","","",3.8,1,1.4,1,"","","","","","","","","","","","","","","","","","","","","","","","","","",85,1,"","","","","","","","","","","","",6.8,1,"","","","","","","","","","","","","","","","","","","","","","","","","","","","","","","","","","","","","","","","","","","","","","","","","","","","","","","","","","","","","","","","","","","","","","","","","","","","","","","","","","","","","","","","","","","","","","","","","","","","","","","","","","","","","","","","","","","",""
"63263001","PUY-DE-DOME-MN",45.775,2.966667,1461,1965111700,"","","","","","","","","","","","","","","","","","","","","","","","","","","","","","","","","","","","",3.9,1,3.9,1,"","","","","","","","","","","","","","","","","","","","","","","","","","",100,1,"","","","","","","","","","","","",8.1,1,"","","","","","","","","","","","","","","","","","","","","","","","","","","","","","","","","","","","","","","","","","","","","","","","","","","","","","","","","","","","","","","","","","","","","","","","","","","","","","","","","","","","","","","","","","","","","","","","","","","","","","","","","","","","","","","","","","","",""
"63263001","PUY-DE-DOME-MN",45.775,2.966667,1461,1965111703,"","","","","","","","","","","","","","","","","","","","","","","","","","","","","","","","","","","","",4.3,1,4.3,1,"","","","","","","","","","","","","","","","","","","","","","","","","","",100,1,"","","","","","","","","","","","",8.3,1,"","","","","","","","","","","","","","","","","","","","","","","","","","","","","","","","","","","","","","","","","","","","","","","","","","","","","","","","","","","","","","","","","","","","","","","","","","","","","","","","","","","","","","","","","","","","","","","","","","","","","","","","","","","","","","","","","","","",""
"63263001","PUY-DE-DOME-MN",45.775,2.966667,1461,1965111706,"","","","",25.,1,230,1,"","","","","","","","","","","","","","","","","","","","","","","","","","","","",5.2,1,5.2,1,"","","","","","","","","","","","","","","","","","","","","","","","","","",100,1,"","","","","","","","","","","","",8.9,1,"","","","","","","","",9,1,"","","","","","","","","","","","","","","","","","","","","","","","","","","","","","","","",40,1,"","",45,1,4,1,"","",0,1,"","","","","","","","","","","","","","","","","","","","","","","","","","","","","","","","","","","","","","","","","","","","","","","","","","","","","","","","","","","","","",""
"63263001","PUY-DE-DOME-MN",45.775,2.966667,1461,1965111709,"","","","",30.,1,290,1,"","","","","","","","","","","","","","","","","","","","","","","","","","","","",1.2,1,1.2,1,"","","","","","","","","","","","","","","","","","","","","","","","","","",100,1,"","","","","","","","","","","","",6.6,1,"","","","","","","","",8,1,8,1,"","","","","","","","","","","","","","","","","","","","","","","","","","","","","","",40,1,"","",68,1,6,1,"","","","","","","","","","","","","","","","","","","","","","","","","","","","","","","","","","","","","","","","","","","","","","","","","","","","","","","","","","","","","","","","","",""
"63263001","PUY-DE-DOME-MN",45.775,2.966667,1461,1965111712,"","","","",14.,1,310,1,"","","","","","","","","","","","","","","","","","","","","","","","","","","","",0.6,1,0.6,1,"","","","","","","","","","","","","","","","","","","","","","","","","","",100,1,"","","","","","","","","","","","",6.4,1,"","","","","","","","",9,1,"","","","","","","","","","","","","","","","","","","","","","","","","","","","","","","","",40,1,"","",45,1,7,1,"","","","","","","","","","","","","","","","","","","","","","","","","","","","","","","","","","","","","","","","","","","","","","","","","","","","","","","","","","","","","","","","","",""
"63263001","PUY-DE-DOME-MN",45.775,2.966667,1461,1965111715,"","","","",12.,1,290,1,"","","","","","","","","","","","","","","","","","","","","","","","","","","","",1.4,1,1.4,1,"","","","","","","","","","","","","","","","","","","","","","","","","","",100,1,"","","","","","","","","","","","",6.7,1,"","","","","","","","",9,1,"","","","","","","","","","","","","","","","","","","","","","","","","","","","","","","","",40,1,"","",45,1,4,1,"","","","","","","","","","","","","","","","","","","","","","","","","","","","","","","","","","","","","","","","","","","","","","","","","","","","","","","","","","","","","","","","","",""
"63263001","PUY-DE-DOME-MN",45.775,2.966667,1461,1965111718,"","","","",16.,1,290,1,"","","","","","","","","","","","","","","","","","","","","","","","","","","","",-0.6,1,-0.6,1,"","","","","","","","","","","","","","","","","","","","","","","","","","",100,1,"","","","","","","","","","","","",5.8,1,"","","","","","","","",9,1,"","","","","","","","","","","","","","","","","","","","","","","","","","","","","","","","",40,1,"","",49,1,7,1,"","","","","","","","","","","","","","","","","","","","","","","","","","","","","","","","","","","","","","","","","","","","","","","","","","","","","","","","","","","","","","","","","",""
"63263001","PUY-DE-DOME-MN",45.775,2.966667,1461,1965111721,"","","","","","","","","","","","","","","","","","","","","","","","","","","","","","","","","","","","",0.1,1,0.1,1,"","","","","","","","","","","","","","","","","","","","","","","","","","",100,1,"","","","","","","","","","","","",6.1,1,"","","","","","","","","","","","","","","","","","","","","","","","","","","","","","","","","","","","","","","","","","","","","","","","","","","","","","","","","","","","","","","","","","","","","","","","","","","","","","","","","","","","","","","","","","","","","","","","","","","","","","","","","","","","","","","","","","","",""
"63263001","PUY-DE-DOME-MN",45.775,2.966667,1461,1965111800,"","","","","","","","","","","","","","","","","","","","","","","","","","","","","","","","","","","","",-0.2,1,-0.2,1,"","","","","","","","","","","","","","","","","","","","","","","","","","",100,1,"","","","","","","","","","","","",6.,1,"","","","","","","","","","","","","","","","","","","","","","","","","","","","","","","","","","","","","","","","","","","","","","","","","","","","","","","","","","","","","","","","","","","","","","","","","","","","","","","","","","","","","","","","","","","","","","","","","","","","","","","","","","","","","","","","","","","",""
"63263001","PUY-DE-DOME-MN",45.775,2.966667,1461,1965111803,"","","","","","","","","","","","","","","","","","","","","","","","","","","","","","","","","","","","",-0.7,1,-0.7,1,"","","","","","","","","","","","","","","","","","","","","","","","","","",100,1,"","","","","","","","","","","","",5.8,1,"","","","","","","","","","","","","","","","","","","","","","","","","","","","","","","","","","","","","","","","","","","","","","","","","","","","","","","","","","","","","","","","","","","","","","","","","","","","","","","","","","","","","","","","","","","","","","","","","","","","","","","","","","","","","","","","","","","",""
"63263001","PUY-DE-DOME-MN",45.775,2.966667,1461,1965111806,"","","","",25.,1,270,1,"","","","","","","","","","","","","","","","","","","","","","","","","","","","",-0.4,1,-0.4,1,"","","","","","","","","","","","","","","","","","","","","","","","","","",100,1,"","","","","","","","","","","","",5.9,1,"","","","","","","","",9,1,"","","","","","","","","","","","","","","","","","","","","","","","","","","","","","","","",40,1,"","",49,1,4,1,"","",0,1,"","","","","","","","","","","","","","","","","","","","","","","","","","","","","","","","","","","","","","","","","","","","","","","","","","","","","","","","","","","","","",""
"63263001","PUY-DE-DOME-MN",45.775,2.966667,1461,1965111809,"","","","",21.,1,270,1,"","","","","","","","","","","","","","","","","","","","","","","","","","","","",-0.3,1,-0.3,1,"","","","","","","","","","","","","","","","","","","","","","","","","","",100,1,"","","","","","","","","","","","",6.,1,"","","","","","","","",9,1,"","","","","","","","","","","","","","","","","","","","","","","","","","","","","","","","",40,1,"","",49,1,7,1,"","","","","","","","","","","","","","","","","","","","","","","","","","","","","","","","","","","","","","","","","","","","","","","","","","","","","","","","","","","","","","","","","",""
"63263001","PUY-DE-DOME-MN",45.775,2.966667,1461,1965111812,"","","","",28.,1,270,1,"","","","","","","","","","","","","","","","","","","","","","","","","","","","",1.1,1,1.1,1,"","","","","","","","","","","","","","","","","","","","","","","","","","",100,1,"","","","","","","","","","","","",6.6,1,"","","","","","","","",9,1,"","","","","","","","","","","","","","","","","","","","","","","","","","","","","","","","",40,1,"","",45,1,7,1,"","","","","","","","","","","","","","","","","","","","","","","","","","","","","","","","","","","","","","","","","","","","","","","","","","","","","","","","","","","","","","","","","",""
"63263001","PUY-DE-DOME-MN",45.775,2.966667,1461,1965111815,"","","","",27.,1,270,1,"","","","","","","","","","","","","","","","","","","","","","","","","","","","",0.9,1,0.9,1,"","","","","","","","","","","","","","","","","","","","","","","","","","",100,1,"","","","","","","","","","","","",6.5,1,"","","","","","","","",9,1,"","","","","","","","","","","","","","","","","","","","","","","","","","","","","","","","",40,1,"","",45,1,6,1,"","","","","","","","","","","","","","","","","","","","","","","","","","","","","","","","","","","","","","","","","","","","","","","","","","","","","","","","","","","","","","","","","",""
"63263001","PUY-DE-DOME-MN",45.775,2.966667,1461,1965111818,"","","","",25.,1,270,1,"","","","","","","","","","","","","","","","","","","","","","","","","","","","",1.4,1,1.4,1,"","","","","","","","","","","","","","","","","","","","","","","","","","",100,1,"","","","","","","","","","","","",6.7,1,"","","","","","","","",9,1,"","","","","","","","","","","","","","","","","","","","","","","","","","","","","","","","",40,1,"","",45,1,6,1,"","","","","","","","","","","","","","","","","","","","","","","","","","","","","","","","","","","","","","","","","","","","","","","","","","","","","","","","","","","","","","","","","",""
"63263001","PUY-DE-DOME-MN",45.775,2.966667,1461,1965111821,"","","","","","","","","","","","","","","","","","","","","","","","","","","","","","","","","","","","",0.9,1,0.9,1,"","","","","","","","","","","","","","","","","","","","","","","","","","",100,1,"","","","","","","","","","","","",6.5,1,"","","","","","","","","","","","","","","","","","","","","","","","","","","","","","","","","","","","","","","","","","","","","","","","","","","","","","","","","","","","","","","","","","","","","","","","","","","","","","","","","","","","","","","","","","","","","","","","","","","","","","","","","","","","","","","","","","","",""
"63263001","PUY-DE-DOME-MN",45.775,2.966667,1461,1965111900,"","","","","","","","","","","","","","","","","","","","","","","","","","","","","","","","","","","","",1.3,1,0.6,1,"","","","","","","","","","","","","","","","","","","","","","","","","","",95,1,"","","","","","","","","","","","",6.4,1,"","","","","","","","","","","","","","","","","","","","","","","","","","","","","","","","","","","","","","","","","","","","","","","","","","","","","","","","","","","","","","","","","","","","","","","","","","","","","","","","","","","","","","","","","","","","","","","","","","","","","","","","","","","","","","","","","","","",""
"63263001","PUY-DE-DOME-MN",45.775,2.966667,1461,1965111903,"","","","","","","","","","","","","","","","","","","","","","","","","","","","","","","","","","","","",1.4,1,-2.1,1,"","","","","","","","","","","","","","","","","","","","","","","","","","",77,1,"","","","","","","","","","","","",5.2,1,"","","","","","","","","","","","","","","","","","","","","","","","","","","","","","","","","","","","","","","","","","","","","","","","","","","","","","","","","","","","","","","","","","","","","","","","","","","","","","","","","","","","","","","","","","","","","","","","","","","","","","","","","","","","","","","","","","","",""
"63263001","PUY-DE-DOME-MN",45.775,2.966667,1461,1965111906,"","","","",25.,1,270,1,"","","","","","","","","","","","","","","","","","","","","","","","","","","","",-0.6,1,-0.6,1,"","","","","","","","","","","","","","","","","","","","","","","","","","",100,1,"","","","","","","","","","","","",5.8,1,"","","","","","","","",8,1,8,1,"","","","","","","","","","","","","","","","","","","","","","","","","","","","","","",40,1,"","",71,1,2,1,"","",0,1,"","","","","","","","","","","","","","","","","","","","","","","","","","","","","","","","","","","","","","","","","","","","","","","","","","","","","","","","","","","","","",""
"63263001","PUY-DE-DOME-MN",45.775,2.966667,1461,1965111909,"","","","",21.,1,270,1,"","","","","","","","","","","","","","","","","","","","","","","","","","","","",0.1,1,0.1,1,"","","","","","","","","","","","","","","","","","","","","","","","","","",100,1,"","","","","","","","","","","","",6.1,1,"","","","","","","","",9,1,"","","","","","","","","","","","","","","","","","","","","","","","","","","","","","","","",40,1,"","",49,1,7,1,"","","","","","","","","","","","","","","","","","","","","","","","","","","","","","","","","","","","","","","","","","","","","","","","","","","","","","","","","","","","","","","","","",""
"63263001","PUY-DE-DOME-MN",45.775,2.966667,1461,1965111912,"","","","",30.,1,250,1,"","","","","","","","","","","","","","","","","","","","","","","","","","","","",1.2,1,1.2,1,"","","","","","","","","","","","","","","","","","","","","","","","","","",100,1,"","","","","","","","","","","","",6.6,1,"","","","","","","","",9,1,"","","","","","","","","","","","","","","","","","","","","","","","","","","","","","","","",40,1,"","",45,1,7,1,"","","","","","","","","","","","","","","","","","","","","","","","","","","","","","","","","","","","","","","","","","","","","","","","","","","","","","","","","","","","","","","","","",""
"63263001","PUY-DE-DOME-MN",45.775,2.966667,1461,1965111915,"","","","",26.,1,270,1,"","","","","","","","","","","","","","","","","","","","","","","","","","","","",1.1,1,1.1,1,"","","","","","","","","","","","","","","","","","","","","","","","","","",100,1,"","","","","","","","","","","","",6.6,1,"","","","","","","","",9,1,"","","","","","","","","","","","","","","","","","","","","","","","","","","","","","","","",40,1,"","",45,1,4,1,"","","","","","","","","","","","","","","","","","","","","","","","","","","","","","","","","","","","","","","","","","","","","","","","","","","","","","","","","","","","","","","","","",""
"63263001","PUY-DE-DOME-MN",45.775,2.966667,1461,1965111918,"","","","",27.,1,290,1,"","","","","","","","","","","","","","","","","","","","","","","","","","","","",1.,1,1.,1,"","","","","","","","","","","","","","","","","","","","","","","","","","",100,1,"","","","","","","","","","","","",6.6,1,"","","","","","","","",9,1,"","","","","","","","","","","","","","","","","","","","","","","","","","","","","","","","",40,1,"","",45,1,4,1,"","","","","","","","","","","","","","","","","","","","","","","","","","","","","","","","","","","","","","","","","","","","","","","","","","","","","","","","","","","","","","","","","",""
"63263001","PUY-DE-DOME-MN",45.775,2.966667,1461,1965111921,"","","","","","","","","","","","","","","","","","","","","","","","","","","","","","","","","","","","",1.3,1,1.3,1,"","","","","","","","","","","","","","","","","","","","","","","","","","",100,1,"","","","","","","","","","","","",6.7,1,"","","","","","","","","","","","","","","","","","","","","","","","","","","","","","","","","","","","","","","","","","","","","","","","","","","","","","","","","","","","","","","","","","","","","","","","","","","","","","","","","","","","","","","","","","","","","","","","","","","","","","","","","","","","","","","","","","","",""
"63263001","PUY-DE-DOME-MN",45.775,2.966667,1461,1965112000,"","","","","","","","","","","","","","","","","","","","","","","","","","","","","","","","","","","","",1.1,1,1.1,1,"","","","","","","","","","","","","","","","","","","","","","","","","","",100,1,"","","","","","","","","","","","",6.6,1,"","","","","","","","","","","","","","","","","","","","","","","","","","","","","","","","","","","","","","","","","","","","","","","","","","","","","","","","","","","","","","","","","","","","","","","","","","","","","","","","","","","","","","","","","","","","","","","","","","","","","","","","","","","","","","","","","","","",""
"63263001","PUY-DE-DOME-MN",45.775,2.966667,1461,1965112003,"","","","","","","","","","","","","","","","","","","","","","","","","","","","","","","","","","","","",0.9,1,0.9,1,"","","","","","","","","","","","","","","","","","","","","","","","","","",100,1,"","","","","","","","","","","","",6.5,1,"","","","","","","","","","","","","","","","","","","","","","","","","","","","","","","","","","","","","","","","","","","","","","","","","","","","","","","","","","","","","","","","","","","","","","","","","","","","","","","","","","","","","","","","","","","","","","","","","","","","","","","","","","","","","","","","","","","",""
"63263001","PUY-DE-DOME-MN",45.775,2.966667,1461,1965112006,"","","","",14.,1,230,1,"","","","","","","","","","","","","","","","","","","","","","","","","","","","",1.3,1,-0.2,1,"","","","","","","","","","","","","","","","","","","","","","","","","","",90,1,"","","","","","","","","","","","",6.,1,"","","","","","","","",8,1,8,1,0,1,7,1,"","","","","","","","","","","","","","","","","","","","","","","","","","",50000,1,"","",2,1,4,1,"","",0,1,"","","","","","","","","","","","","","","","","","","","","","","","","","","","","","","","","","","","","","","","","","","","","","","","","","","","","","","","","","","","","",""
"63263001","PUY-DE-DOME-MN",45.775,2.966667,1461,1965112009,"","","","",19.,1,230,1,"","","","","","","","","","","","","","","","","","","","","","","","","","","","",1.4,1,1.4,1,"","","","","","","","","","","","","","","","","","","","","","","","","","",100,1,"","","","","","","","","","","","",6.7,1,"","","","","","","","",8,1,8,1,"","","","","","","","","","","","","","","","","","","","","","","","","","","","","","",100,1,"","",61,1,6,1,"","","","","","","","","","","","","","","","","","","","","","","","","","","","","","","","","","","","","","","","","","","","","","","","","","","","","","","","","","","","","","","","","",""
"63263001","PUY-DE-DOME-MN",45.775,2.966667,1461,1965112012,"","","","",14.,1,230,1,"","","","","","","","","","","","","","","","","","","","","","","","","","","","",5.,1,5.,1,"","","","","","","","","","","","","","","","","","","","","","","","","","",100,1,"","","","","","","","","","","","",8.7,1,"","","","","","","","",9,1,"","","","","","","","","","","","","","","","","","","","","","","","","","","","","","","","",80,1,"","",47,1,6,1,"","","","","","","","","","","","","","","","","","","","","","","","","","","","","","","","","","","","","","","","","","","","","","","","","","","","","","","","","","","","","","","","","",""
"63263001","PUY-DE-DOME-MN",45.775,2.966667,1461,1965112015,"","","","",25.,1,230,1,"","","","","","","","","","","","","","","","","","","","","","","","","","","","",6.4,1,3.3,1,"","","","","","","","","","","","","","","","","","","","","","","","","","",81,1,"","","","","","","","","","","","",7.8,1,"","","","","","","","",5,1,0,1,5,1,4,1,2,1,"","","","","","","","","","","","","","","","","","","","","","","","",60000,1,"","",1,1,4,1,"","","","","","","","","","","","","","","","","","","","","","","","","","","","","","","","","","","","","","","","","","","","","","","","","","","","","","","","","","","","","","","","","",""
"63263001","PUY-DE-DOME-MN",45.775,2.966667,1461,1965112018,"","","","",36.,1,250,1,"","","","","","","","","","","","","","","","","","","","","","","","","","","","",4.2,1,4.2,1,"","","","","","","","","","","","","","","","","","","","","","","","","","",100,1,"","","","","","","","","","","","",8.3,1,"","","","","","","","",8,1,8,1,"","","","","","","","","","","","","","","","","","","","","","","","","","","","","","",40,1,"","",61,1,4,1,"","","","","","","","","","","","","","","","","","","","","","","","","","","","","","","","","","","","","","","","","","","","","","","","","","","","","","","","","","","","","","","","","",""
"63263001","PUY-DE-DOME-MN",45.775,2.966667,1461,1965112021,"","","","","","","","","","","","","","","","","","","","","","","","","","","","","","","","","","","","",1.1,1,1.1,1,"","","","","","","","","","","","","","","","","","","","","","","","","","",100,1,"","","","","","","","","","","","",6.6,1,"","","","","","","","","","","","","","","","","","","","","","","","","","","","","","","","","","","","","","","","","","","","","","","","","","","","","","","","","","","","","","","","","","","","","","","","","","","","","","","","","","","","","","","","","","","","","","","","","","","","","","","","","","","","","","","","","","","",""
"63263001","PUY-DE-DOME-MN",45.775,2.966667,1461,1965112100,"","","","","","","","","","","","","","","","","","","","","","","","","","","","","","","","","","","","",0.,1,0.,1,"","","","","","","","","","","","","","","","","","","","","","","","","","",100,1,"","","","","","","","","","","","",6.1,1,"","","","","","","","","","","","","","","","","","","","","","","","","","","","","","","","","","","","","","","","","","","","","","","","","","","","","","","","","","","","","","","","","","","","","","","","","","","","","","","","","","","","","","","","","","","","","","","","","","","","","","","","","","","","","","","","","","","",""
"63263001","PUY-DE-DOME-MN",45.775,2.966667,1461,1965112103,"","","","","","","","","","","","","","","","","","","","","","","","","","","","","","","","","","","","",-0.3,1,-0.3,1,"","","","","","","","","","","","","","","","","","","","","","","","","","",100,1,"","","","","","","","","","","","",6.,1,"","","","","","","","","","","","","","","","","","","","","","","","","","","","","","","","","","","","","","","","","","","","","","","","","","","","","","","","","","","","","","","","","","","","","","","","","","","","","","","","","","","","","","","","","","","","","","","","","","","","","","","","","","","","","","","","","","","",""
"63263001","PUY-DE-DOME-MN",45.775,2.966667,1461,1965112106,"","","","",14.,1,270,1,"","","","","","","","","","","","","","","","","","","","","","","","","","","","",-0.3,1,-0.3,1,"","","","","","","","","","","","","","","","","","","","","","","","","","",100,1,"","","","","","","","","","","","",6.,1,"","","","","","","","",9,1,"","","","","","","","","","","","","","","","","","","","","","","","","","","","","","","","",40,1,"","",49,1,7,1,"","",0,1,"","","","","","","","","","","","","","","","","","","","","","","","","","","","","","","","","","","","","","","","","","","","","","","","","","","","","","","","","","","","","",""
"63263001","PUY-DE-DOME-MN",45.775,2.966667,1461,1965112109,"","","","",16.,1,270,1,"","","","","","","","","","","","","","","","","","","","","","","","","","","","",-0.4,1,-0.4,1,"","","","","","","","","","","","","","","","","","","","","","","","","","",100,1,"","","","","","","","","","","","",5.9,1,"","","","","","","","",9,1,"","","","","","","","","","","","","","","","","","","","","","","","","","","","","","","","",40,1,"","",49,1,4,1,"","","","","","","","","","","","","","","","","","","","","","","","","","","","","","","","","","","","","","","","","","","","","","","","","","","","","","","","","","","","","","","","","",""
"63263001","PUY-DE-DOME-MN",45.775,2.966667,1461,1965112112,"","","","",21.,1,270,1,"","","","","","","","","","","","","","","","","","","","","","","","","","","","",-0.1,1,-0.1,1,"","","","","","","","","","","","","","","","","","","","","","","","","","",100,1,"","","","","","","","","","","","",6.1,1,"","","","","","","","",8,1,8,1,"","","","","","","","","","","","","","","","","","","","","","","","","","","","","","",40,1,"","",85,1,4,1,"","","","","","","","","","","","","","","","","","","","","","","","","","","","","","","","","","","","","","","","","","","","","","","","","","","","","","","","","","","","","","","","","",""
"63263001","PUY-DE-DOME-MN",45.775,2.966667,1461,1965112115,"","","","",22.,1,270,1,"","","","","","","","","","","","","","","","","","","","","","","","","","","","",-0.4,1,-0.4,1,"","","","","","","","","","","","","","","","","","","","","","","","","","",100,1,"","","","","","","","","","","","",5.9,1,"","","","","","","","",9,1,"","","","","","","","","","","","","","","","","","","","","","","","","","","","","","","","",40,1,"","",49,1,8,1,"","","","","","","","","","","","","","","","","","","","","","","","","","","","","","","","","","","","","","","","","","","","","","","","","","","","","","","","","","","","","","","","","",""
"63263001","PUY-DE-DOME-MN",45.775,2.966667,1461,1965112118,"","","","",20.,1,270,1,"","","","","","","","","","","","","","","","","","","","","","","","","","","","",-1.3,1,-1.3,1,"","","","","","","","","","","","","","","","","","","","","","","","","","",100,1,"","","","","","","","","","","","",5.5,1,"","","","","","","","",9,1,"","","","","","","","","","","","","","","","","","","","","","","","","","","","","","","","",40,1,"","",49,1,8,1,"","","","","","","","","","","","","","","","","","","","","","","","","","","","","","","","","","","","","","","","","","","","","","","","","","","","","","","","","","","","","","","","","",""
"63263001","PUY-DE-DOME-MN",45.775,2.966667,1461,1965112121,"","","","","","","","","","","","","","","","","","","","","","","","","","","","","","","","","","","","",-2.,1,-2.,1,"","","","","","","","","","","","","","","","","","","","","","","","","","",100,1,"","","","","","","","","","","","",5.3,1,"","","","","","","","","","","","","","","","","","","","","","","","","","","","","","","","","","","","","","","","","","","","","","","","","","","","","","","","","","","","","","","","","","","","","","","","","","","","","","","","","","","","","","","","","","","","","","","","","","","","","","","","","","","","","","","","","","","",""
"63263001","PUY-DE-DOME-MN",45.775,2.966667,1461,1965112200,"","","","","","","","","","","","","","","","","","","","","","","","","","","","","","","","","","","","",-1.9,1,-1.9,1,"","","","","","","","","","","","","","","","","","","","","","","","","","",100,1,"","","","","","","","","","","","",5.3,1,"","","","","","","","","","","","","","","","","","","","","","","","","","","","","","","","","","","","","","","","","","","","","","","","","","","","","","","","","","","","","","","","","","","","","","","","","","","","","","","","","","","","","","","","","","","","","","","","","","","","","","","","","","","","","","","","","","","",""
"63263001","PUY-DE-DOME-MN",45.775,2.966667,1461,1965112203,"","","","","","","","","","","","","","","","","","","","","","","","","","","","","","","","","","","","",-2.1,1,-2.1,1,"","","","","","","","","","","","","","","","","","","","","","","","","","",100,1,"","","","","","","","","","","","",5.2,1,"","","","","","","","","","","","","","","","","","","","","","","","","","","","","","","","","","","","","","","","","","","","","","","","","","","","","","","","","","","","","","","","","","","","","","","","","","","","","","","","","","","","","","","","","","","","","","","","","","","","","","","","","","","","","","","","","","","",""
"63263001","PUY-DE-DOME-MN",45.775,2.966667,1461,1965112206,"","","","",12.,1,310,1,"","","","","","","","","","","","","","","","","","","","","","","","","","","","",-4.8,1,-4.8,1,"","","","","","","","","","","","","","","","","","","","","","","","","","",100,1,"","","","","","","","","","","","",4.3,1,"","","","","","","","",8,1,8,1,"","","","","","","","","","","","","","","","","","","","","","","","","","","","","","",40,1,"","",71,1,7,1,"","",0,1,"","","","","","","","","","","","","","","","","","","","","","","","","","","","","","","","","","","","","","","","","","","","","","","","","","","","","","","","","","","","","",""
"63263001","PUY-DE-DOME-MN",45.775,2.966667,1461,1965112209,"","","","",12.,1,350,1,"","","","","","","","","","","","","","","","","","","","","","","","","","","","",-7.6,1,-7.6,1,"","","","","","","","","","","","","","","","","","","","","","","","","","",100,1,"","","","","","","","","","","","",3.4,1,"","","","","","","","",8,1,8,1,"","","","","","","","","","","","","","","","","","","","","","","","","","","","","","",40,1,"","",71,1,7,1,"","","","","","","","","","","","","","","","","","","","","","","","","","","","","","","","","","","","","","","","","","","","","","","","","","","","","","","","","","","","","","","","","",""
"63263001","PUY-DE-DOME-MN",45.775,2.966667,1461,1965112212,"","","","",16.,1,350,1,"","","","","","","","","","","","","","","","","","","","","","","","","","","","",-7.8,1,-7.8,1,"","","","","","","","","","","","","","","","","","","","","","","","","","",100,1,"","","","","","","","","","","","",3.4,1,"","","","","","","","",9,1,"","","","","","","","","","","","","","","","","","","","","","","","","","","","","","","","",40,1,"","",49,1,7,1,"","","","","","","","","","","","","","","","","","","","","","","","","","","","","","","","","","","","","","","","","","","","","","","","","","","","","","","","","","","","","","","","","",""
"63263001","PUY-DE-DOME-MN",45.775,2.966667,1461,1965112215,"","","","",14.,1,330,1,"","","","","","","","","","","","","","","","","","","","","","","","","","","","",-8.2,1,-8.2,1,"","","","","","","","","","","","","","","","","","","","","","","","","","",100,1,"","","","","","","","","","","","",3.3,1,"","","","","","","","",9,1,"","","","","","","","","","","","","","","","","","","","","","","","","","","","","","","","",40,1,"","",49,1,8,1,"","","","","","","","","","","","","","","","","","","","","","","","","","","","","","","","","","","","","","","","","","","","","","","","","","","","","","","","","","","","","","","","","",""
"63263001","PUY-DE-DOME-MN",45.775,2.966667,1461,1965112218,"","","","",12.,1,330,1,"","","","","","","","","","","","","","","","","","","","","","","","","","","","",-8.2,1,-8.2,1,"","","","","","","","","","","","","","","","","","","","","","","","","","",100,1,"","","","","","","","","","","","",3.3,1,"","","","","","","","",9,1,"","","","","","","","","","","","","","","","","","","","","","","","","","","","","","","","",40,1,"","",49,1,8,1,"","","","","","","","","","","","","","","","","","","","","","","","","","","","","","","","","","","","","","","","","","","","","","","","","","","","","","","","","","","","","","","","","",""
"63263001","PUY-DE-DOME-MN",45.775,2.966667,1461,1965112221,"","","","","","","","","","","","","","","","","","","","","","","","","","","","","","","","","","","","",-8.7,1,-8.7,1,"","","","","","","","","","","","","","","","","","","","","","","","","","",100,1,"","","","","","","","","","","","",3.2,1,"","","","","","","","","","","","","","","","","","","","","","","","","","","","","","","","","","","","","","","","","","","","","","","","","","","","","","","","","","","","","","","","","","","","","","","","","","","","","","","","","","","","","","","","","","","","","","","","","","","","","","","","","","","","","","","","","","","",""
"63263001","PUY-DE-DOME-MN",45.775,2.966667,1461,1965112300,"","","","","","","","","","","","","","","","","","","","","","","","","","","","","","","","","","","","",-8.9,1,-8.9,1,"","","","","","","","","","","","","","","","","","","","","","","","","","",100,1,"","","","","","","","","","","","",3.1,1,"","","","","","","","","","","","","","","","","","","","","","","","","","","","","","","","","","","","","","","","","","","","","","","","","","","","","","","","","","","","","","","","","","","","","","","","","","","","","","","","","","","","","","","","","","","","","","","","","","","","","","","","","","","","","","","","","","","",""
"63263001","PUY-DE-DOME-MN",45.775,2.966667,1461,1965112303,"","","","","","","","","","","","","","","","","","","","","","","","","","","","","","","","","","","","",-9.4,1,-9.4,1,"","","","","","","","","","","","","","","","","","","","","","","","","","",100,1,"","","","","","","","","","","","",3.,1,"","","","","","","","","","","","","","","","","","","","","","","","","","","","","","","","","","","","","","","","","","","","","","","","","","","","","","","","","","","","","","","","","","","","","","","","","","","","","","","","","","","","","","","","","","","","","","","","","","","","","","","","","","","","","","","","","","","",""
"63263001","PUY-DE-DOME-MN",45.775,2.966667,1461,1965112306,"","","","",18.,1,350,1,"","","","","","","","","","","","","","","","","","","","","","","","","","","","",-9.6,1,-9.6,1,"","","","","","","","","","","","","","","","","","","","","","","","","","",100,1,"","","","","","","","","","","","",2.9,1,"","","","","","","","",9,1,"","","","","","","","","","","","","","","","","","","","","","","","","","","","","","","","",40,1,"","",49,1,7,1,"","",0,1,"","","","","","","","","","","","","","","","","","","","","","","","","","","","","","","","","","","","","","","","","","","","","","","","","","","","","","","","","","","","","",""
"63263001","PUY-DE-DOME-MN",45.775,2.966667,1461,1965112309,"","","","",17.,1,330,1,"","","","","","","","","","","","","","","","","","","","","","","","","","","","",-8.2,1,-8.2,1,"","","","","","","","","","","","","","","","","","","","","","","","","","",100,1,"","","","","","","","","","","","",3.3,1,"","","","","","","","",8,1,8,1,"","","","","","","","","","","","","","","","","","","","","","","","","","","","","","",40,1,"","",85,1,8,1,"","","","","","","","","","","","","","","","","","","","","","","","","","","","","","","","","","","","","","","","","","","","","","","","","","","","","","","","","","","","","","","","","",""
"63263001","PUY-DE-DOME-MN",45.775,2.966667,1461,1965112312,"","","","",16.,1,330,1,"","","","","","","","","","","","","","","","","","","","","","","","","","","","",-8.8,1,-8.8,1,"","","","","","","","","","","","","","","","","","","","","","","","","","",100,1,"","","","","","","","","","","","",3.1,1,"","","","","","","","",9,1,"","","","","","","","","","","","","","","","","","","","","","","","","","","","","","","","",40,1,"","",49,1,8,1,"","","","","","","","","","","","","","","","","","","","","","","","","","","","","","","","","","","","","","","","","","","","","","","","","","","","","","","","","","","","","","","","","",""
"63263001","PUY-DE-DOME-MN",45.775,2.966667,1461,1965112315,"","","","",16.,1,350,1,"","","","","","","","","","","","","","","","","","","","","","","","","","","","",-8.7,1,-8.7,1,"","","","","","","","","","","","","","","","","","","","","","","","","","",100,1,"","","","","","","","","","","","",3.2,1,"","","","","","","","",9,1,"","","","","","","","","","","","","","","","","","","","","","","","","","","","","","","","",40,1,"","",49,1,4,1,"","","","","","","","","","","","","","","","","","","","","","","","","","","","","","","","","","","","","","","","","","","","","","","","","","","","","","","","","","","","","","","","","",""
"63263001","PUY-DE-DOME-MN",45.775,2.966667,1461,1965112318,"","","","",15.,1,350,1,"","","","","","","","","","","","","","","","","","","","","","","","","","","","",-8.3,1,-8.3,1,"","","","","","","","","","","","","","","","","","","","","","","","","","",100,1,"","","","","","","","","","","","",3.3,1,"","","","","","","","",9,1,"","","","","","","","","","","","","","","","","","","","","","","","","","","","","","","","",40,1,"","",49,1,4,1,"","","","","","","","","","","","","","","","","","","","","","","","","","","","","","","","","","","","","","","","","","","","","","","","","","","","","","","","","","","","","","","","","",""
"63263001","PUY-DE-DOME-MN",45.775,2.966667,1461,1965112321,"","","","","","","","","","","","","","","","","","","","","","","","","","","","","","","","","","","","",-8.5,1,-8.5,1,"","","","","","","","","","","","","","","","","","","","","","","","","","",100,1,"","","","","","","","","","","","",3.2,1,"","","","","","","","","","","","","","","","","","","","","","","","","","","","","","","","","","","","","","","","","","","","","","","","","","","","","","","","","","","","","","","","","","","","","","","","","","","","","","","","","","","","","","","","","","","","","","","","","","","","","","","","","","","","","","","","","","","",""
"63263001","PUY-DE-DOME-MN",45.775,2.966667,1461,1965112400,"","","","","","","","","","","","","","","","","","","","","","","","","","","","","","","","","","","","",-8.3,1,-8.3,1,"","","","","","","","","","","","","","","","","","","","","","","","","","",100,1,"","","","","","","","","","","","",3.3,1,"","","","","","","","","","","","","","","","","","","","","","","","","","","","","","","","","","","","","","","","","","","","","","","","","","","","","","","","","","","","","","","","","","","","","","","","","","","","","","","","","","","","","","","","","","","","","","","","","","","","","","","","","","","","","","","","","","","",""
"63263001","PUY-DE-DOME-MN",45.775,2.966667,1461,1965112403,"","","","","","","","","","","","","","","","","","","","","","","","","","","","","","","","","","","","",-8.2,1,-8.2,1,"","","","","","","","","","","","","","","","","","","","","","","","","","",100,1,"","","","","","","","","","","","",3.3,1,"","","","","","","","","","","","","","","","","","","","","","","","","","","","","","","","","","","","","","","","","","","","","","","","","","","","","","","","","","","","","","","","","","","","","","","","","","","","","","","","","","","","","","","","","","","","","","","","","","","","","","","","","","","","","","","","","","","",""
"63263001","PUY-DE-DOME-MN",45.775,2.966667,1461,1965112406,"","","","",28.,1,230,1,"","","","","","","","","","","","","","","","","","","","","","","","","","","","",-7.2,1,-7.2,1,"","","","","","","","","","","","","","","","","","","","","","","","","","",100,1,"","","","","","","","","","","","",3.6,1,"","","","","","","","",9,1,"","","","","","","","","","","","","","","","","","","","","","","","","","","","","","","","",40,1,"","",49,1,4,1,"","",0,1,"","","","","","","","","","","","","","","","","","","","","","","","","","","","","","","","","","","","","","","","","","","","","","","","","","","","","","","","","","","","","",""
"63263001","PUY-DE-DOME-MN",45.775,2.966667,1461,1965112409,"","","","",23.,1,270,1,"","","","","","","","","","","","","","","","","","","","","","","","","","","","",-6.9,1,-6.9,1,"","","","","","","","","","","","","","","","","","","","","","","","","","",100,1,"","","","","","","","","","","","",3.6,1,"","","","","","","","",9,1,"","","","","","","","","","","","","","","","","","","","","","","","","","","","","","","","",40,1,"","",49,1,4,1,"","","","","","","","","","","","","","","","","","","","","","","","","","","","","","","","","","","","","","","","","","","","","","","","","","","","","","","","","","","","","","","","","",""
"63263001","PUY-DE-DOME-MN",45.775,2.966667,1461,1965112412,"","","","",25.,1,270,1,"","","","","","","","","","","","","","","","","","","","","","","","","","","","",-5.7,1,-5.7,1,"","","","","","","","","","","","","","","","","","","","","","","","","","",100,1,"","","","","","","","","","","","",4.,1,"","","","","","","","",9,1,"","","","","","","","","","","","","","","","","","","","","","","","","","","","","","","","",40,1,"","",49,1,4,1,"","","","","","","","","","","","","","","","","","","","","","","","","","","","","","","","","","","","","","","","","","","","","","","","","","","","","","","","","","","","","","","","","",""
"63263001","PUY-DE-DOME-MN",45.775,2.966667,1461,1965112415,"","","","",25.,1,270,1,"","","","","","","","","","","","","","","","","","","","","","","","","","","","",-4.9,1,-4.9,1,"","","","","","","","","","","","","","","","","","","","","","","","","","",100,1,"","","","","","","","","","","","",4.2,1,"","","","","","","","",9,1,"","","","","","","","","","","","","","","","","","","","","","","","","","","","","","","","",40,1,"","",49,1,4,1,"","","","","","","","","","","","","","","","","","","","","","","","","","","","","","","","","","","","","","","","","","","","","","","","","","","","","","","","","","","","","","","","","",""
"63263001","PUY-DE-DOME-MN",45.775,2.966667,1461,1965112418,"","","","",24.,1,270,1,"","","","","","","","","","","","","","","","","","","","","","","","","","","","",-3.3,1,-3.3,1,"","","","","","","","","","","","","","","","","","","","","","","","","","",100,1,"","","","","","","","","","","","",4.8,1,"","","","","","","","",9,1,"","","","","","","","","","","","","","","","","","","","","","","","","","","","","","","","",40,1,"","",49,1,4,1,"","","","","","","","","","","","","","","","","","","","","","","","","","","","","","","","","","","","","","","","","","","","","","","","","","","","","","","","","","","","","","","","","",""
"63263001","PUY-DE-DOME-MN",45.775,2.966667,1461,1965112421,"","","","","","","","","","","","","","","","","","","","","","","","","","","","","","","","","","","","",-2.9,1,-2.9,1,"","","","","","","","","","","","","","","","","","","","","","","","","","",100,1,"","","","","","","","","","","","",4.9,1,"","","","","","","","","","","","","","","","","","","","","","","","","","","","","","","","","","","","","","","","","","","","","","","","","","","","","","","","","","","","","","","","","","","","","","","","","","","","","","","","","","","","","","","","","","","","","","","","","","","","","","","","","","","","","","","","","","","",""
"63263001","PUY-DE-DOME-MN",45.775,2.966667,1461,1965112500,"","","","","","","","","","","","","","","","","","","","","","","","","","","","","","","","","","","","",-2.8,1,-2.8,1,"","","","","","","","","","","","","","","","","","","","","","","","","","",100,1,"","","","","","","","","","","","",4.9,1,"","","","","","","","","","","","","","","","","","","","","","","","","","","","","","","","","","","","","","","","","","","","","","","","","","","","","","","","","","","","","","","","","","","","","","","","","","","","","","","","","","","","","","","","","","","","","","","","","","","","","","","","","","","","","","","","","","","",""
"63263001","PUY-DE-DOME-MN",45.775,2.966667,1461,1965112503,"","","","","","","","","","","","","","","","","","","","","","","","","","","","","","","","","","","","",-3.,1,-3.,1,"","","","","","","","","","","","","","","","","","","","","","","","","","",100,1,"","","","","","","","","","","","",4.9,1,"","","","","","","","","","","","","","","","","","","","","","","","","","","","","","","","","","","","","","","","","","","","","","","","","","","","","","","","","","","","","","","","","","","","","","","","","","","","","","","","","","","","","","","","","","","","","","","","","","","","","","","","","","","","","","","","","","","",""
"63263001","PUY-DE-DOME-MN",45.775,2.966667,1461,1965112506,"","","","",5.,1,270,1,"","","","","","","","","","","","","","","","","","","","","","","","","","","","",-2.7,1,-4.,1,"","","","","","","","","","","","","","","","","","","","","","","","","","",90,1,"","","","","","","","","","","","",4.5,1,"","","","","","","","",7,1,5,1,0,1,4,1,2,1,"","","","","","","","","","","","","","","","","","","","","","","","",99990,1,"","",0,1,4,1,"","",0,1,"","","","","","","","","","","","","","","","","","","","","","","","","","","","","","","","","","","","","","","","","","","","","","","","","","","","","","","","","","","","","",""
"63263001","PUY-DE-DOME-MN",45.775,2.966667,1461,1965112509,"","","","",11.,1,250,1,"","","","","","","","","","","","","","","","","","","","","","","","","","","","",-2.3,1,-6.9,1,"","","","","","","","","","","","","","","","","","","","","","","","","","",71,1,"","","","","","","","","","","","",3.6,1,"","","","","","","","",7,1,7,1,0,1,4,1,2,1,"","","","","","","","","","","","","","","","","","","","","","","","",99990,1,"","",2,1,2,1,"","","","","","","","","","","","","","","","","","","","","","","","","","","","","","","","","","","","","","","","","","","","","","","","","","","","","","","","","","","","","","","","","",""
"63263001","PUY-DE-DOME-MN",45.775,2.966667,1461,1965112512,"","","","",18.,1,250,1,"","","","","","","","","","","","","","","","","","","","","","","","","","","","",-2.6,1,-9.2,1,"","","","","","","","","","","","","","","","","","","","","","","","","","",60,1,"","","","","","","","","","","","",3.,1,"","","","","","","","",7,1,7,1,0,1,4,1,2,1,"","","","","","","","","","","","","","","","","","","","","","","","",99990,1,"","",3,1,2,1,"","","","","","","","","","","","","","","","","","","","","","","","","","","","","","","","","","","","","","","","","","","","","","","","","","","","","","","","","","","","","","","","","",""
"63263001","PUY-DE-DOME-MN",45.775,2.966667,1461,1965112515,"","","","",22.,1,250,1,"","","","","","","","","","","","","","","","","","","","","","","","","","","","",-2.4,1,-11.4,1,"","","","","","","","","","","","","","","","","","","","","","","","","","",49,1,"","","","","","","","","","","","",2.5,1,"","","","","","","","","","",7,1,0,1,5,1,"","","","","","","","","","","","","","","","","","","","","","","","","","",99990,1,"","",3,1,2,1,"","","","","","","","","","","","","","","","","","","","","","","","","","","","","","","","","","","","","","","","","","","","","","","","","","","","","","","","","","","","","","","","","",""
"63263001","PUY-DE-DOME-MN",45.775,2.966667,1461,1965112518,"","","","",25.,1,250,1,"","","","","","","","","","","","","","","","","","","","","","","","","","","","",-3.,1,-10.,1,"","","","","","","","","","","","","","","","","","","","","","","","","","",58,1,"","","","","","","","","","","","",2.8,1,"","","","","","","","",8,1,8,1,0,1,7,1,"","","","","","","","","","","","","","","","","","","","","","","","","","",99990,1,"","",3,1,2,1,"","","","","","","","","","","","","","","","","","","","","","","","","","","","","","","","","","","","","","","","","","","","","","","","","","","","","","","","","","","","","","","","","",""
"63263001","PUY-DE-DOME-MN",45.775,2.966667,1461,1965112521,"","","","","","","","","","","","","","","","","","","","","","","","","","","","","","","","","","","","",-3.,1,-13.5,1,"","","","","","","","","","","","","","","","","","","","","","","","","","",43,1,"","","","","","","","","","","","",2.1,1,"","","","","","","","","","","","","","","","","","","","","","","","","","","","","","","","","","","","","","","","","","","","","","","","","","","","","","","","","","","","","","","","","","","","","","","","","","","","","","","","","","","","","","","","","","","","","","","","","","","","","","","","","","","","","","","","","","","",""
"63263001","PUY-DE-DOME-MN",45.775,2.966667,1461,1965112600,"","","","","","","","","","","","","","","","","","","","","","","","","","","","","","","","","","","","",-2.9,1,-12.9,1,"","","","","","","","","","","","","","","","","","","","","","","","","","",45,1,"","","","","","","","","","","","",2.2,1,"","","","","","","","","","","","","","","","","","","","","","","","","","","","","","","","","","","","","","","","","","","","","","","","","","","","","","","","","","","","","","","","","","","","","","","","","","","","","","","","","","","","","","","","","","","","","","","","","","","","","","","","","","","","","","","","","","","",""
"63263001","PUY-DE-DOME-MN",45.775,2.966667,1461,1965112603,"","","","","","","","","","","","","","","","","","","","","","","","","","","","","","","","","","","","",-3.4,1,-3.4,1,"","","","","","","","","","","","","","","","","","","","","","","","","","",100,1,"","","","","","","","","","","","",4.7,1,"","","","","","","","","","","","","","","","","","","","","","","","","","","","","","","","","","","","","","","","","","","","","","","","","","","","","","","","","","","","","","","","","","","","","","","","","","","","","","","","","","","","","","","","","","","","","","","","","","","","","","","","","","","","","","","","","","","",""
"63263001","PUY-DE-DOME-MN",45.775,2.966667,1461,1965112606,"","","","",21.,1,270,1,"","","","","","","","","","","","","","","","","","","","","","","","","","","","",-2.,1,-2.,1,"","","","","","","","","","","","","","","","","","","","","","","","","","",100,1,"","","","","","","","","","","","",5.3,1,"","","","","","","","",9,1,"","","","","","","","","","","","","","","","","","","","","","","","","","","","","","","","",40,1,"","",49,1,7,1,"","",0,1,"","","","","","","","","","","","","","","","","","","","","","","","","","","","","","","","","","","","","","","","","","","","","","","","","","","","","","","","","","","","","",""
"63263001","PUY-DE-DOME-MN",45.775,2.966667,1461,1965112609,"","","","",17.,1,250,1,"","","","","","","","","","","","","","","","","","","","","","","","","","","","",-1.,1,-1.,1,"","","","","","","","","","","","","","","","","","","","","","","","","","",100,1,"","","","","","","","","","","","",5.7,1,"","","","","","","","",9,1,"","","","","","","","","","","","","","","","","","","","","","","","","","","","","","","","",40,1,"","",49,1,4,1,"","","","","","","","","","","","","","","","","","","","","","","","","","","","","","","","","","","","","","","","","","","","","","","","","","","","","","","","","","","","","","","","","",""
"63263001","PUY-DE-DOME-MN",45.775,2.966667,1461,1965112612,"","","","",22.,1,250,1,"","","","","","","","","","","","","","","","","","","","","","","","","","","","",-0.6,1,-0.6,1,"","","","","","","","","","","","","","","","","","","","","","","","","","",100,1,"","","","","","","","","","","","",5.8,1,"","","","","","","","",9,1,"","","","","","","","","","","","","","","","","","","","","","","","","","","","","","","","",40,1,"","",49,1,4,1,"","","","","","","","","","","","","","","","","","","","","","","","","","","","","","","","","","","","","","","","","","","","","","","","","","","","","","","","","","","","","","","","","",""
"63263001","PUY-DE-DOME-MN",45.775,2.966667,1461,1965112615,"","","","",18.,1,270,1,"","","","","","","","","","","","","","","","","","","","","","","","","","","","",-0.8,1,-0.8,1,"","","","","","","","","","","","","","","","","","","","","","","","","","",100,1,"","","","","","","","","","","","",5.8,1,"","","","","","","","",9,1,"","","","","","","","","","","","","","","","","","","","","","","","","","","","","","","","",40,1,"","",49,1,4,1,"","","","","","","","","","","","","","","","","","","","","","","","","","","","","","","","","","","","","","","","","","","","","","","","","","","","","","","","","","","","","","","","","",""
"63263001","PUY-DE-DOME-MN",45.775,2.966667,1461,1965112618,"","","","",18.,1,270,1,"","","","","","","","","","","","","","","","","","","","","","","","","","","","",-2.2,1,-2.2,1,"","","","","","","","","","","","","","","","","","","","","","","","","","",100,1,"","","","","","","","","","","","",5.2,1,"","","","","","","","",9,1,"","","","","","","","","","","","","","","","","","","","","","","","","","","","","","","","",40,1,"","",49,1,4,1,"","","","","","","","","","","","","","","","","","","","","","","","","","","","","","","","","","","","","","","","","","","","","","","","","","","","","","","","","","","","","","","","","",""
"63263001","PUY-DE-DOME-MN",45.775,2.966667,1461,1965112621,"","","","","","","","","","","","","","","","","","","","","","","","","","","","","","","","","","","","",-1.3,1,-1.3,1,"","","","","","","","","","","","","","","","","","","","","","","","","","",100,1,"","","","","","","","","","","","",5.5,1,"","","","","","","","","","","","","","","","","","","","","","","","","","","","","","","","","","","","","","","","","","","","","","","","","","","","","","","","","","","","","","","","","","","","","","","","","","","","","","","","","","","","","","","","","","","","","","","","","","","","","","","","","","","","","","","","","","","",""
"63263001","PUY-DE-DOME-MN",45.775,2.966667,1461,1965112700,"","","","","","","","","","","","","","","","","","","","","","","","","","","","","","","","","","","","",1.6,1,1.6,1,"","","","","","","","","","","","","","","","","","","","","","","","","","",100,1,"","","","","","","","","","","","",6.8,1,"","","","","","","","","","","","","","","","","","","","","","","","","","","","","","","","","","","","","","","","","","","","","","","","","","","","","","","","","","","","","","","","","","","","","","","","","","","","","","","","","","","","","","","","","","","","","","","","","","","","","","","","","","","","","","","","","","","",""
"63263001","PUY-DE-DOME-MN",45.775,2.966667,1461,1965112703,"","","","","","","","","","","","","","","","","","","","","","","","","","","","","","","","","","","","",3.6,1,3.6,1,"","","","","","","","","","","","","","","","","","","","","","","","","","",100,1,"","","","","","","","","","","","",7.9,1,"","","","","","","","","","","","","","","","","","","","","","","","","","","","","","","","","","","","","","","","","","","","","","","","","","","","","","","","","","","","","","","","","","","","","","","","","","","","","","","","","","","","","","","","","","","","","","","","","","","","","","","","","","","","","","","","","","","",""
"63263001","PUY-DE-DOME-MN",45.775,2.966667,1461,1965112706,"","","","",33.,1,270,1,"","","","","","","","","","","","","","","","","","","","","","","","","","","","",4.6,1,4.6,1,"","","","","","","","","","","","","","","","","","","","","","","","","","",100,1,"","","","","","","","","","","","",8.5,1,"","","","","","","","",8,1,8,1,"","","","","","","","","","","","","","","","","","","","","","","","","","","","","","",40,1,"","",61,1,6,1,"","",0,1,"","","","","","","","","","","","","","","","","","","","","","","","","","","","","","","","","","","","","","","","","","","","","","","","","","","","","","","","","","","","","",""
"63263001","PUY-DE-DOME-MN",45.775,2.966667,1461,1965112709,"","","","",34.,1,270,1,"","","","","","","","","","","","","","","","","","","","","","","","","","","","",4.8,1,4.8,1,"","","","","","","","","","","","","","","","","","","","","","","","","","",100,1,"","","","","","","","","","","","",8.6,1,"","","","","","","","",8,1,8,1,"","","","","","","","","","","","","","","","","","","","","","","","","","","","","","",40,1,"","",61,1,6,1,"","","","","","","","","","","","","","","","","","","","","","","","","","","","","","","","","","","","","","","","","","","","","","","","","","","","","","","","","","","","","","","","","",""
"63263001","PUY-DE-DOME-MN",45.775,2.966667,1461,1965112712,"","","","",26.,1,270,1,"","","","","","","","","","","","","","","","","","","","","","","","","","","","",2.2,1,2.2,1,"","","","","","","","","","","","","","","","","","","","","","","","","","",100,1,"","","","","","","","","","","","",7.2,1,"","","","","","","","",8,1,8,1,"","","","","","","","","","","","","","","","","","","","","","","","","","","","","","",40,1,"","",61,1,6,1,"","","","","","","","","","","","","","","","","","","","","","","","","","","","","","","","","","","","","","","","","","","","","","","","","","","","","","","","","","","","","","","","","",""
"63263001","PUY-DE-DOME-MN",45.775,2.966667,1461,1965112715,"","","","",26.,1,290,1,"","","","","","","","","","","","","","","","","","","","","","","","","","","","",-0.5,1,-0.5,1,"","","","","","","","","","","","","","","","","","","","","","","","","","",100,1,"","","","","","","","","","","","",5.9,1,"","","","","","","","",9,1,"","","","","","","","","","","","","","","","","","","","","","","","","","","","","","","","",40,1,"","",49,1,4,1,"","","","","","","","","","","","","","","","","","","","","","","","","","","","","","","","","","","","","","","","","","","","","","","","","","","","","","","","","","","","","","","","","",""
"63263001","PUY-DE-DOME-MN",45.775,2.966667,1461,1965112718,"","","","",21.,1,290,1,"","","","","","","","","","","","","","","","","","","","","","","","","","","","",-1.5,1,-1.5,1,"","","","","","","","","","","","","","","","","","","","","","","","","","",100,1,"","","","","","","","","","","","",5.5,1,"","","","","","","","",9,1,"","","","","","","","","","","","","","","","","","","","","","","","","","","","","","","","",40,1,"","",49,1,8,1,"","","","","","","","","","","","","","","","","","","","","","","","","","","","","","","","","","","","","","","","","","","","","","","","","","","","","","","","","","","","","","","","","",""
"63263001","PUY-DE-DOME-MN",45.775,2.966667,1461,1965112721,"","","","","","","","","","","","","","","","","","","","","","","","","","","","","","","","","","","","",-2.1,1,-2.1,1,"","","","","","","","","","","","","","","","","","","","","","","","","","",100,1,"","","","","","","","","","","","",5.2,1,"","","","","","","","","","","","","","","","","","","","","","","","","","","","","","","","","","","","","","","","","","","","","","","","","","","","","","","","","","","","","","","","","","","","","","","","","","","","","","","","","","","","","","","","","","","","","","","","","","","","","","","","","","","","","","","","","","","",""
"63263001","PUY-DE-DOME-MN",45.775,2.966667,1461,1965112800,"","","","","","","","","","","","","","","","","","","","","","","","","","","","","","","","","","","","",-2.2,1,-2.2,1,"","","","","","","","","","","","","","","","","","","","","","","","","","",100,1,"","","","","","","","","","","","",5.2,1,"","","","","","","","","","","","","","","","","","","","","","","","","","","","","","","","","","","","","","","","","","","","","","","","","","","","","","","","","","","","","","","","","","","","","","","","","","","","","","","","","","","","","","","","","","","","","","","","","","","","","","","","","","","","","","","","","","","",""
"63263001","PUY-DE-DOME-MN",45.775,2.966667,1461,1965112803,"","","","","","","","","","","","","","","","","","","","","","","","","","","","","","","","","","","","",-3.,1,-3.,1,"","","","","","","","","","","","","","","","","","","","","","","","","","",100,1,"","","","","","","","","","","","",4.9,1,"","","","","","","","","","","","","","","","","","","","","","","","","","","","","","","","","","","","","","","","","","","","","","","","","","","","","","","","","","","","","","","","","","","","","","","","","","","","","","","","","","","","","","","","","","","","","","","","","","","","","","","","","","","","","","","","","","","",""
"63263001","PUY-DE-DOME-MN",45.775,2.966667,1461,1965112806,"","","","",17.,1,310,1,"","","","","","","","","","","","","","","","","","","","","","","","","","","","",-3.4,1,-3.4,1,"","","","","","","","","","","","","","","","","","","","","","","","","","",100,1,"","","","","","","","","","","","",4.7,1,"","","","","","","","",9,1,"","","","","","","","","","","","","","","","","","","","","","","","","","","","","","","","",40,1,"","",49,1,8,1,"","",0,1,"","","","","","","","","","","","","","","","","","","","","","","","","","","","","","","","","","","","","","","","","","","","","","","","","","","","","","","","","","","","","",""
"63263001","PUY-DE-DOME-MN",45.775,2.966667,1461,1965112809,"","","","",11.,1,310,1,"","","","","","","","","","","","","","","","","","","","","","","","","","","","",-3.9,1,-3.9,1,"","","","","","","","","","","","","","","","","","","","","","","","","","",100,1,"","","","","","","","","","","","",4.6,1,"","","","","","","","",9,1,"","","","","","","","","","","","","","","","","","","","","","","","","","","","","","","","",40,1,"","",49,1,4,1,"","","","","","","","","","","","","","","","","","","","","","","","","","","","","","","","","","","","","","","","","","","","","","","","","","","","","","","","","","","","","","","","","",""
"63263001","PUY-DE-DOME-MN",45.775,2.966667,1461,1965112812,"","","","",12.,1,290,1,"","","","","","","","","","","","","","","","","","","","","","","","","","","","",-3.3,1,-3.3,1,"","","","","","","","","","","","","","","","","","","","","","","","","","",100,1,"","","","","","","","","","","","",4.8,1,"","","","","","","","",9,1,"","","","","","","","","","","","","","","","","","","","","","","","","","","","","","","","",40,1,"","",49,1,4,1,"","","","","","","","","","","","","","","","","","","","","","","","","","","","","","","","","","","","","","","","","","","","","","","","","","","","","","","","","","","","","","","","","",""
"63263001","PUY-DE-DOME-MN",45.775,2.966667,1461,1965112815,"","","","",22.,1,290,1,"","","","","","","","","","","","","","","","","","","","","","","","","","","","",-3.3,1,-3.3,1,"","","","","","","","","","","","","","","","","","","","","","","","","","",100,1,"","","","","","","","","","","","",4.8,1,"","","","","","","","",9,1,"","","","","","","","","","","","","","","","","","","","","","","","","","","","","","","","",100,1,"","",49,1,4,1,"","","","","","","","","","","","","","","","","","","","","","","","","","","","","","","","","","","","","","","","","","","","","","","","","","","","","","","","","","","","","","","","","",""
"63263001","PUY-DE-DOME-MN",45.775,2.966667,1461,1965112818,"","","","",17.,1,270,1,"","","","","","","","","","","","","","","","","","","","","","","","","","","","",-2.4,1,-2.4,1,"","","","","","","","","","","","","","","","","","","","","","","","","","",100,1,"","","","","","","","","","","","",5.1,1,"","","","","","","","",9,1,"","","","","","","","","","","","","","","","","","","","","","","","","","","","","","","","",40,1,"","",49,1,4,1,"","","","","","","","","","","","","","","","","","","","","","","","","","","","","","","","","","","","","","","","","","","","","","","","","","","","","","","","","","","","","","","","","",""
"63263001","PUY-DE-DOME-MN",45.775,2.966667,1461,1965112821,"","","","","","","","","","","","","","","","","","","","","","","","","","","","","","","","","","","","",-1.4,1,-1.4,1,"","","","","","","","","","","","","","","","","","","","","","","","","","",100,1,"","","","","","","","","","","","",5.5,1,"","","","","","","","","","","","","","","","","","","","","","","","","","","","","","","","","","","","","","","","","","","","","","","","","","","","","","","","","","","","","","","","","","","","","","","","","","","","","","","","","","","","","","","","","","","","","","","","","","","","","","","","","","","","","","","","","","","",""
"63263001","PUY-DE-DOME-MN",45.775,2.966667,1461,1965112900,"","","","","","","","","","","","","","","","","","","","","","","","","","","","","","","","","","","","",-1.1,1,-1.1,1,"","","","","","","","","","","","","","","","","","","","","","","","","","",100,1,"","","","","","","","","","","","",5.6,1,"","","","","","","","","","","","","","","","","","","","","","","","","","","","","","","","","","","","","","","","","","","","","","","","","","","","","","","","","","","","","","","","","","","","","","","","","","","","","","","","","","","","","","","","","","","","","","","","","","","","","","","","","","","","","","","","","","","",""
"63263001","PUY-DE-DOME-MN",45.775,2.966667,1461,1965112903,"","","","","","","","","","","","","","","","","","","","","","","","","","","","","","","","","","","","",-0.2,1,-0.2,1,"","","","","","","","","","","","","","","","","","","","","","","","","","",100,1,"","","","","","","","","","","","",6.,1,"","","","","","","","","","","","","","","","","","","","","","","","","","","","","","","","","","","","","","","","","","","","","","","","","","","","","","","","","","","","","","","","","","","","","","","","","","","","","","","","","","","","","","","","","","","","","","","","","","","","","","","","","","","","","","","","","","","",""
"63263001","PUY-DE-DOME-MN",45.775,2.966667,1461,1965112906,"","","","",25.,1,230,1,"","","","","","","","","","","","","","","","","","","","","","","","","","","","",-0.8,1,-3.7,1,"","","","","","","","","","","","","","","","","","","","","","","","","","",79,1,"","","","","","","","","","","","",4.6,1,"","","","","","","","",7,1,7,1,0,1,4,1,2,1,"","","","","","","","","","","","","","","","","","","","","","","","",90000,1,"","",0,1,4,1,"","",0,1,"","","","","","","","","","","","","","","","","","","","","","","","","","","","","","","","","","","","","","","","","","","","","","","","","","","","","","","","","","","","","",""
"63263001","PUY-DE-DOME-MN",45.775,2.966667,1461,1965112909,"","","","",29.,1,230,1,"","","","","","","","","","","","","","","","","","","","","","","","","","","","",0.6,1,-1.6,1,"","","","","","","","","","","","","","","","","","","","","","","","","","",84,1,"","","","","","","","","","","","",5.4,1,"","","","","","","","",7,1,6,1,0,1,4,1,2,1,"","","","","","","","","","","","","","","","","","","","","","","","",90000,1,"","",2,1,2,1,"","","","","","","","","","","","","","","","","","","","","","","","","","","","","","","","","","","","","","","","","","","","","","","","","","","","","","","","","","","","","","","","","",""
"63263001","PUY-DE-DOME-MN",45.775,2.966667,1461,1965112912,"","","","",33.,1,270,1,"","","","","","","","","","","","","","","","","","","","","","","","","","","","",0.4,1,0.4,1,"","","","","","","","","","","","","","","","","","","","","","","","","","",100,1,"","","","","","","","","","","","",6.3,1,"","","","","","","","",8,1,8,1,"","","","","","","","","","","","","","","","","","","","","","","","","","","","","","",40,1,"","",60,1,6,1,"","","","","","","","","","","","","","","","","","","","","","","","","","","","","","","","","","","","","","","","","","","","","","","","","","","","","","","","","","","","","","","","","",""
"63263001","PUY-DE-DOME-MN",45.775,2.966667,1461,1965112915,"","","","",40.,1,270,1,"","","","","","","","","","","","","","","","","","","","","","","","","","","","",0.8,1,0.8,1,"","","","","","","","","","","","","","","","","","","","","","","","","","",100,1,"","","","","","","","","","","","",6.5,1,"","","","","","","","",8,1,8,1,"","","","","","","","","","","","","","","","","","","","","","","","","","","","","","",40,1,"","",70,1,7,1,"","","","","","","","","","","","","","","","","","","","","","","","","","","","","","","","","","","","","","","","","","","","","","","","","","","","","","","","","","","","","","","","","",""
"63263001","PUY-DE-DOME-MN",45.775,2.966667,1461,1965112918,"","","","",44.,1,270,1,"","","","","","","","","","","","","","","","","","","","","","","","","","","","",1.3,1,1.3,1,"","","","","","","","","","","","","","","","","","","","","","","","","","",100,1,"","","","","","","","","","","","",6.7,1,"","","","","","","","",9,1,"","","","","","","","","","","","","","","","","","","","","","","","","","","","","","","","",40,1,"","",45,1,7,1,"","","","","","","","","","","","","","","","","","","","","","","","","","","","","","","","","","","","","","","","","","","","","","","","","","","","","","","","","","","","","","","","","",""
"63263001","PUY-DE-DOME-MN",45.775,2.966667,1461,1965112921,"","","","","","","","","","","","","","","","","","","","","","","","","","","","","","","","","","","","",-3.1,1,-3.1,1,"","","","","","","","","","","","","","","","","","","","","","","","","","",100,1,"","","","","","","","","","","","",4.8,1,"","","","","","","","","","","","","","","","","","","","","","","","","","","","","","","","","","","","","","","","","","","","","","","","","","","","","","","","","","","","","","","","","","","","","","","","","","","","","","","","","","","","","","","","","","","","","","","","","","","","","","","","","","","","","","","","","","","",""
"63263001","PUY-DE-DOME-MN",45.775,2.966667,1461,1965113000,"","","","","","","","","","","","","","","","","","","","","","","","","","","","","","","","","","","","",-4.2,1,-4.2,1,"","","","","","","","","","","","","","","","","","","","","","","","","","",100,1,"","","","","","","","","","","","",4.5,1,"","","","","","","","","","","","","","","","","","","","","","","","","","","","","","","","","","","","","","","","","","","","","","","","","","","","","","","","","","","","","","","","","","","","","","","","","","","","","","","","","","","","","","","","","","","","","","","","","","","","","","","","","","","","","","","","","","","",""
"63263001","PUY-DE-DOME-MN",45.775,2.966667,1461,1965113003,"","","","","","","","","","","","","","","","","","","","","","","","","","","","","","","","","","","","",-6.8,1,-6.8,1,"","","","","","","","","","","","","","","","","","","","","","","","","","",100,1,"","","","","","","","","","","","",3.7,1,"","","","","","","","","","","","","","","","","","","","","","","","","","","","","","","","","","","","","","","","","","","","","","","","","","","","","","","","","","","","","","","","","","","","","","","","","","","","","","","","","","","","","","","","","","","","","","","","","","","","","","","","","","","","","","","","","","","",""
"63263001","PUY-DE-DOME-MN",45.775,2.966667,1461,1965113006,"","","","",9.,1,290,1,"","","","","","","","","","","","","","","","","","","","","","","","","","","","",-7.6,1,-7.6,1,"","","","","","","","","","","","","","","","","","","","","","","","","","",100,1,"","","","","","","","","","","","",3.4,1,"","","","","","","","",9,1,"","","","","","","","","","","","","","","","","","","","","","","","","","","","","","","","",40,1,"","",49,1,4,1,"","",0,1,"","","","","","","","","","","","","","","","","","","","","","","","","","","","","","","","","","","","","","","","","","","","","","","","","","","","","","","","","","","","","",""
"63263001","PUY-DE-DOME-MN",45.775,2.966667,1461,1965113009,"","","","",14.,1,290,1,"","","","","","","","","","","","","","","","","","","","","","","","","","","","",-6.8,1,-6.8,1,"","","","","","","","","","","","","","","","","","","","","","","","","","",100,1,"","","","","","","","","","","","",3.7,1,"","","","","","","","",9,1,"","","","","","","","","","","","","","","","","","","","","","","","","","","","","","","","",40,1,"","",49,1,4,1,"","","","","","","","","","","","","","","","","","","","","","","","","","","","","","","","","","","","","","","","","","","","","","","","","","","","","","","","","","","","","","","","","",""
"63263001","PUY-DE-DOME-MN",45.775,2.966667,1461,1965113012,"","","","",15.,1,290,1,"","","","","","","","","","","","","","","","","","","","","","","","","","","","",-6.,1,-6.,1,"","","","","","","","","","","","","","","","","","","","","","","","","","",100,1,"","","","","","","","","","","","",3.9,1,"","","","","","","","",9,1,"","","","","","","","","","","","","","","","","","","","","","","","","","","","","","","","",40,1,"","",49,1,4,1,"","","","","","","","","","","","","","","","","","","","","","","","","","","","","","","","","","","","","","","","","","","","","","","","","","","","","","","","","","","","","","","","","",""
"63263001","PUY-DE-DOME-MN",45.775,2.966667,1461,1965113015,"","","","",15.,1,290,1,"","","","","","","","","","","","","","","","","","","","","","","","","","","","",-6.2,1,-6.2,1,"","","","","","","","","","","","","","","","","","","","","","","","","","",100,1,"","","","","","","","","","","","",3.8,1,"","","","","","","","",9,1,"","","","","","","","","","","","","","","","","","","","","","","","","","","","","","","","",40,1,"","",49,1,4,1,"","","","","","","","","","","","","","","","","","","","","","","","","","","","","","","","","","","","","","","","","","","","","","","","","","","","","","","","","","","","","","","","","",""
"63263001","PUY-DE-DOME-MN",45.775,2.966667,1461,1965113018,"","","","",16.,1,290,1,"","","","","","","","","","","","","","","","","","","","","","","","","","","","",-5.8,1,-5.8,1,"","","","","","","","","","","","","","","","","","","","","","","","","","",100,1,"","","","","","","","","","","","",4.,1,"","","","","","","","",9,1,"","","","","","","","","","","","","","","","","","","","","","","","","","","","","","","","",40,1,"","",49,1,4,1,"","","","","","","","","","","","","","","","","","","","","","","","","","","","","","","","","","","","","","","","","","","","","","","","","","","","","","","","","","","","","","","","","",""
"63263001","PUY-DE-DOME-MN",45.775,2.966667,1461,1965113021,"","","","","","","","","","","","","","","","","","","","","","","","","","","","","","","","","","","","",-5.4,1,-5.4,1,"","","","","","","","","","","","","","","","","","","","","","","","","","",100,1,"","","","","","","","","","","","",4.1,1,"","","","","","","","","","","","","","","","","","","","","","","","","","","","","","","","","","","","","","","","","","","","","","","","","","","","","","","","","","","","","","","","","","","","","","","","","","","","","","","","","","","","","","","","","","","","","","","","","","","","","","","","","","","","","","","","","","","",""
"63263001","PUY-DE-DOME-MN",45.775,2.966667,1461,1965120100,"","","","","","","","","","","","","","","","","","","","","","","","","","","","","","","","","","","","",-5.4,1,-5.4,1,"","","","","","","","","","","","","","","","","","","","","","","","","","",100,1,"","","","","","","","","","","","",4.1,1,"","","","","","","","","","","","","","","","","","","","","","","","","","","","","","","","","","","","","","","","","","","","","","","","","","","","","","","","","","","","","","","","","","","","","","","","","","","","","","","","","","","","","","","","","","","","","","","","","","","","","","","","","","","","","","","","","","","",""
"63263001","PUY-DE-DOME-MN",45.775,2.966667,1461,1965120103,"","","","","","","","","","","","","","","","","","","","","","","","","","","","","","","","","","","","",-5.3,1,-5.3,1,"","","","","","","","","","","","","","","","","","","","","","","","","","",100,1,"","","","","","","","","","","","",4.1,1,"","","","","","","","","","","","","","","","","","","","","","","","","","","","","","","","","","","","","","","","","","","","","","","","","","","","","","","","","","","","","","","","","","","","","","","","","","","","","","","","","","","","","","","","","","","","","","","","","","","","","","","","","","","","","","","","","","","",""
"63263001","PUY-DE-DOME-MN",45.775,2.966667,1461,1965120106,"","","","",16.,1,290,1,"","","","","","","","","","","","","","","","","","","","","","","","","","","","",-5.,1,-5.,1,"","","","","","","","","","","","","","","","","","","","","","","","","","",100,1,"","","","","","","","","","","","",4.2,1,"","","","","","","","",9,1,"","","","","","","","","","","","","","","","","","","","","","","","","","","","","","","","",40,1,"","",49,1,8,1,"","",0,1,"","","","","","","","","","","","","","","","","","","","","","","","","","","","","","","","","","","","","","","","","","","","","","","","","","","","","","","","","","","","","",""
"63263001","PUY-DE-DOME-MN",45.775,2.966667,1461,1965120109,"","","","",12.,1,290,1,"","","","","","","","","","","","","","","","","","","","","","","","","","","","",-5.1,1,-5.1,1,"","","","","","","","","","","","","","","","","","","","","","","","","","",100,1,"","","","","","","","","","","","",4.2,1,"","","","","","","","",9,1,"","","","","","","","","","","","","","","","","","","","","","","","","","","","","","","","",40,1,"","",49,1,4,1,"","","","","","","","","","","","","","","","","","","","","","","","","","","","","","","","","","","","","","","","","","","","","","","","","","","","","","","","","","","","","","","","","",""
"63263001","PUY-DE-DOME-MN",45.775,2.966667,1461,1965120112,"","","","",12.,1,310,1,"","","","","","","","","","","","","","","","","","","","","","","","","","","","",-4.8,1,-4.8,1,"","","","","","","","","","","","","","","","","","","","","","","","","","",100,1,"","","","","","","","","","","","",4.3,1,"","","","","","","","",9,1,"","","","","","","","","","","","","","","","","","","","","","","","","","","","","","","","",40,1,"","",49,1,4,1,"","","","","","","","","","","","","","","","","","","","","","","","","","","","","","","","","","","","","","","","","","","","","","","","","","","","","","","","","","","","","","","","","",""
"63263001","PUY-DE-DOME-MN",45.775,2.966667,1461,1965120115,"","","","",9.,1,270,1,"","","","","","","","","","","","","","","","","","","","","","","","","","","","",-5.,1,-6.9,1,"","","","","","","","","","","","","","","","","","","","","","","","","","",85,1,"","","","","","","","","","","","",3.6,1,"","","","","","","","",3,1,0,1,4,1,0,1,2,1,"","","","","","","","","","","","","","","","","","","","","","","","",60000,1,"","",1,1,4,1,"","","","","","","","","","","","","","","","","","","","","","","","","","","","","","","","","","","","","","","","","","","","","","","","","","","","","","","","","","","","","","","","","",""
"63263001","PUY-DE-DOME-MN",45.775,2.966667,1461,1965120118,"","","","",12.,1,270,1,"","","","","","","","","","","","","","","","","","","","","","","","","","","","",-5.4,1,-5.4,1,"","","","","","","","","","","","","","","","","","","","","","","","","","",100,1,"","","","","","","","","","","","",4.1,1,"","","","","","","","",9,1,"","","","","","","","","","","","","","","","","","","","","","","","","","","","","","","","",80,1,"","",49,1,4,1,"","","","","","","","","","","","","","","","","","","","","","","","","","","","","","","","","","","","","","","","","","","","","","","","","","","","","","","","","","","","","","","","","",""
"63263001","PUY-DE-DOME-MN",45.775,2.966667,1461,1965120121,"","","","","","","","","","","","","","","","","","","","","","","","","","","","","","","","","","","","",-4.7,1,-4.7,1,"","","","","","","","","","","","","","","","","","","","","","","","","","",100,1,"","","","","","","","","","","","",4.3,1,"","","","","","","","","","","","","","","","","","","","","","","","","","","","","","","","","","","","","","","","","","","","","","","","","","","","","","","","","","","","","","","","","","","","","","","","","","","","","","","","","","","","","","","","","","","","","","","","","","","","","","","","","","","","","","","","","","","",""
"63263001","PUY-DE-DOME-MN",45.775,2.966667,1461,1965120200,"","","","","","","","","","","","","","","","","","","","","","","","","","","","","","","","","","","","",-4.2,1,-4.2,1,"","","","","","","","","","","","","","","","","","","","","","","","","","",100,1,"","","","","","","","","","","","",4.5,1,"","","","","","","","","","","","","","","","","","","","","","","","","","","","","","","","","","","","","","","","","","","","","","","","","","","","","","","","","","","","","","","","","","","","","","","","","","","","","","","","","","","","","","","","","","","","","","","","","","","","","","","","","","","","","","","","","","","",""
"63263001","PUY-DE-DOME-MN",45.775,2.966667,1461,1965120203,"","","","","","","","","","","","","","","","","","","","","","","","","","","","","","","","","","","","",-2.8,1,-2.8,1,"","","","","","","","","","","","","","","","","","","","","","","","","","",100,1,"","","","","","","","","","","","",4.9,1,"","","","","","","","","","","","","","","","","","","","","","","","","","","","","","","","","","","","","","","","","","","","","","","","","","","","","","","","","","","","","","","","","","","","","","","","","","","","","","","","","","","","","","","","","","","","","","","","","","","","","","","","","","","","","","","","","","","",""
"63263001","PUY-DE-DOME-MN",45.775,2.966667,1461,1965120206,"","","","",20.,1,250,1,"","","","","","","","","","","","","","","","","","","","","","","","","","","","",-0.4,1,-0.4,1,"","","","","","","","","","","","","","","","","","","","","","","","","","",100,1,"","","","","","","","","","","","",5.9,1,"","","","","","","","",8,1,8,1,"","","","","","","","","","","","","","","","","","","","","","","","","","","","","","",40,1,"","",70,1,7,1,"","",0,1,"","","","","","","","","","","","","","","","","","","","","","","","","","","","","","","","","","","","","","","","","","","","","","","","","","","","","","","","","","","","","",""
"63263001","PUY-DE-DOME-MN",45.775,2.966667,1461,1965120209,"","","","",26.,1,250,1,"","","","","","","","","","","","","","","","","","","","","","","","","","","","",1.,1,1.,1,"","","","","","","","","","","","","","","","","","","","","","","","","","",100,1,"","","","","","","","","","","","",6.6,1,"","","","","","","","",8,1,8,1,"","","","","","","","","","","","","","","","","","","","","","","","","","","","","","",40,1,"","",61,1,7,1,"","","","","","","","","","","","","","","","","","","","","","","","","","","","","","","","","","","","","","","","","","","","","","","","","","","","","","","","","","","","","","","","","",""
"63263001","PUY-DE-DOME-MN",45.775,2.966667,1461,1965120212,"","","","",30.,1,270,1,"","","","","","","","","","","","","","","","","","","","","","","","","","","","",2.,1,2.,1,"","","","","","","","","","","","","","","","","","","","","","","","","","",100,1,"","","","","","","","","","","","",7.1,1,"","","","","","","","",8,1,8,1,"","","","","","","","","","","","","","","","","","","","","","","","","","","","","","",40,1,"","",61,1,7,1,"","","","","","","","","","","","","","","","","","","","","","","","","","","","","","","","","","","","","","","","","","","","","","","","","","","","","","","","","","","","","","","","","",""
"63263001","PUY-DE-DOME-MN",45.775,2.966667,1461,1965120215,"","","","",28.,1,270,1,"","","","","","","","","","","","","","","","","","","","","","","","","","","","",3.3,1,3.3,1,"","","","","","","","","","","","","","","","","","","","","","","","","","",100,1,"","","","","","","","","","","","",7.7,1,"","","","","","","","",8,1,8,1,"","","","","","","","","","","","","","","","","","","","","","","","","","","","","","",40,1,"","",61,1,6,1,"","","","","","","","","","","","","","","","","","","","","","","","","","","","","","","","","","","","","","","","","","","","","","","","","","","","","","","","","","","","","","","","","",""
"63263001","PUY-DE-DOME-MN",45.775,2.966667,1461,1965120218,"","","","",27.,1,270,1,"","","","","","","","","","","","","","","","","","","","","","","","","","","","",3.,1,3.,1,"","","","","","","","","","","","","","","","","","","","","","","","","","",100,1,"","","","","","","","","","","","",7.6,1,"","","","","","","","",8,1,8,1,"","","","","","","","","","","","","","","","","","","","","","","","","","","","","","",40,1,"","",60,1,6,1,"","","","","","","","","","","","","","","","","","","","","","","","","","","","","","","","","","","","","","","","","","","","","","","","","","","","","","","","","","","","","","","","","",""
"63263001","PUY-DE-DOME-MN",45.775,2.966667,1461,1965120221,"","","","","","","","","","","","","","","","","","","","","","","","","","","","","","","","","","","","",2.1,1,2.1,1,"","","","","","","","","","","","","","","","","","","","","","","","","","",100,1,"","","","","","","","","","","","",7.1,1,"","","","","","","","","","","","","","","","","","","","","","","","","","","","","","","","","","","","","","","","","","","","","","","","","","","","","","","","","","","","","","","","","","","","","","","","","","","","","","","","","","","","","","","","","","","","","","","","","","","","","","","","","","","","","","","","","","","",""
"63263001","PUY-DE-DOME-MN",45.775,2.966667,1461,1965120300,"","","","","","","","","","","","","","","","","","","","","","","","","","","","","","","","","","","","",1.,1,1.,1,"","","","","","","","","","","","","","","","","","","","","","","","","","",100,1,"","","","","","","","","","","","",6.6,1,"","","","","","","","","","","","","","","","","","","","","","","","","","","","","","","","","","","","","","","","","","","","","","","","","","","","","","","","","","","","","","","","","","","","","","","","","","","","","","","","","","","","","","","","","","","","","","","","","","","","","","","","","","","","","","","","","","","",""
"63263001","PUY-DE-DOME-MN",45.775,2.966667,1461,1965120303,"","","","","","","","","","","","","","","","","","","","","","","","","","","","","","","","","","","","",-0.2,1,-0.2,1,"","","","","","","","","","","","","","","","","","","","","","","","","","",100,1,"","","","","","","","","","","","",6.,1,"","","","","","","","","","","","","","","","","","","","","","","","","","","","","","","","","","","","","","","","","","","","","","","","","","","","","","","","","","","","","","","","","","","","","","","","","","","","","","","","","","","","","","","","","","","","","","","","","","","","","","","","","","","","","","","","","","","",""
"63263001","PUY-DE-DOME-MN",45.775,2.966667,1461,1965120306,"","","","",14.,1,270,1,"","","","","","","","","","","","","","","","","","","","","","","","","","","","",-1.8,1,-1.8,1,"","","","","","","","","","","","","","","","","","","","","","","","","","",100,1,"","","","","","","","","","","","",5.3,1,"","","","","","","","",9,1,"","","","","","","","","","","","","","","","","","","","","","","","","","","","","","","","",40,1,"","",49,1,7,1,"","",0,1,"","","","","","","","","","","","","","","","","","","","","","","","","","","","","","","","","","","","","","","","","","","","","","","","","","","","","","","","","","","","","",""
"63263001","PUY-DE-DOME-MN",45.775,2.966667,1461,1965120309,"","","","",13.,1,270,1,"","","","","","","","","","","","","","","","","","","","","","","","","","","","",-2.1,1,-2.1,1,"","","","","","","","","","","","","","","","","","","","","","","","","","",100,1,"","","","","","","","","","","","",5.2,1,"","","","","","","","",9,1,"","","","","","","","","","","","","","","","","","","","","","","","","","","","","","","","",40,1,"","",49,1,8,1,"","","","","","","","","","","","","","","","","","","","","","","","","","","","","","","","","","","","","","","","","","","","","","","","","","","","","","","","","","","","","","","","","",""
"63263001","PUY-DE-DOME-MN",45.775,2.966667,1461,1965120312,"","","","",12.,1,290,1,"","","","","","","","","","","","","","","","","","","","","","","","","","","","",-2.4,1,-2.4,1,"","","","","","","","","","","","","","","","","","","","","","","","","","",100,1,"","","","","","","","","","","","",5.1,1,"","","","","","","","",9,1,"","","","","","","","","","","","","","","","","","","","","","","","","","","","","","","","",40,1,"","",49,1,8,1,"","","","","","","","","","","","","","","","","","","","","","","","","","","","","","","","","","","","","","","","","","","","","","","","","","","","","","","","","","","","","","","","","",""
"63263001","PUY-DE-DOME-MN",45.775,2.966667,1461,1965120315,"","","","",14.,1,290,1,"","","","","","","","","","","","","","","","","","","","","","","","","","","","",-2.6,1,-2.6,1,"","","","","","","","","","","","","","","","","","","","","","","","","","",100,1,"","","","","","","","","","","","",5.,1,"","","","","","","","",9,1,"","","","","","","","","","","","","","","","","","","","","","","","","","","","","","","","",40,1,"","",49,1,8,1,"","","","","","","","","","","","","","","","","","","","","","","","","","","","","","","","","","","","","","","","","","","","","","","","","","","","","","","","","","","","","","","","","",""
"63263001","PUY-DE-DOME-MN",45.775,2.966667,1461,1965120318,"","","","",12.,1,310,1,"","","","","","","","","","","","","","","","","","","","","","","","","","","","",-3.,1,-3.,1,"","","","","","","","","","","","","","","","","","","","","","","","","","",100,1,"","","","","","","","","","","","",4.9,1,"","","","","","","","",9,1,"","","","","","","","","","","","","","","","","","","","","","","","","","","","","","","","",40,1,"","",49,1,8,1,"","","","","","","","","","","","","","","","","","","","","","","","","","","","","","","","","","","","","","","","","","","","","","","","","","","","","","","","","","","","","","","","","",""
"63263001","PUY-DE-DOME-MN",45.775,2.966667,1461,1965120321,"","","","","","","","","","","","","","","","","","","","","","","","","","","","","","","","","","","","",-3.1,1,-3.1,1,"","","","","","","","","","","","","","","","","","","","","","","","","","",100,1,"","","","","","","","","","","","",4.8,1,"","","","","","","","","","","","","","","","","","","","","","","","","","","","","","","","","","","","","","","","","","","","","","","","","","","","","","","","","","","","","","","","","","","","","","","","","","","","","","","","","","","","","","","","","","","","","","","","","","","","","","","","","","","","","","","","","","","",""
"63263001","PUY-DE-DOME-MN",45.775,2.966667,1461,1965120400,"","","","","","","","","","","","","","","","","","","","","","","","","","","","","","","","","","","","",-3.,1,-3.,1,"","","","","","","","","","","","","","","","","","","","","","","","","","",100,1,"","","","","","","","","","","","",4.9,1,"","","","","","","","","","","","","","","","","","","","","","","","","","","","","","","","","","","","","","","","","","","","","","","","","","","","","","","","","","","","","","","","","","","","","","","","","","","","","","","","","","","","","","","","","","","","","","","","","","","","","","","","","","","","","","","","","","","",""
"63263001","PUY-DE-DOME-MN",45.775,2.966667,1461,1965120403,"","","","","","","","","","","","","","","","","","","","","","","","","","","","","","","","","","","","",-2.7,1,-2.7,1,"","","","","","","","","","","","","","","","","","","","","","","","","","",100,1,"","","","","","","","","","","","",5.,1,"","","","","","","","","","","","","","","","","","","","","","","","","","","","","","","","","","","","","","","","","","","","","","","","","","","","","","","","","","","","","","","","","","","","","","","","","","","","","","","","","","","","","","","","","","","","","","","","","","","","","","","","","","","","","","","","","","","",""
"63263001","PUY-DE-DOME-MN",45.775,2.966667,1461,1965120406,"","","","",20.,1,310,1,"","","","","","","","","","","","","","","","","","","","","","","","","","","","",-1.8,1,-1.8,1,"","","","","","","","","","","","","","","","","","","","","","","","","","",100,1,"","","","","","","","","","","","",5.3,1,"","","","","","","","",9,1,"","","","","","","","","","","","","","","","","","","","","","","","","","","","","","","","",40,1,"","",49,1,8,1,"","",0,1,"","","","","","","","","","","","","","","","","","","","","","","","","","","","","","","","","","","","","","","","","","","","","","","","","","","","","","","","","","","","","",""
"63263001","PUY-DE-DOME-MN",45.775,2.966667,1461,1965120409,"","","","",17.,1,310,1,"","","","","","","","","","","","","","","","","","","","","","","","","","","","",-1.7,1,-1.7,1,"","","","","","","","","","","","","","","","","","","","","","","","","","",100,1,"","","","","","","","","","","","",5.4,1,"","","","","","","","",8,1,8,1,"","","","","","","","","","","","","","","","","","","","","","","","","","","","","","",40,1,"","",85,1,4,1,"","","","","","","","","","","","","","","","","","","","","","","","","","","","","","","","","","","","","","","","","","","","","","","","","","","","","","","","","","","","","","","","","",""
"63263001","PUY-DE-DOME-MN",45.775,2.966667,1461,1965120412,"","","","",16.,1,290,1,"","","","","","","","","","","","","","","","","","","","","","","","","","","","",-1.2,1,-1.2,1,"","","","","","","","","","","","","","","","","","","","","","","","","","",100,1,"","","","","","","","","","","","",5.6,1,"","","","","","","","",9,1,"","","","","","","","","","","","","","","","","","","","","","","","","","","","","","","","",40,1,"","",49,1,8,1,"","","","","","","","","","","","","","","","","","","","","","","","","","","","","","","","","","","","","","","","","","","","","","","","","","","","","","","","","","","","","","","","","",""
"63263001","PUY-DE-DOME-MN",45.775,2.966667,1461,1965120415,"","","","",18.,1,290,1,"","","","","","","","","","","","","","","","","","","","","","","","","","","","",-1.,1,-1.,1,"","","","","","","","","","","","","","","","","","","","","","","","","","",100,1,"","","","","","","","","","","","",5.7,1,"","","","","","","","",9,1,"","","","","","","","","","","","","","","","","","","","","","","","","","","","","","","","",40,1,"","",49,1,4,1,"","","","","","","","","","","","","","","","","","","","","","","","","","","","","","","","","","","","","","","","","","","","","","","","","","","","","","","","","","","","","","","","","",""
"63263001","PUY-DE-DOME-MN",45.775,2.966667,1461,1965120418,"","","","",19.,1,230,1,"","","","","","","","","","","","","","","","","","","","","","","","","","","","",-1.3,1,-1.3,1,"","","","","","","","","","","","","","","","","","","","","","","","","","",100,1,"","","","","","","","","","","","",5.5,1,"","","","","","","","",8,1,8,1,"","","","","","","","","","","","","","","","","","","","","","","","","","","","","","",40,1,"","",71,1,7,1,"","","","","","","","","","","","","","","","","","","","","","","","","","","","","","","","","","","","","","","","","","","","","","","","","","","","","","","","","","","","","","","","","",""
"63263001","PUY-DE-DOME-MN",45.775,2.966667,1461,1965120421,"","","","","","","","","","","","","","","","","","","","","","","","","","","","","","","","","","","","",-0.6,1,-0.6,1,"","","","","","","","","","","","","","","","","","","","","","","","","","",100,1,"","","","","","","","","","","","",5.8,1,"","","","","","","","","","","","","","","","","","","","","","","","","","","","","","","","","","","","","","","","","","","","","","","","","","","","","","","","","","","","","","","","","","","","","","","","","","","","","","","","","","","","","","","","","","","","","","","","","","","","","","","","","","","","","","","","","","","",""
"63263001","PUY-DE-DOME-MN",45.775,2.966667,1461,1965120500,"","","","","","","","","","","","","","","","","","","","","","","","","","","","","","","","","","","","",0.1,1,0.1,1,"","","","","","","","","","","","","","","","","","","","","","","","","","",100,1,"","","","","","","","","","","","",6.1,1,"","","","","","","","","","","","","","","","","","","","","","","","","","","","","","","","","","","","","","","","","","","","","","","","","","","","","","","","","","","","","","","","","","","","","","","","","","","","","","","","","","","","","","","","","","","","","","","","","","","","","","","","","","","","","","","","","","","",""
"63263001","PUY-DE-DOME-MN",45.775,2.966667,1461,1965120503,"","","","","","","","","","","","","","","","","","","","","","","","","","","","","","","","","","","","",1.8,1,1.8,1,"","","","","","","","","","","","","","","","","","","","","","","","","","",100,1,"","","","","","","","","","","","",6.9,1,"","","","","","","","","","","","","","","","","","","","","","","","","","","","","","","","","","","","","","","","","","","","","","","","","","","","","","","","","","","","","","","","","","","","","","","","","","","","","","","","","","","","","","","","","","","","","","","","","","","","","","","","","","","","","","","","","","","",""
"63263001","PUY-DE-DOME-MN",45.775,2.966667,1461,1965120506,"","","","",33.,1,290,1,"","","","","","","","","","","","","","","","","","","","","","","","","","","","",3.6,1,3.6,1,"","","","","","","","","","","","","","","","","","","","","","","","","","",100,1,"","","","","","","","","","","","",7.9,1,"","","","","","","","",9,1,"","","","","","","","","","","","","","","","","","","","","","","","","","","","","","","","",40,1,"","",45,1,4,1,"","",0,1,"","","","","","","","","","","","","","","","","","","","","","","","","","","","","","","","","","","","","","","","","","","","","","","","","","","","","","","","","","","","","",""
"63263001","PUY-DE-DOME-MN",45.775,2.966667,1461,1965120509,"","","","",32.,1,290,1,"","","","","","","","","","","","","","","","","","","","","","","","","","","","",4.,1,4.,1,"","","","","","","","","","","","","","","","","","","","","","","","","","",100,1,"","","","","","","","","","","","",8.1,1,"","","","","","","","",9,1,"","","","","","","","","","","","","","","","","","","","","","","","","","","","","","","","",40,1,"","",45,1,4,1,"","","","","","","","","","","","","","","","","","","","","","","","","","","","","","","","","","","","","","","","","","","","","","","","","","","","","","","","","","","","","","","","","",""
"63263001","PUY-DE-DOME-MN",45.775,2.966667,1461,1965120512,"","","","",38.,1,290,1,"","","","","","","","","","","","","","","","","","","","","","","","","","","","",5.,1,5.,1,"","","","","","","","","","","","","","","","","","","","","","","","","","",100,1,"","","","","","","","","","","","",8.7,1,"","","","","","","","",8,1,8,1,"","","","","","","","","","","","","","","","","","","","","","","","","","","","","","",40,1,"","",61,1,6,1,"","","","","","","","","","","","","","","","","","","","","","","","","","","","","","","","","","","","","","","","","","","","","","","","","","","","","","","","","","","","","","","","","",""
"63263001","PUY-DE-DOME-MN",45.775,2.966667,1461,1965120515,"","","","",44.,1,290,1,"","","","","","","","","","","","","","","","","","","","","","","","","","","","",4.4,1,4.4,1,"","","","","","","","","","","","","","","","","","","","","","","","","","",100,1,"","","","","","","","","","","","",8.4,1,"","","","","","","","",8,1,8,1,"","","","","","","","","","","","","","","","","","","","","","","","","","","","","","",40,1,"","",61,1,6,1,"","","","","","","","","","","","","","","","","","","","","","","","","","","","","","","","","","","","","","","","","","","","","","","","","","","","","","","","","","","","","","","","","",""
"63263001","PUY-DE-DOME-MN",45.775,2.966667,1461,1965120518,"","","","",40.,1,290,1,"","","","","","","","","","","","","","","","","","","","","","","","","","","","",4.,1,4.,1,"","","","","","","","","","","","","","","","","","","","","","","","","","",100,1,"","","","","","","","","","","","",8.1,1,"","","","","","","","",9,1,"","","","","","","","","","","","","","","","","","","","","","","","","","","","","","","","",40,1,"","",45,1,6,1,"","","","","","","","","","","","","","","","","","","","","","","","","","","","","","","","","","","","","","","","","","","","","","","","","","","","","","","","","","","","","","","","","",""
"63263001","PUY-DE-DOME-MN",45.775,2.966667,1461,1965120521,"","","","","","","","","","","","","","","","","","","","","","","","","","","","","","","","","","","","",4.9,1,4.9,1,"","","","","","","","","","","","","","","","","","","","","","","","","","",100,1,"","","","","","","","","","","","",8.7,1,"","","","","","","","","","","","","","","","","","","","","","","","","","","","","","","","","","","","","","","","","","","","","","","","","","","","","","","","","","","","","","","","","","","","","","","","","","","","","","","","","","","","","","","","","","","","","","","","","","","","","","","","","","","","","","","","","","","",""
"63263001","PUY-DE-DOME-MN",45.775,2.966667,1461,1965120600,"","","","","","","","","","","","","","","","","","","","","","","","","","","","","","","","","","","","",5.,1,5.,1,"","","","","","","","","","","","","","","","","","","","","","","","","","",100,1,"","","","","","","","","","","","",8.7,1,"","","","","","","","","","","","","","","","","","","","","","","","","","","","","","","","","","","","","","","","","","","","","","","","","","","","","","","","","","","","","","","","","","","","","","","","","","","","","","","","","","","","","","","","","","","","","","","","","","","","","","","","","","","","","","","","","","","",""
"63263001","PUY-DE-DOME-MN",45.775,2.966667,1461,1965120603,"","","","","","","","","","","","","","","","","","","","","","","","","","","","","","","","","","","","",0.9,1,0.9,1,"","","","","","","","","","","","","","","","","","","","","","","","","","",100,1,"","","","","","","","","","","","",6.5,1,"","","","","","","","","","","","","","","","","","","","","","","","","","","","","","","","","","","","","","","","","","","","","","","","","","","","","","","","","","","","","","","","","","","","","","","","","","","","","","","","","","","","","","","","","","","","","","","","","","","","","","","","","","","","","","","","","","","",""
"63263001","PUY-DE-DOME-MN",45.775,2.966667,1461,1965120606,"","","","",18.,1,310,1,"","","","","","","","","","","","","","","","","","","","","","","","","","","","",0.,1,0.,1,"","","","","","","","","","","","","","","","","","","","","","","","","","",100,1,"","","","","","","","","","","","",6.1,1,"","","","","","","","",9,1,"","","","","","","","","","","","","","","","","","","","","","","","","","","","","","","","",40,1,"","",45,1,4,1,"","",0,1,"","","","","","","","","","","","","","","","","","","","","","","","","","","","","","","","","","","","","","","","","","","","","","","","","","","","","","","","","","","","","",""
"63263001","PUY-DE-DOME-MN",45.775,2.966667,1461,1965120609,"","","","",14.,1,310,1,"","","","","","","","","","","","","","","","","","","","","","","","","","","","",-0.6,1,-0.6,1,"","","","","","","","","","","","","","","","","","","","","","","","","","",100,1,"","","","","","","","","","","","",5.8,1,"","","","","","","","",9,1,"","","","","","","","","","","","","","","","","","","","","","","","","","","","","","","","",40,1,"","",49,1,8,1,"","","","","","","","","","","","","","","","","","","","","","","","","","","","","","","","","","","","","","","","","","","","","","","","","","","","","","","","","","","","","","","","","",""
"63263001","PUY-DE-DOME-MN",45.775,2.966667,1461,1965120612,"","","","",14.,1,310,1,"","","","","","","","","","","","","","","","","","","","","","","","","","","","",-1.2,1,-1.2,1,"","","","","","","","","","","","","","","","","","","","","","","","","","",100,1,"","","","","","","","","","","","",5.6,1,"","","","","","","","",9,1,"","","","","","","","","","","","","","","","","","","","","","","","","","","","","","","","",40,1,"","",49,1,8,1,"","","","","","","","","","","","","","","","","","","","","","","","","","","","","","","","","","","","","","","","","","","","","","","","","","","","","","","","","","","","","","","","","",""
"63263001","PUY-DE-DOME-MN",45.775,2.966667,1461,1965120615,"","","","",18.,1,310,1,"","","","","","","","","","","","","","","","","","","","","","","","","","","","",-1.,1,-1.,1,"","","","","","","","","","","","","","","","","","","","","","","","","","",100,1,"","","","","","","","","","","","",5.7,1,"","","","","","","","",9,1,"","","","","","","","","","","","","","","","","","","","","","","","","","","","","","","","",40,1,"","",49,1,4,1,"","","","","","","","","","","","","","","","","","","","","","","","","","","","","","","","","","","","","","","","","","","","","","","","","","","","","","","","","","","","","","","","","",""
"63263001","PUY-DE-DOME-MN",45.775,2.966667,1461,1965120618,"","","","",19.,1,310,1,"","","","","","","","","","","","","","","","","","","","","","","","","","","","",-1.6,1,-1.6,1,"","","","","","","","","","","","","","","","","","","","","","","","","","",100,1,"","","","","","","","","","","","",5.4,1,"","","","","","","","",9,1,"","","","","","","","","","","","","","","","","","","","","","","","","","","","","","","","",40,1,"","",49,1,8,1,"","","","","","","","","","","","","","","","","","","","","","","","","","","","","","","","","","","","","","","","","","","","","","","","","","","","","","","","","","","","","","","","","",""
"63263001","PUY-DE-DOME-MN",45.775,2.966667,1461,1965120621,"","","","","","","","","","","","","","","","","","","","","","","","","","","","","","","","","","","","",-1.2,1,-1.2,1,"","","","","","","","","","","","","","","","","","","","","","","","","","",100,1,"","","","","","","","","","","","",5.6,1,"","","","","","","","","","","","","","","","","","","","","","","","","","","","","","","","","","","","","","","","","","","","","","","","","","","","","","","","","","","","","","","","","","","","","","","","","","","","","","","","","","","","","","","","","","","","","","","","","","","","","","","","","","","","","","","","","","","",""
"63263001","PUY-DE-DOME-MN",45.775,2.966667,1461,1965120700,"","","","","","","","","","","","","","","","","","","","","","","","","","","","","","","","","","","","",-2.1,1,-2.1,1,"","","","","","","","","","","","","","","","","","","","","","","","","","",100,1,"","","","","","","","","","","","",5.2,1,"","","","","","","","","","","","","","","","","","","","","","","","","","","","","","","","","","","","","","","","","","","","","","","","","","","","","","","","","","","","","","","","","","","","","","","","","","","","","","","","","","","","","","","","","","","","","","","","","","","","","","","","","","","","","","","","","","","",""
"63263001","PUY-DE-DOME-MN",45.775,2.966667,1461,1965120703,"","","","","","","","","","","","","","","","","","","","","","","","","","","","","","","","","","","","",-2.6,1,-2.6,1,"","","","","","","","","","","","","","","","","","","","","","","","","","",100,1,"","","","","","","","","","","","",5.,1,"","","","","","","","","","","","","","","","","","","","","","","","","","","","","","","","","","","","","","","","","","","","","","","","","","","","","","","","","","","","","","","","","","","","","","","","","","","","","","","","","","","","","","","","","","","","","","","","","","","","","","","","","","","","","","","","","","","",""
"63263001","PUY-DE-DOME-MN",45.775,2.966667,1461,1965120706,"","","","",10.,1,310,1,"","","","","","","","","","","","","","","","","","","","","","","","","","","","",-4.,1,-4.,1,"","","","","","","","","","","","","","","","","","","","","","","","","","",100,1,"","","","","","","","","","","","",4.5,1,"","","","","","","","",8,1,8,1,"","","","","","","","","","","","","","","","","","","","","","","","","","","","","","",40,1,"","",71,1,7,1,"","",0,1,"","","","","","","","","","","","","","","","","","","","","","","","","","","","","","","","","","","","","","","","","","","","","","","","","","","","","","","","","","","","","",""
"63263001","PUY-DE-DOME-MN",45.775,2.966667,1461,1965120709,"","","","",8.,1,310,1,"","","","","","","","","","","","","","","","","","","","","","","","","","","","",-3.8,1,-4.,1,"","","","","","","","","","","","","","","","","","","","","","","","","","",98,1,"","","","","","","","","","","","",4.5,1,"","","","","","","","",8,1,8,1,5,1,2,1,"","","","","","","","","","","","","","","","","","","","","","","","","","",15000,1,"","",3,1,7,1,"","","","","","","","","","","","","","","","","","","","","","","","","","","","","","","","","","","","","","","","","","","","","","","","","","","","","","","","","","","","","","","","","",""
"63263001","PUY-DE-DOME-MN",45.775,2.966667,1461,1965120712,"","","","",8.,1,310,1,"","","","","","","","","","","","","","","","","","","","","","","","","","","","",-2.6,1,-2.6,1,"","","","","","","","","","","","","","","","","","","","","","","","","","",100,1,"","","","","","","","","","","","",5.,1,"","","","","","","","",9,1,"","","","","","","","","","","","","","","","","","","","","","","","","","","","","","","","",40,1,"","",49,1,7,1,"","","","","","","","","","","","","","","","","","","","","","","","","","","","","","","","","","","","","","","","","","","","","","","","","","","","","","","","","","","","","","","","","",""
"63263001","PUY-DE-DOME-MN",45.775,2.966667,1461,1965120715,"","","","",5.,1,310,1,"","","","","","","","","","","","","","","","","","","","","","","","","","","","",-2.5,1,-2.5,1,"","","","","","","","","","","","","","","","","","","","","","","","","","",100,1,"","","","","","","","","","","","",5.1,1,"","","","","","","","",9,1,"","","","","","","","","","","","","","","","","","","","","","","","","","","","","","","","",40,1,"","",49,1,7,1,"","","","","","","","","","","","","","","","","","","","","","","","","","","","","","","","","","","","","","","","","","","","","","","","","","","","","","","","","","","","","","","","","",""
"63263001","PUY-DE-DOME-MN",45.775,2.966667,1461,1965120718,"","","","",8.,1,310,1,"","","","","","","","","","","","","","","","","","","","","","","","","","","","",-2.5,1,-2.5,1,"","","","","","","","","","","","","","","","","","","","","","","","","","",100,1,"","","","","","","","","","","","",5.1,1,"","","","","","","","",9,1,"","","","","","","","","","","","","","","","","","","","","","","","","","","","","","","","",40,1,"","",49,1,7,1,"","","","","","","","","","","","","","","","","","","","","","","","","","","","","","","","","","","","","","","","","","","","","","","","","","","","","","","","","","","","","","","","","",""
"63263001","PUY-DE-DOME-MN",45.775,2.966667,1461,1965120721,"","","","","","","","","","","","","","","","","","","","","","","","","","","","","","","","","","","","",-3.5,1,-3.5,1,"","","","","","","","","","","","","","","","","","","","","","","","","","",100,1,"","","","","","","","","","","","",4.7,1,"","","","","","","","","","","","","","","","","","","","","","","","","","","","","","","","","","","","","","","","","","","","","","","","","","","","","","","","","","","","","","","","","","","","","","","","","","","","","","","","","","","","","","","","","","","","","","","","","","","","","","","","","","","","","","","","","","","",""
"63263001","PUY-DE-DOME-MN",45.775,2.966667,1461,1965120800,"","","","","","","","","","","","","","","","","","","","","","","","","","","","","","","","","","","","",-4.,1,-4.,1,"","","","","","","","","","","","","","","","","","","","","","","","","","",100,1,"","","","","","","","","","","","",4.5,1,"","","","","","","","","","","","","","","","","","","","","","","","","","","","","","","","","","","","","","","","","","","","","","","","","","","","","","","","","","","","","","","","","","","","","","","","","","","","","","","","","","","","","","","","","","","","","","","","","","","","","","","","","","","","","","","","","","","",""
"63263001","PUY-DE-DOME-MN",45.775,2.966667,1461,1965120803,"","","","","","","","","","","","","","","","","","","","","","","","","","","","","","","","","","","","",-4.8,1,-4.8,1,"","","","","","","","","","","","","","","","","","","","","","","","","","",100,1,"","","","","","","","","","","","",4.3,1,"","","","","","","","","","","","","","","","","","","","","","","","","","","","","","","","","","","","","","","","","","","","","","","","","","","","","","","","","","","","","","","","","","","","","","","","","","","","","","","","","","","","","","","","","","","","","","","","","","","","","","","","","","","","","","","","","","","",""
"63263001","PUY-DE-DOME-MN",45.775,2.966667,1461,1965120806,"","","","",10.,1,350,1,"","","","","","","","","","","","","","","","","","","","","","","","","","","","",-5.,1,-5.,1,"","","","","","","","","","","","","","","","","","","","","","","","","","",100,1,"","","","","","","","","","","","",4.2,1,"","","","","","","","",9,1,"","","","","","","","","","","","","","","","","","","","","","","","","","","","","","","","",40,1,"","",49,1,7,1,"","",0,1,"","","","","","","","","","","","","","","","","","","","","","","","","","","","","","","","","","","","","","","","","","","","","","","","","","","","","","","","","","","","","",""
"63263001","PUY-DE-DOME-MN",45.775,2.966667,1461,1965120809,"","","","",12.,1,50,1,"","","","","","","","","","","","","","","","","","","","","","","","","","","","",-5.4,1,-5.4,1,"","","","","","","","","","","","","","","","","","","","","","","","","","",100,1,"","","","","","","","","","","","",4.1,1,"","","","","","","","",9,1,"","","","","","","","","","","","","","","","","","","","","","","","","","","","","","","","",40,1,"","",49,1,4,1,"","","","","","","","","","","","","","","","","","","","","","","","","","","","","","","","","","","","","","","","","","","","","","","","","","","","","","","","","","","","","","","","","",""
"63263001","PUY-DE-DOME-MN",45.775,2.966667,1461,1965120812,"","","","",8.,1,30,1,"","","","","","","","","","","","","","","","","","","","","","","","","","","","",-5.1,1,-5.1,1,"","","","","","","","","","","","","","","","","","","","","","","","","","",100,1,"","","","","","","","","","","","",4.2,1,"","","","","","","","",9,1,"","","","","","","","","","","","","","","","","","","","","","","","","","","","","","","","",100,1,"","",49,1,4,1,"","","","","","","","","","","","","","","","","","","","","","","","","","","","","","","","","","","","","","","","","","","","","","","","","","","","","","","","","","","","","","","","","",""
"63263001","PUY-DE-DOME-MN",45.775,2.966667,1461,1965120815,"","","","",5.,1,350,1,"","","","","","","","","","","","","","","","","","","","","","","","","","","","",-5.1,1,-5.1,1,"","","","","","","","","","","","","","","","","","","","","","","","","","",100,1,"","","","","","","","","","","","",4.2,1,"","","","","","","","",9,1,"","","","","","","","","","","","","","","","","","","","","","","","","","","","","","","","",100,1,"","",49,1,4,1,"","","","","","","","","","","","","","","","","","","","","","","","","","","","","","","","","","","","","","","","","","","","","","","","","","","","","","","","","","","","","","","","","",""
"63263001","PUY-DE-DOME-MN",45.775,2.966667,1461,1965120818,"","","","",7.,1,350,1,"","","","","","","","","","","","","","","","","","","","","","","","","","","","",-6.2,1,-6.2,1,"","","","","","","","","","","","","","","","","","","","","","","","","","",100,1,"","","","","","","","","","","","",3.8,1,"","","","","","","","",9,1,"","","","","","","","","","","","","","","","","","","","","","","","","","","","","","","","",40,1,"","",49,1,4,1,"","","","","","","","","","","","","","","","","","","","","","","","","","","","","","","","","","","","","","","","","","","","","","","","","","","","","","","","","","","","","","","","","",""
"63263001","PUY-DE-DOME-MN",45.775,2.966667,1461,1965120821,"","","","","","","","","","","","","","","","","","","","","","","","","","","","","","","","","","","","",-7.3,1,-7.3,1,"","","","","","","","","","","","","","","","","","","","","","","","","","",100,1,"","","","","","","","","","","","",3.5,1,"","","","","","","","","","","","","","","","","","","","","","","","","","","","","","","","","","","","","","","","","","","","","","","","","","","","","","","","","","","","","","","","","","","","","","","","","","","","","","","","","","","","","","","","","","","","","","","","","","","","","","","","","","","","","","","","","","","",""
"63263001","PUY-DE-DOME-MN",45.775,2.966667,1461,1965120900,"","","","","","","","","","","","","","","","","","","","","","","","","","","","","","","","","","","","",-7.4,1,-14.1,1,"","","","","","","","","","","","","","","","","","","","","","","","","","","","","","","","","","","","","","","","",2.,1,"","","","","","","","","","","","","","","","","","","","","","","","","","","","","","","","","","","","","","","","","","","","","","","","","","","","","","","","","","","","","","","","","","","","","","","","","","","","","","","","","","","","","","","","","","","","","","","","","","","","","","","","","","","","","","","","","","","",""
"63263001","PUY-DE-DOME-MN",45.775,2.966667,1461,1965120903,"","","","","","","","","","","","","","","","","","","","","","","","","","","","","","","","","","","","",-6.6,1,-8.,1,"","","","","","","","","","","","","","","","","","","","","","","","","","",92,1,"","","","","","","","","","","","",3.3,1,"","","","","","","","","","","","","","","","","","","","","","","","","","","","","","","","","","","","","","","","","","","","","","","","","","","","","","","","","","","","","","","","","","","","","","","","","","","","","","","","","","","","","","","","","","","","","","","","","","","","","","","","","","","","","","","","","","","",""
"63263001","PUY-DE-DOME-MN",45.775,2.966667,1461,1965120906,"","","","",17.,1,310,1,"","","","","","","","","","","","","","","","","","","","","","","","","","","","",-6.3,1,-7.6,1,"","","","","","","","","","","","","","","","","","","","","","","","","","",89,1,"","","","","","","","","","","","",3.4,1,"","","","","","","","",1,1,0,1,5,1,0,1,2,1,"","","","","","","","","","","","","","","","","","","","","","","","",99990,1,"","",0,1,"","","","",0,1,"","","","","","","","","","","","","","","","","","","","","","","","","","","","","","","","","","","","","","","","","","","","","","","","","","","","","","","","","","","","","",""
"63263001","PUY-DE-DOME-MN",45.775,2.966667,1461,1965120909,"","","","",15.,1,310,1,"","","","","","","","","","","","","","","","","","","","","","","","","","","","",-5.,1,-5.,1,"","","","","","","","","","","","","","","","","","","","","","","","","","",100,1,"","","","","","","","","","","","",4.2,1,"","","","","","","","",9,1,"","","","","","","","","","","","","","","","","","","","","","","","","","","","","","","","",40,1,"","",49,1,0,1,"","","","","","","","","","","","","","","","","","","","","","","","","","","","","","","","","","","","","","","","","","","","","","","","","","","","","","","","","","","","","","","","","",""
"63263001","PUY-DE-DOME-MN",45.775,2.966667,1461,1965120912,"","","","",15.,1,270,1,"","","","","","","","","","","","","","","","","","","","","","","","","","","","",-3.,1,-3.,1,"","","","","","","","","","","","","","","","","","","","","","","","","","",100,1,"","","","","","","","","","","","",4.9,1,"","","","","","","","",9,1,"","","","","","","","","","","","","","","","","","","","","","","","","","","","","","","","",40,1,"","",49,1,4,1,"","","","","","","","","","","","","","","","","","","","","","","","","","","","","","","","","","","","","","","","","","","","","","","","","","","","","","","","","","","","","","","","","",""
"63263001","PUY-DE-DOME-MN",45.775,2.966667,1461,1965120915,"","","","",18.,1,270,1,"","","","","","","","","","","","","","","","","","","","","","","","","","","","",-2.7,1,-2.7,1,"","","","","","","","","","","","","","","","","","","","","","","","","","",100,1,"","","","","","","","","","","","",5.,1,"","","","","","","","",9,1,"","","","","","","","","","","","","","","","","","","","","","","","","","","","","","","","",40,1,"","",49,1,4,1,"","","","","","","","","","","","","","","","","","","","","","","","","","","","","","","","","","","","","","","","","","","","","","","","","","","","","","","","","","","","","","","","","",""
"63263001","PUY-DE-DOME-MN",45.775,2.966667,1461,1965120918,"","","","",15.,1,270,1,"","","","","","","","","","","","","","","","","","","","","","","","","","","","",-1.5,1,-1.5,1,"","","","","","","","","","","","","","","","","","","","","","","","","","",100,1,"","","","","","","","","","","","",5.5,1,"","","","","","","","",9,1,"","","","","","","","","","","","","","","","","","","","","","","","","","","","","","","","",40,1,"","",49,1,4,1,"","","","","","","","","","","","","","","","","","","","","","","","","","","","","","","","","","","","","","","","","","","","","","","","","","","","","","","","","","","","","","","","","",""
"63263001","PUY-DE-DOME-MN",45.775,2.966667,1461,1965120921,"","","","","","","","","","","","","","","","","","","","","","","","","","","","","","","","","","","","",-1.4,1,-1.4,1,"","","","","","","","","","","","","","","","","","","","","","","","","","",100,1,"","","","","","","","","","","","",5.5,1,"","","","","","","","","","","","","","","","","","","","","","","","","","","","","","","","","","","","","","","","","","","","","","","","","","","","","","","","","","","","","","","","","","","","","","","","","","","","","","","","","","","","","","","","","","","","","","","","","","","","","","","","","","","","","","","","","","","",""
"63263001","PUY-DE-DOME-MN",45.775,2.966667,1461,1965121000,"","","","","","","","","","","","","","","","","","","","","","","","","","","","","","","","","","","","",-0.6,1,-0.6,1,"","","","","","","","","","","","","","","","","","","","","","","","","","",100,1,"","","","","","","","","","","","",5.8,1,"","","","","","","","","","","","","","","","","","","","","","","","","","","","","","","","","","","","","","","","","","","","","","","","","","","","","","","","","","","","","","","","","","","","","","","","","","","","","","","","","","","","","","","","","","","","","","","","","","","","","","","","","","","","","","","","","","","",""
"63263001","PUY-DE-DOME-MN",45.775,2.966667,1461,1965121003,"","","","","","","","","","","","","","","","","","","","","","","","","","","","","","","","","","","","",-0.3,1,-0.3,1,"","","","","","","","","","","","","","","","","","","","","","","","","","",100,1,"","","","","","","","","","","","",6.,1,"","","","","","","","","","","","","","","","","","","","","","","","","","","","","","","","","","","","","","","","","","","","","","","","","","","","","","","","","","","","","","","","","","","","","","","","","","","","","","","","","","","","","","","","","","","","","","","","","","","","","","","","","","","","","","","","","","","",""
"63263001","PUY-DE-DOME-MN",45.775,2.966667,1461,1965121006,"","","","",29.,1,270,1,"","","","","","","","","","","","","","","","","","","","","","","","","","","","",-0.3,1,-0.3,1,"","","","","","","","","","","","","","","","","","","","","","","","","","",100,1,"","","","","","","","","","","","",6.,1,"","","","","","","","",9,1,"","","","","","","","","","","","","","","","","","","","","","","","","","","","","","","","",40,1,"","",49,1,7,1,"","",0,1,"","","","","","","","","","","","","","","","","","","","","","","","","","","","","","","","","","","","","","","","","","","","","","","","","","","","","","","","","","","","","",""
"63263001","PUY-DE-DOME-MN",45.775,2.966667,1461,1965121009,"","","","",17.,1,310,1,"","","","","","","","","","","","","","","","","","","","","","","","","","","","",-2.8,1,-2.8,1,"","","","","","","","","","","","","","","","","","","","","","","","","","",100,1,"","","","","","","","","","","","",4.9,1,"","","","","","","","",8,1,8,1,"","","","","","","","","","","","","","","","","","","","","","","","","","","","","","",40,1,"","",95,1,9,1,"","","","","","","","","","","","","","","","","","","","","","","","","","","","","","","","","","","","","","","","","","","","","","","","","","","","","","","","","","","","","","","","","",""
"63263001","PUY-DE-DOME-MN",45.775,2.966667,1461,1965121012,"","","","",16.,1,310,1,"","","","","","","","","","","","","","","","","","","","","","","","","","","","",-3.,1,-3.,1,"","","","","","","","","","","","","","","","","","","","","","","","","","",100,1,"","","","","","","","","","","","",4.9,1,"","","","","","","","",9,1,"","","","","","","","","","","","","","","","","","","","","","","","","","","","","","","","",40,1,"","",49,1,9,1,"","","","","","","","","","","","","","","","","","","","","","","","","","","","","","","","","","","","","","","","","","","","","","","","","","","","","","","","","","","","","","","","","",""
"63263001","PUY-DE-DOME-MN",45.775,2.966667,1461,1965121015,"","","","",15.,1,310,1,"","","","","","","","","","","","","","","","","","","","","","","","","","","","",-2.7,1,-2.7,1,"","","","","","","","","","","","","","","","","","","","","","","","","","",100,1,"","","","","","","","","","","","",5.,1,"","","","","","","","",9,1,"","","","","","","","","","","","","","","","","","","","","","","","","","","","","","","","",40,1,"","",49,1,4,1,"","","","","","","","","","","","","","","","","","","","","","","","","","","","","","","","","","","","","","","","","","","","","","","","","","","","","","","","","","","","","","","","","",""
"63263001","PUY-DE-DOME-MN",45.775,2.966667,1461,1965121018,"","","","",22.,1,290,1,"","","","","","","","","","","","","","","","","","","","","","","","","","","","",-2.,1,-2.,1,"","","","","","","","","","","","","","","","","","","","","","","","","","",100,1,"","","","","","","","","","","","",5.3,1,"","","","","","","","",9,1,"","","","","","","","","","","","","","","","","","","","","","","","","","","","","","","","",40,1,"","",49,1,4,1,"","","","","","","","","","","","","","","","","","","","","","","","","","","","","","","","","","","","","","","","","","","","","","","","","","","","","","","","","","","","","","","","","",""
"63263001","PUY-DE-DOME-MN",45.775,2.966667,1461,1965121021,"","","","","","","","","","","","","","","","","","","","","","","","","","","","","","","","","","","","",-1.8,1,-1.8,1,"","","","","","","","","","","","","","","","","","","","","","","","","","",100,1,"","","","","","","","","","","","",5.3,1,"","","","","","","","","","","","","","","","","","","","","","","","","","","","","","","","","","","","","","","","","","","","","","","","","","","","","","","","","","","","","","","","","","","","","","","","","","","","","","","","","","","","","","","","","","","","","","","","","","","","","","","","","","","","","","","","","","","",""
"63263001","PUY-DE-DOME-MN",45.775,2.966667,1461,1965121100,"","","","","","","","","","","","","","","","","","","","","","","","","","","","","","","","","","","","",-1.9,1,-1.9,1,"","","","","","","","","","","","","","","","","","","","","","","","","","",100,1,"","","","","","","","","","","","",5.3,1,"","","","","","","","","","","","","","","","","","","","","","","","","","","","","","","","","","","","","","","","","","","","","","","","","","","","","","","","","","","","","","","","","","","","","","","","","","","","","","","","","","","","","","","","","","","","","","","","","","","","","","","","","","","","","","","","","","","",""
"63263001","PUY-DE-DOME-MN",45.775,2.966667,1461,1965121103,"","","","","","","","","","","","","","","","","","","","","","","","","","","","","","","","","","","","",-3.6,1,-3.6,1,"","","","","","","","","","","","","","","","","","","","","","","","","","",100,1,"","","","","","","","","","","","",4.7,1,"","","","","","","","","","","","","","","","","","","","","","","","","","","","","","","","","","","","","","","","","","","","","","","","","","","","","","","","","","","","","","","","","","","","","","","","","","","","","","","","","","","","","","","","","","","","","","","","","","","","","","","","","","","","","","","","","","","",""
"63263001","PUY-DE-DOME-MN",45.775,2.966667,1461,1965121106,"","","","",17.,1,290,1,"","","","","","","","","","","","","","","","","","","","","","","","","","","","",-4.,1,-4.,1,"","","","","","","","","","","","","","","","","","","","","","","","","","",100,1,"","","","","","","","","","","","",4.5,1,"","","","","","","","",9,1,"","","","","","","","","","","","","","","","","","","","","","","","","","","","","","","","",40,1,"","",49,1,4,1,"","",0,1,"","","","","","","","","","","","","","","","","","","","","","","","","","","","","","","","","","","","","","","","","","","","","","","","","","","","","","","","","","","","","",""
"63263001","PUY-DE-DOME-MN",45.775,2.966667,1461,1965121109,"","","","",14.,1,290,1,"","","","","","","","","","","","","","","","","","","","","","","","","","","","",-3.2,1,-3.2,1,"","","","","","","","","","","","","","","","","","","","","","","","","","",100,1,"","","","","","","","","","","","",4.8,1,"","","","","","","","",8,1,8,1,"","","","","","","","","","","","","","","","","","","","","","","","","","","","","","",40,1,"","",71,1,4,1,"","","","","","","","","","","","","","","","","","","","","","","","","","","","","","","","","","","","","","","","","","","","","","","","","","","","","","","","","","","","","","","","","",""
"63263001","PUY-DE-DOME-MN",45.775,2.966667,1461,1965121112,"","","","",28.,1,290,1,"","","","","","","","","","","","","","","","","","","","","","","","","","","","",-2.3,1,-2.3,1,"","","","","","","","","","","","","","","","","","","","","","","","","","",100,1,"","","","","","","","","","","","",5.1,1,"","","","","","","","",8,1,8,1,"","","","","","","","","","","","","","","","","","","","","","","","","","","","","","",40,1,"","",71,1,7,1,"","","","","","","","","","","","","","","","","","","","","","","","","","","","","","","","","","","","","","","","","","","","","","","","","","","","","","","","","","","","","","","","","",""
"63263001","PUY-DE-DOME-MN",45.775,2.966667,1461,1965121115,"","","","",25.,1,290,1,"","","","","","","","","","","","","","","","","","","","","","","","","","","","",-2.9,1,-2.9,1,"","","","","","","","","","","","","","","","","","","","","","","","","","",100,1,"","","","","","","","","","","","",4.9,1,"","","","","","","","",9,1,"","","","","","","","","","","","","","","","","","","","","","","","","","","","","","","","",40,1,"","",49,1,7,1,"","","","","","","","","","","","","","","","","","","","","","","","","","","","","","","","","","","","","","","","","","","","","","","","","","","","","","","","","","","","","","","","","",""
"63263001","PUY-DE-DOME-MN",45.775,2.966667,1461,1965121118,"","","","",23.,1,290,1,"","","","","","","","","","","","","","","","","","","","","","","","","","","","",-3.,1,-3.,1,"","","","","","","","","","","","","","","","","","","","","","","","","","",100,1,"","","","","","","","","","","","",4.9,1,"","","","","","","","",9,1,"","","","","","","","","","","","","","","","","","","","","","","","","","","","","","","","",40,1,"","",49,1,7,1,"","","","","","","","","","","","","","","","","","","","","","","","","","","","","","","","","","","","","","","","","","","","","","","","","","","","","","","","","","","","","","","","","",""
"63263001","PUY-DE-DOME-MN",45.775,2.966667,1461,1965121121,"","","","","","","","","","","","","","","","","","","","","","","","","","","","","","","","","","","","",-2.9,1,-2.9,1,"","","","","","","","","","","","","","","","","","","","","","","","","","",100,1,"","","","","","","","","","","","",4.9,1,"","","","","","","","","","","","","","","","","","","","","","","","","","","","","","","","","","","","","","","","","","","","","","","","","","","","","","","","","","","","","","","","","","","","","","","","","","","","","","","","","","","","","","","","","","","","","","","","","","","","","","","","","","","","","","","","","","","",""
"63263001","PUY-DE-DOME-MN",45.775,2.966667,1461,1965121200,"","","","","","","","","","","","","","","","","","","","","","","","","","","","","","","","","","","","",-2.8,1,-2.8,1,"","","","","","","","","","","","","","","","","","","","","","","","","","",100,1,"","","","","","","","","","","","",4.9,1,"","","","","","","","","","","","","","","","","","","","","","","","","","","","","","","","","","","","","","","","","","","","","","","","","","","","","","","","","","","","","","","","","","","","","","","","","","","","","","","","","","","","","","","","","","","","","","","","","","","","","","","","","","","","","","","","","","","",""
"63263001","PUY-DE-DOME-MN",45.775,2.966667,1461,1965121203,"","","","","","","","","","","","","","","","","","","","","","","","","","","","","","","","","","","","",-2.6,1,-2.6,1,"","","","","","","","","","","","","","","","","","","","","","","","","","",100,1,"","","","","","","","","","","","",5.,1,"","","","","","","","","","","","","","","","","","","","","","","","","","","","","","","","","","","","","","","","","","","","","","","","","","","","","","","","","","","","","","","","","","","","","","","","","","","","","","","","","","","","","","","","","","","","","","","","","","","","","","","","","","","","","","","","","","","",""
"63263001","PUY-DE-DOME-MN",45.775,2.966667,1461,1965121206,"","","","",20.,1,270,1,"","","","","","","","","","","","","","","","","","","","","","","","","","","","",-1.8,1,-1.8,1,"","","","","","","","","","","","","","","","","","","","","","","","","","",100,1,"","","","","","","","","","","","",5.3,1,"","","","","","","","",9,1,"","","","","","","","","","","","","","","","","","","","","","","","","","","","","","","","",40,1,"","",49,1,7,1,"","",0,1,"","","","","","","","","","","","","","","","","","","","","","","","","","","","","","","","","","","","","","","","","","","","","","","","","","","","","","","","","","","","","",""
"63263001","PUY-DE-DOME-MN",45.775,2.966667,1461,1965121209,"","","","",20.,1,270,1,"","","","","","","","","","","","","","","","","","","","","","","","","","","","",-0.1,1,-0.1,1,"","","","","","","","","","","","","","","","","","","","","","","","","","",100,1,"","","","","","","","","","","","",6.1,1,"","","","","","","","",8,1,8,1,"","","","","","","","","","","","","","","","","","","","","","","","","","","","","","",40,1,"","",71,1,7,1,"","","","","","","","","","","","","","","","","","","","","","","","","","","","","","","","","","","","","","","","","","","","","","","","","","","","","","","","","","","","","","","","","",""
"63263001","PUY-DE-DOME-MN",45.775,2.966667,1461,1965121212,"","","","",28.,1,270,1,"","","","","","","","","","","","","","","","","","","","","","","","","","","","",0.2,1,0.2,1,"","","","","","","","","","","","","","","","","","","","","","","","","","",100,1,"","","","","","","","","","","","",6.2,1,"","","","","","","","",9,1,"","","","","","","","","","","","","","","","","","","","","","","","","","","","","","","","",40,1,"","",45,1,7,1,"","","","","","","","","","","","","","","","","","","","","","","","","","","","","","","","","","","","","","","","","","","","","","","","","","","","","","","","","","","","","","","","","",""
"63263001","PUY-DE-DOME-MN",45.775,2.966667,1461,1965121215,"","","","",28.,1,310,1,"","","","","","","","","","","","","","","","","","","","","","","","","","","","",1.8,1,1.8,1,"","","","","","","","","","","","","","","","","","","","","","","","","","",100,1,"","","","","","","","","","","","",6.9,1,"","","","","","","","",8,1,8,1,"","","","","","","","","","","","","","","","","","","","","","","","","","","","","","",40,1,"","",61,1,6,1,"","","","","","","","","","","","","","","","","","","","","","","","","","","","","","","","","","","","","","","","","","","","","","","","","","","","","","","","","","","","","","","","","",""
"63263001","PUY-DE-DOME-MN",45.775,2.966667,1461,1965121218,"","","","",23.,1,310,1,"","","","","","","","","","","","","","","","","","","","","","","","","","","","",1.3,1,1.3,1,"","","","","","","","","","","","","","","","","","","","","","","","","","",100,1,"","","","","","","","","","","","",6.7,1,"","","","","","","","",8,1,8,1,"","","","","","","","","","","","","","","","","","","","","","","","","","","","","","",40,1,"","",61,1,6,1,"","","","","","","","","","","","","","","","","","","","","","","","","","","","","","","","","","","","","","","","","","","","","","","","","","","","","","","","","","","","","","","","","",""
"63263001","PUY-DE-DOME-MN",45.775,2.966667,1461,1965121221,"","","","","","","","","","","","","","","","","","","","","","","","","","","","","","","","","","","","",1.2,1,1.2,1,"","","","","","","","","","","","","","","","","","","","","","","","","","",100,1,"","","","","","","","","","","","",6.6,1,"","","","","","","","","","","","","","","","","","","","","","","","","","","","","","","","","","","","","","","","","","","","","","","","","","","","","","","","","","","","","","","","","","","","","","","","","","","","","","","","","","","","","","","","","","","","","","","","","","","","","","","","","","","","","","","","","","","",""
"63263001","PUY-DE-DOME-MN",45.775,2.966667,1461,1965121300,"","","","","","","","","","","","","","","","","","","","","","","","","","","","","","","","","","","","",1.2,1,1.2,1,"","","","","","","","","","","","","","","","","","","","","","","","","","",100,1,"","","","","","","","","","","","",6.6,1,"","","","","","","","","","","","","","","","","","","","","","","","","","","","","","","","","","","","","","","","","","","","","","","","","","","","","","","","","","","","","","","","","","","","","","","","","","","","","","","","","","","","","","","","","","","","","","","","","","","","","","","","","","","","","","","","","","","",""
"63263001","PUY-DE-DOME-MN",45.775,2.966667,1461,1965121303,"","","","","","","","","","","","","","","","","","","","","","","","","","","","","","","","","","","","",1.1,1,1.1,1,"","","","","","","","","","","","","","","","","","","","","","","","","","",100,1,"","","","","","","","","","","","",6.6,1,"","","","","","","","","","","","","","","","","","","","","","","","","","","","","","","","","","","","","","","","","","","","","","","","","","","","","","","","","","","","","","","","","","","","","","","","","","","","","","","","","","","","","","","","","","","","","","","","","","","","","","","","","","","","","","","","","","","",""
"63263001","PUY-DE-DOME-MN",45.775,2.966667,1461,1965121306,"","","","",23.,1,290,1,"","","","","","","","","","","","","","","","","","","","","","","","","","","","",1.2,1,1.2,1,"","","","","","","","","","","","","","","","","","","","","","","","","","",100,1,"","","","","","","","","","","","",6.6,1,"","","","","","","","",8,1,8,1,"","","","","","","","","","","","","","","","","","","","","","","","","","","","","","",40,1,"","",61,1,6,1,"","",0,1,"","","","","","","","","","","","","","","","","","","","","","","","","","","","","","","","","","","","","","","","","","","","","","","","","","","","","","","","","","","","","",""
"63263001","PUY-DE-DOME-MN",45.775,2.966667,1461,1965121309,"","","","",20.,1,290,1,"","","","","","","","","","","","","","","","","","","","","","","","","","","","",1.6,1,1.6,1,"","","","","","","","","","","","","","","","","","","","","","","","","","",100,1,"","","","","","","","","","","","",6.8,1,"","","","","","","","",8,1,8,1,"","","","","","","","","","","","","","","","","","","","","","","","","","","","","","",40,1,"","",61,1,6,1,"","","","","","","","","","","","","","","","","","","","","","","","","","","","","","","","","","","","","","","","","","","","","","","","","","","","","","","","","","","","","","","","","",""
"63263001","PUY-DE-DOME-MN",45.775,2.966667,1461,1965121312,"","","","",20.,1,290,1,"","","","","","","","","","","","","","","","","","","","","","","","","","","","",1.6,1,1.6,1,"","","","","","","","","","","","","","","","","","","","","","","","","","",100,1,"","","","","","","","","","","","",6.8,1,"","","","","","","","",8,1,8,1,"","","","","","","","","","","","","","","","","","","","","","","","","","","","","","",40,1,"","",61,1,6,1,"","","","","","","","","","","","","","","","","","","","","","","","","","","","","","","","","","","","","","","","","","","","","","","","","","","","","","","","","","","","","","","","","",""
"63263001","PUY-DE-DOME-MN",45.775,2.966667,1461,1965121315,"","","","",20.,1,270,1,"","","","","","","","","","","","","","","","","","","","","","","","","","","","",1.8,1,1.8,1,"","","","","","","","","","","","","","","","","","","","","","","","","","",100,1,"","","","","","","","","","","","",6.9,1,"","","","","","","","",8,1,8,1,"","","","","","","","","","","","","","","","","","","","","","","","","","","","","","",40,1,"","",60,1,6,1,"","","","","","","","","","","","","","","","","","","","","","","","","","","","","","","","","","","","","","","","","","","","","","","","","","","","","","","","","","","","","","","","","",""
"63263001","PUY-DE-DOME-MN",45.775,2.966667,1461,1965121318,"","","","",25.,1,270,1,"","","","","","","","","","","","","","","","","","","","","","","","","","","","",2.8,1,2.8,1,"","","","","","","","","","","","","","","","","","","","","","","","","","",100,1,"","","","","","","","","","","","",7.5,1,"","","","","","","","",8,1,8,1,"","","","","","","","","","","","","","","","","","","","","","","","","","","","","","",40,1,"","",60,1,6,1,"","","","","","","","","","","","","","","","","","","","","","","","","","","","","","","","","","","","","","","","","","","","","","","","","","","","","","","","","","","","","","","","","",""
"63263001","PUY-DE-DOME-MN",45.775,2.966667,1461,1965121321,"","","","","","","","","","","","","","","","","","","","","","","","","","","","","","","","","","","","",2.1,1,2.1,1,"","","","","","","","","","","","","","","","","","","","","","","","","","",100,1,"","","","","","","","","","","","",7.1,1,"","","","","","","","","","","","","","","","","","","","","","","","","","","","","","","","","","","","","","","","","","","","","","","","","","","","","","","","","","","","","","","","","","","","","","","","","","","","","","","","","","","","","","","","","","","","","","","","","","","","","","","","","","","","","","","","","","","",""
"63263001","PUY-DE-DOME-MN",45.775,2.966667,1461,1965121400,"","","","","","","","","","","","","","","","","","","","","","","","","","","","","","","","","","","","",0.8,1,0.8,1,"","","","","","","","","","","","","","","","","","","","","","","","","","",100,1,"","","","","","","","","","","","",6.5,1,"","","","","","","","","","","","","","","","","","","","","","","","","","","","","","","","","","","","","","","","","","","","","","","","","","","","","","","","","","","","","","","","","","","","","","","","","","","","","","","","","","","","","","","","","","","","","","","","","","","","","","","","","","","","","","","","","","","",""
"63263001","PUY-DE-DOME-MN",45.775,2.966667,1461,1965121403,"","","","","","","","","","","","","","","","","","","","","","","","","","","","","","","","","","","","",0.1,1,0.1,1,"","","","","","","","","","","","","","","","","","","","","","","","","","",100,1,"","","","","","","","","","","","",6.1,1,"","","","","","","","","","","","","","","","","","","","","","","","","","","","","","","","","","","","","","","","","","","","","","","","","","","","","","","","","","","","","","","","","","","","","","","","","","","","","","","","","","","","","","","","","","","","","","","","","","","","","","","","","","","","","","","","","","","",""
"63263001","PUY-DE-DOME-MN",45.775,2.966667,1461,1965121406,"","","","",6.,1,290,1,"","","","","","","","","","","","","","","","","","","","","","","","","","","","",-0.8,1,-0.8,1,"","","","","","","","","","","","","","","","","","","","","","","","","","",100,1,"","","","","","","","","","","","",5.8,1,"","","","","","","","",9,1,"","","","","","","","","","","","","","","","","","","","","","","","","","","","","","","","",40,1,"","",49,1,4,1,"","",0,1,"","","","","","","","","","","","","","","","","","","","","","","","","","","","","","","","","","","","","","","","","","","","","","","","","","","","","","","","","","","","","",""
"63263001","PUY-DE-DOME-MN",45.775,2.966667,1461,1965121409,"","","","",12.,1,30,1,"","","","","","","","","","","","","","","","","","","","","","","","","","","","",2.2,1,-4.3,1,"","","","","","","","","","","","","","","","","","","","","","","","","","",61,1,"","","","","","","","","","","","",4.4,1,"","","","","","","","",1,1,0,1,5,1,0,1,2,1,"","","","","","","","","","","","","","","","","","","","","","","","",99990,1,"","",28,1,4,1,"","","","","","","","","","","","","","","","","","","","","","","","","","","","","","","","","","","","","","","","","","","","","","","","","","","","","","","","","","","","","","","","","",""
"63263001","PUY-DE-DOME-MN",45.775,2.966667,1461,1965121412,"","","","",7.,1,70,1,"","","","","","","","","","","","","","","","","","","","","","","","","","","","",5.3,1,-2.9,1,"","","","","","","","","","","","","","","","","","","","","","","","","","",55,1,"","","","","","","","","","","","",4.9,1,"","","","","","","","",1,1,0,1,1,1,0,1,2,1,"","","","","","","","","","","","","","","","","","","","","","","","",99990,1,"","",2,1,4,1,"","","","","","","","","","","","","","","","","","","","","","","","","","","","","","","","","","","","","","","","","","","","","","","","","","","","","","","","","","","","","","","","","",""
"63263001","PUY-DE-DOME-MN",45.775,2.966667,1461,1965121415,"","","","",0.,1,0,1,"","","","","","","","","","","","","","","","","","","","","","","","","","","","",6.3,1,-12.9,1,"","","","","","","","","","","","","","","","","","","","","","","","","","",23,1,"","","","","","","","","","","","",2.2,1,"","","","","","","","",1,1,0,1,1,1,0,1,2,1,"","","","","","","","","","","","","","","","","","","","","","","","",99990,1,"","",2,1,0,1,"","","","","","","","","","","","","","","","","","","","","","","","","","","","","","","","","","","","","","","","","","","","","","","","","","","","","","","","","","","","","","","","","",""
"63263001","PUY-DE-DOME-MN",45.775,2.966667,1461,1965121418,"","","","",6.,1,150,1,"","","","","","","","","","","","","","","","","","","","","","","","","","","","",3.3,1,-15.3,1,"","","","","","","","","","","","","","","","","","","","","","","","","","",23,1,"","","","","","","","","","","","",1.8,1,"","","","","","","","",1,1,0,1,0,1,0,1,2,1,"","","","","","","","","","","","","","","","","","","","","","","","",99990,1,"","",2,1,0,1,"","","","","","","","","","","","","","","","","","","","","","","","","","","","","","","","","","","","","","","","","","","","","","","","","","","","","","","","","","","","","","","","","",""
"63263001","PUY-DE-DOME-MN",45.775,2.966667,1461,1965121421,"","","","","","","","","","","","","","","","","","","","","","","","","","","","","","","","","","","","",4.1,1,-12.4,1,"","","","","","","","","","","","","","","","","","","","","","","","","","",28,1,"","","","","","","","","","","","",2.3,1,"","","","","","","","","","","","","","","","","","","","","","","","","","","","","","","","","","","","","","","","","","","","","","","","","","","","","","","","","","","","","","","","","","","","","","","","","","","","","","","","","","","","","","","","","","","","","","","","","","","","","","","","","","","","","","","","","","","",""
"63263001","PUY-DE-DOME-MN",45.775,2.966667,1461,1965121500,"","","","","","","","","","","","","","","","","","","","","","","","","","","","","","","","","","","","",5.1,1,-14.7,1,"","","","","","","","","","","","","","","","","","","","","","","","","","",22,1,"","","","","","","","","","","","",1.9,1,"","","","","","","","","","","","","","","","","","","","","","","","","","","","","","","","","","","","","","","","","","","","","","","","","","","","","","","","","","","","","","","","","","","","","","","","","","","","","","","","","","","","","","","","","","","","","","","","","","","","","","","","","","","","","","","","","","","",""
"63263001","PUY-DE-DOME-MN",45.775,2.966667,1461,1965121503,"","","","","","","","","","","","","","","","","","","","","","","","","","","","","","","","","","","","",5.7,1,-11.4,1,"","","","","","","","","","","","","","","","","","","","","","","","","","",27,1,"","","","","","","","","","","","",2.5,1,"","","","","","","","","","","","","","","","","","","","","","","","","","","","","","","","","","","","","","","","","","","","","","","","","","","","","","","","","","","","","","","","","","","","","","","","","","","","","","","","","","","","","","","","","","","","","","","","","","","","","","","","","","","","","","","","","","","",""
"63263001","PUY-DE-DOME-MN",45.775,2.966667,1461,1965121506,"","","","",6.,1,230,1,"","","","","","","","","","","","","","","","","","","","","","","","","","","","",7.3,1,-18.2,1,"","","","","","","","","","","","","","","","","","","","","","","","","","",14,1,"","","","","","","","","","","","",1.4,1,"","","","","","","","",0,1,"","",0,1,0,1,0,1,"","","","","","","","","","","","","","","","","","","","","","","","",99990,1,"","",0,1,"","","","",0,1,"","","","","","","","","","","","","","","","","","","","","","","","","","","","","","","","","","","","","","","","","","","","","","","","","","","","","","","","","","","","","",""
"63263001","PUY-DE-DOME-MN",45.775,2.966667,1461,1965121509,"","","","",13.,1,210,1,"","","","","","","","","","","","","","","","","","","","","","","","","","","","",8.,1,-16.,1,"","","","","","","","","","","","","","","","","","","","","","","","","","",16,1,"","","","","","","","","","","","",1.7,1,"","","","","","","","",1,1,0,1,0,1,4,1,0,1,"","","","","","","","","","","","","","","","","","","","","","","","",99990,1,"","",2,1,0,1,"","","","","","","","","","","","","","","","","","","","","","","","","","","","","","","","","","","","","","","","","","","","","","","","","","","","","","","","","","","","","","","","","",""
"63263001","PUY-DE-DOME-MN",45.775,2.966667,1461,1965121512,"","","","",3.,1,170,1,"","","","","","","","","","","","","","","","","","","","","","","","","","","","",8.2,1,-6.9,1,"","","","","","","","","","","","","","","","","","","","","","","","","","",33,1,"","","","","","","","","","","","",3.6,1,"","","","","","","","",1,1,0,1,0,1,4,1,2,1,"","","","","","","","","","","","","","","","","","","","","","","","",99990,1,"","",2,1,0,1,"","","","","","","","","","","","","","","","","","","","","","","","","","","","","","","","","","","","","","","","","","","","","","","","","","","","","","","","","","","","","","","","","",""
"63263001","PUY-DE-DOME-MN",45.775,2.966667,1461,1965121515,"","","","",7.,1,230,1,"","","","","","","","","","","","","","","","","","","","","","","","","","","","",6.9,1,-6.2,1,"","","","","","","","","","","","","","","","","","","","","","","","","","",38,1,"","","","","","","","","","","","",3.8,1,"","","","","","","","",4,1,0,1,0,1,4,1,2,1,"","","","","","","","","","","","","","","","","","","","","","","","",99990,1,"","",3,1,0,1,"","","","","","","","","","","","","","","","","","","","","","","","","","","","","","","","","","","","","","","","","","","","","","","","","","","","","","","","","","","","","","","","","",""
"63263001","PUY-DE-DOME-MN",45.775,2.966667,1461,1965121518,"","","","",8.,1,270,1,"","","","","","","","","","","","","","","","","","","","","","","","","","","","",8.,1,-20.,1,"","","","","","","","","","","","","","","","","","","","","","","","","","",11,1,"","","","","","","","","","","","",1.2,1,"","","","","","","","",3,1,0,1,0,1,4,1,2,1,"","","","","","","","","","","","","","","","","","","","","","","","",70000,1,"","",1,1,0,1,"","","","","","","","","","","","","","","","","","","","","","","","","","","","","","","","","","","","","","","","","","","","","","","","","","","","","","","","","","","","","","","","","",""
"63263001","PUY-DE-DOME-MN",45.775,2.966667,1461,1965121521,"","","","","","","","","","","","","","","","","","","","","","","","","","","","","","","","","","","","",7.5,1,-6.2,1,"","","","","","","","","","","","","","","","","","","","","","","","","","",37,1,"","","","","","","","","","","","",3.8,1,"","","","","","","","","","","","","","","","","","","","","","","","","","","","","","","","","","","","","","","","","","","","","","","","","","","","","","","","","","","","","","","","","","","","","","","","","","","","","","","","","","","","","","","","","","","","","","","","","","","","","","","","","","","","","","","","","","","",""
"63263001","PUY-DE-DOME-MN",45.775,2.966667,1461,1965121600,"","","","","","","","","","","","","","","","","","","","","","","","","","","","","","","","","","","","",5.4,1,-1.9,1,"","","","","","","","","","","","","","","","","","","","","","","","","","",59,1,"","","","","","","","","","","","",5.3,1,"","","","","","","","","","","","","","","","","","","","","","","","","","","","","","","","","","","","","","","","","","","","","","","","","","","","","","","","","","","","","","","","","","","","","","","","","","","","","","","","","","","","","","","","","","","","","","","","","","","","","","","","","","","","","","","","","","","",""
"63263001","PUY-DE-DOME-MN",45.775,2.966667,1461,1965121603,"","","","","","","","","","","","","","","","","","","","","","","","","","","","","","","","","","","","",1.5,1,1.5,1,"","","","","","","","","","","","","","","","","","","","","","","","","","",100,1,"","","","","","","","","","","","",6.8,1,"","","","","","","","","","","","","","","","","","","","","","","","","","","","","","","","","","","","","","","","","","","","","","","","","","","","","","","","","","","","","","","","","","","","","","","","","","","","","","","","","","","","","","","","","","","","","","","","","","","","","","","","","","","","","","","","","","","",""
"63263001","PUY-DE-DOME-MN",45.775,2.966667,1461,1965121606,"","","","",4.,1,230,1,"","","","","","","","","","","","","","","","","","","","","","","","","","","","",1.2,1,1.2,1,"","","","","","","","","","","","","","","","","","","","","","","","","","",100,1,"","","","","","","","","","","","",6.6,1,"","","","","","","","",8,1,8,1,"","","","","","","","","","","","","","","","","","","","","","","","","","","","","","",40,1,"","",61,1,4,1,"","",0,1,"","","","","","","","","","","","","","","","","","","","","","","","","","","","","","","","","","","","","","","","","","","","","","","","","","","","","","","","","","","","","",""
"63263001","PUY-DE-DOME-MN",45.775,2.966667,1461,1965121609,"","","","",9.,1,230,1,"","","","","","","","","","","","","","","","","","","","","","","","","","","","",0.,1,0.,1,"","","","","","","","","","","","","","","","","","","","","","","","","","",100,1,"","","","","","","","","","","","",6.1,1,"","","","","","","","",8,1,8,1,"","","","","","","","","","","","","","","","","","","","","","","","","","","","","","",40,1,"","",71,1,6,1,"","","","","","","","","","","","","","","","","","","","","","","","","","","","","","","","","","","","","","","","","","","","","","","","","","","","","","","","","","","","","","","","","",""
"63263001","PUY-DE-DOME-MN",45.775,2.966667,1461,1965121612,"","","","",6.,1,310,1,"","","","","","","","","","","","","","","","","","","","","","","","","","","","",0.1,1,0.1,1,"","","","","","","","","","","","","","","","","","","","","","","","","","",100,1,"","","","","","","","","","","","",6.1,1,"","","","","","","","",8,1,8,1,"","","","","","","","","","","","","","","","","","","","","","","","","","","","","","",40,1,"","",71,1,7,1,"","","","","","","","","","","","","","","","","","","","","","","","","","","","","","","","","","","","","","","","","","","","","","","","","","","","","","","","","","","","","","","","","",""
"63263001","PUY-DE-DOME-MN",45.775,2.966667,1461,1965121615,"","","","",13.,1,310,1,"","","","","","","","","","","","","","","","","","","","","","","","","","","","",0.4,1,0.4,1,"","","","","","","","","","","","","","","","","","","","","","","","","","",100,1,"","","","","","","","","","","","",6.3,1,"","","","","","","","",9,1,"","","","","","","","","","","","","","","","","","","","","","","","","","","","","","","","",40,1,"","",45,1,7,1,"","","","","","","","","","","","","","","","","","","","","","","","","","","","","","","","","","","","","","","","","","","","","","","","","","","","","","","","","","","","","","","","","",""
"63263001","PUY-DE-DOME-MN",45.775,2.966667,1461,1965121618,"","","","",16.,1,310,1,"","","","","","","","","","","","","","","","","","","","","","","","","","","","",1.1,1,1.1,1,"","","","","","","","","","","","","","","","","","","","","","","","","","",100,1,"","","","","","","","","","","","",6.6,1,"","","","","","","","",9,1,"","","","","","","","","","","","","","","","","","","","","","","","","","","","","","","","",40,1,"","",45,1,7,1,"","","","","","","","","","","","","","","","","","","","","","","","","","","","","","","","","","","","","","","","","","","","","","","","","","","","","","","","","","","","","","","","","",""
"63263001","PUY-DE-DOME-MN",45.775,2.966667,1461,1965121621,"","","","","","","","","","","","","","","","","","","","","","","","","","","","","","","","","","","","",-0.2,1,-0.2,1,"","","","","","","","","","","","","","","","","","","","","","","","","","",100,1,"","","","","","","","","","","","",6.,1,"","","","","","","","","","","","","","","","","","","","","","","","","","","","","","","","","","","","","","","","","","","","","","","","","","","","","","","","","","","","","","","","","","","","","","","","","","","","","","","","","","","","","","","","","","","","","","","","","","","","","","","","","","","","","","","","","","","",""
"63263001","PUY-DE-DOME-MN",45.775,2.966667,1461,1965121700,"","","","","","","","","","","","","","","","","","","","","","","","","","","","","","","","","","","","",-0.6,1,-0.6,1,"","","","","","","","","","","","","","","","","","","","","","","","","","",100,1,"","","","","","","","","","","","",5.8,1,"","","","","","","","","","","","","","","","","","","","","","","","","","","","","","","","","","","","","","","","","","","","","","","","","","","","","","","","","","","","","","","","","","","","","","","","","","","","","","","","","","","","","","","","","","","","","","","","","","","","","","","","","","","","","","","","","","","",""
"63263001","PUY-DE-DOME-MN",45.775,2.966667,1461,1965121703,"","","","","","","","","","","","","","","","","","","","","","","","","","","","","","","","","","","","",-0.9,1,-0.9,1,"","","","","","","","","","","","","","","","","","","","","","","","","","",100,1,"","","","","","","","","","","","",5.7,1,"","","","","","","","","","","","","","","","","","","","","","","","","","","","","","","","","","","","","","","","","","","","","","","","","","","","","","","","","","","","","","","","","","","","","","","","","","","","","","","","","","","","","","","","","","","","","","","","","","","","","","","","","","","","","","","","","","","",""
"63263001","PUY-DE-DOME-MN",45.775,2.966667,1461,1965121706,"","","","",20.,1,310,1,"","","","","","","","","","","","","","","","","","","","","","","","","","","","",-1.2,1,-1.2,1,"","","","","","","","","","","","","","","","","","","","","","","","","","",100,1,"","","","","","","","","","","","",5.6,1,"","","","","","","","",9,1,"","","","","","","","","","","","","","","","","","","","","","","","","","","","","","","","",40,1,"","",49,1,4,1,"","",0,1,"","","","","","","","","","","","","","","","","","","","","","","","","","","","","","","","","","","","","","","","","","","","","","","","","","","","","","","","","","","","","",""
"63263001","PUY-DE-DOME-MN",45.775,2.966667,1461,1965121709,"","","","",26.,1,270,1,"","","","","","","","","","","","","","","","","","","","","","","","","","","","",-0.6,1,-0.6,1,"","","","","","","","","","","","","","","","","","","","","","","","","","",100,1,"","","","","","","","","","","","",5.8,1,"","","","","","","","",8,1,8,1,"","","","","","","","","","","","","","","","","","","","","","","","","","","","","","",40,1,"","",71,1,7,1,"","","","","","","","","","","","","","","","","","","","","","","","","","","","","","","","","","","","","","","","","","","","","","","","","","","","","","","","","","","","","","","","","",""
"63263001","PUY-DE-DOME-MN",45.775,2.966667,1461,1965121712,"","","","",30.,1,270,1,"","","","","","","","","","","","","","","","","","","","","","","","","","","","",0.,1,0.,1,"","","","","","","","","","","","","","","","","","","","","","","","","","",100,1,"","","","","","","","","","","","",6.1,1,"","","","","","","","",9,1,"","","","","","","","","","","","","","","","","","","","","","","","","","","","","","","","",40,1,"","",45,1,7,1,"","","","","","","","","","","","","","","","","","","","","","","","","","","","","","","","","","","","","","","","","","","","","","","","","","","","","","","","","","","","","","","","","",""
"63263001","PUY-DE-DOME-MN",45.775,2.966667,1461,1965121715,"","","","",31.,1,270,1,"","","","","","","","","","","","","","","","","","","","","","","","","","","","",1.6,1,1.6,1,"","","","","","","","","","","","","","","","","","","","","","","","","","",100,1,"","","","","","","","","","","","",6.8,1,"","","","","","","","",8,1,8,1,"","","","","","","","","","","","","","","","","","","","","","","","","","","","","","",40,1,"","",61,1,6,1,"","","","","","","","","","","","","","","","","","","","","","","","","","","","","","","","","","","","","","","","","","","","","","","","","","","","","","","","","","","","","","","","","",""
"63263001","PUY-DE-DOME-MN",45.775,2.966667,1461,1965121718,"","","","",21.,1,270,1,"","","","","","","","","","","","","","","","","","","","","","","","","","","","",2.2,1,2.2,1,"","","","","","","","","","","","","","","","","","","","","","","","","","",100,1,"","","","","","","","","","","","",7.2,1,"","","","","","","","",9,1,"","","","","","","","","","","","","","","","","","","","","","","","","","","","","","","","",40,1,"","",45,1,6,1,"","","","","","","","","","","","","","","","","","","","","","","","","","","","","","","","","","","","","","","","","","","","","","","","","","","","","","","","","","","","","","","","","",""
"63263001","PUY-DE-DOME-MN",45.775,2.966667,1461,1965121721,"","","","","","","","","","","","","","","","","","","","","","","","","","","","","","","","","","","","",2.9,1,2.9,1,"","","","","","","","","","","","","","","","","","","","","","","","","","",100,1,"","","","","","","","","","","","",7.5,1,"","","","","","","","","","","","","","","","","","","","","","","","","","","","","","","","","","","","","","","","","","","","","","","","","","","","","","","","","","","","","","","","","","","","","","","","","","","","","","","","","","","","","","","","","","","","","","","","","","","","","","","","","","","","","","","","","","","",""
"63263001","PUY-DE-DOME-MN",45.775,2.966667,1461,1965121800,"","","","","","","","","","","","","","","","","","","","","","","","","","","","","","","","","","","","",3.3,1,3.3,1,"","","","","","","","","","","","","","","","","","","","","","","","","","",100,1,"","","","","","","","","","","","",7.7,1,"","","","","","","","","","","","","","","","","","","","","","","","","","","","","","","","","","","","","","","","","","","","","","","","","","","","","","","","","","","","","","","","","","","","","","","","","","","","","","","","","","","","","","","","","","","","","","","","","","","","","","","","","","","","","","","","","","","",""
"63263001","PUY-DE-DOME-MN",45.775,2.966667,1461,1965121803,"","","","","","","","","","","","","","","","","","","","","","","","","","","","","","","","","","","","",2.6,1,2.6,1,"","","","","","","","","","","","","","","","","","","","","","","","","","",100,1,"","","","","","","","","","","","",7.4,1,"","","","","","","","","","","","","","","","","","","","","","","","","","","","","","","","","","","","","","","","","","","","","","","","","","","","","","","","","","","","","","","","","","","","","","","","","","","","","","","","","","","","","","","","","","","","","","","","","","","","","","","","","","","","","","","","","","","",""
"63263001","PUY-DE-DOME-MN",45.775,2.966667,1461,1965121806,"","","","",24.,1,290,1,"","","","","","","","","","","","","","","","","","","","","","","","","","","","",2.5,1,2.5,1,"","","","","","","","","","","","","","","","","","","","","","","","","","",100,1,"","","","","","","","","","","","",7.3,1,"","","","","","","","",9,1,"","","","","","","","","","","","","","","","","","","","","","","","","","","","","","","","",40,1,"","",45,1,6,1,"","",0,1,"","","","","","","","","","","","","","","","","","","","","","","","","","","","","","","","","","","","","","","","","","","","","","","","","","","","","","","","","","","","","",""
"63263001","PUY-DE-DOME-MN",45.775,2.966667,1461,1965121809,"","","","",27.,1,290,1,"","","","","","","","","","","","","","","","","","","","","","","","","","","","",2.3,1,2.3,1,"","","","","","","","","","","","","","","","","","","","","","","","","","",100,1,"","","","","","","","","","","","",7.2,1,"","","","","","","","",9,1,"","","","","","","","","","","","","","","","","","","","","","","","","","","","","","","","",40,1,"","",45,1,4,1,"","","","","","","","","","","","","","","","","","","","","","","","","","","","","","","","","","","","","","","","","","","","","","","","","","","","","","","","","","","","","","","","","",""
"63263001","PUY-DE-DOME-MN",45.775,2.966667,1461,1965121812,"","","","",26.,1,290,1,"","","","","","","","","","","","","","","","","","","","","","","","","","","","",2.,1,2.,1,"","","","","","","","","","","","","","","","","","","","","","","","","","",100,1,"","","","","","","","","","","","",7.1,1,"","","","","","","","",9,1,"","","","","","","","","","","","","","","","","","","","","","","","","","","","","","","","",40,1,"","",45,1,4,1,"","","","","","","","","","","","","","","","","","","","","","","","","","","","","","","","","","","","","","","","","","","","","","","","","","","","","","","","","","","","","","","","","",""
"63263001","PUY-DE-DOME-MN",45.775,2.966667,1461,1965121815,"","","","",16.,1,270,1,"","","","","","","","","","","","","","","","","","","","","","","","","","","","",2.4,1,2.4,1,"","","","","","","","","","","","","","","","","","","","","","","","","","",100,1,"","","","","","","","","","","","",7.3,1,"","","","","","","","",9,1,"","","","","","","","","","","","","","","","","","","","","","","","","","","","","","","","",40,1,"","",45,1,4,1,"","","","","","","","","","","","","","","","","","","","","","","","","","","","","","","","","","","","","","","","","","","","","","","","","","","","","","","","","","","","","","","","","",""
"63263001","PUY-DE-DOME-MN",45.775,2.966667,1461,1965121818,"","","","",13.,1,270,1,"","","","","","","","","","","","","","","","","","","","","","","","","","","","",3.6,1,0.4,1,"","","","","","","","","","","","","","","","","","","","","","","","","","",80,1,"","","","","","","","","","","","",6.3,1,"","","","","","","","",5,1,5,1,0,1,0,1,2,1,"","","","","","","","","","","","","","","","","","","","","","","","",70000,1,"","",2,1,4,1,"","","","","","","","","","","","","","","","","","","","","","","","","","","","","","","","","","","","","","","","","","","","","","","","","","","","","","","","","","","","","","","","","",""
"63263001","PUY-DE-DOME-MN",45.775,2.966667,1461,1965121821,"","","","","","","","","","","","","","","","","","","","","","","","","","","","","","","","","","","","",5.6,1,-1.2,1,"","","","","","","","","","","","","","","","","","","","","","","","","","",62,1,"","","","","","","","","","","","",5.6,1,"","","","","","","","","","","","","","","","","","","","","","","","","","","","","","","","","","","","","","","","","","","","","","","","","","","","","","","","","","","","","","","","","","","","","","","","","","","","","","","","","","","","","","","","","","","","","","","","","","","","","","","","","","","","","","","","","","","",""
"63263001","PUY-DE-DOME-MN",45.775,2.966667,1461,1965121900,"","","","","","","","","","","","","","","","","","","","","","","","","","","","","","","","","","","","",6.6,1,-1.4,1,"","","","","","","","","","","","","","","","","","","","","","","","","","",57,1,"","","","","","","","","","","","",5.5,1,"","","","","","","","","","","","","","","","","","","","","","","","","","","","","","","","","","","","","","","","","","","","","","","","","","","","","","","","","","","","","","","","","","","","","","","","","","","","","","","","","","","","","","","","","","","","","","","","","","","","","","","","","","","","","","","","","","","",""
"63263001","PUY-DE-DOME-MN",45.775,2.966667,1461,1965121903,"","","","","","","","","","","","","","","","","","","","","","","","","","","","","","","","","","","","",6.6,1,-5.9,1,"","","","","","","","","","","","","","","","","","","","","","","","","","",40,1,"","","","","","","","","","","","",3.9,1,"","","","","","","","","","","","","","","","","","","","","","","","","","","","","","","","","","","","","","","","","","","","","","","","","","","","","","","","","","","","","","","","","","","","","","","","","","","","","","","","","","","","","","","","","","","","","","","","","","","","","","","","","","","","","","","","","","","",""
"63263001","PUY-DE-DOME-MN",45.775,2.966667,1461,1965121906,"","","","",14.,1,270,1,"","","","","","","","","","","","","","","","","","","","","","","","","","","","",9.4,1,-5.5,1,"","","","","","","","","","","","","","","","","","","","","","","","","","",34,1,"","","","","","","","","","","","",4.,1,"","","","","","","","",5,1,5,1,0,1,4,1,2,1,"","","","","","","","","","","","","","","","","","","","","","","","",99990,1,"","",0,1,"","","","",0,1,"","","","","","","","","","","","","","","","","","","","","","","","","","","","","","","","","","","","","","","","","","","","","","","","","","","","","","","","","","","","","",""
"63263001","PUY-DE-DOME-MN",45.775,2.966667,1461,1965121909,"","","","",15.,1,270,1,"","","","","","","","","","","","","","","","","","","","","","","","","","","","",8.3,1,-4.6,1,"","","","","","","","","","","","","","","","","","","","","","","","","","",39,1,"","","","","","","","","","","","",4.3,1,"","","","","","","","",7,1,7,1,0,1,0,1,2,1,"","","","","","","","","","","","","","","","","","","","","","","","",99990,1,"","",2,1,2,1,"","","","","","","","","","","","","","","","","","","","","","","","","","","","","","","","","","","","","","","","","","","","","","","","","","","","","","","","","","","","","","","","","",""
"63263001","PUY-DE-DOME-MN",45.775,2.966667,1461,1965121912,"","","","",16.,1,250,1,"","","","","","","","","","","","","","","","","","","","","","","","","","","","",9.3,1,-4.,1,"","","","","","","","","","","","","","","","","","","","","","","","","","",38,1,"","","","","","","","","","","","",4.5,1,"","","","","","","","",7,1,7,1,0,1,4,1,2,1,"","","","","","","","","","","","","","","","","","","","","","","","",99990,1,"","",2,1,2,1,"","","","","","","","","","","","","","","","","","","","","","","","","","","","","","","","","","","","","","","","","","","","","","","","","","","","","","","","","","","","","","","","","",""
"63263001","PUY-DE-DOME-MN",45.775,2.966667,1461,1965121915,"","","","",13.,1,270,1,"","","","","","","","","","","","","","","","","","","","","","","","","","","","",6.7,1,-1.6,1,"","","","","","","","","","","","","","","","","","","","","","","","","","",55,1,"","","","","","","","","","","","",5.4,1,"","","","","","","","",7,1,7,1,0,1,0,1,2,1,"","","","","","","","","","","","","","","","","","","","","","","","",99990,1,"","",2,1,2,1,"","","","","","","","","","","","","","","","","","","","","","","","","","","","","","","","","","","","","","","","","","","","","","","","","","","","","","","","","","","","","","","","","",""
"63263001","PUY-DE-DOME-MN",45.775,2.966667,1461,1965121918,"","","","",8.,1,270,1,"","","","","","","","","","","","","","","","","","","","","","","","","","","","",6.2,1,-3.7,1,"","","","","","","","","","","","","","","","","","","","","","","","","","",48,1,"","","","","","","","","","","","",4.6,1,"","","","","","","","",7,1,7,1,0,1,0,1,2,1,"","","","","","","","","","","","","","","","","","","","","","","","",99990,1,"","",2,1,2,1,"","","","","","","","","","","","","","","","","","","","","","","","","","","","","","","","","","","","","","","","","","","","","","","","","","","","","","","","","","","","","","","","","",""
"63263001","PUY-DE-DOME-MN",45.775,2.966667,1461,1965121921,"","","","","","","","","","","","","","","","","","","","","","","","","","","","","","","","","","","","",7.3,1,-5.9,1,"","","","","","","","","","","","","","","","","","","","","","","","","","",38,1,"","","","","","","","","","","","",3.9,1,"","","","","","","","","","","","","","","","","","","","","","","","","","","","","","","","","","","","","","","","","","","","","","","","","","","","","","","","","","","","","","","","","","","","","","","","","","","","","","","","","","","","","","","","","","","","","","","","","","","","","","","","","","","","","","","","","","","",""
"63263001","PUY-DE-DOME-MN",45.775,2.966667,1461,1965122000,"","","","","","","","","","","","","","","","","","","","","","","","","","","","","","","","","","","","",7.8,1,-5.2,1,"","","","","","","","","","","","","","","","","","","","","","","","","","",39,1,"","","","","","","","","","","","",4.1,1,"","","","","","","","","","","","","","","","","","","","","","","","","","","","","","","","","","","","","","","","","","","","","","","","","","","","","","","","","","","","","","","","","","","","","","","","","","","","","","","","","","","","","","","","","","","","","","","","","","","","","","","","","","","","","","","","","","","",""
"63263001","PUY-DE-DOME-MN",45.775,2.966667,1461,1965122003,"","","","","","","","","","","","","","","","","","","","","","","","","","","","","","","","","","","","",8.,1,-6.9,1,"","","","","","","","","","","","","","","","","","","","","","","","","","",34,1,"","","","","","","","","","","","",3.6,1,"","","","","","","","","","","","","","","","","","","","","","","","","","","","","","","","","","","","","","","","","","","","","","","","","","","","","","","","","","","","","","","","","","","","","","","","","","","","","","","","","","","","","","","","","","","","","","","","","","","","","","","","","","","","","","","","","","","",""
"63263001","PUY-DE-DOME-MN",45.775,2.966667,1461,1965122006,"","","","",21.,1,270,1,"","","","","","","","","","","","","","","","","","","","","","","","","","","","",4.8,1,-3.7,1,"","","","","","","","","","","","","","","","","","","","","","","","","","",53,1,"","","","","","","","","","","","",4.6,1,"","","","","","","","",7,1,7,1,0,1,0,1,2,1,"","","","","","","","","","","","","","","","","","","","","","","","",90000,1,"","",2,1,2,1,"","",0,1,"","","","","","","","","","","","","","","","","","","","","","","","","","","","","","","","","","","","","","","","","","","","","","","","","","","","","","","","","","","","","",""
"63263001","PUY-DE-DOME-MN",45.775,2.966667,1461,1965122009,"","","","",18.,1,250,1,"","","","","","","","","","","","","","","","","","","","","","","","","","","","",2.,1,0.8,1,"","","","","","","","","","","","","","","","","","","","","","","","","","",92,1,"","","","","","","","","","","","",6.5,1,"","","","","","","","",7,1,7,1,0,1,7,1,"","","","","","","","","","","","","","","","","","","","","","","","","","",70000,1,"","",2,1,2,1,"","","","","","","","","","","","","","","","","","","","","","","","","","","","","","","","","","","","","","","","","","","","","","","","","","","","","","","","","","","","","","","","","",""
"63263001","PUY-DE-DOME-MN",45.775,2.966667,1461,1965122012,"","","","",13.,1,250,1,"","","","","","","","","","","","","","","","","","","","","","","","","","","","",1.8,1,1.8,1,"","","","","","","","","","","","","","","","","","","","","","","","","","",100,1,"","","","","","","","","","","","",6.9,1,"","","","","","","","",8,1,8,1,"","","","","","","","","","","","","","","","","","","","","","","","","","","","","","",100,1,"","",41,1,4,1,"","","","","","","","","","","","","","","","","","","","","","","","","","","","","","","","","","","","","","","","","","","","","","","","","","","","","","","","","","","","","","","","","",""
"63263001","PUY-DE-DOME-MN",45.775,2.966667,1461,1965122015,"","","","",11.,1,230,1,"","","","","","","","","","","","","","","","","","","","","","","","","","","","",2.,1,1.2,1,"","","","","","","","","","","","","","","","","","","","","","","","","","",94,1,"","","","","","","","","","","","",6.7,1,"","","","","","","","",8,1,8,1,5,1,7,1,"","","","","","","","","","","","","","","","","","","","","","","","","","",40000,1,"","",28,1,4,1,"","","","","","","","","","","","","","","","","","","","","","","","","","","","","","","","","","","","","","","","","","","","","","","","","","","","","","","","","","","","","","","","","",""
"63263001","PUY-DE-DOME-MN",45.775,2.966667,1461,1965122018,"","","","",11.,1,230,1,"","","","","","","","","","","","","","","","","","","","","","","","","","","","",1.3,1,0.6,1,"","","","","","","","","","","","","","","","","","","","","","","","","","",96,1,"","","","","","","","","","","","",6.4,1,"","","","","","","","",8,1,8,1,5,1,7,1,"","","","","","","","","","","","","","","","","","","","","","","","","","",40000,1,"","",2,1,4,1,"","","","","","","","","","","","","","","","","","","","","","","","","","","","","","","","","","","","","","","","","","","","","","","","","","","","","","","","","","","","","","","","","",""
"63263001","PUY-DE-DOME-MN",45.775,2.966667,1461,1965122021,"","","","","","","","","","","","","","","","","","","","","","","","","","","","","","","","","","","","",1.3,1,1.3,1,"","","","","","","","","","","","","","","","","","","","","","","","","","",100,1,"","","","","","","","","","","","",6.7,1,"","","","","","","","","","","","","","","","","","","","","","","","","","","","","","","","","","","","","","","","","","","","","","","","","","","","","","","","","","","","","","","","","","","","","","","","","","","","","","","","","","","","","","","","","","","","","","","","","","","","","","","","","","","","","","","","","","","",""
"63263001","PUY-DE-DOME-MN",45.775,2.966667,1461,1965122100,"","","","","","","","","","","","","","","","","","","","","","","","","","","","","","","","","","","","",1.2,1,1.2,1,"","","","","","","","","","","","","","","","","","","","","","","","","","",100,1,"","","","","","","","","","","","",6.6,1,"","","","","","","","","","","","","","","","","","","","","","","","","","","","","","","","","","","","","","","","","","","","","","","","","","","","","","","","","","","","","","","","","","","","","","","","","","","","","","","","","","","","","","","","","","","","","","","","","","","","","","","","","","","","","","","","","","","",""
"63263001","PUY-DE-DOME-MN",45.775,2.966667,1461,1965122103,"","","","","","","","","","","","","","","","","","","","","","","","","","","","","","","","","","","","",-1.,1,-1.,1,"","","","","","","","","","","","","","","","","","","","","","","","","","",100,1,"","","","","","","","","","","","",5.7,1,"","","","","","","","","","","","","","","","","","","","","","","","","","","","","","","","","","","","","","","","","","","","","","","","","","","","","","","","","","","","","","","","","","","","","","","","","","","","","","","","","","","","","","","","","","","","","","","","","","","","","","","","","","","","","","","","","","","",""
"63263001","PUY-DE-DOME-MN",45.775,2.966667,1461,1965122106,"","","","",19.,1,330,1,"","","","","","","","","","","","","","","","","","","","","","","","","","","","",-3.6,1,-3.6,1,"","","","","","","","","","","","","","","","","","","","","","","","","","",100,1,"","","","","","","","","","","","",4.7,1,"","","","","","","","",8,1,8,1,"","","","","","","","","","","","","","","","","","","","","","","","","","","","","","",40,1,"","",71,1,6,1,"","",0,1,"","","","","","","","","","","","","","","","","","","","","","","","","","","","","","","","","","","","","","","","","","","","","","","","","","","","","","","","","","","","","",""
"63263001","PUY-DE-DOME-MN",45.775,2.966667,1461,1965122109,"","","","",17.,1,350,1,"","","","","","","","","","","","","","","","","","","","","","","","","","","","",-3.8,1,-3.8,1,"","","","","","","","","","","","","","","","","","","","","","","","","","",100,1,"","","","","","","","","","","","",4.6,1,"","","","","","","","",9,1,"","","","","","","","","","","","","","","","","","","","","","","","","","","","","","","","",40,1,"","",49,1,7,1,"","","","","","","","","","","","","","","","","","","","","","","","","","","","","","","","","","","","","","","","","","","","","","","","","","","","","","","","","","","","","","","","","",""
"63263001","PUY-DE-DOME-MN",45.775,2.966667,1461,1965122112,"","","","",13.,1,30,1,"","","","","","","","","","","","","","","","","","","","","","","","","","","","",-4.5,1,-4.5,1,"","","","","","","","","","","","","","","","","","","","","","","","","","",100,1,"","","","","","","","","","","","",4.4,1,"","","","","","","","",9,1,"","","","","","","","","","","","","","","","","","","","","","","","","","","","","","","","",40,1,"","",49,1,7,1,"","","","","","","","","","","","","","","","","","","","","","","","","","","","","","","","","","","","","","","","","","","","","","","","","","","","","","","","","","","","","","","","","",""
"63263001","PUY-DE-DOME-MN",45.775,2.966667,1461,1965122115,"","","","",10.,1,30,1,"","","","","","","","","","","","","","","","","","","","","","","","","","","","",-5.4,1,-5.4,1,"","","","","","","","","","","","","","","","","","","","","","","","","","",100,1,"","","","","","","","","","","","",4.1,1,"","","","","","","","",9,1,"","","","","","","","","","","","","","","","","","","","","","","","","","","","","","","","",40,1,"","",49,1,4,1,"","","","","","","","","","","","","","","","","","","","","","","","","","","","","","","","","","","","","","","","","","","","","","","","","","","","","","","","","","","","","","","","","",""
"63263001","PUY-DE-DOME-MN",45.775,2.966667,1461,1965122118,"","","","",12.,1,50,1,"","","","","","","","","","","","","","","","","","","","","","","","","","","","",-5.8,1,-5.8,1,"","","","","","","","","","","","","","","","","","","","","","","","","","",100,1,"","","","","","","","","","","","",4.,1,"","","","","","","","",9,1,"","","","","","","","","","","","","","","","","","","","","","","","","","","","","","","","",40,1,"","",49,1,4,1,"","","","","","","","","","","","","","","","","","","","","","","","","","","","","","","","","","","","","","","","","","","","","","","","","","","","","","","","","","","","","","","","","",""
"63263001","PUY-DE-DOME-MN",45.775,2.966667,1461,1965122121,"","","","","","","","","","","","","","","","","","","","","","","","","","","","","","","","","","","","",-6.,1,-6.,1,"","","","","","","","","","","","","","","","","","","","","","","","","","",100,1,"","","","","","","","","","","","",3.9,1,"","","","","","","","","","","","","","","","","","","","","","","","","","","","","","","","","","","","","","","","","","","","","","","","","","","","","","","","","","","","","","","","","","","","","","","","","","","","","","","","","","","","","","","","","","","","","","","","","","","","","","","","","","","","","","","","","","","",""
"63263001","PUY-DE-DOME-MN",45.775,2.966667,1461,1965122200,"","","","","","","","","","","","","","","","","","","","","","","","","","","","","","","","","","","","",-6.4,1,-6.4,1,"","","","","","","","","","","","","","","","","","","","","","","","","","",100,1,"","","","","","","","","","","","",3.8,1,"","","","","","","","","","","","","","","","","","","","","","","","","","","","","","","","","","","","","","","","","","","","","","","","","","","","","","","","","","","","","","","","","","","","","","","","","","","","","","","","","","","","","","","","","","","","","","","","","","","","","","","","","","","","","","","","","","","",""
"63263001","PUY-DE-DOME-MN",45.775,2.966667,1461,1965122203,"","","","","","","","","","","","","","","","","","","","","","","","","","","","","","","","","","","","",-6.3,1,-6.3,1,"","","","","","","","","","","","","","","","","","","","","","","","","","",100,1,"","","","","","","","","","","","",3.8,1,"","","","","","","","","","","","","","","","","","","","","","","","","","","","","","","","","","","","","","","","","","","","","","","","","","","","","","","","","","","","","","","","","","","","","","","","","","","","","","","","","","","","","","","","","","","","","","","","","","","","","","","","","","","","","","","","","","","",""
"63263001","PUY-DE-DOME-MN",45.775,2.966667,1461,1965122206,"","","","",8.,1,50,1,"","","","","","","","","","","","","","","","","","","","","","","","","","","","",-6.2,1,-6.5,1,"","","","","","","","","","","","","","","","","","","","","","","","","","",94,1,"","","","","","","","","","","","",3.7,1,"","","","","","","","",0,1,"","",0,1,0,1,0,1,"","","","","","","","","","","","","","","","","","","","","","","","",80000,1,"","",2,1,4,1,"","",0,1,"","","","","","","","","","","","","","","","","","","","","","","","","","","","","","","","","","","","","","","","","","","","","","","","","","","","","","","","","","","","","",""
"63263001","PUY-DE-DOME-MN",45.775,2.966667,1461,1965122209,"","","","",8.,1,70,1,"","","","","","","","","","","","","","","","","","","","","","","","","","","","",-6.,1,-6.,1,"","","","","","","","","","","","","","","","","","","","","","","","","","",100,1,"","","","","","","","","","","","",3.9,1,"","","","","","","","",9,1,"","","","","","","","","","","","","","","","","","","","","","","","","","","","","","","","",40,1,"","",49,1,1,1,"","","","","","","","","","","","","","","","","","","","","","","","","","","","","","","","","","","","","","","","","","","","","","","","","","","","","","","","","","","","","","","","","",""
"63263001","PUY-DE-DOME-MN",45.775,2.966667,1461,1965122212,"","","","",8.,1,90,1,"","","","","","","","","","","","","","","","","","","","","","","","","","","","",-4.8,1,-8.4,1,"","","","","","","","","","","","","","","","","","","","","","","","","","",76,1,"","","","","","","","","","","","",3.2,1,"","","","","","","","",2,1,0,1,0,1,3,1,2,1,"","","","","","","","","","","","","","","","","","","","","","","","",80000,1,"","",28,1,4,1,"","","","","","","","","","","","","","","","","","","","","","","","","","","","","","","","","","","","","","","","","","","","","","","","","","","","","","","","","","","","","","","","","",""
"63263001","PUY-DE-DOME-MN",45.775,2.966667,1461,1965122215,"","","","",0.,1,0,1,"","","","","","","","","","","","","","","","","","","","","","","","","","","","",-1.4,1,-11.9,1,"","","","","","","","","","","","","","","","","","","","","","","","","","",43,1,"","","","","","","","","","","","",2.4,1,"","","","","","","","",5,1,5,1,0,1,3,1,4,1,"","","","","","","","","","","","","","","","","","","","","","","","",70000,1,"","",3,1,0,1,"","","","","","","","","","","","","","","","","","","","","","","","","","","","","","","","","","","","","","","","","","","","","","","","","","","","","","","","","","","","","","","","","",""
"63263001","PUY-DE-DOME-MN",45.775,2.966667,1461,1965122218,"","","","",0.,1,0,1,"","","","","","","","","","","","","","","","","","","","","","","","","","","","",0.,1,-5.9,1,"","","","","","","","","","","","","","","","","","","","","","","","","","",64,1,"","","","","","","","","","","","",3.9,1,"","","","","","","","",5,1,0,1,0,1,3,1,2,1,"","","","","","","","","","","","","","","","","","","","","","","","",60000,1,"","",2,1,1,1,"","","","","","","","","","","","","","","","","","","","","","","","","","","","","","","","","","","","","","","","","","","","","","","","","","","","","","","","","","","","","","","","","",""
"63263001","PUY-DE-DOME-MN",45.775,2.966667,1461,1965122221,"","","","","","","","","","","","","","","","","","","","","","","","","","","","","","","","","","","","",-0.7,1,-4.3,1,"","","","","","","","","","","","","","","","","","","","","","","","","","",75,1,"","","","","","","","","","","","",4.4,1,"","","","","","","","","","","","","","","","","","","","","","","","","","","","","","","","","","","","","","","","","","","","","","","","","","","","","","","","","","","","","","","","","","","","","","","","","","","","","","","","","","","","","","","","","","","","","","","","","","","","","","","","","","","","","","","","","","","",""
"63263001","PUY-DE-DOME-MN",45.775,2.966667,1461,1965122300,"","","","","","","","","","","","","","","","","","","","","","","","","","","","","","","","","","","","",2.,1,-10.9,1,"","","","","","","","","","","","","","","","","","","","","","","","","","",37,1,"","","","","","","","","","","","",2.6,1,"","","","","","","","","","","","","","","","","","","","","","","","","","","","","","","","","","","","","","","","","","","","","","","","","","","","","","","","","","","","","","","","","","","","","","","","","","","","","","","","","","","","","","","","","","","","","","","","","","","","","","","","","","","","","","","","","","","",""
"63263001","PUY-DE-DOME-MN",45.775,2.966667,1461,1965122303,"","","","","","","","","","","","","","","","","","","","","","","","","","","","","","","","","","","","",0.,1,-13.5,1,"","","","","","","","","","","","","","","","","","","","","","","","","","",34,1,"","","","","","","","","","","","",2.1,1,"","","","","","","","","","","","","","","","","","","","","","","","","","","","","","","","","","","","","","","","","","","","","","","","","","","","","","","","","","","","","","","","","","","","","","","","","","","","","","","","","","","","","","","","","","","","","","","","","","","","","","","","","","","","","","","","","","","",""
"63263001","PUY-DE-DOME-MN",45.775,2.966667,1461,1965122306,"","","","",33.,1,270,1,"","","","","","","","","","","","","","","","","","","","","","","","","","","","",-2.9,1,-2.9,1,"","","","","","","","","","","","","","","","","","","","","","","","","","",100,1,"","","","","","","","","","","","",4.9,1,"","","","","","","","",8,1,8,1,"","","","","","","","","","","","","","","","","","","","","","","","","","","","","","",40,1,"","",71,1,2,1,"","",0,1,"","","","","","","","","","","","","","","","","","","","","","","","","","","","","","","","","","","","","","","","","","","","","","","","","","","","","","","","","","","","","",""
"63263001","PUY-DE-DOME-MN",45.775,2.966667,1461,1965122309,"","","","",25.,1,270,1,"","","","","","","","","","","","","","","","","","","","","","","","","","","","",-1.1,1,-1.1,1,"","","","","","","","","","","","","","","","","","","","","","","","","","",100,1,"","","","","","","","","","","","",5.6,1,"","","","","","","","",9,1,"","","","","","","","","","","","","","","","","","","","","","","","","","","","","","","","",40,1,"","",49,1,7,1,"","","","","","","","","","","","","","","","","","","","","","","","","","","","","","","","","","","","","","","","","","","","","","","","","","","","","","","","","","","","","","","","","",""
"63263001","PUY-DE-DOME-MN",45.775,2.966667,1461,1965122312,"","","","",25.,1,290,1,"","","","","","","","","","","","","","","","","","","","","","","","","","","","",-1.4,1,-1.4,1,"","","","","","","","","","","","","","","","","","","","","","","","","","",100,1,"","","","","","","","","","","","",5.5,1,"","","","","","","","",8,1,8,1,"","","","","","","","","","","","","","","","","","","","","","","","","","","","","","",40,1,"","",71,1,7,1,"","","","","","","","","","","","","","","","","","","","","","","","","","","","","","","","","","","","","","","","","","","","","","","","","","","","","","","","","","","","","","","","","",""
"63263001","PUY-DE-DOME-MN",45.775,2.966667,1461,1965122315,"","","","",14.,1,310,1,"","","","","","","","","","","","","","","","","","","","","","","","","","","","",-2.1,1,-2.1,1,"","","","","","","","","","","","","","","","","","","","","","","","","","",100,1,"","","","","","","","","","","","",5.2,1,"","","","","","","","",9,1,"","","","","","","","","","","","","","","","","","","","","","","","","","","","","","","","",40,1,"","",49,1,9,1,"","","","","","","","","","","","","","","","","","","","","","","","","","","","","","","","","","","","","","","","","","","","","","","","","","","","","","","","","","","","","","","","","",""
"63263001","PUY-DE-DOME-MN",45.775,2.966667,1461,1965122318,"","","","",9.,1,310,1,"","","","","","","","","","","","","","","","","","","","","","","","","","","","",-2.3,1,-2.3,1,"","","","","","","","","","","","","","","","","","","","","","","","","","",100,1,"","","","","","","","","","","","",5.1,1,"","","","","","","","",8,1,8,1,"","","","","","","","","","","","","","","","","","","","","","","","","","","","","","",40,1,"","",71,1,9,1,"","","","","","","","","","","","","","","","","","","","","","","","","","","","","","","","","","","","","","","","","","","","","","","","","","","","","","","","","","","","","","","","","",""
"63263001","PUY-DE-DOME-MN",45.775,2.966667,1461,1965122321,"","","","","","","","","","","","","","","","","","","","","","","","","","","","","","","","","","","","",-2.2,1,-2.2,1,"","","","","","","","","","","","","","","","","","","","","","","","","","",100,1,"","","","","","","","","","","","",5.2,1,"","","","","","","","","","","","","","","","","","","","","","","","","","","","","","","","","","","","","","","","","","","","","","","","","","","","","","","","","","","","","","","","","","","","","","","","","","","","","","","","","","","","","","","","","","","","","","","","","","","","","","","","","","","","","","","","","","","",""
"63263001","PUY-DE-DOME-MN",45.775,2.966667,1461,1965122400,"","","","","","","","","","","","","","","","","","","","","","","","","","","","","","","","","","","","",-2.2,1,-2.2,1,"","","","","","","","","","","","","","","","","","","","","","","","","","",100,1,"","","","","","","","","","","","",5.2,1,"","","","","","","","","","","","","","","","","","","","","","","","","","","","","","","","","","","","","","","","","","","","","","","","","","","","","","","","","","","","","","","","","","","","","","","","","","","","","","","","","","","","","","","","","","","","","","","","","","","","","","","","","","","","","","","","","","","",""
"63263001","PUY-DE-DOME-MN",45.775,2.966667,1461,1965122403,"","","","","","","","","","","","","","","","","","","","","","","","","","","","","","","","","","","","",-1.8,1,-1.8,1,"","","","","","","","","","","","","","","","","","","","","","","","","","",100,1,"","","","","","","","","","","","",5.3,1,"","","","","","","","","","","","","","","","","","","","","","","","","","","","","","","","","","","","","","","","","","","","","","","","","","","","","","","","","","","","","","","","","","","","","","","","","","","","","","","","","","","","","","","","","","","","","","","","","","","","","","","","","","","","","","","","","","","",""
"63263001","PUY-DE-DOME-MN",45.775,2.966667,1461,1965122406,"","","","",18.,1,290,1,"","","","","","","","","","","","","","","","","","","","","","","","","","","","",-0.8,1,-0.8,1,"","","","","","","","","","","","","","","","","","","","","","","","","","",100,1,"","","","","","","","","","","","",5.8,1,"","","","","","","","",8,1,8,1,"","","","","","","","","","","","","","","","","","","","","","","","","","","","","","",40,1,"","",71,1,4,1,"","",0,1,"","","","","","","","","","","","","","","","","","","","","","","","","","","","","","","","","","","","","","","","","","","","","","","","","","","","","","","","","","","","","",""
"63263001","PUY-DE-DOME-MN",45.775,2.966667,1461,1965122409,"","","","",32.,1,270,1,"","","","","","","","","","","","","","","","","","","","","","","","","","","","",-0.2,1,-0.2,1,"","","","","","","","","","","","","","","","","","","","","","","","","","",100,1,"","","","","","","","","","","","",6.,1,"","","","","","","","",9,1,"","","","","","","","","","","","","","","","","","","","","","","","","","","","","","","","",40,1,"","",49,1,7,1,"","","","","","","","","","","","","","","","","","","","","","","","","","","","","","","","","","","","","","","","","","","","","","","","","","","","","","","","","","","","","","","","","",""
"63263001","PUY-DE-DOME-MN",45.775,2.966667,1461,1965122412,"","","","",35.,1,270,1,"","","","","","","","","","","","","","","","","","","","","","","","","","","","",0.8,1,0.8,1,"","","","","","","","","","","","","","","","","","","","","","","","","","",100,1,"","","","","","","","","","","","",6.5,1,"","","","","","","","",9,1,"","","","","","","","","","","","","","","","","","","","","","","","","","","","","","","","",40,1,"","",45,1,7,1,"","","","","","","","","","","","","","","","","","","","","","","","","","","","","","","","","","","","","","","","","","","","","","","","","","","","","","","","","","","","","","","","","",""
"63263001","PUY-DE-DOME-MN",45.775,2.966667,1461,1965122415,"","","","",25.,1,270,1,"","","","","","","","","","","","","","","","","","","","","","","","","","","","",-0.2,1,-0.2,1,"","","","","","","","","","","","","","","","","","","","","","","","","","",100,1,"","","","","","","","","","","","",6.,1,"","","","","","","","",9,1,"","","","","","","","","","","","","","","","","","","","","","","","","","","","","","","","",40,1,"","",49,1,4,1,"","","","","","","","","","","","","","","","","","","","","","","","","","","","","","","","","","","","","","","","","","","","","","","","","","","","","","","","","","","","","","","","","",""
"63263001","PUY-DE-DOME-MN",45.775,2.966667,1461,1965122418,"","","","",18.,1,270,1,"","","","","","","","","","","","","","","","","","","","","","","","","","","","",-1.8,1,-1.8,1,"","","","","","","","","","","","","","","","","","","","","","","","","","",100,1,"","","","","","","","","","","","",5.3,1,"","","","","","","","",9,1,"","","","","","","","","","","","","","","","","","","","","","","","","","","","","","","","",40,1,"","",49,1,8,1,"","","","","","","","","","","","","","","","","","","","","","","","","","","","","","","","","","","","","","","","","","","","","","","","","","","","","","","","","","","","","","","","","",""
"63263001","PUY-DE-DOME-MN",45.775,2.966667,1461,1965122421,"","","","","","","","","","","","","","","","","","","","","","","","","","","","","","","","","","","","",-1.8,1,-1.8,1,"","","","","","","","","","","","","","","","","","","","","","","","","","",100,1,"","","","","","","","","","","","",5.3,1,"","","","","","","","","","","","","","","","","","","","","","","","","","","","","","","","","","","","","","","","","","","","","","","","","","","","","","","","","","","","","","","","","","","","","","","","","","","","","","","","","","","","","","","","","","","","","","","","","","","","","","","","","","","","","","","","","","","",""
"63263001","PUY-DE-DOME-MN",45.775,2.966667,1461,1965122500,"","","","","","","","","","","","","","","","","","","","","","","","","","","","","","","","","","","","",-1.5,1,-1.5,1,"","","","","","","","","","","","","","","","","","","","","","","","","","",100,1,"","","","","","","","","","","","",5.5,1,"","","","","","","","","","","","","","","","","","","","","","","","","","","","","","","","","","","","","","","","","","","","","","","","","","","","","","","","","","","","","","","","","","","","","","","","","","","","","","","","","","","","","","","","","","","","","","","","","","","","","","","","","","","","","","","","","","","",""
"63263001","PUY-DE-DOME-MN",45.775,2.966667,1461,1965122503,"","","","","","","","","","","","","","","","","","","","","","","","","","","","","","","","","","","","",-1.7,1,-1.7,1,"","","","","","","","","","","","","","","","","","","","","","","","","","",100,1,"","","","","","","","","","","","",5.4,1,"","","","","","","","","","","","","","","","","","","","","","","","","","","","","","","","","","","","","","","","","","","","","","","","","","","","","","","","","","","","","","","","","","","","","","","","","","","","","","","","","","","","","","","","","","","","","","","","","","","","","","","","","","","","","","","","","","","",""
"63263001","PUY-DE-DOME-MN",45.775,2.966667,1461,1965122506,"","","","",23.,1,270,1,"","","","","","","","","","","","","","","","","","","","","","","","","","","","",-2.,1,-2.,1,"","","","","","","","","","","","","","","","","","","","","","","","","","",100,1,"","","","","","","","","","","","",5.3,1,"","","","","","","","",9,1,"","","","","","","","","","","","","","","","","","","","","","","","","","","","","","","","",40,1,"","",49,1,4,1,"","",0,1,"","","","","","","","","","","","","","","","","","","","","","","","","","","","","","","","","","","","","","","","","","","","","","","","","","","","","","","","","","","","","",""
"63263001","PUY-DE-DOME-MN",45.775,2.966667,1461,1965122509,"","","","",20.,1,270,1,"","","","","","","","","","","","","","","","","","","","","","","","","","","","",-2.6,1,-2.6,1,"","","","","","","","","","","","","","","","","","","","","","","","","","",100,1,"","","","","","","","","","","","",5.,1,"","","","","","","","",9,1,"","","","","","","","","","","","","","","","","","","","","","","","","","","","","","","","",40,1,"","",49,1,4,1,"","","","","","","","","","","","","","","","","","","","","","","","","","","","","","","","","","","","","","","","","","","","","","","","","","","","","","","","","","","","","","","","","",""
"63263001","PUY-DE-DOME-MN",45.775,2.966667,1461,1965122512,"","","","",23.,1,270,1,"","","","","","","","","","","","","","","","","","","","","","","","","","","","",-2.,1,-2.,1,"","","","","","","","","","","","","","","","","","","","","","","","","","",100,1,"","","","","","","","","","","","",5.3,1,"","","","","","","","",8,1,8,1,"","","","","","","","","","","","","","","","","","","","","","","","","","","","","","",40,1,"","",85,1,8,1,"","","","","","","","","","","","","","","","","","","","","","","","","","","","","","","","","","","","","","","","","","","","","","","","","","","","","","","","","","","","","","","","","",""
"63263001","PUY-DE-DOME-MN",45.775,2.966667,1461,1965122515,"","","","",25.,1,270,1,"","","","","","","","","","","","","","","","","","","","","","","","","","","","",-1.5,1,-1.5,1,"","","","","","","","","","","","","","","","","","","","","","","","","","",100,1,"","","","","","","","","","","","",5.5,1,"","","","","","","","",9,1,"","","","","","","","","","","","","","","","","","","","","","","","","","","","","","","","",40,1,"","",49,1,8,1,"","","","","","","","","","","","","","","","","","","","","","","","","","","","","","","","","","","","","","","","","","","","","","","","","","","","","","","","","","","","","","","","","",""
"63263001","PUY-DE-DOME-MN",45.775,2.966667,1461,1965122518,"","","","",23.,1,270,1,"","","","","","","","","","","","","","","","","","","","","","","","","","","","",-2.,1,-2.,1,"","","","","","","","","","","","","","","","","","","","","","","","","","",100,1,"","","","","","","","","","","","",5.3,1,"","","","","","","","",9,1,"","","","","","","","","","","","","","","","","","","","","","","","","","","","","","","","",40,1,"","",49,1,8,1,"","","","","","","","","","","","","","","","","","","","","","","","","","","","","","","","","","","","","","","","","","","","","","","","","","","","","","","","","","","","","","","","","",""
"63263001","PUY-DE-DOME-MN",45.775,2.966667,1461,1965122521,"","","","","","","","","","","","","","","","","","","","","","","","","","","","","","","","","","","","",-1.4,1,-1.4,1,"","","","","","","","","","","","","","","","","","","","","","","","","","",100,1,"","","","","","","","","","","","",5.5,1,"","","","","","","","","","","","","","","","","","","","","","","","","","","","","","","","","","","","","","","","","","","","","","","","","","","","","","","","","","","","","","","","","","","","","","","","","","","","","","","","","","","","","","","","","","","","","","","","","","","","","","","","","","","","","","","","","","","",""
"63263001","PUY-DE-DOME-MN",45.775,2.966667,1461,1965122600,"","","","","","","","","","","","","","","","","","","","","","","","","","","","","","","","","","","","",-0.4,1,-0.4,1,"","","","","","","","","","","","","","","","","","","","","","","","","","",100,1,"","","","","","","","","","","","",5.9,1,"","","","","","","","","","","","","","","","","","","","","","","","","","","","","","","","","","","","","","","","","","","","","","","","","","","","","","","","","","","","","","","","","","","","","","","","","","","","","","","","","","","","","","","","","","","","","","","","","","","","","","","","","","","","","","","","","","","",""
"63263001","PUY-DE-DOME-MN",45.775,2.966667,1461,1965122603,"","","","","","","","","","","","","","","","","","","","","","","","","","","","","","","","","","","","",-0.9,1,-0.9,1,"","","","","","","","","","","","","","","","","","","","","","","","","","",100,1,"","","","","","","","","","","","",5.7,1,"","","","","","","","","","","","","","","","","","","","","","","","","","","","","","","","","","","","","","","","","","","","","","","","","","","","","","","","","","","","","","","","","","","","","","","","","","","","","","","","","","","","","","","","","","","","","","","","","","","","","","","","","","","","","","","","","","","",""
"63263001","PUY-DE-DOME-MN",45.775,2.966667,1461,1965122606,"","","","",18.,1,270,1,"","","","","","","","","","","","","","","","","","","","","","","","","","","","",-2.,1,-2.,1,"","","","","","","","","","","","","","","","","","","","","","","","","","",100,1,"","","","","","","","","","","","",5.3,1,"","","","","","","","",9,1,"","","","","","","","","","","","","","","","","","","","","","","","","","","","","","","","",40,1,"","",49,1,8,1,"","",0,1,"","","","","","","","","","","","","","","","","","","","","","","","","","","","","","","","","","","","","","","","","","","","","","","","","","","","","","","","","","","","","",""
"63263001","PUY-DE-DOME-MN",45.775,2.966667,1461,1965122609,"","","","",15.,1,270,1,"","","","","","","","","","","","","","","","","","","","","","","","","","","","",-2.1,1,-2.1,1,"","","","","","","","","","","","","","","","","","","","","","","","","","",100,1,"","","","","","","","","","","","",5.2,1,"","","","","","","","",9,1,"","","","","","","","","","","","","","","","","","","","","","","","","","","","","","","","",40,1,"","",49,1,4,1,"","","","","","","","","","","","","","","","","","","","","","","","","","","","","","","","","","","","","","","","","","","","","","","","","","","","","","","","","","","","","","","","","",""
"63263001","PUY-DE-DOME-MN",45.775,2.966667,1461,1965122612,"","","","",13.,1,270,1,"","","","","","","","","","","","","","","","","","","","","","","","","","","","",-1.,1,-1.,1,"","","","","","","","","","","","","","","","","","","","","","","","","","",100,1,"","","","","","","","","","","","",5.7,1,"","","","","","","","",9,1,"","","","","","","","","","","","","","","","","","","","","","","","","","","","","","","","",40,1,"","",49,1,4,1,"","","","","","","","","","","","","","","","","","","","","","","","","","","","","","","","","","","","","","","","","","","","","","","","","","","","","","","","","","","","","","","","","",""
"63263001","PUY-DE-DOME-MN",45.775,2.966667,1461,1965122615,"","","","",9.,1,230,1,"","","","","","","","","","","","","","","","","","","","","","","","","","","","",-1.,1,-1.,1,"","","","","","","","","","","","","","","","","","","","","","","","","","",100,1,"","","","","","","","","","","","",5.7,1,"","","","","","","","",9,1,"","","","","","","","","","","","","","","","","","","","","","","","","","","","","","","","",40,1,"","",49,1,4,1,"","","","","","","","","","","","","","","","","","","","","","","","","","","","","","","","","","","","","","","","","","","","","","","","","","","","","","","","","","","","","","","","","",""
"63263001","PUY-DE-DOME-MN",45.775,2.966667,1461,1965122618,"","","","",12.,1,170,1,"","","","","","","","","","","","","","","","","","","","","","","","","","","","",-1.8,1,-1.8,1,"","","","","","","","","","","","","","","","","","","","","","","","","","",100,1,"","","","","","","","","","","","",5.3,1,"","","","","","","","",9,1,"","","","","","","","","","","","","","","","","","","","","","","","","","","","","","","","",100,1,"","",49,1,4,1,"","","","","","","","","","","","","","","","","","","","","","","","","","","","","","","","","","","","","","","","","","","","","","","","","","","","","","","","","","","","","","","","","",""
"63263001","PUY-DE-DOME-MN",45.775,2.966667,1461,1965122621,"","","","","","","","","","","","","","","","","","","","","","","","","","","","","","","","","","","","",-0.4,1,-0.4,1,"","","","","","","","","","","","","","","","","","","","","","","","","","",100,1,"","","","","","","","","","","","",5.9,1,"","","","","","","","","","","","","","","","","","","","","","","","","","","","","","","","","","","","","","","","","","","","","","","","","","","","","","","","","","","","","","","","","","","","","","","","","","","","","","","","","","","","","","","","","","","","","","","","","","","","","","","","","","","","","","","","","","","",""
"63263001","PUY-DE-DOME-MN",45.775,2.966667,1461,1965122700,"","","","","","","","","","","","","","","","","","","","","","","","","","","","","","","","","","","","",1.,1,1.,1,"","","","","","","","","","","","","","","","","","","","","","","","","","",100,1,"","","","","","","","","","","","",6.6,1,"","","","","","","","","","","","","","","","","","","","","","","","","","","","","","","","","","","","","","","","","","","","","","","","","","","","","","","","","","","","","","","","","","","","","","","","","","","","","","","","","","","","","","","","","","","","","","","","","","","","","","","","","","","","","","","","","","","",""
"63263001","PUY-DE-DOME-MN",45.775,2.966667,1461,1965122703,"","","","","","","","","","","","","","","","","","","","","","","","","","","","","","","","","","","","",1.8,1,1.8,1,"","","","","","","","","","","","","","","","","","","","","","","","","","",100,1,"","","","","","","","","","","","",6.9,1,"","","","","","","","","","","","","","","","","","","","","","","","","","","","","","","","","","","","","","","","","","","","","","","","","","","","","","","","","","","","","","","","","","","","","","","","","","","","","","","","","","","","","","","","","","","","","","","","","","","","","","","","","","","","","","","","","","","",""
"63263001","PUY-DE-DOME-MN",45.775,2.966667,1461,1965122706,"","","","",18.,1,250,1,"","","","","","","","","","","","","","","","","","","","","","","","","","","","",1.,1,1.,1,"","","","","","","","","","","","","","","","","","","","","","","","","","",100,1,"","","","","","","","","","","","",6.6,1,"","","","","","","","",8,1,8,1,"","","","","","","","","","","","","","","","","","","","","","","","","","","","","","",40,1,"","",68,1,7,1,"","",0,1,"","","","","","","","","","","","","","","","","","","","","","","","","","","","","","","","","","","","","","","","","","","","","","","","","","","","","","","","","","","","","",""
"63263001","PUY-DE-DOME-MN",45.775,2.966667,1461,1965122709,"","","","",16.,1,250,1,"","","","","","","","","","","","","","","","","","","","","","","","","","","","",0.2,1,0.2,1,"","","","","","","","","","","","","","","","","","","","","","","","","","",100,1,"","","","","","","","","","","","",6.2,1,"","","","","","","","",8,1,8,1,"","","","","","","","","","","","","","","","","","","","","","","","","","","","","","",40,1,"","",68,1,7,1,"","","","","","","","","","","","","","","","","","","","","","","","","","","","","","","","","","","","","","","","","","","","","","","","","","","","","","","","","","","","","","","","","",""
"63263001","PUY-DE-DOME-MN",45.775,2.966667,1461,1965122712,"","","","",18.,1,270,1,"","","","","","","","","","","","","","","","","","","","","","","","","","","","",-0.2,1,-0.2,1,"","","","","","","","","","","","","","","","","","","","","","","","","","",100,1,"","","","","","","","","","","","",6.,1,"","","","","","","","",9,1,"","","","","","","","","","","","","","","","","","","","","","","","","","","","","","","","",40,1,"","",49,1,8,1,"","","","","","","","","","","","","","","","","","","","","","","","","","","","","","","","","","","","","","","","","","","","","","","","","","","","","","","","","","","","","","","","","",""
"63263001","PUY-DE-DOME-MN",45.775,2.966667,1461,1965122715,"","","","",14.,1,270,1,"","","","","","","","","","","","","","","","","","","","","","","","","","","","",-0.6,1,-0.6,1,"","","","","","","","","","","","","","","","","","","","","","","","","","",100,1,"","","","","","","","","","","","",5.8,1,"","","","","","","","",9,1,"","","","","","","","","","","","","","","","","","","","","","","","","","","","","","","","",40,1,"","",49,1,4,1,"","","","","","","","","","","","","","","","","","","","","","","","","","","","","","","","","","","","","","","","","","","","","","","","","","","","","","","","","","","","","","","","","",""
"63263001","PUY-DE-DOME-MN",45.775,2.966667,1461,1965122718,"","","","",17.,1,270,1,"","","","","","","","","","","","","","","","","","","","","","","","","","","","",-0.4,1,-0.4,1,"","","","","","","","","","","","","","","","","","","","","","","","","","",100,1,"","","","","","","","","","","","",5.9,1,"","","","","","","","",9,1,"","","","","","","","","","","","","","","","","","","","","","","","","","","","","","","","",40,1,"","",49,1,4,1,"","","","","","","","","","","","","","","","","","","","","","","","","","","","","","","","","","","","","","","","","","","","","","","","","","","","","","","","","","","","","","","","","",""
"63263001","PUY-DE-DOME-MN",45.775,2.966667,1461,1965122721,"","","","","","","","","","","","","","","","","","","","","","","","","","","","","","","","","","","","",-0.8,1,-0.8,1,"","","","","","","","","","","","","","","","","","","","","","","","","","",100,1,"","","","","","","","","","","","",5.8,1,"","","","","","","","","","","","","","","","","","","","","","","","","","","","","","","","","","","","","","","","","","","","","","","","","","","","","","","","","","","","","","","","","","","","","","","","","","","","","","","","","","","","","","","","","","","","","","","","","","","","","","","","","","","","","","","","","","","",""
"63263001","PUY-DE-DOME-MN",45.775,2.966667,1461,1965122800,"","","","","","","","","","","","","","","","","","","","","","","","","","","","","","","","","","","","",-1.,1,-1.,1,"","","","","","","","","","","","","","","","","","","","","","","","","","",100,1,"","","","","","","","","","","","",5.7,1,"","","","","","","","","","","","","","","","","","","","","","","","","","","","","","","","","","","","","","","","","","","","","","","","","","","","","","","","","","","","","","","","","","","","","","","","","","","","","","","","","","","","","","","","","","","","","","","","","","","","","","","","","","","","","","","","","","","",""
"63263001","PUY-DE-DOME-MN",45.775,2.966667,1461,1965122803,"","","","","","","","","","","","","","","","","","","","","","","","","","","","","","","","","","","","",-1.,1,-1.,1,"","","","","","","","","","","","","","","","","","","","","","","","","","",100,1,"","","","","","","","","","","","",5.7,1,"","","","","","","","","","","","","","","","","","","","","","","","","","","","","","","","","","","","","","","","","","","","","","","","","","","","","","","","","","","","","","","","","","","","","","","","","","","","","","","","","","","","","","","","","","","","","","","","","","","","","","","","","","","","","","","","","","","",""
"63263001","PUY-DE-DOME-MN",45.775,2.966667,1461,1965122806,"","","","",10.,1,250,1,"","","","","","","","","","","","","","","","","","","","","","","","","","","","",-1.6,1,-1.6,1,"","","","","","","","","","","","","","","","","","","","","","","","","","",100,1,"","","","","","","","","","","","",5.4,1,"","","","","","","","",8,1,8,1,"","","","","","","","","","","","","","","","","","","","","","","","","","","","","","",40,1,"","",71,1,4,1,"","",0,1,"","","","","","","","","","","","","","","","","","","","","","","","","","","","","","","","","","","","","","","","","","","","","","","","","","","","","","","","","","","","","",""
"63263001","PUY-DE-DOME-MN",45.775,2.966667,1461,1965122809,"","","","",6.,1,330,1,"","","","","","","","","","","","","","","","","","","","","","","","","","","","",-1.8,1,-1.8,1,"","","","","","","","","","","","","","","","","","","","","","","","","","",100,1,"","","","","","","","","","","","",5.3,1,"","","","","","","","",9,1,"","","","","","","","","","","","","","","","","","","","","","","","","","","","","","","","",80,1,"","",49,1,7,1,"","","","","","","","","","","","","","","","","","","","","","","","","","","","","","","","","","","","","","","","","","","","","","","","","","","","","","","","","","","","","","","","","",""
"63263001","PUY-DE-DOME-MN",45.775,2.966667,1461,1965122812,"","","","",6.,1,310,1,"","","","","","","","","","","","","","","","","","","","","","","","","","","","",-1.2,1,-1.2,1,"","","","","","","","","","","","","","","","","","","","","","","","","","",100,1,"","","","","","","","","","","","",5.6,1,"","","","","","","","",9,1,"","","","","","","","","","","","","","","","","","","","","","","","","","","","","","","","",40,1,"","",49,1,7,1,"","","","","","","","","","","","","","","","","","","","","","","","","","","","","","","","","","","","","","","","","","","","","","","","","","","","","","","","","","","","","","","","","",""
"63263001","PUY-DE-DOME-MN",45.775,2.966667,1461,1965122815,"","","","",6.,1,330,1,"","","","","","","","","","","","","","","","","","","","","","","","","","","","",-1.6,1,-1.6,1,"","","","","","","","","","","","","","","","","","","","","","","","","","",100,1,"","","","","","","","","","","","",5.4,1,"","","","","","","","",9,1,"","","","","","","","","","","","","","","","","","","","","","","","","","","","","","","","",40,1,"","",49,1,7,1,"","","","","","","","","","","","","","","","","","","","","","","","","","","","","","","","","","","","","","","","","","","","","","","","","","","","","","","","","","","","","","","","","",""
"63263001","PUY-DE-DOME-MN",45.775,2.966667,1461,1965122818,"","","","",10.,1,350,1,"","","","","","","","","","","","","","","","","","","","","","","","","","","","",-3.8,1,-3.8,1,"","","","","","","","","","","","","","","","","","","","","","","","","","",100,1,"","","","","","","","","","","","",4.6,1,"","","","","","","","",8,1,8,1,"","","","","","","","","","","","","","","","","","","","","","","","","","","","","","",40,1,"","",71,1,7,1,"","","","","","","","","","","","","","","","","","","","","","","","","","","","","","","","","","","","","","","","","","","","","","","","","","","","","","","","","","","","","","","","","",""
"63263001","PUY-DE-DOME-MN",45.775,2.966667,1461,1965122821,"","","","","","","","","","","","","","","","","","","","","","","","","","","","","","","","","","","","",-6.8,1,-6.8,1,"","","","","","","","","","","","","","","","","","","","","","","","","","",100,1,"","","","","","","","","","","","",3.7,1,"","","","","","","","","","","","","","","","","","","","","","","","","","","","","","","","","","","","","","","","","","","","","","","","","","","","","","","","","","","","","","","","","","","","","","","","","","","","","","","","","","","","","","","","","","","","","","","","","","","","","","","","","","","","","","","","","","","",""
"63263001","PUY-DE-DOME-MN",45.775,2.966667,1461,1965122900,"","","","","","","","","","","","","","","","","","","","","","","","","","","","","","","","","","","","",-8.,1,-8.,1,"","","","","","","","","","","","","","","","","","","","","","","","","","",100,1,"","","","","","","","","","","","",3.3,1,"","","","","","","","","","","","","","","","","","","","","","","","","","","","","","","","","","","","","","","","","","","","","","","","","","","","","","","","","","","","","","","","","","","","","","","","","","","","","","","","","","","","","","","","","","","","","","","","","","","","","","","","","","","","","","","","","","","",""
"63263001","PUY-DE-DOME-MN",45.775,2.966667,1461,1965122903,"","","","","","","","","","","","","","","","","","","","","","","","","","","","","","","","","","","","",-9.4,1,-9.4,1,"","","","","","","","","","","","","","","","","","","","","","","","","","",100,1,"","","","","","","","","","","","",3.,1,"","","","","","","","","","","","","","","","","","","","","","","","","","","","","","","","","","","","","","","","","","","","","","","","","","","","","","","","","","","","","","","","","","","","","","","","","","","","","","","","","","","","","","","","","","","","","","","","","","","","","","","","","","","","","","","","","","","",""
"63263001","PUY-DE-DOME-MN",45.775,2.966667,1461,1965122906,"","","","",11.,1,50,1,"","","","","","","","","","","","","","","","","","","","","","","","","","","","",-10.6,1,-10.6,1,"","","","","","","","","","","","","","","","","","","","","","","","","","",100,1,"","","","","","","","","","","","",2.7,1,"","","","","","","","",9,1,"","","","","","","","","","","","","","","","","","","","","","","","","","","","","","","","",40,1,"","",49,1,4,1,"","",0,1,"","","","","","","","","","","","","","","","","","","","","","","","","","","","","","","","","","","","","","","","","","","","","","","","","","","","","","","","","","","","","",""
"63263001","PUY-DE-DOME-MN",45.775,2.966667,1461,1965122909,"","","","",6.,1,90,1,"","","","","","","","","","","","","","","","","","","","","","","","","","","","",-10.4,1,-10.4,1,"","","","","","","","","","","","","","","","","","","","","","","","","","",100,1,"","","","","","","","","","","","",2.8,1,"","","","","","","","",9,1,"","","","","","","","","","","","","","","","","","","","","","","","","","","","","","","","",40,1,"","",49,1,4,1,"","","","","","","","","","","","","","","","","","","","","","","","","","","","","","","","","","","","","","","","","","","","","","","","","","","","","","","","","","","","","","","","","",""
"63263001","PUY-DE-DOME-MN",45.775,2.966667,1461,1965122912,"","","","",2.,1,310,1,"","","","","","","","","","","","","","","","","","","","","","","","","","","","",-8.4,1,-8.4,1,"","","","","","","","","","","","","","","","","","","","","","","","","","",100,1,"","","","","","","","","","","","",3.2,1,"","","","","","","","",9,1,"","","","","","","","","","","","","","","","","","","","","","","","","","","","","","","","",40,1,"","",49,1,4,1,"","","","","","","","","","","","","","","","","","","","","","","","","","","","","","","","","","","","","","","","","","","","","","","","","","","","","","","","","","","","","","","","","",""
"63263001","PUY-DE-DOME-MN",45.775,2.966667,1461,1965122915,"","","","",6.,1,310,1,"","","","","","","","","","","","","","","","","","","","","","","","","","","","",-8.6,1,-10.9,1,"","","","","","","","","","","","","","","","","","","","","","","","","","",80,1,"","","","","","","","","","","","",2.6,1,"","","","","","","","",1,1,0,1,0,1,0,1,2,1,"","","","","","","","","","","","","","","","","","","","","","","","",99990,1,"","",2,1,4,1,"","","","","","","","","","","","","","","","","","","","","","","","","","","","","","","","","","","","","","","","","","","","","","","","","","","","","","","","","","","","","","","","","",""
"63263001","PUY-DE-DOME-MN",45.775,2.966667,1461,1965122918,"","","","",12.,1,310,1,"","","","","","","","","","","","","","","","","","","","","","","","","","","","",-9.6,1,-12.4,1,"","","","","","","","","","","","","","","","","","","","","","","","","","",79,1,"","","","","","","","","","","","",2.3,1,"","","","","","","","",3,1,0,1,0,1,0,1,2,1,"","","","","","","","","","","","","","","","","","","","","","","","",99990,1,"","",2,1,4,1,"","","","","","","","","","","","","","","","","","","","","","","","","","","","","","","","","","","","","","","","","","","","","","","","","","","","","","","","","","","","","","","","","",""
"63263001","PUY-DE-DOME-MN",45.775,2.966667,1461,1965122921,"","","","","","","","","","","","","","","","","","","","","","","","","","","","","","","","","","","","",-9.4,1,-23.1,1,"","","","","","","","","","","","","","","","","","","","","","","","","","",30,1,"","","","","","","","","","","","",0.9,1,"","","","","","","","","","","","","","","","","","","","","","","","","","","","","","","","","","","","","","","","","","","","","","","","","","","","","","","","","","","","","","","","","","","","","","","","","","","","","","","","","","","","","","","","","","","","","","","","","","","","","","","","","","","","","","","","","","","",""
"63263001","PUY-DE-DOME-MN",45.775,2.966667,1461,1965123000,"","","","","","","","","","","","","","","","","","","","","","","","","","","","","","","","","","","","",-3.,1,-16.7,1,"","","","","","","","","","","","","","","","","","","","","","","","","","",33,1,"","","","","","","","","","","","",1.6,1,"","","","","","","","","","","","","","","","","","","","","","","","","","","","","","","","","","","","","","","","","","","","","","","","","","","","","","","","","","","","","","","","","","","","","","","","","","","","","","","","","","","","","","","","","","","","","","","","","","","","","","","","","","","","","","","","","","","",""
"63263001","PUY-DE-DOME-MN",45.775,2.966667,1461,1965123003,"","","","","","","","","","","","","","","","","","","","","","","","","","","","","","","","","","","","",-3.1,1,-4.,1,"","","","","","","","","","","","","","","","","","","","","","","","","","",93,1,"","","","","","","","","","","","",4.5,1,"","","","","","","","","","","","","","","","","","","","","","","","","","","","","","","","","","","","","","","","","","","","","","","","","","","","","","","","","","","","","","","","","","","","","","","","","","","","","","","","","","","","","","","","","","","","","","","","","","","","","","","","","","","","","","","","","","","",""
"63263001","PUY-DE-DOME-MN",45.775,2.966667,1461,1965123006,"","","","",30.,1,290,1,"","","","","","","","","","","","","","","","","","","","","","","","","","","","",-0.7,1,-0.7,1,"","","","","","","","","","","","","","","","","","","","","","","","","","",100,1,"","","","","","","","","","","","",5.8,1,"","","","","","","","",8,1,8,1,"","","","","","","","","","","","","","","","","","","","","","","","","","","","","","",40,1,"","",71,1,4,1,"","",0,1,"","","","","","","","","","","","","","","","","","","","","","","","","","","","","","","","","","","","","","","","","","","","","","","","","","","","","","","","","","","","","",""
"63263001","PUY-DE-DOME-MN",45.775,2.966667,1461,1965123009,"","","","",16.,1,290,1,"","","","","","","","","","","","","","","","","","","","","","","","","","","","",-2.6,1,-2.6,1,"","","","","","","","","","","","","","","","","","","","","","","","","","",100,1,"","","","","","","","","","","","",5.,1,"","","","","","","","",9,1,"","","","","","","","","","","","","","","","","","","","","","","","","","","","","","","","",40,1,"","",49,1,7,1,"","","","","","","","","","","","","","","","","","","","","","","","","","","","","","","","","","","","","","","","","","","","","","","","","","","","","","","","","","","","","","","","","",""
"63263001","PUY-DE-DOME-MN",45.775,2.966667,1461,1965123012,"","","","",11.,1,290,1,"","","","","","","","","","","","","","","","","","","","","","","","","","","","",-2.6,1,-2.6,1,"","","","","","","","","","","","","","","","","","","","","","","","","","",100,1,"","","","","","","","","","","","",5.,1,"","","","","","","","",9,1,"","","","","","","","","","","","","","","","","","","","","","","","","","","","","","","","",40,1,"","",49,1,7,1,"","","","","","","","","","","","","","","","","","","","","","","","","","","","","","","","","","","","","","","","","","","","","","","","","","","","","","","","","","","","","","","","","",""
"63263001","PUY-DE-DOME-MN",45.775,2.966667,1461,1965123015,"","","","",19.,1,310,1,"","","","","","","","","","","","","","","","","","","","","","","","","","","","",-1.8,1,-1.8,1,"","","","","","","","","","","","","","","","","","","","","","","","","","",100,1,"","","","","","","","","","","","",5.3,1,"","","","","","","","",9,1,"","","","","","","","","","","","","","","","","","","","","","","","","","","","","","","","",40,1,"","",49,1,4,1,"","","","","","","","","","","","","","","","","","","","","","","","","","","","","","","","","","","","","","","","","","","","","","","","","","","","","","","","","","","","","","","","","",""
"63263001","PUY-DE-DOME-MN",45.775,2.966667,1461,1965123018,"","","","",16.,1,310,1,"","","","","","","","","","","","","","","","","","","","","","","","","","","","",-2.2,1,-2.2,1,"","","","","","","","","","","","","","","","","","","","","","","","","","",100,1,"","","","","","","","","","","","",5.2,1,"","","","","","","","",9,1,"","","","","","","","","","","","","","","","","","","","","","","","","","","","","","","","",40,1,"","",49,1,4,1,"","","","","","","","","","","","","","","","","","","","","","","","","","","","","","","","","","","","","","","","","","","","","","","","","","","","","","","","","","","","","","","","","",""
"63263001","PUY-DE-DOME-MN",45.775,2.966667,1461,1965123021,"","","","","","","","","","","","","","","","","","","","","","","","","","","","","","","","","","","","",-2.2,1,-2.2,1,"","","","","","","","","","","","","","","","","","","","","","","","","","",100,1,"","","","","","","","","","","","",5.2,1,"","","","","","","","","","","","","","","","","","","","","","","","","","","","","","","","","","","","","","","","","","","","","","","","","","","","","","","","","","","","","","","","","","","","","","","","","","","","","","","","","","","","","","","","","","","","","","","","","","","","","","","","","","","","","","","","","","","",""
"63263001","PUY-DE-DOME-MN",45.775,2.966667,1461,1965123100,"","","","","","","","","","","","","","","","","","","","","","","","","","","","","","","","","","","","",-1.9,1,-1.9,1,"","","","","","","","","","","","","","","","","","","","","","","","","","",100,1,"","","","","","","","","","","","",5.3,1,"","","","","","","","","","","","","","","","","","","","","","","","","","","","","","","","","","","","","","","","","","","","","","","","","","","","","","","","","","","","","","","","","","","","","","","","","","","","","","","","","","","","","","","","","","","","","","","","","","","","","","","","","","","","","","","","","","","",""
"63263001","PUY-DE-DOME-MN",45.775,2.966667,1461,1965123103,"","","","","","","","","","","","","","","","","","","","","","","","","","","","","","","","","","","","",-1.7,1,-1.7,1,"","","","","","","","","","","","","","","","","","","","","","","","","","",100,1,"","","","","","","","","","","","",5.4,1,"","","","","","","","","","","","","","","","","","","","","","","","","","","","","","","","","","","","","","","","","","","","","","","","","","","","","","","","","","","","","","","","","","","","","","","","","","","","","","","","","","","","","","","","","","","","","","","","","","","","","","","","","","","","","","","","","","","",""
"63263001","PUY-DE-DOME-MN",45.775,2.966667,1461,1965123106,"","","","",20.,1,310,1,"","","","","","","","","","","","","","","","","","","","","","","","","","","","",-1.2,1,-1.2,1,"","","","","","","","","","","","","","","","","","","","","","","","","","",100,1,"","","","","","","","","","","","",5.6,1,"","","","","","","","",9,1,"","","","","","","","","","","","","","","","","","","","","","","","","","","","","","","","",40,1,"","",49,1,4,1,"","",0,1,"","","","","","","","","","","","","","","","","","","","","","","","","","","","","","","","","","","","","","","","","","","","","","","","","","","","","","","","","","","","","",""
"63263001","PUY-DE-DOME-MN",45.775,2.966667,1461,1965123109,"","","","",20.,1,310,1,"","","","","","","","","","","","","","","","","","","","","","","","","","","","",-1.2,1,-1.2,1,"","","","","","","","","","","","","","","","","","","","","","","","","","",100,1,"","","","","","","","","","","","",5.6,1,"","","","","","","","",9,1,"","","","","","","","","","","","","","","","","","","","","","","","","","","","","","","","",40,1,"","",49,1,4,1,"","","","","","","","","","","","","","","","","","","","","","","","","","","","","","","","","","","","","","","","","","","","","","","","","","","","","","","","","","","","","","","","","",""
"63263001","PUY-DE-DOME-MN",45.775,2.966667,1461,1965123112,"","","","",19.,1,270,1,"","","","","","","","","","","","","","","","","","","","","","","","","","","","",-0.7,1,-0.7,1,"","","","","","","","","","","","","","","","","","","","","","","","","","",100,1,"","","","","","","","","","","","",5.8,1,"","","","","","","","",9,1,"","","","","","","","","","","","","","","","","","","","","","","","","","","","","","","","",40,1,"","",49,1,4,1,"","","","","","","","","","","","","","","","","","","","","","","","","","","","","","","","","","","","","","","","","","","","","","","","","","","","","","","","","","","","","","","","","",""
"63263001","PUY-DE-DOME-MN",45.775,2.966667,1461,1965123115,"","","","",26.,1,270,1,"","","","","","","","","","","","","","","","","","","","","","","","","","","","",-0.1,1,-0.1,1,"","","","","","","","","","","","","","","","","","","","","","","","","","",100,1,"","","","","","","","","","","","",6.1,1,"","","","","","","","",8,1,8,1,"","","","","","","","","","","","","","","","","","","","","","","","","","","","","","",40,1,"","",71,1,7,1,"","","","","","","","","","","","","","","","","","","","","","","","","","","","","","","","","","","","","","","","","","","","","","","","","","","","","","","","","","","","","","","","","",""
"63263001","PUY-DE-DOME-MN",45.775,2.966667,1461,1965123118,"","","","",36.,1,270,1,"","","","","","","","","","","","","","","","","","","","","","","","","","","","",1.4,1,1.4,1,"","","","","","","","","","","","","","","","","","","","","","","","","","",100,1,"","","","","","","","","","","","",6.7,1,"","","","","","","","",8,1,8,1,"","","","","","","","","","","","","","","","","","","","","","","","","","","","","","",40,1,"","",61,1,7,1,"","","","","","","","","","","","","","","","","","","","","","","","","","","","","","","","","","","","","","","","","","","","","","","","","","","","","","","","","","","","","","","","","",""
"63263001","PUY-DE-DOME-MN",45.775,2.966667,1461,1965123121,"","","","","","","","","","","","","","","","","","","","","","","","","","","","","","","","","","","","",2.5,1,2.5,1,"","","","","","","","","","","","","","","","","","","","","","","","","","",100,1,"","","","","","","","","","","","",7.3,1,"","","","","","","","","","","","","","","","","","","","","","","","","","","","","","","","","","","","","","","","","","","","","","","","","","","","","","","","","","","","","","","","","","","","","","","","","","","","","","","","","","","","","","","","","","","","","","","","","","","","","","","","","","","","","","","","","","","",""
